-7.95116
8.58427
1.59729
13.01366
-10.25781
6.26779
-8.03664
-5.20272
4.50875
-2.80686
14.82652
-5.12946
-8.67499
1.51365
-7.38963
-6.82596
-7.73596
-11.18444
-1.71811
-9.93986
-8.67394
2.49891
-10.28580
4.66426
-3.77838
10.33140
3.44155
2.02012
-13.34021
-7.13076
-8.64985
-1.14936
-7.62100
17.14685
-3.26539
6.00714
0.93398
-1.55256
-6.49726
2.92053
-2.61957
8.04278
2.38405
4.93439
-0.49391
-12.98269
-1.68473
6.56259
6.04210
1.00638
-17.26636
-0.08170
-5.64310
-7.88136
8.12587
-0.85721
-5.38266
-2.61244
3.33965
7.32833
-7.89448
-5.33474
-5.94925
-2.58837
5.90112
-0.33729
5.69341
-5.50045
-2.06447
-1.83090
-4.98842
1.52496
5.35828
-3.51087
-9.74992
-6.09537
16.05126
2.34221
-0.01681
-11.19030
-5.85887
4.29843
-1.98894
-0.60988
2.46775
13.48970
-11.43310
-7.82587
-8.86289
13.43793
4.60599
0.01565
4.92500
0.58929
1.78833
9.15195
5.18588
-11.49520
-11.34661
5.79695
8.89358
4.76244
-1.75804
-0.68238
0.72787
4.92570
18.34686
-9.15869
-9.63529
-7.85230
3.07141
0.96636
1.36348
-5.28002
-15.52498
6.28019
4.32660
7.74718
-12.56799
12.83633
-1.30991
10.58129
0.83867
-8.00895
-3.82633
-3.16977
5.79152
7.59857
-14.75189
12.22954
13.36635
2.36790
1.45096
1.03907
0.82974
-4.51010
0.10362
0.18631
-1.94481
6.70133
6.68629
-2.42984
2.34996
3.05518
0.82538
-4.41038
-3.80141
-1.29026
-7.99625
-1.48952
6.86671
-5.82734
7.26143
6.64468
-1.12220
-0.88807
-0.06041
2.99798
2.42171
3.93525
-2.85384
-5.07464
-8.17359
-0.48440
2.48406
13.94318
-11.26437
-1.04792
-2.62094
-13.41909
-1.43312
3.44179
10.11565
5.01252
6.37221
0.55931
3.56363
4.38983
4.04841
2.73515
-1.91694
5.01177
-11.94996
-17.57501
-1.97820
0.32094
6.90532
-0.32772
-5.90246
-0.11793
-1.07417
3.84137
-4.00629
-19.37214
-0.14469
-12.90856
-4.06585
-8.58219
7.45589
-11.44992
2.59407
-2.60786
-1.69541
-7.29458
4.99850
1.50375
-2.01017
2.52091
-19.24013
5.67504
6.74602
-2.17550
4.65150
-8.89287
-12.96238
-10.82895
-8.81437
9.11769
10.54565
-5.93580
3.68931
-0.34529
-3.31819
5.78173
7.05362
8.79369
-5.42166
15.78113
5.86086
-17.20310
3.79099
6.84026
2.75415
-1.98088
-0.07840
11.46910
-1.51493
-3.89354
6.84277
0.32804
4.33696
3.38362
-11.88410
-3.60564
11.33104
-2.26672
1.60361
7.51594
-0.26234
0.24247
-0.02496
-3.79385
-5.98333
-7.60843
9.68279
-13.96302
-3.04234
10.96596
-3.47633
-3.81599
3.65625
7.76267
3.38403
-3.15860
-1.51484
-10.98582
3.20575
-0.87503
-11.83818
-9.64600
14.53061
6.68852
-1.93249
3.15210
-4.67399
-0.04260
6.59015
-6.37081
-6.47960
8.31758
-7.60082
-1.32050
3.69543
-4.58874
-0.58409
3.61570
-1.12655
-2.63721
0.30376
-8.01964
7.12999
1.23455
-0.16765
0.75290
-13.16200
-0.38597
-13.05450
-3.45995
6.16053
-8.47828
1.18602
-3.19292
-12.99393
-5.36083
3.70204
-9.34194
-8.26747
-6.13650
-10.37774
-4.44261
7.16249
3.32055
-0.04361
5.61283
4.64178
-1.31868
-4.12394
7.83758
1.02737
0.21784
5.03674
-8.80240
-0.98517
18.89475
-1.51083
-5.46536
-5.73780
2.23851
-9.03621
6.95566
-6.42651
-9.00457
6.47162
2.94795
-4.27361
-0.32251
1.39324
-7.88885
6.82119
4.21902
-13.85394
6.81536
2.45255
6.28485
0.01091
-6.36402
-8.98643
0.82808
1.35160
-1.82371
1.67108
-2.21548
-9.52631
0.37439
-1.41769
-1.10724
-4.69351
4.31849
-0.39268
5.20928
10.39333
-23.71075
16.25179
-0.76031
-7.02103
0.33867
-16.16836
-6.06214
-7.09700
-11.71866
-3.11170
-2.59140
-6.31090
5.15549
-2.59772
-0.86399
-11.64370
-11.29922
1.26915
4.43756
1.70356
0.31682
-13.42326
-1.91061
-9.19567
2.74323
-5.07249
-1.92059
-4.53478
4.39000
1.09770
2.91339
-7.33928
17.43727
10.24070
2.26230
2.83839
-6.13140
3.52690
-5.52219
0.94921
3.97676
-19.99205
-8.65769
9.92308
-1.82574
-3.34554
-10.21279
-2.72097
-10.15644
10.09229
9.36221
-23.27500
-8.35203
-1.63866
-3.17599
-10.93841
2.10513
8.06687
-16.58189
-1.08176
-6.51997
2.21887
-8.27076
7.14972
3.99776
-6.98646
-6.99098
-3.74969
8.89661
2.71663
0.53202
-19.64196
11.22346
1.94556
0.59401
2.70596
-2.25300
1.28022
7.81310
-6.58716
-6.88609
0.70932
-4.68775
-4.74579
-3.38486
4.10887
-8.57003
1.65330
3.48983
-2.74820
1.57229
-9.85327
-1.80047
-0.22930
-7.22537
-13.20299
-2.85885
3.24909
1.83860
-7.29355
-0.56540
8.22450
-2.59075
-5.44014
3.24488
3.15808
3.86635
-9.44195
-1.92805
-8.41735
-2.36939
-9.02940
4.89697
7.12245
-0.96596
2.61765
4.65583
-4.35922
3.62156
5.76756
-4.09791
-6.88298
6.30652
0.91194
3.43840
-2.96238
14.90462
-1.98468
-3.11067
-5.49036
6.78151
0.34224
3.00123
1.13126
-2.44473
5.30517
-3.48772
0.40515
-4.41758
7.00357
-6.77858
9.72695
5.25862
-3.43972
4.28097
5.01496
0.27770
4.66851
2.69151
4.34587
-3.85133
10.63663
2.77400
10.55589
-6.47602
1.20235
-4.58309
-1.13297
-5.51326
-1.59134
-1.80091
7.43372
-10.44584
-7.45428
-1.19531
4.01628
4.99638
-17.89762
-7.35413
3.14124
5.36683
-6.96490
-6.63788
1.30759
7.14677
7.16313
-4.80531
-0.38463
-3.83185
-9.75350
-0.57040
-11.01412
2.54427
11.36457
8.07364
0.96301
-8.31832
8.41339
13.45153
-0.15606
-12.32785
6.65882
0.54997
-7.38002
0.21319
-0.26273
-2.13399
-5.48832
-3.14668
1.98184
-8.19938
9.17751
-6.87276
-0.92615
8.79594
0.59809
-6.57646
11.13212
-5.52335
-4.36803
6.42779
-1.76115
0.47175
8.63215
-9.43374
2.79036
5.94160
-7.60651
-2.42788
15.10964
3.48963
2.67608
3.95482
6.03563
5.91959
-0.39957
1.55069
-2.60323
-2.98395
6.14914
1.82222
-8.35431
2.45509
-4.04278
-10.80483
17.47240
-4.38893
-6.74889
-18.55428
-14.62344
-12.36276
5.86373
3.89625
0.54178
5.36595
0.14379
3.99633
7.59425
-5.93002
5.64505
-8.48296
6.10167
5.39247
11.45470
10.70314
-5.24445
3.69658
2.72577
-5.05696
3.36052
-6.33216
-4.99185
-5.26935
9.57010
-5.70861
6.68816
-9.50292
-5.62274
-17.01320
7.28689
9.58605
7.27813
-16.09890
4.24208
4.50322
0.24917
-7.48330
-6.25696
-1.72192
-11.85311
-1.33874
15.22503
-2.92540
-1.90975
3.56599
3.78928
-5.93190
17.86752
-2.27161
7.57210
4.15125
15.04556
1.31194
-9.97591
2.03362
-7.07956
15.65355
5.79663
-7.45528
-2.98625
-3.03814
0.47444
-0.54236
-4.28005
9.33812
-4.07314
-11.45222
-3.93862
6.02117
0.57658
3.53253
-8.42057
3.52887
2.36442
0.55180
-2.03432
0.40155
3.33733
-4.33553
-10.48847
12.31454
1.91786
-1.47515
-7.86480
3.90725
6.63481
-7.18950
0.00431
1.64476
2.05617
-6.92998
-2.37894
-11.25290
9.27578
4.16633
3.52280
8.91276
-12.96308
-4.49427
1.31073
-11.11647
5.81492
15.78371
0.09373
-0.71951
-3.06621
-4.89664
1.59852
2.68694
-13.18877
0.12129
2.84891
7.73509
1.93584
-5.41061
0.75459
0.45451
-4.49475
-9.54201
4.18686
11.97929
8.23684
5.15348
1.94772
10.28359
-17.14101
-3.98964
10.54563
7.89307
-4.91644
6.10263
-0.17918
4.01077
-1.41893
10.72335
11.60071
11.52532
-0.55686
-1.32596
3.64812
-0.34254
-4.57125
0.80637
3.55561
-11.15401
5.36582
-3.04495
10.42152
0.43098
-2.97514
7.80810
1.23198
4.12570
-1.11961
2.51631
-5.03424
15.32056
-2.41601
14.16402
12.31695
5.96659
0.88958
3.01040
3.94231
1.54905
8.83809
10.31251
5.29432
7.82804
2.85395
-2.28193
-10.30117
-7.18399
-4.94166
-14.11630
-6.17983
-1.22529
-5.27139
-3.70964
-5.97166
-7.99659
2.99229
-1.76195
-4.71892
-0.15295
6.59698
2.10502
-1.17798
1.83110
-7.42532
5.01210
-3.97947
8.24035
4.36663
9.94149
-1.35423
4.70670
-8.22609
-10.13582
-11.14443
-4.95796
7.03477
-3.79170
-0.96278
9.75230
-5.39653
-4.15739
-10.16535
-2.45849
1.73022
-12.09805
0.41215
-4.90953
4.40610
-3.19349
-4.21816
-3.78521
8.37389
5.24043
7.08974
9.46164
4.70900
-0.48648
0.39030
0.32910
-7.53646
0.99716
-4.60332
0.84561
0.09267
2.65772
-5.78276
-5.97266
-0.36675
-4.73414
9.40759
3.47948
-5.36019
18.72508
5.47014
-6.35367
-3.11927
-0.79358
5.21003
-12.39884
-0.23410
1.35324
6.46602
-0.32210
-2.38951
8.61823
-0.74579
4.20616
4.86722
-14.71103
8.19790
4.41161
13.91079
-1.87555
-8.42264
5.91292
2.64777
-6.08505
9.14844
-8.29857
-8.68548
-3.68612
-3.73605
-1.69934
1.08436
2.42798
-17.12022
3.67175
-4.46573
7.99346
-13.45841
-0.45841
6.46358
6.89021
-7.31314
14.45445
-12.83820
-5.02696
0.84594
-2.76319
-6.27794
8.85912
-1.90182
11.28692
6.58217
-4.02646
8.48247
7.83375
2.82513
9.11327
-7.70266
-4.53753
-1.43560
-12.56555
-2.86540
3.28518
-3.80579
8.57079
-7.25360
2.90103
-0.32162
0.53501
1.14465
-2.49284
7.99408
-15.59081
2.01789
-5.58858
4.87664
15.60080
-3.00194
15.87835
0.37460
-1.27652
3.03496
12.08724
1.56505
0.85614
-0.36302
-9.21855
22.88430
-5.68979
2.54893
-6.86122
-11.45983
3.94842
-11.38743
3.80850
-1.30883
9.40873
6.59964
-1.18047
-2.31951
10.22375
7.78304
7.18734
1.52284
-7.77890
5.06527
-8.71756
0.22261
0.00036
5.41783
-6.68875
12.41694
-5.17536
9.79885
-13.94282
15.18517
10.46895
-1.19089
-1.66324
3.15608
-11.33140
10.45576
13.12585
5.10660
-4.17029
-7.41101
-3.40678
-3.81964
-11.44634
-1.59824
-7.57976
-1.14825
-2.93202
-0.10982
-7.42548
-12.16761
5.85493
2.15446
-18.17451
-5.80419
-18.61249
4.01052
5.88939
-0.31129
-6.75306
-18.66296
-0.48828
-2.08073
8.85532
-7.45956
6.36975
-0.11891
1.15291
-1.08973
-2.06230
-8.02853
-0.88195
-15.22905
-3.36676
-4.41031
4.75176
9.93777
10.68886
-3.26736
13.42868
1.89178
-3.68784
-9.55512
-4.54274
6.88973
8.05336
-2.48745
-2.41069
-10.77822
5.46661
-9.40323
-6.22563
1.90534
-9.38569
-12.39815
-1.74781
12.93583
-7.73553
5.83811
8.00179
6.38228
-2.59621
-2.47793
16.08512
-4.56720
0.63967
-1.52503
3.06772
-1.64985
5.35518
3.40074
4.75403
2.90182
3.10475
6.41857
-14.42426
-2.43613
2.67482
5.87076
-3.59876
5.38504
2.50964
-2.67652
3.82093
0.12665
14.23429
-5.44089
5.16361
1.47273
11.13008
-8.65112
-5.42729
8.73208
10.91743
10.52530
-3.25918
-12.27873
4.77451
-7.02638
6.23973
-1.98723
-1.78552
-1.57192
0.55201
-2.85396
-4.46336
-11.38499
-1.96885
-15.55030
-8.03954
4.74672
-5.66146
-5.69918
2.05023
-0.91826
-0.37587
-11.61414
9.68583
-0.40133
1.50908
7.62330
-1.42952
-11.69775
12.87422
11.16835
-5.39157
9.47562
-6.57883
-9.45445
1.94848
-7.77195
-3.69557
-0.28513
18.21303
-1.57826
-9.62614
1.80283
8.03707
0.52064
-0.22371
-8.16207
-8.59997
-14.14120
9.55116
-5.79671
1.41351
-4.60930
-3.19014
-0.20230
6.09381
-5.07032
-0.79218
12.11801
-0.95452
-13.78425
3.81900
1.07266
3.23805
-0.24139
8.70536
-1.56312
-1.68124
-7.36865
-15.02427
-10.76414
-11.54200
-5.22684
4.24248
0.33540
19.94800
9.54020
3.41503
3.06584
-1.02736
13.09975
0.73134
-5.06677
-0.55848
2.22564
-4.55325
11.86177
19.05125
13.09200
10.92593
0.55591
-15.87706
9.95126
1.09106
8.66051
0.61181
13.67698
2.26121
1.25278
1.80724
-4.38519
-15.15095
2.48528
-1.04583
-1.78040
-1.34000
3.11445
-6.23709
-8.95720
-1.93937
12.15293
-1.72386
3.57930
-0.03503
-3.10545
3.02804
-12.25199
7.60509
-2.86052
-2.01689
6.03632
5.52356
16.78087
-13.08314
8.40480
1.47343
-6.97033
1.20537
-2.31454
11.11871
-9.18597
4.62697
1.94280
1.28113
0.09831
0.39203
2.38678
-12.62027
-6.93569
2.68800
0.98636
5.11242
-6.00457
15.22910
-6.59756
-4.51986
8.42089
12.40382
2.74150
-5.45061
-3.72529
2.96020
13.91433
9.97036
8.46136
-2.55544
-1.32214
-6.54198
8.73419
-1.72274
2.72861
3.72309
7.12630
0.94888
6.52017
-2.62292
-9.51340
7.31926
-2.94535
-6.62064
-6.08193
1.13208
-1.85017
1.80254
-3.74696
-2.51238
4.02829
3.50083
-2.28711
-0.26772
1.84189
5.53156
-6.43471
8.43586
-5.49088
2.14337
0.25444
-2.04211
-7.59683
5.86528
10.14962
-0.80054
-1.03182
4.02475
-5.35844
3.00943
-10.56036
2.56330
-8.86552
0.18605
-0.20793
-8.58783
-3.71057
3.66952
7.60907
-1.26272
-2.21483
-5.76462
0.59315
-2.30390
5.49503
1.48168
-4.27624
-11.36179
-14.76993
-4.28568
-8.74315
8.83054
-7.33552
-5.89695
-13.97380
4.67448
5.75221
-10.47806
1.78840
-23.64165
-2.11283
0.40231
-11.31639
-0.51730
4.77405
0.35087
3.22007
-11.11662
11.28348
14.62718
-5.09872
8.42823
10.14016
1.28319
-4.60791
9.15831
-4.12382
-8.00360
11.52168
-3.23518
1.02659
-6.67352
-1.18098
2.76014
13.64267
-2.72978
-1.06364
-4.39470
8.33167
11.66614
-11.90527
4.42214
-3.28318
-1.56434
2.90260
1.52150
0.42226
-1.08712
7.32115
-2.04476
-2.33597
4.62932
-6.29296
11.23341
7.20801
-2.49516
0.34999
4.93814
2.51005
4.09928
-5.51434
7.66901
5.49925
6.18043
10.88059
9.20151
1.71485
-9.10246
-2.11550
2.34253
2.05149
-15.93443
-8.38914
-5.88371
7.14486
-4.07026
8.06441
-5.99312
6.00061
-17.60714
-8.96681
5.43201
2.53161
-11.51666
4.65576
3.57723
4.22551
16.46573
17.58890
-7.54009
6.64728
-8.05997
-14.55707
-6.34106
4.97855
-13.09811
1.14241
6.76052
-3.21318
-0.43189
6.90584
10.45664
8.86259
6.35023
10.22577
1.01976
-0.50330
-0.35680
8.49646
11.28187
-2.54150
4.37660
2.38102
-10.53002
-6.72276
12.22262
-4.77875
-5.58821
2.82991
-4.71819
-2.64974
6.56740
-0.45734
4.79579
-16.78771
20.12274
-1.87021
-5.63644
5.55251
-3.61957
-11.18620
7.50647
0.14108
-3.19520
3.81162
9.96243
-6.82867
10.63993
2.70241
1.61332
-14.14307
-5.49411
2.60733
-2.47297
-9.08536
-10.17373
-0.37706
-1.43063
6.01800
5.17137
7.25522
6.83233
-2.46293
5.02149
-0.49657
6.40131
1.48727
6.77876
8.66507
-4.18635
3.06449
0.78432
10.44191
-17.68542
-4.92898
2.16194
3.88334
1.56214
-12.75304
3.91010
3.20789
2.40222
-7.49221
-0.06567
-8.92807
-2.88198
1.32385
2.59532
-3.73215
-0.27910
-2.27166
-7.22977
-11.09356
-7.53499
-7.82380
23.60806
-0.50317
7.60599
-3.21984
-1.34170
-1.62837
-3.51823
5.01039
2.33273
-12.29037
6.68461
7.15185
1.99893
9.54815
1.04093
-0.50314
9.17723
-0.99807
-2.06824
6.49116
-2.37199
0.46300
10.09242
-1.98806
2.36134
-1.82379
-2.40056
-3.73145
7.79003
-7.42204
-5.44734
0.33563
2.12582
8.11890
-8.03171
-10.26020
4.52085
3.17018
4.89843
8.30417
-1.03109
4.52219
-5.74549
1.70305
-12.16579
19.82795
6.76477
-8.24987
-0.91933
-1.94823
-4.32089
-6.63311
-4.75406
-3.96946
-0.32697
15.54223
9.34421
-0.73966
2.96691
11.01872
1.72914
-8.18857
5.61695
2.46171
1.43090
19.51257
-11.51929
-0.53552
1.43064
6.27237
9.72200
-2.73180
4.67620
7.16009
-7.94514
0.80707
8.42672
-0.06952
4.58041
10.10439
0.42328
-7.85913
-13.39901
3.34001
7.47887
-6.97124
6.87101
8.10523
3.52736
-1.73670
-11.32902
-1.68718
-1.43777
-1.31482
3.63081
-4.36811
-4.57699
9.12688
6.74423
5.57362
2.58728
-2.68313
4.82419
0.31765
1.23034
-11.51174
-2.24662
-3.53622
4.21384
-7.16230
0.39810
-5.04247
-2.23411
-21.49604
-6.08620
-5.20633
7.59049
-0.44437
-2.45165
-6.71315
-0.64901
7.74034
-2.43471
-4.94431
7.97081
5.58358
7.37342
-4.69496
-0.99681
-9.05151
-5.54222
1.36875
-3.83103
7.03533
3.53097
6.37995
0.22577
-9.53094
-6.92921
-7.84267
5.01335
4.76802
-5.09703
-1.61874
-4.39443
-2.21539
-8.51903
1.40480
-2.63504
0.35055
-2.20755
11.04572
-4.13092
-9.81388
-10.48155
-6.20530
-3.98485
12.19034
10.53678
5.47962
-8.27055
-4.66214
3.44995
-2.02162
0.68601
17.02337
3.65182
-6.47162
1.47465
0.00366
-0.36453
3.73849
-1.50430
5.74304
7.76712
0.51682
-3.58625
2.36438
4.49036
-11.10617
1.46791
0.21889
1.05585
-11.48391
2.97640
-5.97048
-7.53504
9.65301
-4.45127
1.86783
4.67211
-7.29460
-8.02256
0.25028
-4.12192
0.80869
-0.34439
-2.47870
-7.09648
-4.37847
-6.47860
-0.69623
0.74415
-5.25647
4.11367
-5.89958
6.32343
2.82734
1.06948
13.17200
-0.66630
-4.58430
1.69106
3.47024
-5.72718
3.31883
-1.28873
0.96537
-1.96268
10.22301
5.52645
-8.43398
10.88992
-6.69808
3.72353
-8.59209
-2.54907
3.86631
11.53361
3.51057
3.39158
12.16337
10.96019
9.61043
7.46431
6.56305
-7.48535
-9.45224
-4.58591
-6.46601
5.94072
2.53567
-2.43680
14.79215
-14.02198
11.71004
0.14976
10.77491
0.47632
0.73254
-12.64349
2.71621
9.32226
10.08581
7.56888
3.58504
12.38320
-4.61143
-2.48702
-11.15625
-5.54643
-4.81212
14.34034
-2.65745
-0.33255
15.80312
7.87580
2.00829
1.76241
0.14378
3.25818
3.59295
3.87722
-0.31497
1.22942
9.98113
-9.82600
10.88517
-1.98937
-5.18284
6.58686
-6.05775
-0.80091
-11.18042
-2.04440
-6.06617
1.18375
8.90217
3.35030
-6.28504
0.39007
0.00478
-9.08957
-4.65500
0.35560
-5.48655
-16.34713
3.46187
3.32337
-3.98746
-4.23275
-2.27050
15.18351
-7.28340
-10.55216
5.61524
-7.86697
1.46719
0.06681
3.98371
-1.74087
-2.03948
-10.33249
8.24951
-0.74408
-3.03154
-7.00544
2.46932
-2.74489
8.18324
-2.98590
-5.32946
-1.06404
-6.36322
1.40872
-5.04537
-6.51234
3.19730
7.35123
-0.46722
7.95828
-1.15379
16.53591
-4.86987
5.08328
-0.09604
5.96178
7.30989
-0.00987
-11.33432
-0.54995
-3.79206
15.29015
-11.72682
-8.60914
-3.67795
2.98868
-4.27724
0.83220
-3.85412
2.20116
8.27273
0.57207
-4.28407
4.68864
-5.63797
0.27472
-0.61144
9.43947
-5.74464
0.70025
-8.97603
1.50594
1.01512
-8.27931
-2.06809
16.68622
8.09540
3.16488
10.41464
6.20687
6.16418
-6.59535
13.86698
0.71854
6.08298
-9.17323
-4.54047
-13.38595
5.46260
-10.41687
5.86200
4.58659
-2.01725
3.73032
-7.84932
-8.89885
8.60806
0.28615
-4.99599
-5.76442
-7.13564
2.25341
-16.24811
0.75487
12.89851
-7.17617
1.80595
3.30911
-4.79083
0.71097
3.80940
-1.00573
-0.07151
-5.37581
4.89215
-7.05215
-2.87724
-8.20265
0.16131
-4.20190
1.49407
-10.76704
1.85098
-7.46862
6.79864
2.73191
2.30971
3.47528
6.83146
-9.68316
-4.59068
-1.18993
4.67605
7.76798
-1.02295
-0.14768
14.04769
1.70706
-0.71612
-2.06697
-0.43871
1.37862
-9.46329
-1.72298
6.27694
-4.57345
-4.51730
-8.33493
3.17931
-0.22141
5.62586
6.53908
-10.59217
-7.76471
-2.94174
-1.44705
0.91800
-10.11414
4.34865
10.23979
-0.32576
0.81860
9.49465
-5.64019
-6.58397
7.89805
-5.46603
9.18371
-13.31799
-4.79775
-4.95832
-3.57480
-20.00428
-0.98116
-3.05779
-2.88121
-6.36809
6.41880
3.63989
11.81114
-0.12143
-12.40021
-1.95109
-0.64402
-0.58540
-1.96693
4.41887
5.45962
-9.48340
6.20749
0.06726
-2.92577
0.38011
-14.65219
-3.83181
-11.95833
4.73962
-4.40911
-1.63080
-4.27729
-2.25746
-2.58472
2.65653
19.59748
-10.26291
-0.63512
-3.65192
-5.31311
-3.55062
2.20002
-1.25341
-0.63238
3.65970
-0.18624
0.42365
7.64955
3.92573
6.96904
-7.22428
2.95548
-5.34052
-7.42226
1.62256
4.47251
-4.65126
2.83312
6.04682
3.25895
3.65234
14.87553
-10.62867
2.79643
-3.44891
3.67581
12.03976
6.11950
-9.43396
7.55089
-3.77982
-3.73285
4.73532
6.46490
-10.48061
-10.30857
2.43437
4.02055
10.69219
2.08779
5.88928
0.94988
-4.57394
6.11775
1.64246
-1.47386
-8.82077
3.75002
-2.90067
5.71433
3.77070
-2.14274
0.56886
-18.27268
-2.81227
16.06146
-6.52884
-6.27661
8.94910
5.80196
-5.54412
-5.70163
-9.61696
-2.90508
-2.59160
3.34280
3.14437
-1.99970
5.80927
-0.02467
0.99447
-2.95761
12.35059
-12.84938
8.00790
-4.81827
2.77465
-1.46557
0.38587
4.73106
-6.07394
-7.33898
8.87183
2.82944
8.82205
-2.42195
6.38727
5.94223
-0.44708
-0.82530
5.53754
-7.25966
-3.35585
13.03284
-3.42271
-1.10617
3.17845
5.55241
2.32037
10.41267
3.44484
0.11042
-6.75640
-18.59035
1.19553
5.31715
2.09986
13.81821
-1.97185
-1.60172
15.30961
-4.87075
-9.13861
-4.04194
14.95074
-3.03225
0.15487
9.75811
-1.54154
13.63977
-4.02953
-2.46021
-2.01216
6.07396
1.74616
16.71321
3.83366
-15.80906
-10.34745
-4.14344
14.71590
2.90214
-1.58415
-7.48811
7.87577
-2.16586
-3.03824
2.92648
-5.49604
-0.89070
-0.98099
-3.02969
-0.17873
-3.05305
-11.82576
12.17983
-1.51120
0.52147
-17.55348
-12.85405
3.57446
5.41015
-8.86916
6.62769
-2.44285
1.72592
8.99168
8.44056
6.33454
6.61864
-0.36428
5.81586
4.76333
-11.35577
-1.11115
6.25860
-16.35326
-0.39484
-22.04232
-1.97601
3.86180
0.93670
-3.07146
-1.02773
2.64749
7.20558
1.37154
11.10012
-6.55861
9.37108
-0.10554
-12.77141
-8.29040
8.16607
-9.31250
-6.24658
5.69885
1.59131
-4.44167
1.06186
9.71328
0.82280
6.34660
-8.18218
-0.00156
5.79423
0.49968
-0.78345
9.31951
6.02162
-3.95533
-6.61352
-13.44296
-3.22927
5.31044
-5.34295
5.65151
3.70119
-8.92282
5.69153
-3.09970
-4.40622
-9.34389
-0.99964
-1.50992
-1.30548
-12.21013
-4.90872
0.04838
8.41160
-0.96336
-6.68820
-1.75595
-9.53252
7.42297
-22.71903
-12.64005
5.07122
9.67148
7.16013
8.88250
-3.52883
6.42184
-3.35251
8.92788
-0.01387
0.83175
4.91579
-0.49668
-11.10526
1.87969
7.45355
-8.44773
3.52560
-3.83438
9.45418
3.39725
3.44001
-3.95669
6.38723
7.98298
9.57210
7.95523
1.36652
7.61213
-1.44246
-0.52755
-1.66279
16.86836
6.69144
-10.16511
-15.46103
0.84708
8.48766
6.66980
-1.80207
2.31975
-13.09920
5.69963
-4.91503
-0.34037
0.87992
-9.45178
-6.12976
-6.14421
-9.82983
-7.45210
8.38160
-1.85857
5.34058
2.33248
-8.82357
0.80943
5.73674
13.47519
-10.29978
-1.37815
-9.72008
7.22595
-8.65654
-1.76287
7.01542
-3.37101
-0.81949
4.23094
-0.76734
-4.72594
-0.01249
20.30624
6.65295
9.70711
-8.07914
5.00858
-3.31609
-1.76576
-8.97423
-6.29626
-6.64708
2.13719
-5.47830
-4.73833
-1.50638
9.04661
3.47074
-16.52028
1.27754
0.23401
1.67347
1.12418
-6.54216
5.73202
-3.78260
-3.25384
-0.11410
7.91396
-0.07712
6.31862
-5.00448
-0.56710
-1.97318
-0.94242
3.61846
-6.07192
-3.43348
-4.15869
-3.66557
5.37541
-8.71943
3.46980
-2.14320
5.16699
-8.00197
16.47394
6.38623
-5.11435
-1.39257
3.73970
-11.00453
0.43655
0.10435
13.18942
-0.03487
-4.69497
-9.55075
-3.40381
-9.74004
-5.38476
-2.21727
4.73517
0.33111
-15.95752
2.16393
7.54891
10.63371
3.49027
-2.57587
-3.68536
-3.61199
-3.97346
11.41044
-12.48426
-3.10246
11.15023
-2.70271
-5.02533
6.47738
-2.13214
17.90019
-4.84857
-2.75222
14.84813
2.14773
0.26734
-0.65775
-2.75979
2.69832
3.71844
-3.56162
-2.00306
2.95521
0.50225
8.58009
-7.36737
1.50579
-1.18141
-9.97438
-3.99128
-15.53619
7.21261
8.69304
3.79206
-6.35781
-4.19999
11.47739
1.32536
-15.68855
-3.61388
11.48837
3.64430
-1.00778
-8.61205
1.33148
-6.79512
0.34175
5.94241
2.79569
4.62367
-8.96621
-0.10118
11.98682
-3.47936
-6.04311
2.26303
-9.86821
8.76212
-4.35516
-8.44726
3.72365
-4.61617
4.47888
-4.48843
-5.57938
-4.78984
0.97487
-12.40731
10.51926
-0.86999
6.74313
12.63084
-15.13945
-10.46298
-6.89485
13.24326
-2.27067
-2.01892
-8.00027
-3.53417
-2.38826
6.74845
10.55083
8.92028
-0.11027
-7.81787
5.95804
0.07373
-10.00987
-6.43215
0.75880
-1.79805
-0.23186
10.42370
11.65840
1.12073
8.38323
-4.58717
-6.47366
-3.54633
-10.49798
-3.63900
-3.29404
11.24138
-6.02519
-0.92648
9.47656
-2.37071
0.25022
4.09517
15.31778
-7.28215
2.54601
-7.72380
-9.49919
-0.33051
2.20647
-5.45170
-2.93633
8.75708
-1.90086
0.62694
-1.22552
6.57745
-10.99384
-10.01342
1.27709
-2.60661
-8.73067
-9.89581
6.81790
-3.40875
6.03554
-5.85471
-0.01428
7.18703
-7.62933
-0.87028
-2.07083
3.14987
-21.64460
-0.53022
3.30695
4.83123
0.21619
3.12995
-0.51033
-7.76087
7.44272
-1.10276
5.04719
-9.28868
-1.75619
-7.07505
2.82598
-2.61549
-0.53463
11.66944
8.14155
-11.46214
-0.30334
3.14188
-5.23669
0.58389
-6.17385
-11.15458
-4.63680
0.86633
-0.22554
5.36455
-1.21288
7.89058
3.68467
1.84024
-13.17218
1.23663
-7.24565
4.00688
6.72816
-2.31551
-7.20563
-4.05882
3.70405
12.48411
5.78447
2.99136
5.32082
-0.27599
0.53847
-8.42416
-3.41637
9.73718
-19.74103
-4.68115
0.28071
1.43564
-13.56158
-2.38341
3.51872
-7.03846
4.48217
-6.93691
-0.82870
-6.30518
-8.03773
-0.56572
2.73890
-2.92624
0.45759
0.52061
-3.55639
-0.72271
-0.95721
-8.67791
11.63740
5.57776
0.62268
-5.40662
-3.64400
-3.07573
-7.67311
-5.93399
-0.64569
1.23148
16.13048
3.11314
9.97258
-0.63798
4.18524
-7.27963
1.10652
-3.03370
-18.85215
-6.94988
2.22029
5.82201
3.02641
-12.56393
2.84149
4.50924
7.43077
9.72929
4.40249
-1.15008
2.53353
7.01392
-4.15549
-0.06112
0.11988
-1.15730
-12.17465
-4.79800
11.90955
-0.71522
-18.05370
6.65081
-9.42846
-2.81197
-1.02829
-9.35798
13.98290
11.77266
-9.65783
-1.98804
-16.42470
-6.35946
-0.25542
4.63165
-11.75613
7.56596
10.50311
-2.49018
11.10757
2.97279
-5.60451
1.67544
3.18132
15.47962
6.98407
-5.54988
0.25486
-8.38707
-6.85830
-6.31109
10.07825
-0.47533
-0.70285
6.76558
-1.49484
-0.65781
0.86775
-2.55932
8.76775
5.46231
-2.80020
0.67584
-0.71067
-7.84222
3.42098
-2.53604
-6.84758
10.87372
7.10034
9.39795
13.18121
-0.21260
5.25286
-2.35074
-9.48618
-7.35915
-4.81073
-7.29571
2.24805
11.02254
-2.13250
-0.98146
2.72132
-14.41646
-7.10097
-14.69626
7.81411
10.52474
2.91499
12.62823
-4.98714
5.76297
1.53490
-5.74091
5.68406
9.66485
4.04157
5.17288
-5.47976
-3.51171
6.88431
14.47937
-3.34767
6.54886
-5.20607
3.38575
-7.95963
0.33967
3.98449
0.95318
-8.85076
6.57794
-0.14908
1.69205
1.05437
-0.34556
7.47912
1.31438
-15.16185
3.26347
-4.29883
-5.63325
-12.17808
8.93977
-15.45236
4.77443
5.12829
-8.77334
-6.85216
-6.51807
4.75082
6.67459
6.32421
2.33992
-0.65182
-10.26932
7.92489
1.46842
4.52479
-3.11222
6.66302
-13.04870
-7.79909
11.06664
-5.91843
-9.25249
-7.82839
-0.74127
7.61565
3.70345
7.44469
-0.65108
11.86734
5.62456
8.62126
20.94354
10.92737
-12.19004
-1.05021
-8.76465
0.36928
8.10723
-17.61462
-0.87498
-13.03960
2.56336
6.49465
5.03979
1.03321
6.43452
-8.05539
-7.52176
-10.51660
-4.29169
7.12320
-16.31543
10.50504
9.79732
3.30222
1.59664
-6.87711
7.65358
-1.11789
-0.76872
-7.24859
-0.18359
3.16300
6.44535
-4.18914
-7.42071
-4.46484
0.31501
9.58145
2.44523
-15.98519
0.65233
2.40535
-11.51927
-10.01490
7.33848
-1.44145
1.59253
12.60345
9.37750
13.20626
-5.42483
-5.02191
3.55895
-2.84270
-4.41496
3.06119
-7.51858
-0.73282
-1.19701
-8.56982
-8.17226
-6.66495
-0.75442
6.79224
2.35441
-1.60873
9.24718
0.47112
-3.62571
-1.90703
-1.88754
1.03732
0.67026
-7.08222
-3.17104
-4.17935
-3.13737
-3.63444
-12.30932
1.07431
0.30239
2.33326
-5.31727
18.37390
-1.69580
2.33039
-13.63399
6.63324
0.46414
0.02846
2.17973
-9.07845
-2.42921
1.91569
3.51707
-9.50454
6.23756
-11.99388
8.11760
16.27751
-2.30825
7.10970
6.04630
2.18540
0.21246
4.83649
8.46386
6.72443
-11.67792
-2.97949
0.25940
-3.60379
4.28506
-12.05100
7.17933
-0.65152
2.43691
7.90442
2.92123
-1.42503
7.47208
-2.56806
-3.77717
1.34382
-0.31428
0.76538
-2.16037
5.56453
11.77153
-3.08934
-4.12254
3.25015
-3.32832
1.16094
4.42398
-12.30748
-6.17463
4.20750
-7.05976
-4.97136
-6.18192
2.56231
-2.45837
-0.82488
-9.12571
-1.94029
-7.11782
-9.04463
-5.35162
4.65456
2.51597
1.62452
1.33172
6.50478
-2.71807
6.86462
5.23912
-1.06155
6.72296
14.83743
1.58582
-12.67355
5.19076
-10.77023
-6.57814
2.31432
13.16363
23.82468
1.30416
6.16893
-4.63936
-0.85891
-5.79611
-3.21722
-5.80218
-3.97413
-11.97036
-7.42696
-3.93956
-1.50991
7.03843
3.08018
-10.49256
3.52300
7.10521
3.34331
8.58305
2.18837
0.50005
-8.31006
10.52639
-0.20742
4.81507
-2.08624
-0.99088
-14.42141
-1.08460
4.51969
1.46764
0.56910
-2.03562
-5.26219
4.85136
-5.75578
3.38530
11.15528
12.46704
-6.22330
10.94301
-0.42800
-3.77886
-15.10642
0.15723
2.29107
4.24646
-0.53005
-10.77604
1.52307
-5.54071
7.22200
-3.51053
-1.33955
5.77222
1.66530
-5.73343
0.79360
7.98882
6.65541
-2.91414
1.24266
-3.51550
-6.69178
-14.50116
-3.25488
-0.34176
-3.47154
3.05243
-1.64284
3.41053
-1.82809
-11.20064
-2.22867
3.74927
-4.66623
-9.15008
11.73756
-9.54462
1.52866
9.39708
8.52932
9.32927
6.13941
3.31774
0.79758
4.42769
-1.47758
7.98439
3.73815
1.71248
2.69226
-0.02497
10.25860
-11.83979
6.86996
25.91133
-4.55059
-2.89660
-0.84219
10.87716
16.46466
10.75121
9.94421
-0.63193
-5.77209
-7.72062
6.58063
5.50108
-8.85510
-5.43571
9.30982
-3.37460
3.90995
1.91003
-7.94908
-0.18401
-3.98426
-9.00169
-4.49892
0.30958
-8.75002
-0.65335
5.06236
-4.52438
4.75665
-9.00291
-8.55549
4.52826
2.02857
7.54007
2.92723
2.36718
-15.07072
-0.45054
15.29832
0.13079
14.61576
-7.31419
-11.48002
-9.32987
-14.03362
-5.38551
5.66813
5.23958
1.25917
-0.39868
5.51564
4.39339
-0.25849
8.89251
7.17502
-4.38571
1.45313
-4.27325
-1.67475
-1.27651
0.79380
-4.75631
-8.55138
-6.83854
-4.51754
6.63805
-5.38178
-10.92400
-7.00408
-1.10670
5.06109
9.04634
-20.80849
-2.44214
2.07810
3.74616
-4.29269
1.12108
7.01582
7.28930
3.00647
12.38400
4.49265
0.39611
-5.53903
-2.91937
-10.45317
5.40440
-0.63441
5.49177
7.32739
8.97052
3.17958
7.86220
-8.58087
7.88222
-8.91032
-2.46446
-4.03161
0.64504
-10.22511
5.11607
10.58222
-8.08060
4.30053
-11.41710
1.09549
10.94147
-4.47066
4.02005
-6.76208
-10.67077
-8.39081
-1.38452
-3.25632
-5.88313
-0.30354
-0.18448
-9.41250
-2.09325
6.52338
11.02259
-7.47413
-5.14894
2.88168
6.28384
5.21143
3.30885
-3.86332
-2.08316
1.50723
-7.13060
-12.02672
6.42347
2.69248
7.66648
-10.62159
-6.20043
-6.77205
0.46418
-1.23418
-0.40963
-6.19084
-0.09338
-14.13283
1.94265
-8.90716
-9.86646
4.48407
-11.81924
8.57622
-7.10883
3.16943
-4.86075
-13.18672
0.21997
-7.49950
-1.83734
-1.52673
1.39397
14.17111
-14.83387
-11.13682
-13.39683
-4.02600
-5.27264
4.23952
3.94333
-11.31594
-2.05545
-4.74759
-1.73515
-7.69781
6.08413
6.56442
3.76649
1.21832
-9.65514
-3.73856
9.45724
-4.74189
0.43954
6.59883
-7.96969
-6.65423
-13.03134
-9.70252
4.31437
-10.32963
7.45805
12.47460
-6.67660
7.04998
-0.77791
-6.46934
-7.11014
-4.91712
5.18071
-0.82245
1.99367
-6.49655
2.77150
1.16556
6.10430
-0.86059
7.02425
-6.70856
8.42301
3.57647
-6.29079
-2.70550
-6.68468
5.50179
-6.62838
4.71774
1.22619
9.30398
-1.05263
14.34787
-6.23246
-10.43676
11.39648
-2.76197
-0.65006
1.95078
9.87727
-10.12283
-2.08138
0.35166
-5.81651
-2.97166
-13.40469
8.61755
-10.08180
-4.73051
-7.71527
-10.24950
4.22434
-8.33076
-1.05573
-0.50682
5.89673
-5.91913
11.04922
-5.84442
-9.09173
6.42372
7.18660
-2.00298
6.91453
-4.15370
-7.71640
1.12409
-5.92088
-1.87761
-5.20464
11.48971
-3.53279
-1.29574
-8.13715
0.05170
-2.08771
-20.71490
4.21036
-3.59289
-6.97217
2.80539
2.00037
-19.94393
0.18113
-4.54843
-3.91829
-12.85344
8.18180
-9.98342
10.60542
-13.08060
3.93479
5.81092
3.80716
-19.87419
-7.56798
3.70091
1.01960
-8.38206
-0.35243
-3.31979
1.36220
-0.35827
-6.62441
25.38841
-8.11884
0.58528
16.98993
9.86408
11.75018
1.32186
-3.91658
13.53659
-11.26564
-6.98219
-2.65895
2.29117
6.78775
5.76112
5.50975
-8.94979
-19.70458
-5.18436
13.26864
-2.31953
2.36763
2.55745
2.96432
-6.99276
9.00889
9.04770
-5.41820
4.21124
3.51810
-2.50749
2.24601
8.50187
-2.83479
-7.34068
-2.39716
2.60580
-7.84517
5.60385
2.49104
10.30513
7.17448
-9.45531
-5.48199
-7.16865
8.61884
5.01829
-8.42812
-14.92211
2.47281
-2.05109
3.65603
5.81594
0.83596
-7.19743
-0.89064
-6.03578
-2.64556
0.55173
-3.82467
-2.15549
12.90939
10.29520
-0.12210
-6.22390
-5.49758
-4.25641
-1.42238
-0.45794
-2.23975
13.94153
0.79724
-8.17651
13.59756
0.31921
-2.36656
0.94168
3.22074
-6.96305
6.43799
2.01466
-1.41305
-4.71934
7.76559
-6.62655
-4.24170
-1.10732
0.80514
-15.65689
2.98475
0.17071
-2.29115
1.54259
-4.26526
-8.15980
8.26185
0.32210
-5.91250
-4.49006
-8.89967
-12.91338
8.63653
2.21394
5.67973
2.49349
10.47989
10.99708
-3.20484
4.31560
4.81224
-0.87002
-2.35488
1.71578
-5.50521
14.05387
4.18120
-3.06731
8.74393
4.88985
7.85414
1.90289
1.13042
-8.80479
-10.20476
-13.92628
3.70047
-13.52750
11.56497
2.66523
-4.30301
-4.86175
0.61534
2.77342
-0.30728
12.45081
1.21910
4.77669
7.81199
5.85577
7.12339
-8.23164
7.29891
0.95399
12.41994
2.71518
6.75636
-9.19657
-12.60797
2.11786
2.52362
2.26804
-1.03157
-6.42054
-0.69216
5.88055
-5.31609
-7.78622
-4.21415
-14.21262
-3.03531
0.02164
-1.76831
3.38496
6.70432
-3.18273
3.62269
-1.82114
-6.29073
-1.78224
-0.27482
-2.22689
8.79506
6.72382
2.96449
-4.83800
2.02396
2.00946
-4.29095
-4.03483
9.58335
3.89972
0.56959
-0.14816
-5.31746
6.40956
4.66646
-7.33902
-2.82701
7.21858
-8.28335
14.89596
-10.86839
-10.39590
-1.86256
10.19362
-0.21566
7.06655
13.20585
-3.61779
7.51623
-8.83228
-1.79806
4.83985
-5.63042
16.02053
-1.92474
0.89139
0.45387
-4.64334
-4.81254
-10.34110
-0.29072
-5.64884
-13.13858
-1.79204
8.46454
-9.34627
-3.61879
5.77956
5.28089
-5.57667
-10.32331
4.37548
-20.65136
-7.00694
9.59610
8.16108
-0.48334
-0.40237
-4.76172
-6.30073
-8.56876
5.43435
-14.35162
0.48992
6.94640
-0.74058
14.25881
10.75940
0.65144
1.63796
9.06658
-17.41247
4.68401
-0.53476
-4.45182
-7.32440
-9.74630
-12.94392
-3.93789
-1.40174
-5.30450
0.48940
5.34802
-13.59780
4.66148
-8.50304
-7.36042
-17.51741
6.69760
7.29184
0.01921
-1.62669
-0.81699
0.20204
-2.71658
-1.60382
0.73383
-4.38456
-8.41491
3.34019
-1.60281
-12.70307
-11.16373
12.24263
-9.35000
-7.15962
-0.78054
-8.53098
-2.22575
-2.69827
18.05658
5.01669
-3.82917
-2.58904
3.36157
-7.04526
2.63419
4.96907
-2.98861
-1.71828
5.91091
-4.28614
-2.43030
7.86475
8.54069
15.33013
10.18296
2.24589
1.17133
4.67350
6.42875
-8.65950
-8.17276
2.02089
-2.65112
-4.80903
3.02083
-1.47048
0.89862
3.41850
-7.25744
-6.10608
1.00331
1.68235
-1.96402
2.06309
-4.98929
0.52827
-7.23038
0.53286
4.42978
5.13981
-12.10708
-0.83835
-13.36837
-5.90540
2.33234
0.41775
4.78342
-9.54332
4.20201
-3.38261
-10.87371
12.71297
11.45676
0.74882
0.34546
-9.18885
2.23377
-10.86026
-0.16823
-2.41517
-2.69283
-9.60080
-12.08239
0.89367
-12.52032
0.60855
3.98029
-9.79713
8.35142
-2.83151
3.23392
-3.06918
3.40626
-12.73795
-8.74502
-3.98985
-4.24658
-8.43729
-7.24090
-6.69010
1.18800
1.18500
5.06457
10.82273
5.46523
11.57666
-5.58793
0.25232
0.56789
-1.16248
-1.00410
9.47584
7.39196
1.26334
-6.87840
6.89359
-8.87044
-10.71063
-9.33674
-4.91454
9.43561
-3.24919
-3.02818
3.75888
-4.76901
5.22211
-2.24839
1.07541
3.06032
-5.55078
6.59583
-10.64353
-7.80406
-3.44079
-3.06242
-17.15167
-17.16327
-1.93117
-2.85692
13.38402
-3.07834
16.78789
13.79264
2.45249
-7.60993
5.87886
-2.44802
-4.57599
-0.96448
-4.68896
8.85163
-2.49173
-3.48702
-4.79354
-9.11866
-0.45406
0.85392
1.77085
-0.79797
-0.47517
-18.12991
5.77871
0.53333
3.27649
-1.79955
-1.09263
-4.72431
-6.17984
-4.13336
-3.05138
-0.89898
-2.61739
-0.14687
-1.84769
5.99515
-2.76921
-1.54487
-14.84431
-0.05071
-5.22133
-4.65898
-0.88565
-4.46980
-12.75843
4.48526
-3.38011
5.85439
-6.21421
-5.87241
-0.39183
5.52654
-18.69719
-1.10617
-2.06724
6.75216
2.50381
1.30130
5.73018
3.14600
-8.30846
16.94350
13.55290
-6.94330
-3.27058
-7.68554
-14.25596
0.93076
13.01804
-6.48880
6.69011
4.82485
9.54850
3.69715
-0.63193
-3.54695
-4.38021
2.01591
9.14544
4.47599
-1.06690
-5.36327
4.35787
-1.33022
0.90022
-3.19302
-2.77694
-2.98730
-9.54975
0.58672
-0.88500
-4.07945
-1.76508
11.41545
5.73788
-17.37975
0.92397
9.92382
-3.37270
0.50144
0.82821
5.29798
-2.56402
-1.13855
17.08186
-8.11014
3.28536
9.56139
-17.78081
9.06672
-7.84562
-5.91455
1.55905
-1.70558
2.40766
-13.81495
11.57757
4.15184
5.09812
13.21536
3.21360
11.73848
10.35870
-8.60533
-12.42049
-8.83325
1.90669
4.66315
8.87650
3.79732
12.44957
-5.12258
3.12339
-4.10220
-5.33957
-2.94533
-3.74412
9.00466
8.42044
-4.31218
2.88359
2.41644
-0.69449
2.32546
-8.21430
6.39458
8.03183
15.80584
-1.95847
-5.89838
-10.00894
4.65619
1.54043
5.96475
2.44612
3.80728
-1.30555
-3.09859
6.23586
-2.88462
-4.07027
-1.01169
-16.84205
7.83910
18.34308
3.81498
-5.48107
0.24271
3.60353
0.40031
-4.12756
0.36883
1.01207
2.66123
9.33511
-1.34847
-6.03061
-12.13874
-1.40569
-5.18253
-11.29455
0.35497
-0.69069
-6.95561
-8.76060
0.76373
2.79802
6.87107
10.87542
-2.06503
-0.39526
-4.62416
-2.11399
8.78114
-1.07524
-2.21095
-8.09803
-5.15515
0.04459
10.86271
0.04003
-4.74451
1.73259
-4.42092
-3.52945
-2.13568
-1.58213
5.46487
-3.48523
-2.39990
-15.23404
-1.04062
-17.84934
7.00682
9.63804
0.14301
-1.38037
-4.25973
-16.27441
-8.88308
5.00890
-4.50498
3.88693
-5.90182
2.74440
-3.63990
-4.89078
-11.38694
-9.63884
1.53459
16.96409
-3.55252
7.85778
5.31334
-2.55281
8.36937
-1.14671
-3.01440
0.41742
-10.19794
-3.87553
-4.55475
4.09388
18.12058
-2.78674
-4.63286
-0.53627
4.66998
-6.85547
0.04888
9.78038
3.43184
6.51386
4.50499
-16.88448
-6.55601
-2.51077
-5.37730
2.73477
-1.85846
1.97690
11.93229
-17.10040
16.39600
7.40113
-5.98537
-0.81982
-1.25017
-1.62046
2.97355
-0.65371
2.00554
9.96765
3.82162
1.65499
-11.05015
-9.35100
-5.03334
-5.38093
6.46402
-17.40542
6.33501
-4.37340
2.70440
8.76955
-0.77081
6.76747
-13.01930
12.75962
5.06207
-3.49926
5.21965
-1.94052
-0.40559
8.50720
9.60198
11.29961
-2.77416
-8.78972
-2.97815
0.03951
3.96463
-8.79801
-8.01986
23.41247
-4.44287
5.19506
8.27582
8.77779
8.29310
17.92809
11.76423
-1.30344
-5.67560
9.93051
-7.64884
4.77573
-0.46497
0.61838
-7.97297
14.96865
-6.54011
-8.74741
9.94676
-7.61499
3.61146
-2.23862
-0.66855
4.79879
4.76826
7.74007
13.23523
15.38567
1.96289
-15.63569
1.25639
13.74291
2.31075
-2.34838
-11.83123
-7.30161
18.26634
5.52885
5.75170
-2.00003
-3.54070
3.23173
1.48844
3.37752
1.13850
5.31491
9.18950
1.78041
1.87042
1.74080
-0.11113
-2.70699
-13.21380
8.21369
16.53333
-4.04151
-7.69477
6.22083
-10.26699
1.76412
-3.40085
-6.34574
-4.33063
-11.86864
7.25854
9.50007
-12.85355
4.58447
5.35820
-1.40278
-5.63223
2.96399
-3.85414
0.64945
-2.57749
-3.37317
1.72499
4.68540
3.92930
-5.59844
-0.31074
9.41455
-7.91880
1.37091
3.73913
-0.21543
1.39805
3.61049
-1.56607
2.61839
-11.16765
-3.17595
-2.06417
0.95867
-9.35205
-3.74906
2.00538
10.29474
5.20514
2.89097
-10.31727
-1.77122
5.61795
8.05025
14.71077
-3.05104
-2.27636
4.32469
-7.74151
2.16988
6.57784
5.53447
8.46894
2.35011
-2.03080
-9.12554
-3.27062
-2.23740
-17.39809
3.86307
2.24950
5.09032
-4.38060
-13.02674
-1.17582
3.85544
-5.41813
-5.03673
-3.87796
-6.11181
2.38457
13.40634
-0.71545
-4.75913
6.80857
-12.11318
5.69374
-3.26344
1.02101
-1.69244
6.11375
3.51263
5.54761
-12.36418
7.66320
-2.93121
-8.34172
-4.69480
11.29514
-2.16892
1.26979
-2.33987
6.66006
5.50757
-6.39137
0.26588
-2.77178
-2.79919
-15.09410
-2.81915
-6.23340
-1.02068
13.63555
-6.51548
-4.02290
1.67816
-5.44269
5.86148
-4.56572
12.46147
-9.20012
-6.25360
-1.52798
6.44134
4.36240
-2.25590
13.69246
12.46299
13.46598
3.85683
-0.06483
-6.22709
7.80433
-3.06086
4.03128
0.39930
-2.33671
-13.83410
7.15993
-13.01310
-6.38093
3.12879
-3.37563
-2.18773
0.48601
-3.17782
5.81853
0.90537
-2.93203
-5.95795
-3.91534
-9.71336
-1.02245
3.65415
-5.77090
-3.98130
11.56221
5.38792
-2.11314
-1.29740
1.66580
-8.99455
-0.15259
-3.34742
1.43952
4.70979
3.85838
1.00934
-3.17927
7.01542
-4.32635
-1.42531
2.84608
-5.19575
5.20781
-4.40154
-12.82842
-5.41540
-14.37172
5.35772
-5.24783
-6.05124
-0.19679
2.93287
17.08163
-5.77389
0.35365
-9.47085
-9.35077
-1.68002
0.93856
1.42080
0.83584
4.97689
-4.97910
-2.55798
4.28162
-14.05856
2.48305
-0.13281
-3.31454
-12.80436
2.98295
-13.85141
16.63543
4.80995
-0.66402
-16.07395
1.60633
-2.46289
10.42062
-6.60202
1.90392
-6.26578
7.42469
-0.48409
6.51142
-11.39579
9.77917
-3.91215
22.85033
0.58458
-6.20794
11.90272
4.01934
8.08586
-4.21034
-3.34388
5.61251
2.44434
-13.62060
2.41068
-2.08243
6.78148
-23.14246
-7.16434
3.49396
-4.19022
-3.67455
9.86395
-15.08470
-4.50203
3.03615
-7.13264
-1.39404
-9.03700
1.72631
0.28266
13.77488
10.20565
16.76042
-10.82864
2.12628
-6.75166
0.02274
-0.11915
14.85372
8.61697
-9.35142
5.23945
-1.95466
-3.08992
-5.77254
7.10235
-2.14297
10.33830
9.64919
-2.55498
-0.38855
5.33073
-5.02027
5.71327
-1.35147
-16.52348
5.08109
1.28606
-2.20257
5.37759
3.33874
8.95465
5.10260
7.58385
-14.70583
-6.37266
-4.15808
1.07750
6.01283
-0.20965
-9.28993
1.70656
-9.24523
-1.94765
13.56123
-7.40715
-2.21314
-1.79923
-6.99256
0.47953
-5.90745
-0.85080
0.33488
-5.12780
7.39166
-5.33430
4.15953
-7.22940
-9.28291
-4.93155
4.56626
-10.33020
6.24586
3.42409
0.64170
-12.00708
4.60986
9.97060
0.83534
2.94102
12.25857
-4.08058
-10.20419
-15.58135
-3.20401
12.69466
-13.80752
-2.91709
-2.51921
-0.87507
-12.46925
-0.62207
7.74187
1.61277
9.75545
-1.65636
6.53075
-5.21045
-2.90740
-9.51619
3.82192
-5.82579
-11.66726
3.64721
4.27329
0.52780
-1.10523
-7.02830
-7.72624
-13.60645
-9.56220
11.42044
9.76753
15.07585
-3.14347
4.06544
-3.98833
5.21512
1.83426
-3.11270
-4.74678
-0.05453
-4.23691
0.65614
-5.09348
2.83887
9.72293
-14.16955
11.47267
18.96246
12.60082
9.17259
-4.61345
7.95175
-4.57857
21.02435
-2.13549
6.17226
-6.65348
-7.43528
5.77226
-9.98204
-2.28975
-9.65607
9.33017
1.31505
-4.08628
-11.47013
1.59848
2.24572
-5.44389
4.65257
-21.97505
-2.04535
-3.72102
-1.99241
2.03292
-10.84459
-4.05443
-19.00104
-1.56474
-5.59860
0.81020
-8.00715
-9.99333
-5.03366
-2.00239
-1.77534
-1.34408
6.18525
9.55533
3.22411
0.79945
-10.94849
1.99569
-12.46022
-0.99741
3.00612
-6.51305
-9.11353
16.79155
7.24369
3.86760
-2.50022
5.50398
0.18546
8.18286
2.54982
-1.44599
0.25314
-7.01721
-11.78850
0.61419
0.70794
0.90807
4.25414
8.16500
4.95148
-0.60617
4.04905
-14.99367
1.58737
-2.00029
-5.68384
-9.62242
9.57164
2.48581
-4.58021
-5.62150
-5.80382
-9.31030
-0.07875
-11.13203
-6.49247
0.30729
-6.18078
13.39430
-7.17946
2.17727
-9.34867
3.16400
-0.27873
2.14801
8.87442
-0.48250
-3.32081
10.47561
0.95475
4.24988
-0.44768
-10.18283
4.52728
6.38039
-12.04362
1.16361
0.33810
8.08345
9.41466
8.01315
-6.71000
1.74693
7.94456
-1.19192
-7.61110
-11.70802
-4.90252
1.96207
-2.47740
-1.20283
-9.78206
14.82160
2.34748
-5.99053
4.50619
-4.03275
12.29403
4.13361
-5.11563
-5.23939
5.90605
-0.75787
4.16072
-12.59198
-10.62663
4.16939
-1.72478
-1.61625
-5.73023
-10.51013
-3.60436
6.00898
8.94051
-1.60316
-3.98400
1.22109
9.65736
3.30827
-7.88695
-0.56299
-2.53621
12.78869
3.68212
-5.86987
-1.22220
-1.32228
11.00260
15.15849
16.77595
0.37933
-3.17645
-1.92747
10.75325
-4.33975
1.19317
6.48311
-0.86804
17.99729
4.43205
-8.54816
-0.42876
-0.02603
0.80486
-10.16212
-12.90600
-2.06483
-1.86192
-2.11906
16.14341
6.94560
4.98541
-2.41590
16.10125
0.11992
-4.52816
-6.16255
7.39428
-6.14610
-10.45684
0.41977
8.06549
-4.06675
-0.11004
2.62428
6.80875
2.40495
8.37764
1.04552
5.57872
-4.10266
3.98148
16.70196
-12.01309
2.51818
-0.80942
7.46644
-2.97325
13.42941
-11.09739
7.30873
-6.85788
5.60305
6.74773
0.08940
1.16000
7.41835
4.23907
12.72659
7.90309
-15.68676
-4.38570
5.88633
0.30949
-5.24196
-3.33184
3.32260
-9.14230
11.58851
8.99015
-8.17651
-5.80114
11.14158
-11.56363
-8.66856
3.26803
-11.76380
5.60857
-12.40463
0.73812
-13.65780
-8.75045
-4.87624
9.39085
-10.12960
2.26782
-6.87398
-3.02278
7.51196
8.43679
7.94030
-6.68238
-5.93700
-0.96646
10.03969
-0.34567
2.08890
-5.69633
4.23050
0.32303
-9.53105
-12.71176
3.52785
-1.74246
2.92226
1.79024
2.49225
16.65924
8.60547
-7.86299
5.16508
-3.68969
11.16436
-0.44522
-7.96989
-5.48011
-4.34702
-0.76508
-0.63968
18.45875
-9.65733
-10.66462
-7.41962
-5.50278
1.06044
5.08862
-7.19745
-0.64299
5.81527
2.58066
-11.73499
4.52971
-10.05020
1.51004
5.64949
-5.35778
6.73349
1.36951
-4.50543
8.88372
-0.20496
-3.48087
-12.51227
0.40078
5.03989
9.14436
5.99813
16.43280
12.54482
3.13748
8.50815
4.09721
-4.84066
4.06819
-1.41656
-2.43095
10.31326
4.94756
-4.55870
-11.51577
-1.60168
3.04019
-5.04100
10.17568
12.74333
-15.13207
11.40491
-1.82195
13.63802
4.76617
0.21804
5.80149
0.45033
4.25647
-9.32574
-5.88800
13.17142
3.73973
0.79065
1.04457
-0.69612
4.45944
-4.13551
2.38004
8.00510
2.69782
0.64738
-0.45599
-8.54219
-1.27332
-0.45165
1.72009
14.94006
12.68770
-6.90305
5.72669
-1.99220
7.92230
-1.71937
-10.29388
10.58724
10.32459
4.79779
14.21791
-9.24975
13.54335
-3.53241
2.71842
3.22602
-5.14474
5.81594
17.14617
-12.47095
-9.32022
-3.50909
7.37372
-0.86480
4.57731
-3.63940
-11.58381
-10.60575
-1.32660
3.10681
-4.51425
1.42681
-11.65728
1.59029
0.29617
2.23569
-7.58075
11.10379
7.09573
-0.40434
-0.50703
-0.17493
-12.15714
3.17683
6.67381
10.65560
10.70164
1.74281
-10.88250
-3.14479
5.73403
-3.78887
-0.86010
9.02572
-10.66688
-4.63237
7.03076
0.47349
-3.12963
1.56886
-6.60874
9.36096
1.07526
-2.57109
-2.42600
-6.74238
2.14197
2.89861
1.28405
0.94204
-9.57607
1.97213
2.03498
4.43053
1.79697
-7.96261
-0.30923
2.61913
-2.37106
-7.85425
3.79887
-8.25654
10.08229
-4.26795
-10.35745
-0.95313
5.72891
7.72176
1.24488
12.95577
-2.89853
-5.33051
5.28646
-2.99191
2.08276
6.61928
5.85199
7.15000
1.79998
2.46373
-3.64600
2.29848
9.24348
7.69689
17.99068
1.16592
11.08888
-10.82875
14.34777
-5.98981
-1.36195
12.10124
7.60766
10.29555
-0.63862
0.22119
-9.32341
7.29248
4.64647
10.93609
-8.47255
3.11128
0.60073
1.64022
-6.96425
2.21902
-5.79925
-1.04582
-16.08463
-1.36953
-5.69119
2.96577
-4.34063
-2.92100
-3.12811
-3.16065
-0.42038
7.23343
14.06855
3.92413
-11.12148
-3.42302
-3.33297
-6.35937
-6.67928
12.42604
-7.40411
-9.91535
1.54298
-0.44298
6.34896
-5.38172
-0.92645
3.96696
-2.48023
8.35068
-1.64494
-0.75244
3.09430
-2.29488
-13.44763
1.53781
-4.72965
-8.01998
0.58502
0.04656
5.45687
-0.83914
-18.82768
3.83866
11.41695
7.97726
16.34350
2.01916
0.87015
-7.87857
-3.47482
0.89743
2.74811
2.70344
-2.18502
-3.98905
2.64395
-9.40676
1.66298
6.50925
0.20475
10.33987
-17.42444
-19.41497
-13.04729
-4.38836
3.32927
2.72805
5.53474
5.29206
6.76639
-7.05270
-2.05655
0.53174
9.54871
5.01934
-0.04164
-4.61053
-5.49027
0.70560
-1.42672
2.54619
-1.91771
4.36889
8.43246
-4.26318
-2.89787
1.95099
-7.89757
15.27324
5.63663
-2.14386
5.17355
0.82108
3.26907
1.98888
9.65145
3.59933
1.01669
-1.17841
4.79619
-3.85295
-12.21831
-10.12908
2.15607
4.09142
0.89561
-8.90646
-11.09070
-18.14002
-9.30013
-12.21540
11.22695
-6.44806
-1.12972
-3.30342
-6.43091
8.33511
-3.18756
10.63009
10.88943
14.24534
1.62371
4.93874
5.53765
-14.25937
-5.55340
-1.33263
-14.17755
2.76636
2.42095
-7.85477
-10.72704
9.77634
-5.80472
5.37191
-3.70319
1.11232
-7.57808
1.95295
-9.26627
9.29566
-6.71759
-2.13450
-4.91474
-6.44344
9.53024
6.62238
3.45985
-9.51215
-4.47033
10.76500
9.08393
-5.98345
5.95960
-2.94361
-2.35243
-7.46455
-3.64693
5.39069
-1.61795
9.47885
-2.65973
1.78792
5.29204
0.27891
16.87725
2.28907
13.77722
-2.79584
2.65524
-9.25260
10.08668
-1.14325
4.22450
-6.89464
-5.57963
-4.85402
0.85416
-1.24581
-0.74725
0.11955
-13.85898
6.08814
3.31636
-12.02453
-12.64006
-8.61532
-10.61651
-15.85837
5.32828
-7.26394
8.29114
3.99782
6.21178
-0.96434
5.00518
-11.80583
-2.74997
-1.37849
9.55210
2.74422
3.65018
2.17300
-3.52739
-8.92210
-9.84441
-2.02999
4.76009
-12.25056
7.84294
-8.95026
10.24739
-4.15667
2.40739
11.21193
7.29215
5.80621
13.16881
1.15796
10.96946
-6.34390
-5.14086
-12.36635
0.50757
5.52977
1.53842
2.76900
-5.65088
-7.26357
-3.46566
-13.63155
0.33526
4.48674
-16.81613
-0.23729
-13.60942
-3.05881
-3.42222
0.30920
5.39343
1.45261
2.95547
-3.22343
-2.39264
-0.83228
-4.90353
0.76252
1.05333
-10.68751
-10.56755
1.13399
4.30662
-1.58317
0.74832
6.98639
7.29764
2.02629
-10.56000
-4.81063
3.49434
4.76450
-8.87670
-2.81640
-6.99489
6.20988
13.59561
-8.28581
21.60627
7.95708
12.57687
4.94782
-1.20661
-1.03244
-9.79935
-4.28527
-1.21477
-0.69388
-4.96678
6.89128
-2.32551
9.29181
6.79840
4.44384
-11.48176
3.55322
-1.51417
-5.97325
-2.06987
7.48705
-2.34820
7.42336
-8.28503
-6.04671
-12.00886
3.16529
10.37444
6.36632
-3.21443
-0.73374
-0.47756
1.29483
3.19822
8.58265
-0.09591
-9.78381
-1.18808
-9.11694
-2.70306
4.57242
-2.69918
-4.37143
2.63958
-6.77294
18.38129
1.46175
5.46067
3.10227
-10.36558
-0.96207
7.19863
6.83426
9.95065
-18.90525
8.28815
-10.99953
-3.28690
-1.60293
14.96306
-2.65580
-0.08069
-0.71761
-5.56361
3.97264
-19.36310
13.70694
6.30511
4.32402
4.54291
6.84935
-8.63498
1.97255
2.37479
-15.93443
7.34864
3.18907
-0.80827
10.48268
-3.94223
4.03829
7.96406
-6.40011
0.51885
1.07674
1.74549
4.56890
-2.83888
-5.88459
11.31388
15.22365
-0.94293
14.77780
-6.05514
11.47108
7.44864
2.77490
-4.09176
-1.95485
-2.98270
-2.90763
-3.01673
-4.55191
6.67005
-3.32823
5.28706
5.55731
6.43730
3.16090
1.19507
11.32147
1.79852
-13.16918
-0.41021
-1.83784
-6.01585
7.06438
-5.47840
0.75649
0.32206
5.81634
6.29417
10.33463
11.74049
-10.56284
2.63995
6.64342
5.67399
5.73590
-6.32851
1.72740
1.21911
1.11496
7.21546
4.34356
-8.68302
3.53085
-15.78277
14.13633
-13.72443
-12.49144
6.34745
-4.92757
-0.62183
6.42080
0.23692
2.04117
-15.98955
-9.82052
9.59851
4.53220
6.57043
-3.33488
-11.97319
-9.30636
9.59298
-1.03702
0.22496
-5.10413
-5.26685
-1.62706
-2.65365
-6.16356
7.76523
13.90853
2.36497
-0.48177
2.12429
2.54925
-6.21355
-6.88362
-7.27464
3.08283
3.62357
-7.54702
15.14655
2.10963
-1.63438
-2.79484
9.08469
13.04407
8.16145
-9.04959
-4.52461
-6.39909
5.73258
-12.10666
5.17223
-1.22418
2.67488
-7.95364
-8.94966
6.64629
-3.69474
14.81458
1.70595
2.54843
-1.41941
11.30096
-0.82073
-3.36787
-6.36410
-7.92787
-4.10488
-12.42173
-7.30607
-2.78007
-8.58660
-3.83445
-0.01809
12.86472
-2.34596
-3.95711
8.83272
2.43055
-10.29698
5.77051
-1.92646
7.38375
-4.97966
4.33771
-5.95322
-6.02604
-12.51577
-9.67687
-3.09513
-14.72887
-0.79422
7.89244
-5.47445
3.06389
9.74473
-5.77676
-21.00194
-3.06441
12.42355
2.37252
1.28767
-9.89949
-7.10894
-0.04629
-2.27886
4.46163
-5.02984
3.35734
-7.05436
4.04310
7.93489
6.04035
13.52373
-9.75913
0.11454
2.49809
-4.03932
0.13003
-10.51989
-4.11723
12.22550
-1.77492
-1.60867
4.50294
0.49997
-16.89786
-6.84995
4.13281
6.56446
-0.23251
4.67698
4.98251
-2.09894
9.77474
-2.34125
7.65854
6.52423
-3.09257
7.85434
2.51488
-8.99100
1.85246
-7.91299
-0.68460
4.32385
-5.48016
0.34127
-12.04008
6.95996
7.36831
6.35617
7.73035
-8.45215
0.86589
-1.50906
-7.08893
1.55577
0.41286
-3.40464
-6.37655
7.70078
-0.66545
1.58475
14.92136
-1.41964
-5.24603
-6.14936
-1.17882
-5.28170
0.68042
-4.55640
3.21000
-4.65369
-9.00997
-4.20418
-9.98183
1.57465
-11.99339
-2.07412
5.61483
-3.01793
-6.09776
1.64985
-5.95447
-1.18758
0.93725
-4.62490
-1.06525
-2.04188
4.44946
-2.64946
7.43439
2.78998
9.96327
-12.10630
-7.16074
-5.85799
2.04272
5.25842
9.57418
0.87349
8.43610
-4.04925
-9.82268
-2.60875
3.79232
4.23402
7.85826
-14.15935
11.52376
-8.45816
-6.78970
-6.14218
-16.26000
10.10087
-0.98061
-2.86023
-1.52901
-5.64188
-0.16280
-2.97502
2.74208
0.65857
2.76790
8.58549
2.87031
-5.75914
6.97626
9.25902
-1.62720
-2.31016
2.64310
9.31483
9.20565
-4.80704
0.98731
7.49663
-18.38458
1.77363
6.85992
-11.32259
8.66589
-8.07636
5.34089
-8.57304
13.71133
-6.48172
1.19590
7.75741
4.69935
1.05428
7.61497
-2.43172
6.69335
0.73391
12.34475
-1.49924
0.25684
6.69660
-3.02398
15.82078
-5.90918
-12.24011
2.17755
0.80079
4.19100
-5.65845
10.01960
2.81408
7.20763
7.52034
1.14307
-4.62427
4.24506
12.03653
-10.12153
4.72807
6.16445
20.44196
-2.62344
7.46072
-4.97063
0.64049
-0.02103
-4.21946
-10.84932
4.78972
1.40465
3.19532
-2.93088
-0.75000
-1.70165
-3.74175
-19.34116
0.02505
3.10225
-2.64417
-0.30159
2.86717
2.89079
7.52116
-14.43290
-5.82612
9.14830
-2.14824
-0.22342
-2.17883
7.66960
8.94270
-0.15832
12.00828
-0.95536
-7.82370
-2.11930
-4.64277
10.23918
-7.54533
9.03976
4.90257
10.22352
-5.85879
3.05146
-2.39287
-5.24066
2.01316
6.93374
-5.13682
12.94191
6.16629
-13.48356
-5.14870
1.60724
-7.59616
2.90202
5.52949
4.20648
-0.81356
10.15376
-7.68688
12.57487
2.97456
-1.59512
-9.69093
-6.46574
0.79140
-3.87194
1.67292
9.66718
-2.92900
7.58282
-4.80681
4.67575
3.63140
-8.76979
-6.69020
-0.47418
-3.91935
-2.19908
3.60414
-8.94943
12.17783
3.70085
-0.08241
-1.90643
4.18465
-5.11736
4.29452
-0.55222
4.12578
-2.25367
-2.63096
-9.69011
7.48685
-8.68916
2.80858
6.27144
10.37739
2.60043
-0.47885
-1.45591
-2.74576
5.30556
-4.88917
-5.42670
-0.37269
-9.97426
-11.02891
-6.37130
-0.49134
-2.96748
-4.88390
0.55757
-1.99808
-7.67746
11.22792
-1.76554
6.11076
7.58291
12.58660
12.08346
-8.88905
-11.12276
-10.58255
3.29996
-9.61562
7.49322
-4.03206
5.03618
-3.65757
0.86514
3.89929
-7.60511
-3.53191
-1.41262
1.52606
0.35635
5.31342
1.53606
-1.00423
-10.33990
-9.66106
4.89434
10.68114
5.24491
-15.25523
12.69070
-3.04613
-2.56631
15.03039
10.21139
10.17328
1.33390
-3.18065
5.74711
-9.06467
1.13357
2.04489
-3.90451
-1.64010
12.71836
14.66415
-10.96566
4.53150
-1.72955
3.93439
1.03412
8.16433
-5.51654
12.32770
-6.21984
-14.85176
9.83221
3.79008
-1.23801
-9.70813
5.65647
-8.33582
10.81665
3.79226
-1.39887
-3.04239
-9.35458
2.43643
8.24169
-12.41853
12.75163
-4.35104
-3.86244
1.55488
-12.40188
0.86107
-12.15619
6.15930
1.00958
-4.12508
-8.09911
-9.91465
1.80668
-5.01663
18.46108
14.86156
0.47220
8.20266
-3.90050
-10.50682
7.34170
5.71521
1.70169
-1.13283
4.65709
-4.56194
8.68054
-5.93727
-1.66857
-6.97360
4.60572
-11.08671
-5.97499
5.22896
11.75323
-1.34793
15.89773
6.77928
3.84954
17.03519
-0.60060
-1.06453
3.26764
-8.76419
0.15004
-2.38213
1.86066
1.86363
6.00556
2.56856
-0.12965
9.67737
5.07633
8.96357
2.73302
-3.49588
1.35713
-3.43606
2.50436
0.53476
-3.31575
4.95946
4.72524
-4.89536
5.43279
-8.38324
3.14638
6.49607
0.36990
-1.47773
0.17316
1.62150
-1.26427
3.84047
14.48035
7.65167
-2.48583
12.07089
-1.71104
-1.16859
8.61355
4.18939
-0.86616
15.54331
-4.32501
0.87812
-7.93682
-2.77927
1.40309
-5.33210
17.04396
4.50935
3.50205
9.76007
-11.38454
3.63431
1.60756
10.95587
-7.26409
-1.66928
-6.71070
-3.90656
1.92232
-1.15540
3.39888
-2.01239
1.35907
7.66484
14.66342
-7.38880
4.95734
-2.39939
-3.68454
13.10419
-11.25899
13.13778
-5.87531
-2.98132
-6.17570
14.89938
5.95820
-7.78187
12.38232
-8.62132
0.54858
-8.44310
-1.67082
2.38202
-7.73076
3.08942
-4.98475
-1.98622
-15.50199
12.36039
3.52967
-5.36059
3.61352
1.40102
0.58188
-0.72334
4.58473
-1.43108
2.60898
5.73983
0.35485
3.30172
-0.97761
2.30153
10.88112
-5.32607
-2.70633
-7.14833
6.69290
-1.20042
-1.92466
-7.84732
-15.81551
-7.40807
7.20410
-10.61200
-11.09646
1.45597
-16.00405
6.27053
20.72637
19.91553
6.72526
1.04932
0.62844
9.09830
5.23730
-5.34690
9.80936
0.13859
-4.94192
-0.65499
3.06524
18.29867
3.48823
3.36224
-5.80241
2.74334
-3.35060
-2.51175
-13.92070
-21.24410
-6.18626
2.29779
-5.85385
-9.50255
6.49119
-8.78522
-5.47291
2.25431
-2.99275
-7.04567
-8.22409
6.11642
0.84802
-4.02974
-0.13040
9.17180
5.89718
-6.47602
-4.64876
1.14854
-6.80166
6.89931
-0.74320
-5.27310
5.13181
5.37205
-8.47453
2.54998
-2.69049
-14.30886
-3.13792
12.46941
2.27223
5.83221
-17.49449
-1.34337
-7.30515
-11.49969
-6.01214
-15.03752
-3.90829
-2.88324
6.94112
6.22464
-8.87280
7.69311
-7.84386
1.79711
-5.38638
3.86040
-4.86609
2.40828
-6.93014
14.02435
-1.26361
1.60869
-0.32970
0.94846
-9.99361
4.44169
14.64118
11.87873
1.22288
2.35371
-7.26850
-5.62252
1.67523
3.36922
-11.51065
-1.05873
15.26818
-13.26875
-15.28902
-6.62210
2.98901
-0.76892
-3.03317
0.29236
-13.94623
-2.12408
-14.27376
-0.51994
19.41561
5.88664
-7.01466
9.77297
4.34434
8.89321
-4.99586
-1.92693
-9.18421
-4.69628
0.47492
5.31969
-2.59674
5.86390
-2.49157
-7.19635
17.93555
4.33051
-8.52137
-14.63653
5.28654
-2.29478
4.75618
2.34385
2.26673
-5.69248
-3.47400
-1.86114
0.24037
7.50019
-5.06218
-7.34712
3.51238
-0.80475
-0.28517
0.17175
-0.11554
0.06477
-2.01937
10.95337
11.19632
-7.08909
-0.12364
-8.55092
-6.07283
-3.99366
1.68906
11.94232
8.30741
-15.59789
2.98577
-7.11622
2.50134
14.08742
-2.40105
0.32037
6.14533
-9.24026
4.51772
0.50205
1.62258
-10.03340
3.63895
5.71450
-0.14703
-7.20573
-4.75306
-8.57625
13.82163
4.66365
-0.70348
-3.27436
-3.94175
4.61005
20.03483
-12.49626
9.71009
2.69842
10.18019
-9.07257
5.47865
-9.62341
-1.44611
1.18947
-2.30365
-10.68229
-3.01266
-0.63653
-6.25778
-7.25504
10.12012
-1.69856
4.27091
5.85578
-5.62535
10.56394
0.94671
-1.14896
14.94692
-0.49668
-4.45065
10.45217
-3.76918
-23.13265
-4.58400
1.37880
5.01542
7.06532
-2.43943
-10.43315
-8.15405
5.35620
1.82837
-0.65163
-6.79196
9.11199
-5.28917
-4.40088
7.18788
-11.38235
3.82935
2.79356
1.76108
1.59384
2.79235
8.74292
10.31394
10.35279
-5.90913
-14.02863
7.44471
-1.64274
-13.35986
6.74653
6.87301
-0.19457
-9.86488
12.81935
13.16401
-6.65782
4.02111
4.83449
3.30808
-10.55258
-5.42340
2.04761
7.52005
-12.26779
-4.65156
4.28295
-9.03916
6.64032
-0.15298
-0.63775
8.66351
-8.95006
4.20134
19.09656
3.70415
-9.41646
-0.80854
-2.91461
-13.03685
6.10934
7.13939
1.28197
9.22104
-0.50197
3.64988
4.11851
-5.77735
7.57489
3.28415
-6.62078
-10.58177
-6.40719
-3.28255
-10.42432
-12.07385
1.54682
15.81482
-12.39977
-0.99622
3.49817
-7.52869
4.83057
-4.15479
-9.30251
-2.74157
-3.74081
8.60662
3.03036
1.83359
-10.90061
-3.57714
0.75012
-0.81105
6.28088
-2.79419
-0.84357
-11.32056
-11.91819
14.03517
3.08025
-4.95230
0.92615
-5.93032
-8.83675
7.47205
-6.67215
-3.38746
-8.12960
-4.33398
-4.48993
-15.11147
-6.35239
3.76056
5.85294
-5.30227
-5.18990
3.32189
-4.90514
-7.86440
-9.28925
-2.92505
10.50013
-1.34645
-9.39590
12.34904
-0.80593
8.62645
-5.01101
2.11758
-8.67539
6.68225
-13.47872
-17.37110
18.88704
-0.83026
4.03412
-0.27207
-4.03239
11.61257
-2.30639
-3.79642
-4.97318
-7.29128
-1.80706
-12.16162
8.04756
8.09357
1.61008
-5.56416
-10.42208
4.86190
-0.03005
3.04480
2.11176
-3.87429
5.01163
-1.23256
-3.58531
4.40504
4.43469
0.51888
1.47267
-3.42619
18.10660
-15.98849
-9.78399
-4.37263
-0.46250
-9.84082
3.27814
3.01103
7.18183
-7.61534
-0.31994
-13.33745
-3.12267
9.76067
-0.58389
7.87468
7.53516
11.97899
-13.67888
-5.09855
-1.00365
-6.66896
8.28084
-7.83310
1.68307
2.43060
5.77003
6.13696
5.01031
-3.47100
0.64207
9.26407
-12.72734
0.06281
5.75649
-1.11206
-0.74809
-12.36295
-1.57592
3.68894
7.68364
4.77818
3.81330
4.33059
8.59996
-8.07715
-2.16119
9.02124
-6.52896
13.78849
-7.75763
-2.87458
-1.87196
8.45368
1.76237
-13.37297
2.45760
5.66466
-4.38484
-3.88997
2.64283
-7.64567
13.36559
-0.86703
-0.72396
-4.29177
-0.74702
0.09063
6.28085
1.63642
4.94626
-4.55907
3.63427
2.25773
-10.21774
0.80920
2.60909
5.07213
-9.10285
0.87324
7.74767
-6.46402
2.60373
-7.78885
18.67592
10.50741
-17.38839
-10.65329
-3.04216
-2.06590
1.55289
-1.12805
-12.28887
4.50725
8.50384
-7.53388
-9.16964
9.21427
-11.73403
2.42636
-3.21683
-0.67748
-2.29844
-10.42414
1.35782
-7.92861
-1.80306
-5.44729
-12.22024
-0.71368
-9.40981
-8.35477
-2.96049
-6.35161
-6.49980
-8.25632
-3.96521
3.26968
-6.52560
2.20087
7.47019
3.97581
-1.02169
3.78978
-2.24219
4.29850
3.39246
-2.19373
11.90371
2.36353
-12.14382
-3.25649
-9.23224
2.52069
-9.34916
-3.90051
-0.68398
-2.31819
-1.60875
4.48123
-7.21754
10.98576
9.72849
11.75771
3.00536
-3.20478
-7.39355
7.64510
-2.54797
7.13160
9.74185
3.16944
2.74530
0.84674
4.73249
-7.91715
-3.53247
6.00992
-14.98128
-1.88236
-8.03325
6.37660
4.16670
2.64425
3.92919
7.84725
-4.46172
-0.84752
-6.09189
-1.94722
1.32321
-0.68787
9.16115
0.23608
3.40430
-2.11537
8.26980
-0.36726
-1.90888
-5.44285
-2.37939
-10.55440
4.24382
11.61038
1.31350
8.28976
-8.72735
5.20108
4.43866
4.06192
-5.40497
-16.49367
-6.75944
4.64197
-3.61242
-4.16572
-8.00773
6.15238
5.51679
9.57599
-3.12421
0.10071
-1.36846
-7.38996
3.44275
2.88992
-4.67904
15.04519
1.98816
6.94158
-9.78085
6.90308
-9.96227
12.02369
10.15481
6.99120
16.89723
1.01091
4.93526
-7.80334
1.77335
-6.65995
6.54377
13.38714
11.49979
-3.15928
-11.71343
5.50345
-0.57584
4.42370
2.43614
3.95606
-8.31180
-4.45461
7.67675
-4.24462
-6.04626
-0.80089
6.12356
-4.33691
-7.43629
-7.54279
10.18481
-1.16331
-15.97576
7.69108
-3.08450
14.05731
-6.54103
2.37055
-1.98205
0.03706
3.59300
1.86441
7.40530
-14.60413
6.22167
0.68891
0.55451
2.10011
-4.44543
1.10698
7.95589
2.04510
-15.55420
2.48313
0.47198
-4.53355
4.62795
-1.77416
5.65619
-3.52633
2.34177
-3.21270
5.42177
-3.70570
3.03051
-6.51033
1.98656
0.01652
9.39715
-6.51903
-7.50186
-2.37261
9.12291
-3.18941
-2.83615
2.42528
-22.88312
8.69400
-3.63176
3.30104
-6.36775
2.51968
-8.09724
-3.04673
9.77688
2.05476
13.51626
1.94736
1.79193
-12.82714
2.03739
6.98623
7.95312
9.38481
-8.11335
8.46046
-2.68647
-3.58122
5.87416
-0.55966
-15.61433
-1.59120
-4.99270
14.45335
8.64774
-12.03398
-1.35382
-9.50279
17.93413
4.85644
-3.64215
3.68424
8.27359
3.59272
-4.22121
-1.75870
9.63144
-3.18423
-1.12577
5.73247
3.84159
8.58003
3.92149
-0.21668
-5.59320
-10.01300
1.17946
-4.32480
-13.37322
-3.82378
5.20280
3.39629
-8.34701
-8.25050
-19.01260
9.31977
4.95555
11.34986
1.50209
-1.85633
10.90152
17.37028
10.35252
8.53132
3.32826
-3.13729
-7.14895
6.29718
-0.73392
-5.39234
-2.84060
-8.84201
-8.50474
-8.01175
-3.80111
1.24782
4.08180
-8.26799
-4.60053
-0.12611
-2.15603
-1.55512
2.94490
-1.63633
9.42711
-4.05418
-1.11337
-12.00338
-7.67825
-11.73396
-9.49193
0.93272
-5.75899
-9.10228
-2.46231
-6.15077
-3.65535
8.80189
-4.59543
-1.48818
1.14290
5.30106
3.90386
-11.70818
-8.03877
-6.09152
-2.92955
-6.04855
-10.79421
-11.22416
1.62584
6.17948
12.56349
11.82468
-12.23983
1.24871
-1.26610
-5.12494
-1.14580
10.15620
-1.78554
7.22570
-3.56112
2.49439
-0.49219
-6.86254
6.96949
0.52424
-2.82153
5.75693
7.38705
0.24671
-0.32541
5.17745
-6.24455
-5.52972
-1.44270
1.38125
-1.64472
2.40026
3.32064
-4.49753
2.70942
10.43944
-4.89278
-10.00944
-1.95591
-2.34494
9.77447
-3.87909
-9.42610
0.01934
0.04118
-11.22708
-4.88806
-5.78553
3.37392
8.45917
4.47097
1.71399
8.07068
-1.67326
10.83285
1.02770
8.18323
2.84026
-14.21318
2.00661
-4.95917
8.84477
-5.56243
0.02809
1.96472
-5.37613
-6.12375
-2.42545
-7.75741
3.07326
7.10810
-0.10027
7.89616
-0.85330
6.66632
-2.04239
7.44045
11.08108
-6.05545
4.25319
2.78668
4.56071
-5.82205
10.26720
0.13183
0.90028
16.79751
-11.96794
2.74449
-4.96332
1.45231
17.53815
-6.46877
-1.77045
2.20011
-10.17456
-5.11552
-13.01457
9.69049
3.25251
-3.59338
-14.67343
-3.52636
0.40577
1.61658
-10.30770
0.37629
-2.95554
-6.84004
-0.52710
2.97780
-3.42916
-0.11519
-1.85924
5.32441
-14.34609
-4.26494
-9.33458
0.60364
1.70496
-2.98809
3.35217
-7.79206
2.80382
7.44846
-0.49338
-0.21274
0.02121
5.67458
-3.67964
9.02313
7.10496
4.47359
0.68003
4.76277
9.15653
5.24747
7.91240
-5.82207
2.64893
6.57745
7.19062
-0.29346
-8.06543
10.04255
-3.66632
-10.81509
-3.86591
-3.73881
8.53039
7.84718
-3.87282
4.35701
-12.65979
6.96240
5.91556
-0.39220
9.19823
-12.23785
-0.05037
-11.37994
-5.01682
-6.50202
-9.33939
-8.79257
3.52514
9.40731
-14.29775
-10.08256
12.33755
8.82184
-2.66286
4.68264
-3.09594
7.08216
10.49670
1.09431
-15.44567
3.19533
-5.78868
1.76979
-10.78938
18.61639
-1.42439
-0.33514
2.39799
4.47025
-5.17659
-5.16448
-7.39519
4.59863
0.62250
12.06441
-0.77651
-2.90498
0.93819
-1.94693
11.81855
-8.17209
2.66799
-7.66893
-6.55851
-0.07614
5.79595
9.03322
-12.26695
-10.41430
5.99191
-8.29650
-3.53881
1.78242
2.93975
-12.69329
-6.71035
5.79160
3.26312
-3.05122
2.10975
-11.40337
-5.80344
0.12502
3.78514
-0.72644
-4.00209
-5.09681
-4.81036
2.81653
-5.55550
4.57569
-3.08198
7.57692
-0.44710
-2.27494
0.07465
-4.64165
3.40989
-11.27508
-1.23534
-8.22608
-13.90126
-7.16958
7.57773
0.02913
2.04544
-4.08137
5.79263
7.31953
-8.99941
-0.42158
3.92801
4.18143
-1.60629
4.15886
4.80391
-7.28428
-0.11200
4.07548
2.14522
-4.01421
-10.04847
7.14661
-12.32528
3.86457
1.28582
-2.67677
-1.08185
-8.43637
-10.40299
-3.18737
-11.21980
7.38715
-3.60435
10.57965
-3.07333
8.87287
-15.83089
-6.03093
-3.16668
-6.28158
-3.42471
5.36507
7.93158
9.95215
-9.61404
-4.73742
-11.40296
-9.04573
0.97347
8.96399
-11.48345
1.91213
-8.76481
-6.67154
-2.49382
5.97039
-15.54465
6.40029
-8.65927
-4.80693
-1.17394
4.53537
-3.51955
4.46938
2.28658
4.78487
-3.63597
-12.65525
6.45289
8.37667
9.66934
-7.36443
3.01225
7.77845
8.70631
4.07170
0.07766
-0.47424
-10.51554
-9.33718
2.18925
-3.33267
-10.19531
1.04438
2.09942
1.38734
-3.79538
8.83176
-7.16004
-3.32197
-7.52248
6.60691
-3.47126
-1.60567
9.52885
6.14393
-14.91354
-7.85387
-16.09694
3.77790
-15.22279
8.45186
6.11545
-8.41897
-3.07738
-1.58761
10.58206
-0.84738
-2.46929
-9.14978
-6.73446
-11.04267
-2.45878
-4.63104
-6.95476
-9.44343
-15.65550
5.87715
3.68087
1.38155
13.89212
0.46244
10.40278
-13.29720
0.37667
8.68024
0.84140
-7.90751
3.82538
5.55256
-3.89239
6.02382
2.82241
-2.31122
2.08772
7.00463
-2.88289
-11.77602
-5.15059
-4.51133
4.50284
0.80957
-12.27969
-12.26769
5.73574
-1.34559
-0.67335
-1.21709
-0.12636
5.94208
-3.52721
9.14302
-11.83650
6.06734
-5.76737
1.78907
-1.81741
12.61371
2.51127
-5.05175
1.97991
-12.14975
0.81524
-1.59865
-12.92051
7.27917
-3.93019
-2.05543
5.26852
-7.52929
-2.45131
5.95037
3.76996
-3.78160
-0.73190
1.55816
-1.44928
-1.59099
5.70186
-13.05529
-0.02644
-1.65922
-0.40466
7.34652
-6.24299
-1.32994
5.00993
-3.23500
7.62396
1.35121
-14.90769
8.21983
4.53423
1.55040
-1.08198
-1.25291
16.18380
-7.65963
-2.17606
-4.92729
6.43021
18.65180
-13.52806
-0.08786
-0.94093
11.41093
3.73137
9.10942
-0.09009
-4.61267
-5.71475
2.43809
3.13449
-3.06548
-4.26952
0.32279
4.19934
-11.01735
6.56520
-2.65342
4.76004
2.69089
4.41199
-1.05389
0.07717
-1.66402
13.16473
14.42184
-0.17774
0.78989
-0.33286
0.31197
-2.87470
6.98911
1.54500
0.98051
-1.29407
0.42089
-0.70233
-6.61675
-1.30893
12.71224
11.97472
6.66953
-6.13542
-1.77706
-10.15796
-1.70679
2.87067
2.91409
1.67205
3.17127
4.87168
-1.91725
8.66009
15.14332
10.29939
5.67171
-17.82086
3.17269
-0.67548
1.55304
3.48960
-1.50889
1.22175
-8.18699
3.13609
2.52176
2.49078
3.19109
8.78970
7.73332
-1.84576
-5.76924
2.75215
0.37471
-7.64045
-7.43382
10.19936
-7.99008
-10.10566
-3.27019
15.34477
10.11430
-2.24680
-1.09363
6.88191
1.98182
-5.02445
1.60791
-9.97547
-7.38134
7.27412
-4.31732
-12.66994
-19.08504
4.50901
-0.96317
0.91359
-10.09737
-10.20749
-16.29876
1.48703
9.13113
-2.33906
4.62662
8.97856
0.79447
-16.04268
-13.08456
0.20595
-4.48236
2.13014
-6.34024
5.51046
-8.26926
-0.22025
5.10650
-4.02416
-6.80270
7.50607
19.93845
1.19317
5.68400
0.69771
6.20817
4.07585
-2.39476
2.33611
3.44909
-7.51873
6.32558
6.80975
-2.30843
8.05750
-3.35750
-11.05544
-0.40430
10.12653
7.63064
-10.83399
-11.19706
-0.83768
5.48792
-4.81185
6.11536
9.69547
2.20423
-4.26230
1.77957
7.90502
0.53933
-19.68596
-11.63026
3.56027
8.88626
1.40453
-3.59962
-7.32972
-3.82532
-17.86348
-9.37701
3.59619
-15.08854
-4.62243
7.39650
2.25279
14.71587
7.32451
-9.52535
-2.32440
-3.97279
-1.67109
-11.01202
-2.58101
-0.33396
10.66338
-10.80608
-6.88335
1.84745
-5.47203
-2.39249
14.65778
4.81682
-3.08191
-1.92557
0.44984
0.40112
9.37289
4.58441
-16.65833
-3.90077
-0.62316
-6.92903
5.14862
-4.63321
-3.08475
-2.57097
4.78798
4.58839
0.01209
7.98872
7.52947
5.26237
-1.01417
1.58522
-1.54649
3.29725
-3.15286
6.68928
-1.58146
-10.44561
-3.22744
-7.08425
-9.10716
15.40492
-7.91730
-9.95734
1.41968
-1.43950
-14.90463
-0.81593
-7.09191
-5.91588
-2.22830
-2.13263
4.76403
-7.19048
-0.70048
12.95325
-1.70412
3.74556
6.95834
-3.96089
-2.16594
-7.63806
-13.24838
9.22592
6.40370
-7.30965
-3.02603
5.90244
11.47644
-9.57443
-6.98571
-3.04901
18.26692
-11.06639
5.92199
-16.09270
9.85813
-5.84982
6.24386
-11.23668
-6.16449
-6.44795
-4.20207
8.43005
10.58099
-4.32415
11.00070
-4.57843
7.70335
8.27264
-1.94251
4.30563
8.27986
-8.74105
3.51016
-1.00290
1.82819
9.97704
-7.37870
-3.15266
4.76392
-8.19167
-2.29469
-6.58509
-2.64712
3.70328
3.85704
-0.97509
4.71867
-11.77171
-7.52361
-5.93666
-0.18226
-3.50583
-4.07291
2.57394
-3.45884
6.25610
1.69588
-4.98460
4.57658
-4.26657
0.89344
-0.33790
1.12411
1.09944
9.47997
-5.45573
-2.78749
-2.17096
1.55965
-4.99777
5.38804
-10.71216
-4.18903
8.94099
2.12129
-1.41205
-5.25390
-1.63285
-7.77594
5.40930
7.82856
-8.89621
-0.91444
2.75841
-7.75962
0.12685
15.34214
0.65246
6.77492
5.14625
0.65356
-5.11184
-6.96800
-0.66902
-1.04836
0.58840
-10.44591
9.20399
2.11988
14.45118
-3.64978
-7.97621
0.51698
-2.09786
-5.29777
-2.49924
-4.95273
1.43594
0.69922
-11.62682
4.61877
0.47123
-11.34852
-6.60290
-1.42100
2.89307
-2.71806
-9.84720
-3.16413
-4.12213
-6.62974
-0.42801
6.35025
-1.56644
2.91688
-3.96605
2.33493
-15.97932
-7.27164
-11.44466
-3.02787
0.16629
2.19443
9.48685
2.04656
5.83063
-2.21176
3.53141
-0.86340
10.63389
-3.50225
11.80720
12.62877
-12.62751
-9.15198
11.99025
-4.79689
-5.65685
1.05180
-1.73808
3.16156
-8.06267
19.82434
17.49116
-1.01169
-1.62928
-1.07234
-11.08774
-0.39729
-3.59537
-3.47782
3.98413
1.03606
-16.40738
-5.39149
-3.44642
11.39891
-1.58242
10.46805
-9.27162
0.75702
-4.33553
0.27072
1.97758
-3.26593
8.29111
-6.61944
-16.88498
6.84930
0.40360
-2.88639
3.50712
-5.40216
-8.51704
-10.91899
-4.20491
0.37306
-3.03822
-4.45620
4.80535
-4.27001
7.26778
6.40974
0.40566
-1.08458
6.87533
-7.87192
2.38900
-12.47216
-0.32728
2.15705
0.61351
-13.60521
6.91922
-3.27049
-6.11347
8.88955
-13.86165
2.07443
-6.36007
1.37204
-6.12438
0.60165
10.75177
-1.27180
-0.99363
4.51222
1.91620
-9.25960
-9.99024
5.14917
-5.99543
2.52567
-1.36569
3.36573
9.31496
-10.01228
14.01661
-6.61805
7.71187
3.52516
5.84666
1.38764
4.65682
-7.01263
9.34946
12.77244
-2.17719
2.08822
1.73446
1.08080
7.97300
13.62846
-8.73250
-2.16073
-3.66174
6.30400
4.38088
-4.37251
-5.07727
14.67314
3.83895
14.38945
7.22159
-10.69325
-14.02658
2.63440
-1.96722
-2.13324
12.86488
6.98543
2.71636
12.06552
8.74139
-2.57931
-7.83850
-11.22513
8.37678
7.27841
-16.87149
-6.42801
-12.18397
4.40580
5.76814
-3.57840
-6.62931
2.91423
-9.06336
0.97490
4.69382
5.98616
5.64482
-6.36171
6.74889
0.99048
0.46637
5.41700
-13.71039
2.44875
-1.75472
-4.00095
9.75343
7.70235
-7.53758
3.75230
-7.21962
-11.96788
-14.10452
-5.27702
-5.27801
0.63503
-1.61484
3.00464
10.44731
4.61755
3.14186
11.53854
-7.12142
-9.86030
-6.23923
15.98397
1.52690
13.58156
8.86252
7.62125
8.77570
12.97164
-21.53067
-5.69908
-10.57464
-0.99176
1.57201
2.82629
2.21500
6.23397
1.56197
-6.06681
8.18478
3.04239
-3.24625
2.56730
3.02866
1.78022
-5.16877
-1.70869
5.24458
-4.61505
-4.89338
3.13830
-5.81290
-8.50081
5.81235
1.26445
4.82355
6.57394
4.74307
-7.26164
0.63308
-4.33640
6.19267
5.76070
-1.22975
8.19571
12.06642
-7.26672
-7.24947
1.79492
0.67029
15.70490
-9.94900
-13.31372
-1.33448
-3.48287
5.50608
-8.21234
1.14313
8.29229
-11.72428
-2.16938
-6.16073
8.13374
4.82779
-14.29562
-2.80984
-2.26179
3.22629
1.91292
-9.34232
7.90901
-2.75952
-5.03314
-0.51727
2.93672
9.29347
5.47524
0.48652
7.73056
-5.91575
2.36357
-8.34475
-22.19373
7.15570
-1.80946
-3.61243
6.00135
-6.35679
-3.85482
8.52546
-2.16503
-3.50661
-2.18770
-4.05880
-3.29310
-2.40723
0.55687
-1.97975
5.79315
-2.71423
3.93832
-1.51708
-4.13023
-0.55715
-2.63434
1.36546
-19.35846
-5.82244
-12.29916
4.87090
2.20035
1.22363
3.83572
0.73304
-12.86018
-8.75257
-0.91472
10.36376
-2.90862
-4.81432
9.31977
-4.16008
-7.32814
-8.10560
-3.06003
-5.84600
-3.06286
1.16092
5.95998
1.15401
14.46550
-2.43504
4.90072
-0.46358
5.80387
4.91134
-2.81872
11.11480
-2.93866
-3.04815
11.82246
1.72988
-1.21573
2.55773
2.91176
-2.38992
0.02043
19.47636
7.15330
-7.81463
12.85673
12.94860
-2.03558
-1.26385
16.26298
-2.47485
5.13962
0.31404
5.94496
-5.34562
5.98852
-4.92243
-10.38063
0.37049
11.76005
6.69197
-6.03622
-3.06546
2.13383
-5.63945
-0.68189
8.37739
4.10778
5.72956
-1.08908
-4.82597
-11.93651
15.95976
-4.72255
-6.23549
-7.06838
18.24978
3.04148
0.94419
2.23864
-3.66008
11.80236
-10.09329
-6.74375
10.57940
-2.00502
17.75485
2.36442
-2.17841
4.37063
-0.07567
-4.12795
0.01923
4.74734
-12.59138
4.69021
4.08944
-3.49166
3.10360
3.71449
5.64516
-6.83225
8.52223
9.99274
-1.52680
6.84545
-1.68205
8.49576
7.73536
-1.67494
1.17154
-6.35187
8.59333
-7.65068
12.79846
-3.93083
-1.48626
-1.04182
15.34295
-7.69390
-1.05285
11.09550
-2.01442
4.35581
9.79703
-6.38671
-2.50474
-11.54218
-9.22567
9.61599
-0.49173
-1.29756
-2.71227
9.14206
0.02097
-1.23356
-2.09158
-2.84387
-6.55338
4.74871
1.96747
-8.29655
-0.42071
-2.14067
3.07657
0.04903
-2.13791
0.99709
-0.72796
-1.36909
-5.38424
1.62039
2.09870
2.51389
8.09622
4.38471
6.87218
-4.82425
0.29297
6.45034
3.94168
3.29548
-4.28198
-0.92718
-2.77946
-3.54673
-2.90515
6.95926
-2.68387
0.15411
-7.49346
-1.07683
13.50680
-13.19694
-6.33600
10.69002
-4.85737
-0.39276
9.06802
-13.07605
10.56403
1.69585
0.54172
-0.31159
5.34637
-4.53600
-2.31725
-2.04594
-3.06319
1.47594
-11.01608
-6.49563
5.35292
5.34578
-6.15346
8.52340
7.99963
-1.09805
-9.54535
13.71153
6.05295
6.97189
-3.53583
17.57236
4.21937
-18.88820
10.45656
-6.98635
-2.46276
0.84734
-10.47564
-0.49937
-2.93664
7.01592
18.63215
-7.81736
0.63069
-7.88153
4.22034
1.51397
3.97016
-10.57316
-3.82004
1.90383
11.32236
-3.74152
3.32905
-6.32209
-13.79671
7.70317
-10.77653
11.78553
-0.01079
-9.50658
8.34278
2.67906
5.33739
-0.75044
-7.49688
8.41568
-1.71399
-4.62594
7.83591
1.78500
-10.16659
15.10317
3.51625
6.45271
4.32160
-1.65013
-2.52091
7.52113
-20.26418
0.20859
-4.71265
9.97970
1.40782
-9.03664
-3.90756
5.77698
2.10032
-5.35483
-1.89125
1.37276
-2.63291
0.12280
-12.05755
-6.73104
-14.01824
14.28586
5.23744
-8.34810
5.79965
1.37325
5.32500
2.54328
-0.17718
-13.34526
1.40600
2.16956
-4.64579
4.15872
5.90267
3.02094
8.76347
-10.03971
9.81720
-1.50938
-0.08371
11.54750
-1.52625
10.82441
7.28091
-7.67330
-9.42165
-16.49590
-4.57223
0.50661
5.01180
2.90398
4.14515
4.77849
-2.74178
2.52961
-2.61552
5.34145
-2.89259
-8.85440
-3.02027
-6.22048
-6.87319
1.74495
11.74924
-3.04421
-4.77873
-13.38965
-6.06707
9.90464
-7.54239
-3.94224
-1.67549
7.34542
-1.53621
-1.67114
-11.27101
13.47381
-7.48420
0.16178
-2.58229
8.01114
-1.86902
5.79551
-8.03884
-8.42616
0.83146
5.84135
-9.48971
-5.24949
-0.94282
10.90039
4.11572
-0.27689
-6.55034
11.18906
-2.84134
-5.08038
2.32868
8.90954
7.39256
-9.46007
6.20839
-1.79247
-2.30064
9.03149
2.98002
11.08460
0.66662
-2.97895
-3.29412
-4.28828
12.99007
1.76716
-3.88316
-14.14260
4.84609
-5.71582
-1.88086
-4.63687
-3.08270
-1.48934
1.85062
2.08889
-1.81451
7.30674
-4.24793
4.07495
2.30278
1.80273
7.28980
0.08903
-4.60438
-1.45570
-8.05180
9.17986
-22.05448
10.88934
-1.09992
-8.68457
2.89544
-3.33621
6.30193
-3.40470
6.10804
-4.10198
-5.43051
2.50685
-2.17659
-1.97779
0.46621
0.39424
4.44679
3.85302
-2.95175
8.36620
2.96457
-6.27174
0.14004
-12.77631
-0.23861
-2.89101
6.71092
-14.96470
-5.77790
0.72476
-1.42935
13.49792
8.09025
-7.65381
-4.75808
-8.98046
1.20194
11.55710
1.32938
12.06139
-8.80259
-5.83024
6.69725
-12.20422
2.28428
-9.59854
-1.20591
-10.39275
0.59744
11.25387
-8.24000
13.30135
7.31156
9.79519
-1.67541
6.53631
3.18943
2.65366
-6.99857
-2.84709
8.54923
-1.54413
0.79928
11.32629
8.89757
11.78162
-17.36213
-9.17381
-0.33037
-3.77648
-17.46608
-16.79222
-4.31461
2.56536
8.12401
8.92787
2.45185
2.67365
3.46791
-8.49310
-0.41255
-8.62091
0.73293
3.20080
12.91187
1.21489
4.22366
13.55405
3.81174
0.17849
-3.16748
6.01631
-1.95987
-5.92746
-0.15474
-6.58560
-3.40783
-1.24903
10.19729
3.25946
-2.40659
-10.87843
0.65008
-6.30656
-8.66533
-7.46062
10.07134
9.88488
0.68680
-3.35316
9.09816
3.16596
-13.27643
-0.06598
-1.99707
-3.02146
3.07769
-4.24226
-2.99175
-6.52858
4.03049
-4.94493
-7.81718
12.05622
-9.63336
-9.92279
-20.53936
-1.61567
-4.59607
0.83897
5.12603
-1.11701
11.13611
-0.27989
-2.86456
1.62091
0.63090
-2.65415
-22.55901
10.06395
5.38360
0.66763
4.52473
-9.86076
-2.95888
12.67690
2.62922
-0.11223
5.69523
2.72292
11.40129
7.68226
-2.60821
-2.49962
-6.96032
1.45783
0.77107
-16.48136
15.95762
-7.81239
-7.31782
6.47591
2.76143
-6.93848
-3.72152
8.97193
-5.64181
-4.19422
6.34121
10.81905
-2.73673
-1.63358
10.99152
13.26539
0.52444
-9.12363
-2.66150
-2.13546
-6.62644
-4.23038
-8.63133
2.10641
1.77800
1.61109
-5.06832
-0.86647
16.50001
-8.77301
-9.09762
-3.77478
7.42374
5.03582
-1.27414
6.27065
-4.29921
10.78037
-16.38042
-9.62793
1.90447
-10.23767
12.72613
2.13664
4.87984
0.07793
3.17048
-4.42560
-9.54928
2.39424
7.49687
-6.32581
-2.05190
-2.94700
2.17708
2.00022
-6.38685
14.53499
-12.25400
3.00368
-3.98677
1.04579
-0.40361
5.62636
-4.06521
17.79179
-5.30982
-4.88230
8.49406
-4.20289
-13.37361
8.04306
-7.10042
4.54758
9.34086
2.82715
-16.67957
1.46832
16.52920
-1.93715
-10.66794
5.55122
-3.86945
2.18357
-1.39251
8.93089
10.68380
-1.75395
-1.56257
9.82812
-11.91180
-4.61483
-8.12329
1.04087
-10.07366
6.30479
-7.39465
3.85893
-2.07523
3.45752
11.66377
7.85428
2.95473
6.23140
2.96286
3.05331
0.87689
-12.43187
-4.57842
-1.03320
-2.69290
-4.30024
2.07101
2.04216
4.28530
-7.32657
-0.87293
-1.70809
-1.09970
2.14575
1.92067
2.63083
4.35148
2.75721
-3.01528
0.55084
3.08738
-6.71983
7.72639
1.18834
-7.71276
-3.70486
-5.94629
-8.90274
-0.97180
-4.55233
2.41387
0.26958
2.11430
-3.29569
-7.68063
5.10888
20.68475
11.54242
19.81714
-4.08096
3.01362
-0.49065
1.98601
-0.70947
8.03907
-4.54517
-1.43950
9.27560
15.76932
-9.34653
1.35502
-3.03085
1.56712
-2.21474
4.58090
-2.49124
0.98219
-11.37042
7.14704
0.71172
9.21539
-5.04084
-9.48013
0.68971
-9.74283
0.34138
5.94783
8.59576
-0.17281
4.33329
9.40299
3.36788
-3.11726
-7.05635
-5.27784
-7.47774
-6.33071
-0.29543
3.01667
-3.58810
-4.87468
-0.11999
1.63566
1.59627
-5.42712
1.63888
0.62065
0.32736
-4.24680
-0.40286
6.96270
-3.91044
4.00399
4.47652
-6.56737
10.57940
-6.92249
1.71794
1.26776
2.73542
1.05896
-0.61846
5.89645
-4.60619
-2.57753
0.81046
-6.64974
-1.05584
-2.43777
10.84565
9.87307
-6.61345
9.19509
-1.89159
-7.55114
7.10672
7.53770
-0.45026
-1.93372
-7.81558
0.94569
-3.76309
-2.51907
5.24924
-7.59660
-4.74504
1.27387
9.35761
18.69410
0.24506
0.38301
14.42374
-12.48929
7.88086
-3.50360
-9.34997
-2.78249
-2.01318
9.59330
-7.80854
3.53419
0.64541
-4.96114
-0.88228
6.07593
0.14257
-6.71465
-2.60738
-0.26512
-11.61396
3.01277
7.95699
1.60621
3.55355
0.05675
-10.92223
-0.43671
-0.74198
5.08131
-5.68875
-2.68766
-6.44134
-9.09038
-7.12093
-4.04339
-3.15493
9.71608
7.30789
-12.16375
9.26330
-0.78337
6.49107
-10.96723
-4.00946
2.17196
2.00264
-3.66228
2.45273
-4.02897
-5.71552
7.80577
11.68726
1.92176
-3.95494
3.23259
-13.24673
-2.76286
5.28550
-2.23279
-6.04301
16.29270
-15.71041
-4.45982
15.07616
-2.74381
6.51476
-6.59048
5.89370
0.88509
-1.22394
2.24061
2.22548
-14.04921
8.79664
8.35608
-15.04041
-3.64272
-5.48206
2.69733
-3.49739
3.56472
0.47085
5.96694
-3.00199
-1.71042
-2.30679
11.07242
-2.26024
-1.53607
-4.75193
-2.94368
9.11584
12.40202
10.14823
-8.46616
6.16013
-4.24184
4.87981
11.62156
8.97389
-0.44901
-0.06667
-2.51531
-0.16054
2.87985
-2.54125
-7.53779
-7.28892
2.79658
7.52227
-5.16574
3.41419
1.90294
-4.45454
-10.35970
-7.16101
13.11021
5.12867
-1.70809
2.77244
5.46546
5.66139
-0.71443
9.17133
7.07433
-3.96181
-0.88796
-9.24145
6.83060
-6.89627
11.07365
-11.67898
-1.15577
-4.34421
-0.90933
6.31495
-10.27183
-2.43714
-3.99162
-13.09527
-3.16636
-8.24776
2.46967
-0.44194
7.70063
2.46440
-4.86304
2.55274
3.76503
-7.95507
-11.16669
3.55510
9.66714
16.24167
7.75133
-2.83756
3.92980
2.58300
-5.00434
2.29341
-8.02318
6.11684
4.44231
1.86274
-2.51701
8.60979
-2.12439
-4.63709
-3.64951
-8.44243
-14.93223
4.37787
-3.97128
3.15663
-1.25402
7.41680
-4.49722
0.76380
3.63040
-2.38145
-5.34499
-3.91806
2.68435
13.07824
-4.31219
8.15744
-7.47054
13.90455
10.13842
1.09438
11.57329
5.40443
-5.97449
-1.72489
1.27393
-7.79702
-4.23217
-6.53070
0.75400
2.74013
-2.90572
14.18267
-1.92095
9.13330
3.92934
0.54409
14.62153
-11.50583
1.49059
-0.36942
1.68109
7.37404
10.38219
-6.54240
0.73875
2.95530
-9.83211
3.58341
-8.86711
-8.91075
-22.13840
3.86245
1.57432
0.75665
-9.26465
-7.82831
-2.61786
3.90138
1.63187
-6.07644
3.59530
-6.70545
1.49808
15.72825
-11.56132
9.12379
7.13726
1.07370
-0.32732
-2.25290
3.08697
-5.28878
-7.16591
-2.56142
1.22055
8.10990
-9.37652
-7.02833
1.64779
-0.32597
-6.38371
-2.77750
5.66470
5.59225
-9.29526
1.03226
-14.21317
8.10134
2.68070
-5.39949
12.51648
-11.67965
-6.77671
1.61351
-6.18765
-5.20470
-9.28026
-5.40533
7.11932
-3.79869
1.19702
11.96254
1.47197
-0.81522
-4.63642
7.44837
-9.60134
-6.62908
-2.30959
3.17906
-7.02672
-3.81109
6.41257
5.70934
16.93831
12.75225
-5.63504
4.77954
3.01318
-3.67388
-9.01354
3.77279
3.85288
-2.15216
-11.80301
-0.19940
6.00602
-2.38004
4.51950
3.45719
15.17697
-9.41703
8.87890
2.95281
-4.96230
-3.74045
7.26803
-6.52183
-5.86685
-5.52742
-1.71324
-13.47038
-4.34994
-0.58432
0.16908
0.45380
1.08875
-1.48770
1.25784
-8.04260
-1.37787
-0.54242
2.16102
0.52512
4.83944
-14.59831
0.67978
-15.67857
-11.70316
-3.16296
5.68077
-0.81551
-19.24070
-3.57508
-3.86743
6.41536
-0.57357
4.36147
1.04709
7.33267
-1.27285
1.04790
-5.86523
-5.76352
0.60845
-7.42548
2.15773
1.72204
-5.57943
-3.18649
10.20076
-8.02431
6.10375
10.81449
-5.55775
-7.04885
11.29597
-1.38278
3.94052
8.31378
-6.58479
-1.33984
-4.11407
3.17895
0.27022
3.15286
11.42739
-7.32608
-0.04210
2.26043
1.79290
14.25678
5.56281
-9.41699
-3.58302
15.59100
3.35439
-5.50029
3.01939
1.91514
4.66565
-1.09172
2.07375
-3.97933
1.02282
12.11767
2.43862
8.20719
5.77839
-6.73727
4.08107
-5.24477
9.77841
-6.17621
-7.87102
-13.97308
-3.25533
6.98605
-5.16274
-5.75400
-5.42134
4.11631
15.27910
5.74925
-1.52960
5.36392
1.10321
7.35728
0.88176
7.04643
-1.24760
4.74220
-2.68039
5.88793
8.87175
16.93479
11.69475
-0.10177
-8.89805
11.63066
-6.43145
17.63005
-5.64327
9.46323
-0.24459
4.95905
-5.72080
-3.26499
-2.51811
-2.47520
8.53597
7.89961
9.84097
17.54308
1.29359
2.48110
0.94602
5.12191
-6.52370
-2.43052
6.60577
-0.77419
-14.98638
0.56337
0.72223
-2.81455
-4.57866
6.91677
-1.84806
12.89411
-3.38899
3.59854
-11.15783
3.59651
-0.69037
-18.47477
12.82586
1.69430
2.38037
-0.80087
1.45577
12.44787
5.68648
-9.92947
2.80896
-9.09694
-4.14959
-2.24685
12.23978
-2.72137
1.04934
-0.64307
12.36273
2.87638
-1.29761
5.33422
-6.20026
-3.16854
-4.61945
0.43116
4.23287
15.76201
9.48446
3.23814
-4.26375
8.78835
7.45445
2.17105
-0.51434
-0.59405
-9.02652
-4.42649
-2.20140
0.94212
0.26608
2.63553
16.13402
8.28446
5.97190
-1.58071
-0.48727
-8.05169
6.81893
6.10669
-10.47774
6.60028
-2.26637
3.41114
15.31629
0.38204
-1.44832
0.15921
1.27456
-14.46687
-5.87501
5.80068
-4.91933
-2.31325
-11.34685
-14.48918
8.59923
4.76509
-8.05711
-0.49675
-1.64873
2.82608
4.57103
12.60061
-3.17916
0.94011
2.20769
8.76571
4.15465
13.13774
1.20014
0.05350
12.20511
-0.65547
-11.98839
6.47485
-8.18966
-3.60770
6.85705
-4.51666
2.08493
12.30817
-7.58646
-2.55171
5.55862
-6.03881
0.58464
5.46081
5.17270
11.31450
7.16403
-14.28297
9.72348
-4.20898
-2.45413
10.58513
-16.60067
0.14609
5.72577
5.13634
0.61896
-3.35389
8.35470
18.89261
8.80066
1.76573
-13.41551
-3.67216
-0.98172
-4.56668
4.30285
-6.37811
9.34088
4.61095
-1.47786
-3.71570
-0.37411
-7.30640
-1.34315
5.40628
-9.99131
-6.71917
7.06654
-3.21842
-4.65801
-5.69196
-1.56271
-6.13695
-9.76965
-6.72661
-8.72780
-4.29786
7.38304
-9.88484
-10.65823
-0.82029
-0.80154
0.68556
-4.98192
-4.42064
-5.05054
5.96107
4.85081
1.68734
14.21816
17.75222
8.52564
-1.45437
-12.24540
9.54929
1.51898
4.71084
-4.64056
-7.15921
-4.34062
-0.49120
-6.21757
5.12200
3.27856
8.89354
-10.12908
4.11991
8.31170
7.46004
0.73054
2.34735
2.41493
-2.65792
3.30773
4.91077
-0.60507
3.91803
-2.83243
-4.30124
3.90262
-5.20202
2.36117
-15.41520
3.87215
18.39480
8.48908
13.39818
-2.80284
14.69774
5.15493
-5.14311
0.60912
-3.85023
-3.79514
-6.53759
-13.66826
7.99156
-2.15577
-4.43843
6.15707
-7.22126
2.44442
-2.62582
11.51645
11.27401
0.11675
4.47784
-0.41310
-3.20183
7.99893
0.77012
2.86817
-9.72751
0.93280
-4.94550
8.56002
-11.57534
1.96675
-9.10447
-8.49848
-0.47188
8.16093
4.06044
-21.44201
3.97617
-0.03863
2.42268
-10.98447
-5.99457
2.78296
1.88213
0.15319
-2.94697
-2.52864
-1.19358
-1.65392
2.19058
3.47336
1.79209
-7.50624
12.55217
16.25832
-12.41286
0.66553
-7.24286
-6.93587
-2.92084
4.20777
4.63529
0.15756
-1.65500
1.62121
-7.53897
-6.62136
-9.45395
-1.20907
2.49875
-7.28907
-6.70145
6.13669
5.48695
-8.95091
4.29573
3.08598
-2.61614
5.39062
-7.29564
-0.51681
9.70208
6.95150
-1.29213
-4.78654
6.68991
12.67179
-11.03230
-1.84902
2.77506
13.24238
-12.00913
7.51341
-10.78536
-4.68333
8.64902
-2.97702
5.29576
-2.91111
11.03861
-10.00590
-1.66276
11.69754
14.70194
-0.11535
-4.79080
-6.92759
-4.53029
6.16771
6.38971
-10.34565
-7.04738
-10.89300
9.02435
-1.06898
15.69996
-2.73644
-1.88574
-0.44562
0.08937
-7.86868
16.70542
1.82300
1.29656
-5.16486
8.06603
1.95874
-4.72747
-4.23676
2.77229
-0.48690
-4.95122
6.79399
-4.51681
5.01421
7.19545
6.49297
-2.98155
0.17166
-12.40017
16.83907
-11.77846
-8.22539
2.51580
-1.24412
1.15550
7.43226
-6.69684
7.26617
-12.17693
-4.12769
4.15702
-3.25230
1.87895
5.33715
0.45835
-8.31872
3.40925
6.63126
-10.06572
-1.46397
13.99315
10.04992
-10.72244
16.67231
-9.84085
7.87179
13.32439
-1.95706
-7.27424
-5.95401
1.88602
9.02474
1.64488
2.11809
-12.08497
10.63774
0.73461
-4.05548
-10.46053
-2.39728
-22.16821
8.34148
-5.31169
-4.72129
-2.86800
-11.54755
-5.00322
0.28758
-4.35158
-7.42358
-0.39874
-2.34739
9.78282
-7.73441
0.77114
11.79447
7.18417
-8.36670
-19.07144
3.50658
10.00930
-5.25625
10.97244
-3.34630
8.17087
-2.84563
-3.55426
4.92032
2.06880
5.76475
0.52294
0.43985
-12.36289
0.64451
3.60438
-7.64777
7.96826
1.21119
-2.14392
-11.04445
12.03703
-6.78331
-3.74024
4.64287
5.99922
4.16626
2.59948
-5.53800
-8.58497
8.53540
5.02159
-13.14900
-6.99989
-7.55629
5.45439
15.99053
9.28013
9.93212
0.38607
0.19011
3.39031
-0.10830
-2.13061
-1.36044
4.08545
5.27188
-2.94573
-8.94400
2.30188
6.74498
-6.61845
-7.61428
-3.82041
-4.25887
-4.65379
-0.83565
6.61464
-2.34541
9.45887
-4.85117
-3.50895
-3.02100
-4.28305
-1.46722
0.08179
15.25168
-12.30747
14.71136
8.11274
6.52381
-0.18253
-6.45213
8.47408
2.27136
-6.26539
3.04476
-5.03742
9.22038
3.62862
3.60409
6.94896
8.94687
-11.97438
7.88702
7.12762
13.42730
-13.86051
-0.55144
2.71935
-5.34983
-4.73670
4.84621
14.42051
-6.67853
-13.78366
6.20512
-5.77472
8.67239
2.48379
2.24467
-7.33716
-2.03692
1.64328
2.93551
-5.08972
7.48072
17.28219
-6.47436
7.66885
-11.21407
-13.28166
6.70309
-2.49348
-3.27314
1.79200
-4.59472
7.05201
-3.31361
-3.94701
3.17792
-10.62939
3.37872
20.65422
3.81347
-1.06666
1.83597
1.45140
-1.26386
6.43433
-0.50191
-4.67146
-0.17946
-4.97227
-16.16953
-7.58989
0.23000
7.13593
6.81195
4.55573
1.98699
5.39401
-11.13133
7.73259
-18.55682
15.19889
-4.19505
-2.50339
-6.02053
-6.05337
-3.20167
-5.82167
-3.31216
-4.07191
8.30186
1.05780
-8.42858
-7.43816
2.23000
7.32559
3.80316
-4.10512
-14.05625
1.39658
-4.99223
5.74653
17.03902
-1.11059
-0.97741
10.94717
-10.41288
-1.99352
7.10636
3.57110
-3.44144
6.65307
-1.83682
-4.25289
-2.11966
-3.75820
19.37440
-4.00593
5.75286
-4.96860
0.03708
-9.02605
-9.32419
-2.42702
-2.91570
1.72639
-14.04040
-2.61783
3.24690
-5.74027
-3.31718
7.21987
-6.17733
-3.30875
-9.08252
9.82687
0.94412
7.70969
-12.94264
-9.49129
-8.62543
8.31000
-3.68259
6.07199
-12.36582
-0.64345
-7.11312
10.12358
7.21055
1.70183
-3.91914
-5.72293
10.03627
-17.31331
0.21041
-4.98334
-2.53936
-0.37564
6.66079
10.20526
2.32431
6.37880
-11.07812
4.92790
-2.89512
12.98215
-4.95088
-3.40967
0.91725
3.37868
5.84356
-3.30131
1.30662
2.30249
8.89248
-3.33301
7.28091
8.99947
-1.19762
-1.19636
2.72942
-4.88860
-9.74654
7.82596
3.58420
-4.45238
4.09423
-3.09428
14.47086
11.65634
4.83534
4.73205
3.25209
9.09295
11.05999
2.03024
8.29165
-5.27895
-20.40692
-7.67310
-4.71479
6.13620
6.47058
-6.98774
-0.58074
0.46137
0.90662
4.00398
-6.68394
-6.30292
-8.53293
-3.17669
-8.12537
6.45591
6.85743
3.96300
9.61099
-2.61016
-0.44346
-2.95206
-0.72207
17.98465
-4.66368
7.91267
-3.01742
7.98494
0.20602
5.32852
-12.42827
-9.06783
7.58531
-12.88243
-3.58379
-2.37795
-8.19757
-3.08457
2.98809
4.03734
4.55272
8.39327
3.06271
-3.73185
8.33978
7.65342
-10.76016
-0.92994
4.11038
-6.30820
3.88626
3.07568
7.31069
-4.92124
9.68074
-1.30281
-5.25239
1.22725
-1.73866
2.89100
-8.18571
-14.25128
0.38356
6.59634
2.50263
-4.94217
-4.85346
10.17714
8.90016
-8.76553
3.50144
7.14016
-7.24086
-6.59821
7.82382
-1.64577
-1.89615
-1.81986
4.42701
-2.07697
7.17598
11.83247
0.40714
-5.33956
5.76142
1.53845
-0.13026
-0.29009
4.01127
-11.59352
-5.65601
-2.28631
-1.41188
-0.78969
-0.82236
-6.97951
-1.31400
-5.03500
2.75430
2.55836
2.66603
-7.25442
-18.86762
-11.84834
6.84327
-10.30011
6.17350
6.19787
-8.45949
4.41883
-2.06436
-3.48759
-12.59262
-7.29936
3.88931
-4.50840
8.24405
-1.55674
16.20425
-13.91220
-5.73548
1.98805
-0.72604
-11.47952
-5.84780
-5.94826
2.95479
5.61870
5.03150
8.17191
-5.19336
7.60084
14.58295
6.89953
-12.88675
0.20363
3.70363
-3.47969
1.77046
5.30858
2.95466
13.88148
-5.93029
5.00381
-2.51253
5.54964
0.37873
-0.06584
-14.36002
-7.95271
6.48653
-6.88101
9.88881
-1.31740
-8.00012
-1.99477
-0.19537
-6.13677
7.61533
5.99176
7.57346
1.45533
4.51737
2.95065
-7.97268
-16.64500
14.47476
6.27327
3.38193
-2.50192
-3.60686
-5.55181
5.98625
15.70834
9.03683
-16.88910
4.58145
2.29093
4.07263
14.78879
8.82125
2.84782
-4.62431
-11.80909
-7.11361
-3.97971
6.66595
-16.66206
-0.63863
0.78138
-3.43418
6.04887
6.14456
-11.42729
1.60355
-9.66590
-0.78587
-12.81629
1.62170
-12.04883
12.89719
0.23151
-4.45464
3.33385
-3.20875
-6.56273
13.24919
-0.78498
7.63156
-14.75845
-3.18138
-1.65470
3.03963
-9.40184
-1.52910
-4.66870
4.39173
4.90212
1.29338
6.06814
19.91099
-4.77034
-4.32475
-2.88445
-5.56288
6.26178
2.66757
4.58696
-3.13020
5.51898
-6.53406
9.26204
-4.71897
0.04148
-0.47675
1.78508
-11.88446
11.96189
-6.69555
-5.42949
2.31758
16.12632
-14.15992
-11.47358
-9.76500
17.98371
-2.20426
4.72330
7.22820
2.51273
-3.08476
-9.17645
4.79502
-10.61225
2.41962
-1.61101
-4.32243
1.10925
5.37873
0.08229
-16.80137
2.40993
0.81695
-3.09117
-0.83840
-4.20059
3.52373
3.91425
-1.65466
-4.07663
8.93376
6.03932
-11.39122
1.34945
-7.40136
-7.47928
2.99058
4.19636
0.51787
13.67451
0.99356
-3.04936
12.36106
-2.66946
9.14523
0.70264
10.78904
6.19708
1.60775
1.65685
-0.04467
8.48893
-0.87323
5.67028
-0.09284
-0.40686
-2.65360
-1.44862
-2.30827
-3.38412
8.32873
-0.04171
-2.18411
-13.93459
13.28070
3.84361
-5.19229
-0.86194
-0.20742
16.47387
1.08590
8.14067
-5.66343
-9.37766
3.98555
2.92621
9.46189
-1.02671
-3.98176
5.47107
2.42964
3.37874
-6.00369
-0.61216
2.88056
15.86934
-0.16956
-1.95038
5.79448
16.49688
-16.56400
3.04051
-2.79835
2.43341
-14.47746
-1.82530
-8.73989
11.66075
5.72845
5.16960
12.24908
-8.34345
4.01321
-3.58028
0.24726
21.96079
13.15469
-2.20242
-4.50888
