-1.85354
7.77339
-1.19352
-4.31041
2.62827
0.64373
4.58292
-6.79540
6.77104
-4.28886
-8.88662
0.52557
-0.39421
1.85762
1.37605
0.42660
-2.03978
-4.40774
-2.00645
-5.57423
3.41329
1.50849
0.42296
-4.29202
-4.71341
1.06236
-1.44949
0.96134
-1.03912
0.48086
0.49960
5.94463
1.44772
0.80918
4.72294
-5.04533
-9.27403
-6.30875
-3.82255
-0.86997
7.80409
-0.15076
-4.33485
0.07818
3.56182
0.13713
-6.29694
-3.08632
-1.48897
0.01284
-0.44231
0.01210
1.25719
4.42853
-0.37704
4.06223
0.05409
0.10435
-4.77872
-0.54523
7.96943
-1.97987
0.74593
-6.77882
2.09647
-6.04453
-7.02600
-3.03545
5.05857
-7.12315
-5.89292
2.84813
-0.75605
-3.16847
-0.59077
4.54035
3.30496
2.11096
-3.26512
-1.10480
0.77869
-8.16417
8.73497
-2.34705
1.68896
-4.85389
-4.14826
-5.21991
1.36786
2.06503
7.91216
1.40503
0.12164
3.68481
2.85957
-3.90619
-6.55044
-2.93344
5.67808
2.70630
4.19714
6.34782
-5.66641
3.24274
7.40722
4.73019
-1.52196
-2.47278
-7.62887
-10.18325
-0.99844
-1.84291
-3.67727
-0.66997
-0.82564
0.54558
0.46586
-1.58134
-1.07243
4.90382
0.09150
8.07701
3.19102
0.38259
-1.35009
-0.28150
-2.82154
7.22681
6.90010
-8.97936
3.98918
7.95185
-6.29229
-9.16260
-5.78188
-2.99795
-2.47449
3.80601
3.18297
1.43342
-2.11739
1.89855
13.84834
8.25351
-5.71144
2.86667
4.83488
-0.48202
4.74331
-3.83925
2.56899
3.29774
14.44646
4.03048
-0.77367
2.77241
1.03950
-0.48397
4.05620
0.01341
0.27204
-0.89582
-3.20244
-0.46545
-0.16798
-1.41284
-5.35445
3.84667
-2.19377
-3.03741
-6.86756
-1.46316
3.03598
2.38698
-5.44088
0.61722
0.07734
2.61931
3.84930
2.27571
-0.88155
3.96390
8.70163
-3.97693
1.41522
7.26234
2.26808
1.31826
-4.39391
2.55486
3.90391
1.07398
7.05123
1.91795
-0.21582
0.51419
2.26183
-4.03756
0.24702
8.46468
-1.26381
-8.79190
6.32624
1.22938
-3.84676
-3.45414
-4.76431
5.50697
-2.93856
5.35177
7.42776
3.08273
-0.31111
4.02371
-1.45768
3.36329
-5.79014
0.00087
-0.21793
-3.03433
-0.61435
-4.67422
10.19600
-0.99288
3.52888
-0.77443
1.68511
-7.64957
-7.21915
6.60698
3.13551
10.38136
-0.17759
-0.71540
1.43330
3.46756
3.17576
0.62734
5.29243
4.91690
-6.83263
-0.36381
5.66253
9.86307
-7.00797
4.50737
12.26750
-2.90591
1.77078
2.90370
1.97049
-3.83053
3.77911
5.22474
7.55074
3.68631
1.12042
6.94129
4.32539
2.54507
0.72676
7.21320
-8.46167
3.79697
2.90365
-3.59078
7.04162
-5.86163
-4.70530
1.61048
-2.43332
2.22614
2.12701
-1.15059
-1.96590
-2.54701
1.56973
-10.44374
2.46165
-4.27802
5.10833
4.17294
5.85062
-1.91287
-3.19977
0.77021
8.17322
-4.14244
-2.15589
-2.69405
3.51269
3.09263
2.80152
3.19409
3.21234
-0.84156
-4.68097
5.68770
1.08021
0.41370
1.81632
-6.79460
5.25041
7.17396
-0.53230
-5.36644
0.77933
-2.73122
-1.50249
1.14618
-3.46102
-1.51183
2.23382
6.26641
-5.31942
4.62401
7.28126
8.64449
1.03157
0.36419
-0.66945
5.43052
8.84871
-4.28687
-1.74985
0.36909
6.97505
6.64544
-5.75474
-3.45451
-6.03497
3.47585
-3.18933
4.35155
-2.98480
-8.48510
-4.96605
-4.18394
7.20153
7.19946
-4.37116
4.25713
-2.39938
-9.57739
-4.15118
3.36366
1.03419
-1.88241
4.60505
2.23812
3.50957
0.13835
-2.58755
-1.28817
4.64236
-3.02857
-0.50389
-4.98464
4.46150
7.81422
4.52716
-4.06442
-2.85627
6.48246
0.69404
1.10616
-0.84065
-2.89633
3.81030
-3.14121
1.16276
2.03986
-6.99720
-5.53100
-0.14756
3.91161
-5.48681
-0.77866
2.12802
-7.89121
3.90354
1.08918
-3.85437
-5.10315
-4.89118
3.78091
-2.97485
1.14681
-0.91220
4.31483
-3.08888
1.84846
6.02125
0.23794
8.36955
1.18482
-1.14915
2.36964
-3.93575
0.25312
1.97615
2.18753
2.95658
1.52582
3.15872
-7.07189
-4.26358
-7.06860
-7.63340
-6.39993
1.51399
2.76309
6.47858
10.16152
-1.75086
-3.50025
1.56636
7.82836
-7.09922
8.85176
0.56895
-6.27785
1.44738
-3.23401
3.73368
-6.88356
-1.71184
0.51781
2.59299
-4.92020
2.49645
-0.11366
0.98190
-8.05659
-2.53011
-1.38625
0.02358
2.77176
0.97395
6.16696
2.14903
-1.47844
5.36745
-7.61041
-2.96335
0.45624
0.65147
-5.90589
-6.77054
3.19125
3.41017
2.10523
2.12221
1.91633
-5.82337
-7.25163
-2.54140
-0.07656
-5.74591
4.86719
-1.53960
5.99237
9.50139
-1.20651
-7.38071
6.10091
-1.36274
2.10371
4.24490
-2.91930
-5.40572
-0.16045
4.68817
3.06340
1.79378
0.59478
0.38189
-7.16371
-5.95390
2.25373
-9.39023
-2.04215
6.26009
4.89278
-8.80175
-3.02340
2.77703
5.82531
-2.31477
-3.61376
3.70866
2.89347
4.54762
1.94684
6.88015
0.44577
2.75439
7.70971
0.34482
-0.60606
-2.77266
-1.43065
-7.22429
-0.34235
-0.08251
0.89196
2.83816
2.59050
6.22141
5.56551
1.78605
-6.10806
1.21115
8.05527
1.49772
3.28635
2.29222
3.64586
-3.30906
4.64459
5.32199
-3.66507
-5.41225
1.10041
-1.82073
-2.71784
8.61594
1.38077
-0.58361
-0.07637
3.17994
-2.42094
11.22587
-0.96401
-4.03927
-10.43750
-4.26222
2.10990
-1.96991
3.08668
2.49848
-4.56517
-6.91261
0.47880
5.68778
-1.00104
2.35185
-5.45579
-2.92751
-1.28409
-5.61257
4.25877
-0.14990
2.01745
9.49382
-2.11137
-1.43274
3.25821
-5.88035
5.52332
-2.56172
-1.61519
-9.23972
-6.89481
-3.87010
-8.14029
0.83390
-4.28371
-0.83921
6.70375
2.07351
5.20882
1.49754
2.04749
-1.72872
7.60336
-5.00723
1.02499
1.64480
-10.26941
-7.02542
5.48510
2.54652
10.13038
-8.07776
6.74249
3.03034
-5.59853
-1.81421
1.53198
0.08110
-1.33627
2.45673
6.86570
-4.29179
-2.74287
-2.19544
-8.48058
3.27922
-6.40345
-11.55519
-2.83650
-5.71194
0.02965
-2.41769
3.72031
6.13207
3.89861
-4.89550
-5.86792
7.28178
1.56960
7.37214
-3.47276
-1.08779
3.96862
7.44113
2.84610
-6.13225
-2.26693
1.34022
-1.20580
-0.13074
7.44899
-2.16259
0.61859
-17.39386
-6.92756
3.09660
3.68502
2.84679
-4.36342
-0.84068
1.46069
10.98762
5.14814
4.18256
-0.85504
-4.26875
-2.10300
1.51103
0.39257
-2.59841
0.04885
-9.27582
-11.94137
3.52542
2.75468
3.04098
-8.13614
4.28522
5.36154
-1.92053
-1.43014
3.28608
6.51083
-3.52390
2.40892
8.49090
-1.68347
5.00420
-2.67118
4.86417
-0.94091
4.58360
-0.52600
-8.89501
-1.43758
5.39230
1.38448
-0.24744
-3.13946
2.20673
-5.52371
-4.33231
-1.40905
4.55529
5.24286
10.93092
-0.98376
-3.83676
-5.55856
0.33876
4.87509
5.69829
4.20309
0.03064
-2.28262
3.21251
-2.52403
-3.89574
-9.22634
-3.08646
-5.15703
1.34571
-0.91338
-3.26661
-11.92972
-1.41676
-2.87212
2.24509
1.43800
-2.26654
-3.18414
5.31785
-0.02827
-0.99510
5.39501
-5.14645
-2.36731
3.51129
1.71213
-5.89701
-2.19188
1.72907
6.55908
6.66454
4.22181
-9.89061
-4.14643
4.88195
1.03800
2.48694
0.93526
4.25549
7.68797
-2.17614
3.81120
-5.72423
-8.63221
-0.97056
1.14653
4.77818
3.92597
3.17459
-0.31466
8.32711
-11.46844
2.65897
1.91663
-8.88535
4.22008
-3.66140
6.67501
-5.23063
-4.52332
6.17594
5.81311
1.56733
-4.25939
4.14907
7.09341
-7.55121
-5.24587
2.15206
3.34639
-0.75110
3.56953
-6.86530
0.69170
5.18428
-4.54460
-2.98648
-3.07075
9.41872
6.96433
-1.77348
-1.04949
0.05928
-1.23328
7.48162
2.76391
1.72035
-6.01305
-5.51832
-3.80519
-4.86831
-9.18983
-1.15124
-1.73374
-8.80851
-7.70513
0.13807
-10.02770
4.17339
-1.99531
-1.07935
-0.32323
0.53747
3.20236
4.86518
-8.41638
-1.93437
-1.70002
-10.80276
-0.75088
-1.95560
-6.93199
-1.55056
-1.64740
-3.18472
-1.63609
1.79754
-12.83532
-5.39857
-0.95005
2.54514
-0.84212
-2.57043
-4.84695
1.09445
-5.65135
4.69113
0.76452
2.14539
-2.15262
9.85607
-2.13085
-0.19369
-1.35978
1.44197
0.03376
-2.69971
-2.01114
3.69117
-2.25812
-9.39156
-9.29105
-7.83517
-3.07703
3.98486
-0.12739
2.19585
3.09480
-3.01665
5.14155
2.23935
1.98246
6.33359
3.69285
0.46801
1.47613
4.54920
-2.98292
-6.16742
-1.10992
2.01223
0.40674
6.24571
-5.44656
1.07266
1.46626
1.06289
-7.16288
-4.38241
-4.74972
-6.24471
-3.54447
-2.00157
-7.70852
3.74439
-2.80950
-1.89869
-5.38605
-1.39569
-8.83970
0.75413
-0.38266
0.21411
4.20406
-6.06948
-3.47581
-3.90245
-4.09153
4.34851
5.03385
3.19943
-6.94062
5.29554
0.16498
2.98270
-0.29896
-3.98489
4.42481
-6.51059
-1.54995
-3.90807
4.95012
4.33638
-3.82719
-1.11915
-2.23401
7.03957
-1.98578
-0.53911
3.03119
-5.89899
-2.26499
6.58937
-3.15336
3.82471
-6.47090
-8.19407
7.47649
-1.43771
-1.24745
-3.53995
-4.18289
2.58649
4.11937
1.89795
-0.34874
1.19847
-6.96114
-1.21707
1.51438
-1.54856
-7.02375
-2.40408
-6.01634
-0.85481
-1.40814
-1.07325
-0.08085
0.26915
-5.70559
7.49633
-1.45179
-12.58687
-2.73609
2.69313
0.43869
3.68218
2.68100
-1.53236
-12.01516
-2.74722
-1.02835
0.49910
4.48359
4.77651
-4.85403
-6.45220
6.12125
-7.32617
8.53073
-1.56221
-5.65160
2.68033
3.82963
2.43962
-7.75262
-1.31123
-3.12140
-4.32861
2.84672
7.23983
-0.49438
-3.39417
-2.84009
-1.05682
-3.88648
2.91333
0.62921
-0.71841
0.80154
-4.75684
2.21644
-5.69730
4.07112
-1.62985
0.06621
3.93229
4.47930
-5.22919
-0.95630
0.47219
-1.46828
-4.45875
2.04245
8.39617
1.99544
-0.80878
0.64159
-3.89645
5.09521
2.60340
4.63902
3.34312
-8.53308
9.22190
-2.21229
2.81469
2.64708
2.73356
0.11544
1.50031
2.50339
2.08236
-0.72883
4.60000
2.56750
-2.61288
4.05421
1.39708
9.20815
-0.31708
3.05003
-5.18501
-6.46717
-3.23752
-7.34859
2.15859
-0.15143
-0.14202
-3.94723
4.42646
-6.41395
-1.82387
1.77304
3.09853
-2.09338
0.68742
1.51095
-1.75881
0.16040
5.64216
4.65449
-0.07627
-0.25534
0.99619
2.44614
-2.90769
1.21736
6.95454
-7.23179
-0.90474
-6.98480
-2.46104
-1.27064
-4.77630
-5.57846
0.74890
-0.00908
12.24299
-3.69566
-10.24105
1.98294
3.98513
8.72048
-3.94085
0.40981
-6.66303
-2.00979
-5.30614
5.13419
-1.31181
6.39695
-2.07976
-5.36950
1.51971
-7.01163
-6.67216
-3.01488
9.66979
2.55644
-6.37857
0.07863
0.56483
2.60677
0.70604
1.39454
4.83933
-6.42443
-5.58333
-0.62083
-1.26177
7.72830
-8.15853
0.10638
-2.01863
2.24143
-0.61352
-10.23185
-0.50513
1.60614
4.19490
-5.35090
-3.29376
5.59513
1.27327
-1.45292
2.59212
-3.92036
-2.16221
5.80046
-6.21884
-0.26468
0.50905
5.40998
-5.51614
1.15519
-1.49615
-3.57078
0.19610
0.83544
-1.37459
-5.48368
-3.72480
0.69812
7.22016
-3.53477
1.43409
4.85702
-6.49150
-3.62650
-2.61793
4.86519
-2.66915
-4.53267
5.32693
1.47754
6.09559
4.70806
-0.37458
0.09885
3.65386
-8.46312
2.05622
-4.81434
-6.71927
0.66977
2.03620
-1.99387
-3.51587
-0.98204
-1.72944
2.14549
1.83682
-0.30981
-6.56198
-5.22311
-4.57941
1.26826
3.42859
-4.83334
-1.62720
-7.80480
-0.12707
-0.33163
5.63141
0.26740
3.39868
-3.37811
3.51298
-2.58628
1.41065
4.64200
1.14733
-3.63972
0.69913
1.96714
5.13709
-6.72858
-0.98559
5.39741
-1.37560
7.25574
-3.80320
3.88116
0.38134
1.97701
-4.80933
-3.82748
1.44774
5.23638
-0.33787
3.02146
-2.41275
6.79864
-3.56868
-1.67281
7.32775
-6.77082
4.60544
7.77656
-6.60855
-1.25747
4.22998
2.70394
1.35407
2.81591
-0.87008
6.03026
-0.87597
8.28115
0.95022
7.01582
2.29332
-5.02307
-4.38992
-4.12678
0.42316
-2.22968
-0.31835
2.19502
-1.47041
7.20225
3.84356
-10.71765
-5.47373
4.60124
0.04056
-5.26535
-5.00280
8.07220
9.83250
-3.54419
-3.10199
-3.58761
2.10621
-4.84572
-3.99629
-2.03836
-5.43345
-1.03045
4.77310
-4.65396
-2.93433
3.55318
-5.02914
4.68828
1.23918
-6.09659
-0.44580
9.21041
1.31335
-2.57079
-9.63585
6.82816
6.15670
1.62821
-1.08124
-6.60262
-3.15895
-4.92046
0.81006
-0.46894
3.59906
3.61436
-0.12995
-0.53537
2.28126
2.11709
-1.78647
10.17961
-1.75596
-0.60282
6.79605
-3.89072
-5.61203
-7.40990
-4.18608
3.54384
-1.25272
-4.94358
6.41639
2.23904
-5.39458
3.27719
-0.97158
-6.02112
6.50059
-0.33984
0.21941
1.68559
-1.20500
-4.44814
1.45239
2.00224
-5.54064
2.82387
-5.13496
6.30053
-3.29413
4.22015
-6.81681
-7.32121
6.70725
8.59611
-13.25519
-3.88405
-3.57496
0.54966
6.18674
0.59941
-3.44408
-7.94001
1.39259
-0.74172
9.59363
5.24292
-1.28782
-1.92671
4.90836
-0.26834
-5.01497
-0.32254
2.84587
3.26600
-2.01144
7.19539
-4.83443
3.77414
-3.56425
2.15969
-2.13994
-8.17160
5.43586
5.06618
-0.40052
6.66946
-5.70819
6.30619
-6.63475
1.20408
1.06937
-2.80126
-1.73635
2.92983
1.42756
1.00903
-1.12542
0.96057
4.94574
0.86388
2.54418
-3.43850
2.11346
-4.95225
0.17511
-4.32528
5.54409
2.06802
-4.09904
-3.61104
-2.80284
-1.96846
-10.35114
3.45159
7.04604
1.02035
-0.77623
-2.34123
5.05139
-2.42125
-11.58739
0.69618
5.23113
4.63530
0.49317
-2.64958
-0.38475
2.47567
-1.81771
-1.45027
0.59897
3.28838
1.66837
-2.51017
-2.51820
-10.15749
-0.65244
-1.71549
6.14510
-4.10602
-0.80585
-4.60191
0.35401
4.29214
2.23594
-3.65189
6.82693
-3.04868
-3.88440
-4.38765
-0.96420
-1.47482
6.38666
4.07753
1.82665
-6.24843
7.76973
-5.96191
-1.32842
-5.54527
0.87486
7.11608
-6.56521
3.71717
6.89804
1.43350
0.39759
-5.88440
0.59276
-2.99707
5.29958
-1.68922
-1.41962
6.93396
4.35763
-9.71291
3.57155
-1.99262
10.04681
1.85153
0.26692
-2.79955
-5.98399
1.56761
-2.52137
6.66343
0.61557
4.82445
-3.70529
4.43370
-1.08541
1.84725
-3.73215
9.67150
3.20269
-1.09488
7.15786
-5.62819
6.33306
7.89910
5.53343
2.77738
-1.31120
-2.94077
-0.81797
-1.85051
-0.43207
4.78458
-0.91694
4.23313
4.13294
-1.75502
5.17297
-0.02565
-1.72613
-3.79581
-5.70692
-0.36621
-2.61482
-8.56519
-0.23225
2.48490
-1.76155
0.75083
-7.24020
-1.58039
-5.23083
6.29816
2.53253
-3.47037
1.57012
-0.80188
5.34231
-2.03933
-3.10362
-3.16339
3.06294
-8.28569
-2.10308
3.19644
2.69246
0.13004
6.04932
-5.11733
4.29438
-6.33923
-4.03475
-1.57210
3.04739
1.91818
-2.49982
5.13972
-8.10087
1.15833
-1.98664
-1.06437
1.30972
-7.95350
-3.95438
-0.63774
-0.09804
-2.24736
6.96681
4.39074
2.48504
-2.50044
-0.65951
5.71231
-7.65252
2.37895
2.19394
-5.26749
0.50494
2.36983
-1.48550
-3.18601
-7.23058
-1.18233
-1.82969
-3.64323
3.55113
-0.12781
-4.47651
-3.44269
3.93988
0.93200
12.84828
5.80856
-7.97606
10.09524
0.24208
-4.55327
1.92714
-5.86437
-0.73509
-11.28224
4.83715
4.44948
3.89877
2.00454
1.47247
-2.18465
-3.17430
4.92124
8.32553
-5.40805
-7.69739
8.48968
-2.24244
-5.05614
-1.46224
4.24688
-14.77793
2.03592
7.38946
4.34201
-4.82661
-0.69933
9.33158
4.33551
6.59155
-2.09121
-2.93046
-3.64663
-3.49930
-3.70226
4.10056
9.22116
0.86868
3.65173
-1.21068
-1.79006
-4.22938
7.47601
-7.53488
-8.55182
1.14009
0.95473
-2.04212
-0.20759
-2.33841
-3.91232
-3.03392
-0.01942
-1.70994
2.07906
0.74001
2.03205
3.58939
12.70350
-3.13165
-2.44256
-2.32747
-4.87974
6.51938
0.06937
-3.51424
5.99772
-2.61664
1.33537
0.27583
-4.27885
-2.61886
-5.64762
6.06208
-1.57840
-0.41983
5.69723
1.33282
4.25735
-10.49922
3.36015
1.25508
8.25611
3.83752
4.33303
-1.65362
6.14078
5.78695
-5.09656
-0.09303
4.37805
-4.27384
1.65977
-0.08171
3.78118
2.44474
0.93932
3.03957
-2.18994
2.55285
1.06742
-0.84995
15.43641
0.78486
1.98401
-5.06401
4.15488
-4.22079
9.17193
2.02893
-7.07818
1.09913
0.23243
-0.01923
1.95576
-1.33556
-0.04852
-0.31538
4.19527
-10.63482
1.51454
2.04101
-8.84129
4.74098
-3.69696
-1.42061
0.97084
-4.37754
1.32606
9.42438
-3.03167
3.25438
0.60797
-2.31362
-3.36552
4.28699
-0.01765
-9.44423
0.54285
-6.54755
-2.24512
-0.05639
-3.13395
0.40099
-1.01435
-1.51009
-3.91649
-1.04668
-11.81531
-2.17931
-3.90083
-1.16664
-3.86603
-1.53478
6.57738
-1.45251
2.68356
0.30021
-3.62517
0.55799
3.01084
5.98338
-5.09329
-3.88707
-0.99767
-5.75848
1.97894
3.79015
-8.55085
9.55510
-7.45425
-1.78362
-5.34536
-2.55719
7.69479
-1.04263
-5.69669
-2.20806
-4.09632
0.82848
-2.79238
-7.92256
-0.26436
-3.40020
-2.08388
-2.47740
5.81445
-2.86860
0.93561
6.24586
-4.19098
-4.52281
1.42349
-2.76390
1.23926
-2.80444
-4.81963
-1.71070
4.84059
3.71338
-6.89480
-4.13755
1.72463
-7.39160
-1.39015
0.70789
3.08472
-3.11046
0.39972
7.01917
1.30371
-3.63694
-8.85921
6.78672
-8.51708
4.09916
1.59490
1.91835
-2.74039
-0.51735
1.28375
-4.76580
-6.08792
1.05928
-2.43769
6.37183
1.26876
-3.62230
-5.46960
8.50958
2.07023
-5.54411
1.18147
-4.80435
1.65910
1.09445
-1.28813
0.44997
5.36688
-2.63699
-3.55517
-3.86208
-7.00021
-2.39893
-6.11268
-1.44551
1.83257
-7.96035
-1.73871
1.16427
3.31034
-10.03415
-1.81097
5.84962
5.35022
-1.18581
3.30449
1.96707
3.55612
-4.36400
2.60691
-8.12682
-1.86796
-0.18407
-3.54833
2.46206
2.31689
-0.04344
2.37267
0.97596
6.42190
-1.12436
-1.60911
-0.71574
-2.35721
5.57560
-0.61270
-4.86512
-5.61008
0.45191
-0.32202
-4.93033
7.05264
-0.14199
1.15509
-1.03989
-7.07161
-8.60996
4.84147
-0.82295
2.42616
-0.69703
-3.40581
-3.05791
-8.05077
-1.55490
4.19921
12.37814
-5.21143
5.18334
-6.07692
-1.88822
-4.50328
5.25727
0.47870
-2.57991
0.73817
-5.75505
0.08734
1.14515
-1.66624
2.05759
-1.12127
0.77992
-12.37181
-4.95048
-4.88320
3.03419
-3.56664
-6.12683
-4.09557
0.57755
-5.70229
-0.09054
2.39385
2.49151
4.46130
-0.37234
-2.09579
5.74576
-2.69672
-0.63548
-6.20484
-0.28608
2.26319
3.69372
7.12343
-2.17301
-1.32719
-0.57434
2.39614
10.51232
2.88611
0.86486
-8.43550
4.27272
-0.03189
-0.38601
2.39058
-4.27728
1.02396
6.62873
3.15243
-2.49320
7.78787
1.65990
-5.76702
-8.41577
-3.28475
1.31820
1.02802
-3.47720
-1.10341
-1.15394
-3.14681
-1.25889
-6.28380
6.66256
1.51213
-1.96995
1.58452
2.98057
12.61809
-5.25801
-1.49052
-1.33593
-10.26866
2.77783
-3.83487
4.92795
-0.66239
1.74632
-0.41218
1.52789
1.87555
2.09332
-4.74541
4.21795
-2.66644
-5.31172
-8.66675
3.58273
0.55744
11.78530
2.62875
5.85839
-1.95600
-3.77507
-0.98427
-1.52988
-5.10208
-4.27937
2.75153
-0.51368
-2.59080
2.16434
3.58218
-0.52877
2.04077
-0.05695
3.70425
10.45362
-0.27653
3.39332
-2.02256
2.39074
3.21754
3.61564
6.19227
-5.58504
1.07654
-2.45168
6.41916
3.11293
2.34217
-1.86001
1.81925
0.25583
-1.95989
1.63280
-1.17569
4.54789
3.62894
1.21221
-3.00441
3.41950
-0.38581
4.21879
7.69947
-0.35332
0.89886
3.50787
6.60496
-4.02893
-0.86974
2.48457
-1.63825
-1.50278
-3.83927
-5.55904
-4.86294
-1.56855
-3.68391
1.07122
-5.75257
5.42981
0.28057
-8.89569
1.68716
6.47372
9.36151
3.36112
-4.98769
1.24431
7.55207
3.73211
-1.01607
3.36165
-0.63615
-5.17581
-2.71486
-0.10015
5.19709
7.00511
6.39901
3.39041
5.49128
2.69570
-4.23802
0.06244
-1.46379
-7.35224
4.10788
9.96596
4.66262
9.57507
-3.12632
-0.13847
-5.88972
8.95908
1.56312
-4.31079
-12.52429
2.19477
-4.00993
1.45016
-2.60129
-1.62089
-11.22724
-0.92903
-8.65234
1.76245
-1.53041
-3.59958
-2.80623
-0.78781
0.95567
-4.11777
2.29764
-0.88574
-6.34522
8.40927
7.92206
-1.98073
7.59470
7.65448
0.05724
-2.18171
-6.38956
-0.66768
-2.02361
4.68408
-3.60701
4.90374
-0.77570
7.67758
-1.89489
3.84517
-6.77622
-4.93194
-6.87595
-8.39908
-1.68714
-4.41152
-9.16505
-1.31022
0.39585
5.47277
-3.23145
-8.29530
3.72909
-2.26803
2.31757
0.52866
6.49812
-3.27511
-0.10426
-2.79027
1.73689
0.31125
3.31014
-5.92559
3.39948
-2.10885
-5.82332
-2.57472
7.55581
4.26876
-2.39286
-3.29379
-2.38219
-0.73068
2.81834
4.67110
-2.93992
-1.52448
0.88226
-1.92126
-2.60798
-5.88011
-5.03058
2.46996
-0.34825
9.48611
-4.00788
5.39781
-3.35640
-0.63795
1.62554
0.42421
-2.68306
8.71793
3.87429
-3.90557
9.35892
2.15394
3.19316
2.34201
-3.21351
-6.63128
3.17556
-3.31531
-3.17799
6.15355
-0.68074
-2.33268
9.68705
0.99080
-0.22746
8.81327
0.80560
1.67718
-6.15013
-3.63035
1.45258
8.75564
0.33189
6.88886
3.57863
4.48849
-3.05767
-5.78057
-1.45610
2.79553
3.23186
-0.92374
2.94059
3.82700
-0.75197
-5.09147
3.64281
-0.05251
-3.63498
-6.12734
5.17495
0.94674
4.95828
-2.79121
1.15911
-9.80968
-3.00255
4.57505
7.86449
1.20596
3.45745
-1.22304
4.47669
-0.79291
-5.93306
3.01735
-4.92122
-3.18611
1.13837
-6.85754
-0.49408
-2.97565
3.78382
-2.40477
-2.53374
-3.19017
1.35849
4.03224
-1.94863
-1.11852
-2.21346
-6.41428
1.67937
3.17808
-2.52974
-1.96007
-2.40049
4.01473
1.54319
-1.86474
-3.04863
-4.39230
2.38046
0.00965
6.57913
9.05656
2.12711
3.24532
-0.06763
-2.15380
-6.55572
5.26258
-4.36206
1.08395
-12.14299
-2.36121
-1.10026
3.66983
1.87827
5.12392
0.88440
-7.91117
-4.79989
9.29712
-2.65151
-2.16529
-3.98553
-1.17648
9.96960
-3.31436
7.10045
0.82349
-10.29253
-6.14907
1.40298
-2.71006
3.09900
6.08305
-8.68372
3.25636
1.90064
-2.87225
-6.21942
0.18384
2.79358
-5.75947
6.54683
-5.47890
1.93543
2.58001
-2.63497
-0.26287
-1.97253
2.26033
-1.38396
-2.07744
9.58729
-1.44240
-5.42344
4.14665
0.10361
0.14643
-2.61934
-1.49452
-4.15527
13.09312
-3.84146
12.56227
-1.63591
-0.69979
-3.36497
-5.33469
-11.42228
-3.58598
-3.33272
-0.10844
3.40317
8.21046
-8.25546
4.37254
1.47306
2.02523
5.76459
-1.10276
2.91315
-5.92181
-3.17917
9.77404
0.32597
8.66316
2.13673
-4.62634
-3.06497
6.29245
-5.75785
4.76662
3.83387
0.92907
1.91857
6.52968
1.98898
-6.43074
2.27363
-3.85228
-0.85488
-6.61656
1.22108
-2.17302
-1.05614
-0.49869
-2.95560
-0.29729
4.48884
1.84434
-1.53319
-2.74383
-4.16428
-6.50673
-0.13960
0.90286
0.47563
1.78609
6.66508
2.62422
0.41919
2.11000
-0.14935
-0.66986
4.24745
1.59047
-5.55876
-8.98002
-4.07415
-4.16240
-2.67524
-2.82617
3.36508
0.09414
-2.90784
-4.49795
4.82432
-0.85098
-1.04218
-5.18287
0.52564
-0.93521
0.10011
-8.04179
4.48891
3.88405
2.00868
-6.97447
0.57462
-3.37334
2.33563
5.68621
-1.31642
-5.92213
5.16159
12.08129
-1.25457
0.55692
2.15731
-2.66395
-0.01742
4.00059
-7.34361
9.97650
1.20787
-4.11045
9.48190
0.54421
-4.20085
0.95211
0.07757
0.11001
2.28610
-2.41384
-4.02034
-1.30284
-3.46150
1.24598
0.81060
-0.39442
1.05609
-4.11669
3.69582
-5.15987
3.05577
4.95376
2.52149
5.00239
2.22588
8.76188
-1.81967
-1.01899
3.37682
7.74310
1.81349
-1.74678
5.47523
1.37035
0.93524
6.94251
6.80591
1.56674
6.94834
4.11320
-4.51454
4.51695
-7.37872
-0.19343
-2.62256
7.97175
-3.67866
2.52143
0.53557
1.62230
2.69274
-3.02887
-1.20582
-3.44606
3.15720
3.96052
2.86742
-1.89509
-4.39981
-7.83442
1.74896
1.15624
-3.24010
-8.46519
-3.97955
3.14102
-0.17419
-8.99142
3.94486
-1.01154
-6.36584
0.54254
-10.42272
-4.78228
4.42181
8.81358
0.51269
-0.70410
-4.02842
-1.59946
0.89083
-2.17789
-0.78954
2.71928
4.94358
-0.42407
-2.05389
-2.57882
-2.55271
4.10639
1.77539
4.31914
6.71071
4.86696
2.15215
-1.98136
-1.05609
6.91996
-0.63031
3.83154
-4.55967
2.98615
-5.41895
1.48648
4.44738
-0.91366
-7.29526
2.47248
-4.50545
9.97194
-3.60930
-0.16779
2.40175
1.56072
-0.80917
-6.70303
1.98154
2.12595
-2.08185
1.49303
0.99694
-3.58315
2.76825
4.11759
2.12885
-1.68919
5.84133
-0.03926
8.82062
-2.26094
-4.41509
2.30987
-5.78322
-1.23764
-1.92544
-1.27971
0.84383
1.60923
0.32784
-2.66116
0.89275
0.12876
0.03544
-4.49132
0.89868
-3.23138
5.83081
-0.83642
-3.49836
0.56103
1.63340
-3.26832
-6.41768
4.21907
-10.82689
1.97109
-7.85367
-1.24587
1.10672
8.81770
-2.02068
-0.92850
9.57690
-2.75610
-5.14578
6.27069
-2.00630
-3.58723
-3.02914
6.27698
-3.45529
6.15565
3.67386
1.15657
-4.91263
-0.29492
3.74239
0.36141
5.46669
6.41718
3.21021
-0.08049
-0.24633
1.99199
-3.90376
-3.98994
-2.67866
2.20955
-6.36322
1.31892
0.11538
-0.74608
5.85314
0.32011
-1.23250
-2.09431
-8.00643
-0.05709
0.09214
0.39802
-0.60308
-2.40832
-3.15528
-0.60413
-2.93741
-6.34985
1.43549
2.96757
1.27266
-0.99214
-4.02080
-4.88117
2.59721
-1.22726
4.76917
-2.14466
1.28112
-8.03465
4.08604
-1.93844
-6.01838
2.72422
-1.10174
0.86689
-1.65239
-3.87357
2.13949
6.11115
-4.19103
-4.94537
4.90258
4.36378
-0.11917
1.36359
1.77687
-5.77846
-6.95020
0.65359
1.43973
-2.53284
0.23107
2.24050
-6.98751
3.35658
-2.43270
-1.68870
8.41774
-9.80581
0.44712
-2.97701
0.72973
-3.73163
8.35770
-0.39480
-5.44637
7.13625
-4.07859
-1.70397
1.66503
5.52367
13.18185
0.58720
1.57329
0.39871
0.14717
-2.17239
-0.65087
1.46160
-12.61873
-3.95301
7.03997
-1.04319
2.71153
1.73180
3.09665
3.25897
-5.45606
2.23703
-5.54597
9.56450
4.68595
3.16607
1.57509
-2.96548
-3.23620
-1.64100
4.24652
1.50637
6.65664
1.70441
2.49311
-3.03327
1.33617
4.51846
7.22328
0.11813
-0.31449
-0.55006
5.32715
2.24882
-2.95482
5.33582
-2.36765
2.10960
-5.00832
1.68167
1.50457
-0.87417
-1.30458
-4.56389
-1.25084
2.99292
14.13803
-8.12339
10.27295
2.43453
-1.30926
2.45721
-7.02181
-1.24668
1.58295
3.13422
-6.18488
4.91295
-8.16535
-2.41549
-6.32362
2.76429
0.50097
-0.65642
4.25279
-6.58399
4.85757
4.82419
-0.25854
-2.47055
2.28429
1.67957
-1.61829
0.28605
1.20141
-0.02253
-4.18072
-1.00151
0.54531
3.17125
1.22028
4.45389
5.48411
-0.01618
-10.55438
8.32512
-3.86471
-1.34923
-11.60339
-3.25998
1.19341
7.73407
-4.29869
6.85834
-5.37444
1.17828
-5.25666
-6.03440
-3.54779
-0.56991
0.77830
2.87898
-3.39842
2.15763
1.10857
-1.42134
1.11326
1.17944
-5.62981
1.21438
-7.25595
-1.19063
-4.79067
-4.16802
-5.27163
-2.29434
1.50446
0.23349
-0.16716
3.37469
4.52479
-1.28395
0.39321
1.12861
-7.59881
-3.82010
10.36265
-3.07999
-3.79870
1.24850
-4.75353
-8.47998
5.69480
-9.62958
-1.89665
2.05936
6.55832
8.49880
6.43542
4.36259
5.90786
5.20572
-0.38531
0.22447
4.07217
-2.81701
-0.55060
-2.25694
3.98660
-2.90362
7.33273
-0.62553
8.52189
7.70357
-7.45330
-5.44665
0.34995
-2.05913
13.20635
-2.92478
-6.00107
2.34740
-0.68824
2.82167
2.86297
0.88009
0.26151
2.36828
-4.16005
4.14464
0.63297
-2.38869
-5.16958
2.09516
2.27608
-7.50680
0.66097
-1.08495
-6.64977
-8.76099
-6.44904
7.42832
5.06126
-3.43399
0.23855
-1.09951
-2.12991
-4.47386
6.36338
3.81989
-2.18350
1.72304
-0.38603
3.15773
-8.73911
-2.74567
-4.81418
0.60760
-2.16828
3.58256
-1.76667
0.04408
-0.30054
-3.10327
-3.04800
4.61260
2.88129
6.56245
-2.66667
-2.17374
6.44002
-7.43447
-3.93613
-7.70159
0.29616
-4.07621
-5.19389
-3.05609
1.85072
0.06668
-1.00641
-4.46072
-7.66465
5.52719
-3.83748
-1.29670
-9.54753
0.30216
-1.50110
1.62303
-2.16844
7.81177
-5.36247
1.09247
-6.17493
-12.56029
5.75476
-12.23115
4.14930
-2.93739
-2.37244
2.82515
-1.82481
-2.74439
-2.46989
2.96981
3.69699
5.17904
-5.39636
2.80182
-1.85949
2.21742
-4.74859
-1.63056
4.06516
-5.85924
3.40295
3.42399
-1.07072
-8.91473
-8.73969
-2.13757
-2.18869
-0.69542
1.19847
4.96507
-0.36627
3.70907
-3.73195
-0.77735
-0.98009
-7.63647
-6.53538
-4.08856
-0.43670
2.12117
-2.55125
-1.93292
-4.55570
-0.61961
-3.78695
3.16410
-4.17786
-1.46960
3.79446
-6.50945
3.19317
0.28646
2.14477
-2.62825
-6.73413
8.76671
-7.93489
-2.78565
-10.52670
-3.89142
1.11927
0.17817
1.09123
7.00011
-9.61465
3.21587
10.28299
-9.37836
-6.65585
2.12707
-10.82572
-5.02652
3.95083
7.98073
0.39886
-8.20635
4.62819
7.01216
4.27307
-3.45217
0.83088
0.14841
6.51077
-3.47723
2.06910
6.81128
-0.14250
0.67758
1.15981
-3.95655
6.78984
2.38796
4.42983
-1.23738
-1.69735
-5.16250
-4.53827
2.82793
7.42474
-7.93383
-5.96247
1.97330
-0.16230
3.58045
3.86249
-6.63883
4.86062
-1.43996
6.38078
4.53248
3.51899
3.28943
0.91445
-5.81181
5.10793
-3.54699
0.82201
-2.38415
-3.79677
-4.45058
3.87856
7.86065
-0.18441
2.03675
-3.71184
4.03536
5.52079
4.81227
1.58361
1.53626
-0.06451
-2.94322
2.65688
1.76022
-3.24413
-6.47358
4.57471
1.61854
2.64120
-2.48211
-3.08238
2.06699
3.72504
-1.50459
0.86055
-6.83457
0.31000
7.39538
-0.42112
5.03887
-2.62416
3.18856
-0.60521
-5.09986
-2.98751
10.32037
-2.75460
-4.00556
4.90123
3.62146
0.29572
3.10247
-3.29657
-7.31665
-3.12219
-1.13640
-8.46112
3.09984
4.08579
-0.45279
-5.00886
-6.10781
-7.55727
-5.37337
-0.26515
1.01079
-0.70881
4.31360
-3.60297
-3.14174
0.37002
4.27505
4.13725
2.35477
2.65028
-1.73341
1.51949
-3.18045
-2.79442
-2.52302
-1.72954
3.66467
1.46345
-3.19944
-0.46736
-8.63183
0.23771
6.13513
-5.26424
-3.41124
2.95482
-3.19565
-1.09991
0.94865
-2.54808
10.42119
-0.99699
-4.80667
-1.66563
-3.38735
-0.78346
4.17897
-3.63052
6.82053
4.93104
3.65776
-1.15569
1.07366
4.04532
3.89873
-2.21241
1.24550
-6.69733
0.41647
-1.80897
-5.05424
-5.82877
1.48650
4.92418
-0.07497
-0.75940
-2.96227
0.50947
3.63695
-1.04845
5.36153
-0.97354
10.52404
-2.14403
2.89707
1.99504
-1.90466
3.36457
0.59091
-4.64443
3.85358
3.02320
-3.87277
-7.45756
1.73027
-0.30879
-2.26238
5.44757
3.86811
-3.69841
-1.67144
4.43146
3.23239
1.65151
-3.49555
0.56317
-5.00668
3.62422
-11.59255
1.91256
5.57881
-7.77610
3.61267
0.76419
-0.24249
3.01231
-7.98812
-0.21129
7.41887
3.62092
0.43209
-8.70068
-1.10648
0.90039
-4.40221
3.36322
-0.54687
-3.81770
-0.44452
-7.01504
-3.79895
2.63698
-0.21792
-0.66428
1.92582
-1.36911
1.22317
-4.17360
-8.91496
-5.77167
4.39720
0.35866
-5.12245
-3.62433
-1.03898
1.30426
-0.51021
4.43083
4.50819
-5.64132
6.37576
5.59406
-2.07825
7.53911
6.96722
-2.75891
3.26590
1.59504
-13.66513
2.71797
-1.09997
1.09568
-1.73200
-4.83860
-5.55838
2.37979
-6.59056
1.84972
-17.32308
-2.67273
5.38516
-1.56596
-5.23311
0.16587
-0.04120
0.27022
0.54797
-3.99114
3.40658
-6.61284
-2.56063
0.06082
-6.13727
-9.18789
-4.36456
-15.85001
-1.12193
-4.05295
-7.03706
1.91358
0.16814
2.88961
3.35050
-3.80331
-3.67136
-2.06426
-0.98460
0.06492
2.83276
0.74835
11.24616
2.19505
7.51390
-5.81517
-1.64235
2.69295
-0.65017
-2.27375
-4.06336
5.05029
3.55012
-10.69782
-3.98734
4.00321
6.04451
-1.30851
2.88700
6.21649
-0.04080
1.94629
-2.17235
3.54349
0.26089
-3.99628
-5.58053
0.05448
9.00503
-2.06409
-1.22801
-0.70760
0.64514
-4.60353
-7.29274
2.90354
1.69171
-10.76511
4.18855
-3.04412
2.42767
2.72060
-1.47088
2.41713
0.22350
5.39292
-4.61590
-1.65314
1.72040
-7.18702
8.31772
-0.03173
-3.52589
2.19236
5.08216
4.93823
-0.48686
-2.41137
-1.42677
5.74299
-5.05044
2.45924
-0.42305
5.65939
13.51366
-1.49715
-0.01972
0.68180
-5.50369
9.59322
1.36063
0.59096
1.92811
0.53445
0.25032
5.88927
7.14204
8.92274
-2.56939
-3.64762
-0.67838
3.22430
4.94701
-1.29070
3.54814
-6.91528
-2.91682
5.95501
-3.97925
3.96089
3.52312
1.66538
-0.23481
11.39278
8.21436
2.47150
2.16301
2.31937
1.48533
4.30885
0.36226
5.20066
-8.96700
2.09476
0.92857
1.17813
0.60738
0.39452
1.09115
2.39077
-1.94268
2.26465
1.66213
-4.24204
-2.46909
5.31226
-0.42287
6.88005
5.37902
-3.56645
2.03651
-6.52294
2.50096
-3.67774
-5.56857
-1.96866
9.93932
-4.61007
0.16737
-4.25444
3.04824
0.38798
6.20886
-3.05114
-1.92446
6.40129
-2.03897
-5.36615
-2.78366
0.23651
-6.47363
-5.77284
-0.04881
-7.71367
3.04243
-1.21899
2.96622
-0.72507
-0.88215
2.58828
0.47603
-0.39536
-4.19996
-0.56552
-4.58016
-2.36937
4.67710
-4.69132
8.52710
4.29564
3.82006
-1.44321
2.24620
3.06612
-2.96347
-0.00258
1.77292
2.51754
7.55518
-2.47031
-5.82068
-5.95902
1.60636
-2.29343
2.74881
5.81383
1.04430
-5.03564
5.37719
2.13214
0.26880
3.95232
6.01876
5.48552
12.97112
1.99474
2.06787
3.76286
2.90216
-2.80089
3.97417
-5.35622
-0.44104
-1.18065
-7.17262
-3.67433
5.81587
-1.26653
1.92841
2.77206
0.59685
9.23094
2.11796
-3.96109
3.16171
-2.19996
0.09435
-4.85170
3.07981
5.58632
-0.32867
0.82164
0.16041
-1.73180
11.52995
-0.05885
1.29523
5.83703
1.78349
1.84694
-1.42538
8.78620
-4.82632
5.60776
-4.48635
1.24348
-4.55307
-0.43568
4.16962
-3.80380
-0.26255
-2.21260
0.40434
-2.84588
-5.90696
1.48387
-2.09298
2.50131
-2.05186
4.31017
-1.24717
1.03538
9.41752
5.62257
-3.33104
2.22017
1.05404
-3.33413
7.30917
-3.04499
-6.15309
-0.03048
-2.07464
-0.15883
-4.97399
-1.37647
4.98554
-4.26736
-1.63310
4.70163
5.23738
6.66026
0.46711
-5.03952
-5.70709
-1.71750
1.89069
-0.08090
-1.36707
-7.66036
3.93533
-5.86031
-3.37436
-2.28815
2.16429
3.64519
5.32332
-2.65313
4.11220
2.38900
0.84241
0.87103
-5.53686
-0.22953
-1.22267
1.61449
1.04002
0.48475
-1.58897
-4.48107
0.25569
2.99641
-4.35565
2.19666
-2.21386
-0.62139
1.03170
1.59798
-5.56259
-2.35258
-1.68834
2.70927
2.35966
8.24161
-1.26504
0.46294
3.22465
3.19966
-7.58216
-6.38940
-3.74101
-5.16590
-2.11075
0.58145
-3.22288
1.45852
-3.44915
0.27898
1.04506
-2.41697
-0.58960
-6.04499
2.60972
1.62186
7.77000
-3.78488
0.71860
3.72151
2.20279
-0.62225
3.45963
2.13668
4.10150
4.52865
0.86632
-3.95210
7.43732
3.94666
-1.43852
-1.60058
-2.08931
1.02499
1.73076
-6.11005
4.54011
-5.29882
-6.24763
6.88242
-0.60903
6.77467
4.81119
-9.76264
1.77585
2.01890
3.08342
3.57144
-8.82380
3.08822
3.35007
4.30722
5.16484
4.25243
3.84828
0.75469
-1.85924
1.97049
-5.76527
2.95011
-1.48393
-0.76119
-4.07891
1.59602
-0.19525
8.51768
2.23054
3.25594
-1.56743
-7.05669
-0.30625
-0.95032
0.78486
-0.44591
6.15011
-4.40765
7.38656
-1.97392
-3.53880
-3.12101
-5.64550
5.93086
-1.21783
1.31734
3.48113
-2.39307
-0.47105
2.03816
2.68896
-0.66000
2.36640
3.73981
1.92456
3.22224
-7.47837
-6.47653
-1.28287
3.64605
1.95762
4.58047
0.06824
-2.51639
3.79752
-4.33904
1.55159
-2.09396
0.32178
1.71238
11.20379
-2.24823
0.15864
-0.97222
4.55765
-8.49936
-0.70747
0.04106
-8.14907
1.66969
5.42145
7.60188
-8.77811
2.73331
-0.62407
-4.13708
-7.55470
1.78608
-3.67600
-1.25908
1.27326
7.82082
-5.27893
-1.48785
3.09903
11.78116
-2.44274
-1.27619
2.23421
-3.27119
5.00289
-2.62693
-3.35810
2.44353
-1.07082
5.58532
4.52195
2.65750
-3.23238
2.04297
2.82838
7.43102
4.20935
-2.35060
-2.65038
1.41632
-6.24925
-5.03320
-9.13427
0.67505
-2.65112
6.50948
-2.65528
1.50393
1.78704
4.35111
-1.55383
-0.82102
-0.92124
-1.05583
5.12050
3.54124
-2.23719
-2.15461
-1.92466
3.13039
6.15312
-1.98221
-1.55380
-4.11813
-0.35481
0.30990
0.45910
-6.92568
7.55588
1.01696
-4.08588
2.45712
-0.14190
7.88622
-9.10232
-0.54994
6.13216
-2.21474
5.69417
-7.46852
0.17753
3.80160
8.50089
-4.51803
7.50730
7.77880
-0.39161
11.73120
2.22655
-1.38670
5.51953
4.10319
-0.30375
3.69979
0.19176
-3.76842
-0.61222
-4.92023
-6.99445
-0.36846
-3.92578
3.12507
-0.72876
6.57181
6.12657
1.48230
-0.32391
8.13565
3.17943
7.38870
-9.31274
-0.67549
-3.11324
-6.61315
-3.99560
-5.85500
2.73639
-2.94639
-5.06468
-4.16393
-6.78951
3.14541
-3.09453
2.39920
2.25864
-2.51563
-2.09589
-2.91261
-0.53108
-7.31088
-3.54367
-8.17353
-1.53148
4.64573
3.15149
1.21185
-0.01452
-0.38415
-2.39188
-5.89005
-10.18568
-8.05431
5.06486
-5.65397
-3.95275
4.76416
5.40739
-0.58607
-1.76740
5.65759
-1.95011
-0.55375
-2.69990
-5.97608
0.28059
-6.47013
1.83310
1.77059
1.10674
5.12345
0.49866
-1.70278
-0.88396
-4.36662
0.10809
-0.34738
-2.51803
1.81954
-6.36275
-3.17820
-1.67585
-3.88325
1.88644
5.42512
1.47687
-0.78250
3.71314
-2.76590
1.04520
-5.35551
5.13915
3.17586
-3.52235
12.34541
-8.86061
2.90325
4.91014
0.75048
-1.65982
4.58127
5.65138
-2.27429
-3.07638
-9.46774
-0.99851
0.29672
6.18095
-0.34063
8.30752
-6.71428
-2.66225
-1.20727
4.87526
0.04020
3.98747
-3.18754
-2.99196
6.52605
7.06275
-4.71947
3.27576
1.52458
3.73945
6.62881
-0.51367
-7.91696
5.72753
-3.88524
5.34594
-2.62625
4.21278
0.31603
4.56586
-3.53521
7.64114
-2.88796
-3.29665
-2.06639
-5.28354
-4.98196
4.91015
-5.81999
1.11603
1.83132
-5.07672
-4.52612
4.66109
-0.81227
-6.97969
4.83466
5.27395
-1.83331
-1.68197
-0.71164
5.88237
7.89241
0.36216
4.74355
-4.48332
-1.62677
6.06200
3.44731
-0.30958
-4.31219
3.30509
5.10871
7.24181
-1.90490
-5.52557
-3.86938
-0.27470
1.11266
-7.95793
-6.06187
4.90130
-2.37166
-1.93200
0.35601
1.60254
-4.18050
8.98159
-0.91359
4.06397
4.18153
-1.06296
3.20478
-1.03508
-4.28386
3.68162
-2.43981
-4.75338
-0.26950
-2.52585
3.98011
1.69613
2.37487
-2.38688
11.94287
-3.51576
-2.70817
2.06227
1.94457
3.93539
-0.28796
-9.51969
-1.48767
-1.17827
9.97063
3.08990
2.62838
0.97413
2.86364
2.61339
-2.10811
-1.44816
-1.70697
6.12864
-3.50824
-3.37896
3.89228
4.84663
-5.22586
3.59553
2.27978
-0.72156
-1.80897
7.37537
-0.66087
-3.09733
-0.20730
3.11710
-1.42114
0.16783
-6.23850
-3.04397
-3.00033
-10.13147
-2.58386
0.05262
1.87421
-0.18805
0.15573
2.99511
0.85020
-1.97228
1.84596
2.87896
-1.55638
6.06916
-2.91339
-0.64798
-1.25294
4.39934
6.82078
-2.48152
1.97189
5.82753
-1.06576
-0.10850
-0.96263
-5.25832
-5.22162
-5.05146
4.30363
0.82115
9.89401
-0.23147
7.92608
0.28981
3.71251
-5.88192
0.85856
-0.11555
6.18586
3.12605
-10.23736
0.08071
2.42022
-5.04534
-2.88399
-11.22763
6.32839
1.63239
12.31914
3.57374
2.46825
-3.68104
-4.16842
-1.27102
2.45833
-2.93591
-3.59127
0.39572
3.24708
1.07972
2.34933
-0.61424
1.52391
5.21451
-3.39576
6.03344
-2.79487
-3.15873
-0.97006
-0.72068
-3.33920
-1.77809
0.36496
0.77104
-1.51504
2.83771
-1.47807
-1.74717
-2.89488
2.53756
-5.70778
-7.80828
1.04198
-5.36392
7.09895
-4.68613
0.25657
5.41902
-0.85810
-5.97502
-0.40897
2.82936
-1.30816
-3.54526
-5.95105
12.33810
0.67748
1.96404
-1.94638
-4.36300
2.56201
0.46008
3.65720
-1.78575
-2.87212
-1.41386
1.17794
0.14231
0.38878
-0.73466
0.70887
-4.47173
-3.87729
2.14618
-3.13807
0.95610
3.80790
1.52781
1.91888
0.45396
-8.22918
-6.80039
3.16118
1.61112
3.88569
2.34958
-4.25050
-1.07715
-1.13079
-7.35562
0.70977
3.01376
-5.54460
-4.46062
2.40953
3.36607
0.93745
-11.26875
5.91310
-1.35121
0.28557
-6.02177
-0.99253
-4.16371
0.61495
-0.98679
-8.62175
-6.81173
-2.25084
-3.24765
3.27669
-0.46146
2.57058
1.73432
6.27758
0.34071
3.12492
2.69440
-3.65755
-3.63574
-4.69659
1.15577
-3.25299
-2.04140
7.21153
-2.56696
-0.30650
0.72291
-4.26955
0.61153
-1.10740
-4.58013
-1.86920
-1.07721
2.60857
4.14722
-2.87255
-3.38307
3.83458
6.19057
-0.61975
2.33713
-4.06024
0.58384
7.27716
-2.43436
8.23032
7.73649
0.34325
2.79096
-1.37975
1.32412
-5.03822
0.75508
-0.36199
-4.93319
2.85122
-3.95476
-8.39240
2.63907
-5.47687
1.84043
-2.33434
3.80980
-7.34855
0.94764
8.42636
1.18901
2.74442
0.45395
-4.32342
-10.86835
0.71996
-4.63014
-2.01094
6.64767
-4.29789
5.81985
3.16131
1.94287
-2.92005
-4.84824
1.74180
3.03042
13.86955
-0.59549
3.39732
8.30201
2.84665
1.10973
-5.19436
1.18530
0.76228
3.57572
2.87280
4.67792
2.51319
0.43312
-1.81683
-1.58897
4.80198
-5.54509
3.85081
-0.48181
2.99926
2.45711
-9.36365
-3.79416
3.58597
1.49376
-1.27256
-1.67107
1.84006
0.85951
-1.53229
1.89927
-4.48842
13.10057
1.30740
-1.74336
10.38045
0.29388
-10.78385
2.02103
-7.50389
2.87375
1.62176
-0.71874
3.77411
-1.52973
0.14169
4.68433
1.53797
-4.47410
1.17100
-0.56267
-2.09673
-0.83059
-3.76416
-3.88886
-5.94187
0.16208
-1.02059
-1.85888
-8.85160
0.09763
-0.01767
-6.78018
7.94812
-4.79349
0.16600
3.41656
3.74803
-7.35833
-4.37138
1.72111
-4.86338
1.88735
8.32825
-4.11089
-5.77050
-1.18304
1.54915
4.94636
6.38094
-5.18634
-0.67657
6.09597
4.34551
-2.75176
-4.81529
8.65477
2.33817
6.63890
-3.73551
1.38454
3.08679
-4.77107
-1.43786
0.74734
1.27499
-4.26223
-5.33265
4.41274
-2.07259
1.96763
6.43554
-3.49839
-0.74526
-4.10073
-8.06665
-1.42249
-5.26007
6.34415
4.77511
-1.76574
-0.22467
-4.45214
2.03656
0.37675
-3.88463
3.25541
-9.24563
-0.53609
-1.64888
-2.62053
-2.07488
-2.70804
2.99677
2.37673
-4.69509
9.35269
-4.48757
3.22209
7.12443
0.22921
1.98537
-3.77548
5.67770
-7.10744
0.90600
-9.36701
1.85392
-6.18581
-4.08790
1.43072
7.04999
4.54983
-0.01892
-5.68833
1.24645
5.61643
4.92147
-4.41434
-3.33435
-6.09575
-6.40809
1.75835
-3.59269
5.39269
5.73978
-0.63193
4.83796
-2.38464
0.83536
2.57124
2.62700
-4.58443
8.19607
1.07312
-1.89670
-0.23322
-2.37297
-5.97587
4.71670
5.20126
-2.42841
2.11093
-4.98693
-6.31837
2.54587
6.08185
-0.18399
3.53106
-8.96379
-5.09922
-5.36437
-5.68345
-1.42748
-6.90945
-0.97435
-5.84578
-2.04477
4.48688
3.01700
-8.66030
0.60191
4.07517
3.30704
-5.63760
8.98453
10.18939
-1.07143
-0.04163
-0.21318
3.66586
-10.92562
-5.22252
-1.61145
5.77095
-5.53859
-2.02681
-1.93365
5.61865
0.33982
-3.08141
6.09745
-4.58169
-0.60517
8.15344
-8.04065
-3.65596
-0.16034
-2.14881
6.08234
-3.03921
-9.12686
3.58298
1.94245
6.58854
-6.03278
-2.55753
4.05328
4.48348
-2.43808
2.83914
-4.95706
-2.50736
-1.20054
-0.60509
-5.80956
3.92231
0.13162
-0.38129
1.24064
4.28508
-8.96256
0.54721
1.96625
-4.48477
-5.65507
-3.53276
0.95047
3.59797
4.90403
0.58928
6.24968
1.36687
-4.44929
2.65500
1.52802
-1.66161
9.00649
8.75686
-3.79759
2.20223
-0.42015
3.54738
-10.41072
-5.30634
1.47911
3.31513
2.52165
5.66877
-7.09919
-5.08717
-0.84038
-1.43385
1.95896
2.15179
3.62102
9.44637
-1.52936
8.65326
-0.01037
-0.85593
2.18698
8.73552
-4.18085
-8.28608
-4.62038
-1.13342
-4.85800
1.44829
7.69177
-1.93956
4.83141
-1.56531
0.89635
-1.83810
-0.87914
6.98425
-7.42643
-0.95539
-2.79765
-1.68231
-2.06225
4.22150
4.73734
0.07266
-0.03056
-4.60551
-2.07837
11.12104
-2.67711
-4.33923
0.23979
-2.13213
0.47488
-5.41113
5.14346
2.04178
2.12392
9.49412
4.20471
1.88680
-1.39729
-3.49130
3.31247
-0.53876
2.56309
-2.55731
-10.18453
-4.77385
2.44606
2.67715
-0.69624
2.94965
-6.72443
5.71235
3.45018
1.07612
1.58646
-0.71352
-10.65311
6.84275
3.77735
6.19588
1.75750
4.38074
3.62012
1.07371
-2.22114
-2.71134
-1.51234
3.21351
-4.13921
-2.37719
4.44149
-1.18835
-12.36007
0.52388
-3.61393
3.48137
-10.81224
4.72479
2.17824
14.59979
-4.73774
3.18061
7.61729
3.56718
-1.16651
0.50381
-4.00149
4.79996
1.73714
0.40217
2.20062
-2.01136
5.80834
0.52596
-7.46597
6.62716
5.31272
1.21506
6.18805
0.40833
-5.16337
-1.95144
5.89825
-2.53054
2.69987
-4.41971
-2.73963
5.42008
0.88369
3.48492
-1.42952
7.48227
-5.07951
-6.07040
0.64743
-3.22990
-0.84774
-3.64513
-2.77577
3.80171
-6.96195
1.31157
-5.19159
-1.67228
1.83158
8.83285
-8.12695
-4.66107
-0.12510
-2.12642
1.49770
4.54730
-1.42626
4.14659
-3.51048
7.98920
-8.50052
-1.40756
-11.43407
1.44585
3.29340
1.54115
1.41077
-3.96587
5.78247
-3.67347
-1.90437
-1.93197
-4.14925
-5.49751
5.47377
-0.94358
-4.96272
-0.66817
4.31347
-3.65102
-4.47924
-6.49729
-6.41823
0.47225
-4.77991
2.07277
4.23662
-0.70620
4.29664
-0.22078
-2.83408
8.44198
-0.27011
6.84077
-1.02401
-3.96854
-1.25786
1.87292
5.88140
-3.17327
3.13469
-2.24334
-0.66402
-2.36703
0.84878
0.40224
-1.74067
-8.22900
0.51883
1.45513
4.63446
-2.03607
-4.75042
-1.25678
0.96889
4.26908
-7.16833
2.35161
-14.96006
-1.76499
1.69687
3.55652
-3.91875
8.25090
-1.08768
4.41240
1.53032
4.34422
6.52543
-3.60700
-1.55755
-1.59114
1.14138
2.91832
-2.31996
-0.53287
6.97027
0.46718
-0.33956
-1.85515
0.14303
1.33646
-9.08257
3.25374
0.45655
5.50907
0.24021
-6.45322
2.51049
-0.11107
7.43748
-3.86970
0.52448
2.30713
2.05581
-7.77746
-3.06822
-3.75830
7.82602
-3.56056
5.30112
1.84211
-2.01357
-6.64387
-4.02069
-1.13037
3.78702
-1.76672
-2.40377
-9.36633
-3.75876
4.32538
3.06305
-0.64821
7.75783
5.19169
-5.21685
-5.98363
3.28854
-4.81771
8.79726
-6.65133
-5.62238
-3.23861
1.38837
0.70591
1.99635
-1.91552
-0.16004
-2.93890
-2.06130
-3.60193
-0.44402
3.83270
0.08536
-6.55955
0.02369
-4.09718
8.50916
-4.15973
8.60372
-0.63522
-4.67074
-6.43898
9.57796
5.82237
-3.24289
-2.29042
3.64279
-3.69834
3.11187
0.57638
8.39098
3.87881
7.14663
-1.15037
-4.74080
1.30179
3.03412
0.18412
3.18362
-1.91386
13.98992
4.01933
5.84847
-1.08694
-2.95453
-2.73478
3.80946
-4.45751
10.07008
-7.08540
-2.66306
-2.79336
-2.59761
6.73597
-2.32831
-0.53241
-1.37079
0.98775
-0.67335
-5.33267
3.41395
0.33328
3.81930
-1.04695
3.15094
2.56819
-0.31579
-1.10176
-3.44101
-4.05897
-0.33793
-4.22625
2.02447
-0.05685
-1.48387
-8.26230
9.58299
-3.04108
2.63294
4.41291
12.85148
4.15278
2.40440
-6.41193
7.50154
5.12220
-0.72990
-1.92970
4.74524
-6.80616
-4.45267
-1.15131
0.42703
-4.66273
8.36514
5.78588
0.64270
-3.89638
-4.24350
0.13206
-3.69596
3.97110
2.35155
3.58527
1.12012
-2.15063
-0.58423
0.57616
-5.66726
14.67736
2.89648
-3.52047
-2.02444
0.61086
-1.36428
5.26313
2.97663
-2.97415
-4.88866
3.86644
0.90328
1.91186
2.73498
-0.12669
6.63470
9.48898
-4.17046
-4.44691
1.75457
-10.00451
-2.08649
-6.26149
-0.03624
-4.69255
-0.82694
-2.67683
1.53466
0.27259
4.97518
9.05657
-1.02976
1.28978
4.71108
-3.49953
1.50532
3.62327
7.69656
-10.60053
-0.80798
-0.15563
9.72155
7.18476
3.15234
-2.62296
4.25137
-1.37475
7.79980
0.24737
0.40555
5.11717
-0.69179
-5.23615
9.69762
-5.94484
-6.77632
-9.82988
3.61804
1.03025
7.72276
5.51785
-0.73079
-2.71902
-4.46482
-1.19338
-6.71313
-4.76972
-7.46529
-7.37239
-0.96054
-5.43579
3.18786
3.85698
3.14113
0.23564
-0.52552
-8.25418
-3.59208
2.67167
12.36018
-4.40250
-3.19792
4.68719
-0.58783
-4.57594
5.94066
-4.22757
3.76539
-1.25189
9.84507
-0.93672
-4.57876
-7.32496
1.39713
-0.12005
-8.14992
5.51099
0.74984
4.07256
-4.90570
-3.45644
-1.05707
-0.90696
-4.32148
-0.67301
3.28830
2.41448
0.97716
-3.81169
5.41578
0.27397
3.57168
-0.07059
6.30170
-0.30972
-1.03546
1.19914
-1.92477
2.13707
-6.07286
-4.58756
2.41726
-0.90447
-3.67815
5.35518
-0.18494
1.60556
-1.27239
4.41115
0.52024
0.76652
-1.03022
7.72209
0.96093
8.17788
6.46979
-6.80755
-1.88744
-1.82645
0.80019
-0.94666
2.08218
1.72922
-2.50677
-2.08237
-0.95376
-3.66846
1.12511
5.80660
1.03001
5.76678
-3.63554
-0.58541
-1.39228
-9.23874
1.02893
4.02011
-3.28636
-0.12433
12.72370
1.03444
2.52212
6.49507
2.03820
0.11668
13.20850
5.03664
-8.78757
-2.23950
-2.21524
5.92085
-4.33893
-7.57376
6.10764
-2.39949
1.16019
8.18514
4.13607
-1.28710
-7.82195
-2.15950
4.08315
11.72028
-1.98482
0.01249
-0.21185
1.75845
-2.23430
8.50894
-1.38035
4.05234
3.77429
3.37859
-3.06338
-2.58119
-12.14882
-4.07765
0.33231
-7.68860
5.15399
-0.58605
11.95192
1.76783
5.65544
6.81588
0.31207
-2.89772
-3.79743
2.39993
5.34331
1.87014
3.37124
-1.31448
-5.58137
-10.21943
-4.59724
-1.62065
3.68424
5.00851
-3.47022
0.81057
-2.03148
5.38375
-8.20928
-2.33928
-2.39185
0.05384
-0.87960
1.08415
1.50956
-5.87950
2.95459
-1.77726
2.80666
-1.48672
-5.70513
-0.17540
2.19574
-4.32050
5.82025
3.14005
4.05234
1.55485
-2.36781
-4.71552
-0.05805
-1.03210
-0.63320
-10.71313
1.59111
6.16398
0.61851
1.30321
2.27199
3.90044
-7.08861
-0.69986
-5.86328
1.20655
0.56608
4.59828
-0.60316
1.84948
-3.26296
2.12504
2.04723
7.04275
-3.44399
5.69583
2.24047
0.34043
-0.72524
0.12780
-5.52811
-4.60968
-6.79726
1.17191
1.23365
8.59873
-0.07640
-0.71908
-1.93177
-0.35956
0.14741
-0.98621
2.44503
-0.27215
-3.46178
-6.37855
-2.82418
-2.06844
0.57786
1.70934
-0.07819
-1.77069
9.45245
2.02783
4.23162
-0.75657
-1.55068
-3.32953
-0.64808
0.19053
-1.48658
-5.83593
8.37679
-4.02116
-2.62104
-1.34073
0.44661
-4.40440
5.88920
3.63443
-3.96244
5.22822
1.46469
-0.19358
0.24026
3.21286
0.73966
-3.87484
2.65377
-2.18264
-8.27639
1.76690
-0.92553
-3.38758
-1.84301
0.65366
-2.45881
7.95946
-3.54298
-1.14539
-2.94647
-2.63347
-7.59179
3.70444
5.16149
4.28893
4.45167
1.84406
3.78475
-3.42939
0.01813
1.66800
10.22769
1.35795
-2.38113
1.27948
-1.60741
4.91989
6.41733
8.50656
-0.41300
-1.63740
-1.36125
6.26403
-7.55451
3.38816
1.66219
0.05880
0.18454
-0.12327
2.55709
4.49772
3.01931
-2.67283
-5.98848
-4.02158
-0.09714
-5.33799
0.13115
-4.25612
10.17835
0.24358
-2.11297
2.80583
-1.36862
9.31126
1.97132
-7.00333
4.61665
-2.89026
-0.44989
-7.48280
3.87159
0.85466
-4.50160
6.76110
3.52135
3.96577
-1.03489
2.72161
6.02161
-0.64112
6.70693
-2.47738
-3.23958
-3.73484
6.19178
7.17608
10.80554
-4.96670
1.12105
2.41529
-5.73899
1.52969
2.26095
5.83989
-4.21425
-2.52590
-4.27916
2.74890
-1.24123
-5.62835
0.42453
2.78511
6.47648
1.74036
-4.36226
-1.88784
-0.64980
2.49438
0.46842
-10.68380
3.14097
-8.64870
0.74507
0.52684
-6.05210
1.25737
5.73896
4.40075
-0.65925
-7.42245
-0.93469
3.49627
-2.29762
-1.61790
1.35503
6.79306
7.19505
1.74542
1.54744
2.50717
3.28696
-1.05473
-2.94521
-1.90698
-2.06527
3.49168
-2.67936
1.21772
4.75962
-1.14608
6.39800
1.32575
-1.82541
1.76039
-5.69427
3.76284
3.10398
-1.93783
-7.47162
-0.12642
0.64801
-2.19004
-3.09044
1.84390
-1.58097
-3.37557
-0.28922
-0.80540
3.27623
8.16843
6.55118
5.39623
-3.69316
-0.76311
-6.01953
-14.38211
1.82692
-5.75839
0.98584
-3.12295
10.00519
-3.15045
-0.43197
-2.43775
8.85950
-3.94363
2.35235
0.95601
-3.50360
-6.87332
-0.84011
6.95852
5.00259
-0.23228
0.18277
0.69054
2.92697
1.84146
1.31528
3.89187
0.43774
0.54651
4.63957
8.08737
1.45439
1.97581
-8.11583
1.63319
3.18383
5.85068
1.27584
-2.52400
-1.72569
-3.85108
0.89876
2.11719
0.26962
7.30876
3.14349
-1.61976
6.42220
-3.59160
-1.92272
0.54319
-0.45849
3.48073
3.86048
-3.84329
3.66092
-0.80274
5.05144
1.64799
-2.02541
-1.75113
-1.42856
7.88345
-2.29574
3.13698
3.57385
-5.63690
-1.84148
3.82181
1.68329
2.79014
1.63417
-2.95456
-3.94321
3.53706
1.19286
4.96169
8.32228
-0.21720
0.19056
4.39650
-9.22424
-1.20983
-4.67686
0.48894
7.54215
1.57673
-2.85739
-0.86962
-4.51964
3.06783
3.24932
-3.00818
7.18967
3.43241
1.22878
4.16002
2.59956
-3.04600
-5.90043
-4.98686
3.90159
2.50675
-0.97740
7.73698
-0.21737
-3.57192
-0.51567
-2.82757
-3.56986
-3.44919
4.16111
-2.97156
-4.59828
0.67458
-5.19454
-2.81583
3.86849
0.49755
-5.51736
10.50586
-6.48940
0.12280
-1.69617
9.29563
2.26372
-5.80641
7.77417
1.16554
-3.07944
2.95077
4.75379
2.49833
-0.51393
-7.24165
5.37726
-0.32328
-4.59655
4.43928
-5.79800
-3.36828
0.11011
-1.31572
1.32565
-4.18315
1.13237
0.96214
2.59027
2.13204
2.46459
-1.02103
-1.35229
-1.43258
2.02024
-1.53139
-3.30683
1.56211
1.29391
-5.95750
6.95172
4.52595
-1.09623
-3.93233
-0.97656
-4.74821
-0.22462
0.18119
6.38418
-4.61418
1.89258
1.15479
7.83757
2.33692
1.03318
-1.13103
5.14809
-4.38479
-9.92761
0.66313
1.47734
3.84829
-7.39863
-0.34643
-6.70978
7.38744
0.64756
2.87676
2.72212
7.92124
4.71897
1.20835
-4.46987
-2.39098
2.34057
-2.71661
-0.56459
-3.45237
-4.33510
4.16972
-9.75997
8.13859
11.78159
-2.88812
-2.94838
-0.93435
-1.67372
-3.78294
-2.17402
4.64725
-0.36333
-4.28833
0.58079
-3.45465
5.74206
0.80787
-0.12587
0.33761
-1.32149
1.61874
-6.67532
2.01041
2.71838
-1.99451
7.80682
-5.50893
4.82699
-4.81267
-6.15714
-5.53187
-8.30597
-8.13588
-2.28683
6.41951
0.68144
-1.69336
-3.65589
2.16108
3.86042
-6.99403
-3.37335
3.77179
-5.21016
-0.90906
2.51289
-5.16851
-1.23698
4.46448
-4.92808
-0.68159
-10.63695
6.85136
-6.03231
0.52626
2.08329
9.51046
-4.24987
7.14974
-2.43263
-0.46969
-4.60921
-3.33958
2.45326
3.04728
-3.68097
0.53192
-2.58803
3.10014
2.08556
1.84430
8.50100
-1.79838
-0.24022
3.34352
-0.52618
3.32746
1.21283
-6.51847
-2.38910
-1.55367
-0.20879
-3.13137
1.37700
1.20494
-0.84000
-4.74768
-7.63222
-3.43199
-2.42447
4.37670
-6.78650
0.61669
-3.81749
-2.14259
-5.51863
-0.24076
-2.80924
10.23401
2.07016
-2.09709
0.81049
2.40671
-9.13639
-6.59062
1.23638
-2.76571
-1.18295
0.15838
-0.94658
-3.46052
-0.75293
-7.96194
-1.12126
-0.14028
2.57311
-0.28373
2.25472
2.83115
-1.61086
-9.19594
-4.77266
2.58262
-1.24680
-1.84786
-5.75716
1.77191
8.31468
10.72085
-3.00114
-0.83856
-0.76487
-0.66815
-0.47481
1.02060
-1.56494
1.54145
-0.41980
5.33594
-0.47850
0.91980
4.40278
9.64748
-1.06917
3.23967
3.45237
3.51748
4.92487
0.92445
-2.46620
12.60680
-4.13977
4.15125
-2.97729
1.84443
0.85430
9.64033
-6.96812
-0.85748
-9.73255
0.87542
-5.11474
1.25535
4.73447
2.58963
-0.23778
7.77610
-1.69410
0.31117
4.58841
-2.59838
5.56157
-4.51284
2.04730
-2.69932
4.65661
-2.25551
-8.58457
-4.57626
-3.74220
-2.35066
-0.65254
1.56350
2.00198
-0.41842
4.39619
0.11115
-1.36164
6.20684
-10.21118
0.55437
-1.68256
3.99453
0.48112
-1.77816
0.69044
-5.87436
5.56593
3.47170
-4.67483
-13.20251
-1.73028
2.02439
-2.15393
1.26697
2.14843
-0.02691
1.30478
6.34145
-0.73233
4.98188
4.01752
2.60249
-0.12417
2.38239
-4.63957
-1.75854
-5.54001
0.64714
-5.75801
4.42133
1.20699
-6.54227
-0.75259
5.09265
6.64364
6.35968
-1.91407
1.87964
-9.78813
4.85949
-0.86658
-4.74424
3.92752
-1.77407
5.32560
1.96931
-1.14274
-0.36295
11.01346
3.67904
0.77364
7.07654
-3.42727
7.28372
-7.57785
-5.71546
2.31814
-0.56775
7.32330
10.10834
-3.78355
-2.73938
-8.13902
2.71539
-6.50481
-7.82797
2.72372
6.80602
-3.34404
0.97930
5.63307
-0.17304
-4.82071
4.25664
-3.42053
2.95735
4.25748
1.41991
-3.44399
-4.14889
-1.43018
2.63652
1.23417
0.77467
-10.72238
4.94490
2.36896
5.51328
3.78110
0.12098
-3.24397
3.40453
-6.19531
-0.22062
-3.34597
-1.51304
4.19557
4.28572
-1.75058
-1.92861
4.46723
-2.10664
3.89927
-2.93115
3.95508
9.21071
-2.58822
0.45100
-8.91468
-2.90370
-2.47826
-3.60685
7.31360
1.35260
-4.86374
0.05044
-1.81720
3.22643
-5.94232
-0.35322
3.20499
-1.56789
-3.06368
-3.46128
-2.03808
9.73575
0.50232
1.96633
-2.49545
1.51315
0.32915
-2.76928
0.37662
7.97433
-5.60299
-1.21017
2.42896
7.57601
-1.79065
-3.18343
-0.69857
3.79074
0.72500
2.16368
-3.55854
-0.12935
-1.44678
1.81887
2.19934
0.77920
-2.38844
2.91693
-0.15084
-1.12424
-10.54364
-2.05928
-4.89509
-4.57710
7.94801
8.75544
0.63976
-1.56346
-3.60172
-1.05495
-4.22882
-5.12227
-1.01117
1.88650
7.91192
-0.39205
4.97129
-6.49574
-3.43611
4.88024
-4.48056
-0.70504
-5.74244
-1.31168
-2.71807
0.43637
0.85755
-2.43836
-0.20040
1.92971
1.72734
1.29142
-8.21352
-5.22786
-11.81438
-12.03546
4.18190
3.93152
1.28829
7.55945
-2.45280
1.83592
-0.29726
6.24436
-2.43671
-9.38263
-3.94737
7.50684
5.05868
-1.12657
4.15333
-4.53018
-4.85576
-3.57685
-7.41877
-7.57431
1.84000
-5.26748
-5.44511
-1.77266
-4.79979
-14.61866
3.20311
-3.93714
1.76835
-0.12003
-1.10863
0.65024
2.50279
4.85482
3.13578
5.45377
-2.52262
-1.53104
-2.82556
5.20488
-5.50553
-3.76690
4.76943
-0.60876
-12.94640
-0.22152
-0.18549
0.75246
2.82687
1.70433
3.82177
0.06737
-3.13488
-0.40002
0.65407
4.40588
-0.36428
-3.01783
6.22293
1.78083
-0.34837
-0.01685
-7.14072
-0.85207
4.13377
10.32341
-2.71241
-7.15162
-6.08021
-5.02448
0.91832
1.96537
2.99380
1.33348
2.03375
-8.66289
-2.95737
-2.27552
1.42575
-5.48531
-1.67989
0.98295
4.23795
-4.39471
1.64208
-4.08883
9.19598
4.96548
2.80395
-4.91845
-3.11056
-3.55982
-1.16045
3.84940
-1.92940
-1.36904
-0.64966
-3.02540
9.64277
5.19471
-1.91798
1.81515
-1.32087
-6.21466
3.36060
0.53604
-4.83509
1.48037
-3.64838
-1.93682
-3.41106
-0.57958
-2.74997
3.40070
-4.77642
0.54786
7.93605
2.62948
-4.22560
1.48734
-2.97518
2.50318
0.99685
6.69279
4.73244
4.19312
8.10761
-0.62181
0.74979
1.58794
1.43157
-2.34731
8.58470
2.99704
-0.22692
4.52857
4.92995
2.52026
-1.89355
-1.18639
-0.19807
-0.35138
-0.93080
1.61722
-0.29112
-10.76381
10.58733
0.30872
-0.11415
4.02239
-2.15267
3.62321
6.78589
-1.83889
-0.09321
4.37361
4.96761
-3.99115
-0.75855
3.72878
-1.46653
-2.26002
5.37440
5.27819
-5.14477
-2.76626
-1.73087
-3.79423
-1.69126
-0.63355
4.30817
-0.82588
3.87227
-1.29040
0.79916
-7.10119
-2.90769
-5.38808
-2.29593
-0.84396
-3.36464
0.37971
4.48382
2.85628
3.66627
-1.41175
-9.04718
6.55033
1.72834
-3.16302
-4.49112
2.00623
4.78721
-1.99798
3.55043
2.43262
2.39716
-5.92532
5.63028
-6.84907
1.13914
-3.85034
1.83119
-9.22268
0.98335
3.63834
3.00582
1.38554
2.80909
4.20616
-1.50431
5.47544
-5.20545
0.05038
-1.32697
2.44874
-10.08756
0.57721
1.56640
4.79700
0.31430
6.66478
5.39343
-5.87327
-5.21788
-2.27886
0.85810
4.74849
0.18752
-1.62360
0.91642
-0.53413
1.70197
6.01847
-0.85476
-5.73957
-4.25411
1.71667
0.53240
6.89321
-4.34252
-1.52586
3.23238
-5.55819
-5.68873
0.25524
-4.96676
1.59434
-1.71173
8.26494
3.95307
-1.19861
0.08177
-1.39214
0.03507
-0.79131
-6.38263
3.11750
1.56407
-4.54020
0.10325
-0.54934
1.41875
2.30799
-1.52578
-6.02328
-2.18100
5.25484
3.50595
-3.00960
-0.40654
-0.54696
-0.05913
-1.13102
-1.68075
-1.60495
-5.46411
-3.68115
7.65632
0.00378
-4.72904
4.16192
-11.41608
-2.34648
-0.24522
1.91908
-7.55641
2.39940
8.34838
-2.86718
4.17836
-1.77221
1.89618
-0.16642
1.64014
4.54935
-2.43728
-3.40753
7.29737
0.71151
-5.40118
7.98648
-6.06305
-3.63795
-2.22668
-0.76703
2.72111
-0.22594
1.07094
0.26019
-1.83772
-2.92086
-2.19971
-1.84590
-2.90921
6.30213
-0.41946
2.28127
-0.05709
-6.28254
-5.18752
0.41137
-11.38120
2.45119
-0.22930
0.82599
3.45877
0.12207
-3.09695
3.59105
-5.47951
-4.31010
-1.71847
3.50800
4.12354
-0.20364
-7.66837
-1.45096
-1.94916
5.27096
3.76927
-1.48114
0.91610
2.87879
1.08587
-5.35912
-2.58549
-5.44171
5.93461
-1.24244
-1.59268
1.20603
6.43976
-1.74331
-4.60086
0.57902
2.86090
2.80437
2.45457
5.91405
1.56522
3.69515
-3.41641
-6.07272
-8.96977
-1.27209
-2.84556
2.64722
8.82633
-2.74119
-2.68441
2.91223
-5.58424
0.21769
2.62850
-0.02447
-2.50490
5.50654
-3.95125
6.96145
-3.08452
1.24081
-12.99376
-4.41221
-0.56208
3.33098
-0.26328
-0.18991
-5.36842
-6.09246
2.80465
0.69962
3.32541
-0.38241
5.00464
-4.64883
2.66582
1.94669
-3.57161
7.56886
0.47955
7.54360
5.61663
1.28419
4.08937
6.37902
3.08344
0.28759
-1.60236
-0.86828
-6.19975
-7.70640
0.18826
0.42305
-1.36400
-1.57818
4.26131
6.09118
7.00557
-1.12957
-3.94367
-5.59962
-1.25398
-2.16594
-1.04189
-1.18401
3.18182
0.97205
8.14146
-1.26883
-2.13981
-1.89664
5.48084
3.30300
-1.71448
4.81971
2.69653
1.47582
-8.00892
-3.98040
6.56864
10.74698
0.82660
-6.26676
-1.56192
-4.77417
2.26007
0.25115
5.96345
8.03974
8.36365
-0.97633
9.05582
-2.17277
-0.88170
2.80288
0.31186
1.39364
-6.45542
4.13918
-4.68367
-0.08745
0.97286
2.18252
0.87691
-11.26918
3.75569
-5.66978
7.05837
-5.67161
-4.85216
2.41401
7.80257
8.30511
-0.94493
5.98479
1.26926
2.11626
4.17531
-2.82731
1.67843
1.80459
1.62028
-4.69996
5.51402
-0.90947
2.87955
-5.75599
7.56674
-5.10640
-5.83925
-1.03073
1.52993
0.85338
1.10836
-2.99594
4.55252
0.34165
5.36991
3.87224
-3.73328
-4.16097
1.53492
0.21262
-0.55549
-5.94465
7.56639
4.13135
8.89677
-8.76761
-5.73651
0.39662
8.41890
0.88546
4.43150
1.67840
0.41640
-2.57000
-2.75500
2.07683
2.92029
4.41273
-0.49232
6.63368
-0.40682
2.77020
4.30111
-0.17008
-3.80765
1.18533
-4.23751
2.99659
3.06115
2.23394
6.81367
-4.12544
-1.56501
-2.80505
-3.85338
-4.55940
7.11336
2.51671
-0.73387
-6.59595
9.24492
-2.94184
-1.21968
1.61958
1.72175
-0.96844
-4.40911
-0.99995
-0.16940
2.35287
-1.53512
-4.99565
1.45363
3.25056
-0.07327
-2.70708
4.12797
1.66319
-1.47486
5.60507
4.31619
-3.68137
3.23056
-2.71286
-3.22227
2.62162
-2.14845
-0.73868
-7.54034
1.97923
4.23301
8.50920
10.44783
3.19763
-4.37676
-1.03342
-3.57416
-5.43704
-3.33254
1.33435
6.57907
-2.72032
3.09218
3.53749
-2.50483
-10.21193
-1.83938
0.53005
-0.19372
-1.74665
-2.28142
-0.40725
10.08173
-2.67965
0.93539
-5.82846
-4.61854
-9.06375
-1.16276
1.41969
6.03940
-4.77161
1.23029
-1.21143
-2.86894
2.12220
3.40554
1.71796
-3.69288
6.91064
-3.24853
3.08864
-2.45159
-3.01150
5.08398
1.02305
-0.41883
0.83340
4.21764
4.55033
3.49011
-0.00747
-7.75021
2.24228
5.90411
-6.93972
3.42184
0.07913
1.79883
-3.26119
2.90964
7.71125
1.30419
12.56376
3.52691
-0.31163
3.10235
-5.58929
-4.24230
0.16681
-4.05759
-10.98028
0.45135
2.52613
6.82732
3.86861
-8.89453
3.59014
-4.59432
2.38718
-1.16790
7.95608
-6.16526
-0.42913
-5.02071
-1.99657
-5.39709
2.80392
-14.67383
-1.71032
-0.45018
1.92220
7.75638
1.99350
-0.52586
7.12872
-5.78491
-10.79064
4.87546
0.17869
1.65759
0.86281
3.87145
-7.76787
3.34605
-4.34716
-3.54836
0.06227
2.66448
1.47713
-4.24059
3.31607
0.26481
0.48814
2.51302
-0.06168
-2.37307
-0.21904
5.62243
-1.35345
-4.54566
-3.49733
7.54133
-5.50366
-1.78058
0.99430
-9.14053
-4.99200
-0.10608
3.20570
4.95141
-16.14913
1.70864
-1.56741
-1.30393
-4.93801
-1.43268
-2.88909
-5.54432
5.90169
-2.50942
-2.08836
4.60616
-2.16708
-2.55199
1.53480
-4.08781
4.65516
4.94567
0.15382
-3.99691
6.79592
0.44253
0.06558
4.13021
-1.80072
0.12037
5.62170
-0.87845
-2.93040
2.31637
-6.77454
1.23497
0.22112
-3.67078
-0.50855
-0.65170
-3.12087
-2.52973
0.33352
-3.70612
-1.36136
5.23369
8.15211
-11.88864
-0.69135
6.19437
-5.41509
-4.86381
-6.52387
-1.57886
-3.87747
1.35876
-2.98407
0.69908
-11.92465
-4.96461
-9.33889
1.40406
-1.05930
-3.95036
-3.39735
-2.40329
0.99058
5.66886
0.17037
-2.96381
4.05529
4.24888
-4.14500
-2.10281
1.03370
-9.83792
3.11019
10.22912
-5.99032
7.31555
1.70114
0.25325
6.65425
2.21415
-2.19431
4.64593
-4.26132
2.39350
2.10365
5.32724
3.81857
0.65844
2.40179
7.88263
-0.76964
-2.48827
5.45269
10.66331
-1.61500
4.46151
0.72204
-5.79147
2.78622
0.53417
-0.36149
5.99067
-0.74797
1.00308
-1.95382
-0.63059
1.15773
0.42150
1.37787
1.95446
9.42335
-8.53109
-3.05600
-8.15805
1.85085
0.18139
-0.58030
-0.47530
-4.48478
6.83148
5.70478
2.45902
0.91789
3.07746
0.59279
6.90647
-4.09341
0.94031
-0.14293
-7.36588
-6.20987
0.16523
0.85687
3.52100
-1.07318
3.39659
5.60963
3.41375
0.60863
0.85265
-2.17534
-0.36924
-0.95866
4.76570
2.54142
7.64093
-4.95139
-2.42949
2.79652
-0.30635
8.40391
-6.41231
5.49950
-5.03533
4.98536
-2.33344
-1.86341
-5.97720
-4.20726
3.63776
5.03855
6.22446
-10.52832
-2.06745
-6.95125
-1.79094
-3.01384
-10.38690
3.09609
6.59532
-6.28092
1.88266
4.93888
-4.49496
-4.86577
2.84093
1.98033
2.97948
2.62586
-8.50320
4.45693
-0.53816
2.09327
-5.97782
-1.01328
0.94966
-4.48049
-3.57600
1.32815
2.86876
-3.39848
-2.12901
1.57778
2.74995
-4.31813
-2.68025
3.42600
-4.88905
4.91083
2.03815
6.01366
-0.37921
1.14821
5.91523
-3.59804
-5.18728
-1.92510
2.39911
0.53765
4.38450
9.30508
-2.43103
-4.54683
0.43578
4.58333
3.03168
-1.58196
-8.25111
-0.68836
-4.83834
-3.42679
-1.26639
-1.79146
-7.81414
-1.15637
11.44360
-5.31726
1.48533
4.80632
0.39612
-1.25720
5.11943
4.95089
3.63377
-7.38781
-0.53388
-1.36116
-3.61026
2.65204
3.84314
5.41493
0.92200
7.40952
-7.28945
-1.43901
-7.06518
0.38219
3.38400
5.45688
8.25423
-1.36639
3.19458
3.96576
-2.84780
1.02760
2.55852
-1.31527
-1.75543
-5.05104
0.21930
-0.87542
-7.63480
2.13977
-1.39350
1.73569
4.26935
7.50207
-5.49149
-1.87397
-0.00381
6.97557
-4.99295
0.37595
-1.59473
4.57604
-1.24844
4.74777
-1.99700
-3.82976
3.78279
13.09156
4.36593
6.88016
0.77799
3.72451
-2.63745
-5.13685
7.07781
-6.67920
0.43770
-6.27687
3.55353
-2.40779
-1.27648
-8.97202
11.93485
-6.05059
-0.17112
0.71115
2.04644
-3.44502
-1.56159
-0.18112
-7.06394
-6.97935
2.52582
0.48507
6.77995
-4.52327
6.84058
3.86700
3.46142
4.29323
4.08503
-7.37537
3.12647
9.18501
7.80364
-0.78301
-6.16448
-4.75151
-0.53957
6.84019
-2.69629
5.17589
-2.07353
-0.98573
-0.29475
0.59837
-1.10620
-0.90989
-3.80966
-3.98917
-1.27400
-7.39850
-2.62310
-8.37890
2.36124
-1.88850
0.71190
2.21102
0.49376
0.77324
-4.05238
2.38886
-2.93482
-3.79940
-5.78877
-1.41510
-1.16754
8.70737
-0.66135
1.75568
-3.20677
-5.88844
-8.05820
4.44388
-3.05041
-1.20797
-3.20637
-0.52417
3.71131
-1.37159
1.26219
-2.72852
7.43091
-4.33093
5.40702
-3.09707
0.82544
0.09243
3.45243
6.20670
2.14173
-1.54060
-4.35564
-2.50268
-5.02747
-1.44760
-9.79931
-0.77041
-0.93502
-2.10719
4.51560
-1.81656
10.94196
3.31462
-9.89495
0.05181
3.42943
5.59326
-1.19097
-10.45693
10.62929
-3.46152
-1.27429
-2.41626
-1.40912
0.69825
3.25682
-2.48870
1.04123
-4.65467
3.93255
-3.69352
2.43786
-2.29052
4.35567
-3.66344
5.98430
3.24583
0.13896
0.52033
1.54776
0.04964
4.47682
-0.94210
6.30365
4.31192
-2.26753
-1.52062
-5.78800
5.59560
-1.41855
-0.29812
2.03533
-10.20636
-4.32994
0.30725
1.80994
-1.67818
7.56512
0.87545
-1.75039
3.99448
-0.47236
-0.22891
-0.32212
8.62323
-0.70219
3.41270
-5.58562
5.86059
-3.48018
-3.72596
-4.44151
-1.56075
6.95059
-1.86998
1.23708
-1.12569
2.82624
0.37691
-2.82504
-3.51824
-9.79549
-0.28978
2.24692
-3.37252
4.56032
-1.06752
7.95433
-2.54108
3.39885
8.41966
-0.75255
-3.11482
-1.64732
-1.49222
-1.40581
-1.09049
-1.40458
4.39660
-5.94151
3.24765
6.53062
0.67236
4.02985
0.47184
2.78571
-4.57882
-6.72043
-3.59559
0.17198
6.06003
0.23680
-1.05423
-3.96484
9.51950
0.46166
0.18445
0.39567
2.65502
-3.91456
3.72270
2.32271
4.97399
-6.39709
2.50316
5.54604
-4.79528
3.14381
1.03890
0.51074
0.93105
1.39656
6.41747
5.11032
5.66873
5.96420
-3.69772
9.29741
-3.78559
-1.63079
0.53053
-3.11163
-0.02653
-7.82897
-3.70817
-1.91904
-3.59537
0.23910
1.54395
-4.54039
-1.74005
1.65092
-1.00675
-6.04305
6.03372
3.79121
-4.24738
-3.60729
-3.31570
-1.48109
4.60393
-14.17732
0.69621
-4.52640
-3.90599
-5.54626
-2.34912
-2.12617
-4.16752
7.52966
2.22685
-0.11341
3.92128
4.58930
-6.53566
5.78174
-7.66833
4.61421
0.53811
2.87386
6.61482
-1.50447
-5.24187
-3.54510
6.06236
3.10198
6.88680
-7.79641
-9.26595
-1.15682
3.44274
2.45036
6.49365
2.03308
-6.00645
6.84954
1.26795
6.00843
-1.08469
-6.38041
-0.52188
-0.97518
-2.07664
0.19018
0.74845
0.28396
-9.76099
-3.43492
-2.49844
-4.38496
-1.07530
1.95945
-9.87572
3.36380
11.83400
0.96430
-3.14417
2.50192
0.39120
-0.65506
0.83863
-1.23386
0.32610
-1.72226
-4.90311
0.13226
-3.62828
2.74494
3.00411
9.76410
-4.70549
4.20173
2.21325
-1.79725
-3.58225
1.53414
-2.92968
-1.88356
2.59964
-0.65136
2.94925
2.39702
5.74296
-1.51752
-1.52264
1.09299
-0.18725
0.81828
0.82999
2.00140
1.23483
3.99049
-4.21140
5.69516
-1.72832
1.69240
-0.08369
-2.44829
-4.36003
-0.23116
-6.65402
1.14069
0.71785
8.91650
1.70392
-12.24628
6.44684
-2.52750
-5.08097
-2.88136
-0.01812
8.49530
0.27931
-5.66031
3.78450
-4.44197
5.75729
6.71886
0.52978
1.06893
4.10419
1.06737
-2.72036
-3.30227
2.75311
3.83521
-0.47428
-7.80136
9.01504
0.89522
8.47021
-0.49862
-0.76538
-0.97505
-2.92077
3.87257
-1.33361
1.77306
-2.88477
-1.05659
-0.34716
-2.77135
3.35323
4.78116
5.48392
-0.64360
2.27148
2.69202
-7.91922
-4.90530
-5.66741
3.49757
6.51054
2.84423
-5.78118
1.04159
2.09113
0.76692
0.45147
-5.65235
1.19277
-3.32617
-4.69178
1.02429
-2.53943
-8.11383
3.72252
-2.38268
4.00435
-5.20430
-2.44327
2.95673
3.62100
6.64535
4.61991
-3.20819
-4.75315
-1.06799
-2.47995
2.72331
-0.04588
0.09573
0.91230
-4.50938
-3.39306
-3.29649
2.16837
1.85547
-8.20633
1.37306
-0.19942
-3.23834
5.09916
0.00038
-0.53867
-0.11509
-1.37831
-3.41091
-4.95103
-2.13853
-0.59348
0.14358
3.05413
8.39366
-3.71044
4.78329
-4.31954
-5.16571
-3.70371
6.19209
9.87716
-1.56661
0.38498
4.50804
1.01910
-2.54074
3.04990
-0.10466
-1.91237
7.17748
1.00780
-9.37430
5.52454
-1.00412
-2.13232
5.97571
2.49846
6.81732
-1.62592
-2.73201
-2.27503
1.15837
-3.08830
1.68868
-8.47510
5.05012
-0.86842
2.24442
-0.09201
-0.73611
-1.74006
-0.43928
-1.42151
-5.77687
-0.86428
2.53445
-1.54465
2.46182
-6.65200
3.50609
-1.94695
1.26648
-1.37940
5.89619
-0.22188
-1.38998
-4.77609
5.71886
-0.66467
1.85997
-6.28183
-5.14007
-2.23913
3.49204
3.94346
1.19836
-4.12956
2.21338
0.72596
1.76248
0.28770
-5.63354
-1.13586
7.43048
-4.30730
6.53948
1.26927
3.77729
-4.90705
1.69670
-6.52099
-4.03057
-0.70079
-10.99604
-1.14538
-2.46109
-9.08908
0.50632
8.84986
-4.10939
-9.74282
-2.62530
-3.81663
5.55718
-0.32071
-6.12285
-1.94555
-0.95338
9.47210
5.54276
-4.09786
4.10840
-4.72283
-8.14362
6.91793
-1.08692
-3.21203
-1.89934
5.58758
3.96852
-2.90500
0.93345
-1.17502
2.15068
7.65496
0.15496
0.78629
-1.91669
2.24328
-3.08141
3.53751
-8.65946
3.27580
3.68018
2.10025
-3.82871
3.94895
-0.05034
-2.50530
9.34010
-2.11464
15.41691
-6.12510
-1.61848
1.79655
3.33836
-1.53256
4.44638
3.01630
1.99537
0.71472
-5.73466
-7.22459
-0.80976
4.31862
-4.61163
-3.11895
-4.27733
5.17446
-3.21270
3.70700
-2.85501
-3.23476
1.90520
-1.23641
0.23837
-6.66368
6.60889
0.26041
5.85121
-0.32998
-9.59603
1.54289
-0.57444
-9.72267
-0.57249
2.13849
-5.44915
2.18546
3.40932
-7.32171
-3.86800
0.10080
9.81810
-2.66949
6.66471
0.34836
-10.49691
2.55483
-2.73537
-2.54194
-9.51566
3.62503
2.97244
3.23828
8.01656
-3.11710
-0.14259
-3.77781
3.14200
1.53929
-2.97236
5.11461
-1.73148
5.42545
5.32475
-5.54047
-2.66401
-1.78276
-3.48929
6.68785
-2.78941
-4.57893
7.64238
6.50886
-2.35601
-0.24716
-6.54269
2.08818
-0.56950
1.01854
3.40125
-8.73466
-3.90447
7.14156
-2.35426
-2.37274
-3.60172
11.65309
-0.26857
-1.18873
-2.20710
3.75789
-0.67192
-2.77843
3.15394
-0.86950
-3.56018
-0.14619
0.11735
4.04480
1.79456
-2.17456
3.55956
1.67501
-2.43508
-7.20498
2.72181
-2.40354
-6.94076
1.71483
-0.00165
9.63536
1.62006
8.30835
5.64625
-3.46277
0.38024
3.38356
-1.94793
-1.89462
3.32475
2.85963
-1.51765
1.86171
5.12555
3.14720
3.04274
1.15003
-5.16634
1.39597
2.42794
-2.78145
-9.59516
6.92908
-2.89919
3.81167
-4.54913
5.07880
4.13177
1.83275
1.46411
-7.26619
-1.41205
-2.61369
-5.98466
-1.58885
-7.14734
1.67797
-1.64613
-5.83928
-1.36380
0.15976
3.84580
0.25121
3.48444
-6.21877
1.83266
6.31026
-3.84060
-1.81121
-1.08493
4.86124
4.12298
-1.84419
-7.34914
8.38379
-6.93636
-4.32609
-6.07005
-6.57128
6.37082
0.04586
-0.99588
10.00303
-8.46611
-0.28723
7.31665
2.51638
-9.42886
-3.46217
6.07793
8.42079
-2.63141
-7.06944
-7.45819
1.44576
-1.20080
-1.43921
3.20659
-2.09926
-4.56781
7.94677
6.38182
2.47050
-4.64651
0.72592
9.10679
0.45744
-5.14735
-4.47094
4.92263
7.67532
3.59573
2.88829
-6.85656
-0.84728
-7.09708
4.09537
12.66538
2.13482
0.69958
-0.07446
-1.93264
4.24393
1.84628
2.44034
5.19743
0.73892
4.23301
-1.48082
-3.10474
1.79225
-4.80463
-2.20225
-3.57936
-2.66490
0.66175
-1.57863
-4.12382
3.32552
3.35856
1.42225
-0.16742
-7.76208
-1.61501
0.85563
3.28895
-2.36384
-1.19334
-3.96645
-3.05800
2.93973
0.50318
-0.36016
4.61252
-3.67154
-6.41334
4.15860
-2.80841
-3.54922
1.57215
-2.48617
-2.45005
1.25045
-0.68755
-13.73851
4.60850
-0.39835
7.60706
-0.83426
-6.59957
-4.61564
-3.35093
2.71262
2.30308
-0.70943
-1.72205
1.69055
0.52218
-3.96785
0.82575
4.14493
7.63651
1.11538
2.24616
1.01298
7.74189
-2.47860
-3.08418
3.72814
-9.04552
-2.24656
2.12389
-2.42920
-4.13523
6.96491
12.02767
-4.67095
-1.70809
-2.85712
12.59976
7.34550
-3.73429
-5.08707
2.37557
-4.24518
-3.33017
2.29874
1.91240
0.88292
-3.96859
-3.37734
-4.32223
7.20682
-4.37464
1.02149
3.70879
-3.41162
-1.54639
2.33311
6.42328
2.77419
-5.44473
-3.83596
-9.76349
-8.33020
-4.02700
3.52888
-1.09575
0.59669
4.92956
0.72224
2.05464
5.49329
7.63248
-4.85384
0.64363
9.63782
2.17811
-9.39767
-1.93290
-1.92503
3.36990
-0.43115
3.50375
-5.29015
-1.42414
5.09621
-5.66743
2.20398
-4.92510
3.82224
2.09940
-2.79970
-0.95652
2.72005
6.12108
1.82232
7.15797
-1.76731
1.36753
-6.40905
7.64149
1.97163
4.39246
-1.81383
-9.61617
-0.00644
4.50138
-2.09694
-4.35366
-7.38960
7.52979
-0.52339
-6.78984
-0.93120
0.79186
-2.72578
0.11440
8.64535
3.99098
4.52791
0.14313
5.76917
-3.23828
-4.02359
-1.63395
1.86888
3.61714
3.21442
3.32453
-5.10922
4.35314
2.85305
0.78103
2.44976
-0.69753
-1.15357
6.66991
-0.60071
-3.64887
-0.55347
0.94934
12.83388
-4.44833
-3.85832
-0.75925
0.14472
-1.67535
-2.28728
-6.30581
-0.58161
0.89828
-0.52084
-0.21508
-4.02863
3.11763
9.39987
-2.64576
-7.79738
0.35723
-7.57617
-3.66057
-2.78189
3.68541
4.45633
-3.57134
-8.45583
6.10025
0.21946
-2.09539
-0.26339
6.16380
1.71242
-2.29138
-6.98624
5.40081
-1.94062
-4.12354
-4.90840
11.41536
4.19080
-1.23011
-2.80585
5.01273
1.70857
-6.87289
-1.87095
-1.09337
-4.38637
4.60242
1.14403
1.16699
-7.14271
1.72324
6.73440
4.89977
1.96801
-0.88576
-3.45692
-1.43059
-3.22208
6.54925
-6.22255
1.31096
6.07346
0.21387
1.04584
3.51874
3.33980
-1.16680
-0.07045
-1.52027
-1.93651
-3.11441
-5.19988
2.84586
-1.21471
-4.27586
2.59548
-3.05418
-1.94993
5.85467
6.34022
-6.35185
0.68046
5.49997
-6.25558
2.01823
-0.27421
-3.46339
3.64436
-4.57840
-3.07805
-4.53624
0.23943
5.94202
-0.09923
-4.59623
5.22234
3.62317
-2.99028
-3.04570
10.59026
-0.34775
-0.21753
0.48061
-0.01866
-0.40817
-2.87010
-1.81332
2.32294
-0.48619
-4.95927
0.25717
2.27897
-0.13082
-3.25764
-0.12128
-2.83955
7.87291
0.66735
0.18486
0.68441
-1.63522
-12.13258
2.00334
-1.40449
-2.37839
-2.21341
-1.38330
9.38013
-0.26246
5.51719
6.08242
-1.89684
1.50923
0.80615
-2.74267
-6.79810
5.82941
-3.05021
-2.30026
-0.95046
0.40257
2.79284
-6.02336
0.25409
-1.47528
3.11700
-1.94228
0.46182
2.60306
-4.62461
0.73785
3.37224
-4.79607
2.19530
-1.28579
-1.59296
3.82407
5.21311
-1.46783
-6.35148
1.54569
-2.52203
4.28781
2.60424
-2.87349
-1.20834
4.59104
3.23136
2.67243
-3.45139
-3.58273
-7.82714
-1.70748
-2.15320
1.96544
-1.68445
0.51420
-4.53235
-0.78088
-2.88135
-1.91468
4.80871
1.20718
4.65421
3.00498
9.86669
-2.12273
4.21349
4.74103
-9.02123
3.58878
-0.45237
-2.60574
4.89718
1.67793
-1.15051
-5.25822
6.27843
9.73212
-3.33292
1.31540
4.76655
-4.24188
-5.22551
9.03162
6.24327
-1.28290
4.29563
-6.99713
0.57557
0.92909
-2.55224
7.08775
-5.03575
0.32685
-6.33738
0.61813
-2.83117
6.54305
6.14942
2.67921
9.63319
6.12626
0.65471
4.14869
3.51875
-1.87991
-2.69591
-0.66838
-2.85549
-4.82887
-4.09866
-1.66890
4.13108
-0.39485
-3.67304
-1.64345
-0.04873
3.04337
-1.01154
5.64689
1.09902
-1.99647
4.01219
-5.38976
-4.65531
2.21472
3.72800
-4.80699
-3.92850
1.26361
-6.99763
-5.95297
0.34924
-1.67408
5.17568
1.85467
4.29186
-7.94532
6.21976
4.97367
2.57429
-1.19260
1.21081
-5.55723
-3.91646
4.37988
-0.23358
-3.18819
-5.57041
-2.22707
-2.09403
0.89288
2.25427
-3.40897
-2.05468
-0.63185
-0.04238
-1.38453
-2.15762
-3.65383
4.60502
-6.87211
-10.27051
0.65188
-2.20533
-3.64233
5.45900
-2.40460
-5.47187
5.62936
1.80175
-3.76165
-3.14666
4.81089
-3.87278
-4.49101
5.75134
4.56764
-7.42005
2.35939
6.83810
5.74710
1.88933
1.98479
-4.41330
-5.84888
-7.49002
-0.14437
-0.18407
-0.36525
11.56636
6.01679
0.61254
3.56796
-7.34490
1.05114
-3.37849
-6.63965
-7.21173
0.30143
4.68697
1.58236
-0.97460
0.58018
-6.36369
0.51523
1.43739
1.91612
-3.73295
0.00831
-5.86304
-9.90805
-5.78012
-10.54060
2.14974
7.52228
-2.17123
4.81525
-1.13399
2.36094
-2.33495
-4.89388
-0.52101
4.69933
-2.78050
-2.42491
-0.10493
5.01858
6.31788
6.98464
13.66110
-4.37158
-1.76667
2.57052
2.99353
5.78283
-0.85511
-1.93634
-2.19599
1.08229
-3.11919
-2.69455
0.45619
1.25285
0.97389
0.91320
-0.47166
-2.84273
-6.78132
-3.65764
-1.69200
5.30912
-2.61665
-1.78576
5.59988
-0.18424
-4.92527
4.38017
5.88397
5.95421
-1.24234
7.42967
6.23216
-2.08369
-2.30435
1.62096
-6.75231
4.21710
-3.43968
2.90181
-9.34867
1.57325
-3.14702
4.43694
5.33612
-4.69508
-3.28083
-6.33756
-1.13095
-1.27406
4.94048
-5.67572
7.42436
-7.32103
0.07482
6.10104
-5.70760
0.95772
-1.53285
0.82169
-9.22828
3.83117
-2.84202
-3.75276
-4.63878
-2.27632
3.65864
6.32605
1.81656
0.27620
-0.53375
-3.48154
2.91338
-0.22905
-1.36215
2.68995
3.48380
3.00846
-0.77083
-5.54303
3.65292
-0.89717
1.98979
1.30068
1.94009
2.27307
5.67235
1.28303
5.68516
-3.77967
-9.21645
1.68557
-11.55227
7.85692
-6.57345
0.98896
0.86227
-3.56208
4.69977
-2.09513
5.61661
5.27327
-2.85858
-1.74711
4.45162
3.29093
-5.31534
-3.11738
-1.31398
8.26984
0.51631
-4.74007
3.16157
4.87409
-0.51391
-0.86479
-7.85988
1.81566
-1.86199
1.12596
-5.20824
-0.48672
3.44728
-2.99071
-12.07546
-5.43709
-9.67214
3.77602
2.62815
7.30861
-2.94309
0.27218
-7.69356
-1.01334
0.82752
6.96372
-4.65750
0.50023
2.12632
-0.61692
4.39865
2.34997
-4.29040
-1.56317
5.37128
-6.48908
7.24039
3.91745
-8.53211
0.56540
0.26814
-2.94810
6.48723
-4.21152
-5.81606
4.12374
-8.42407
0.23142
-6.04571
6.91250
7.54801
5.68986
-2.24632
-5.18834
-2.20849
-1.38552
-0.01034
-0.22445
7.68617
2.75265
-0.96115
-0.94377
0.97534
-1.63397
-5.45390
-1.16910
-2.75074
-5.81348
-8.60243
6.72583
4.92576
0.86759
-0.88399
11.24090
1.36213
1.31924
-0.77211
5.07651
0.10610
2.91612
-4.86261
5.38665
1.29730
4.02286
-0.56919
2.45687
5.17361
-1.67982
-2.55437
2.42993
-4.05437
4.27941
4.83369
2.97752
-1.33363
4.06404
1.31290
-7.09728
-1.43271
2.75249
1.89328
-2.17668
-2.23701
7.84899
-1.44490
-11.78455
3.79810
-3.13860
-0.07076
2.20846
-5.72573
7.13644
3.57213
2.44170
-5.19418
3.41633
-2.72401
-2.83446
0.92208
0.30777
-3.42994
0.88700
2.33437
10.19416
-5.41927
-2.59276
2.67269
4.19778
-1.96102
-3.36161
1.87596
1.93594
-2.17707
-9.58629
12.70579
-5.24929
0.68533
-5.09891
3.51969
-3.08858
-5.83707
1.99479
-3.78161
-2.79868
-0.02788
5.36619
-3.88210
-12.90038
-7.50491
3.59692
-0.82333
0.64674
-4.28498
-1.16025
-3.31748
-1.59987
-0.66510
3.73321
0.65959
-5.18871
-5.19134
-10.07305
3.40328
-5.43872
-7.17881
-0.50513
0.18320
-0.82007
-3.97216
-2.53479
-3.70090
3.07383
1.92670
-4.35107
-3.56702
-4.54286
0.34777
1.50021
-1.20467
-0.57866
-4.11512
-6.71192
-3.70006
-0.37806
-7.54591
-3.71639
-0.55792
3.31326
-5.36812
0.27182
-3.08169
-6.75126
-3.16682
-1.20728
4.75408
9.82427
-3.60070
-0.51109
1.49960
10.44824
-6.74464
-11.24334
5.55340
-8.55973
-7.43876
-2.45618
5.28391
4.55589
-4.07612
8.72264
6.34183
1.61638
4.82348
3.38959
-1.83651
-2.64859
5.97365
-2.61131
4.35444
1.10374
3.67751
-5.05020
1.90324
6.95426
6.62209
-4.66216
-3.61170
-1.69143
-4.77245
-0.62275
-3.65840
-3.31466
4.94792
2.47306
3.55855
-0.08478
2.50030
-2.42005
8.96403
3.10360
3.53232
4.79965
11.47962
3.58034
-4.99323
3.08371
-0.53849
-8.33316
-0.35845
2.43645
-0.23090
-3.94058
-0.90173
1.39419
2.89986
-3.15223
-3.24704
-0.15367
1.63809
7.66361
-2.46520
1.31209
-5.36753
-0.91471
-0.85311
6.10820
7.26903
2.81631
-1.77215
4.77886
-12.75162
0.15551
-3.89529
6.40693
-0.95542
8.82055
4.68032
1.13138
-2.88093
1.60444
9.11200
0.10424
5.72775
2.50030
-0.01499
3.28962
4.51268
3.64910
2.18143
-1.97711
-2.10034
-3.99591
4.75663
5.30817
0.08538
-0.45570
-3.50793
4.68592
-2.13021
-4.22198
-2.95643
0.31592
-2.18759
2.67475
3.64232
-4.38546
-3.38343
-2.22352
-2.13589
7.83517
-6.62336
-4.00746
10.08496
4.38495
4.87255
-3.44315
-3.25969
2.28762
-12.25003
-3.46811
0.21762
1.27812
3.54193
4.53946
3.36483
-6.81145
5.98611
-7.31081
-3.70105
-6.84755
-17.31843
-3.18461
-2.00620
4.66877
1.14369
-0.82273
6.52245
4.21614
2.50420
9.64822
3.08744
-1.74164
-1.62311
6.44197
3.17099
4.21546
-3.63477
1.75280
-5.58300
-6.01095
0.02997
7.37963
-5.70029
-4.29454
-6.31885
7.39384
2.86397
1.30114
-0.27993
4.52903
0.64452
-5.46650
1.58956
-1.15225
2.02753
-4.07976
6.01352
6.15395
-3.85100
2.37294
-3.88707
1.09796
-1.15605
-0.42571
-0.57315
-2.08686
-0.58246
3.43541
-4.33392
-2.70319
6.45916
2.95961
-2.16221
8.86749
-2.45100
-1.97582
2.12945
-1.26422
-0.26854
-0.19478
-3.52676
6.41737
-5.04111
0.84273
8.08634
-0.55843
-6.15871
-4.15688
1.32932
2.83033
4.59966
1.61403
6.38382
10.54721
-7.98841
-1.04008
4.03281
-6.42695
0.26605
-1.68647
-3.07773
-3.53422
0.82989
0.52435
2.11395
4.48301
0.87517
-0.41111
-1.52879
-1.91397
5.21876
1.71995
-3.37499
-11.11497
-6.62117
-1.87874
2.15835
2.59018
-1.13661
4.93237
-7.63288
6.57304
-5.26201
-8.87108
3.35701
1.63071
-2.62494
0.89061
-4.00535
2.63765
-1.57810
-5.18082
-5.31371
4.53908
1.76665
3.22370
-3.68492
1.73816
-2.22399
6.27017
-3.75610
4.33990
7.29188
1.46234
-5.24354
-3.42576
10.16465
-0.25116
0.16556
-6.67365
5.99968
3.97939
1.47418
2.86697
-3.84007
0.83267
3.83863
3.32748
-2.15165
-0.06223
-0.35120
-0.13405
0.56895
4.31943
7.99531
2.63225
3.00812
2.42229
7.43722
3.79434
1.33515
-3.25106
-0.86395
-0.80513
-4.34066
-1.98557
3.34778
-5.60672
-7.46833
4.86347
-6.07820
-5.51405
0.69874
2.06441
-4.84782
-9.80004
7.31976
5.51472
-0.92886
-1.29730
-5.48108
-1.96373
-5.13752
-0.26187
-1.83233
0.70665
-0.88376
4.43416
4.28226
-3.44700
3.29734
9.04691
4.83239
-1.04103
1.20586
-1.97703
0.72247
0.78941
-1.76958
5.85265
3.11423
2.88365
-8.94450
0.99230
1.14061
-3.01030
3.15652
-5.99664
-6.42774
-1.96945
-3.12799
2.49969
3.08393
-5.35485
2.41117
-5.81542
2.13309
3.68566
-6.40648
0.50461
1.64735
-1.01233
-0.36404
7.01053
0.84981
-2.27797
-5.31760
5.48877
-0.89225
0.46427
2.71915
-1.41507
-0.86974
4.16205
-0.91895
-1.39390
-2.24754
-0.97899
-2.79088
4.29636
-1.83127
3.29509
8.12020
3.38182
2.55527
0.30155
-2.41774
-1.05079
4.63230
-0.34554
-0.93423
5.55617
4.00889
-6.68140
-5.55570
-0.04019
5.33348
-0.79967
3.73916
0.70519
-3.24333
-0.26678
0.50726
-4.35232
-15.28699
-2.65119
-7.17976
8.37624
2.17046
-0.90002
-0.02347
4.81269
-4.57579
2.76982
-6.17519
-1.79480
5.41994
2.10095
-4.04110
0.98277
4.21788
-2.89737
-6.95494
-7.31449
0.54693
2.13662
-0.70583
2.45348
4.94403
3.61732
-2.14901
5.26037
-2.02541
-4.17615
-0.34438
4.53943
9.54148
-0.99673
-1.14128
4.25241
-2.68859
0.88804
1.10885
-3.28948
0.09552
-9.90738
-2.54174
2.35600
-2.03404
0.09766
1.54744
5.51244
0.63563
-4.31611
-9.70531
-1.24310
1.45175
6.34561
-1.87392
-0.46197
-1.44158
0.30970
3.04607
-5.08009
3.06590
2.19464
0.19692
3.19407
0.07800
-1.53015
-7.04628
-2.99947
-0.13307
-0.27526
-3.85352
-0.09467
2.49540
-3.17787
-3.28607
1.13390
-7.79763
2.61153
-2.89540
11.40059
5.08362
-5.65411
0.83174
7.14401
5.07820
0.92214
1.98613
0.25313
-4.28765
2.18794
-1.64728
2.25264
3.88096
3.50938
2.00185
-1.92415
2.85837
-5.49313
3.16017
-6.32381
-14.01362
-2.38179
4.92899
3.65219
-4.73783
-2.19538
1.58918
-0.16054
-2.84939
-8.13499
-5.62888
-5.31529
-1.85705
1.28604
6.37266
5.61038
-4.41779
-0.04012
2.54829
-6.44631
3.65727
2.09209
1.65134
-3.16262
-7.04879
1.33007
3.00037
1.90731
-4.13850
-7.40830
3.32265
3.99447
2.97194
-6.04872
1.46217
-0.53657
-4.27119
9.40916
3.93549
7.42560
-1.91229
-8.72786
-2.62011
-1.37037
0.23803
-3.73844
-9.98011
3.02773
0.91972
-1.72256
-0.39972
-3.26182
-4.71757
-2.63832
-0.73654
0.58302
0.10816
-3.11559
6.56000
6.15934
-2.79907
-7.82105
-1.14786
-4.23328
6.52145
3.74870
0.18982
1.89239
1.41612
-4.88843
1.43368
2.97910
1.98208
-1.02803
8.19974
-2.69056
5.31892
-1.39792
-0.10049
-2.35856
-0.89966
-1.85220
-0.58155
0.45742
4.48030
0.98739
-1.72629
-8.29391
0.10427
-3.84485
-5.04426
4.13134
-2.88357
9.39378
4.48520
-3.16951
-8.58344
-5.69622
-3.15893
2.56580
12.49515
4.67954
-1.80424
-5.31109
-6.06454
2.38477
0.25925
-0.16635
5.20270
-2.14363
-1.41613
8.55841
-3.41714
0.49478
-6.00980
-5.61065
8.59978
0.11172
8.87819
5.16060
7.91082
3.25440
-4.20641
0.94802
-1.38477
-2.14418
0.39435
1.98855
2.04879
-2.63954
-8.52607
1.17062
-3.72091
-4.22929
3.50715
8.04272
1.89477
0.54079
-5.04158
-7.43603
-2.52522
4.87482
7.12759
-1.51182
2.21266
3.27496
-4.23519
-6.85274
-1.84642
4.92213
-1.35912
-5.56692
1.51652
0.31054
-0.08590
3.07707
0.52633
-6.03517
9.76300
-3.17612
-3.27138
-2.32685
6.13245
6.96639
2.87244
-1.59404
-3.53727
-0.69130
-4.53569
-3.09761
-1.51739
-8.59524
0.73448
-7.74674
2.76119
-5.96812
6.74216
-4.61500
-3.40430
0.98629
3.69007
-2.52920
-3.62638
2.51363
-4.66239
-0.09193
1.45501
-0.37106
1.39069
-0.53072
-5.31333
-6.73159
1.08079
3.88362
-2.58426
4.21770
1.87052
4.09921
-0.34930
-2.14913
-6.31309
2.10243
4.23296
-6.77976
4.37885
-2.47055
6.12321
5.94770
-1.10376
2.49001
4.62364
-2.69021
5.25336
2.64233
0.13117
2.08856
-1.73668
-7.19690
-8.24472
2.99842
-3.99534
7.14389
5.40241
-0.25388
-0.86853
2.09006
1.14016
-6.05736
3.48642
-2.50608
0.29038
3.60437
-4.66362
2.26243
1.90447
-15.56437
-2.62586
0.61254
-3.37991
-2.77405
0.47788
-2.74297
-2.12253
-5.77964
-0.35419
-3.31921
-1.88702
-2.11092
-4.66350
1.31070
-2.32572
-1.78132
-3.07940
0.73432
-7.92372
-4.70100
-2.88657
-9.33205
3.51461
8.04115
5.48674
1.00250
2.96608
-0.52549
4.36486
-2.36328
-1.01735
7.42160
0.55649
1.43496
-8.96588
-4.44066
0.03638
13.03858
-0.20876
2.72974
2.34817
-12.16552
1.55585
1.48195
-5.82717
3.53594
0.72552
-9.66035
0.01834
1.63117
-6.66490
-4.54523
1.31309
-3.06732
-1.71702
5.57905
-5.33826
-4.55433
-3.14842
3.75225
-4.48213
-1.50408
2.62237
4.24890
0.90298
-4.83116
1.56420
4.43853
1.26591
0.66555
-2.00826
-2.71109
2.22569
-3.99036
-4.70396
-0.81223
5.88004
-6.02184
0.15631
4.88795
-0.56044
-0.50871
-0.99090
-12.83106
5.31773
-12.51434
4.02213
-0.01095
2.48616
2.48982
-0.51076
8.04311
5.56563
-3.79804
1.67538
6.22365
4.48265
4.56370
-0.98882
0.35683
14.62066
0.58920
1.75557
-2.83369
-3.46259
-3.53258
-4.91248
-10.08245
-5.15698
1.65841
0.99760
1.69721
-3.55299
0.37962
6.92815
7.18469
-0.43662
6.29122
-2.20740
-4.57196
19.32908
5.70952
-2.89542
1.52095
-1.98250
2.84818
-5.26997
2.91257
-3.79443
-4.52598
5.39586
-1.21853
-1.86246
1.18139
-4.06595
-0.24767
3.05916
12.69820
10.50430
1.96212
-0.35226
-1.55562
-0.27915
-0.03623
0.42753
0.76817
4.24683
5.00722
-1.79630
-6.05074
1.44556
-0.80220
-5.36653
6.55898
-1.49657
1.47521
5.74607
0.84561
6.15027
6.02153
5.09058
1.23940
-2.35788
3.74105
-3.66150
-1.66818
-0.61693
3.88101
-1.16484
8.97058
-0.72914
5.18553
11.73621
9.35003
-1.05088
-6.27799
-2.25427
1.93445
-2.23504
0.59055
-0.31798
3.73085
-2.03801
4.17194
9.41191
-7.29062
-7.00043
3.03356
-2.69358
-1.85404
0.62411
0.73885
2.33450
2.97825
0.25570
-0.02153
4.47690
-3.43366
0.29654
-0.19917
4.42233
-5.15986
0.25913
-9.10834
-2.32254
-7.75230
-1.80107
0.86107
2.89514
0.26694
-1.37415
0.76166
-4.90539
3.12564
7.56003
-1.32873
-2.91549
-8.90082
-5.26595
-2.92236
8.44007
-3.55412
3.55724
0.12936
-6.31060
5.32658
-2.82624
1.17293
1.76091
3.74521
4.98484
2.09180
3.25825
-1.32703
-7.29170
-2.61524
4.92117
2.58641
-2.11044
10.64000
3.04712
-4.76762
-0.80651
1.60809
-2.68084
7.17001
-0.78311
0.70043
-6.98449
-5.37705
-11.04052
1.50482
8.16487
-0.23180
0.60835
1.04945
3.31145
2.42658
3.49703
1.95445
-1.12409
-1.10208
0.25906
1.44953
0.78628
1.07966
-0.63604
-2.59404
-10.79005
6.64653
0.33829
3.07080
0.76711
-2.10307
3.61382
-10.37125
1.62093
-0.75261
0.47138
-2.28180
6.03764
9.17064
0.45966
5.24062
6.69074
-5.28045
1.96353
-4.87880
4.58026
1.20571
0.69895
2.45294
-1.65996
11.09972
2.25931
-2.59126
-6.61155
1.56485
4.23493
-6.26665
9.46343
3.63780
-1.18520
3.31370
-3.23232
3.96032
-1.11413
-1.85585
0.94234
-9.96774
8.44120
-6.62148
-1.47680
0.14604
4.84592
-5.71129
-3.45015
-2.30272
5.29997
-1.00540
1.78328
-6.40410
5.06606
3.49818
2.15094
-0.86423
-3.10672
-5.05371
-5.47894
1.08941
-1.01151
3.47676
-6.28920
3.34415
-0.11039
3.53626
3.55391
-3.32163
0.82058
9.61522
-1.90149
0.60956
1.86919
-0.85165
-4.58246
-0.58395
0.61463
4.60922
2.92571
-5.84580
5.86163
-5.11919
1.90863
1.87130
1.59730
1.75590
0.15014
-1.30193
3.42009
-1.05275
2.11283
1.77975
-7.15141
-4.59162
-0.36328
-3.34448
-0.46648
-0.32534
-5.27539
0.81314
-4.38067
-1.72916
2.32368
1.53140
-4.40063
-0.22322
0.40710
-3.50423
1.36866
0.95433
-4.53642
0.83926
-5.24297
-2.52905
-0.64176
5.85153
-0.59335
-0.82717
-3.74849
-5.83151
2.93739
-3.15065
-1.29283
-9.53554
-0.55770
1.86696
-2.25832
-2.46427
12.42661
0.07409
-9.70007
-0.15897
-8.21335
0.63014
-10.37701
-5.66755
3.96556
-3.67540
-1.66228
-1.36105
-1.95009
8.58788
1.50760
-1.43425
5.99033
-0.99606
0.87684
-0.86216
2.41749
-6.51536
-1.10063
-6.99420
3.31163
-3.05960
3.68227
-2.12657
5.24771
3.07469
-0.98689
-7.68683
0.31533
-2.47280
-6.74093
0.89241
-2.77969
-4.25795
-2.97006
2.76737
6.39382
6.78231
1.81136
-10.02437
2.67972
-3.94990
-3.61586
6.01176
-6.95812
-5.45890
-4.05739
-7.24229
1.30335
6.90130
1.14521
0.10314
4.95111
-0.97204
0.71904
-7.85110
-6.07944
-2.40161
-2.58042
-2.66196
-0.75672
-3.11487
-0.22764
3.13429
-2.18747
-8.64007
-7.49111
2.75177
2.97018
-0.57657
-3.03377
6.81386
-1.35516
-1.86457
-4.28871
-2.85555
4.59248
4.23142
-9.00898
-5.68287
-0.32348
4.76137
3.65118
6.12149
3.72106
0.44162
4.36037
-1.01829
2.35551
1.53856
-7.25630
-5.47688
-0.96461
2.90768
2.76685
1.63530
8.61510
5.57059
4.79664
8.76889
7.30353
0.94489
-2.88269
-3.29506
0.78444
4.31710
7.23606
-2.93124
2.55980
4.95165
-8.32613
3.26447
-4.46834
1.04680
-0.48976
-2.76934
6.04871
-4.38748
-2.53799
-5.32944
0.08657
-6.83231
-4.39154
-2.19998
-4.17683
-0.19276
1.16964
3.35480
5.10440
-4.67932
-7.57008
4.06009
-2.49121
-7.41409
-5.98193
4.51111
11.09493
-2.85118
2.75683
2.16562
0.20224
4.16340
5.01161
7.64708
2.25177
-1.82806
0.24842
2.30211
-0.59017
-2.00127
-0.57501
2.66639
1.53997
-2.63476
1.03679
-0.67383
2.60341
6.16251
1.33141
-4.10876
-1.09643
0.56361
4.79988
-2.01856
6.81189
-1.37780
0.85198
-2.49518
2.02441
-5.39200
-5.05474
0.82815
-4.57837
4.13599
-3.28172
-3.46039
5.43808
8.38501
-0.37698
3.18440
-4.06645
-0.78402
1.35050
-0.13399
-2.48512
4.02105
-2.35590
-3.76135
1.11580
5.03471
-6.00113
-0.82068
4.90986
2.71404
-2.89741
-3.50245
0.49186
-3.65450
-4.57998
-3.42805
-0.28403
3.54463
-1.66596
-2.78902
1.95641
-3.95776
-1.89906
4.42789
4.46137
-0.87030
0.99183
0.15444
-1.56712
-3.22893
0.09009
0.65302
-1.96108
-2.88539
-0.88190
-6.42220
-1.49597
5.20972
2.62646
1.54594
-1.77347
5.82142
1.15074
-1.81943
-4.40400
0.48036
0.24111
-1.83907
5.02229
0.55262
-0.35616
-2.64686
-5.00215
0.83951
-0.38505
4.76747
-1.92807
0.20808
4.93698
-2.64695
-0.01182
-2.27805
-4.48450
-8.63659
-3.00996
-2.73440
-1.23380
-4.58523
1.72592
0.23886
-4.23643
-3.60625
4.47523
0.06736
0.53484
6.63719
-3.09609
-0.18297
-5.36746
6.83652
-4.76095
-7.18770
-1.79888
-8.34770
-5.53642
0.78540
-3.76025
0.13589
-0.82163
0.47312
-3.62764
5.36476
4.05675
-2.19738
-1.21140
-15.23770
-6.27298
-5.17556
5.04743
2.30870
1.47408
3.71939
-4.27265
-5.26117
-0.46802
-1.07739
-5.46859
-2.25109
-2.65693
3.54511
-1.67398
-1.46024
2.43851
7.78609
-3.39609
6.72611
-3.04106
1.97217
-1.84821
2.72539
2.85944
7.14265
0.27327
1.83659
3.43046
2.25694
3.27295
-0.05770
-1.53254
-5.75341
0.13153
-1.21573
1.88960
3.84501
2.55528
-0.58934
5.33132
-5.25599
-7.64307
10.44655
-1.44128
3.56907
-4.15439
7.54886
2.29249
4.20497
1.19992
3.77226
7.30286
9.49915
-1.76879
-0.11060
6.21857
-2.66449
6.42489
-6.22100
1.88081
1.89985
-2.46753
-2.56025
-2.04585
3.51387
-9.08797
-6.01865
6.54332
-5.52048
4.15973
4.07408
-4.88223
2.22508
11.62837
-2.07056
7.34720
4.44994
3.34947
-5.18910
