1.14164
-5.67423
7.02626
-1.54924
4.83095
-3.36826
3.92416
-5.77660
-0.68069
0.24284
-1.26028
-1.83818
6.24127
-0.59055
1.38765
6.95729
-2.98814
-0.82650
1.07181
-5.21104
2.84414
-3.61867
9.01713
-4.65334
-2.72141
-4.49619
-10.64745
3.59169
-8.81401
-1.82797
1.96503
-6.52248
2.87035
0.16391
-1.22958
0.59560
9.16767
-0.10108
-4.58237
4.91664
5.33470
5.87816
-5.77039
11.67964
-3.47296
-1.27063
-1.77695
-1.76234
2.32437
2.99868
-1.77127
-5.27756
-0.26325
-5.34677
-3.54084
-1.96483
-5.23032
-1.39160
-3.88400
5.41532
7.42918
1.12966
3.26990
10.44617
-2.03578
-0.02737
-9.52775
-3.02385
-12.11201
8.86861
-0.13757
-4.97265
-1.64605
-3.95821
2.56480
-8.97445
8.42957
4.99313
3.32929
-8.04066
-4.02905
-0.37867
5.49330
2.01329
-1.90857
-5.21580
-0.09668
2.11371
-3.32206
-3.39685
-11.47435
7.14597
-0.05547
1.04885
7.97943
-8.81583
3.46475
1.46954
8.94491
0.22580
0.75074
-7.88195
-5.24234
1.05659
7.27880
-3.45406
3.10445
-7.48416
-6.80395
4.96777
1.79739
7.55134
8.79316
-1.75429
2.89353
-3.94474
4.25483
-6.44397
6.79064
2.68901
2.80467
5.66296
-5.63782
-3.89312
6.30669
-1.47401
1.93968
5.64385
4.82895
3.33761
-17.30029
3.18758
-1.45082
2.44565
-4.58985
2.78350
5.75011
-0.02427
4.89902
-4.59863
5.46441
1.56996
1.21921
-2.68771
2.84284
2.52873
7.84999
-3.49922
4.29248
2.42434
-0.09875
1.97846
-3.74958
0.44958
12.71750
2.08263
-0.71822
2.09288
-0.18013
0.19779
-3.56319
5.79977
-3.10939
-9.56607
-3.98032
-5.56346
-1.79817
-0.53775
3.04381
-6.66179
-6.37399
-5.54210
0.80622
1.02267
9.05967
-4.43521
-4.05666
-1.58886
-5.60166
-4.77714
-3.37587
7.69711
0.66631
-6.28183
4.39087
0.73335
-6.25089
-2.14676
-2.98171
-4.95612
0.42622
-5.99787
6.22185
0.53086
-2.60548
-6.24374
2.72023
-0.58131
-6.90989
10.42041
6.25619
1.19326
-2.41095
1.14273
-3.99045
-1.90338
1.68355
-4.62389
4.65297
0.45593
0.54292
3.23943
2.91497
5.63292
6.86149
-7.95700
-0.88101
-5.22332
6.96096
2.38620
-3.50797
5.57310
5.23386
10.60134
12.26443
0.49727
-2.32925
-3.41432
1.26712
0.12512
-12.15009
-1.22005
0.23397
-1.33279
-11.02735
-2.73432
0.22262
-4.76287
8.71321
1.48123
3.16403
2.49136
4.99003
-9.49768
4.99985
-2.26590
-8.06643
-6.73606
-8.13808
-2.89540
1.08182
6.05892
-6.36488
-4.43325
-1.62776
3.52013
0.28178
8.76327
-2.97417
5.72856
-5.22615
0.65313
8.28094
-0.08025
6.66323
8.86057
-3.43842
3.90443
2.73893
1.62920
7.65147
8.04873
-13.95556
-2.88637
2.37870
-3.57980
-10.05847
-4.58418
2.61415
2.29935
-2.02311
4.58852
-6.74536
1.83765
2.63060
-2.52989
-1.90232
-1.86937
10.15231
2.53698
1.13480
7.82856
-0.66472
3.08311
-2.21841
-6.85148
-1.80554
2.76270
-8.67043
-6.04646
2.04876
1.75193
-6.33670
-2.36320
0.51876
-3.30192
4.18573
2.68922
3.38865
-2.19893
8.73655
-0.95426
-7.20854
0.12179
1.21803
-0.05843
-7.21627
1.27481
-0.17183
-2.79209
4.42420
-0.67721
10.88685
-6.49799
4.96461
6.49562
-4.04861
1.76800
0.73267
0.81522
8.49027
-2.54537
1.30207
8.53447
3.80464
0.21174
-3.12581
-4.44019
2.71346
5.23885
-4.79972
-3.47615
1.51945
7.75561
5.24603
5.91826
-7.11494
9.72619
-4.07744
1.51315
-6.90505
-5.88706
9.95721
1.96220
5.94597
-5.39798
-1.01882
-3.90533
6.44632
2.70713
-4.67685
2.23001
-8.14800
-0.22097
-0.32499
2.48022
0.01923
-5.82566
2.46240
1.48046
-1.27179
-1.58344
-1.61320
-2.44996
-4.12839
4.46434
6.72942
0.64985
-0.71212
4.40269
6.54622
-7.21730
-0.37902
-2.07194
-2.67011
3.53150
-7.23375
-1.14451
-4.59448
2.21368
-1.13497
3.50647
-3.87486
-1.72491
1.96916
-1.98443
-1.21522
6.62887
-8.87884
0.34479
-7.97872
4.72375
-8.46251
-6.46111
-2.30638
2.17436
1.60264
1.93380
-6.29283
-0.89282
2.47204
1.81358
4.00262
-1.06775
0.32228
-4.12651
5.76260
-7.92365
5.46203
4.76291
-0.01694
-4.88036
3.70901
-2.87431
8.70393
-5.45570
-2.42868
5.30234
-10.07744
-0.58518
2.73297
-3.42471
-2.68045
-2.21077
2.64425
-6.33596
4.07590
-2.99005
-1.44677
0.32760
4.18982
-5.43295
1.93930
-2.29195
-5.43752
-5.99385
1.68906
-9.51647
1.74097
-3.88312
1.00457
6.52925
-0.04622
-1.33891
3.00172
3.21935
4.06708
-2.63834
-1.47060
3.06372
-2.69473
4.38849
-1.52584
1.11486
2.63546
-8.70968
0.70078
-0.81416
4.99062
8.68070
0.40096
1.11062
-1.10207
1.66762
-0.73366
-3.11705
-0.99567
-1.92184
4.42785
1.96220
-5.14194
-1.56081
-9.44454
5.17655
7.63012
-1.18086
-2.69041
-2.51894
0.21041
-1.74881
-8.32666
-2.42304
0.01182
6.28576
-1.49065
-0.81063
1.31389
-0.76403
1.98462
-9.23302
1.39286
4.16536
-2.76876
0.17805
-6.64660
-2.01977
3.40569
-2.07464
3.27064
1.01565
-5.05195
-3.85830
3.80443
5.42126
5.49589
5.73119
-3.90254
4.80419
-7.99355
-3.86852
-5.55314
1.44809
6.75701
-3.80611
1.90095
-0.42940
-6.66312
-3.04055
8.88588
-11.55638
5.23332
-5.81703
-3.72219
-7.70559
-2.49279
1.83635
-3.58310
-1.79964
3.41249
3.35564
5.92557
1.88525
0.77995
-1.03862
2.22346
2.93674
-0.04318
-0.93309
-7.62919
-3.24438
4.27362
10.71503
-4.21994
1.35415
4.39987
2.86035
-4.73846
0.65834
-3.64293
-2.73440
7.64757
2.73942
2.27698
-2.91879
2.11312
-9.21568
1.17086
3.49467
-2.95995
-5.95543
-4.30395
3.84154
3.34492
-5.82563
5.72592
7.45874
10.75670
-5.37340
-9.52939
-2.73289
-4.91963
5.20457
-0.51829
-7.73973
-3.02049
-1.27656
3.43591
3.89250
7.90798
-2.17798
5.88729
-5.27961
-3.29485
2.90296
-4.62672
-5.52842
2.96632
11.80034
3.08681
6.61993
-1.71091
-13.45617
0.51714
-4.95996
-0.73808
-0.83354
9.87649
-6.23166
-3.79599
-4.34375
3.13852
-11.30749
-0.77478
-2.05302
-1.09312
-0.64223
2.15915
2.98710
9.87189
7.82546
3.49473
-10.36429
-0.14980
-0.54094
-0.48149
-2.22770
0.59083
-1.69587
9.42188
-1.45988
11.70613
5.24993
-5.69617
-5.78838
-7.19157
7.82968
-8.98858
-5.44428
-3.14007
-5.55220
-0.10187
6.02681
1.14552
4.22400
-6.21704
0.15576
-0.92134
-1.93156
8.12224
-2.54926
5.98009
-1.15251
-2.33781
0.18863
1.03043
-1.35464
-1.99328
-8.56729
0.01879
-2.85072
-4.35440
2.45238
5.09108
0.26664
0.96992
-6.62318
-5.89944
7.20970
2.83176
-2.53401
1.83071
7.76786
-3.62940
2.32969
-1.17437
3.16836
6.38405
-4.38957
1.68256
2.64447
-4.79152
-2.35741
-4.67352
1.00861
-5.93883
-5.87339
0.76950
-3.12802
5.24010
-1.52794
-8.69436
-0.51030
9.04060
-9.28257
8.26580
-4.25332
0.02196
9.63537
7.46664
-3.91555
-3.05886
-0.16187
-5.94755
-8.34564
-1.16829
1.31914
-4.48233
-4.35406
-11.33044
4.31237
3.34242
-3.23825
-3.86755
1.51923
0.65473
-0.99278
-1.34109
1.08755
-4.30594
-3.95665
0.62417
-2.39527
4.57845
1.83272
0.00074
3.04847
4.66608
1.60592
-2.33399
1.70355
-1.40497
-6.68057
1.83782
6.58174
-2.51136
-6.95842
-2.64527
-4.63576
-5.49727
-12.10438
-0.49691
2.04613
6.49809
-5.26487
1.97093
3.89409
-3.88434
1.31921
8.46710
5.18600
-3.64236
-2.52055
-0.07843
-0.38948
-0.13714
-2.13595
-2.61710
3.11182
-2.67062
-1.14279
-1.90641
-2.46219
5.92207
-0.67234
3.21993
2.34129
-3.72992
5.07061
-2.44164
0.54013
-2.55468
-4.13406
-1.78863
-14.20052
-3.65521
0.66489
2.66313
2.91776
1.52451
-11.34876
-4.50687
7.06002
-1.51083
4.05433
-6.51574
7.11397
5.03171
-3.75601
8.19119
-2.73158
6.09944
2.61173
4.12743
-9.05323
-2.33847
10.31853
1.46580
-1.47306
-10.80018
1.08587
4.65724
-5.02100
-1.50201
-1.80493
3.95648
-2.54544
-7.02683
-1.28675
-2.01437
-9.45823
0.59767
-6.99090
-8.71287
1.60734
7.53073
-3.26683
0.02927
1.83360
-3.95376
12.09716
-9.34207
-5.24973
-5.95651
-2.40079
-13.70564
-6.11145
-4.35925
-1.38309
-13.31265
-1.82416
1.54222
-6.29798
3.21081
-4.36369
7.45370
5.17393
-0.55806
-7.52786
-3.81090
1.19745
-5.57704
6.19193
0.35602
2.27730
-8.93887
0.73457
2.44771
3.74836
-8.32815
1.36862
3.25086
-4.08301
4.22376
-3.27605
-2.27774
-3.23349
0.96110
2.07540
-5.36994
-6.24692
0.10135
2.29877
-3.86918
-1.03647
8.08207
-1.05305
-4.03600
4.09981
1.63956
-1.60610
-2.34979
3.05944
-1.51343
1.31807
1.46666
-1.26756
-4.79503
-1.39447
-2.99169
-3.11696
0.13334
0.60573
-6.26339
2.28474
9.79332
-12.80821
9.95997
2.68061
4.65995
4.04949
-7.91936
-9.31560
-1.46972
-0.35097
-1.62685
-8.68247
4.08216
0.10643
7.84423
4.22221
-5.27344
-0.62275
11.69433
-1.76910
-0.19272
10.81004
6.05281
17.45784
-1.75053
4.39219
-9.35174
0.05935
-0.62978
-0.55991
-5.11460
5.09199
-1.76749
4.18916
2.64625
-6.78237
-4.19188
0.66615
-6.62546
0.08397
5.06322
-3.56253
-1.36565
-6.33742
-1.84825
0.25354
-1.27280
-4.74433
7.13857
-5.40640
0.31916
-4.53595
2.36079
7.08875
-6.85191
-1.65905
5.80981
-4.42600
-3.55876
-2.69237
-5.11846
2.20049
4.31107
-11.20795
-7.93281
2.45173
8.43549
-4.48551
-3.45980
9.25488
-9.41137
9.31615
7.15693
1.36681
-0.57230
8.00049
-0.83286
-2.31974
7.08775
-1.05161
0.02548
-7.42944
0.62991
0.92775
-2.73630
-0.98573
1.18899
5.25506
1.81047
1.75259
2.59117
5.15612
-7.56098
7.48603
5.19041
-3.50035
3.58232
-5.87488
11.41062
7.20387
-2.43025
3.03386
-4.13622
-0.33852
-6.23624
-2.37567
-3.53745
1.25159
1.76204
6.99152
4.08495
3.55608
3.47914
5.61370
-1.45659
-6.15640
1.18178
4.11350
5.15602
-3.70047
-7.13287
0.25864
3.57188
-4.14788
-4.97565
7.06368
0.35506
-5.52547
4.74285
-4.10806
-2.92119
6.24825
8.25086
-9.80757
-5.02089
-0.36134
14.05924
-2.55997
-8.64791
-1.94829
0.98437
7.67064
4.06152
-4.93557
-3.10360
-3.70585
4.65359
-8.27156
-2.13304
-2.84642
0.31577
-2.54067
4.20468
13.18321
9.35648
-2.25631
7.59679
7.27595
1.07973
-1.08142
9.52403
0.12292
5.52017
-1.63372
-2.02437
2.39778
-6.82021
4.24382
-5.47363
-10.57890
0.10106
-6.47932
2.58442
-2.95335
-2.38922
1.16926
4.11731
2.74474
8.21791
-1.30972
5.38716
6.49946
5.81589
-3.85827
2.76882
-11.18191
-2.88517
-3.93306
-1.41050
-2.56332
6.34652
2.52905
3.55245
7.34355
-2.99615
1.23206
5.25483
-9.60009
13.44699
-0.42153
-1.42936
0.73004
-2.98012
11.21821
6.16302
0.92117
2.35982
-3.49974
6.88469
1.13091
-0.76035
6.64959
1.22302
-2.11449
-3.05193
-4.83477
-0.29376
8.70990
-1.88711
-5.25764
1.83422
-3.64245
0.89424
3.89082
-1.39214
3.96374
-5.57201
-1.31702
1.65003
-3.48847
-0.51217
4.06952
0.15395
0.63559
-3.35848
11.11114
7.29250
-2.86238
-2.87695
-5.16983
-9.11024
-7.15610
5.84656
2.86240
2.31583
-5.75415
1.46390
6.21123
-4.38190
-7.24250
7.08673
-3.52341
0.03747
2.93438
-14.19039
-0.57775
-6.78632
4.76987
-4.23765
2.13685
-1.46807
-2.61860
7.26218
3.86231
4.71414
-4.98574
3.79057
-1.51704
0.28185
-5.86225
6.70150
2.47219
3.12542
0.17171
8.51102
5.50487
11.49975
4.00284
-1.12093
-6.00381
-10.28744
-1.42485
0.02143
4.57152
-0.44830
3.27087
-2.24185
-4.34088
-5.20574
4.86044
8.31608
-1.78716
3.40939
6.19079
5.48145
-1.95857
-3.50963
3.12462
3.84388
-4.95810
5.27533
2.54613
-4.28397
-1.04129
5.83920
-0.43377
13.14628
-4.44337
2.22749
5.14922
1.75717
-1.92756
-13.30565
-4.38505
2.26729
6.10491
1.10163
-3.71820
-0.83705
-1.65809
-11.64679
-2.45924
-3.99489
4.83189
-4.71638
-8.36449
-3.08158
-0.27762
2.90747
0.20810
2.48067
1.05828
-5.83079
-5.11873
-0.04316
3.30268
2.54867
1.72224
-10.49135
3.09341
4.09442
1.20346
4.25418
0.00633
3.70887
-1.72080
2.56308
-0.53106
4.27188
9.09729
-1.30984
-4.35338
-11.18925
-1.83443
1.21041
-7.19241
-1.16207
7.09059
-1.79303
3.37696
0.86601
-4.61443
5.77036
-5.24021
0.39808
4.23013
-0.17441
-5.42498
-1.41078
-0.80890
4.96616
8.69174
-3.22196
5.13803
-4.57851
1.03755
-2.19461
-2.42396
2.08077
-0.41013
-1.82319
-7.37358
5.29321
0.87591
-0.22246
-3.13677
-2.30905
-0.06810
3.33084
2.66474
3.12821
3.32646
4.62507
1.08531
1.31598
5.32133
7.96226
-1.58278
-1.58163
-4.14662
2.55308
-3.90715
-7.38271
2.40920
-9.03842
-0.77945
-5.83176
-7.37908
-0.99767
1.26331
-7.40838
-9.50467
-0.06497
3.45155
0.73010
-3.26573
-3.50331
-8.02657
6.22624
-1.24852
-1.59150
-0.75239
6.42254
-6.56541
5.82313
-4.13480
-6.12106
-0.25320
-0.72272
3.18401
3.46917
3.63501
-6.52791
-6.22608
-4.35442
-7.34147
0.12824
4.09109
-6.91527
-7.74685
-5.66055
3.19546
-0.15834
-2.49144
-2.69076
-0.55301
9.48249
2.00271
5.80102
-5.31622
-3.83997
2.38991
-3.22053
0.92033
7.93466
-2.52419
-1.89228
-0.16824
0.43247
-0.77345
-0.11045
-2.49807
-2.42048
-1.98917
3.39180
0.83586
-0.48131
-6.80944
0.42027
-4.02399
1.30051
-6.29341
-7.03823
-2.49740
-0.86429
-2.38180
4.36715
4.72686
6.88012
-2.40628
-0.03868
-2.39454
-3.52576
-2.59432
-2.44601
2.99207
-8.23790
3.16708
2.98202
2.12566
-7.39682
-2.45189
8.83626
-3.83460
-0.48689
9.67480
-2.85286
1.78143
-11.74511
-3.02086
-0.42550
-4.60311
-9.16872
-1.89746
-1.22133
2.16943
0.35668
-5.28475
6.39952
5.90324
4.91301
-1.90506
-12.32576
4.68056
4.67502
-6.53915
2.15584
3.12642
1.37392
-3.11064
3.40380
3.91448
8.70854
-2.51864
0.47029
-4.04705
-10.90776
-1.38604
-4.28645
0.80061
0.10765
5.17748
1.93606
6.46399
0.38719
1.20146
3.98258
-9.78319
-0.13847
3.92243
-2.46295
-3.17445
-1.28259
-5.95738
-8.45305
-5.85142
-9.49100
-1.49146
-2.64062
-6.22144
2.11453
8.05925
0.31071
-9.58372
-2.76667
-0.93071
-1.94350
-5.80193
8.54955
-1.54889
-2.57870
4.54507
-3.30382
4.37187
3.99464
1.12870
-6.31133
5.09811
0.22084
-2.73667
6.65085
-7.70508
-5.80164
1.29306
4.96401
1.29953
-6.58396
-0.74942
-3.21942
4.93217
0.65883
-3.83973
-0.83877
2.91365
-6.16848
-7.54263
10.07994
1.97396
-1.70127
8.27007
-2.52255
3.80272
1.70619
2.37450
-1.53398
-0.67189
3.41221
-6.46902
-0.03261
-10.24800
0.99741
-0.17139
-4.80550
4.99148
-6.36329
1.68446
4.13318
7.97439
-10.00498
4.88794
2.47082
-5.19483
-1.72782
-4.34038
1.97901
5.45894
-1.82158
1.84707
-8.82816
-4.18505
2.35288
-6.14746
1.88260
9.07154
-1.31699
-2.21496
4.37592
7.57231
-4.06357
0.96740
6.08467
-6.70502
-0.50994
-2.05248
2.31489
0.68465
-1.18600
8.52386
-1.22712
-1.25945
-1.99357
-7.55284
6.90863
3.40133
7.45526
1.44583
1.73264
6.42471
-1.24439
-4.52488
0.24746
4.87069
-0.33629
8.46433
-1.27291
7.82136
-10.29847
-1.06284
4.35040
-4.81829
-5.83747
3.07350
2.66819
-9.76078
2.60116
2.87125
-1.17667
6.87261
0.20084
-1.14824
3.13193
-7.31657
1.37994
-5.18494
5.63629
-8.35792
8.28966
2.66356
-1.61121
-6.65428
-7.47548
3.02518
0.37945
-2.01245
4.33002
-0.84119
-8.51560
2.12724
0.50008
-0.06202
3.26787
-5.85759
0.57733
1.80943
4.13364
-0.00981
6.72193
-1.24872
4.20293
6.55615
1.40640
-3.95542
-2.25833
4.85920
-3.98267
4.29160
-3.01759
0.27089
-4.35645
-1.50058
-0.83183
-7.53384
-1.49064
-0.41156
-5.13081
2.83248
6.67326
6.66821
9.20375
5.56109
4.13731
4.31368
4.09987
0.79371
16.01499
1.69344
3.31412
1.60805
-4.25991
-8.38447
0.10442
6.79717
-0.16800
6.19510
-2.43308
-8.86660
4.31110
-4.28804
-7.56261
1.65846
-0.84584
-7.61577
4.06711
1.86721
3.32657
5.89514
-0.36402
1.01496
-11.45792
-1.80841
3.28282
2.52098
6.27034
3.35343
-11.21063
5.73767
-6.87840
3.48014
7.71650
1.58848
-0.67889
7.17810
4.18823
-0.41065
-4.86060
2.44983
-5.11434
-11.52528
-1.62865
-6.92674
9.18266
8.76535
1.85514
-2.23201
0.57227
-10.22567
-5.22431
4.33864
-1.83947
-0.35264
2.62261
1.85009
-10.86604
2.42115
2.94935
-1.29604
-13.27510
-8.04716
7.22579
-2.47190
2.98761
1.78128
7.65343
-16.94261
-1.71387
1.45641
0.65647
1.66655
7.92050
-4.40866
6.67247
-2.61427
4.81792
4.84196
0.57685
-1.67313
4.40295
-3.01244
1.57366
4.50881
8.19455
9.91861
5.07583
12.05082
4.90683
-3.35656
-0.61859
-0.06631
6.40712
1.95633
-0.68982
-12.82227
-7.64897
-0.43986
-7.66453
-5.96660
-2.39188
1.14529
-6.10142
5.87831
-3.65613
3.26825
-5.48091
8.05527
1.30756
-10.45204
6.26828
3.87081
-3.90407
-4.92622
1.21755
1.76191
-8.76597
-3.65943
-2.68187
-1.02057
-2.00829
2.22697
4.61986
2.71918
-6.62600
-1.11067
-1.06647
5.65317
-0.72668
4.44123
2.07819
0.25200
-4.02087
0.19358
1.83953
6.01027
-0.80385
-4.76389
-6.21937
1.28163
-7.55222
4.32795
7.93093
13.93558
-9.36971
0.32035
-9.44577
-2.79703
5.93387
3.16121
-4.39486
-0.02695
5.72507
6.61741
5.72348
1.44071
-0.58151
-1.84822
1.86344
-4.63541
3.80664
5.56492
3.86561
6.99412
6.60586
-7.60423
-2.16529
4.68052
-1.24799
2.93601
4.19022
-0.54519
-1.50023
7.88950
0.43254
-4.28378
5.13144
-2.70167
1.49242
-0.81986
-0.45151
-4.87671
2.92687
2.20287
2.76619
-0.32143
-6.42869
4.45188
-3.02027
1.01733
-4.02351
-4.44722
-1.05130
1.23649
0.52148
-1.84304
-3.86379
4.18475
4.98124
2.10755
6.62083
1.11287
-0.89476
9.41079
3.07538
-1.42263
-1.16149
-0.95877
2.49618
-1.21611
-7.36217
14.88944
-1.39821
-12.44490
0.34235
1.48290
3.75233
2.48952
5.17489
5.02527
-1.59194
10.45131
0.47765
2.26558
2.86317
3.38164
-3.19111
-0.52230
-3.68387
-2.27219
1.22691
3.73497
-5.16903
-6.82356
1.02397
6.31535
-3.27446
5.00476
-1.60528
5.21948
-3.28456
5.36172
0.02924
4.34306
3.75695
11.75026
0.78624
1.60565
-5.68996
0.93835
-7.53323
0.91705
9.26813
6.15169
-0.58974
-4.69490
-1.17027
-6.53904
-6.57265
8.98191
0.28425
3.15825
-1.66326
-8.09511
-2.74746
-0.66089
-0.12426
-2.47863
0.01257
-4.01159
4.44939
1.67313
9.08124
5.20367
-3.46280
0.58843
-8.50952
1.83906
6.52834
3.18708
11.59530
-10.70050
-3.30221
5.96216
3.46889
4.37536
11.33882
-3.92128
-3.00832
5.23979
-7.31072
0.94782
-1.92219
9.22244
5.23522
0.84211
4.38393
-2.58385
1.89040
-1.51553
2.69279
14.71716
3.77346
2.41351
1.75724
1.43172
-9.72463
3.05366
-0.10804
-7.98794
9.36687
7.32680
13.00111
1.01412
-3.09637
-1.26082
6.33628
-5.67942
5.13999
12.60367
-1.85974
-3.28722
1.56690
-3.88575
0.60326
6.36839
-0.69535
5.57641
6.84746
6.61697
0.02165
-0.31024
7.62008
9.34067
-2.24893
-3.15233
0.19794
-1.57919
-3.45477
-1.41290
-3.72257
-2.56331
-7.25226
4.48409
6.70165
-0.57184
-0.09474
0.80382
-0.61126
-0.49077
-2.58214
-0.92728
-3.86187
4.31072
6.02584
11.67110
-3.28701
-3.19965
-10.20953
7.40220
0.20749
-2.48659
-0.52002
-2.53488
-1.34289
3.94269
3.98935
6.58177
-0.63806
5.18772
-1.59328
6.59272
2.27132
6.80732
-6.11627
0.10661
1.21967
-2.54728
3.20916
-0.52228
5.27728
3.57775
7.14492
-6.24240
1.00414
5.72241
0.30407
-0.76967
-8.83174
-2.94413
-12.19066
-0.34718
4.33146
-3.02074
-2.06336
-1.83243
-4.71371
-2.43358
-1.62551
-3.28810
-3.82808
1.83318
-0.65050
2.14604
-4.96704
5.05659
-0.01229
1.38465
-4.14852
-4.09467
5.21417
13.10167
-4.28671
-6.24106
-1.58341
5.49394
-6.47765
-8.34302
-4.69655
2.49330
1.02051
8.68047
2.72050
-4.26544
2.29968
-2.66778
3.08719
7.99950
0.22306
-3.21561
1.33928
-3.45925
-5.17978
-8.73092
4.44067
1.65940
-6.95867
-5.91874
-2.91541
2.95003
-5.46454
-2.98207
-1.92827
2.73470
-2.99394
1.60872
0.19508
0.17044
2.42300
-4.18550
2.66642
-0.92275
10.05639
-2.48314
-6.42869
3.14991
-9.25245
1.60458
5.89737
-0.95972
-1.27828
2.31705
-1.30850
-0.03960
-2.15698
0.42267
-7.03170
6.31016
0.44651
-5.22210
-2.58844
9.69107
4.12371
6.37141
-2.52804
6.51584
-1.52061
8.91714
-2.42570
-7.94185
-4.06248
-9.79347
-1.05040
-1.06194
7.92291
5.43140
4.36588
1.54988
1.62181
3.41420
-3.19374
-3.33825
-3.28934
3.68968
4.52723
5.19802
-5.36645
4.47140
-3.93736
-7.81416
-5.22927
-1.05427
-3.16952
-2.40158
0.17803
-0.92244
-9.48992
7.06580
7.66856
3.21210
-4.06682
-5.08119
1.46426
5.11478
1.68444
2.46717
-2.60320
-3.46195
-2.45443
0.37797
-1.21992
0.54563
6.29956
-2.99358
-5.92852
1.43098
-1.12187
-9.38695
0.53597
-1.31377
0.75256
-11.65516
0.18476
-1.32417
2.73761
-0.18312
2.38919
-5.89929
-2.57206
-3.77536
1.75548
3.25216
5.42110
2.67962
1.14822
-4.78245
3.70569
3.30225
0.88318
-4.24719
-0.93368
-1.17717
-1.59681
-9.44366
-2.78736
4.54696
7.71360
-4.86571
2.62218
0.42341
-9.96219
-8.96519
-1.19064
1.28667
6.35790
4.39959
0.13601
-6.22049
4.66243
7.86172
4.90042
-2.08777
3.41768
-0.03518
-3.07535
-2.51794
-9.46645
-3.44524
4.10554
7.86010
-4.83373
-4.48324
0.77247
0.10505
3.52742
-1.97000
2.38197
1.79392
6.11321
-0.57197
-7.40897
-6.55330
-7.71014
-4.57225
2.05518
-3.39205
6.01332
4.53417
-0.76877
-6.11549
-2.87325
-2.86510
3.65729
-6.34662
-3.57999
-2.50140
3.45339
-0.93762
0.05940
-2.14620
-1.13570
-1.24322
11.26837
0.74049
-4.87185
0.59558
-4.38157
-2.54182
-5.04518
-5.83385
-1.99489
1.42419
-3.09094
2.68284
-0.90047
-4.82379
1.24184
-5.91484
-0.00089
3.83853
4.58572
-0.09645
7.14550
-1.23489
-1.82445
-5.49260
4.57139
4.25274
-10.98315
4.78127
3.74295
5.02557
0.35456
0.69616
-2.00181
-5.56923
-11.60745
6.07605
5.34375
-8.55845
9.22598
1.33339
1.35527
5.82349
0.85029
-5.28980
1.27645
3.78551
-6.14823
-8.28526
-11.11469
-3.04462
1.16967
7.71236
3.61658
-7.09365
-3.99962
7.58108
8.98075
-5.21677
-2.01117
-5.51280
3.47287
-6.72196
3.85243
-1.54872
1.41178
4.58151
-3.97162
8.00050
-8.26080
5.29388
0.17894
5.51780
4.20403
8.86815
-5.95076
-12.88960
-4.15793
5.08677
-2.82225
0.15064
-8.67522
-0.59957
0.66562
3.29120
-6.07164
0.38100
1.38473
-5.09581
-4.07085
4.64846
8.17902
5.27423
13.70460
-2.26004
-1.61477
-1.56569
-9.56424
-5.27805
3.05234
4.25801
-0.43354
5.12458
3.23564
3.51659
7.98399
-4.60557
-1.53686
-12.59407
1.49092
4.26951
1.27532
0.64607
-7.52161
-4.85478
4.28322
-10.37639
5.63107
0.94573
1.40547
1.30842
4.29635
-12.62710
-0.23279
-0.33548
-5.85417
9.65937
-0.45298
-3.72841
-11.41896
11.95694
-3.56201
-6.42748
0.27677
2.19722
-9.72721
7.49031
8.89164
-0.92779
5.78388
1.59382
-7.52586
4.31913
7.02607
-2.75109
3.55465
0.08954
-6.48907
-4.44367
1.64080
-2.44497
5.09220
-7.03003
1.06782
-4.00215
-5.44249
-2.23655
-3.34821
7.23259
-3.54242
0.23711
2.38020
-3.31793
-4.60401
2.32109
-1.88116
0.55551
-1.50095
3.53371
8.42360
-1.56839
11.63546
-13.19926
-2.51398
1.89681
-1.62099
-2.66225
8.42746
-2.07127
-2.51995
0.20309
5.02290
-8.66328
7.70865
-4.50943
0.88068
-7.57224
-1.95713
-4.21088
-5.78896
-0.70149
6.81838
9.34732
-0.51446
-1.47936
-7.61567
7.51489
-3.05867
1.48769
3.38416
-4.21036
-6.98320
-4.77807
4.69010
-1.63208
-5.49233
5.17005
-3.45822
8.85638
2.05878
-3.58056
-6.43206
1.61144
-4.40267
4.90072
-10.81107
-0.98488
-0.00206
9.28602
-2.36124
-9.62380
3.00104
3.67082
-7.05476
-2.49115
-0.24493
3.15415
-5.12849
4.38697
2.04121
11.15408
-0.90417
7.89147
0.25948
3.82143
3.59333
0.54576
4.60479
-1.60108
3.27083
0.14792
-3.95431
-10.77202
-1.25588
-7.50331
0.17259
-3.54093
-1.26342
-0.54848
-1.50557
6.22178
9.47407
0.86379
-5.59227
1.78311
-3.34587
7.19204
-3.90231
0.66636
5.71206
-5.13233
-5.70143
9.50369
0.01650
-5.42864
-2.66565
0.79924
10.81962
4.10097
-1.20058
2.44859
-0.23140
0.44182
-0.61760
1.56408
-1.41983
5.52294
-5.85041
7.33342
-1.73051
1.46926
-0.00571
1.16064
2.68258
0.56442
0.55245
2.72353
2.86439
3.83940
-6.68609
-0.05251
-0.24870
0.08975
0.38985
-1.91965
-3.22563
4.82540
1.39164
-3.92613
4.02551
-5.22258
1.20021
-3.68162
-4.19467
2.74296
-0.23288
-4.65962
-3.82177
8.93220
-0.04892
6.05541
3.95430
3.69748
0.89260
1.49476
8.75307
7.90799
-2.54312
8.98213
1.95313
-10.80470
-7.25444
3.64497
3.95599
8.33990
-0.04403
-1.79338
-6.07082
3.12400
-0.13455
5.53703
0.60940
7.47651
3.06401
-2.13036
-2.36592
-0.10165
-2.88166
0.42971
1.37615
2.72706
0.51344
2.56975
4.05623
-5.28752
6.50976
0.33002
-1.43680
-0.83485
1.33331
10.16355
-9.19937
1.72915
0.73019
-3.98273
8.01350
-4.54250
4.47744
2.17200
6.60734
7.98230
5.96843
4.72389
-1.89883
4.22496
-3.51621
8.42595
-5.78393
8.94881
-2.94958
6.31727
9.53241
4.88365
4.23749
-0.42279
0.05682
2.66338
-1.85664
-2.75779
3.95872
-3.67677
-5.11395
-4.81831
-10.75482
1.35250
3.07641
-6.15987
-4.53850
-1.61716
-0.43809
0.49672
0.58586
-2.30808
9.10628
-2.85628
1.45616
-0.29690
-6.95436
1.68338
0.23302
4.40163
-2.85395
-6.87145
-5.08685
3.02740
-7.07580
-1.08278
1.35814
-7.02653
2.37208
8.01722
-2.57046
-5.07207
3.33647
-8.25807
4.92134
-0.77483
11.36017
2.60283
11.24744
-2.07795
2.06833
4.77413
-3.54519
0.17783
-0.09603
6.61950
0.58455
-0.47712
-4.54974
0.63181
-4.84987
1.74879
0.13392
1.33113
5.21837
0.00229
-0.57211
-1.89929
-4.16662
-6.33971
-5.72457
-3.93194
-1.68200
11.04025
1.14561
10.52473
10.51579
-2.11455
-3.38150
3.81480
2.11562
-1.45866
-11.82942
-0.20625
-7.94840
2.33331
10.42626
-6.07491
7.31603
-1.95088
0.00606
-8.69294
6.55953
2.26079
2.47631
4.64756
5.74245
3.85837
-3.34953
-7.68480
2.60178
5.28687
8.16764
6.83191
7.14528
-10.62144
-2.34016
0.33036
-10.34674
3.62894
-2.32644
3.55347
-0.86944
-4.16542
2.76632
-0.71877
-7.85691
0.05451
2.16509
3.57542
7.02390
4.92685
-3.21597
2.78647
1.24178
1.24752
5.02260
-2.21796
-0.75142
-0.82445
1.75186
-3.76238
-1.77737
2.01188
2.41232
-4.10059
-1.42380
-3.62768
0.60330
-0.15353
3.18163
0.28203
-5.97241
2.82911
-0.97310
-0.93476
2.88107
-9.77392
-8.33052
4.60418
4.21582
3.68393
-2.37031
1.40926
4.21989
1.78920
0.75005
4.39768
-4.84973
4.81930
4.61037
-0.41531
1.88914
-1.37861
5.85052
2.66801
12.66352
5.73534
-2.64184
7.14198
-2.28778
2.18557
3.26605
-0.64447
0.27005
6.13077
1.72911
-0.82693
2.09632
-4.02030
-3.70331
-5.41936
-0.37770
2.74783
5.33149
3.62092
1.72403
4.48649
-4.78161
-3.13813
5.69058
-4.88311
1.88834
4.92963
-4.59983
-3.31716
7.54964
7.22152
1.24948
-4.85941
-1.75926
-2.71845
-2.59100
4.32301
-6.35984
-5.89825
-1.13050
-0.17682
-2.55085
0.53476
-10.96722
-2.25586
-5.52882
-1.73730
11.36210
1.67955
3.28692
3.79196
-9.19266
8.50102
1.57025
-3.71371
1.34843
-1.16016
0.47442
2.61292
7.02282
-2.48723
1.28298
1.31413
-3.34218
5.12862
-1.47551
-4.07066
5.05643
-1.80331
-4.91627
-0.87101
6.89168
6.37194
2.10783
-6.88928
-4.62118
0.07776
7.38115
-2.03495
-5.33365
-0.70323
-5.94608
5.75497
-2.43336
-2.91313
2.59347
5.04337
4.27637
3.09535
-1.13455
1.02209
4.64365
-0.73943
-0.40630
1.96922
-4.14700
7.28429
0.56672
-3.09597
-6.82224
-14.21822
8.80932
4.24058
-7.06315
9.94035
2.96071
1.56934
-6.53324
3.02035
2.83854
-0.59369
-0.10535
4.55797
-5.70755
-6.98678
-7.60635
5.83095
-1.98465
-5.39830
-4.35474
-3.80701
-2.81368
2.28850
2.59638
-1.36526
8.90110
-0.48777
4.01699
6.69875
-5.44327
6.53933
5.05001
3.30143
8.58062
1.63805
-0.30132
5.59952
3.62423
-3.26047
2.03266
6.13764
-1.94737
10.93525
-2.71821
3.60059
10.89973
-1.76604
-0.46748
0.98459
-3.15614
-10.19946
-0.15158
-5.20410
4.96205
-3.09913
-2.84080
10.63371
2.66628
-7.58058
-0.89163
-5.14494
-3.02984
-4.37107
-0.08337
-7.54424
-0.03583
-0.03505
-2.19652
-3.78368
-8.29475
4.61408
3.16236
-3.69283
-2.63338
-1.45736
-0.27189
-1.87157
0.36698
8.93879
-7.66123
2.81685
-6.89917
9.62980
-2.80761
-0.15856
-5.47223
9.83919
0.47293
0.08651
12.07020
-0.70203
-0.53679
8.33283
7.69925
4.55517
-2.65101
-2.77077
6.02666
5.25151
-5.78993
-0.16657
0.68756
-9.83759
-8.46892
-0.43512
1.82490
3.44163
2.50095
-5.05295
4.23959
-2.13138
5.58493
1.53822
3.41863
0.12805
-3.54668
8.48333
-4.34312
5.42207
9.08121
2.46827
-5.59899
-6.84181
2.56131
-5.91212
-9.43895
2.95154
0.17648
2.35938
-4.62587
0.37048
-0.01627
2.36662
-4.03834
-4.08079
-1.70080
-3.44290
-3.43516
3.55147
-3.37627
-6.03995
-0.25214
1.69199
-2.55578
8.14275
-6.70651
-8.55214
-0.55097
-4.66746
-4.36554
-7.55074
8.18324
2.62245
-1.13265
7.07542
7.94375
6.97592
5.00692
-1.99007
5.24553
3.05093
-0.64571
14.02025
-1.59470
3.69769
-0.64652
-2.07906
-1.97173
-7.15943
0.82835
1.49181
-4.35817
4.17715
-2.62382
-2.84966
-2.78571
7.07670
-10.23826
-3.41810
6.89894
2.65425
0.94678
-2.47138
7.23782
-4.68638
-2.94873
-0.38029
-4.85614
-8.03532
-4.18604
3.02787
3.24305
3.63339
-7.41784
-1.05229
-1.03371
-7.16238
-6.19827
0.91993
3.30539
-4.61505
6.45317
2.35310
3.35263
-5.75399
-1.92178
7.32796
-0.94234
-0.52277
3.22075
-0.02892
4.95191
0.48279
-6.65776
2.97587
1.29902
-8.97779
5.09507
10.03316
-0.55601
5.95205
7.77315
-7.02906
11.81415
-9.54636
0.93624
5.75765
-5.35930
-6.22791
1.33541
8.97912
10.28502
-6.03146
9.63133
-5.23943
6.93795
-1.10846
-3.70456
4.19824
-1.94996
-4.94619
1.70297
4.41230
5.39133
2.04022
0.02626
2.13661
-5.03315
11.01780
3.03246
-9.70738
1.09048
5.34331
-0.71640
-1.56947
4.20353
6.40239
6.81923
3.78794
-0.51998
4.34688
-1.33789
0.45847
-1.30991
9.93861
7.90748
7.62771
3.94673
-7.66690
-2.26998
-0.95492
-1.04022
-6.31121
1.15396
-5.51362
-3.91383
1.00554
5.20459
2.54150
7.01620
-12.56756
5.15738
-8.14738
3.00655
-9.80346
-8.65484
6.11151
1.26504
6.29545
3.25912
11.88638
-7.27844
-0.74338
-11.93076
-2.09790
-0.34404
-4.13406
5.00029
1.25348
-16.16394
2.57283
5.79940
1.79821
-5.83985
-0.60941
-0.31637
-5.35590
4.75883
-2.06534
-0.29065
3.89975
0.01368
-2.45484
5.45021
6.78517
5.31634
-0.50244
-1.62748
-3.87943
-4.59253
-0.93818
-2.15557
-5.27169
0.84850
-4.31996
1.28348
7.40813
-8.02741
4.06479
-5.25189
3.54666
-0.59136
2.14393
-7.68094
6.95299
5.39159
-8.31605
2.17857
0.80252
0.03263
-3.09729
6.10688
-7.67383
-8.56589
-3.95057
1.31448
1.97941
-6.33331
4.92558
7.44716
-0.94089
-9.63078
-1.94003
4.91795
5.32719
-3.95058
-5.59122
-2.57700
8.15841
3.66781
-0.42416
-4.65341
0.29214
-5.51191
3.10059
7.35377
1.09716
-1.69435
8.24221
2.07544
0.24900
2.32820
-3.69665
-3.25066
-0.14011
-1.20251
-2.31734
-4.40863
1.98991
3.92277
-7.61750
-2.61640
-1.19959
6.04827
4.27318
-3.43009
-1.35860
-2.34173
4.96976
9.53666
3.68361
-0.37882
1.56182
5.05341
-6.18142
11.11615
-8.69382
-0.21922
0.50699
-1.66766
1.87124
-7.90289
7.65052
9.55792
-0.89258
2.62153
9.59911
-0.42678
6.00686
-4.37061
9.87814
-2.39140
4.55275
2.69197
-2.95601
5.35481
-4.41077
-6.50266
-3.54458
7.44747
-2.47995
4.08163
-5.72087
-0.36627
-2.22273
-0.14554
-5.59546
1.28739
1.62794
1.33049
6.70161
10.83217
-3.17768
-1.68058
3.53671
-0.17322
-0.13728
4.30557
1.41779
3.54647
5.03377
-2.28434
-12.51780
0.27175
-0.02787
1.62915
7.32003
-5.36632
5.16988
0.94562
3.16889
-3.45810
1.26263
0.87375
3.48464
-2.28061
4.13899
1.10706
2.67660
4.53134
3.08378
1.56966
1.91187
-6.53238
0.63803
-2.62294
-3.77570
-2.11967
8.85993
1.59827
3.29500
3.43931
4.18515
1.67516
-2.46923
0.28741
-2.14827
4.84449
0.05643
-3.41038
-2.67512
-0.35577
0.31831
-2.57771
-0.69830
1.01526
3.48914
-1.24780
2.90089
0.87244
-4.47725
5.75113
1.75826
4.45951
-2.65121
1.76257
2.03966
-6.54230
7.29140
5.35452
1.08826
3.19066
5.68929
-3.54935
11.15378
-6.14044
-1.61289
-4.64527
-7.61440
-4.23699
-3.30471
0.17737
-0.63821
-1.80500
4.58952
9.71163
4.54785
7.56037
-0.85118
1.17989
-5.08716
7.64072
1.28666
11.14513
-4.41697
-0.85352
0.37277
-6.54807
5.35774
7.00087
5.44875
-0.66250
6.20242
-12.23199
-0.86680
0.44556
-5.24057
4.19928
-1.34191
-7.27207
0.11576
-4.20957
2.98421
6.60979
2.47554
-11.68364
4.06841
-2.10160
6.26276
4.05494
5.45679
-9.15854
-1.99223
-3.21952
-3.47057
-9.86876
-4.51078
-5.67995
-1.92488
1.40340
-1.88352
7.33138
-0.78010
2.62248
-11.18033
-1.84473
-10.29311
-0.20565
9.67037
9.41067
-3.22728
-1.90711
3.91617
7.75658
0.33211
-3.22312
-9.03485
-0.09198
-3.17462
-0.54794
0.49492
2.92358
1.33291
4.64536
1.66197
6.22300
-1.24798
2.58569
9.14781
-2.42563
5.62171
-3.40667
7.12920
7.14063
4.67422
-3.47545
-0.71337
-11.04925
0.99299
-3.97572
-8.53989
4.60636
-4.00503
4.68218
-6.33443
4.27324
2.54272
-1.94570
-0.45727
2.58320
-8.01877
7.60272
-6.27354
-4.90696
-2.51339
4.54107
-0.23184
-3.57063
-0.41511
-5.67153
-4.70399
1.60245
3.10366
1.19884
19.80951
0.24554
-3.51964
1.06644
-1.25873
-1.48297
-4.34607
-3.10351
4.98461
5.48928
-8.86568
10.00434
-4.03050
-7.07643
0.97890
-0.43845
-4.42667
-5.15472
5.53245
1.54978
-1.46694
-1.59503
1.05949
3.97700
-3.16039
-4.53936
2.92940
-0.05485
2.47661
-3.44519
11.71289
-4.83052
-0.60646
1.30847
5.07109
-5.50098
-8.38434
2.96520
-5.93229
8.80765
-0.56745
-11.38474
2.27426
-3.44201
7.52346
7.09212
6.36230
2.62541
4.51768
5.13998
-3.22130
-2.50727
4.64394
-5.12555
3.68937
9.54015
1.88318
2.30402
2.09448
0.44382
-11.37193
2.32909
3.58266
-1.83414
-4.44285
-6.72758
-5.90590
4.24378
-0.95135
3.43358
2.94346
7.85556
10.08841
-8.74994
7.50764
2.71094
-4.10637
-6.47406
2.35373
2.21289
4.53737
0.40620
-6.23137
4.92629
6.37180
12.17962
0.51832
4.29526
4.96318
2.48777
2.91896
7.98305
-2.46858
-1.15696
8.95020
-8.35981
-0.16107
-6.54003
3.91161
2.15327
-7.79487
2.45122
0.14428
-1.60366
1.76357
-3.19265
-2.43946
8.27239
2.88910
6.66607
-3.37092
-3.11765
-9.78713
-5.78792
1.15890
0.03439
7.50946
-6.27100
-0.56015
-4.59821
3.52959
1.37307
-4.75706
3.97502
8.25608
2.29550
1.00551
2.72718
0.89595
4.29768
-13.76219
-7.15286
2.14535
2.37419
-6.28305
2.82036
1.82984
4.18841
-4.46868
4.63854
-0.09037
2.50534
6.99094
1.27100
1.37255
2.17060
1.86022
1.43038
-1.58209
-4.28719
3.81453
0.32542
3.00883
-2.59899
-3.25282
1.81249
2.59030
-3.19660
-14.63660
4.07781
4.82197
1.41916
-4.72422
0.52596
2.42771
-3.56671
5.82159
0.50554
0.60595
-3.73085
-1.84325
2.49425
-2.39121
-3.23884
-8.75302
-9.07722
-4.44351
1.89958
-1.61050
6.74368
3.59031
-0.21340
2.24204
-4.28856
-4.46877
-4.39143
-4.79569
-9.86410
7.32567
5.56094
4.63445
4.06015
4.25100
-2.82568
1.52727
-7.54704
1.16772
-5.90157
-2.00887
-2.36252
-0.16471
7.69025
-1.70442
0.56470
4.66757
4.62372
4.41940
0.03819
-9.67132
4.07454
-4.99482
1.15166
3.03036
4.54262
1.53224
-0.16839
1.78282
-3.93668
-0.58010
-1.00291
0.92634
4.49203
2.80180
-7.50479
4.16837
-5.94636
6.41135
-7.82708
-1.40809
2.44858
0.38210
3.84385
3.18350
-1.84210
1.25107
-7.49732
-1.82460
10.26207
1.56046
-2.90872
-3.41131
-0.68775
-7.25771
2.05161
-6.39413
2.90718
6.19397
-4.38203
-5.12376
6.91894
5.16258
-0.78989
1.52689
3.21770
9.43511
-0.99006
1.40456
3.80883
-2.52592
3.10274
1.85619
-0.76981
-0.64470
7.20220
8.22359
-2.14891
-6.01471
4.75478
0.61330
3.39672
-1.04902
1.57400
-6.49523
4.05974
-5.43272
-5.55452
1.66641
-3.33628
3.85189
3.74527
-2.76774
-3.48098
-4.03500
-4.32315
2.64043
3.93450
-5.83311
0.12133
1.25446
8.56774
4.18649
5.14699
4.85073
8.25131
-0.31761
1.62609
2.49392
13.79063
-1.14185
1.51917
-2.13362
2.99082
4.82239
-2.21553
0.22053
3.81294
-5.08889
2.92304
0.33935
-1.41658
0.07875
1.49605
-1.24022
-5.21405
-2.37006
-1.73419
-1.94847
5.17178
-6.70557
-2.92755
1.51133
-1.73612
-2.88055
2.02901
1.26328
-7.74041
1.68779
8.56194
-0.09473
-4.65761
7.55002
9.38195
-13.42027
4.23380
-3.03918
-8.40993
-2.31588
6.80129
5.92387
2.07885
1.96234
-1.94403
1.29583
1.12854
0.21908
0.60511
-2.83427
4.83479
7.82777
4.11625
4.61308
-1.09483
4.15902
-2.27527
-7.72390
-2.77130
1.73534
-0.11951
7.29103
9.51133
4.93656
-1.50750
-3.06936
0.31177
5.58864
-4.79459
-6.51489
-2.10350
9.91509
2.81055
0.32269
-0.85483
-0.62225
-0.55224
-5.82388
3.72451
1.89873
14.07083
-3.00327
6.85594
-2.69203
-5.25833
10.00229
1.73433
6.23891
8.29874
12.12527
0.62580
-3.46534
-1.37844
-3.29385
-5.32593
6.56376
0.19428
-1.96251
-0.26058
-4.46859
1.52481
2.85489
-2.95102
1.25568
-6.90232
8.46924
-3.36860
0.67434
-5.77399
-2.43492
-4.36781
4.13363
6.89981
0.53484
-0.31125
-5.45124
4.66972
-1.75162
6.31110
2.68788
-5.24529
-1.53657
1.29621
-4.24432
-8.21477
7.30010
5.94855
-4.21902
-0.75544
3.00743
2.29970
-1.52459
8.77443
-9.43835
1.59576
1.21151
-2.00681
0.65551
-2.38842
-4.20302
3.10431
0.92003
-0.55378
-3.42510
-2.42981
6.66739
-2.24692
-0.15221
3.93106
-4.79196
6.28127
2.46713
1.37344
-1.21046
-3.86824
-7.54934
-0.85816
-1.08605
0.38410
-5.40533
-0.33642
2.58012
0.13689
-2.41940
-0.75686
6.08258
1.98660
3.93545
3.73316
-2.07800
-2.84256
5.51514
-0.15659
-0.24175
-0.41880
-10.30935
0.82088
-1.71166
-1.96835
-2.97738
-0.92345
1.48052
2.54260
2.16253
-4.04541
-3.02574
-5.02846
-4.45637
0.77138
-5.05344
8.60098
6.58120
-1.32980
-2.96051
-7.21671
-6.72391
-3.64104
0.38730
-4.61653
-4.81607
3.81007
-5.79897
5.61755
-0.16112
-1.16898
-3.56135
-1.01196
10.10606
-3.63532
0.31974
-3.51805
-3.07360
4.27884
-5.13381
-2.32300
7.34835
-0.72649
7.44439
-8.65311
3.54638
-3.91157
0.31610
0.86869
-2.76726
4.03833
1.79157
-5.51815
4.28588
-1.22621
1.66468
-8.13609
6.22559
-1.23340
-3.86694
11.98107
0.16519
0.76016
-0.85956
4.40841
-3.44805
1.22877
1.86639
-3.27964
2.71155
-2.64949
3.95984
2.34888
-5.72545
8.40743
-1.52274
-2.93074
0.92840
10.30948
2.75193
0.07627
1.26532
-5.06264
-0.56463
-0.47620
-6.49537
10.09032
5.24423
0.88631
7.34083
3.10355
-0.27089
-0.09412
1.28130
3.14138
-6.29073
-6.64292
6.01512
-1.73551
0.06660
3.07595
-3.76344
6.99465
5.32674
-1.84578
-2.81513
4.31555
-1.37080
4.84952
9.07307
-11.30496
-1.50117
-0.47162
-1.25763
2.40221
1.65751
-0.49496
0.25139
-0.09940
7.08851
4.44204
-2.76659
4.61902
5.66297
6.08617
-6.83414
5.07155
-1.20375
-0.06304
1.20271
4.62379
4.34884
-0.86176
-2.94501
-2.04633
-1.05672
2.64802
3.26673
2.63909
-1.85413
4.36909
-0.31946
-4.66962
0.93675
-1.59744
1.51267
1.47917
-4.95417
-0.58219
-0.95849
1.89852
2.21044
-9.57296
-2.16808
-3.45703
5.35070
-3.84133
1.41392
-1.17768
-0.94206
-10.60599
2.02489
0.24359
1.33394
12.93569
8.55805
-1.66373
-4.99695
-2.28101
0.60509
1.36782
2.49491
2.29690
-4.14127
-0.02437
7.20529
1.86246
0.48895
-0.25509
-2.30453
-0.00304
0.05524
-9.59742
-7.82558
-1.78477
12.75138
3.24829
5.72163
-2.38978
-0.45085
10.10109
-2.17151
-4.53533
-6.85512
-4.10336
11.02291
1.94336
-5.83308
9.13848
7.60264
-6.14296
8.39034
-2.59017
-7.35399
-7.65374
3.31746
-4.15391
-4.74178
7.64383
1.21576
2.13565
-10.37551
4.45745
0.76523
-5.92528
-7.22953
5.08621
-4.42989
-1.71353
0.28736
3.80697
5.95552
9.61620
0.95360
3.35838
-1.56152
-3.03416
5.65010
1.13906
-4.92471
-5.35860
2.41257
-12.68772
0.40049
3.58916
-0.77126
-16.35144
-4.68103
-2.53132
-1.99652
-0.55249
5.35474
-6.02843
3.31760
7.28761
-1.00347
-2.12765
3.17534
10.93867
2.33806
1.39786
-9.59830
-2.83702
4.94800
0.26768
-0.76142
5.37443
-3.50328
-8.88793
-4.10638
7.19959
2.70832
0.92148
-4.26413
-0.75716
-6.10585
-4.19049
-1.19910
4.48099
-8.29251
3.44236
-1.64159
-5.85712
-1.51944
7.51295
4.43881
-4.13610
-6.98814
-10.27578
4.34404
-1.32257
-1.95744
4.20204
9.71070
-2.44694
-6.80835
-0.21889
5.33274
-5.10467
0.59842
12.38580
6.95321
3.66318
2.48155
0.87218
3.93089
13.17681
0.51948
-5.25085
-3.12764
0.50179
0.95192
-5.01445
-9.62196
-3.06958
7.57962
-2.64062
1.39954
6.46401
-2.41978
-7.50985
2.30389
4.58755
-5.84448
-0.29548
7.64063
3.05576
4.29294
-3.78502
6.60303
-2.15486
-0.39747
-7.81359
-1.14484
-7.26209
-2.67934
5.10015
-4.35365
-1.87985
0.10767
-5.51382
-0.61633
3.05609
0.28035
-7.97504
-3.75494
-7.63222
-6.45834
4.15447
2.94324
1.17570
1.73625
-4.68193
-4.63735
12.63817
-2.20626
3.79316
3.20986
-3.83960
3.41026
-0.36456
5.45988
7.40761
0.88746
-3.89240
2.54803
-4.61598
-3.64885
-8.25097
1.65612
-2.01045
0.63257
-0.27130
-6.24636
0.28806
0.85706
0.75293
6.87926
1.71754
-5.66842
-1.65480
10.08534
5.72755
-8.40265
2.10068
-3.13938
6.66726
11.33024
-2.81201
0.51253
-0.71316
3.74087
-0.34619
3.65431
-0.04718
4.49978
3.42736
-4.98780
4.39625
7.27019
0.47926
3.29304
4.87204
-4.18920
-3.34639
-7.39651
1.85267
-1.25311
-9.01210
-3.37748
-3.05985
-3.04443
6.11859
8.97539
3.35705
-0.58467
5.27210
5.59759
9.40820
4.31847
-9.82631
-12.37396
-0.80103
1.31095
9.20178
-8.50736
3.11282
0.18637
-4.07684
-2.38932
-2.40455
5.26106
9.17171
4.17812
2.22815
-5.66690
-7.08363
-5.60556
1.14537
5.08357
-6.53564
6.25387
-0.42514
3.45203
2.18468
3.96911
-0.16797
-3.61734
6.88461
-8.65738
7.00919
-9.24668
4.76332
-0.12866
3.65977
7.43769
-5.80456
1.29307
-4.40346
-2.54456
1.60856
-5.31273
-0.40731
3.54943
0.13975
0.20217
-4.01491
0.91827
-7.72112
-2.11595
5.77059
4.52863
-6.11405
3.84322
-4.79691
1.32408
-7.52370
-0.59267
-6.87549
-9.22382
-2.83247
0.44144
-5.63793
5.58859
7.70628
-5.70422
9.20604
-4.96639
0.83511
6.71790
-4.10974
-9.06808
3.10970
6.34468
4.64144
10.08730
-5.80302
0.44632
-7.61969
-4.81662
3.39951
10.85813
3.74680
-4.02904
7.37006
-2.95279
3.41672
14.00086
-11.87293
2.27316
9.47351
0.81872
3.50766
1.52661
-0.97005
-11.33484
-6.48282
6.63977
0.77117
-1.16815
-8.04188
-10.04917
-1.20727
-1.00899
-11.22815
-4.62964
4.75350
-8.11498
-0.54082
-3.17174
0.41189
-2.09293
2.74624
-2.34660
-1.87332
2.75696
2.47853
3.22389
-6.71342
2.09486
2.20698
-6.63178
7.21206
4.50300
-7.54068
-6.53523
3.35192
7.59015
2.48590
0.56580
5.06991
1.03076
7.26552
-5.12456
1.19743
-5.23598
6.49228
1.88050
-11.81844
-8.91985
-7.35561
-0.08226
1.47818
-12.70296
-1.77576
-5.73107
1.58060
-4.34948
0.01003
2.21379
-1.60539
-5.99474
-5.39783
-5.04674
7.21457
4.70358
0.77892
0.39618
6.13516
-4.01480
0.91914
-1.73617
2.88921
0.43540
-2.23623
3.42820
-4.35484
1.81870
5.04387
4.24221
4.32162
6.37126
-9.77708
-5.73183
-5.65727
-0.54444
9.20370
0.09146
-3.13436
2.97544
3.77684
3.81968
1.63254
1.43799
-1.37783
4.42497
-4.90536
0.37752
2.38861
-0.11860
9.04508
-6.20160
1.20884
-1.23483
-0.41037
-3.83353
-0.39601
6.65396
-0.88184
-0.67746
-1.57657
-3.60620
5.84817
-0.42779
-2.48205
3.52996
3.63196
-5.13021
8.17451
-3.32026
5.75490
-6.45827
3.69076
4.46820
1.67029
4.00471
6.62432
3.98423
1.79306
10.26085
-5.73255
-7.62225
-2.47987
-10.43507
-3.71616
5.77296
5.70754
1.29625
-1.94813
0.69788
2.41896
-7.50023
5.94284
-0.76363
-1.16594
3.44920
-5.54356
-3.37048
0.93267
-0.35275
-9.06373
-6.44911
4.21852
-2.45362
-6.32668
3.38616
1.23711
-2.88067
1.41613
-0.14908
-3.48106
0.92379
-0.70809
-2.80773
-4.33852
2.48695
3.93668
-1.39455
-1.38797
10.12679
-5.88423
1.01169
-0.69469
3.31506
-0.75412
-5.68574
9.76094
-6.76248
2.42178
1.62474
3.28227
-1.72716
-0.66812
0.71423
-0.49430
5.10724
-8.44744
0.39105
-3.85424
1.93308
1.39196
4.85036
-3.67732
2.21360
-7.56931
-11.44092
0.78647
-4.93604
6.60311
8.05661
-5.04799
3.48518
-0.42246
-5.50990
-3.20499
-3.22947
-1.71982
2.86497
5.43693
7.57242
-1.71855
-11.90591
-4.40957
-1.49083
-1.00770
10.48546
-7.25954
-6.95970
1.30508
9.77795
-6.15210
-3.78618
0.82072
-0.48992
3.72199
-7.65348
-2.13852
0.88807
-5.98175
2.24106
-1.21838
1.06675
8.17825
-2.27211
5.43708
2.30309
-0.62262
-0.93818
10.44122
-3.25018
-0.29228
3.15510
-0.53803
3.63086
-3.05907
-1.74136
3.57534
14.87000
-6.28516
-4.78404
-0.97662
2.32264
-5.10376
1.14914
4.83155
-1.07748
0.97122
-0.31702
-7.08983
2.07401
-3.94959
4.27056
-5.74325
1.53673
0.98455
5.89044
-2.48311
-6.94257
2.47905
-7.38680
1.53885
8.21025
-1.43374
2.10535
3.55717
-11.90992
5.76566
-3.30907
-6.43254
6.34958
0.98965
-1.25100
3.84282
3.00424
-4.01151
6.55644
-0.76236
5.63351
-3.58584
-6.93723
4.23012
-1.32155
5.97041
-2.36365
1.45625
-0.08580
-1.80399
1.69501
4.10922
3.32881
-1.49636
-6.52386
-5.08101
3.77858
2.87165
-4.69068
-2.87736
-3.21285
1.50835
-1.37104
-2.22952
-5.00988
-0.83405
-0.12037
-3.55935
4.06441
-1.79645
0.55944
-5.49344
2.00368
2.78927
5.38523
2.79777
-4.83113
-1.14062
6.92271
-2.36883
-7.50029
-5.88366
-2.24608
5.15464
11.58349
-8.03973
-9.88551
1.97823
-3.37028
-4.46618
1.10392
8.03091
1.82621
-3.81251
2.88039
-1.30427
-0.71686
9.85373
-1.67093
-1.37891
9.38166
-3.62015
0.09366
-4.83821
2.00873
0.68967
-10.08157
-0.47804
-3.28575
-6.95139
3.37076
-0.81562
-4.57825
4.45749
-3.35606
-1.69394
1.25574
8.29184
7.94099
-8.21414
-7.18789
-3.02176
-2.93928
5.28285
7.94813
-3.62671
-9.63246
-15.49564
-9.52798
-4.69432
-7.15996
-3.91354
1.74058
-2.64502
5.35028
-1.16249
-4.66898
-0.34856
-9.61788
-1.14161
2.67932
-9.68521
2.79077
-2.78892
-4.82842
4.64481
-7.95170
1.95497
2.17504
5.48754
-8.28731
-5.54210
4.54820
12.71170
-4.72974
-6.54709
-1.50941
-2.31757
8.27028
2.14960
5.11661
3.31234
-6.23930
4.31513
6.42702
-5.84462
3.10603
-0.67113
-5.03785
-2.56464
2.80020
-2.42363
0.20444
4.60007
1.11029
3.80083
6.42248
1.46717
0.26283
-2.51318
-4.17817
-0.88122
2.49094
-7.24193
12.43952
2.25667
5.24270
3.40206
-4.48257
4.33997
-0.81923
-1.13942
-1.67183
2.28113
1.87208
-3.88054
-7.64476
-5.65000
6.56986
0.98156
-1.55234
-2.18788
-4.38740
-0.56757
-2.91682
-6.02359
2.69452
-2.76788
3.78288
0.41901
0.38003
6.94414
-10.82671
-6.35609
1.19430
0.68544
-4.24444
13.44224
9.78216
4.13151
-6.17941
0.54453
2.95557
4.68466
-2.55218
-1.18323
-0.08759
-4.60921
-9.45252
3.79781
-1.44670
-2.00803
3.68037
-5.16278
3.86779
16.03302
6.74984
7.63494
-1.03629
0.72141
-4.56727
9.63562
-1.68040
-1.00733
5.19755
-4.25065
6.59714
-1.68307
-4.28147
-0.17330
9.90111
3.97753
11.20976
-3.92581
3.13908
0.13034
2.40650
3.06327
-1.51098
-0.27779
2.85320
-2.56523
0.92324
-11.75400
7.80324
4.74612
1.51841
-7.33353
-6.12170
2.25160
10.21865
4.65590
4.19876
4.40110
0.20700
-1.80722
2.19088
4.04813
6.34252
-5.44234
-9.70038
-1.42430
-1.64369
-1.25578
5.95268
7.89808
2.02181
6.16280
-5.67118
-4.84184
-2.89321
6.43327
-1.99353
0.55473
1.30044
1.43233
3.29768
-7.88183
4.60499
-8.26087
-0.61084
-0.67978
-3.61150
4.26167
4.79136
2.30219
-0.30600
0.81175
3.62564
-6.94609
3.49843
-3.25765
3.54093
8.89746
9.12503
4.51115
2.56842
2.35276
6.14746
-0.14353
-7.27949
3.92968
2.52544
1.75672
5.09987
0.11405
5.68560
-1.77715
-3.95612
6.33282
8.61532
3.73808
-3.07307
-7.76899
1.69317
-3.88616
13.53995
14.88072
-3.29164
5.32648
1.35728
2.16605
-2.22846
-3.25384
0.10125
-3.13037
-4.75339
2.80492
1.82302
-2.98522
-3.78026
3.46905
-5.20991
7.07902
2.98992
5.60144
-3.15810
-0.08154
1.54678
-0.05141
10.86448
4.32997
-5.60563
-3.70138
-1.25299
8.50767
-1.84272
-0.83332
3.09734
3.15949
4.29787
-2.22797
-6.73812
-6.53271
10.92908
0.81342
-2.91082
2.54172
2.34860
-4.91762
1.67038
-0.90250
-4.08596
2.37448
-4.41178
-1.18745
-3.16370
-2.07172
-2.66608
-7.83076
3.00106
-4.49150
-0.33519
1.06656
4.86343
11.19992
-3.51655
-0.62784
3.34069
13.14427
-3.50202
5.53502
2.01072
9.59062
4.02043
-6.20281
-0.11383
7.13374
2.12639
2.96476
-6.09563
3.45963
5.86210
-4.15383
3.18298
1.85188
1.65304
1.53312
11.09619
-4.33987
-3.90068
-0.52829
5.69560
-4.99842
0.09697
-3.11346
-4.35763
-4.92507
2.94191
-7.18743
-4.73467
-10.13374
2.86974
-0.62194
5.93817
2.13717
-0.34705
-3.91582
4.27140
-3.57095
-5.10365
2.28765
-1.39045
5.46337
1.34542
-3.41642
1.58355
8.97368
-1.51454
-2.80768
0.54115
-4.11822
-1.38545
1.29648
-5.05246
2.40393
4.55699
-6.08573
4.81560
3.30114
2.34937
5.18964
7.36900
-2.02178
-7.86598
3.76606
-2.00539
-2.30160
-1.54416
3.66433
-1.54694
11.19138
6.20763
1.38979
0.91807
1.56767
0.11414
1.10608
-5.14642
7.40260
-8.91194
-5.66321
-5.71189
-5.68784
-2.95931
1.85896
4.44181
-3.27272
-0.63405
2.12465
-5.11821
-0.89930
14.15065
-0.12003
5.67144
0.93070
5.10933
0.99926
-2.93894
2.48131
1.59819
1.07090
-9.58379
8.11100
-6.79418
-6.42272
-4.69359
2.20546
7.55233
1.06124
-1.09822
0.68381
-3.62341
6.94063
-0.35620
0.58290
-0.02931
-3.21074
2.26059
3.55957
6.20832
-9.03272
6.89066
-6.47105
5.59056
3.19207
0.69963
1.42392
1.68411
-8.70890
15.21090
-9.66991
3.74853
3.36152
8.82987
-0.54548
-7.37111
2.17317
-5.02800
-3.41472
4.89427
1.44187
1.09737
4.26463
-0.83106
3.62793
-5.01648
-4.99413
3.94434
1.54246
3.62407
-5.30259
-0.86900
9.54504
3.27723
-3.15950
1.06660
3.77192
-5.98566
-1.15320
-1.12827
-1.38840
6.90642
-5.16129
4.08625
-0.42590
-0.92947
-6.95489
-5.48561
3.82835
2.34227
-2.95299
-7.65252
-1.21589
-1.87296
1.76099
-0.40411
-5.28837
2.88042
-8.05004
-9.09487
0.48451
-11.27847
-4.10360
-2.88391
5.95253
0.39617
11.99043
4.57943
2.59471
12.69928
3.31179
1.78341
6.95237
7.05211
0.93399
-8.32292
3.65128
1.44983
-7.36951
-3.73325
-5.57911
9.80088
10.43052
9.79071
-0.14842
1.05239
-8.89507
5.95482
-4.61331
-8.18284
-0.99892
2.29423
-3.67270
-7.42992
-2.84880
22.86734
2.14891
-5.53928
5.32868
-6.26435
-4.81945
8.37731
2.23363
-7.01891
-4.18421
0.88862
8.21079
-8.10931
-1.24899
1.08985
-1.40250
4.83774
3.40847
5.13006
4.57190
3.97036
-6.95386
-7.23532
-5.46268
-3.02166
-1.82542
1.59353
-1.98817
-1.96924
-4.32893
0.11759
-0.45935
9.60637
-10.19348
-1.65421
2.58047
4.04167
3.78486
-10.43823
-0.83920
-2.12262
-6.57184
3.11677
-0.27656
-0.79051
-1.36556
-4.43588
5.60251
-0.00573
-7.82522
-1.73449
3.44669
4.36604
-1.77887
1.46640
8.25095
-5.07623
-4.56421
2.30244
7.88857
-10.36046
3.00790
-5.35945
1.51953
-0.65058
-5.71026
-4.84841
1.96670
7.40715
0.73947
6.01860
-4.81253
1.47868
3.37532
1.73790
0.23710
-0.87830
-6.91629
-2.12944
0.56151
2.54103
5.73075
7.08734
-3.14128
1.46536
-5.77841
-2.81924
7.20617
1.39816
-4.74008
-1.98065
-0.80804
1.91009
-12.79956
4.35341
-0.59978
0.66588
-0.68603
4.45836
2.87103
-9.18932
6.45394
5.28207
6.63268
-0.61517
2.82241
-0.36478
0.34304
0.88168
-1.52842
-8.23458
-2.27731
7.38176
-4.43727
3.89531
2.12010
-1.29620
2.22489
-3.88803
-0.43573
2.68141
8.72141
-8.47110
5.13594
2.19692
4.52434
0.78980
-9.15027
-1.11194
14.02013
-9.43198
-3.27760
-2.86760
3.65331
-2.23236
7.09846
-5.72512
7.13697
6.39085
-5.41945
0.79555
-2.90539
-8.50676
-1.14178
3.00537
6.63980
-6.65346
-3.88003
-3.77221
-6.45832
7.10215
-6.86880
-0.98128
4.89438
-1.74265
1.37583
7.73830
-0.35515
1.34768
6.13691
-8.54092
-0.60374
2.91345
-9.66312
3.20817
4.16996
3.09250
4.01190
-1.75338
-8.37493
0.05230
0.46809
-3.90094
-3.51755
-7.42526
-5.53032
0.94407
-3.30422
-0.91849
-9.70665
-12.51706
5.30892
10.55897
-4.20676
-7.43452
0.29791
3.59082
-5.90027
-12.31217
-3.77936
-7.99571
-12.42652
-11.53196
-5.25522
-2.15495
-0.33013
6.26769
2.97449
0.93896
-1.26411
-0.05710
-5.68232
4.67446
-3.43723
6.06449
-4.99587
8.16545
-4.55070
-9.47037
3.29330
-0.64760
-1.90397
-8.26713
-0.11322
8.06066
0.29711
-3.47758
-4.25943
-4.63476
-1.61839
-6.41904
-9.33856
4.46374
-1.47662
0.17991
-4.63868
-2.82318
-4.63926
-1.10606
4.48290
6.68574
-3.25870
2.22636
1.80243
-8.26943
6.92010
-0.57606
-3.69798
1.96738
-2.56881
1.84945
3.05630
5.74784
1.73185
0.57840
-2.02753
-3.22275
0.32003
1.48394
5.39195
-1.37400
-6.95901
-4.21207
0.84363
2.83062
-5.65177
8.69149
11.90711
7.01813
-4.31163
-0.94247
-6.14050
-6.11808
2.57982
4.41857
0.19915
-4.41921
-6.04343
-4.96042
9.61327
5.05963
-5.59455
-3.39331
-3.32918
-1.74864
-8.07250
13.65744
-2.77349
6.25791
-7.39899
-0.19520
-11.38924
1.47278
0.04202
-4.50645
1.56525
0.00674
0.01016
4.84631
0.26798
-5.70048
1.19468
-6.17135
16.75522
-3.35525
-2.55753
-7.12400
-2.26786
-4.59058
-4.69986
1.24662
3.65502
2.28792
3.61547
-10.71536
-4.79896
-5.31614
-0.27705
1.91758
5.63604
11.03845
3.81913
-1.88217
4.88617
-2.36686
-1.31786
-8.87491
5.25721
-8.84271
5.22919
1.19799
-4.25590
-6.43266
3.86644
-0.99648
6.38964
-2.97789
-1.61168
-7.66675
-2.59055
-0.07610
-3.92000
6.73584
-9.89384
0.99353
-2.64552
-7.94995
-5.75786
-1.08276
-3.53724
8.49996
-7.03918
-4.07668
-6.53258
3.15010
-10.16879
-1.74343
1.79346
-1.73154
4.15644
-9.14967
-0.72030
-11.93562
2.90546
-14.21324
3.96256
-7.25065
2.47394
7.17182
-0.63993
-7.32000
1.02418
2.48281
4.35079
5.77457
-1.28511
-4.29757
1.30056
2.85209
3.27650
-2.02818
-0.10060
0.51010
7.63457
-9.61655
-8.71846
-1.85044
2.79337
3.47314
-6.46750
-2.93879
-6.94117
-0.99724
-4.10042
6.63649
-3.35972
4.35873
2.32007
-2.79911
4.39283
10.83860
-2.44023
-8.00997
1.23202
1.40894
0.97255
-0.76770
3.15304
1.45934
3.04694
1.33665
-4.31769
4.91012
-1.76499
-2.18435
0.98443
13.99247
-0.98842
-5.67342
-3.48464
-2.36559
2.18911
5.87157
2.67888
-0.37320
3.84098
1.01353
0.75716
-7.51264
1.24546
-0.35501
-11.23832
-7.18465
-8.30288
3.45098
8.29839
4.13572
2.71612
4.89428
13.91358
7.94389
-11.10925
-4.12721
-1.63862
4.18961
-0.02768
-0.06855
-0.51871
2.64692
-5.00765
-2.43278
-5.35492
-0.59728
3.36251
8.73632
1.02650
-4.92924
-6.36067
4.41367
0.68328
4.65971
-2.30090
-1.65523
5.24127
-7.41470
5.95266
-2.15130
-2.37308
4.18465
2.29800
-1.89681
1.05423
-0.26835
-3.53851
5.55048
-2.44628
-7.60035
-1.52867
-1.66338
-2.62999
4.77021
-9.54875
0.10111
-2.72235
0.67718
0.16304
3.37468
-1.66468
-1.61766
-5.58696
-15.33876
5.17203
2.49208
10.36692
-2.60900
-0.67967
3.21668
7.65181
-20.00211
0.30823
-0.11850
8.40593
-4.30432
-1.28554
-4.23565
-4.22118
-0.99156
-6.36207
-1.23539
6.88543
0.90083
0.28495
0.71788
-5.75890
-2.71636
-1.76985
-3.95423
-0.99979
0.60989
0.68854
-7.63597
-7.74734
-6.80096
0.09830
3.78322
-0.55397
12.79057
-2.14520
-3.36398
-12.46663
10.97123
-1.86348
6.01534
-3.99678
-9.29726
-4.06034
-0.09332
-2.23288
2.99247
-4.67475
5.30268
3.82653
-14.15918
4.89882
-4.15034
0.06416
-0.51777
-2.06249
-2.12809
0.08928
9.41767
5.13678
4.61223
12.76495
-6.38425
-8.24769
-0.97674
2.24395
-1.94967
2.18487
9.12812
7.97529
5.76300
2.41867
4.42405
-5.18120
5.52137
8.07306
5.98714
-6.16811
8.63336
-1.95118
-0.61501
3.72351
-9.45699
-7.60922
6.73955
-6.09489
-3.85421
0.79083
2.86518
8.88528
-2.71852
7.01295
-7.06958
2.68412
7.06183
-1.90250
10.28042
4.65136
9.53383
-4.18563
-3.95657
4.87589
-0.43186
3.61529
-4.88841
-3.34663
0.18240
1.24071
2.36077
-7.89305
-3.85470
-4.31737
-4.25484
1.59745
-1.25550
1.58042
-10.31887
-6.99068
3.38020
0.82292
-6.85971
1.64235
-0.58723
-5.79591
-4.87320
5.59609
3.74489
17.48652
-8.67839
-3.78302
13.49449
-0.88157
-3.20144
-0.08919
-0.86971
-2.81626
1.58945
-2.66875
-2.06303
1.95628
-0.10187
-3.86478
0.73516
2.88763
9.56241
-2.31159
-7.62518
-1.84532
0.97946
-3.20909
-4.88824
6.85514
6.58206
3.19849
-2.74104
2.05709
-2.00032
3.95746
3.45573
7.40989
3.96296
1.40504
3.12458
2.41318
-9.25142
1.08067
6.67160
7.98549
7.81333
-5.32320
1.15343
-1.29868
-4.55961
-4.72884
-1.44618
3.00536
3.27926
3.77692
7.62700
3.07556
3.02897
-1.64196
-8.08842
1.95813
6.35351
3.47689
-3.03335
1.92765
0.26887
-14.79888
8.75458
7.47237
-5.03473
-6.80006
1.08737
1.41129
-0.90014
-0.36394
-10.17950
-3.02157
-8.74956
0.74010
12.57096
-3.69871
4.86564
-6.63817
-1.93443
5.26508
-9.37129
1.34379
10.42524
5.96059
4.65770
-5.12873
0.93008
-0.65355
-5.36128
2.46260
-4.11220
4.26613
-7.58919
-0.35823
13.82924
0.65049
1.09062
1.34025
-0.35693
-9.39420
3.88801
3.03798
-8.01086
-2.46171
2.76216
-6.04962
2.17003
-0.73801
-0.02681
7.74611
3.83382
5.66092
2.94163
3.82284
7.46251
8.66993
3.98119
1.36437
3.17793
1.20298
3.50788
4.93035
5.75985
-4.64927
8.79259
-7.38884
5.70606
1.73649
2.52366
-0.25830
2.14255
7.92901
3.62207
-10.86207
1.39918
8.09558
1.75902
-0.71950
-6.14033
-7.07287
3.43725
1.99474
5.95931
-1.87774
4.14685
2.38482
5.09244
-3.45061
3.89904
3.84923
4.02308
-3.01154
-7.38947
-1.04296
9.47102
0.44213
0.21815
-1.38789
0.47496
-0.62877
3.28819
-0.07338
-10.26055
-4.08372
5.17833
3.96543
-5.53398
-1.53914
-2.22936
7.18973
-4.90542
-0.59694
5.31903
1.74990
-1.19778
-0.80084
-8.77993
1.63871
2.63955
1.61748
-6.19626
3.23373
0.08518
8.14312
5.55433
0.19498
2.53090
2.30135
6.97422
1.52372
0.76172
-3.36653
-6.32153
4.27315
2.47427
-0.87505
0.03354
-3.98679
-11.21113
-5.37543
-4.88612
7.89037
2.31864
5.16688
-2.43164
6.14379
5.97688
-5.34219
3.81737
6.64898
-3.45878
-1.60034
0.92163
-1.16231
-0.18386
5.80273
3.55203
-5.94910
0.09365
1.10237
7.71703
-0.10462
-7.35149
-5.26785
7.95551
4.11320
-5.97868
1.48241
5.07271
8.21209
1.74462
-3.82383
-1.46784
3.56371
2.64266
-1.75046
-4.17637
5.76399
1.38627
-3.52162
1.16297
6.39533
-3.58771
-3.40555
-7.55505
4.91260
1.89174
-6.34325
0.72552
-6.21431
-1.61493
-0.04489
-13.14390
-7.67624
-5.29052
-2.11884
-1.85671
-3.74818
-1.96831
0.30382
6.06727
-2.74671
2.34500
-6.46879
9.89605
0.78907
1.01101
-3.16378
-3.47406
2.81284
-3.05118
-2.51759
5.20344
-4.50705
-2.90138
5.62221
4.66663
3.39979
4.38568
-6.15696
-1.55138
6.32424
8.01188
12.28691
-11.95312
3.00275
5.07412
0.43858
-2.47186
3.97857
5.08402
-2.27712
-0.23289
3.02468
-11.40522
-4.82457
-0.92981
0.51013
1.54097
1.34641
-7.72836
10.10043
-0.06034
-3.41209
-5.80183
1.27221
12.55321
3.19493
4.41294
9.36434
4.50418
0.40043
-2.07092
-0.10227
-1.63863
-0.08558
-13.98128
6.84757
-0.91369
7.30525
2.67725
-2.68737
1.81514
-7.69242
-4.59129
2.16074
-0.68833
-15.53607
4.89803
-7.28542
-1.62243
1.84181
1.76169
-3.26749
-2.92490
-0.02751
0.29561
1.29132
1.04401
3.64592
-0.43943
-5.24807
-7.53671
-10.61315
-1.54964
-4.64467
-6.80554
-7.03442
-2.94490
4.23674
6.44618
1.17096
3.05996
2.00290
-0.00154
2.05109
-6.78653
-2.73071
-1.03398
-4.37808
0.83524
12.61855
5.52385
-0.42749
2.95880
-2.25245
-3.85598
-0.33378
2.22349
-5.30521
1.61281
-3.85628
4.03719
-6.97760
4.01715
4.31822
0.98156
10.18694
-0.52570
-2.47114
-1.73858
-4.75099
-0.23388
-2.39295
4.97883
-11.24027
5.01637
4.22946
3.50944
-1.88886
11.76088
-1.97890
1.66535
-7.64814
5.06433
-2.44906
3.72322
0.34947
2.56653
5.77113
-0.17471
2.75386
-1.87153
8.62216
4.89094
-4.79864
-3.18421
2.33433
3.37003
1.80140
-1.77449
0.78825
1.84236
5.41006
-5.33166
6.92933
2.04026
-0.13568
-6.65224
4.33402
-4.85904
-1.91952
-1.30746
1.22907
0.50775
2.41786
-2.15120
1.02574
-0.96877
1.37761
1.24358
-0.39680
-3.25087
4.97488
-4.10324
-2.79081
-1.16360
10.10684
-2.91479
5.12872
-1.58193
4.47856
8.99804
0.64058
0.86488
8.02184
7.71934
2.37107
5.21292
2.00415
4.82258
-4.34103
12.19774
-3.57456
-2.49125
0.89767
-4.16566
-1.76931
-3.51591
-4.98307
4.26531
3.17596
-5.56367
-4.93651
1.20117
5.59676
-1.49476
-10.18682
-2.15766
-9.55452
3.06744
-9.26267
13.67021
-1.31425
-0.00486
2.33839
4.51526
-5.99549
-1.83449
-3.47046
3.68782
-9.76341
3.72687
1.22381
2.54448
2.14131
12.56496
9.11707
2.44953
8.26960
2.85437
-6.99763
-0.48341
1.25863
3.63503
9.87024
0.08836
9.76601
-2.90845
2.58956
-2.71491
-2.68457
9.40170
-6.10959
-2.36891
6.13838
5.20391
2.52337
-1.09539
1.39067
6.57082
8.83616
-2.07072
1.39153
-2.03960
4.37350
8.43979
0.07048
-0.97872
4.02611
2.05555
-1.67955
-1.46214
5.01007
-1.95856
2.55536
3.66675
-5.69276
-6.88323
1.97554
0.23772
2.30797
0.23317
2.59605
-3.65028
-7.35581
-5.30114
3.39437
0.66628
-2.79007
2.03143
-2.42303
-1.26706
5.00191
-7.35797
-7.10630
6.24227
1.52357
-6.47332
1.97612
0.94667
0.83364
0.53795
-3.75688
5.75688
7.52953
0.94665
5.38473
-3.27936
-7.82841
-3.41521
-12.06826
0.81012
5.18215
-10.26364
2.33089
-0.36250
-1.21080
-3.14937
0.58301
-3.15668
-3.95516
7.48014
-5.80400
9.40238
-7.02814
-2.69859
-8.65351
-9.00769
-4.08596
-1.66624
4.49631
2.68699
2.63334
-4.80386
-2.55331
-8.86359
1.86571
-3.23135
-9.00174
-1.29331
-3.59758
-0.08531
-6.42855
5.53313
2.76408
-6.20394
1.80540
0.15199
-6.32758
-4.05983
3.27348
6.47969
-4.22387
-2.60369
-5.81270
5.63243
8.77757
-8.10709
4.30026
4.88191
8.24943
-0.53231
4.22260
-0.65196
-4.85809
0.63329
0.10039
4.35400
-8.48078
-5.20163
-4.17533
4.77422
-1.54808
-4.32057
1.28584
-2.07790
-7.28195
-0.90220
1.45454
-3.79628
-3.52166
0.78946
1.93734
7.05752
3.22745
2.81766
1.12582
-7.85297
-2.48559
-8.56473
-4.30983
-5.61967
-0.12825
3.79947
0.28207
-3.57543
-0.70880
9.77144
-5.43632
-0.02107
-5.25595
4.28811
0.05716
2.15648
-6.32818
3.01074
-9.33921
3.37725
4.81179
-0.91947
-2.63852
-0.12971
9.18696
-0.63609
-0.11329
-6.15985
-0.36500
-6.84676
-3.85110
1.52131
1.21926
4.37911
4.11093
-2.81155
1.53286
7.10080
-0.50842
-1.37552
-3.62504
0.75574
1.29795
-2.97642
-4.76029
3.47691
0.92209
1.67170
-0.38668
2.23839
4.21462
2.90576
-4.82139
-0.68879
-6.55682
-1.49555
0.30068
-0.23401
-13.41599
-3.02009
2.39870
-0.01389
14.54471
0.04874
3.67080
-3.50096
0.60851
-3.76647
-0.42814
6.71066
-1.61963
11.25746
8.72603
-4.50998
-4.39999
-6.70144
-0.45016
2.38800
-1.66953
-9.93795
-8.10285
1.03348
3.97387
-0.10724
-4.86257
2.47295
-4.50658
-6.63655
11.48626
7.28449
13.85318
6.25002
1.54235
3.02910
5.92555
-0.37692
-1.24162
2.99706
-0.08264
-3.64168
-0.63805
-5.08963
0.22827
-3.44746
-0.22392
0.62044
3.89382
2.42817
6.81229
-1.09423
1.68278
-3.12734
5.95519
5.59835
0.24879
7.06408
-2.69474
-8.21894
0.70890
0.04337
0.89319
6.88577
-0.42725
-6.52598
-2.39354
-2.96419
-6.61782
-2.66894
6.54102
-0.86106
-7.18218
2.41152
6.99638
-6.29882
-2.17879
0.62949
0.86409
6.99727
-1.91828
-1.19295
4.44214
-3.81754
-5.65279
-6.01848
1.89209
-5.43243
3.16313
5.03038
1.04572
-6.48094
-1.78658
-11.26934
-0.40568
4.09560
-5.91428
-0.26386
10.49743
5.45018
3.77321
1.15539
0.18163
5.11290
1.38051
-7.75171
1.55857
7.52685
2.19417
4.67348
1.16516
8.37453
-1.29578
2.23643
4.24493
9.87733
-11.17580
-0.83510
-10.06861
6.84792
6.48555
0.37783
5.83387
-1.23249
7.15665
5.32672
-7.77808
8.60479
3.85243
-1.25561
4.21225
-9.81422
-0.10813
8.02852
6.28742
-5.35570
3.34619
-4.81031
-0.32460
3.84216
6.71016
-2.98236
-1.67193
-1.99012
-0.26731
3.27275
6.15278
7.70468
2.91372
-6.46290
2.32962
-4.09150
3.67572
-2.69837
-4.26164
10.62930
3.63593
-2.53092
-1.26999
3.27324
1.26550
-1.81580
1.89652
2.82667
-4.31516
0.84652
-0.75096
-1.72179
4.99964
-0.84264
1.95238
2.74522
3.02212
8.24314
-2.04208
-0.29558
3.68373
-3.32929
-9.30443
4.16040
0.17490
0.73041
-11.19968
11.28383
-6.30504
-4.17353
-12.54545
-1.81670
9.31874
3.79624
-1.13463
4.84021
4.42999
2.95111
-4.06389
5.95923
3.80432
-7.40399
-2.09062
9.15017
-1.53142
-2.88784
-5.66121
-2.17303
1.14535
-1.52980
-2.35931
-0.11762
2.80352
-3.80456
2.31586
5.16936
-5.11547
1.70687
2.13977
-3.38478
-9.90176
-9.44688
0.16108
-3.11352
-0.87948
5.23648
-0.31994
1.23273
-3.90446
-4.81521
-0.72227
-0.79964
2.67068
6.88571
-2.94822
-1.04071
-1.01362
2.33385
0.68737
2.64020
-2.84547
6.18650
7.87860
5.37513
-6.19809
-0.54702
1.79764
1.79595
-2.78387
1.88433
6.19606
6.99190
-3.61885
4.27364
-1.43564
-6.43840
8.08877
0.77965
-0.79483
-4.62345
2.92795
-1.80267
7.13789
-1.80836
-4.77626
3.55381
-7.91848
7.72458
-6.02705
-0.72759
-1.29591
5.93743
6.22071
-2.60224
1.12683
-2.21042
2.60987
6.60914
-1.78011
1.89145
3.01159
0.49471
1.41512
0.13265
-5.35103
-4.10714
0.86101
-5.12306
-0.24630
-1.61387
-3.72434
6.06285
0.44439
-4.46339
-4.11742
7.90312
0.13383
-0.71813
4.17467
-4.12035
1.63354
-0.72887
4.74174
5.78122
3.15216
-4.97706
0.39363
4.85089
5.29334
1.69434
-4.92429
-2.66116
2.49221
1.48658
0.99193
-5.68606
-1.21579
11.70445
0.21945
-2.14836
0.11673
-11.18594
-7.56913
5.03359
-10.68435
0.43331
0.62828
3.40538
-7.01226
-7.76414
-2.25435
3.80968
12.12168
-1.25835
-2.87409
-7.77764
10.91241
-4.86314
0.27659
-1.07902
-2.14987
-5.97451
-3.89567
-4.00307
0.38394
-8.33475
-4.83825
5.94712
-2.90214
5.21767
-3.19787
2.07720
-3.97283
-2.22685
-6.46011
2.29509
-2.15190
4.90800
2.30453
-1.20667
8.15434
7.60356
-4.15145
-2.36021
2.48524
-6.05117
5.93848
-9.77467
4.97288
3.43076
2.70051
-10.12571
-2.49915
-0.09996
-2.49950
5.61356
9.91572
-2.85131
-0.65984
-0.05219
-0.45818
-2.14160
1.03615
-3.51783
-2.26504
9.79739
3.78439
-5.57889
-1.43568
-0.32279
-1.86080
3.62280
-0.69744
2.57476
3.82898
2.72976
9.44595
-4.17158
1.34526
-2.14474
2.89707
1.57395
-6.79003
-1.25395
-6.52437
-0.61512
1.56771
-1.54987
-6.89436
-2.42732
6.93867
-8.14067
-6.91356
-3.05280
-8.53145
1.25384
8.20510
0.60356
8.37192
-0.56764
2.47607
-1.84247
0.43835
-5.00326
6.29543
-0.06263
-1.82446
3.11607
1.50162
-7.49938
-0.34449
-1.15449
12.67837
-3.77530
6.71603
8.00100
3.90435
-1.90211
1.88805
-9.84874
8.16341
-0.41120
5.77225
3.91031
2.12161
1.12223
-2.70821
2.24906
2.55449
0.73836
-3.05507
-4.77228
3.35844
-7.23000
-3.71112
-6.88035
1.66315
-1.87457
5.85914
10.24891
4.60960
-7.02824
0.18337
-0.59019
6.02680
4.43188
3.56717
-7.22585
3.13874
1.78753
-10.53326
1.88303
5.21299
2.03542
1.36471
6.36260
7.46885
4.56892
0.93762
12.11721
-1.93274
-2.93618
-6.33185
3.92347
-4.28734
-4.36235
8.43373
1.38722
5.83328
9.75843
-0.14154
0.25930
0.99342
4.65820
1.08905
4.99734
0.55456
6.11002
6.64738
-4.53364
-0.57662
2.12786
-1.51508
1.31091
6.58573
0.82177
0.21584
-5.77166
3.73771
6.33496
5.68534
4.07628
-8.57563
6.04243
-7.17610
-2.39843
-1.27185
-2.93733
-6.34398
-4.19725
-3.56369
3.54518
-2.49422
-1.35935
3.42068
5.85133
-1.52267
-2.73188
-7.96741
4.66590
0.53099
-1.33184
-16.73008
-6.92884
-1.40970
3.94171
-13.36379
3.69699
0.08475
-9.25450
-4.82436
7.04763
11.49229
-6.38685
-5.67036
-10.66848
-7.76678
-5.07377
-7.04828
7.63155
-3.18331
-0.58990
12.26314
-0.79092
0.92354
-17.01277
-3.61030
-1.83726
-3.94535
0.79336
-5.96529
-0.06600
-4.50136
4.06346
-5.93312
-5.98570
-3.19885
1.60632
2.22194
-8.62852
2.51742
11.71054
0.65148
4.89798
-6.00428
-1.37946
-4.71304
2.78774
-0.90311
-0.62442
5.76055
7.31096
-3.12499
1.48784
6.98936
0.10875
-0.20042
-2.89333
2.51670
-0.16754
4.04666
2.30478
1.53711
-9.58330
3.99271
1.57213
1.27187
0.91046
-7.86265
2.73336
-0.17530
-0.61649
-4.64180
-0.70197
-1.92619
1.57303
-14.00679
-1.64882
-3.54605
-0.49855
-2.63223
-4.54705
-0.77359
-3.19744
4.89179
3.89639
0.10012
1.73805
3.23846
2.09218
10.05754
-7.77360
-3.99847
-4.35390
1.15117
-1.47692
0.12176
-9.04801
0.20200
4.01037
4.39251
1.84111
4.01493
-10.81777
-4.12593
0.75696
-3.98055
-4.26711
0.05795
-6.33396
3.32434
2.85590
5.68573
-3.59793
3.10058
6.04834
15.97948
-3.13920
10.72050
-1.25161
5.22107
-1.31472
5.03502
2.65722
-4.81664
6.73800
-0.41520
0.51236
-4.47280
0.72421
-6.63002
5.38459
1.37851
-0.98381
-2.82442
7.12076
-8.06906
-3.62290
-3.12200
2.13394
-2.44257
-1.74599
-3.28180
7.36667
-0.35717
-7.01617
6.74111
4.12048
2.01806
0.79032
3.66248
11.44062
8.28017
5.14840
3.82790
0.02872
-0.34147
0.72274
-5.44420
-3.38221
3.41400
9.68508
2.20263
-0.43024
5.59587
1.72015
4.89024
-7.18267
-4.82716
1.94921
2.69216
-0.05559
0.17353
4.66260
1.74008
-0.20562
7.53287
1.64013
4.63796
-1.70017
3.74617
7.31672
-1.73236
-2.81379
8.35429
-9.68851
-1.08162
3.30841
-5.50577
1.16668
-4.19019
-1.35416
0.82979
2.00935
-1.69770
-2.35234
-5.58970
4.61877
-3.20650
4.18900
2.32119
6.58458
0.24360
-5.14687
2.98630
3.33627
12.57739
-13.82746
-2.48752
7.36659
-4.65729
-2.09873
5.77824
1.51977
2.26914
-6.91235
7.82656
-0.45734
8.36183
3.32189
2.33956
3.60409
4.88582
-3.48235
-1.44208
12.18923
-7.90208
1.96064
1.34807
-3.31325
0.53518
-3.63577
-2.97506
8.50886
-6.35513
7.78065
-4.62211
2.34603
13.54529
4.15173
1.93278
10.74300
6.83579
1.97633
0.26709
8.11968
10.88138
-3.21318
2.49203
6.01944
5.03100
0.75044
-0.90598
5.62273
-2.17779
0.09291
-2.02680
-4.65476
5.43046
1.40088
-9.41098
1.73956
-14.17508
-11.93922
-3.04006
0.94196
6.87609
5.40512
-3.71937
0.29683
-3.59719
0.77853
1.75368
-1.66556
6.48159
3.51953
-0.47879
1.71076
2.51218
3.05164
5.06079
-0.20745
-2.25489
-4.28352
3.54365
4.52142
2.45262
-11.63147
-1.73951
-0.84231
-2.78079
0.79941
1.94673
-0.21676
0.52193
0.21108
0.16868
5.18462
-3.18979
-1.89994
-1.54708
4.10174
7.03679
-1.75101
-2.10794
2.94493
-1.48220
-3.50179
1.47060
-7.65256
3.61217
5.90119
-1.66936
-1.64005
-5.01373
-3.75816
5.04337
-6.47140
1.78778
-7.56954
5.03146
-4.56356
-1.90056
5.12125
4.29129
-3.01710
-0.65067
-2.06233
1.12980
7.87651
-2.97834
7.76111
7.58932
3.23670
1.38391
7.14160
3.51989
-5.57177
-3.79713
-2.00341
-8.46547
-4.03583
-4.90742
-10.05748
3.81014
-0.09609
-0.07758
-1.44541
-0.28910
11.47758
-6.66605
-2.16694
7.49915
2.07459
3.64698
3.69405
-2.20021
-10.45398
1.89623
1.76009
3.84996
-5.97689
2.87026
1.93129
-0.14764
-3.96386
4.83020
-3.74903
3.02616
2.01484
-2.70858
-0.54209
1.17893
-7.41046
9.96646
-5.88831
2.29196
-2.89872
1.13193
4.93982
-0.22483
4.63813
2.48327
11.35671
-3.67469
0.63863
-6.21799
0.45724
3.30282
4.23465
9.68583
5.83673
-0.65170
-4.92732
11.02486
3.76107
3.40639
-1.53147
-7.09678
3.64293
3.58818
-0.50624
0.32295
-5.22050
-2.12995
10.12746
2.45538
-1.32997
2.57004
-0.34047
6.89272
4.71144
4.00717
-2.64489
5.37947
-4.66586
-4.13052
0.44171
-1.20410
-8.89857
0.55078
6.99586
-0.68757
1.78513
-8.80860
-5.04185
-5.93682
-11.35831
-1.15874
-7.14921
0.86844
8.30473
0.87130
7.39406
5.98177
4.39772
8.37341
-2.35339
-1.15780
-0.42160
-1.51673
-6.48713
-3.09404
-2.64024
-5.59802
2.80027
0.10680
-7.98619
-9.70523
-11.61283
-4.13258
3.17368
-8.02741
4.69244
-1.00396
5.94260
2.71181
4.33363
-2.28681
1.88163
-3.47875
6.33288
2.47750
-2.56952
-2.78942
-3.59827
1.53119
-1.15404
-2.35077
4.28269
-3.83137
7.76955
-8.85992
1.57890
8.71988
2.24290
-1.46918
-0.99326
-0.08057
9.79771
-0.76900
-5.05464
-6.02783
-0.61692
-5.32169
-5.28642
-9.33376
-3.52883
-1.67961
-4.95969
1.83162
7.35934
-6.54812
-5.25082
0.19847
4.63324
-0.82522
-7.49350
0.26903
-5.58006
-1.96520
0.08595
3.77845
-2.74571
6.38781
4.35447
5.15612
-5.47658
7.12373
-7.24819
-7.15679
-2.00232
0.72025
-7.66594
-6.18459
-7.83874
-0.20805
13.56944
9.66105
5.42451
8.04576
-0.57990
-6.52625
-6.51145
11.91290
-2.96243
-9.47317
-0.69039
3.70670
5.10903
-0.15092
-6.63985
-0.99324
-0.27798
0.68333
4.33331
-6.75677
3.76494
-5.90577
-3.11905
0.42074
-2.83362
7.30659
-5.61862
-1.61717
3.72387
3.03615
-0.78690
2.02949
2.20247
1.47967
-3.30534
-6.80407
-0.36068
-5.82258
-2.38024
2.53472
1.43816
-5.78207
4.64800
-1.11055
-11.38833
2.26136
-3.70478
5.13370
0.14505
1.16174
8.92422
9.14608
9.49556
-7.86182
-3.13819
-0.02899
-3.01168
-4.92235
4.77839
-2.90276
7.64023
-1.49824
1.20845
0.02145
-3.46048
3.27897
-2.41117
-0.83489
1.98576
-0.56197
-5.31706
1.36831
-6.72166
-6.23064
-3.33763
-3.50587
3.71262
6.84517
3.67896
6.38129
2.23109
1.41987
0.78570
2.07707
1.90018
-9.28778
5.18486
-0.66725
-1.86261
-0.37300
1.69547
8.75474
-2.75762
-6.77397
-4.40674
0.95619
1.14482
-3.15846
0.18000
9.90272
-10.47710
-2.49611
-3.60452
2.63179
5.93326
2.55605
2.86718
1.58196
4.77312
8.74959
1.72068
0.95759
-1.96619
-8.24555
2.37117
-0.43447
-1.39284
6.24756
-4.21293
1.84386
-0.23795
9.03460
-1.60340
-1.79581
4.78267
8.11314
1.63911
5.91101
-1.84877
-1.33219
-0.95825
1.67181
0.03437
1.13641
0.21849
9.04956
-5.80679
-6.89261
-0.05475
-1.29142
10.00913
-6.11512
3.75518
0.84675
7.29035
2.45523
-5.04121
-4.00348
-4.55323
12.28252
0.44372
-1.93408
-1.14480
-3.38770
0.09782
4.32341
10.07729
-2.54022
-0.26668
-3.38010
4.26718
-6.60151
-4.46052
-2.34766
2.57938
-1.03835
-3.38390
-6.48010
-8.47672
5.99892
-1.11899
-5.00952
-1.68123
0.11699
-6.45576
-2.28640
-3.21908
-4.03010
-2.52759
0.21902
1.28873
-3.40348
-4.80487
7.86861
-8.66101
-6.74753
2.90635
-2.23777
-0.91397
6.40393
0.87579
3.58720
-1.94522
4.46330
4.07075
-6.01142
-5.23373
2.52499
5.14546
3.73251
5.57317
-1.13630
3.34768
-1.37904
1.46323
9.37946
-3.09746
1.00071
-6.94614
0.88327
9.19531
-3.05551
-3.52577
-9.63655
10.88553
0.65050
-3.02171
-8.42604
0.97003
1.20191
-3.04154
3.32113
1.19993
-8.74858
-3.65888
2.96420
-4.46430
-1.01460
-4.47967
5.58224
-10.70083
0.15000
-0.80498
-4.24335
-4.06434
2.41877
-5.51445
1.02714
1.39001
4.33597
-0.99635
4.13895
-8.21539
-4.68832
3.86665
-5.87726
-3.35728
1.10740
-3.29182
-2.88362
1.20198
4.04036
-0.84283
-6.81795
-4.87647
-9.02666
0.46399
2.31687
1.65421
0.05175
3.89994
4.30214
-3.44591
-8.28099
5.13952
-2.91427
3.17028
2.37735
-2.60603
0.65895
-0.84105
7.98558
-0.79392
-1.95656
-3.10972
7.62153
3.10804
-6.18161
-1.16471
2.19849
-4.21400
-10.87315
-9.91516
-3.22461
2.50655
6.62570
-0.80343
-5.78910
-3.36716
-3.83834
0.73353
-5.18964
0.44646
-5.41180
1.27586
8.85215
14.45310
-5.08814
-8.09479
1.50992
-1.61276
-12.02945
-4.32571
10.08844
0.20433
5.25078
-1.66729
0.37506
-1.82171
-0.86087
-4.00535
-1.80372
7.69586
-5.84304
-3.45681
-4.44575
-4.16119
2.18361
-1.37205
-5.44481
1.75666
-5.73755
-3.26855
-2.02103
2.30319
0.06402
1.69091
8.91573
0.99173
-3.48878
-4.91265
6.99532
-12.42636
-3.25920
0.80594
2.86575
3.64895
-0.78887
-5.47913
-9.70541
9.49261
5.70483
-3.40046
0.53380
1.70202
2.54430
-4.76586
7.69785
1.71794
-0.70311
-4.82391
2.13833
5.76945
9.72136
0.28709
3.63746
0.08659
-1.96403
11.12235
6.45647
-0.70877
0.33442
-0.42263
-3.35000
-2.11615
-9.27557
1.36531
0.99872
-6.78993
-6.75221
-3.67739
-0.95394
3.63642
-1.87250
1.17322
5.23649
3.65028
-0.13848
4.27467
-0.62358
4.38936
3.43602
-11.59970
3.07093
6.52976
-0.77997
1.01426
-2.32833
3.17681
-1.97728
2.76224
-0.15573
-8.72401
-3.60783
2.50881
-5.69076
0.75679
-8.61504
1.18123
-7.53990
-6.42124
-3.74750
-0.01569
-7.18520
-0.28233
7.68820
-3.92889
-8.29783
4.91117
-2.63911
-2.39892
-4.29187
9.27081
0.34765
7.27931
0.71344
5.97278
7.80191
-0.46396
-8.61676
-5.27084
6.36442
2.82378
9.11158
-4.54135
-2.98004
-7.27619
3.92393
-1.07268
7.18670
-3.79965
0.71745
3.77157
-1.77166
9.40216
4.73264
1.84738
7.33319
-2.61187
-0.94715
1.36418
-1.48258
1.33661
-7.94848
-3.24985
-5.57869
-5.95611
3.13488
-0.24436
4.18770
-2.53166
0.20653
0.32710
-2.13284
-0.11237
8.53049
3.20916
0.40136
7.91475
-0.74437
-3.34647
10.07114
7.09385
-4.26738
-2.25670
-0.93004
-12.89357
-4.11654
1.50210
-0.78940
2.54641
1.70734
-4.49974
8.91616
0.44068
3.56618
3.39336
4.87729
-10.11492
-8.38571
2.07566
-6.70376
-2.16383
2.25434
1.24181
2.19511
-2.86439
1.99933
4.62543
-0.51752
-4.14875
0.58906
-0.13622
-2.40622
0.13620
2.61049
-1.20739
1.93210
7.07654
7.57394
-2.84801
4.02011
0.52065
1.00742
-4.25700
0.24750
-2.49154
3.93638
-4.02791
-4.00752
-12.13792
-0.31546
0.64824
-10.18909
-6.77993
6.63701
-12.31642
4.90439
0.50087
3.49014
6.12895
0.38036
5.01003
-0.19733
3.40005
-1.68849
9.24675
8.05346
-0.37118
-0.30726
-1.23227
-2.53768
2.52437
4.15278
4.11487
5.99855
-7.69909
4.47580
-3.54951
-0.41539
3.20446
13.70995
0.95285
-0.82163
3.74210
7.42397
-3.62086
0.35504
3.14239
7.64604
3.11426
3.66553
-0.50016
4.54095
-2.48686
-1.46190
-6.02608
-4.38085
-1.28537
-3.41424
-11.06397
6.89118
-3.90874
1.83673
0.18359
5.69908
6.39456
6.39928
1.24099
0.72233
3.08269
0.63393
0.23229
0.61416
-6.75763
-0.47429
-2.91189
3.75193
6.05215
4.54923
-7.31504
2.74484
-5.57677
-0.01252
7.39597
9.51494
-1.73826
-0.76568
1.51076
5.67587
3.49530
-3.22267
-0.80038
8.49582
0.37061
0.68251
5.04488
6.58255
2.18620
-1.82796
3.55735
2.14260
-8.80282
3.90903
0.28350
-5.78557
-1.17811
-1.27307
-1.37021
3.97448
9.71309
1.82194
2.63509
-5.35249
3.95149
8.22721
3.84383
-5.10625
0.53917
9.15381
1.39873
-1.18134
6.56338
-4.96486
5.05017
-2.05780
-5.38582
-3.15350
2.72390
-0.36044
-3.90894
2.98869
0.34213
0.63937
3.05467
2.70029
-5.76158
2.25727
-1.67771
-5.27228
2.55606
-3.37566
-8.49901
-3.75660
0.85454
-0.82320
-6.65573
6.90749
4.33482
-2.54403
3.07078
-5.63934
0.88120
3.05935
-1.51447
-9.80273
-0.85918
-5.49702
-1.81397
-0.73941
-3.44074
0.28361
2.10809
3.99357
2.71759
1.11167
1.99569
-4.36231
1.04496
-0.83244
8.53628
-1.85251
4.09884
3.83909
-5.80243
1.98154
5.41367
1.92625
-3.44443
-5.43543
2.81467
5.81146
-1.99935
2.84586
11.85897
0.68485
-4.25089
6.72503
1.91844
-2.70245
-4.97928
0.75779
11.62462
-3.48757
2.31350
-8.31135
-11.60271
5.64138
-7.67555
6.67357
-7.07337
9.05997
-2.07566
-5.70252
4.54007
3.46541
0.79066
-2.88118
0.80821
-2.89505
4.08187
2.62297
-0.49820
4.70039
-6.95898
-6.85733
-2.58487
2.56758
-1.66963
-5.04559
2.90786
4.64828
7.54814
-9.81586
-2.33684
-0.72465
-6.11600
-6.53480
-9.14297
5.26504
4.23903
2.76220
-2.66699
-5.14058
-4.47183
-1.01767
0.70311
4.09633
2.46467
0.86436
6.78412
-4.55459
3.13838
3.53423
-0.38024
-1.16407
-9.92010
-4.00997
-4.24613
-3.80259
-4.70159
4.25035
4.31611
-2.81886
-2.23130
3.95047
-4.53831
-11.07819
4.10198
-8.09137
-3.17881
-2.58150
-3.57049
-3.05757
-2.01639
-3.87268
4.29070
-3.69572
-2.61171
-0.38935
2.80738
-4.08847
7.31847
-6.61359
-0.02317
-0.64044
5.12441
-3.73915
-0.37143
-6.44033
2.19046
-1.83516
0.10384
3.04879
6.56707
-11.58950
-7.59658
-2.82186
3.24059
4.07092
12.41989
2.80939
11.95130
-3.81930
1.29380
-0.55782
6.63077
9.88168
-2.11473
2.69877
-0.84129
0.52994
2.65053
0.63924
0.11481
-11.47567
2.50984
4.66421
1.33178
7.06907
4.09117
3.89203
-3.07801
0.43864
-6.08618
3.96406
-4.53261
6.54391
5.48287
1.92465
3.92195
0.68203
-10.57211
-3.96714
7.15453
-9.71367
-6.10577
2.05121
6.92508
2.07216
-11.60664
-0.35736
-2.99351
-4.78130
2.05200
-0.82061
4.01871
2.50576
1.65133
1.48843
1.83857
-0.92959
-1.16770
3.71823
1.89637
3.22456
3.93148
0.57277
-0.18733
3.40649
-0.38839
-0.72109
-8.29857
10.14210
-2.08937
0.41716
-9.11223
1.31905
0.21883
1.26764
-0.43903
-0.85518
-4.17102
0.66107
-8.36166
1.00868
-6.62070
-1.86739
2.92758
-4.09073
-0.78091
0.65138
-6.36046
-2.66051
-2.39309
-1.76088
4.34991
1.35817
-2.54222
-2.73481
0.19400
-2.04064
4.04719
3.21384
-1.63127
5.14111
-8.26133
-8.95228
-7.00710
0.67290
-1.09130
2.06644
2.26886
-6.07682
1.02617
-1.88331
-2.94506
-2.28077
-7.43131
-3.60387
6.35178
9.09335
6.54579
-5.45056
0.21255
1.12127
1.65866
-3.83518
-0.57289
-0.89224
-4.90113
-7.73069
-5.22613
0.87843
2.93475
10.00167
2.83521
10.62736
-4.84351
-2.95693
-4.19286
-7.51325
-0.64014
-2.43779
-5.62921
-0.38593
-5.19866
-3.59654
-12.29633
3.79374
4.39111
3.31858
-1.76648
-1.44632
-1.43774
-9.61456
10.23288
5.33454
0.15549
-5.33121
-1.19558
-2.71909
-1.87151
7.96427
-1.72228
0.71056
-0.18817
-5.52296
1.59833
2.57148
-0.09716
-5.40927
-9.35306
2.22565
1.47922
-1.19101
0.78641
4.79162
-2.15155
1.79040
-1.06561
-10.82217
-0.99591
6.92619
6.07850
3.24649
4.49130
4.17831
6.06573
3.52714
-0.44364
4.50475
-4.18001
-13.15513
-0.84253
-5.32791
1.09343
5.79194
-10.51592
8.63093
-0.80767
2.31274
8.18640
-8.69652
7.26302
-3.92587
-4.40883
-0.80160
-6.75945
6.28470
-0.31041
-7.00645
-0.49348
0.63232
-1.38429
1.74876
7.27342
-0.49615
6.86357
0.74384
2.81952
6.99102
3.46331
1.43581
6.94158
10.83895
2.07592
0.52614
-0.39544
2.10172
7.47818
1.78483
3.52874
-4.18457
4.44262
8.81994
-1.64651
-2.04519
-2.59571
3.81743
7.96127
3.71336
-4.17209
-7.43567
11.47327
3.69789
-4.82251
-1.28786
0.75987
0.55410
-0.83007
-3.43225
-1.68387
-1.66591
-1.79057
-5.32000
2.12817
4.71456
-0.88645
-1.66633
-8.84747
1.08598
7.56660
-2.33480
-2.59525
-3.19007
0.82838
-4.40881
-0.73485
-1.78847
-8.26161
-5.31354
-0.18198
-1.18276
0.35954
3.89036
-3.09724
3.90896
-4.49210
6.19395
2.68385
-1.68230
-2.18947
-1.45128
10.34846
-5.78581
-3.80283
3.00845
0.83300
-2.96748
5.43342
-5.98108
2.72018
5.62944
-9.78013
-4.93258
-0.45193
4.49512
-5.86418
7.32139
5.77003
-2.62657
-9.47960
3.64135
-2.43544
-1.04739
3.39161
-0.13782
1.68885
2.10996
5.54057
-1.14268
5.84429
1.91035
7.04167
-10.61562
2.55051
-3.10854
3.33601
1.88537
6.04146
-6.62452
4.63891
-0.17230
-16.89285
1.69546
-11.74670
3.99607
-5.25186
0.53242
-1.10929
-5.18690
-0.05381
5.11008
6.74948
-6.91035
-7.28523
3.09621
5.08212
9.60865
-0.95458
4.06352
5.62262
12.83618
0.77084
-3.00932
-2.31593
-5.44128
3.65816
-4.21980
3.68419
0.73913
1.70462
0.23402
-3.80291
0.00855
4.86486
-5.13624
-4.03680
-3.23636
-0.52221
-8.73927
-5.61143
-1.61593
7.62221
-2.42460
9.97623
4.31759
-1.45778
1.65451
3.42689
-3.50902
-4.65100
-3.56134
-5.03527
11.19093
-0.05100
-2.42220
-8.48397
5.73169
8.84748
-4.79569
-1.32194
2.08838
-6.79655
-0.09174
-1.70203
3.67972
-2.68390
4.15924
2.72393
-4.28411
5.24443
6.64861
4.51819
-4.87131
-3.72289
9.51276
-5.71961
-8.97917
4.54839
4.67389
4.25004
2.23686
7.72464
-4.39369
-4.16727
7.94822
-4.95213
1.09477
6.76130
-0.61668
-6.92303
-4.97969
0.10936
8.21082
-6.10995
0.68772
-0.77762
-4.62550
4.95823
0.21357
5.88354
4.65316
6.14726
7.50649
-5.01838
-6.43250
3.09619
0.73435
5.54064
0.99534
-0.02457
8.34172
3.49978
3.63931
-4.75532
6.09594
1.28856
1.57023
14.87980
0.60216
8.11555
0.11623
8.22467
-6.15111
3.13712
2.62033
-10.58635
-9.32210
-5.34579
-10.54985
-3.41024
4.88227
5.04721
-8.50797
-2.53951
8.42020
7.99563
3.88520
-1.62593
-5.65847
6.79223
4.09999
10.73431
1.96488
-0.78811
3.20596
6.88547
1.31600
1.78450
6.53357
1.30789
1.58846
7.28381
-4.32289
9.68327
0.30893
3.62728
-9.26123
-2.96775
-2.49588
2.08035
9.88492
-1.00540
2.14071
3.29258
2.88201
1.36530
4.08382
1.90149
3.43441
-1.71638
2.79807
-9.63376
-8.14935
0.58994
1.95160
4.57260
1.99178
9.78591
-4.11967
-0.04482
-6.05236
3.51674
1.28652
4.19711
2.99749
-2.46959
4.68755
0.51179
-0.90227
11.04867
8.71613
7.19993
-12.44329
0.46021
-3.54614
-7.71431
-5.86659
-2.89614
3.32166
0.64980
-4.40060
-4.53728
2.05855
-1.64684
7.80738
4.70350
5.46133
-3.47039
-2.26154
-5.26503
0.24938
0.81246
7.62104
1.09022
8.93446
0.18474
-0.74620
1.99323
-1.47530
2.04895
-4.51989
-6.02747
0.82122
6.76812
4.21735
6.23372
-5.94217
-2.20460
0.23077
5.60688
-2.64138
0.25801
0.84596
-4.98500
-7.13513
-5.00297
-6.29274
-9.48960
-1.77242
-1.01264
7.24210
-1.73630
4.70376
-2.93853
-3.17620
-1.37646
8.62975
-1.34622
-4.86804
1.22454
-5.26940
8.79844
4.80614
-4.69746
-4.50114
-0.28494
9.41431
11.22967
-3.94057
-2.78891
0.79084
-7.58091
1.76222
1.81242
0.71512
-3.45705
7.48769
-2.81046
0.54952
-0.04340
1.39535
-1.12343
-0.66256
-6.01598
-6.39705
12.31122
-1.29348
-1.71999
-6.56177
-0.20454
-0.03722
-4.04894
-2.84486
-0.07409
0.99960
4.45384
2.27395
-8.86124
-9.56179
5.38601
-1.06942
0.80494
-2.20640
-0.53956
-9.41408
4.22037
-4.21470
9.05472
2.84082
-5.27338
1.59816
-9.57838
2.45231
1.90068
2.45784
9.89977
4.34001
0.43557
5.88024
2.68851
-7.38567
0.87792
-3.51229
0.15791
0.75676
2.27339
-0.29111
0.48384
0.35751
4.58735
3.60084
7.37737
-8.17998
-5.98973
3.66101
-1.45476
-0.68292
3.90370
-0.68942
-4.07455
5.48963
0.19313
2.15540
8.49716
-0.94147
5.55137
2.79950
6.69184
3.32608
-5.61062
6.97237
0.51186
-2.86364
3.67625
-10.43953
-5.00209
2.22550
9.23167
2.64765
-1.92475
0.77222
-4.07583
1.97893
1.48713
-5.28670
0.72029
-0.23746
0.05539
-9.08667
-2.11881
-0.61463
-5.96347
-2.06273
2.61595
-2.87893
-1.78294
-1.25309
3.83526
6.93623
-0.82030
-1.37394
-3.36185
1.07506
1.11500
2.75670
-4.20252
0.07553
6.71869
-1.85642
5.50113
-6.29526
7.27649
7.54312
-6.54572
-5.95721
0.82237
-2.37426
3.94196
-6.25013
-5.48529
7.03688
-0.13772
2.41037
-3.93390
-5.17706
2.91470
5.25579
-1.81188
2.27644
-11.00712
-1.28094
6.75417
-4.40385
6.50672
-3.16488
-0.41893
8.80894
-4.22851
-11.22107
-0.61747
3.49532
-2.78444
-1.63874
4.96420
5.89632
5.80724
-1.55571
-3.62548
0.20628
2.90227
2.19553
3.12097
1.35706
4.81181
1.36535
1.24267
4.41780
1.32094
-3.73830
-1.38730
-0.24616
4.17577
-7.23869
-2.86549
-3.50052
-1.64011
-5.85403
0.55910
-2.63665
4.98835
-6.31324
-5.84805
2.33332
-6.78015
-1.93985
2.16860
3.17407
3.31659
0.77458
5.53257
5.23125
-2.61526
2.27862
-0.69089
7.07507
-4.52827
1.79874
8.73764
-1.21112
-3.02569
-1.20542
-2.76945
-0.17965
-2.39005
-2.12484
-1.71108
5.84624
1.05453
-3.21711
2.10558
15.52147
-1.79766
-2.15980
-9.53303
3.54357
-4.18675
-3.47706
-0.55036
7.78471
9.84187
-7.95317
3.10713
-5.09417
1.91867
-1.71802
2.53588
-8.89777
-1.60160
1.02448
-1.45056
-11.84494
1.83503
3.13414
1.02224
-2.28847
4.35557
1.47432
-1.32336
-3.72482
5.56418
3.16577
1.35877
-6.90966
1.01602
7.79799
4.93021
-5.64059
-10.35381
0.69651
2.11481
4.76660
2.13930
-1.77715
12.82447
2.32686
-0.21012
-0.20664
3.05015
-3.31193
8.34628
3.43950
-6.80686
-8.35011
5.57368
0.84353
13.01210
-3.87973
2.89024
9.24429
1.71671
0.27216
2.45937
8.81729
-7.55254
-6.42639
-0.00286
8.56295
0.03386
4.40529
5.71291
5.76350
5.91470
3.41899
-4.24301
2.74416
-0.81447
9.22936
11.48190
-2.51095
0.10474
-6.89506
8.63711
1.59341
4.74606
2.87417
0.93186
-7.26953
3.01537
0.27218
10.19472
-11.00963
-4.96243
-2.07952
-9.22719
-1.60860
3.37287
-3.60253
6.13014
1.82612
5.79470
6.68462
6.48679
2.81523
0.08154
8.11245
-2.34591
2.16976
-4.22355
-10.97772
5.22438
-0.23650
-2.53115
11.74993
4.99723
-12.21373
-1.23175
2.11630
2.99768
-6.74434
3.45729
-2.36044
-3.10607
-0.36398
-2.82217
3.62482
8.27203
4.07238
-2.38208
5.95828
1.84324
6.73152
13.11180
-0.85614
-2.21772
4.01582
6.32973
-3.46339
0.70408
5.75513
8.51156
8.23816
6.78007
-1.26825
3.54122
-3.35518
-5.76923
1.69970
0.24274
-1.13675
-2.71791
-2.61166
0.05101
-3.04637
-2.43366
-2.59026
-2.30329
-2.52198
-2.06431
3.64698
-3.24080
6.62923
-2.31914
-4.66329
3.16857
2.42900
5.83916
-3.08692
9.52346
-3.26879
5.72720
3.28137
3.60886
-3.64692
-7.51979
0.83432
-0.31111
-2.24675
-11.33808
-2.98073
-1.16143
0.09436
3.38533
-0.69096
2.99767
-2.26476
5.60847
4.65598
0.19584
2.98236
4.49319
5.78506
-6.19391
2.54341
-4.37085
-3.64450
-1.47693
-1.85430
0.61880
-7.55328
5.11797
-2.40215
0.45848
-4.41213
-2.61325
0.85591
-7.91840
-10.59704
-0.39828
-2.21890
2.84009
-8.18362
-0.95164
1.33324
3.74417
-1.03857
-3.63496
-0.69396
0.99199
4.07024
-3.49422
8.06447
3.66008
2.02216
-12.31841
0.96314
1.76561
-3.46393
7.59035
-2.35226
2.99895
-5.32840
-8.78274
8.48782
-2.46957
2.47456
1.17962
1.69105
-1.47422
0.05271
1.19107
3.10503
-4.23397
3.98253
0.58558
-1.30561
-3.16808
-4.15905
-1.44536
7.47159
-3.33576
-5.30794
3.95163
-4.78165
-5.07976
1.83931
-5.91542
-2.80611
-1.60550
-0.68584
-8.19340
-8.28935
7.05248
11.34357
-3.73487
-1.48075
5.27792
7.45649
-5.68101
-5.11065
-4.19318
-3.55945
-9.18602
9.13365
3.80644
2.81926
1.18559
-2.79193
1.91174
10.40609
-1.25089
6.16620
-0.61717
6.33896
-4.88755
8.77726
6.16066
1.66833
8.77071
-6.03610
-5.29044
0.38866
-4.07546
6.82776
1.15466
7.93865
4.89971
-4.21174
3.32169
2.31822
0.84470
-1.65819
3.46923
-3.11796
-11.91932
-1.72380
-6.58443
6.08548
-3.66128
0.32469
9.15968
1.91401
7.48942
-5.39638
2.00866
-2.56652
0.31837
0.48697
-1.94135
-3.74777
5.35668
-1.35209
-3.03748
1.67849
-2.42367
-3.26095
1.60509
-2.34852
2.65624
-3.22298
-0.11305
2.48781
8.47752
5.25092
-0.58290
0.42571
-5.99600
1.45344
-3.20816
6.31129
-2.91176
2.67119
-0.03620
-7.08594
-4.50490
3.23670
0.92140
-7.36601
11.96355
2.15284
3.74282
-0.10714
3.31528
3.75477
6.40151
4.45365
-7.04756
2.87081
-1.44807
3.00747
4.29031
0.49603
-3.47550
-1.50501
-10.04628
-9.68592
-0.61439
10.07735
5.78606
5.48698
8.23038
-7.55237
10.54426
-3.00290
-0.48711
-5.08813
1.68244
-0.60240
-2.13593
-5.53054
-6.83386
3.16251
-11.14333
9.42877
-5.83617
-3.71232
3.82195
-0.45301
-5.72186
1.87899
-4.19963
-2.06925
8.56087
-4.07397
-1.48879
-1.89913
-4.73275
-6.43848
6.76399
-0.92524
9.14252
-0.05710
1.99946
2.43750
7.17393
7.61179
-9.43924
-6.97886
5.37762
-1.08943
-12.41316
-5.60913
-0.66366
-1.13238
0.52587
-0.18880
-1.43779
5.21626
2.21998
3.82021
4.11119
-2.46973
-5.38298
-0.77088
-0.71221
5.02207
-3.55345
1.20083
-2.56000
7.27339
-2.20551
-4.81300
4.33910
-1.67714
6.49509
-8.45615
2.58104
-0.94547
-5.09894
7.31034
-1.73092
0.95729
7.25711
-1.48564
2.79582
4.64306
6.91927
0.13486
-0.09492
-2.17194
-0.31684
-1.45666
-0.90471
-2.13529
4.69532
4.30011
-2.04450
4.63427
-1.33927
-3.28198
-2.25857
-2.10694
4.82410
4.52181
0.12853
4.88249
5.80623
3.51938
4.84848
-13.65376
6.15584
-7.64056
-0.01517
1.47485
-7.66254
3.53463
-1.35077
-0.24813
-0.10601
3.76417
-6.21953
3.18286
2.73944
-2.76269
0.86655
4.34985
2.43897
1.22664
-7.92735
4.27170
0.21621
0.87783
1.06506
-1.60550
-2.78741
5.49447
5.35407
3.30978
-5.19632
-6.66405
-5.00474
3.32144
2.84533
-1.85654
-0.69718
3.18101
11.98998
-10.71721
7.85113
-10.05264
-2.04177
-4.23360
0.45699
2.80954
4.43772
5.36646
12.35777
-0.07466
-3.13756
12.33022
3.08795
2.87802
-0.09370
-3.25649
9.51066
3.91902
5.33411
2.38128
-0.03339
-10.42564
-5.19821
-0.61818
2.63303
3.01817
-10.44220
0.51663
0.33743
6.51638
-2.75724
-1.28304
4.06843
4.32029
14.95936
2.96820
3.77583
5.72250
10.55841
-2.92357
5.77824
-4.40990
-0.00431
-4.40839
-13.18397
-5.97611
1.10771
-5.40426
-1.06058
5.88524
7.30485
-5.67328
3.61462
4.38620
-3.71998
-1.68098
12.18379
0.46040
7.04333
-1.04545
-1.45825
-1.84034
-11.35370
-5.13154
-1.10806
2.07306
0.83450
2.47196
-2.96384
-5.07815
-0.88034
-9.78925
-4.48364
-9.58036
-5.57491
2.43508
3.44702
-1.91993
2.58535
9.04225
-2.34603
-3.89924
-4.74205
-3.40535
-16.18874
-1.01469
-10.77760
1.50016
-1.34865
3.97180
1.49665
7.45264
6.08273
-8.97105
10.56325
0.25386
-1.53903
1.42308
-1.42695
2.60933
0.87105
-2.80311
-6.87753
-8.16830
-1.18538
9.33075
-4.21492
0.09432
-16.20583
6.36060
-0.39044
-1.74787
-4.57391
-4.94803
-5.29005
2.15226
-2.81777
-2.29427
3.90055
0.20172
-0.53924
-2.74579
-0.77993
-3.78422
-1.78066
3.39833
3.94432
0.39518
-1.98965
-2.64257
2.84841
8.93168
7.30953
7.19791
0.35681
2.11564
9.16721
-2.58915
-2.01607
9.07713
-8.24085
-3.18409
-13.44297
3.44220
2.45916
3.78720
-0.54202
-2.70443
-9.20689
-1.87511
-0.47260
-2.28001
-0.05563
-1.36119
2.67936
7.02364
-2.51956
-10.89131
3.07196
2.83525
3.83542
-1.91688
-7.27737
6.79370
2.49253
7.22066
-4.32812
-10.84203
1.99654
-3.24601
3.29197
1.68032
3.38164
-1.98190
-10.90509
-10.06307
-4.23659
0.51727
-2.01552
-2.25882
-1.22978
8.09872
2.42865
-0.21411
7.25803
2.20956
-0.56824
-1.69164
5.62563
-13.00982
-1.51119
-1.61043
-8.52222
6.40250
4.94267
5.54064
5.67216
5.44175
-0.63057
4.65143
-0.01089
-11.29227
1.37952
3.01494
0.76134
-1.23279
-6.44825
0.01374
2.15441
0.57700
-0.56337
1.23748
1.44144
-0.27749
-1.31649
-0.86655
8.80294
-8.95003
-0.69321
-7.71854
-1.72365
5.39403
3.57959
-3.06007
0.05909
0.25191
1.30495
-3.39207
8.44398
-0.41647
10.86405
0.93918
-2.61890
-2.47498
-1.69894
3.01090
-2.06248
-1.15966
-4.07736
-1.11315
-4.61339
-9.05576
1.85820
-3.44875
6.85203
1.93920
2.84832
0.85979
0.71507
3.01654
1.42189
2.24803
5.91321
