1.31769
0.19534
-8.58362
4.18116
2.36578
1.54156
-7.03688
-3.53679
-4.37297
-0.91911
3.79764
0.63543
-1.81681
-3.08988
1.49561
3.83465
-12.33770
1.69362
-0.72696
-1.35955
-4.05262
4.67299
-3.63894
-3.34982
-2.45903
2.55899
4.11953
2.27457
-4.21889
0.20657
3.55527
8.96764
-5.46074
-7.24897
-2.58774
6.82884
-8.94655
-1.48582
7.07032
-2.94133
6.10509
5.62610
4.18025
-0.95377
5.31940
5.19837
7.55837
1.25756
1.88356
0.45482
-4.53943
1.42527
2.70852
1.03355
-1.45341
10.50824
1.50446
-2.79114
2.87209
-0.12017
-3.96735
-2.10085
-5.38168
2.91018
0.87946
2.54762
-9.05473
7.98307
-8.02958
3.35078
1.26061
-1.00373
-7.09266
-2.49132
-1.62062
-3.89073
-2.59461
-9.30326
3.09838
7.73100
0.17419
2.49454
2.59653
2.90844
7.04650
0.94917
0.57329
2.46975
2.52050
0.80677
-2.35216
0.18797
2.81504
-0.72938
5.05204
4.28153
-7.33250
-7.19013
5.79383
5.41129
0.57665
3.30413
-6.20608
-0.42254
-1.80620
-6.47241
0.61335
6.32286
-4.24557
1.15785
-7.04395
-2.22531
-1.58111
-5.06790
-2.63606
1.57441
6.01078
2.55783
-2.11250
-2.90527
3.33172
-1.13405
-7.90942
-6.63657
2.18613
-0.19994
3.27830
-4.06830
-11.42702
-2.35473
1.77309
-3.41704
1.23392
4.47150
-1.92586
3.95624
0.36435
6.91842
0.01463
2.74225
-2.04893
-2.01895
-3.16126
2.44118
-5.98639
1.34391
-6.87118
-1.98170
1.83027
-2.18708
-1.41073
-4.96420
7.72903
-3.52105
-0.80240
0.15993
-3.14208
-3.96685
5.36186
6.54221
-3.64549
4.35303
-2.11703
-5.78596
3.57418
2.79576
4.58495
3.20729
-0.04833
6.85556
-5.67206
-3.43548
4.71876
-0.49974
4.10499
-5.98273
1.96589
-0.74837
5.61244
8.93938
-7.58041
-3.24753
-3.05533
3.54792
-3.09410
6.15259
4.29504
-10.11590
-2.46964
1.05568
3.27253
0.03857
-1.73339
7.09784
4.94406
-3.13737
-1.53617
1.47244
4.20999
-4.76813
-6.90479
-9.62029
-0.26212
-4.65504
-8.65887
-0.31119
6.18752
3.33884
4.41517
-1.38180
-1.56315
-4.43037
-1.40859
1.00862
0.75738
1.80276
-1.43788
-4.36095
-3.01195
4.90188
5.45135
-2.22846
2.79100
0.79462
-3.07971
2.51932
-4.62032
3.69757
-0.22459
3.29129
-0.63729
-1.55065
2.31310
-2.61544
6.47635
-0.82027
-4.80541
1.45336
5.83044
-2.96340
5.13386
0.30221
-1.25583
-1.95728
-0.76462
6.59773
3.26438
3.67796
2.27488
-2.04040
4.40864
-0.90022
-2.56597
-3.56847
6.15289
7.87155
-2.67800
-4.21694
-3.78093
-1.45329
6.69677
5.00173
-4.17819
-2.59896
-4.93623
-3.56797
-1.32684
-3.20600
-1.84890
-3.76507
-0.39333
2.92618
0.17533
5.68375
1.36185
0.58283
2.01495
1.21181
-4.52350
-4.63773
2.48222
1.63265
-3.12715
3.52607
1.75965
-1.22747
-2.00799
-5.23172
4.66119
-0.36439
-1.57905
12.64358
3.77457
-4.33759
2.96752
4.29625
-3.51634
-0.70590
1.12022
0.45289
1.48985
3.52285
-3.52141
0.17252
1.81607
-2.53006
-4.17764
1.81835
3.08914
4.69304
-0.83167
-3.08103
-2.99401
3.98970
-3.05494
0.17892
0.55960
-2.24590
-7.17256
-4.38845
4.10520
-1.21044
-3.07122
6.01399
5.19095
2.21910
2.99632
1.33302
-2.44470
-3.56652
4.00994
-0.03384
-0.79825
0.89311
-5.66849
0.81173
1.97156
-0.95655
3.32266
4.16385
-2.80732
-9.03013
3.25039
6.14170
-2.83836
-4.81500
-7.46607
3.57946
-1.01900
-2.72587
2.04950
-7.22639
5.63611
2.75010
2.75092
-2.00553
-0.45444
-4.93973
4.47642
3.81658
3.09763
2.88383
0.69856
-3.81358
6.82571
-2.65799
-3.84759
3.08865
0.49684
0.14184
3.71359
4.79426
-12.41639
7.89088
1.94794
3.91843
1.59860
1.28907
-2.36990
0.10034
-0.75455
-13.13187
-4.82266
-2.87304
-3.13376
0.26996
-5.10214
-3.26566
-0.12626
-3.63861
-3.58232
-7.33943
10.31851
6.65853
-7.67241
-1.53085
-0.50654
1.92968
-0.11819
4.43358
1.29728
-2.17076
7.29209
8.61592
-1.44468
-2.07442
2.11023
1.72515
-0.86942
4.74730
1.60404
-4.58568
-4.19950
2.78361
1.83033
3.43632
-3.58598
1.58509
-3.04547
-2.30268
3.13968
-2.00122
0.53395
7.44483
1.80281
2.89078
-3.51905
-4.00883
-3.49536
4.98827
-0.35386
-1.55810
0.44008
3.49144
-1.36851
-0.14619
-8.13413
1.42840
4.81219
1.82510
2.52877
-0.71425
5.58843
2.31485
3.20369
6.23198
-0.19271
3.57420
4.48462
-5.54572
3.49986
3.17368
1.87746
4.55793
5.17778
3.83725
2.26377
-1.57916
6.09974
0.17888
1.67352
1.14816
-10.10082
1.36680
-0.00521
-0.23250
2.88585
3.79018
10.65680
-2.03360
0.66113
1.01119
-1.74725
-3.07260
0.53920
3.58095
5.06328
11.23028
-1.05628
-0.03396
-3.38481
-1.97979
0.92312
4.20733
3.41257
5.12894
6.90578
-8.13913
3.85680
7.27874
3.50330
-2.75486
-3.58867
-7.04885
2.79759
3.18460
-1.08487
3.43239
2.47149
3.67042
2.07735
-6.34829
-1.21808
4.12742
-4.71908
2.08146
-4.78101
-2.72688
-1.49153
-4.12785
2.83601
-0.25782
-5.72996
9.12516
-1.77565
-6.02093
-7.39801
-6.61380
3.70043
-6.75119
6.73696
0.46246
-3.84698
-2.08854
0.46971
3.83239
-3.77408
1.59934
-5.00731
-0.92748
0.49762
-4.00299
-4.14102
-0.68060
2.07253
-0.12571
-0.84571
-2.32200
-5.34512
1.88829
2.90832
-1.82588
3.33953
-3.87943
-12.15194
-3.51217
-0.95958
-0.83098
-1.47032
2.92908
-6.72567
1.52714
-3.13651
3.35976
-0.15113
1.60783
-0.10977
-4.49980
0.05212
-3.95590
-1.94980
3.07435
-1.80240
0.87650
1.64667
0.31129
0.40922
1.83019
4.52392
-2.56399
-2.12272
-7.17660
-3.81871
-2.50187
-2.93680
-0.76304
1.10916
3.34366
5.92162
2.06639
-8.37267
-5.03087
0.84965
-0.59998
1.35052
-5.26427
1.62939
5.82827
-2.80177
-5.32967
-2.82955
-0.99582
1.34826
6.05527
6.21653
-3.36881
4.37741
-2.44043
5.49177
-0.29540
-4.07003
-1.84134
0.34314
5.28992
3.76506
-5.06071
3.66777
4.20197
5.00459
-2.05616
-0.16261
-1.02895
9.34120
-5.15475
-3.25111
2.51234
5.49398
2.80093
-1.59585
2.30559
-3.15008
7.09831
2.24405
2.87242
3.34343
-12.26257
-0.20631
-1.30890
-1.28426
0.16142
-3.97424
-3.65203
1.98166
-5.52817
7.66231
1.26203
-2.98355
0.50405
3.13972
3.54115
7.55007
-9.88090
0.11111
3.82675
4.18607
2.54175
2.08253
-1.07831
1.16678
3.26136
3.99288
1.30095
-5.06601
-0.00886
3.56760
2.95402
3.64308
-6.80786
-2.11379
-7.05430
-3.77976
7.32134
-5.75441
0.10925
-0.87370
1.88328
5.51559
0.33000
-7.10548
5.04302
-0.64583
-3.93757
0.98581
2.77165
2.80186
2.99032
-1.46242
1.68729
-1.66312
4.35987
-4.21004
5.79033
0.13831
3.15435
0.99448
-3.07512
-10.71160
-4.01874
6.06006
-3.24439
-4.49137
-4.04890
-3.05533
-5.06118
-9.42368
-1.91196
-1.28626
3.82096
1.41011
-6.26826
-2.37448
-1.98889
-1.30164
5.71221
-1.07049
1.98495
1.16843
0.57807
1.66999
1.67227
-3.49781
-3.78679
-0.97948
-1.49267
0.38777
7.46572
1.05718
-1.28967
0.76995
4.75835
3.26055
-1.15728
-6.46073
-4.08361
-1.58382
-0.01354
3.98914
2.76531
-2.47242
5.99045
7.18813
1.32595
-2.85984
-1.14835
0.06316
2.14589
4.80063
3.38008
5.27174
2.04966
-1.67063
-0.91038
2.06264
3.30127
-2.03920
-1.66545
0.94568
9.24709
0.65057
1.36157
0.89705
-8.12878
4.35476
-3.87206
-6.94283
4.85508
0.60893
-1.43360
-6.16291
-7.55990
-5.71402
-2.48355
-0.28882
-4.80261
2.98571
2.08535
4.03470
-0.27575
1.52364
3.60228
6.69595
-6.49265
7.95138
0.77753
1.89981
0.13079
7.39111
-3.87574
1.60165
11.76756
-5.62567
-0.76763
0.60232
4.69439
0.67095
8.89992
-4.05528
-8.28352
-7.67481
-2.08696
-3.15241
2.82560
4.99972
-1.48999
5.51816
-4.33066
3.31676
-0.66643
1.99452
3.84871
2.06958
4.46358
-1.42813
3.19836
5.11220
8.29691
3.34800
0.05219
0.15665
-7.55044
7.25091
-2.51040
2.08475
-4.76373
-2.44923
-2.22047
-2.01326
2.36561
-5.09539
-3.70407
-6.33276
-5.05040
-1.96329
-1.73519
-0.18388
-0.64442
0.53971
1.35579
-3.77315
-4.13168
-1.94463
-1.90747
3.28505
-2.68012
5.05180
2.40607
-1.27874
0.61460
5.06459
7.61477
-1.01287
0.37096
1.10413
-1.88839
-2.11234
-4.64891
-0.94281
-0.15740
-2.13085
-1.87437
-3.83108
3.33687
5.30065
-1.15779
2.04260
-8.76232
1.37120
8.77147
1.89256
-7.07646
-9.18160
3.36647
-0.45299
-5.17819
-0.09198
-2.39238
0.98170
3.25871
1.08859
0.69866
-1.30617
2.06627
2.84165
-4.88104
3.20767
4.88118
7.91791
-3.51246
0.82176
3.01296
-0.77226
-0.17330
-3.47065
3.02727
-6.51130
-0.37190
4.32696
2.22484
-0.87938
2.62790
0.08210
0.86775
-3.10953
-2.81733
8.03169
2.73497
4.91493
-5.87486
-3.32399
-4.29829
1.75851
6.58107
3.42951
0.93966
3.30084
-0.97240
5.11992
-4.20141
-2.21526
0.72212
-4.66909
5.26602
0.04707
-8.93590
2.86141
-1.17250
-0.25100
1.37019
-3.54779
3.39406
0.19057
2.72325
3.42111
2.49181
-2.29014
-1.17747
-3.71136
-1.28400
2.43008
0.06273
1.35989
-4.76499
-0.99155
-1.15684
0.29605
0.59350
-6.76128
1.83902
1.00708
3.74210
0.15534
0.92339
4.12218
2.90478
8.20440
-12.88815
1.52455
4.02372
2.28330
4.06306
-2.27108
5.09483
4.42396
1.72163
-3.46590
-5.18720
6.21048
-6.14053
0.07793
2.12403
3.09151
-4.11400
-0.09639
-8.28916
-3.16793
2.65530
-1.60536
3.67433
-3.04133
9.50180
0.01172
-1.25063
-5.58560
0.97219
-3.64692
-1.32842
-6.25806
-0.14904
-4.20848
3.31747
-0.92531
1.05992
5.52789
2.10894
-1.09315
-11.14639
-7.95650
-0.19596
0.78537
1.35070
-3.32880
-0.14153
0.74135
-3.09715
0.39365
-2.34148
5.22787
4.07519
5.64566
1.07728
-2.04211
1.80987
1.96025
5.53718
-6.26011
-5.09584
0.68461
-6.10489
2.68203
4.66655
-1.19640
-8.69338
-0.21645
-1.25565
-9.47631
-3.77503
-3.32145
-1.95654
-1.49234
2.74569
7.92295
9.16296
1.40434
-2.37765
-2.32596
-1.94384
0.13214
-6.30757
6.13721
5.38832
2.29344
-6.16359
3.95629
2.50329
1.96473
1.59691
-0.46325
0.24169
-0.59411
-0.66621
-1.10093
-0.17656
5.40676
-0.67111
-4.65129
2.71283
4.39864
-3.29386
4.16996
0.47692
1.46572
-1.01585
1.84060
2.74687
1.72794
2.35766
1.58964
0.35065
-2.08183
0.96993
0.74646
3.79950
-1.28624
5.26183
-5.64497
-7.86089
-3.39862
0.03765
5.63375
0.57412
2.26231
-7.77083
-3.43863
2.42725
7.75427
3.57040
-3.92970
-7.61621
5.51491
-3.35777
5.57673
3.32920
2.41599
-5.37841
7.37739
2.92187
-0.28989
-2.27022
2.50116
-0.92977
4.64934
0.88604
2.61107
11.17353
7.97685
3.32354
2.11391
5.72866
-3.23485
5.90458
-4.71014
3.43644
-2.86175
1.60144
-2.77266
0.78316
-3.88160
6.15429
-0.60967
-1.21214
-1.40372
-0.36949
3.28418
7.65558
2.76701
-1.85554
3.00630
0.20286
-4.19033
-7.42971
7.60729
-1.83175
2.64995
8.76202
-5.65414
4.85237
-0.22140
-2.54313
-0.14899
5.21071
-2.63932
-2.09142
-1.56100
-0.65553
-1.02725
3.73748
-0.57015
7.19536
-3.04352
4.92125
5.27225
-1.56026
-0.55499
1.07856
4.15517
-10.58305
4.09375
2.39124
0.17724
0.39622
0.25194
-2.20992
2.40123
4.07551
-4.68610
-2.64609
-3.84921
0.61524
-7.40979
2.70522
1.23932
8.03665
-9.53283
-8.20745
11.81375
1.69572
-3.73524
8.84504
-0.60907
-5.01659
-4.35990
-5.91626
2.19466
-1.08569
-2.23912
-2.07333
-0.49774
-3.63651
-2.72523
5.97567
0.19844
2.08420
1.39234
-1.54919
2.10068
6.47860
-0.74972
-4.28575
-3.49845
-3.00843
-0.32257
-4.59296
3.55972
-0.05327
-2.99894
-2.05764
-0.44453
-2.40627
2.73107
4.05927
2.57464
-1.63785
3.40017
-0.21609
-0.59358
-10.21124
-3.25288
3.70798
5.35829
2.50359
-4.68805
3.28298
-0.14590
2.99587
-0.75027
-0.85360
-3.10102
-7.04451
6.14307
-0.70389
1.22310
-3.10223
-3.02013
3.99686
3.76926
-5.72646
-8.03856
6.09467
-1.25481
-1.35534
1.79439
-1.15496
1.32257
-1.98750
-5.59209
-4.33458
4.89765
1.26312
-1.85739
1.92025
-0.18123
-2.70436
1.71831
0.06610
-2.66941
0.34959
9.14589
0.31564
0.90947
-6.45461
-0.71032
-4.20237
-0.98218
7.24281
9.47907
-2.42637
3.33350
-2.99572
-0.15662
-6.14912
7.12788
1.31527
1.87742
2.48983
5.01550
-3.06602
8.19797
-1.76644
-4.97601
-3.86033
-3.23051
-0.90885
-3.10315
3.77499
0.79121
-2.82488
6.40103
-0.50959
1.26064
5.93777
-8.51715
4.44767
2.81874
4.09085
-0.66436
-0.80290
5.83587
8.34581
-5.49636
0.44092
-2.32130
-1.39793
-2.18703
-0.32455
8.32714
3.01330
-2.72317
5.96607
-7.74729
-4.16381
1.38251
2.49796
-1.82456
4.67630
-0.56182
-1.13070
0.18545
1.05775
1.48162
-3.86713
0.60420
1.02175
-4.31726
1.44380
-1.14024
7.50273
3.59866
3.41951
1.05610
-2.47600
1.25998
-6.48462
4.23028
2.72973
5.49747
-5.26973
-1.37384
8.03061
-1.61280
-4.13562
0.96140
6.28295
-4.24149
1.64370
2.64299
-4.39849
-1.23146
5.76963
-1.18049
0.50161
-3.27827
2.71609
1.57860
-3.28290
3.35918
5.63918
-0.42746
-4.60970
-6.61995
-0.85645
-3.08818
-1.15691
-0.86565
2.99663
2.42500
-10.73271
0.49533
5.89979
6.49323
-12.03718
1.55588
0.80895
0.66002
4.84443
2.17404
-10.76077
4.92477
-5.93773
-3.07312
-0.94490
-3.90383
6.45188
2.72734
0.89476
1.37066
-2.02128
-4.20229
0.68394
-6.18056
-0.24666
-3.01881
-2.35909
0.80392
1.83390
-3.30662
-1.63558
0.25199
0.22174
0.50438
0.54205
1.24872
0.00245
6.19846
0.41177
-1.28736
-5.96116
-0.98310
0.65162
-0.81552
-1.94384
-0.53437
0.58556
-4.98876
-8.59844
0.14309
4.64198
3.11246
-5.06475
4.46553
-7.05775
-1.18356
2.71657
5.36460
-4.05263
-3.97348
0.12168
4.10756
1.71985
7.65836
3.82714
1.42952
2.38219
-1.91417
-0.21233
-1.66201
-2.47994
3.68253
-4.51347
-4.35257
1.37288
4.44124
-0.15738
-2.89841
-3.21656
-5.54920
-3.04187
-0.21516
-7.04994
3.41863
0.17680
-7.06217
3.01520
-0.18540
2.94820
3.13173
1.47705
1.74063
-1.75516
5.80011
1.80111
-7.28363
2.65292
0.27301
0.91384
7.38511
-3.45650
-1.65002
-6.74182
-5.43581
2.22954
3.00098
1.10670
2.65159
-6.39459
-3.15627
-5.88783
2.02671
0.20339
-1.17649
2.22700
-2.06200
5.41074
5.18075
-0.33654
-3.40810
4.34842
0.41215
0.58616
-2.78057
-2.77503
1.39396
-8.27433
-5.95807
-0.91578
-3.73578
1.01137
3.16361
-2.21513
-2.54710
-8.41526
-4.79457
-6.94068
-2.43005
2.52993
1.00349
-0.65262
-4.25583
0.64285
-2.49084
0.63673
3.18619
1.07149
-3.45509
-0.01834
1.90664
-5.35541
-2.53139
5.13897
2.27145
-5.70823
4.84840
-0.18843
-4.85611
2.99749
2.42257
-9.10148
-2.90089
-1.60499
-2.09563
-1.92674
-1.03422
4.29712
-5.28298
-1.07451
-8.36841
4.13164
4.96595
1.12882
-4.12062
-8.33569
-2.68791
-5.39915
-10.64720
-1.05306
1.54858
0.95967
-0.31006
-0.15295
2.02272
-1.65499
-0.87381
-4.14295
-3.58561
0.92738
3.61760
4.37201
6.90219
0.82277
-0.59290
5.54940
5.19766
0.64430
-2.47093
-6.72776
2.40453
6.44157
-3.80052
0.91269
1.78329
-2.74704
-0.05858
7.22288
1.49410
-2.84812
2.24321
-0.47172
-5.14956
10.65357
-2.47047
-0.21337
-8.46317
-0.82530
2.13154
5.80927
7.06884
-3.89966
-10.29072
-1.76516
8.19708
-4.99938
11.10313
1.84773
-8.33971
-10.51495
-5.40657
0.07353
-10.16589
-0.95139
0.22368
10.61552
0.54486
-1.52627
-1.77926
12.75275
0.82179
-3.99681
0.51213
0.05349
-4.64030
-2.83627
-5.02273
-5.06901
2.21577
-4.73621
1.33600
-6.16372
-5.50929
1.93475
4.94877
-10.43329
-4.67617
-4.73508
3.11282
2.26293
-0.46997
-4.39148
4.69784
0.81719
-1.65610
-5.57979
1.70872
3.52953
0.51010
5.18877
-2.50826
1.06652
-0.96929
-3.74429
2.97350
-1.92845
3.27522
-2.93742
1.35881
6.94606
-0.68760
0.53951
0.14663
-4.08267
-4.86826
0.58432
-1.69736
4.21950
0.77164
0.55636
-0.81761
-0.83501
-7.14288
3.12305
-6.05481
-1.51796
1.34727
0.56120
2.89572
-4.65943
-1.34049
2.69204
4.80663
-3.28601
-2.38921
-4.04267
-3.28727
-2.16712
-1.36621
-0.86405
-2.00903
7.37255
-6.62862
-0.73168
4.14933
1.36778
-1.53795
3.95935
4.37704
3.61030
2.97493
0.94461
0.63713
-0.20782
-1.52105
1.96043
5.32575
0.42970
1.50744
-7.91021
-6.37550
10.24316
-2.91657
4.21588
-3.01174
-1.63165
-2.02682
5.90253
1.75117
-1.89692
-5.07386
-4.56770
3.58459
-3.66269
-2.49313
-1.25723
1.69567
0.06030
2.91377
5.24272
0.07861
-3.03459
-4.44117
-7.51760
4.22074
1.01439
0.29441
-0.31194
6.41629
-3.45104
3.60512
-3.80323
2.15439
13.77495
-3.51232
0.76796
-1.26759
5.33534
-3.77658
-1.09882
7.96220
6.20329
-1.42051
0.22634
0.30855
-1.78875
2.51879
-0.41815
-8.41189
-0.31262
2.88685
-4.30471
-1.72641
0.63969
-8.66513
-5.19975
8.62792
-2.87852
-3.89512
4.09896
-0.81816
3.77684
-2.26938
-0.28509
5.26028
-6.93796
5.98677
0.61453
-1.38873
3.24317
7.06052
7.80662
0.40107
0.95737
-2.66555
-7.46952
-2.80629
6.13974
-0.01635
6.22080
-0.13469
-1.18284
-3.24489
10.40998
0.20121
-5.53732
7.13451
3.94111
-4.82305
3.87789
3.48020
-1.65569
-6.54453
-2.76197
-3.76408
0.14845
3.78486
4.32239
0.65486
-3.28865
-3.54433
10.95494
-11.68592
6.30905
0.04607
7.91889
10.71460
-1.13766
4.72995
-2.84974
-1.14312
-5.06347
6.81589
-4.73932
-3.05609
1.15741
3.78533
-3.85794
0.99070
-2.73503
1.37608
5.59404
-1.58546
-7.21756
8.91834
0.23886
0.53498
1.03702
-4.51600
2.84199
-4.89040
-3.59275
-1.06791
-6.93236
-4.71232
1.66522
0.97246
-5.46330
-1.78640
-3.31099
-7.64684
-1.91913
1.07465
3.66620
-0.84770
8.36327
-0.59935
6.87389
-2.27855
-2.21815
-0.88981
-7.17330
-3.17890
0.46128
-7.75494
-5.91431
-4.97065
1.07981
-2.32927
0.92775
1.80846
1.56834
-7.03844
1.79122
3.96724
-2.58668
9.44018
7.37011
-2.60845
4.47311
-1.53937
5.07506
-1.46451
-4.72151
5.99832
5.26235
-7.36392
7.58100
-8.98647
2.45304
3.20275
2.33147
-0.74483
5.39927
4.92351
-1.42690
-2.70563
2.63373
-7.11203
-7.80229
-2.19725
3.25086
3.87820
-3.08552
0.57590
7.80477
2.27801
-2.57676
-0.47573
4.79742
-5.52896
4.03850
3.55353
-6.80358
-5.21096
-3.23452
0.13726
0.65939
4.00123
7.05346
-3.17017
1.60289
0.16920
4.08680
1.63063
5.61187
-2.08294
-0.53068
-2.12613
2.62626
-4.35573
2.32737
-1.52503
2.56566
-6.92469
-0.69991
2.85943
-0.62026
1.90837
4.01628
-0.96364
-0.47845
-7.05518
3.00730
-1.88905
2.76618
3.13318
7.12690
8.09888
-3.98203
3.81132
-3.60512
1.01453
-2.14163
-0.26561
-4.37408
3.26268
-0.51287
1.85152
1.40542
-5.21956
-3.59865
7.25867
-7.06233
-0.13484
-0.79503
-0.63708
-1.97896
2.22519
-0.07582
-5.64741
2.30549
-5.57302
0.31879
-4.90049
3.42823
1.77109
3.02508
2.24724
-1.63870
-2.73713
-1.93780
0.10881
-1.52578
6.96093
-2.78436
-0.22126
-0.09678
10.45400
-0.64932
2.37201
-2.95290
-8.01248
1.21800
-0.09709
0.50162
0.98787
12.08585
3.77242
-3.43898
4.81652
-0.61415
-10.16821
5.27191
2.20594
-6.50377
-4.27759
10.61382
0.83501
0.79146
5.00470
4.70090
-4.57325
-2.69020
-5.00444
1.42185
-8.87972
2.80326
-3.19108
1.04086
-3.29307
-3.07546
5.09488
2.72113
0.75837
-2.60907
-8.01549
3.90466
5.10068
-3.30557
-1.76757
-0.99665
-3.36755
-6.70281
-0.69808
-5.12512
0.11956
-6.46805
-0.71960
7.66881
0.52097
-3.26519
-1.23099
1.74842
-4.42006
0.41366
5.00504
1.55812
-0.66054
3.55458
-5.77991
2.03363
7.42575
-3.37747
2.08665
-3.28861
-6.38231
-2.25429
-0.29034
-4.84274
0.25969
-5.58811
0.41995
-1.37903
-0.13618
1.76597
9.57600
2.03078
-5.71035
-7.67465
-0.29691
-1.12152
1.82413
5.59774
-1.20927
5.43517
11.88855
4.07664
-0.71217
-2.98648
-5.51212
-2.08762
-1.75234
-0.88118
-4.01515
-6.39602
6.77101
-0.98075
-4.52157
1.50613
-0.61610
2.03298
-0.28687
5.85051
2.48709
6.65379
5.36178
-1.44298
-8.47090
7.21321
-10.79089
1.00019
-1.32102
-1.27923
3.20571
-1.47006
2.06919
4.53776
-1.08438
-0.64349
-3.58432
-1.47601
-6.11435
1.06884
13.02006
-0.19788
-0.43861
-0.11664
-3.37288
-8.28720
3.47644
5.73726
-1.38621
7.48142
6.52798
-9.41300
0.52507
-0.06496
2.08785
-5.98406
-3.56896
4.72444
5.58502
-5.77046
3.43019
4.92164
-3.62599
-7.62234
3.88949
3.17817
3.90381
-2.00281
8.21678
2.67909
-0.39203
1.30933
-5.90642
-4.51649
2.96971
-1.51978
-9.24261
-4.62580
-1.48897
-5.53208
-2.41082
6.76099
-0.21732
-6.05344
1.67007
1.79570
6.69726
2.35153
-3.44167
-4.68240
4.06111
-3.46698
-1.08004
7.52495
1.98737
-1.24110
-2.40001
3.47180
-6.05230
0.81401
-2.32896
-1.49385
0.95762
-7.11896
-2.57128
-4.58492
-6.91710
0.65403
-0.86285
0.39063
1.69003
5.91944
-8.71450
5.78349
-3.72239
2.76614
1.84483
4.89053
4.18766
4.35451
1.05259
-4.96995
-3.28330
3.14868
-2.88105
2.58803
-7.93213
0.71400
3.36843
0.32012
0.48652
8.22254
-2.68564
-4.70484
6.63553
-1.18774
1.90353
-1.98960
-1.14857
-6.04605
1.83297
3.61268
-0.06758
-1.47055
-2.34924
3.15963
-8.91929
0.93174
-0.13761
-2.18237
-3.29482
-7.91786
2.83886
6.94681
2.60160
0.99304
-2.15740
-4.58402
-4.89065
-3.54500
-3.97551
2.92545
3.20939
0.07466
1.56615
-6.74353
-2.28449
5.91693
-1.69171
-2.81453
0.64447
-1.74061
-3.47504
-0.20694
0.06957
4.97815
4.59748
0.39505
-1.36741
0.55899
-0.64679
-0.02266
-5.96045
2.86863
-4.98295
-11.23574
-5.28805
0.51396
5.76511
-5.90440
3.42181
-2.16239
1.78843
1.40476
4.47701
-4.67408
-5.87892
-4.66903
2.00558
-4.31953
-5.09755
-0.25464
-1.22872
-6.34260
1.08128
-3.64603
-2.30646
1.49823
-4.32661
0.68651
2.04395
-0.06693
0.51281
-6.12729
4.43129
4.79476
2.05337
-2.45314
-4.49503
1.52140
6.11375
-4.56182
-2.74065
-1.27521
-0.65139
0.71415
-0.49534
2.66265
-1.23366
2.62863
1.54395
7.30549
4.60920
-2.44832
-7.60033
-3.66921
-5.54962
-11.48952
3.97639
2.39280
-3.27611
6.07270
-1.89181
-0.20432
-4.53997
2.83154
-1.57554
-9.19097
-0.54917
1.00818
5.98378
4.77861
-5.88529
-0.38734
5.82119
-3.36032
8.02545
4.30104
-0.10930
1.36064
2.51648
-3.93079
2.48308
5.93766
6.91282
2.97812
-11.81133
6.79748
-5.15461
-1.52237
4.70134
-2.86493
3.68680
-6.14642
7.67633
3.40845
1.95482
5.79272
-0.53092
3.80373
3.93502
3.69055
0.18634
-8.49638
5.57699
-4.88548
-8.39700
-0.21783
2.75836
-8.07661
-1.26123
-2.03028
-4.68588
-0.76164
5.48803
3.72285
-3.49473
6.22881
4.58419
-7.79120
0.31098
-2.23577
4.41477
-6.94150
-2.54082
-0.30998
-4.74964
-1.40501
3.46499
8.83133
-2.73362
-9.53862
1.91836
1.69917
-0.43505
10.74838
-0.60191
-7.88495
-1.38043
0.70846
4.37661
-1.21358
-2.81483
-1.51077
-4.60722
-1.14617
4.84259
-8.36398
-2.97940
-5.37758
0.50007
-4.23026
2.45786
-3.64937
2.25979
-0.41439
4.11693
-0.43847
-1.57391
1.15527
-1.44559
-1.40528
7.71398
3.14668
2.55993
1.24847
1.35833
-5.41034
-4.06135
-5.12238
-2.93721
5.41644
-0.28412
-7.76857
3.83085
-0.85443
-1.61086
-6.35022
-4.45031
-1.53597
-2.17300
-10.52701
-0.98988
6.33755
-8.98780
-6.54942
0.12127
3.76207
-1.13560
3.12747
2.73179
1.51429
0.67723
-3.23035
1.93476
-1.54019
7.27987
4.25594
-1.21000
-2.77095
-4.55712
-3.71142
0.57599
1.47018
3.28133
6.11782
7.34616
-0.90626
-4.14985
4.85889
4.09966
-5.74245
3.73373
-1.35050
2.73173
2.50434
6.71081
-4.07407
-4.24415
-4.71261
-7.68524
4.24782
-1.37710
-0.78807
-2.82208
1.88373
-3.50731
-11.50229
-1.74251
4.37855
-1.63116
-0.55545
3.61966
2.10993
-7.15966
-1.43710
4.09372
-3.95499
-0.96450
3.75987
0.55714
-1.41633
1.18786
-6.15220
-1.05883
-0.51797
1.03974
-1.68749
3.34847
-1.65703
2.05860
2.89084
-7.36197
-0.57116
6.76728
-4.73822
6.96309
3.66736
0.22732
-1.14422
2.54936
-3.02563
0.12939
-5.09018
2.89980
-7.99932
6.09106
4.12430
0.64204
-9.96393
-0.03185
0.10501
-2.26424
-1.29467
-4.16496
9.38433
-2.13695
-2.09910
-2.86070
-4.75374
-2.12206
4.16879
1.29723
2.47924
0.43534
-0.88813
-0.35738
1.12427
-0.75782
-5.91458
-1.58875
3.48193
0.43570
-2.20442
0.09680
-5.76102
3.50023
-0.49501
0.89075
-2.74671
-4.13580
-9.69021
-8.33428
1.19316
-3.88311
3.35529
-2.10882
-1.58787
0.16553
0.98930
4.00092
3.84353
4.97385
3.99343
-1.18041
5.42076
2.45171
-1.95386
-0.03701
-5.07163
8.60103
-1.36403
-0.40851
0.95716
-0.76996
1.63464
0.71554
-2.16682
6.12173
0.57819
5.69812
-4.46913
-3.56156
6.44310
4.85507
0.67128
-3.29119
-0.85534
-4.77350
-1.64859
0.86129
-1.56810
0.77284
4.86324
6.84940
1.55539
3.35811
2.27697
-2.33784
-1.15563
1.71212
2.18320
-3.01471
5.22217
-1.81294
7.32335
-3.97526
-3.73563
-1.32463
-3.04540
4.00276
-3.27335
1.80127
3.18017
-1.28509
-6.16505
-1.65863
-5.59650
-0.09170
1.93939
4.33527
-2.74755
-2.19319
-3.75678
0.93686
-8.56786
1.43335
3.14685
3.46282
-7.11949
5.16912
6.67452
-2.10786
1.37015
-2.41627
-3.14400
-5.32400
-3.24921
-4.54849
-2.95937
-2.19888
5.57394
-3.01313
0.16455
1.47375
0.43308
3.67004
2.81926
-2.08213
-3.83633
-3.43969
-1.48640
-2.03579
-5.67572
-1.47128
-0.81763
0.60599
3.51066
-5.45766
-0.90209
-2.57371
2.74875
2.85570
-5.26473
8.16420
4.48672
-1.55795
-1.22168
4.15857
4.64680
6.67689
3.53591
-3.96266
4.38935
3.29007
3.97748
5.55834
2.80425
-1.21111
-4.50261
-8.50759
-1.88244
-1.17219
5.86729
-0.26478
3.43659
-7.73276
-6.25426
3.55229
10.87375
2.43541
-2.04552
-2.35528
1.84905
2.81314
3.95635
8.13440
7.04283
2.78200
4.46100
2.53395
2.94711
1.13673
-5.73525
-10.42182
-7.06814
2.91589
1.36945
-5.96090
0.82310
2.20239
-0.19986
3.80667
4.13598
0.43687
3.23998
7.54116
-0.91288
-3.46102
-2.82619
-0.54454
-2.32948
3.65223
9.35936
1.82221
7.11430
-2.59287
-2.20240
-2.53166
1.74499
-2.10068
7.71839
-1.75553
5.67898
4.92280
-0.48128
-2.36728
0.65899
5.97593
4.50513
2.65113
2.34884
-6.84333
-4.16163
1.10378
2.70346
6.40770
3.98713
-1.95515
-10.63227
-1.05455
-1.42953
-1.07205
4.19515
3.98321
1.71505
-0.33606
-2.88049
-4.17151
1.47683
0.65618
-1.62988
2.44959
1.77591
-2.13934
4.73066
2.59965
1.23432
4.94304
-2.77470
-2.59922
3.44736
-0.95182
-3.65530
-2.08661
-0.07168
-7.22327
-3.72570
3.20290
-3.03802
-4.54050
4.36130
-5.60920
-4.36110
-0.09160
0.60976
-6.19663
-0.66335
5.95828
5.52285
-6.40556
-3.36891
7.91824
0.49174
-5.74972
-0.87547
-1.30573
-1.07126
-2.63840
4.94749
-3.00522
4.82466
7.92170
0.49280
-10.91619
-3.30192
-5.95327
0.97133
0.95581
1.31872
3.28158
2.46010
9.28102
-9.48798
2.84095
0.04816
6.23293
3.10211
-3.63289
-4.36767
-3.84881
0.93898
2.16613
-1.95586
-7.88468
7.18071
1.67835
5.90170
-3.02396
-0.69698
-2.91566
0.90215
-3.21914
5.46919
-1.01531
4.74664
13.31076
-12.35740
-1.94303
-4.41158
8.34519
1.69104
1.78764
5.92647
-1.56290
1.80772
7.30905
3.00392
3.93108
-0.91341
-0.79254
-1.28671
-1.06635
-1.36519
-6.83969
-3.11716
2.44528
2.69312
0.63976
-3.10871
5.46795
-3.26884
2.21699
-4.28632
4.99736
-1.18653
3.28658
-2.43637
-0.64818
-1.62329
-1.88081
2.31533
-8.54014
3.73830
4.11132
-2.09631
-0.08316
-7.06037
0.78310
1.78327
3.22944
-1.83569
-0.20904
2.93672
0.86461
-2.32475
8.34173
-1.94737
2.88091
-0.89565
-0.97459
3.10065
9.28625
-0.73316
-9.23052
-4.12737
0.13512
-1.67677
2.83208
-4.26447
0.81618
7.55657
-0.83635
4.39022
0.38133
-2.28689
-2.25757
-0.77185
0.46795
-1.29540
2.38431
0.57804
-4.03375
-2.59634
-7.85049
6.01218
3.50836
1.13929
3.21224
4.13682
-1.98375
3.69027
0.00608
-6.64837
0.62048
-0.54764
7.27799
-4.79556
6.15898
2.95779
5.66301
-2.49459
-0.20622
5.12448
5.15697
-2.16701
4.16693
1.08661
-3.04427
-1.14536
7.78761
12.46642
-0.72537
3.51360
-7.20831
3.43592
-0.35465
-7.12980
-2.23221
-2.14219
3.50750
-0.67524
3.65700
9.29339
1.10900
-2.92071
-4.19110
4.97473
8.02578
-1.25772
0.02714
-4.57800
-0.20166
-4.35269
-0.95269
4.55978
9.33096
3.03317
-5.19091
-6.23625
3.88229
-1.19723
-2.41594
3.74472
3.39238
1.69236
6.79834
-1.07067
-4.19675
-4.00657
-0.53779
-1.63327
-1.25172
-4.92000
8.54764
5.15386
-0.98063
-6.77060
-4.79390
-1.24286
-3.93566
-2.52798
-5.89962
5.81005
-3.65126
-0.76342
1.27339
-2.21859
1.26368
-3.05218
-0.67488
-0.78136
1.27503
4.50677
6.07410
2.39508
-6.20950
0.37639
-2.04490
-8.42801
0.55296
-2.98998
3.27125
1.78466
5.79202
3.91999
6.49082
-5.16560
-5.74303
-5.82545
-2.50609
-0.36647
-0.70969
-3.84149
-5.52241
4.41380
-6.51824
-1.65275
-1.13827
-0.74812
3.57920
-2.04095
1.70292
2.74904
4.72677
7.49740
-2.80429
1.77921
-2.55403
-2.62592
-5.91465
4.57936
4.26235
2.66018
4.31311
2.03718
-1.33072
-4.86912
0.30077
1.17400
2.07751
3.40698
-0.32855
-1.13127
-4.48236
8.29132
3.85842
4.18541
-0.80419
-0.19080
7.58187
3.09752
-0.29497
-0.96723
-1.80202
-3.52310
-8.43220
3.02433
-2.03821
6.15183
-5.63663
-4.07318
0.58126
3.45176
0.15828
-11.59203
-4.31399
2.19715
5.67475
-1.58752
-3.18102
14.37823
0.70337
6.02105
3.18341
4.72046
5.07940
1.21262
1.24880
7.99799
5.77148
7.13813
4.02837
-1.99849
0.22105
2.19471
-4.91841
4.63312
0.27169
6.73054
-0.05756
3.00477
-7.28449
9.10442
1.37541
-1.87689
2.81483
-2.06890
2.32602
-3.73632
-6.66539
4.63509
-2.25719
2.51652
-4.13357
-4.27427
-0.45946
-3.69371
-2.71292
-1.23258
4.16284
-2.54224
-3.33085
-4.54862
4.60349
-2.89365
3.85250
-2.58703
1.53424
5.62859
-2.86901
2.09249
-4.95944
-7.29983
0.03490
-4.13581
3.75730
-3.58550
-1.38643
-8.41148
-0.12959
3.03794
1.08669
0.74348
1.27017
2.97166
-4.41775
4.88919
-5.72583
3.57360
11.97138
-2.51879
-3.04608
-1.03809
5.83342
-0.53120
-0.44970
-1.15622
-0.67524
-3.85563
-1.16610
1.31874
4.26663
1.19445
0.23054
3.53551
5.96383
-2.22494
-5.06592
-2.20054
2.97322
-1.11241
-2.28535
-3.71097
3.30625
5.47625
-4.18908
0.02763
-1.64719
-2.38990
-2.10095
-2.30529
1.60041
1.64202
6.41195
-2.46657
-0.88084
-6.45446
2.72144
-3.18858
-0.58085
-2.15863
5.31454
-1.25647
-3.37654
1.05819
-1.01574
-2.68442
5.01840
-1.18560
0.37538
-2.09074
-4.01045
12.31846
-5.20436
-1.03906
0.78419
1.44267
1.74415
2.10682
-0.93842
2.50885
1.21466
1.55609
-0.31032
7.69672
-2.73812
2.05290
0.51390
-9.67333
2.88180
-1.60915
0.76272
-2.66591
7.98995
-2.91029
3.69671
-6.14106
4.80105
6.13712
-1.06594
-0.67676
3.34774
1.46207
-0.45340
1.00939
-0.59977
0.76350
-0.86802
-3.21002
8.48631
-7.70085
-3.43772
-0.23748
7.34292
4.67636
0.10494
-2.05450
-1.33876
4.23309
-0.19447
-1.58164
12.52843
2.81191
-2.66852
2.59684
-2.47299
-0.38639
1.17793
-4.55786
-3.86044
3.63877
-4.28457
5.37030
1.32430
-2.13763
1.41446
-1.23547
4.43114
0.44209
-3.52822
2.58682
-7.18604
-3.78607
6.69520
0.91324
7.85361
3.06570
10.43041
-5.20683
10.59093
2.24802
1.49762
-4.45876
12.09565
-0.29218
-7.04190
3.39501
-7.34262
-2.11770
3.77272
1.49841
1.61645
-0.38765
-0.80903
-1.72751
2.48233
-3.50953
-0.01555
2.92693
-1.41264
5.27447
3.67424
-0.34924
-6.72513
-1.78420
3.98214
0.37342
4.90353
2.59362
8.04415
6.79437
-1.14657
-1.19306
3.07450
0.93141
7.69720
1.00008
4.24095
1.35190
0.24335
-5.69863
1.53967
-1.93932
-2.65861
2.50717
-2.99971
-9.18615
-0.21462
0.10698
-5.03683
1.03243
4.61531
4.69162
-2.81347
-11.45704
9.50473
7.27602
-7.76480
1.13377
1.24612
1.61151
5.38000
3.32737
3.07108
3.03524
-5.45261
1.10005
-2.38145
5.20455
-0.40628
4.00644
4.18706
7.12964
8.10341
-2.76823
-4.29688
-5.18385
5.54357
2.52442
6.04321
-2.71863
-4.65623
-1.17656
-5.68539
4.06317
1.77919
1.21782
-3.40753
-0.97630
4.81652
-7.05442
-0.64352
-3.75151
0.00741
-0.69017
1.38134
0.96912
-4.32708
-1.43933
-0.89890
-1.65676
5.27956
-1.18427
3.13510
0.31404
5.25065
4.57602
-3.57816
6.59536
0.35964
-10.93932
-2.63767
-2.05080
-0.27603
10.57100
-3.58183
-0.24812
-0.86323
-0.24975
7.68443
-0.02343
-0.15475
-0.29480
-1.75247
4.27807
0.36073
-2.15737
-1.77986
6.11833
-2.35218
1.04574
-3.98825
-0.69437
-4.25132
-1.27331
3.09811
-10.74305
-0.18067
2.94564
-5.31175
2.49887
-0.24899
-4.72901
-0.02613
-4.56100
3.09763
-2.15437
-0.07761
1.72321
0.15055
1.65564
2.30905
3.45145
-3.38404
2.20154
3.01276
-8.69108
-2.73467
-2.23541
0.45440
0.85779
2.20932
0.12320
1.06721
-7.20935
-7.51009
-3.49627
-3.25112
-1.22756
-2.88486
2.56557
-4.71269
-3.11666
0.53915
0.93754
-1.10053
-2.76275
2.09721
5.52079
-5.76866
-5.38456
1.54743
1.74665
3.50370
0.98514
2.10575
-7.37745
2.73902
-1.43086
5.89902
4.66693
1.10882
0.69035
2.59610
6.22312
4.40378
-4.08325
-1.29448
-1.21310
2.12087
-0.00316
1.65128
2.61196
-0.99160
1.71477
0.04247
2.22713
-2.53075
-3.91088
5.33134
-3.23142
2.99485
-4.41332
4.99489
1.89282
0.07973
-2.61530
4.39015
-0.55745
5.11141
-0.46181
-0.71163
2.43676
1.76836
0.80193
-6.37134
0.74024
5.90266
-2.30464
1.16878
-3.24607
-2.38253
-2.18354
0.58287
-0.14694
5.32611
3.87359
-5.25605
3.76931
6.01795
2.97232
2.68058
5.62406
4.00842
-7.08538
2.53064
4.85962
1.06255
-6.43147
-4.56853
1.97821
2.50337
-5.52058
2.65180
4.78786
-5.54542
4.96805
4.19122
2.33746
4.95181
3.98669
3.29860
4.10544
6.27170
1.43798
6.18976
4.73121
1.04879
-3.32084
0.13851
4.13840
-1.19611
-1.34442
-5.61066
5.75374
-1.67621
2.86227
-2.81532
3.10659
-2.23879
6.41657
1.12304
2.99161
1.99456
3.55399
-5.42579
4.82902
-0.08913
1.56516
-1.92884
6.02614
-2.00085
0.90265
1.35797
2.92607
-0.15747
-6.29287
4.87234
3.83203
1.10233
-2.22485
-7.20449
1.73119
-2.21605
-4.92790
0.03690
5.86217
-3.51722
-1.49987
0.07993
-2.45664
3.16792
2.51424
-11.46481
-3.20958
-3.31074
4.86558
-4.80758
-2.99161
1.38819
4.14063
-0.64440
-12.27318
0.22007
2.39441
4.43768
-0.91254
-3.57144
-5.97228
-2.59964
3.35779
1.47014
-3.98915
-1.41380
2.28261
-2.51106
0.22687
-4.25579
0.80316
-0.22442
-4.64571
0.00470
1.28304
5.76987
1.05962
-3.05712
-0.55509
-3.26887
-0.59881
0.22486
6.78225
3.27510
-0.51523
-9.10306
-4.20498
1.83501
3.94257
-0.22993
-0.30147
-6.33969
1.61879
2.48351
-5.43182
-2.94032
3.73130
-6.14478
4.75901
1.91859
-3.39603
4.69307
-4.63487
6.46555
5.05380
2.30714
1.24308
1.52555
0.45565
1.78397
3.36044
0.48611
-8.51283
-4.61326
15.80940
3.77146
6.64514
2.73288
-2.40480
3.13150
-7.41624
-5.82925
6.07878
0.34345
0.79485
-5.15856
-8.15966
-6.45773
5.69421
1.10034
-0.71263
2.95922
7.43061
5.29372
-3.28818
-5.18450
-0.34537
5.90013
-5.31533
8.02419
3.65779
1.26020
4.56584
-5.83811
-0.72571
-1.38534
-1.39929
5.43978
3.67547
1.18151
-1.45504
2.90847
-0.57189
4.98153
-3.48100
-0.56571
2.25000
-6.78914
-1.99440
1.16527
-5.20629
-2.89238
4.47815
-2.09507
1.78949
-2.84449
1.87594
-2.15211
-8.17148
4.23220
5.13150
4.59512
-8.88894
1.82779
4.34069
-0.31100
0.16161
4.40731
-3.78533
2.04287
-7.85463
6.23247
-3.37060
3.48412
-2.54824
-0.36501
3.93700
6.22911
-3.47438
-0.26111
5.38018
4.06565
-1.91305
-2.93297
-5.52873
-4.79532
5.78971
-0.58730
-3.27441
-4.47887
-5.38478
-2.49437
4.50447
7.51001
-0.53358
-2.11290
-2.04184
4.61268
2.65969
1.94843
2.99515
-4.98900
1.66351
-0.04859
-5.60916
-1.53683
-5.45296
-4.34955
0.49508
1.14931
1.85386
1.86841
-4.45009
-2.71167
2.77961
-7.09950
-1.41309
0.49211
1.98795
-2.47642
-4.05955
-1.61452
0.43041
-0.25712
4.62763
0.81710
1.98658
3.46375
1.88070
-6.77645
-5.92320
3.66694
4.79751
-5.51616
-2.01124
-5.20181
-3.21215
-4.65080
4.59854
2.37786
5.66816
-4.61125
4.50172
-4.07032
1.49792
2.30450
0.72697
2.74293
1.22975
3.04294
8.06387
-3.75719
-3.29698
0.95147
1.17740
2.61504
-3.54118
1.25835
-7.50456
-1.44102
-4.36452
-7.15066
4.29084
-7.45976
6.05261
1.24066
3.45350
1.20541
5.53284
0.36067
1.44786
-6.81533
-5.50274
5.10067
8.33599
3.14241
-0.24942
4.46654
4.54039
4.15370
-7.08194
-5.30804
1.09235
-7.27151
-3.13099
-6.56570
-2.68990
3.93048
3.41285
-3.66424
3.74834
-2.47128
5.36700
-0.93992
-0.12609
-0.99796
-3.85085
0.09272
2.96108
-0.23153
4.15780
-6.24436
-5.72673
-6.48035
-2.69851
-2.90033
-4.20534
-6.44001
-3.10987
-1.12966
2.98250
2.86702
-2.46854
-4.34134
-3.14770
4.24270
-0.47759
0.13083
-7.71046
-3.28527
5.48003
-0.55477
-6.99833
-5.64668
8.86227
0.18299
-3.56709
-2.26461
-3.86052
0.03145
7.56966
-5.86495
3.41343
6.97898
1.70470
-8.42459
2.03586
-0.19284
-0.08227
1.48787
-0.20332
-0.78920
-0.06433
8.68717
-6.19840
-0.59460
1.77177
4.75111
-3.67876
-2.39420
-0.56882
-4.23121
3.13163
-3.01138
-1.73837
9.29673
0.72624
1.17047
-3.56724
1.38076
1.64976
1.74950
1.61486
-10.22865
2.95810
0.78430
-4.27489
5.06443
-7.56978
-2.84379
3.49768
0.22945
0.02517
-1.90275
-2.82853
-0.50708
-1.57586
6.70425
-4.17012
4.77679
-3.80431
-7.02568
-3.53904
2.91322
7.49154
-1.95387
4.45382
3.16303
3.25525
2.37826
2.05575
-4.07241
-6.05647
-5.40314
3.50606
-5.22233
-0.28174
1.12036
0.51225
-4.42186
-0.57490
2.57330
-6.33311
-3.55112
-3.24685
4.69262
4.53979
-0.89437
4.30192
-5.71406
-7.63862
-1.80497
6.96391
3.63409
-6.19890
0.75855
-2.87907
-1.54512
-0.68165
-7.94112
2.99902
6.97636
1.26673
3.08630
-4.17723
-4.83416
-1.35672
-0.99299
0.46281
2.88777
-2.82958
-7.30384
-2.89801
3.19610
2.90259
1.74547
3.51660
-8.42166
-0.28834
4.60693
-1.30573
-4.46360
5.63872
0.75637
-7.53601
1.60701
-1.20861
5.82548
4.76217
6.77862
-1.13488
6.64084
-4.58597
-7.18115
-1.44665
6.78774
-4.40907
-0.43192
2.12610
11.76308
0.24508
1.90231
-2.92672
2.78631
-4.51750
5.25015
-6.64111
2.50290
-1.35188
2.46032
2.79333
0.53571
9.73877
3.40231
-3.83476
1.71393
-5.68544
1.57969
-4.50380
-1.79804
1.39614
-1.88776
-3.78412
4.45629
-7.54090
-2.87552
-7.48849
-3.29613
-0.95935
-5.58160
4.55032
-3.53310
2.48714
0.21035
3.47126
2.63425
4.95267
1.47158
3.59679
-2.39365
-3.11525
-0.67293
0.92607
-4.18971
-1.67030
-1.41798
-0.82269
5.99412
-1.77445
-3.09356
1.74247
-0.91582
7.63499
-7.80725
0.88352
4.79607
4.42019
-1.46985
0.05680
-0.48541
-0.24811
-6.12757
-4.82039
1.23669
0.45467
1.04527
-2.21406
-8.04016
-0.88238
4.07095
0.00075
4.75250
-0.77873
-2.36844
9.52945
3.34359
-3.14689
-1.92607
2.95923
1.99282
2.12498
-3.43366
4.14745
1.51001
-6.00282
8.39869
6.01405
4.31292
7.75875
1.40472
-0.70467
6.48285
1.82237
1.28784
0.19504
-2.19999
3.99805
-0.26361
3.14598
-5.67751
10.12602
-3.59465
-0.64346
-2.60315
1.01928
1.37378
6.30854
-3.24339
-3.03133
-6.14285
2.16211
-0.85560
0.74991
-6.84823
4.76226
-3.89537
-3.15467
4.65498
1.98664
-2.56162
6.10283
6.09863
0.66151
14.67748
1.61592
-1.68578
1.23215
-2.79168
8.04578
-1.36403
3.53871
4.02358
-0.23294
0.92510
-1.18126
-1.01510
-5.17045
-7.91568
-5.44326
5.06174
2.18587
0.55708
-0.04350
3.64698
-2.80725
-6.46072
0.45682
3.31171
-4.71420
-0.44316
-2.57906
1.03913
-3.65526
-1.59976
1.86061
-7.73213
0.09390
2.72113
-1.37918
5.71396
-3.43577
7.09639
0.61078
6.67485
-1.44078
2.49013
0.04655
-3.94686
-2.60347
4.34965
-8.20338
4.84529
4.09856
0.28087
1.46694
-1.45801
8.98820
0.08269
1.82241
-4.03747
-7.93816
2.81722
6.10021
1.04638
-0.06650
-1.43579
-1.89544
0.09342
13.15413
2.25710
-3.93970
-0.09797
0.77980
1.03661
0.19352
0.74470
-4.37441
10.38940
5.26249
-1.07898
-7.77725
1.98283
-2.37488
4.28933
5.13220
3.99698
1.32117
-2.02654
-0.35853
-2.18709
3.76378
-0.46447
1.83611
4.19954
1.54143
-2.50621
5.79635
2.13082
-0.46729
-2.88303
-2.17006
-1.74613
-5.81612
11.92740
-0.86467
5.76361
-2.13140
3.29638
6.51803
-2.64894
5.21911
4.12641
2.35745
-4.66413
6.13641
0.26717
-1.52183
-2.14347
-1.67489
-0.17820
4.79340
0.71263
-2.23965
-0.92881
3.00400
0.30911
-1.88830
10.36330
0.99996
4.47989
-1.78646
4.74538
2.09502
5.15975
-3.66506
4.68410
2.15293
0.64948
-0.02368
-8.35330
3.96358
-6.57763
1.61459
-7.83449
1.20175
0.99109
2.71974
-4.34852
10.00925
0.57110
-0.94381
2.70851
0.06051
2.75266
1.36403
5.62348
-4.31174
-6.12281
0.81433
3.26084
5.82255
-4.42386
0.00727
0.70193
-4.65594
-0.03217
4.34416
-2.78790
-0.33187
1.97490
1.48144
-2.49145
4.56931
1.34431
5.15737
-2.63170
-6.95417
3.60435
-1.89364
-0.83588
-5.73431
3.97094
-5.13773
-0.05666
2.53894
3.50757
-7.34094
-5.29640
5.91788
-3.48409
-5.65491
-1.68094
-9.58273
-2.15197
1.93204
-4.69559
1.36050
0.83911
5.25928
-5.21973
6.67471
4.19704
1.64749
-4.51025
2.68064
3.20790
-2.44962
1.21980
0.33090
-2.76098
-0.08762
-2.84051
7.72200
4.79083
8.92893
-1.90858
2.99998
-2.87701
4.99331
4.54469
-0.25651
0.74979
1.41149
-3.31229
-6.27009
-1.08671
5.41156
-4.94540
-0.88577
5.20179
-3.18277
-0.30269
-4.31546
-7.69401
-1.30880
-6.00570
-0.07232
4.23901
2.22340
-1.63045
-4.04499
-1.06467
-1.78514
-5.84533
5.11142
-2.89482
4.68175
-2.22108
-0.11422
1.15543
-6.39827
-3.87039
-0.69569
-1.56483
5.82816
0.87601
-10.40545
-9.52104
1.20771
-1.05056
-1.96839
2.33629
-4.05259
0.39583
6.15379
-0.43383
6.79628
5.99578
-0.47731
2.09931
3.92563
1.61624
6.70218
4.23869
-4.21147
-0.60385
-1.34474
-3.91226
1.78897
0.10626
-2.00454
-2.13241
-2.94584
-5.66214
-4.47066
2.94214
-4.83092
-6.50505
-2.19208
-2.63814
-6.63320
-3.28623
-0.24846
7.43848
-5.63824
-6.96400
-2.84132
5.01043
-5.13065
2.31190
3.42427
7.42891
6.78750
0.83733
0.44779
1.13059
-5.40819
-4.81501
1.50773
-0.91614
-2.11533
-5.51851
2.82461
-9.82845
3.33771
5.07841
3.81343
-0.53098
-4.10350
5.82050
0.85558
-0.85069
0.01922
-4.98628
-4.73388
-0.34840
1.43751
1.86806
-3.77024
0.71876
-0.74303
-0.08785
-4.67800
-8.57923
1.25705
-3.52443
3.97847
-0.70686
-1.94574
2.01054
1.67718
-4.23644
-0.11359
-1.18940
-2.75837
-2.80923
1.34603
-0.21459
-3.68946
6.21859
-1.15213
-3.64419
-3.18719
-2.47735
-4.88382
-4.97443
-0.09713
-2.70045
-3.76252
3.83133
1.44427
-5.53556
4.50569
5.60080
4.06007
2.83410
-5.11921
8.44923
1.59499
0.96854
-5.18001
4.23752
8.09092
-1.55764
-4.59973
1.13831
3.67116
-1.63550
-1.38547
-6.30098
-1.48259
-0.26181
-2.15568
-0.88416
1.52453
-2.90771
0.23579
2.83557
-1.15060
5.86386
-0.71739
-5.28842
3.75034
-2.07458
6.14580
-1.25051
-3.23648
-11.22879
-0.78273
-6.07130
-5.96079
1.25470
-1.67772
4.90255
0.82145
2.22226
7.66034
1.64528
-1.17227
-1.53722
4.15764
2.19198
-2.74648
1.77260
-2.55224
-0.35901
2.43868
6.58791
1.77252
4.74076
1.76364
-0.29049
-1.38264
0.15649
-3.73314
3.21024
2.79745
1.93609
-0.78843
3.68555
-1.85985
2.58182
1.13778
0.80310
2.64705
-1.81549
2.93268
3.17777
1.60464
6.43581
2.40018
6.02791
1.04978
-10.88026
1.29818
1.29798
-3.37520
-3.22034
-3.96205
7.61413
2.59384
1.48625
8.40762
-7.81073
-0.60487
-6.88180
5.10281
0.71106
-3.27473
-5.70013
-6.41258
-0.80336
0.35683
-5.84820
-0.64789
-1.47418
6.99513
3.22484
-1.67228
0.37272
-6.01752
4.10068
-0.52963
-3.01751
2.40746
-1.82530
1.93622
5.82205
2.70003
-4.99197
-2.19760
-2.74750
-0.16269
-9.22994
-4.46279
3.10784
0.51374
2.64080
2.77092
5.92928
3.23165
-2.60270
5.14534
-2.41863
-3.85731
-7.20767
2.54541
-6.65127
2.29042
2.55882
-5.11152
1.77932
5.18208
2.02216
-3.90537
-0.84184
1.53564
-1.81742
8.27889
5.33657
-1.43512
1.62521
3.72978
-1.78192
1.18088
-6.46615
0.86711
-1.74738
-13.63971
2.11017
0.90035
-1.84179
-3.09898
1.81511
-2.53908
-2.50503
-2.57213
-2.65826
5.99757
0.25255
-3.92692
0.33002
-4.83317
-3.63391
0.91720
11.26944
1.93828
1.90244
3.34228
1.64426
-10.30587
-4.83061
7.09442
2.74308
-2.02691
-13.53989
-5.98902
0.47371
2.30846
6.50006
4.98885
0.06304
-1.67571
5.32138
-4.05633
10.27750
-1.36557
-1.86798
3.21662
-5.39194
-1.85629
2.72620
-5.14783
-1.26846
-5.86345
4.38732
-11.21964
2.12123
-8.15990
-0.88934
6.80206
-6.90727
6.82682
6.34850
3.34177
-3.65757
5.29867
-2.30011
6.16401
3.25399
-6.20857
0.82485
-1.41449
1.63029
5.20046
2.45652
1.06261
2.12770
-8.41857
5.33826
5.29161
0.81135
1.67282
11.73697
1.10078
6.64994
6.58378
-2.19614
3.62244
-4.37905
-3.11249
-1.43136
-7.02303
-2.75471
3.46751
-0.26196
-0.20295
11.70464
11.40329
5.00865
-2.27328
-2.69746
-4.24655
2.44965
-5.12118
5.05995
-1.87787
2.72581
-5.19023
-0.85850
-3.32798
5.97445
-2.90630
-1.34966
-5.27866
-1.91992
-3.70950
-1.50714
3.23926
-0.28681
0.95009
-5.52840
-5.92967
0.35479
5.66549
-5.29627
1.45776
-1.45553
1.84874
2.88004
-3.39833
-8.14253
-3.92057
1.09675
-5.10799
2.82587
-1.52867
-1.98787
-4.93592
-1.47048
-4.69443
-1.71357
3.74364
-1.61322
-0.10334
8.91577
-4.94084
-0.61003
4.32560
4.10753
-1.92125
-4.75461
1.81713
5.02607
-2.14154
3.87247
-1.51570
-5.20392
1.92544
3.94587
0.12443
-1.39362
7.10619
-1.53242
1.20349
-3.30743
0.32658
-4.74759
1.87567
3.95922
0.63933
8.81445
4.81978
-4.99837
-6.44207
4.93769
0.92808
-0.07941
-14.46740
2.54545
-6.75188
-2.20296
-3.69842
-0.96923
-7.34251
-2.54084
-0.34748
2.37927
-3.00093
3.20527
-3.56017
-0.76566
5.73166
2.32964
-2.87088
-1.42706
0.37708
-2.29103
-2.80434
-3.97680
3.85329
1.56942
3.29389
3.48555
4.83293
2.54604
-2.58275
-1.44625
-0.80150
-2.31816
-1.54226
5.92827
-3.84089
-4.03004
-5.03648
2.20960
1.25742
-4.51026
-1.11290
0.24888
3.79342
5.05566
-1.89861
2.31087
-0.09283
-5.80912
-3.94702
0.56691
5.99938
-3.82234
-1.85620
-0.67558
1.48947
-2.68370
-10.66804
5.43230
4.60040
4.65466
-1.54916
-0.88250
-3.97427
-4.22866
4.53813
4.99731
-1.67575
-3.21545
1.80232
-2.92719
-2.99557
3.56534
-7.89649
-5.99640
4.77021
-0.06688
-2.35891
7.43753
0.46644
1.45279
0.13009
2.98026
-0.68963
3.56625
-1.46234
-8.17743
4.47530
4.69152
1.88995
1.79169
-3.14019
0.27940
2.14610
3.31668
0.32224
-7.34510
6.67433
-11.30462
5.64004
-0.52725
-1.21456
3.14727
-4.28530
-4.29596
-4.55283
2.54108
1.33332
2.57112
1.06390
-5.99306
1.61588
-12.29686
-6.01334
-5.45153
-0.92716
2.04538
-1.59909
3.66227
0.15386
6.21112
-5.18117
-5.30907
3.48233
-3.24156
1.68013
0.96073
-4.99985
1.99681
8.61153
2.45277
4.88075
-0.80417
3.78350
-0.71340
-2.87651
-0.33809
3.98317
3.42571
-0.17362
4.06754
-6.28501
-1.69429
-1.05477
0.76606
-4.52053
-6.13192
4.60303
7.34098
-3.30718
2.74186
-0.76629
0.59678
0.67480
-4.92237
0.71801
5.64885
2.90408
-0.19428
-2.72354
-1.37336
-0.76274
-3.98610
-1.66636
0.58957
0.27550
3.73994
4.81999
-0.60999
0.11567
4.85403
4.57511
-3.33302
-2.43816
-4.92124
-2.68726
-7.21048
2.32770
-4.05504
2.69134
2.13525
3.52932
2.95658
-0.13728
-3.80792
8.28916
3.25494
-2.46053
4.94827
1.65775
3.35457
4.71007
5.00471
-6.19183
-5.87456
13.01823
1.64569
2.17306
1.07160
-4.48760
-2.04420
2.00191
2.44507
-1.30598
0.37421
0.08702
1.41685
-3.78265
1.35739
-1.74414
-9.68497
2.10079
3.88526
5.33419
-4.70624
7.00528
6.02341
-1.28312
0.76876
-2.01936
-3.18651
-2.05294
0.20006
-2.05731
-12.73638
1.91390
7.11184
-0.30277
1.95378
-2.72839
-1.38801
-4.30922
-0.74147
-3.47279
2.15263
4.93730
-0.00327
2.93514
-7.79635
-0.33593
-1.25370
6.90261
1.14460
2.18800
-2.07309
6.55866
-1.74577
-1.04828
-7.90927
6.71419
3.11356
0.99615
4.41067
-4.36991
3.68777
0.33453
3.19296
-0.62942
4.14032
-1.56775
-0.66990
0.04389
3.69281
4.04588
0.36104
9.63909
-2.50168
0.70099
2.60680
-4.79278
3.68140
0.34899
3.95114
2.25658
-9.12414
3.55620
-6.50455
-1.07908
-0.27499
-5.90005
1.08336
2.57884
3.39700
5.65990
9.22804
3.43019
0.56219
0.85937
-1.31854
1.68240
3.69902
2.65743
-1.54595
-2.99115
-1.49336
5.00111
-2.19412
-1.72821
-0.37395
2.87421
0.07394
-2.49251
8.24012
5.89423
6.35448
0.04385
-2.46948
-4.30528
-2.58330
-5.00509
-0.27379
-7.81469
3.53534
2.02665
12.15078
-4.50494
-0.84862
-1.12407
0.93619
-7.35004
8.33079
2.80721
-7.16224
-3.18965
2.35646
4.83831
2.22014
-9.75452
4.62173
5.10350
3.51885
-3.89775
3.27769
2.31745
-5.42711
11.98565
-1.90533
1.54967
3.10282
3.39602
-7.62909
-3.11056
3.94609
-5.93122
1.89672
1.16480
-1.68845
-3.03032
-1.30113
-1.77407
-2.07189
2.07198
2.15975
5.40021
-3.64528
-0.07600
6.80925
1.89031
-0.96400
5.99124
1.92248
-7.01406
-8.05838
-0.07317
-1.88403
-3.88473
-4.46400
5.40814
0.76106
4.58383
-3.56226
2.44669
-1.11738
-2.23427
-3.62079
-4.47604
4.04557
1.95823
3.20490
5.53923
0.33983
3.46776
-2.65491
2.55563
3.73285
-0.00385
3.62231
2.17472
2.51565
-2.45799
4.27305
-2.78108
-10.00225
-6.90944
4.76831
5.49656
9.12934
-4.68400
0.95497
-1.07915
-8.46777
-2.26409
7.23546
-2.62017
5.14149
0.60299
-9.23793
-1.32373
-0.88068
8.56223
1.13016
-5.77270
-1.15057
-8.61037
4.76583
-2.69717
1.85614
1.94140
-3.00516
7.13952
3.20270
-1.32406
-1.31677
6.93874
9.54810
3.91758
2.10882
2.34982
-0.46934
3.12133
0.88049
0.33208
1.72488
-3.76104
-1.28170
0.66502
3.42847
1.73313
5.03160
-8.90403
2.75500
-2.01113
-0.62546
-4.41393
-5.07757
0.13101
-3.60233
-0.05553
-1.89295
-7.40589
3.98262
8.15564
-0.81938
4.54150
1.46420
0.61555
-0.82209
-2.47581
-3.51781
4.27011
-5.91256
-6.16980
1.47486
-2.00698
-8.73982
-0.27542
0.16381
3.11196
-4.82404
-7.53067
-11.44301
-4.47045
-2.47707
-0.78636
-2.37239
-6.13078
-10.69718
0.20447
-2.53719
-0.06635
-1.03160
-3.79680
5.51061
0.84784
-4.56862
-7.28881
-6.07356
0.36577
0.61241
-2.04283
7.15473
-7.82902
6.34155
-7.37416
-1.21182
10.30745
1.79888
-0.25108
-6.57800
0.96623
0.75013
-2.74142
1.97900
2.78663
5.50583
-4.12446
-1.36743
-2.02546
0.73484
-6.80851
-0.82861
0.52348
5.28351
-8.59272
6.12486
5.54618
0.43435
-8.45096
0.37399
-5.73766
3.85777
-2.89771
0.09551
1.79563
-3.71003
0.30428
1.37862
7.98761
-6.82017
-0.10345
2.98160
-1.72210
-1.45626
3.71422
4.04965
-0.17997
1.00223
0.59395
-3.91204
-4.87364
-0.72771
-1.73757
4.67991
2.53672
-3.33622
6.06304
-4.49713
3.75002
0.83903
0.78582
2.77634
4.96113
-5.94894
5.31973
-5.97896
2.86125
3.17840
-1.58019
-0.30774
3.84324
5.42101
0.80807
-1.16318
0.38709
-4.86075
-0.14773
3.74247
3.23433
4.26611
0.37999
-3.37619
1.53912
2.73420
-2.30540
-7.48400
5.58746
-0.86449
0.44320
-3.33947
3.13728
-2.57195
2.58554
-5.01099
4.34140
1.62137
-1.88464
-5.70414
2.56199
3.15800
8.03931
-1.29329
-4.37853
3.33359
7.48553
-1.57051
0.71789
-2.21578
0.89414
-3.99478
-1.35731
4.47339
3.35426
-0.30399
-1.82257
-4.84942
-2.43664
10.59302
6.33719
-2.90362
8.09177
1.48306
1.40032
-1.08766
1.86416
3.15796
1.31211
-0.29555
-3.30066
6.11924
-5.13465
-3.60156
-7.93541
-4.50152
3.36260
-5.84610
1.23774
-5.88196
-4.01381
0.25740
-3.38120
1.06845
2.50625
-5.84378
5.15133
-8.91653
3.19270
-8.77907
-3.24104
-1.89111
1.58460
2.90135
6.66256
-0.72100
6.28333
-5.05541
-5.87655
7.96870
5.23730
2.15939
-1.15339
2.36092
-0.92438
-0.87932
-4.47630
0.54223
-1.24601
0.48822
0.89075
-9.45778
4.05386
-5.72352
-3.24135
-4.53837
-8.46034
-10.22555
3.80962
5.91580
2.70488
-2.16769
-0.74630
2.23251
-2.66483
-4.17817
6.05348
1.28374
6.27168
0.53282
2.82063
5.03346
2.08367
2.93898
0.71450
-1.13659
-4.09949
-3.29744
4.34649
-0.75404
-3.61166
3.18417
2.28230
-3.61210
3.17807
-5.58836
3.30807
-0.94250
-7.53857
12.16593
-5.76498
6.18841
-2.87487
-0.58070
-9.07161
-0.70567
1.84227
8.14642
-3.10160
-7.27760
3.07400
2.43006
-0.26805
-4.67107
1.95899
-1.00279
-0.39860
-4.29560
-0.10825
7.25416
4.16937
4.68524
0.41465
5.80020
1.15481
-5.93996
6.92812
6.64938
1.18141
-2.30104
-2.14818
-4.40073
-2.38543
4.08878
-1.39544
0.07484
-4.17720
2.38174
-5.15137
-5.55920
-5.73840
-2.94142
0.57223
4.39584
-2.50588
0.06808
-0.95524
-2.71651
-1.40580
0.01607
-3.68495
-4.49949
-4.41797
-0.87363
-3.63562
-8.53673
1.98525
-4.56161
-1.60892
0.26572
0.08881
-5.43918
4.65705
-8.03549
4.10179
2.49898
0.72673
6.21390
-1.04553
2.94429
3.73404
-2.33781
2.24688
-2.26826
-3.43699
-5.59222
4.26046
7.07728
6.19782
4.19241
-5.53490
11.68513
5.79046
-3.51936
-5.34059
-4.43872
-3.17239
-4.07943
0.78131
4.00969
-6.23610
-7.25464
-8.72352
-0.54647
2.02238
1.45187
-2.25906
-6.53040
0.70766
-2.13533
-2.60327
10.41072
5.36962
2.50776
-3.89121
-5.00761
-4.32035
0.15296
-0.13775
2.82787
-1.46465
-3.81917
1.06833
6.99927
-1.07553
3.62765
2.61567
8.12514
-7.86025
2.78497
1.03579
9.35998
4.17800
-3.01640
-2.48007
7.45778
-8.19768
3.12245
3.84017
-0.55529
-2.76790
1.66001
0.20152
0.82928
-0.54611
1.47680
4.53655
3.35360
4.36817
-1.30316
3.38367
7.08354
5.51409
-7.40172
-0.75603
4.35476
1.11058
4.02461
1.01356
1.99248
3.13509
-4.71156
2.02766
6.08648
-2.12640
-5.66439
1.46735
-4.34916
-0.12575
6.91214
5.55354
-4.38382
-1.14611
8.26610
3.84221
-0.39526
0.02534
7.15788
1.13304
2.51543
0.46411
-7.19539
-0.60232
-0.73161
-0.33103
0.06021
-6.85209
3.71783
-1.51193
5.93782
5.42486
-0.80209
5.52754
6.17003
-5.06270
1.40473
-0.90108
-4.05511
6.05381
2.64032
-1.69689
-6.24966
0.84686
2.62420
0.11518
-5.90579
-1.82977
-1.69122
1.53257
8.89523
8.01565
3.60461
-1.35832
2.06061
4.16805
2.33517
11.95670
-2.08258
2.48455
-0.75540
-7.98602
-0.00558
-1.08058
2.43337
3.43980
-3.33083
4.38907
4.83452
0.76097
6.12314
0.36866
-1.12968
4.45531
0.12269
-0.65147
-3.30099
1.84059
4.37007
1.25072
3.03951
-4.40056
-3.58624
0.75257
-3.09329
2.02477
-1.67816
5.51977
12.67835
-2.35363
-1.81774
2.29142
3.78887
-1.79419
1.77753
7.68521
-1.76859
0.45606
4.28063
2.29653
-2.74715
-3.00528
4.70538
2.17793
-6.06429
7.19415
-0.27743
3.92269
1.98934
-1.41911
0.90690
3.35887
-5.84933
-0.62699
0.24953
-4.06289
-1.29616
5.45772
-4.70543
0.35185
-2.21470
-2.01088
4.38639
-0.13824
3.37070
-6.38752
-1.36279
6.30234
3.57521
0.63736
-4.25688
5.83666
0.83135
1.75665
6.44159
-3.12780
3.10084
-6.47498
-2.19243
2.34956
0.65065
7.53945
2.63188
-1.93563
-7.17762
3.69454
3.42183
2.95753
3.80585
1.67343
9.48941
-2.40953
1.13406
1.37297
0.60056
-6.38912
-8.28495
-0.11487
-2.19248
0.21799
8.28093
1.05208
9.12409
-4.29003
1.94608
7.67077
2.97605
4.89160
-0.88967
1.02840
-1.99063
-1.55040
1.61215
-0.71119
-1.96141
-0.31902
-0.39151
1.51312
0.85306
0.81563
5.10848
5.28012
1.58376
1.12841
-0.51172
-4.68624
-0.20433
-4.13377
-3.32145
-1.20874
-3.37621
-2.70488
0.03309
-1.89685
8.31647
7.84246
2.26882
-0.25799
4.18848
-3.53243
2.48561
-0.79780
3.90788
3.64556
4.31183
3.52874
-2.16572
-3.88598
3.83395
-1.05263
5.56691
7.22885
10.45934
0.20748
0.38286
-5.98719
-4.71519
-0.46696
2.04809
1.68388
7.89542
-3.38613
3.68375
1.80469
5.39468
-4.71350
-0.59456
9.76961
-3.10147
1.94424
5.44914
-0.92143
-5.73588
3.09286
-2.84880
-4.87260
-0.60948
-6.92524
-4.01895
-2.89282
-0.25909
-6.68390
0.01431
-3.09570
0.88213
-0.18245
-5.99539
0.76445
-3.92096
-2.60281
-1.79912
0.10563
-1.34023
-3.76083
-4.72371
2.35069
1.09584
-2.56638
1.92360
-5.32340
1.28001
-2.05873
-1.26373
0.61421
8.69603
0.17221
0.84258
-4.90665
-1.57337
-1.15935
5.92088
3.74215
-4.86100
9.02340
5.74000
-2.33587
-6.67447
2.35521
2.70307
-3.35594
-6.70448
-2.11638
4.76748
1.62534
5.74753
9.01230
-0.17066
2.87198
0.79336
2.74546
-1.36078
-3.90467
5.37131
-7.75888
-1.60378
-4.66155
5.61108
-1.76085
2.68862
1.93966
-2.54955
1.76361
6.61774
-6.21090
3.82431
0.40160
-3.42192
-3.03524
4.17905
-3.81447
-4.29599
-0.91532
-1.26095
-1.47572
-2.90092
-1.92556
0.88608
2.27619
3.47324
-0.11212
4.49017
-8.26873
4.86089
-1.27713
5.08675
-4.00853
12.49733
-2.21185
-2.30518
-0.72701
-0.85229
-1.30506
-1.07245
-0.41800
5.49389
0.84915
-1.40399
-2.11323
-0.93069
0.51380
1.05723
-4.58365
1.69626
-0.62441
0.69456
0.51186
1.73716
-3.95005
5.18807
-4.13906
-6.77947
4.83762
6.11045
4.03004
3.50237
-2.69338
3.57632
0.00754
9.54288
-4.41744
0.38785
7.30907
-0.03300
4.09901
4.53357
2.01918
-1.65692
6.24841
-1.33566
-7.77149
2.19709
-0.88681
-2.57839
5.95887
0.71705
7.06849
0.03411
-4.05457
-2.47672
-0.13486
3.91743
1.95191
-2.77262
-4.79635
5.89583
3.55092
-3.08041
-2.92671
-1.46488
2.94356
-2.96171
2.40236
6.22820
-5.63160
-2.73114
0.62964
-1.36620
-1.05727
5.31856
-1.00624
-6.50852
0.85155
1.07080
7.73781
3.62163
-4.25750
6.26636
3.07722
3.78574
-5.15484
0.41229
-1.04816
-4.06012
-1.46388
-2.72919
6.56167
-0.17688
-0.01194
-0.39939
-2.06381
-3.15704
0.90658
0.00617
2.87767
-1.19207
-7.38949
1.83043
3.57426
3.96761
1.18421
-2.75123
0.78490
-0.59433
2.94378
3.44643
2.16879
3.11346
7.29003
3.84386
-1.24922
-3.41415
-0.86790
0.48743
-3.47194
3.88188
2.25379
-0.53157
-3.16353
-7.32201
-1.20999
-0.75071
1.25824
3.29655
-0.63741
-1.12942
-2.35864
-6.68598
1.74847
-1.49481
-9.42009
3.72758
4.31893
-2.18021
-6.91994
0.99429
4.17474
0.37956
-0.40815
2.20273
1.46986
4.20890
0.21112
1.99323
-0.95383
4.64256
2.24530
3.32042
0.61314
4.24522
1.31656
-2.48411
-0.67091
5.48691
-3.47290
-3.73422
-0.41464
-5.91627
-1.85650
-3.35330
0.95257
3.14306
4.78377
3.34742
-5.38128
1.60058
-2.34751
-0.15764
-1.38468
-0.71985
-3.47657
-9.05889
-10.16920
-8.20884
-1.87096
3.04340
-5.64478
-0.68080
1.04544
0.36591
-6.26978
4.73965
2.86178
-5.75072
3.58069
5.87843
2.54253
-2.58120
1.02768
1.05200
6.61223
0.08854
0.22501
3.25725
0.86987
2.21397
-0.70084
-0.12155
-3.69559
-3.66345
-3.76716
-0.05474
2.26338
-1.89031
-5.49614
-2.01422
1.81737
-0.94122
12.71961
-3.73276
4.11468
-3.38673
2.40004
-0.23999
-2.44622
-1.20544
1.54875
-0.69390
3.26897
2.91234
9.52334
0.95776
1.64747
-4.77114
2.13245
8.92574
2.30652
4.84383
-0.95133
4.23112
2.27471
-1.34048
5.50616
3.52866
6.33604
-6.59017
4.24242
6.05978
4.80319
-2.04971
0.19857
-3.45093
-2.51657
2.22163
-0.32144
-3.97878
0.87549
2.34547
2.11497
-1.25632
-2.94205
5.33496
0.28989
-8.33682
5.14299
7.78010
0.16788
-0.53906
-0.11378
2.79525
8.61407
4.49638
5.84291
-5.69352
-1.77477
-8.05215
2.80605
-1.97167
-6.59158
6.81255
-2.79378
-1.19370
4.27144
-0.00921
-2.01268
1.46433
-6.75304
9.27448
0.55730
-3.72658
0.60791
-2.83268
-0.03487
-5.91131
-2.40293
3.57840
-4.81108
1.82072
-1.41989
-4.03095
0.86040
-4.66406
5.85686
2.06414
0.19349
-5.51860
-0.42431
-1.25165
1.09450
-3.32075
2.90663
0.87848
0.24066
-0.49089
0.98665
-4.07252
-2.25811
-8.80774
3.62300
-0.31278
-1.53736
-0.96759
-5.53070
-1.73436
-2.52846
4.49975
9.72696
1.54110
4.78818
-3.71493
-0.96056
3.75860
5.42036
0.53892
-7.70071
2.78205
-2.29247
-3.82499
-2.13150
1.17734
1.82569
5.02762
-2.84120
-5.23820
1.47374
4.48636
2.63275
-2.16132
1.57005
-6.65695
-2.36609
0.90774
-2.24642
-1.11318
5.12418
-0.52933
-8.70252
-7.42530
5.99350
-2.35893
0.75456
-0.67235
-3.64284
2.39188
-4.77727
-10.42427
6.68704
1.28737
-7.07275
0.32912
-3.18816
9.32219
5.45331
-4.29695
1.02721
-1.22910
5.07661
0.26701
2.68576
-0.74919
0.02064
3.92815
1.58080
-2.97055
-0.63797
-3.08645
7.08360
4.96365
3.93333
-4.92489
-8.13514
1.24589
-5.74595
0.78832
-4.40708
3.97234
2.45771
-5.11042
-9.42135
10.19465
7.57236
9.86589
-3.08540
5.30355
-5.83321
-2.11649
-4.42383
-2.89804
2.26870
4.99102
-5.24811
-2.72480
-7.73251
-1.05144
-0.82139
-3.61459
0.83552
5.21539
0.36702
-6.94759
-2.64880
-0.22880
1.14802
0.80606
1.23912
-6.68146
-0.01667
-6.05915
2.34124
0.44521
7.97048
-4.24659
7.81565
4.35230
-2.81529
2.27430
-7.53160
-10.16365
3.50792
-5.60457
7.86944
-1.11826
-2.50203
0.30334
-5.51054
1.72946
-3.24514
-0.38404
-2.19794
7.61307
-0.17304
-1.48534
-1.82040
-2.66377
-2.74723
3.52274
-0.15001
0.14358
3.17444
1.30155
1.36500
-7.03013
2.21444
6.86300
3.89680
-2.72107
-3.07782
-3.23847
-3.52322
-3.82892
0.51475
-5.13401
-4.50387
4.23666
2.70279
0.45493
5.42944
-6.77856
-5.74245
6.07982
-0.68376
3.39315
6.11454
5.47588
0.72117
0.23138
7.84674
-2.23412
-7.57893
5.01244
0.17110
4.42753
-2.44938
-5.30957
3.42002
-6.04198
2.74313
7.68423
-7.06178
-0.27791
-1.64436
1.23698
-3.88162
-3.44156
-2.20540
4.57560
-1.66810
-0.60607
-0.90310
2.74663
-4.67708
1.45342
1.29910
2.38691
0.19021
0.17607
-0.53479
1.20995
0.05224
-5.90369
4.74320
-3.52963
-1.50497
8.90028
-1.50400
-1.11915
0.45345
-0.58423
-3.55877
4.54382
-4.86360
-3.45582
-2.78609
2.54776
0.26674
1.21523
-2.10517
-5.18454
5.13115
-1.07684
2.92143
-6.70040
-2.46706
3.91831
-1.13722
1.15440
-2.02377
0.11824
-0.52660
2.32717
7.58842
4.46499
-1.01182
-0.35762
1.65924
3.24122
2.48499
2.63032
-3.88624
8.06788
-0.11781
-0.34336
3.76015
-8.35624
-0.00684
0.18647
-4.37336
1.54254
8.29740
2.88692
7.47764
2.73662
4.39701
4.29283
-6.96221
8.62777
-2.31183
-1.41491
-2.66080
4.89458
-0.92240
9.97628
-1.75235
-6.44065
0.01512
-1.79072
-3.04709
-4.28356
-4.90394
2.70862
-2.92936
-5.13048
-0.44581
10.86835
3.78583
0.85974
2.88212
-4.09654
-1.92539
-0.01201
-7.38795
1.26024
-2.28817
1.51107
-0.55244
-0.87565
-2.82738
-8.34133
-1.75366
-1.12582
1.26374
4.54653
-2.61459
1.13341
-1.91779
0.51416
-1.50063
-0.36019
3.45589
-4.83520
-4.01631
2.52135
-1.25529
1.93697
-1.77904
-3.08617
2.25760
-3.57099
1.56601
-4.85480
4.04372
-0.95129
-11.53392
-7.47306
4.03588
-4.15446
-1.24003
-2.91134
-2.09688
2.07486
2.44591
-1.12786
0.02369
-1.81987
3.56317
1.91380
-2.13720
-7.30884
2.35116
-0.41052
2.04591
-0.91701
-5.66673
2.64697
-4.69021
-2.15304
2.96701
-1.02942
0.03752
0.65703
-2.96684
-3.04776
-0.70732
3.88226
0.74383
5.25122
-1.67043
6.63892
4.50354
0.01759
-1.73517
2.42999
-0.85300
0.10704
1.66571
-1.36891
-0.26508
-11.27921
7.45323
0.98073
5.33244
-5.25134
-12.51793
3.22384
0.03805
0.38177
1.24656
-0.16233
-2.18592
-1.41857
-1.27088
2.05918
3.23857
3.42057
2.13584
0.70418
1.29529
1.09998
-0.53295
-2.60371
2.53964
2.30824
-1.38209
-0.03500
6.10355
3.64273
-3.42163
2.13561
1.18569
-5.10434
5.80329
-1.30709
5.27077
3.40778
-0.80471
-4.29368
-3.48275
1.51088
4.26819
-7.00932
-7.87455
1.54281
3.20216
-1.21814
6.89871
-5.59309
-4.32178
-2.40690
4.89733
0.98730
3.23610
4.81443
-0.91370
-4.71281
-1.18519
1.90430
2.96569
6.53048
9.70752
-0.12383
-1.16390
-4.73734
2.40079
-2.98993
0.28412
-0.56883
-4.09987
1.26120
10.50080
-4.41513
8.66257
-6.85675
-5.12705
3.97230
-0.35638
-0.80896
5.89501
-1.19563
4.39394
6.22591
-0.26011
-2.07409
1.71241
-0.55688
2.63881
2.03058
2.99518
-1.43004
3.24780
6.53494
-3.14684
2.49911
2.95314
7.09263
1.55473
-0.79985
6.27174
-4.36516
1.01711
-0.49810
-0.95397
2.76797
4.66651
3.20092
-0.48004
4.43218
-1.14726
-4.09096
1.57948
-0.30198
-5.40529
-0.45504
-1.25715
7.27336
-1.76084
-0.92293
-0.51585
9.79576
5.83404
-2.57788
1.43815
2.94277
6.71981
8.24334
-3.34090
0.20746
1.11989
2.26267
-2.44830
0.26050
-10.00819
-1.96976
-5.23012
1.35585
-4.57957
-0.04741
-2.73328
5.34735
-8.67584
4.20538
2.31059
0.71914
-5.03146
1.75977
-4.11797
-4.56973
-1.57277
-5.67886
-0.97773
-5.03607
1.08779
-0.52914
2.21793
2.42240
-2.39170
0.12786
2.25537
-3.90484
2.56929
-0.26001
-3.31735
4.97178
-2.98144
-3.92090
-3.52507
-2.21794
1.61835
-3.64284
3.33848
-5.76748
-0.40225
-1.19702
3.98816
5.74402
2.14011
3.77145
-2.06969
0.65851
0.49260
-6.43823
2.84810
4.21392
-6.36183
6.44000
-4.08587
3.49706
7.92893
2.47659
-0.96192
9.82948
4.13675
6.06348
-4.13294
4.54509
-7.32836
-5.45608
-7.13398
-0.07082
-5.61122
-3.99687
0.75067
4.13719
-3.03078
-4.25428
-6.56412
1.02369
-0.77161
8.22491
-6.15914
-8.55128
0.79605
3.84721
4.13910
-0.19013
2.64902
10.08391
-3.96812
-8.75041
-0.65408
-6.06921
-3.03554
-3.91546
2.82335
-9.21254
-6.23448
-1.34936
-7.94936
-1.96402
-4.88207
-5.66342
1.05411
2.12963
0.97439
0.67076
-0.90600
5.85648
6.02270
-3.35612
1.56752
4.67268
-4.24527
-2.20418
-1.69144
2.00740
7.91851
0.02779
1.38687
6.21877
-3.20051
-2.01748
-8.61447
-0.99265
-1.02185
-1.95504
1.21438
-0.80536
-5.13702
2.11672
0.43665
-3.71832
2.73136
0.06417
6.98134
8.54885
-0.24780
3.60914
-7.16071
-5.25363
-0.23029
3.69092
-1.96127
0.22722
6.62104
-6.21726
-5.21132
0.84972
4.99278
-1.20897
3.66778
2.55991
-10.15234
3.10902
1.88116
2.85783
1.29533
-1.02038
-1.04930
-0.41447
-0.65664
5.98362
-4.90329
-1.57618
8.75470
8.86874
0.26003
5.79829
-1.57116
-0.50003
0.38390
-4.76006
-4.24343
-2.16422
7.29274
-2.22523
-1.60114
0.81955
5.34246
-6.75569
-1.35260
3.53419
-1.06691
-0.38529
-2.43373
0.79199
3.39906
-0.36068
-2.50327
4.28322
-0.27310
1.60261
-6.73292
-2.07647
-1.95993
1.41839
7.33061
-1.53383
-0.39329
-3.80252
-5.60776
2.20294
-2.26433
-1.31299
2.44769
-1.87695
7.79532
3.35181
-1.62136
-1.21586
-4.63681
-1.85774
7.87781
1.52665
4.27113
0.45338
-4.45926
-3.51124
-5.85684
1.54226
0.26796
0.59736
2.09780
-5.26002
-2.94645
3.30322
2.69287
2.07437
3.24248
1.79396
0.35743
0.16627
4.57399
4.29329
1.58716
-0.67549
9.19050
0.61356
-4.87761
1.87579
-5.28225
-4.31406
-2.34288
-1.23990
-1.69211
8.92629
-0.33498
3.57863
2.31945
-9.17767
0.41480
7.12953
3.80627
-4.21798
-1.59309
0.81676
-1.41522
0.13092
6.28682
-4.53226
-4.96277
5.29882
-6.28055
0.62156
6.69391
-0.59388
6.92746
2.83622
-0.17078
-0.73896
4.35345
-2.73772
-0.97441
4.66996
-3.50959
0.72422
-1.03167
-1.77612
-0.57413
0.20076
-0.68445
4.56024
-0.80262
4.90296
13.15411
10.66953
4.13012
1.45352
1.04549
6.25645
1.26955
3.31435
8.63593
3.40216
-8.66767
1.92628
-6.12023
-3.77117
0.35195
11.50688
-0.95072
14.49166
0.36369
0.91102
7.62893
-1.46732
-2.26273
4.13373
-0.26659
-5.95889
7.75826
8.93532
2.72143
2.06144
3.04741
2.38284
-2.69963
0.40176
1.66718
8.47942
-4.34651
3.85420
-4.87001
2.92552
2.94149
1.77135
3.02478
8.51743
2.74831
-3.60596
-1.11099
-5.78231
-1.26044
1.69182
0.23439
2.82784
-3.70791
1.90357
5.29849
-1.92386
-2.25290
10.25870
3.13355
-3.75289
-4.57323
-1.70475
-0.39326
-2.70948
2.78391
1.15052
1.93875
0.77820
6.33724
7.85463
3.66331
0.88844
3.47869
-1.83419
0.43189
-1.72148
-4.43555
4.12549
1.44804
-2.64638
4.10839
2.58226
-2.75229
-1.67315
3.18873
-0.39244
-5.87306
0.10366
-5.01614
0.46969
6.33544
-0.20061
-0.75891
1.01119
-7.47537
-4.17019
-6.65128
3.53304
2.21378
2.50796
-0.37702
-1.15643
-4.77900
-2.64520
-8.35171
8.20960
-5.29881
2.05734
2.40528
-6.51037
-2.58953
3.86687
2.56685
-3.40191
-3.26756
-2.73657
9.79828
-4.40368
9.51806
6.29228
2.13865
5.86084
-0.73181
3.88828
-0.84953
-2.03463
3.90060
-1.57622
-3.85095
-6.79240
5.69069
-0.48144
-3.36060
-5.11453
2.70687
-2.37467
-3.11781
-2.15188
-2.27719
1.61528
-4.31573
-5.70393
-6.05242
-0.81620
-4.18339
-5.26010
2.13575
-2.21311
1.00695
1.04719
4.92687
0.78877
-4.38641
1.27981
-3.50230
3.11575
-3.09142
-0.80196
5.49148
-2.98713
-0.91964
4.29782
0.04637
5.72097
-2.29086
0.33469
-1.61624
-1.97669
2.63557
0.89580
0.41179
0.61943
-2.90821
-4.55907
1.57114
-1.88658
3.21081
-3.10481
0.03041
2.61513
0.35143
-0.59170
-4.91832
-4.20624
1.66195
3.20443
-0.64841
-4.46063
7.80548
-6.37560
-3.62406
-6.71643
-0.11052
5.19783
4.44305
-1.73423
-2.06664
-2.41473
4.37742
1.88572
5.56321
2.93130
-0.60321
4.08676
-4.19351
2.62146
1.32740
5.80702
5.40536
4.30246
-1.24987
-3.34241
3.88644
3.92610
8.04657
6.39971
2.46532
4.25969
-0.27094
-3.83369
-5.03375
-3.45976
3.68956
-7.41844
-2.43991
-7.14392
6.06862
-6.21800
-2.13513
0.33545
1.95621
0.50248
-3.29461
0.51658
6.76096
1.04219
-1.65594
7.75411
1.55047
4.06348
-6.79162
-4.24527
1.75922
-1.52379
0.13466
-6.84821
1.07110
1.73437
1.60483
2.58853
-0.78989
-5.72720
-10.30527
6.28905
-4.77569
-1.00135
-3.91402
-6.32049
-1.08190
4.77655
-4.66206
-1.43443
3.38370
-1.58922
1.79375
7.57768
-6.55775
4.01418
-7.80984
2.72031
3.45252
1.29701
5.76730
-0.98440
-5.21635
6.76728
0.52363
-3.01404
2.08755
1.76635
3.38446
-4.58364
-0.37934
4.75882
0.54424
-0.21130
-3.56001
-4.00828
-2.13854
0.57330
-8.10252
1.29662
3.46441
0.50437
-2.13394
3.75682
-5.90687
-2.21941
-6.78601
-0.96978
1.16942
1.42411
8.80004
1.25646
-6.96012
-3.14350
-1.49097
-4.53469
-7.20487
7.58278
4.65234
-0.93966
-4.88453
-8.95060
0.75539
-0.98619
6.77952
1.23263
5.13261
2.14081
-0.71730
-0.11571
5.55063
3.99410
6.56634
0.96997
-8.53580
-5.26980
-1.93059
1.26260
-1.53519
2.82086
7.34003
12.70369
-2.44915
-10.82448
-0.02039
-0.01036
-6.81918
-1.73425
-0.96977
0.84237
3.28177
-0.11641
1.04020
-2.19678
5.21935
1.89892
2.41536
2.64669
-2.40312
-3.11994
3.38766
0.75404
-2.88719
9.38011
1.01203
-1.75766
-0.18316
-10.01838
-3.51812
7.21000
-4.22701
-6.67317
-3.65940
-3.30028
4.98010
7.08158
-8.64370
-1.21969
-2.88294
1.78325
6.34468
-5.12303
-0.03454
0.86511
-6.30322
5.34563
1.02823
1.07255
0.85937
1.95282
2.82717
-7.84239
4.90034
4.65075
1.09427
-3.28778
5.96789
-5.21504
4.90618
-4.79550
7.39497
-4.33044
10.24739
4.36880
0.15004
-0.54015
-1.88667
-0.28049
-2.56800
3.17594
-2.70584
4.02286
-2.87237
0.69000
2.31191
-6.19595
2.43762
-6.06971
6.71248
-8.03937
-10.14564
-0.95920
10.15706
-1.03521
0.83107
-2.66210
-1.40921
-0.24626
0.56336
8.46123
2.55556
0.38659
-4.92864
-0.29597
1.03849
-5.05441
2.00525
0.66119
-1.00368
1.04759
-3.10930
-9.14440
2.92619
3.11164
2.71108
0.82520
4.59567
-4.52228
-1.09693
2.32120
-3.35824
3.47824
1.45911
2.35018
-3.42995
6.03987
0.05457
-8.76213
-2.59031
-2.66644
0.68657
1.52347
4.03585
0.09751
-1.15717
-1.48222
-1.89220
5.03659
1.48321
3.45710
-6.90365
-0.81404
4.01765
-2.57805
-2.52663
1.38550
4.62366
-7.82977
-4.18989
-1.20420
-5.18063
-2.55389
3.27650
-0.89523
8.51228
-4.78510
0.88950
-1.62102
-1.91560
1.02577
4.95869
-8.41216
3.72239
-0.32711
7.98650
1.59200
-2.64784
-0.41958
-4.53980
4.22366
-2.26586
1.58068
1.68968
2.19846
-6.66926
-0.46661
3.73899
1.27495
0.78445
5.59097
0.22636
-2.74723
-2.18908
-4.69206
1.08690
-1.73008
-0.25848
-1.77381
1.48471
-0.32419
1.35683
2.31224
-7.16916
-0.42045
2.96015
3.59687
1.51381
-8.18661
2.28934
4.25105
0.15303
4.31985
0.71897
1.69808
6.03761
2.41082
-1.06634
-7.36966
7.06626
2.67458
-3.23174
-2.23305
-7.96233
5.78662
3.80534
-1.90859
-1.20413
-4.47461
2.16529
4.47579
-5.44712
-6.89607
9.21109
-1.76429
-0.97623
-1.00382
2.23127
-8.94491
1.45151
0.55240
-4.13777
-6.80295
0.19359
-0.86874
5.24634
-6.24426
3.20622
-12.93458
-0.93696
-1.84059
1.05859
-0.30560
1.58350
-1.58947
6.04765
6.26145
-3.01634
0.21937
-1.00469
4.68640
6.28995
-3.15766
9.89692
0.93722
-1.65743
4.11934
4.74674
7.12755
-3.85599
-1.48373
7.87800
3.92536
-0.80787
-2.58680
-0.35027
-1.39051
1.83764
2.92890
-3.14235
-0.40433
3.71172
-6.53463
-2.18175
6.30149
8.26096
-1.91060
3.06268
4.51167
-1.44209
2.66822
1.74941
8.83098
2.17550
1.53975
-2.35567
11.50999
-3.22682
-1.26499
3.12249
1.40375
-9.38905
3.25989
-7.99186
4.71908
-3.26992
10.26792
-1.35162
-6.01503
0.93517
2.07758
2.66664
-6.79392
-1.30710
-0.51320
5.04841
-1.51462
-2.71899
0.41128
2.80690
0.76065
4.21534
-2.62851
-3.53288
3.21865
-6.12047
3.42825
-1.01336
5.82560
7.04678
-1.99098
2.58447
-6.42074
5.59814
0.34943
-9.51978
5.94927
0.81830
0.55032
-7.86146
-1.58334
6.51094
-3.27725
3.11100
-2.64969
-3.87212
4.61365
-5.77381
0.98211
-1.53272
-2.27728
-5.82742
0.73497
1.10724
3.99926
-8.20789
4.04176
0.43021
1.96707
-3.19544
1.57633
-8.81989
0.43920
-8.12898
1.73354
-0.79289
-2.77747
2.07656
-2.51617
-0.50353
5.99605
-3.50480
1.44548
4.89433
-0.12810
3.74564
-1.02206
1.14158
6.78555
1.93005
-8.52952
-1.73700
-0.75199
-1.12864
1.47405
-2.76189
2.12997
-10.91791
2.78205
6.21418
4.13010
5.57100
0.98810
-0.95000
-3.68259
-9.17754
0.69679
-5.75648
-1.59044
-6.53564
-3.36989
1.60291
0.04238
3.38869
-0.57525
-0.41945
-1.33936
-5.36524
3.80285
-0.88460
-2.35094
-1.51087
9.11566
6.17073
-5.78707
4.78753
-0.23280
0.97875
-4.43822
11.65568
-4.76186
0.28422
-4.04451
-2.28692
2.17135
-4.00657
3.24670
0.31446
-1.95597
2.43710
-5.93963
2.50745
5.30760
0.31779
9.56627
4.56986
4.68379
3.93718
0.53555
-0.59450
0.39493
-4.11712
2.40514
-8.07864
5.38361
3.82734
5.74627
-10.04110
-2.59075
-2.84341
-2.27214
-4.56281
1.95986
3.58580
0.16615
-0.42804
3.09443
-6.73942
2.79547
2.54671
0.55392
3.54115
2.54894
0.32167
0.74717
-3.56099
3.65422
-0.85908
-4.16330
3.27360
2.65747
-4.13556
-3.33836
-5.22808
-2.19066
5.34079
6.44004
3.17018
5.81008
-1.21523
5.87134
-5.19563
1.18634
5.77571
-1.70836
3.37717
-7.11138
-2.03277
3.50294
0.22368
-7.56549
-0.72685
2.81055
-5.81644
1.32562
-3.64121
-2.31244
11.07771
-7.29212
-1.44567
-0.22250
-0.70597
5.61839
-6.82051
5.01996
0.17744
1.28798
3.57098
3.15271
0.26480
-5.02992
-3.75602
-1.61484
8.63400
0.51939
1.14623
5.37268
5.35084
-3.45011
-0.05834
-1.79931
5.64936
-0.77522
-4.25084
-1.54738
-1.89646
8.94212
-3.06306
-5.47513
6.53930
-2.43192
-3.20601
-5.59963
-2.22148
-6.92459
2.66918
4.38998
-1.35292
0.97037
3.07207
1.33017
-7.40482
2.72005
6.18101
-2.55425
1.13274
1.07774
0.06119
-1.71689
1.86610
6.60349
-5.76047
0.88923
0.94386
-4.25187
-5.94300
-2.53837
-9.56245
0.33036
0.73238
-2.54331
0.98115
3.77253
0.90351
-4.23005
-5.02086
-1.15504
-3.20921
-0.15196
-8.98685
-0.45572
2.84814
2.27922
-5.58870
7.53872
-1.92562
-5.82494
0.67999
1.69099
3.01518
-1.54587
-1.56398
-4.03366
-2.01934
0.70150
-2.83925
-0.75942
5.30061
-2.46061
-3.06596
4.11833
1.81508
-4.10211
0.39019
11.40403
1.30636
-4.85878
-8.38996
3.51737
-1.75476
-1.19955
1.79947
0.17982
5.45708
-1.93054
-5.20230
2.96293
-2.97884
-1.52729
-2.91563
4.07313
1.79104
-1.94228
-0.03313
5.64067
-7.32218
7.65598
-1.35209
-4.77195
0.36032
-4.51828
1.04343
-4.06536
-1.94260
0.36254
0.09194
-4.13448
5.51252
0.74395
-1.93862
-2.09923
-7.40070
-2.93979
-0.91092
-2.01445
1.69616
4.12723
5.09918
-2.73498
0.98330
2.69742
-1.12477
-2.05943
0.12381
-6.17572
2.72522
-7.71687
-5.91505
-3.67604
4.11043
3.41075
0.14940
-1.46325
-2.08506
1.68034
2.68831
0.13658
-2.06271
-1.33842
1.30455
3.49275
-0.96632
6.88796
5.24685
1.35421
4.60024
-0.02155
7.25947
4.03759
-2.55322
8.69083
5.48607
-7.03509
-0.34582
2.55175
4.89254
3.05490
-2.12916
2.07195
-1.88859
1.48403
-4.35683
3.69968
-4.38126
0.20170
-3.52507
8.47844
6.38824
3.71631
-4.38248
3.55554
1.30467
0.91954
-6.45617
3.71414
2.88085
0.12063
6.01524
-5.98221
-3.89689
4.40567
7.06990
2.66497
-2.37119
0.25045
3.57992
0.33123
0.63634
0.35071
0.25313
-2.57000
1.97663
2.81825
-3.29766
-4.75118
0.53513
2.93003
-1.83481
-2.23642
4.63483
-0.40337
-2.15615
2.14334
0.99779
-1.08432
0.35458
0.01953
6.93219
-6.40130
2.67710
5.14435
0.23661
4.71093
3.83026
-11.74691
-9.75618
-1.45352
2.25432
-2.78999
-4.88490
-4.30126
2.07819
-6.34142
5.16708
9.67987
-1.81276
-5.00541
0.49173
6.05131
-4.03706
3.45629
9.94429
-3.40298
-1.99921
-4.04901
3.56589
0.34585
-3.98050
2.25924
3.38814
-11.01756
-1.51948
-1.54336
-6.62424
1.54019
-4.21729
-1.81866
-1.73703
-4.64492
-1.03376
-0.35353
-1.18874
2.74844
-4.98811
5.50596
0.36838
-0.99987
-3.35335
0.33920
2.18534
2.68811
-2.26327
-12.30729
1.43599
0.52837
4.05324
-1.64866
4.94195
-4.26283
7.21843
5.22814
4.44155
7.80336
3.38602
2.52910
-3.94528
-0.69968
-6.55894
-5.38973
-0.97468
-7.38890
0.37901
-2.00606
0.34802
-1.67770
3.29778
-3.27577
1.84427
9.56585
-0.21912
2.07599
5.08330
1.39751
-0.01491
-1.70789
-5.85001
-2.59977
0.21300
0.82941
-4.96394
-7.20719
-0.38768
7.79369
4.71682
3.24739
-0.49847
-1.31305
7.53615
-0.07145
-2.46033
-4.05624
-3.41284
8.40247
5.30924
-2.04657
-0.68040
2.69773
-2.25479
0.72897
-1.68388
-2.93731
0.51398
-0.33319
0.45448
6.00209
0.62040
-0.66104
-1.56853
-4.58043
-10.92753
5.97962
2.80563
2.62850
-1.35234
7.36746
-1.91417
-4.96736
2.73727
-1.99033
-1.60006
-5.22628
-0.34228
2.41382
3.48799
-4.64958
-6.88307
-1.68768
3.18293
6.97823
-1.54590
1.49259
2.26587
-3.74895
-3.92116
-4.87928
4.61441
-0.62442
4.15914
-1.03229
0.79179
2.93767
5.07791
-6.55495
-2.01042
-4.07532
3.87152
2.34439
3.61944
3.63664
-2.52697
8.99269
4.23476
-1.17953
-1.09057
-0.08215
-1.12107
-5.56845
-0.57820
-0.30188
2.31970
-5.56539
-4.29003
-5.37553
0.65149
2.17023
0.42216
-3.02242
0.93382
1.16220
2.32672
-3.64466
1.33218
-5.80491
1.48558
-2.70707
-6.97711
6.07699
-0.45083
4.10752
10.78284
-1.56988
1.24667
-0.39725
1.08994
-0.12139
-0.96391
1.25334
1.44702
-2.04499
3.33774
2.52667
5.96495
-0.63682
2.75882
-1.08632
2.59288
-7.83464
3.39369
4.07004
-1.05604
6.07059
4.60522
-1.47365
4.16892
-0.44414
0.93682
0.99566
-4.96165
7.47235
-5.64927
1.03008
-5.65387
-1.35951
0.29217
-5.65966
5.31732
3.77870
0.16928
3.70068
1.92813
2.75876
-5.77458
-4.11613
-2.06235
1.06411
-1.81060
1.82898
-10.07933
2.45906
-6.58741
5.12681
-0.63096
-3.69915
2.57047
-14.24552
2.88776
-3.06169
-9.31941
0.79423
4.77496
0.88935
-2.49132
-3.31803
-7.62114
-1.68462
6.89166
-0.25228
-5.19560
2.92491
-0.69557
0.25589
3.69076
-0.61845
-0.74742
1.28332
-0.76756
2.37770
5.06295
4.40156
-3.34154
4.71302
4.19553
-4.49275
5.25728
-6.99908
5.16946
-4.45134
0.95186
7.06515
0.48004
2.04772
-0.71820
-5.08083
6.76410
8.01246
-4.54946
6.38114
-1.75705
0.85875
-3.11375
3.88286
-1.28925
0.35351
3.90486
1.27758
-4.13805
-5.68674
-1.90711
-7.72583
-8.22801
0.10455
-2.02934
-1.22084
1.89290
2.31495
-3.68035
-0.13531
0.58630
-1.00568
-8.00383
0.80456
0.43409
4.57274
10.11453
0.80037
-3.22215
2.51306
-1.24097
1.36807
-3.17695
0.46264
0.81620
0.43426
-6.75331
1.67753
-7.35618
1.63845
-3.34113
6.24971
-6.80230
4.27100
-4.25758
-1.68714
5.99067
-0.95460
1.44315
1.87805
-0.78180
1.71218
6.65431
-4.82401
2.09053
4.51870
-1.40078
-3.64572
3.88791
-1.20606
0.96968
-0.61973
0.65241
-6.34803
-0.84029
-1.42797
-1.66322
-3.37042
5.95279
-1.25583
-1.89846
3.24085
-3.63723
3.60159
9.48491
-7.86265
3.15995
-1.07984
-0.82095
-7.96659
-0.26325
1.51444
0.31473
-4.60074
-1.84147
-3.61395
4.52419
-1.97970
-3.79746
-1.47563
0.55644
8.23696
1.98280
0.49772
5.32657
-2.86743
0.02388
-2.74836
6.34178
5.91591
3.32615
8.77688
4.57066
-3.06890
-1.69141
4.41093
-0.90438
-3.48219
-2.69210
3.35104
0.73516
7.73249
1.97795
0.58322
-3.35990
-2.81259
-3.93255
-3.14847
-4.33990
4.81486
-2.78823
0.43182
-5.93098
-4.73862
4.23498
-0.30771
-2.94718
-0.42829
-2.09341
-7.59646
5.10608
-0.39503
-3.90417
-3.81185
7.01860
-2.03322
-1.56191
8.56136
0.25734
-0.12572
1.18232
1.13985
-3.39504
-2.46840
-3.46580
7.11518
-3.60170
1.18038
0.91222
-2.15414
-2.73067
-0.56961
4.39027
2.35875
3.23191
-2.26573
-5.03368
-0.28622
1.82589
-0.57958
0.58637
2.70438
3.59922
-3.11900
-5.34729
-2.26569
-2.65604
-2.11523
-1.05273
1.17285
-0.36157
-4.21759
-0.09294
7.33566
-5.21234
-1.38023
6.39656
-10.72080
-0.16828
-6.84032
-1.91507
2.61880
0.58925
5.86325
1.99514
-5.94299
5.59157
5.49125
0.44574
-6.26981
0.99856
-1.39844
1.39272
2.69029
2.66206
-0.92588
-9.70197
-4.30600
3.82100
0.52115
-2.07706
3.91612
-4.10912
-0.51956
-5.62956
10.55778
0.26733
1.92417
-1.12334
2.89376
-4.40398
0.86892
-1.85529
2.14640
2.93194
-3.37309
3.30426
1.19455
1.96870
-5.17984
-3.41547
-1.30678
2.86378
-10.72955
1.54712
3.93634
5.08766
4.18016
4.03768
-2.84727
-1.38008
6.68678
1.09492
-2.63771
-0.06142
-1.64549
-2.61637
2.14298
2.88140
3.97230
-3.87272
2.76653
-4.91744
-4.17164
-8.10060
4.16660
4.19802
-1.28047
-4.88019
4.67544
3.00936
-0.06010
-7.66848
-7.00576
6.51529
0.73636
-1.75166
-5.05501
-0.39383
-2.92600
-3.35815
3.89204
3.84301
-1.07971
6.03389
2.64204
6.51853
0.64159
-5.42551
-0.56973
-7.17521
-1.49743
-6.93170
1.97815
4.18372
-0.79094
3.11271
0.27746
-2.81104
-3.31857
3.24028
-0.40930
-2.56704
-3.98146
-5.21125
-2.44333
2.66810
-4.86158
-3.78304
1.86694
-0.45713
1.77657
3.45081
1.58885
-1.48381
-6.00678
6.19997
5.59078
-5.03602
-6.30818
8.25076
0.62690
-2.63445
-0.28424
-13.39091
-0.86994
3.86852
2.29517
8.35409
1.51207
-2.28294
-3.24513
5.63245
6.14777
6.69069
-4.80386
3.53879
-0.83609
6.15220
1.20564
8.32088
-4.08950
1.52017
1.70132
-1.79552
-6.85771
-2.86607
-0.37671
-0.08273
-5.32619
-3.70253
-4.93246
5.51922
-6.67152
2.74758
2.37784
6.54545
0.31410
-0.21011
-1.69741
3.29233
1.17000
-4.83926
-2.25277
9.61637
-9.18646
-2.46996
0.75193
-5.08542
-2.26196
-0.56723
-4.96442
5.34763
-3.18681
-0.74089
3.54302
2.82306
3.29359
-3.39933
-1.42290
8.58265
-5.77220
-1.33323
5.56506
-2.89732
7.65037
2.34674
-4.79858
-3.14356
-2.02907
-1.43333
11.31907
2.50370
2.91606
1.83455
4.97972
-1.91564
0.43638
3.82513
4.71523
2.97212
6.08787
-2.72770
-6.18954
2.70297
4.77309
-3.13697
-4.85772
-0.13840
-1.01831
-9.85822
2.01415
-1.73752
-0.17966
-2.32526
-0.75710
-3.84261
-4.73081
-0.75819
3.11991
-1.10206
-2.93699
4.71700
6.81778
1.80954
-2.47904
2.91462
-1.63408
-0.82316
3.85371
4.02941
0.67421
4.91875
0.64668
3.38387
-1.35152
-5.15394
0.14742
-5.93427
-2.46007
-5.13534
-3.67292
0.74745
1.27191
2.18839
3.75803
-2.50515
-1.32636
3.10838
0.27394
-1.04047
0.47329
0.89497
-8.89879
2.54418
-1.70532
-3.96472
-1.21375
-1.44119
3.35457
-0.49423
5.63526
2.37996
-0.22138
-6.19135
4.52151
1.84097
1.53004
4.89081
3.06314
-2.38416
0.79265
-1.23244
5.96870
3.51617
-7.03851
-2.73568
5.17663
-9.62195
-4.19537
3.40598
-1.62527
0.99740
-1.84089
1.86374
-0.19889
-0.71574
-4.85525
4.80778
4.26897
-0.43689
-3.06943
0.96168
0.08287
0.29135
-3.88109
-2.03172
1.25149
-4.47590
2.41874
1.29411
-0.40934
2.43353
-0.29207
1.39256
-4.16800
-0.65378
1.15151
-0.35962
-0.56957
-1.76016
-4.36507
-0.29855
-1.92700
-0.68690
11.44239
-6.25175
2.82658
-7.86245
-0.53137
-2.06886
-2.33986
0.38364
-1.03573
-4.63374
-0.76041
0.56727
-0.83222
-9.12892
0.63732
0.35909
0.48580
-6.89478
-1.99282
6.02495
3.23970
0.96161
-3.92502
-1.23966
-4.58201
-0.06244
2.44172
-1.89810
-1.92500
0.06968
4.11493
2.98596
3.47125
-0.65156
-0.58699
0.06801
1.24493
-1.00927
-0.05785
3.14246
0.91397
4.64215
-3.75630
1.28569
-3.19187
0.76686
-1.54584
-2.04678
2.32448
-1.80196
1.90662
-5.29877
5.25897
-3.44523
-3.14761
-0.43205
-2.44134
-6.07713
-1.43933
1.71198
2.89123
-3.19542
3.21365
1.28374
2.51449
7.51889
-1.89396
3.89272
-11.30878
-8.14188
1.79199
-1.81315
0.17605
3.78805
-0.72403
1.05089
1.20254
-1.34870
0.24450
3.88530
3.08586
1.94061
-1.04795
0.57843
-5.73151
-3.79251
2.00347
-2.26134
3.35778
-2.06724
-4.99368
-3.08076
2.26836
0.70979
8.39332
-2.93955
-1.51611
-1.56614
4.70349
2.87981
0.60671
-9.14253
3.07404
-3.66333
0.33049
0.74143
4.03320
-1.52855
1.54502
3.76770
10.00697
-2.33457
7.39965
1.04950
-3.31324
5.31406
-5.32399
-1.47742
-1.66202
1.03494
5.20992
6.39531
0.23679
1.58321
1.13838
-1.16244
-7.11826
-0.20520
-2.35309
-3.41938
5.60768
-7.33461
4.38151
-8.46326
-7.98312
7.01343
-9.24604
2.01180
-4.37345
8.60632
5.70954
1.24898
4.83311
-1.32817
0.67375
-0.75807
3.31146
-2.97943
8.52286
-2.75895
1.36377
5.64372
-2.57199
4.14173
-4.19652
5.43324
7.19071
10.02233
-5.52924
1.05861
1.88032
-3.33808
-0.98328
-4.11303
-3.82225
-2.71402
5.10103
-2.36094
0.44344
2.13378
1.75132
1.17034
-5.51685
-3.45632
-4.23552
4.82993
0.18889
-2.33828
3.15801
1.25028
-3.22330
1.10926
-1.07305
-1.81835
-3.60769
0.55542
5.76470
6.69073
0.41962
11.10855
3.54809
-0.42640
2.39618
7.66362
0.18043
5.94950
-1.67996
-0.77534
1.46566
1.63044
11.27581
1.73004
-5.58262
0.02744
-0.06106
-7.53454
10.91852
5.00644
-0.52779
-1.46141
-0.51120
-0.70002
-2.23724
-0.80015
0.68771
1.59997
3.43499
1.06714
-6.29744
5.19900
-2.80225
4.14571
-1.24871
0.68182
1.38463
0.81327
-4.33680
3.02378
-6.18679
-0.68588
0.91885
-0.09654
9.64777
-1.97064
2.67192
2.35663
3.03748
1.87790
-2.08325
4.65220
-7.75367
-6.47916
-1.23711
0.46593
-0.98621
1.51557
-5.17996
0.37634
-8.31772
0.90760
-1.65498
-3.52089
6.15627
2.95980
-2.32427
4.21933
7.29581
5.27712
0.31551
0.13626
-0.10013
-11.04125
3.92011
5.03515
1.59755
3.62769
-0.83421
4.06391
-2.25947
0.82351
2.14287
-5.72035
-3.11356
4.32654
0.53292
1.46784
-0.00295
-6.32788
-2.25971
-1.37096
-4.10090
10.08195
-1.40847
0.12614
6.60434
0.65887
-1.17440
-0.98408
-5.89425
1.55292
5.85792
-2.55783
-1.45336
-2.03090
-4.80315
4.14868
9.31769
1.69054
0.99421
-8.51953
2.11148
-9.04711
-1.25135
-2.43813
-1.07153
-3.08785
3.21132
-2.05799
-0.41923
6.46326
-4.85624
-0.83373
1.94617
-5.27925
-8.69543
3.63730
-2.75512
1.44316
-0.39587
1.65346
-1.09492
5.14238
4.77599
0.94696
1.53081
-1.92104
2.38009
-5.51899
1.40772
-4.43952
4.90763
2.63337
-5.93065
5.07009
-2.01087
-1.25633
5.90071
-5.42184
-5.23536
4.24886
5.06968
3.37396
-2.30363
-1.39424
5.54138
0.52376
4.22792
6.36475
-1.68188
5.90293
-5.29609
-2.44745
3.87989
-1.28756
-0.60715
6.21740
3.70960
-3.40616
3.86953
-3.15744
-10.29518
-2.78821
7.86113
-2.25957
6.50536
0.36099
-4.33626
7.80879
1.39365
4.28430
7.95773
4.39195
-8.40474
4.88354
-7.35876
0.12835
1.22586
4.09398
3.09348
0.07027
-1.89613
0.15866
-1.97120
3.29455
2.08757
5.14542
-6.91032
4.17343
2.72094
-11.26860
3.56284
-1.99487
0.40555
-7.00905
3.95988
-3.07618
0.66793
1.91558
-0.73891
2.11577
-1.25625
5.09362
-2.72649
-7.10636
6.04924
0.56298
1.45309
2.46407
4.48759
2.37919
4.08809
2.69098
-6.69007
-0.00279
2.67620
-3.25506
3.79680
-0.51449
-2.75984
4.30157
0.16231
3.15941
-0.78394
-3.94079
-11.91800
-2.69921
-3.90607
4.25392
1.06072
4.71646
0.75854
-5.93101
-0.05363
0.89665
0.90207
0.85099
3.18855
-2.99440
0.80227
3.73497
-0.83942
2.64612
-4.57096
3.01314
-0.28392
-0.73515
-2.59512
-3.11395
-3.38263
5.81067
-6.59145
-1.66374
4.57742
1.10793
3.16038
-2.14008
-2.23347
-1.93943
-8.92447
0.37504
-2.02623
-3.12028
4.19711
-4.51609
4.46336
2.85002
1.91507
2.54312
-1.25666
-6.55526
-7.05139
-3.72770
1.29997
-4.79860
-4.84361
1.51043
-1.09599
10.18343
-4.81153
4.03525
-1.96347
1.14638
1.70050
-2.15125
-3.40949
1.74347
2.42125
-0.56495
-1.69853
-5.79156
2.15713
0.44284
-2.77564
-3.87046
0.65045
-8.40500
-7.51618
0.79718
-4.80408
1.46099
3.75576
-1.47138
2.13277
0.41416
2.05578
3.93464
-6.98412
1.90114
0.30289
5.50146
0.01347
0.05597
6.93082
1.87933
-4.09225
0.40097
4.56878
-1.67377
6.00315
-3.19178
-0.73095
-5.07106
-3.99750
1.52384
5.08895
-2.14521
-4.24005
1.00122
1.28509
-5.19544
0.71317
-0.99711
3.66466
1.14051
-6.86591
6.54151
-3.88469
1.23680
2.45874
-6.19896
-6.21402
-0.14171
1.44594
-3.26951
-7.82558
-1.39383
0.67945
1.35425
0.70388
-3.42797
2.27177
7.45774
0.00604
-1.33977
-4.09159
2.30317
0.72515
-1.25521
6.16685
-4.60584
-0.88078
2.14291
1.25646
6.78280
0.47733
4.23301
-3.17392
2.56193
-0.48604
2.87174
0.73845
-2.21334
5.83286
-1.83236
-5.11258
1.18182
-2.48837
0.67585
-7.87895
1.76162
3.79680
4.78117
2.78985
1.08463
-7.45185
0.66984
-0.27903
-0.44951
-2.72883
1.15855
2.03039
-1.54399
-3.82037
0.14158
-1.49651
3.67476
7.73083
-0.11088
-0.39026
9.72525
-4.76370
5.57947
-2.39083
6.22362
-1.36490
8.41044
1.44674
0.56581
-1.55380
-3.50613
4.32190
3.19207
2.35147
-0.34756
-2.47459
1.81181
-0.65866
4.06978
-2.11914
-5.84694
-0.40875
0.83289
-0.34511
2.95099
-2.30855
-4.92328
-3.21635
-1.42962
-4.86345
-3.72537
1.86690
1.10213
-7.76234
-6.16344
-4.40491
-4.80432
-5.10974
-7.59557
-1.81679
7.30141
0.79767
5.34437
7.55817
2.21301
7.15575
0.59486
6.38967
-3.33008
0.23966
-5.73772
0.88588
8.59611
0.77000
-5.07083
1.42024
-0.36559
-5.02977
0.80787
5.52445
-5.39573
-0.35827
1.97776
6.74428
8.81962
-5.71332
-5.78417
1.88239
2.34565
5.18848
0.02774
-2.53751
3.68158
10.15442
-4.85980
1.71021
3.93418
1.80459
-0.49266
-6.03380
6.84284
3.09636
-0.06353
-2.10254
-6.48830
-0.44629
5.70316
-2.58860
-3.44415
1.52303
1.82994
2.31169
4.80730
7.78690
-6.32707
-1.63332
-1.53513
-2.42224
5.06760
-6.27701
1.37122
-6.62571
4.62885
1.99097
-1.00924
-1.11885
-2.21667
0.38263
11.83642
5.61694
8.55923
-2.48941
4.72100
-1.24337
0.32589
-3.67352
-5.27967
3.17865
3.77981
1.99284
-0.93823
1.85502
3.68917
-7.16071
3.25120
5.59864
-2.16349
-4.28986
0.43156
-5.05132
-5.69635
0.36388
-3.22811
0.05578
-8.64948
-1.85708
-9.72132
4.45466
4.31212
0.44283
6.71495
-2.02292
8.28380
-4.54659
-1.67877
-6.32953
1.53815
0.08903
0.96527
-3.73401
-1.96187
-2.27696
-1.31955
-3.98406
1.40813
3.12033
5.19120
-3.22235
5.31293
-2.57729
-1.67616
-2.44374
-2.97809
1.13468
-1.28639
12.64049
3.80661
-2.59320
-8.70760
2.72681
1.10706
-0.23288
-3.08246
-2.32996
0.22643
4.49734
0.97486
-6.44270
4.45904
3.96349
0.30003
0.41238
0.08814
-1.10354
6.95669
1.63266
-1.96778
3.70636
-3.03521
4.87154
3.74174
-1.34675
1.28596
-0.01274
4.18875
6.66591
0.40621
2.07577
3.34340
1.36082
-4.48288
-4.65045
1.36132
-4.32094
7.28599
1.05979
4.86773
-0.58853
0.44776
-2.14712
5.85991
1.29078
-0.43539
-6.13652
1.78937
8.12947
-2.33856
-3.60672
-6.10404
0.93531
3.65725
-1.94113
10.55563
3.61340
-12.36723
1.93933
5.45013
5.03755
-7.34660
-4.68303
5.98557
5.59778
2.69183
1.64804
-4.22071
-0.66707
2.15804
-1.41279
-5.37068
1.99277
3.33879
0.57551
-2.16429
-4.66209
3.00499
-8.98479
4.18682
-5.40305
2.31511
-1.28512
1.84701
3.15441
-1.89496
-4.83344
-5.57153
-2.69353
8.23711
3.98966
2.57713
5.27519
4.04006
1.79746
1.90559
3.49437
-0.52645
-5.07133
-8.76058
-0.41276
-0.43997
-2.84622
2.59793
0.75052
-1.61168
0.47475
1.87431
-0.39127
5.24973
-1.93113
-0.45221
-4.05842
3.94738
4.96502
2.10267
5.73981
-6.55418
-0.36844
1.44428
0.25530
2.27566
0.59042
-1.70239
7.03855
-4.44349
1.78155
-5.24458
-4.08636
-16.46610
-1.06253
-4.97430
3.08431
4.24637
-1.45737
6.94664
6.40877
-2.08603
2.30335
1.99924
-5.35153
-4.82022
1.81889
4.32627
-0.16901
6.96203
3.15711
-4.68068
-0.04634
0.67028
-3.84850
1.86575
-0.95543
-4.61995
5.80389
-2.25912
6.47932
-5.51051
-1.18390
-0.00791
-3.66702
3.77524
-2.95459
-2.03283
-2.38736
-0.13810
-2.50395
-4.64940
7.49070
-8.59513
0.55789
1.68463
-9.75149
-2.39755
6.16356
3.81411
2.88500
4.87882
-1.84391
4.11093
-9.90009
-0.28244
-2.25991
3.33892
3.23397
5.78161
-1.40320
9.10296
-0.95193
0.44877
-1.77335
-2.70715
-1.77059
0.59532
-0.96151
-7.74615
-6.02795
-0.38575
-3.22979
-3.26231
10.43761
4.68685
3.84829
-0.17313
4.90633
1.55010
-2.25422
-7.12388
-2.09687
-2.32090
0.47655
11.46810
-0.21447
-0.45535
0.26923
0.17894
-0.13937
-11.19887
14.64504
0.07128
3.43326
-2.37923
-3.01398
5.79748
5.13013
7.37785
-0.71055
-4.49994
6.22330
6.38119
-2.44047
-1.70377
5.81078
2.70981
-11.17748
-0.84235
-1.50763
-2.30218
-3.20971
-1.76426
2.16334
0.27570
-0.72116
0.38741
-0.50582
4.20641
1.60957
-5.37667
-0.41095
0.15556
-9.60952
0.63651
3.73749
4.19846
1.85290
0.27633
2.14196
0.52924
-1.74316
1.12761
-0.00487
7.12318
3.58399
1.47734
-0.25134
-0.37360
3.19494
6.03922
1.12174
-2.91529
8.92043
2.22263
-3.54723
-1.55588
-1.57492
-0.34366
0.93000
3.38399
-6.05314
6.77877
6.41446
-2.93558
4.35174
-3.99087
-2.23909
2.66118
-0.48895
-1.50587
-3.95499
4.77628
-1.00240
2.67351
-2.77201
3.57990
-2.01159
4.18319
-6.56138
3.52633
1.16634
3.71729
-4.36385
-4.14676
2.97123
-7.54967
5.37675
-1.95750
-0.86040
1.40317
0.93443
3.23536
-3.06744
1.92317
0.33543
-3.77293
-9.25311
-0.39029
-0.26159
1.29116
-3.63938
-5.83629
-2.68924
4.83913
4.65731
-1.02455
8.69153
5.35441
-1.58891
-3.54736
1.65410
8.21011
-2.87322
-3.29787
-0.84732
-2.60184
0.98093
0.28569
-4.02420
-5.21167
6.19290
-1.61085
7.48471
2.59148
-3.83107
3.02796
2.55935
1.33634
9.94848
-8.58691
-3.41423
4.02203
