3.54898
-7.85411
2.80971
-4.72499
-6.04330
5.37433
1.21352
-0.64197
-4.25913
3.47439
10.64272
-6.14028
2.07046
1.12968
2.28227
-1.04744
4.83857
1.10426
7.02852
-4.24182
-3.60773
2.90731
2.29956
-2.21242
0.55242
-4.34982
9.53920
-5.80526
-0.81616
0.12906
-1.53718
-0.44625
2.77876
-16.14214
-1.76735
-2.68226
-8.51959
-6.47032
6.40264
-2.49225
-3.54756
-5.30661
2.15769
0.84517
-1.01300
-0.34208
6.82183
-6.00981
0.92452
-12.08818
8.22592
-13.98329
-7.36330
15.02154
-1.00785
-5.07014
1.03119
-5.18745
-7.15451
14.02143
2.32544
6.24192
1.55543
1.35695
7.59471
-4.31396
-8.62533
0.97410
-4.02463
-4.03458
0.32614
4.58911
11.89169
2.11647
5.53336
-2.41103
-1.54853
-3.81835
2.27352
-2.30083
5.24448
-7.64135
15.23512
3.53910
0.23057
-6.84595
0.27131
-4.74433
4.23760
10.12154
6.97102
-2.62666
2.48549
2.87013
4.44056
7.17275
6.10201
2.30670
2.04046
1.87353
1.76028
2.60887
8.08545
1.72957
8.99569
-5.40966
-9.48152
0.76237
-9.76809
1.82468
3.50121
-7.60428
5.61696
3.59005
-3.10994
7.00224
-0.13295
-3.91456
2.25377
-0.44136
-3.36474
3.29529
-2.16721
-5.75595
-3.33531
-2.84706
-4.76907
-2.31149
2.17886
1.25665
-4.04739
-0.10331
9.09598
-7.13556
-10.13281
-9.93774
5.59361
-2.39586
11.88393
-11.08674
-2.67025
0.78030
5.45754
6.24754
13.74826
-4.72278
-1.15015
-2.34971
1.82981
2.34814
7.04336
8.89578
2.68573
-2.40410
3.99866
-5.81416
-10.67690
-1.77703
1.31757
4.14555
-0.70385
-1.97069
-2.10734
12.74719
-6.06613
9.64154
-1.44765
-3.74578
-3.46699
1.14611
1.31203
-4.71178
-0.93421
1.42753
-2.38898
6.61163
9.20873
-0.17753
0.10257
5.96338
9.44967
-0.38602
0.63150
-6.15442
5.29089
0.90644
-10.47386
8.87317
3.11332
8.20031
2.41864
3.94610
7.32784
6.03394
3.27503
5.29354
4.15797
-5.15410
-4.22947
-8.16397
-0.57031
-2.39647
6.61358
-2.75535
-5.76647
-3.46721
3.18866
0.46288
-5.77026
-9.11194
0.36972
0.77915
-6.55159
-5.74712
-7.93885
11.31019
1.81361
5.83660
5.57952
-12.25243
0.54219
-2.34644
4.18119
-0.97972
10.20444
-0.11139
-0.19648
-8.26336
-2.23319
3.53106
4.08376
-5.97389
9.80719
0.19767
5.39054
-4.89617
6.26644
-2.64381
9.75856
-4.10862
-1.95001
0.65700
-3.77006
3.31057
-12.46322
3.11096
-8.07127
5.16011
-14.06000
0.34081
4.57729
6.18549
14.38688
-2.81907
-0.82086
7.91416
-7.70905
1.10703
1.74730
-1.94795
6.46143
6.36742
7.74715
-1.34778
-0.03209
-6.22619
5.19681
-13.17237
0.73750
9.89728
-2.38334
-0.47421
9.91582
-11.92701
-8.54646
7.04080
-10.19510
-0.71927
12.05342
-0.41041
11.16689
9.66225
11.79140
-8.05869
7.00553
-3.84618
-6.30468
2.64801
-1.70874
4.77311
-1.48047
-0.99325
-6.70001
-0.42653
8.54035
3.11286
8.13229
10.87805
9.85374
2.52451
-3.76783
9.06128
-1.50661
4.33776
-0.30552
-5.24164
-2.65114
-2.11742
-5.68385
-7.43070
0.62764
-3.44925
4.73281
4.88316
-6.41839
-2.73725
8.65476
5.76563
0.17410
1.15101
11.20298
-3.17226
-1.59731
0.45241
0.12909
7.32279
7.09924
1.75893
-3.06844
-0.23425
6.05094
-2.02365
-8.55524
-1.32505
-7.75973
4.67127
3.64718
3.49445
-4.39881
-0.89701
-6.09655
0.07040
-10.60678
-1.27923
5.08250
-16.43826
2.83907
-7.96606
-5.35374
1.42563
1.81882
-12.73520
-4.80221
1.29673
0.52236
3.52271
7.21276
-0.46731
8.22951
0.13654
5.91288
-7.18120
-4.32378
-3.76458
0.39274
-7.33719
-5.09667
6.83254
3.08606
-1.23641
-1.47204
8.90126
4.91774
6.76478
1.89793
-11.08642
-0.75257
1.69668
-5.97220
9.82377
7.10717
-5.03231
2.43379
1.80207
-4.79793
-2.05699
-2.42972
-5.29800
-3.28027
5.36030
0.59762
-3.09668
6.28531
-3.72258
3.12516
-3.17967
14.46200
2.73223
-0.24557
1.91766
5.56441
-9.27105
3.45419
-1.60284
-2.10807
-5.97693
-0.26793
3.15093
-4.00619
7.43776
8.82353
1.72468
-7.94906
0.67283
-2.69519
3.52568
1.49070
3.52001
9.01489
-6.06684
-8.89041
5.73119
-1.89929
6.21299
-12.24089
-1.06312
-2.85619
-7.19944
7.65603
3.45665
1.45676
0.96636
9.69170
3.93347
-7.62416
-4.76041
-1.80087
-2.81218
-2.87487
0.49541
4.92421
0.91391
6.18704
-0.11528
-2.69043
4.21813
-6.21271
2.42907
-1.18613
1.40346
1.02974
-2.60254
5.30364
3.72615
-3.94823
0.65553
5.69848
4.39698
1.90178
14.52097
-0.12247
-0.88821
5.42335
-7.80582
-5.25703
-18.31386
6.54692
-1.94147
-4.92942
-4.20301
3.87806
0.77902
-6.67450
5.20948
-6.13178
0.73159
1.69113
-5.91000
0.62931
-0.98245
-6.03497
-2.52251
4.29242
0.16383
-5.74088
-2.29861
-2.05662
0.85571
-3.30348
-1.08222
2.93777
-4.88031
-7.97572
7.00658
-1.89766
3.36870
1.03247
-6.87861
15.43123
-2.27346
-12.66089
6.34110
6.55143
-4.83199
3.19126
-5.86176
10.63889
-15.77093
-6.73216
0.63750
1.83068
11.77433
0.61543
-8.02438
8.49902
3.20667
3.89146
-5.38720
-7.31776
-4.69882
8.00735
-0.48327
6.55650
-7.10578
2.53424
-0.51295
3.00601
-1.09572
-6.92813
2.49682
0.70225
0.79039
-2.23690
-4.06554
4.69595
2.58484
-0.37155
-2.01567
14.19922
2.39442
-1.26778
-2.29029
9.71967
2.07575
11.85548
-3.58116
1.88585
-1.90472
-1.54062
-1.98272
1.46865
-18.29552
-8.55093
3.90818
0.96059
6.14809
-1.03506
1.84293
1.89030
-3.71957
-1.24183
-2.70931
13.23279
-4.83289
2.94421
5.70768
-3.21589
-1.54294
-0.52658
-1.10682
0.93934
6.84330
2.40686
0.91387
1.44847
-5.52169
3.63435
8.30209
-2.35429
-2.15436
-2.49943
-1.33630
5.57245
2.45160
-2.80996
15.51003
3.04827
7.42821
2.51674
0.16038
-6.51090
9.80797
-2.60661
7.68694
-1.49565
5.22255
11.79068
5.78186
5.46534
-2.55516
4.06924
-0.53960
4.31315
5.12202
1.17995
3.18103
3.10310
-13.24954
7.08625
-0.73602
-10.19902
8.00328
-2.31263
-8.03786
-0.62309
-10.84571
11.89059
0.37374
4.68516
-1.86277
1.15090
10.14055
13.60277
0.51813
1.89986
8.99361
5.10381
-17.41705
6.95440
-7.75911
-5.28810
-2.46724
-2.41837
2.55860
4.87539
-9.73439
-2.94964
-3.59269
-0.77436
4.34570
1.22301
-6.09384
0.53509
-2.92115
-1.01520
-4.85289
-4.72154
-7.09146
-3.49273
2.22368
3.48115
9.98530
-10.31115
-4.00138
-3.41011
-4.53755
-1.78404
-0.01648
4.13300
0.38507
6.55752
-9.56442
-1.49590
-2.26479
-5.01534
-0.09483
-2.60794
-3.60944
3.81938
4.56793
5.81318
3.78741
3.15733
-0.75020
-0.66913
8.80759
-2.58078
-7.22830
1.36665
2.30774
-3.08772
4.58556
-5.44276
2.65436
-0.30319
-3.88387
1.83761
-9.64954
-1.74749
-5.61784
2.81817
-3.99158
-0.84035
-5.34997
5.85301
1.23949
-3.88125
10.62693
6.69827
0.96507
-0.47324
-3.10160
-0.14134
2.71204
-11.41556
-2.25518
-1.05186
-0.41642
-6.56128
10.57048
-5.61235
6.84584
-4.18148
-10.35779
0.24174
-4.11083
1.58057
6.12821
0.77118
4.02655
10.07611
3.98837
-0.01052
-14.46414
5.90060
-3.08774
0.69374
-7.81245
-1.37744
-2.11936
3.30914
0.95343
-13.73219
-3.85249
-2.20475
1.57318
-10.36054
-5.53144
3.03472
12.15139
-7.84063
-10.11236
4.81509
-12.89700
-1.09341
3.44466
0.07565
6.46242
8.58303
2.89835
-1.31065
-3.71876
-11.94226
0.61536
3.01266
-5.50599
-2.26532
8.78560
0.24496
-0.79999
1.96143
4.39774
8.68673
-0.42867
-8.09989
-3.33251
0.94812
5.23112
-3.38331
-0.64607
4.74544
-1.42072
0.07668
3.55922
1.96190
2.97556
1.60562
-6.15059
5.64548
-4.67666
4.30477
-1.71693
-1.86546
1.67574
3.60550
-3.09808
-5.35242
-0.92270
-7.94527
-2.01255
-5.46429
2.16135
-4.08392
7.35111
4.32362
-15.31447
3.43479
-1.32460
-0.26041
11.70048
-5.79721
2.30110
1.95047
1.93519
3.53181
-0.06454
-5.16974
1.69064
-4.96790
0.49694
-2.48917
9.06713
8.65451
-3.31839
1.91501
1.34476
10.66386
1.45946
-10.10725
-5.68021
2.15055
-4.60768
-1.04600
-4.90558
-10.70012
2.47608
9.55292
-2.42684
-1.11911
5.52168
3.60367
2.46250
-17.55811
3.25300
0.35390
-0.32216
7.75495
1.62961
1.69426
-6.93854
4.47112
-5.06114
-4.22430
-8.77709
0.75651
1.09269
4.03447
-2.25680
6.04908
0.88856
4.88399
4.90192
4.10726
2.04736
-2.75922
-6.36559
2.90818
-2.95146
-8.98089
-5.20650
-1.70433
-9.37806
4.01487
11.52474
6.68250
-1.52326
1.73900
-2.19838
11.36560
-6.46072
-0.23774
-9.83125
6.00692
8.87249
1.89166
3.34014
0.44263
5.20190
0.58245
-13.70353
-0.30977
-7.93661
6.86233
-2.48079
3.77920
7.15656
2.50315
-2.81488
-0.49908
11.40594
7.99857
-4.87968
-0.66311
7.93956
-6.14278
-6.30089
-4.72441
-1.09370
-2.59021
-12.53174
9.44886
-2.98109
-13.44081
-3.38580
-5.83240
-3.22244
-0.57513
-5.54680
-10.03908
-2.44258
10.81466
-0.14147
-10.23613
1.72169
10.75896
2.85672
0.31657
-1.40523
-3.17782
0.93233
-0.97326
-0.62561
1.86391
6.79874
-6.24211
-6.88631
12.12178
-0.29796
4.98960
-6.80444
-3.25145
0.38063
0.25453
-3.35556
-8.37438
4.39192
-2.93008
1.06256
1.82433
-9.41895
-7.42732
-8.42618
-1.60894
-6.23358
-1.51564
6.97228
6.06000
3.14510
-3.46155
0.94486
0.28888
-0.08094
10.41165
-1.46454
-7.01091
-6.24801
0.17412
3.58989
2.59358
-6.67657
-1.87489
8.37261
-1.88561
-7.84068
-0.43993
-5.81178
3.27641
6.79163
-0.79860
-6.77187
1.63385
-9.53681
-4.75975
-3.34138
-2.02523
-12.26082
-6.18059
-0.56170
-4.82099
-0.22272
5.58589
-3.59785
1.19995
9.55277
-1.90043
4.35286
8.37385
0.52259
0.23835
0.34881
-2.88552
-3.39833
-6.66135
-1.65435
-0.79556
9.42258
-3.27688
2.03399
-4.62941
-2.30939
4.75746
3.27600
-0.94536
6.98874
6.33638
-7.55535
4.10747
6.32927
0.67470
1.03062
3.38699
-0.00328
9.18906
-0.45684
-13.34967
-17.30573
3.12337
-3.14648
-2.26747
2.21132
-4.43362
4.70895
4.40667
4.84375
-2.85764
1.02611
-9.38062
6.92166
7.46270
5.70323
-8.67912
-1.84924
-6.75879
9.70014
3.80594
-6.16020
-13.98413
-2.25245
10.09871
-5.77836
5.57764
0.23704
-6.32480
3.21136
7.65363
3.05660
3.33814
-3.27863
-1.30622
5.94091
-2.62634
-12.27772
-2.38186
7.90571
-0.41711
5.84724
3.55713
-0.48996
-2.34188
-8.04250
-3.51093
9.90488
9.54177
-2.15847
-3.25885
9.66018
2.90466
5.73954
1.11054
4.11910
3.85684
3.80558
3.17968
-0.78214
-10.13082
7.02715
10.39527
-4.25189
6.47113
-6.86105
7.50695
0.54658
5.74990
0.48652
-2.64957
7.80437
6.27089
0.95998
14.42101
0.37553
-6.36368
2.89997
-5.46367
-1.10115
10.09636
-7.47606
1.55496
-2.10887
-2.08754
2.04341
-0.71233
-6.02081
10.77234
-1.14753
2.66049
0.72129
-3.61992
-0.85833
9.69927
0.60903
4.55753
8.56829
-6.88260
-3.27563
-1.50507
2.60171
-1.10040
-0.60167
2.40194
2.29602
-9.21057
-6.53337
-9.44555
6.96105
-2.09783
-1.06449
-6.24343
1.70780
-10.85626
-3.90277
-0.54469
1.53835
3.42018
2.14782
-8.76437
-1.83789
-10.27176
6.50474
-6.87251
-3.20432
5.10553
-3.70864
1.02739
-6.65459
-3.36471
1.98480
-3.68648
5.73964
-0.04117
4.34668
-6.99278
-3.32357
5.26417
8.00139
-8.43975
4.82598
0.88541
3.03362
3.53244
9.95622
0.45022
9.51344
2.01003
-8.83213
0.12376
1.19280
-18.05633
5.44946
-10.05961
-3.95794
-8.32810
6.59078
1.35213
-0.21039
6.05782
7.05909
6.99947
-1.48054
-4.35334
2.93150
1.26081
-3.62908
-7.86124
3.20954
-3.17370
-3.37905
-12.79859
-1.45725
2.83945
-1.31181
6.04784
-0.15789
0.06983
-9.41143
7.27730
-0.38520
-7.68482
2.73677
8.08169
1.50952
6.65960
-0.45657
-2.72878
4.09331
-2.93496
-1.48981
8.86939
-2.18723
1.92791
-0.47681
-4.54604
7.81542
3.68185
0.76923
-0.45943
-19.41283
4.88017
4.27726
6.33889
4.23188
8.68650
1.58924
-0.14446
1.00679
-0.96840
-5.66559
5.81463
-16.43746
2.88411
-1.78763
-2.96758
1.79578
-6.88664
-4.64507
12.18402
-7.70005
-9.14640
-1.63289
7.18238
-2.43654
2.27809
0.53431
-3.20303
-3.48435
1.74757
2.56422
-0.46556
5.61826
-13.05929
-6.17591
-4.43222
4.85807
1.55075
6.29223
-5.53262
-9.17744
4.08429
5.68168
2.90861
9.67647
0.34501
0.16917
-3.14644
1.42260
-2.93351
0.46390
4.31780
-2.66242
7.83136
2.28348
1.40300
4.45163
-1.99546
3.74617
-3.28768
-7.26984
-8.29627
-0.55269
-6.95982
-0.57985
6.69068
0.83879
-10.40538
0.30509
-4.60577
16.07820
-2.38065
10.95425
-9.62091
-2.47913
7.02323
-1.74173
-0.31268
-2.80765
0.53639
0.27343
4.42231
7.75187
7.48650
0.91179
-0.21839
-7.73567
2.14129
5.33974
2.22498
3.73236
-7.99011
-9.87750
3.28478
-0.12214
4.12253
5.31256
4.83095
3.89174
1.38510
-4.14905
6.61360
-3.71851
0.02324
-3.23575
-3.74517
0.13329
4.93523
-3.20211
-7.95005
1.60381
-7.26174
-2.51923
6.55811
-0.44416
-5.72944
-6.51774
-2.07384
3.16925
7.68124
5.88918
4.07492
10.31476
4.94074
-3.43468
3.42821
1.52301
-4.78593
6.24172
-0.96015
8.49831
7.77030
6.57216
0.71621
0.60807
7.64606
1.98438
-8.90773
-0.87935
-2.37444
6.76663
-1.26101
-10.64622
3.28925
12.03946
-9.63340
-5.52259
-6.80752
-0.52284
4.20351
-0.48005
-7.84926
4.04033
-2.39496
7.59516
-0.27175
3.16197
-2.00412
-1.43460
-0.02238
14.83866
5.92792
-7.81841
8.26140
-9.95621
-4.59391
3.44831
6.46330
-3.65421
7.31257
-4.05624
-4.99144
3.20106
-8.75785
10.03084
3.04837
2.76635
4.02944
0.62507
2.53618
1.75937
7.55059
-3.19152
0.45287
0.09040
9.76679
-1.68432
0.55464
-3.30350
1.05395
1.79479
-9.87869
3.25240
-0.18033
-2.68633
5.58806
4.23330
-9.53735
-1.85903
-1.88588
0.47009
0.60201
-18.22644
9.12311
8.12844
7.54158
-2.19241
0.72825
7.26027
-0.48593
3.64279
3.41191
6.52692
-4.20138
1.63586
5.34134
-4.31386
-2.39704
5.46848
1.90424
-3.63551
0.33139
0.24915
-8.45165
4.94988
-3.00503
0.93985
-3.15615
-0.05971
8.72644
-10.07366
-3.42882
0.26363
-1.65496
2.63124
0.33210
-4.61115
10.17653
-1.14830
4.17560
-1.92707
3.19147
1.96288
0.77961
-1.06107
1.11832
0.04071
1.07400
-2.00781
7.36226
-3.11017
12.82497
-9.53612
-4.97929
0.42799
-4.28463
6.94432
-7.53877
3.38223
9.45030
-6.73800
7.85855
-2.11577
5.24745
7.74538
0.93061
-5.45361
4.96655
1.83177
-3.60154
7.67379
-7.10453
-17.68279
0.77437
-0.23818
-6.41450
-8.42274
-2.66361
-11.96063
2.63021
5.86479
-1.81570
-7.68208
-7.99942
-0.40462
1.85590
3.26382
2.16848
3.98136
7.69573
-12.41592
-7.49325
1.05636
2.89187
8.29906
4.59318
-2.17956
3.79431
-0.05614
4.43545
-7.65198
-1.51360
-10.94331
-5.70243
-1.35814
1.63740
-4.48529
3.90228
3.05812
-0.07179
-1.53041
4.99172
2.01214
0.92389
-2.26366
-4.84316
-2.34438
-1.73042
0.89497
-2.67897
1.28292
0.40809
2.20208
-11.92149
-3.34978
-2.69062
-1.67848
-0.18854
-9.11331
-2.70122
-8.71867
-8.20602
-7.79199
3.57354
-2.26930
-2.35299
11.87612
2.75124
-10.13330
-6.67746
0.39539
5.12242
6.91358
-3.72355
-3.35027
-3.17747
-3.41817
-0.52483
2.39090
-6.19165
-1.59396
2.41926
3.18815
1.51553
6.65580
-0.11813
2.78459
0.86756
-4.75698
11.40689
1.55031
1.97692
-2.88453
-5.36987
-1.77090
-4.83535
1.67195
8.33047
-7.19857
4.59985
-2.65509
-0.48649
6.61927
-4.44292
-0.67223
1.94304
0.99291
6.44922
3.17491
7.15071
-5.23186
3.57571
-6.07955
11.57240
-4.40847
-4.09402
-4.74920
0.91700
12.31696
-14.12782
4.22886
-0.66148
-8.47655
7.01089
-9.83262
7.57568
0.34409
-3.37679
1.21213
3.55774
-10.59421
-3.72447
7.49772
4.62840
-3.96200
6.63130
3.74534
-3.38866
5.28219
3.01790
4.91943
-3.03090
4.69270
2.71014
1.20287
-9.76178
-7.22470
-8.38719
8.75218
-0.00089
-7.67974
1.19773
0.78261
-8.29833
2.56190
-7.55043
-3.06136
-11.05749
-2.21123
1.67605
9.69300
-0.84929
-10.92671
1.69334
8.28141
2.79470
4.73796
-0.39171
2.05027
7.53337
4.18130
2.28417
4.62474
-0.66769
5.49711
-1.69742
2.70899
-3.11748
-7.50823
6.81443
-5.81822
0.60036
4.51285
-1.47906
-3.46641
11.07497
-8.70389
2.08318
-2.49616
-4.30934
-4.77847
-4.52582
-5.78689
-5.98793
-0.48494
0.06153
-0.71779
4.00966
-0.80127
-3.75463
2.68825
0.36478
4.55281
-6.07752
1.44258
7.30828
-6.92483
-4.26827
1.11829
-4.69756
3.48336
0.04844
-13.75919
2.88623
-2.29599
-6.24959
6.13598
-0.51124
0.30309
9.76815
6.46537
-11.30245
-6.77154
-3.21620
-1.06890
1.14145
12.09561
-2.61924
3.00281
-5.57477
0.26993
-1.21198
0.83218
2.09272
-5.49127
-4.35427
-3.97408
7.10016
7.80561
-6.24485
12.24910
1.43275
-2.43854
2.83258
-5.43824
-0.50056
-3.67036
0.60499
2.61404
2.08492
5.98513
0.20666
-3.07992
-0.58938
-6.99127
9.33597
4.86180
-2.08332
-13.67368
10.83311
-1.83353
-4.44263
-0.28578
4.99169
2.07137
3.12557
-4.24711
0.26370
1.58829
3.81935
-5.66978
3.27969
-2.71166
-0.80818
-12.52463
-6.08775
-1.54453
-2.38514
-9.65042
6.53907
2.15539
-5.90094
3.36596
3.25876
2.07655
-12.78458
7.04567
-4.14839
0.34870
-5.48072
-8.06915
10.75757
-3.97760
-9.23359
3.86897
6.15115
-2.13333
-10.86482
2.45744
1.70014
-11.35547
5.56575
-1.69834
-6.74134
-4.82129
-4.81527
-6.53926
1.55446
-1.14079
-4.13943
4.97644
-9.25806
0.57864
3.28203
-6.88712
4.19567
1.56390
-5.59000
0.14912
1.65099
-4.56292
-3.28732
-0.48593
-0.66068
-11.34491
3.14042
5.74778
0.28496
5.64204
6.33218
-4.53622
2.91636
3.93255
8.47655
3.31288
-1.49895
-1.16377
-1.50933
-0.39640
-2.17520
4.48652
1.18353
1.38038
4.66419
7.97741
-8.02116
-4.00871
4.52862
-4.51755
2.88151
2.84499
-12.65750
-0.39404
-5.23500
0.26943
-12.97831
5.68839
-3.45569
-9.87710
-3.58823
0.34216
3.01952
-7.82814
2.43686
2.47596
-1.38111
6.74743
2.76670
4.52546
2.84338
3.12782
-6.98928
2.33313
-3.80865
-0.12521
-6.98430
-1.88532
-9.01437
1.30176
-0.95343
-3.16679
-10.28004
3.08192
-2.57430
-5.68647
-1.31450
-4.21530
1.65243
-5.33602
-1.34524
1.05333
-2.38247
0.47501
-1.88178
-3.51273
-0.56087
3.19058
-10.55803
4.94172
-1.48546
-9.20572
-2.16671
3.11687
5.30833
4.61986
8.43874
-2.68248
1.85648
-5.10201
0.25155
-8.39197
-6.65436
-14.57161
1.52569
-16.85693
4.75257
-2.75267
-10.27335
-4.50611
8.94465
1.25743
5.68256
5.11518
-8.92650
1.19263
-1.67089
-8.37953
6.41418
-1.67415
6.19240
-11.35742
-1.74755
1.68730
-10.16964
-5.97991
0.68191
3.51014
3.86056
-2.87478
-6.73307
-0.11538
-7.68985
1.80531
2.85840
-1.11595
5.72796
-8.59483
-9.03829
4.16793
0.81399
-7.58939
-5.25578
2.00608
-5.48703
4.69839
-4.51646
6.90535
-1.69964
-5.29048
4.26206
-4.30766
11.53581
1.25465
2.54919
3.13792
6.41869
-4.21828
5.59789
4.97874
-1.21116
3.09855
4.69948
6.66997
0.00153
-6.15720
6.85852
2.30120
9.80528
-5.44344
-2.71677
5.35702
9.35368
13.70495
-1.89274
-17.25081
-5.06070
4.58847
-2.84500
-7.44730
8.03629
2.61109
-5.85926
1.50354
-4.16067
-2.82157
1.82121
4.38333
11.47297
1.25569
2.63661
-3.25293
-10.99048
-6.06592
3.70661
-9.39064
-5.10371
-1.49392
1.83420
3.73135
-0.43114
6.33435
-3.43032
4.88843
-5.07396
0.80296
0.32039
-4.56162
-5.94393
12.43112
-5.46320
4.29333
-11.27434
1.82129
-2.14451
-7.85758
-10.96507
-6.32472
6.03523
5.94568
6.85963
5.93606
2.03071
7.16563
-12.74570
0.65978
-10.48657
1.85276
-4.61212
12.35947
-1.11069
-10.13192
5.55222
7.33707
9.78654
-1.56812
7.99285
-2.96883
2.02569
6.37876
-5.56501
2.62829
-8.53014
-5.42271
14.97220
-3.95302
9.85272
4.00864
-11.40520
0.90111
-1.74910
0.60552
-0.77325
-6.55019
-7.50668
-4.74559
0.05589
-5.18266
-3.71985
9.90494
3.31489
4.68374
-9.22544
1.31766
-8.30978
-1.97250
-7.82998
7.62567
-6.51073
-4.83712
1.20748
8.11688
-1.66969
-6.54371
7.58199
6.61549
6.39749
-1.08091
9.97403
3.91657
7.62846
-0.35820
1.12603
-5.57227
-5.59205
-3.91774
0.98718
-6.33425
-2.48898
4.77985
-4.13878
-11.36437
-3.98045
10.10188
3.36291
4.51126
1.53705
7.04065
-3.22021
-7.40885
-1.77244
4.12812
-3.73979
-7.58163
7.63410
-5.03854
-1.61798
-6.40247
0.36012
-4.13462
-6.86384
10.58148
-1.10010
-0.52580
-3.18919
-5.09164
-2.07304
3.20778
3.27666
4.85455
1.78973
-3.12854
1.57665
-1.60842
-1.25432
7.05450
-2.47551
-2.87555
2.82579
8.01533
-4.82611
-11.65644
-2.03544
0.14029
6.50764
-0.59493
6.92515
-0.26192
-1.16765
-2.26127
1.30979
7.15233
6.34686
-1.81479
-4.88994
6.03551
-2.59226
8.84395
6.11158
-6.31288
-2.19155
3.68828
4.50462
5.04751
4.90409
0.61571
-0.36782
12.59129
5.12482
4.58396
-1.78050
3.55137
3.76071
-1.78722
5.20227
0.45173
-2.27556
-2.01250
1.30365
-11.53286
9.43413
13.01509
-0.83861
-2.49167
6.53670
1.39765
-6.94510
1.64921
-3.39656
-1.28636
-0.73748
2.04354
-0.31226
-7.70473
-2.26502
-6.72463
-3.30807
2.55554
-4.59113
-0.54095
-2.03770
2.46523
7.41800
-2.77319
5.56873
-0.09790
0.54976
3.44205
1.65325
13.94964
3.00542
-0.38958
1.15843
-2.35480
8.19509
2.31028
2.71148
-7.56306
1.26451
9.25940
1.83181
-4.61380
-5.78060
-1.92947
-0.19127
-1.19799
-6.48278
-5.19415
1.40471
-5.15769
-6.72266
-7.34385
6.68628
-3.79594
1.23461
-7.05721
-0.45625
7.54940
-3.86877
0.50844
0.39459
1.53990
-1.99962
-7.05373
0.18583
1.42318
-9.57364
-3.47511
4.18350
4.74524
-4.86425
-12.30009
2.68325
-5.94961
-10.73215
-0.17101
5.64406
-2.29074
-10.04205
11.06566
-2.02770
3.01154
5.83937
-2.75336
3.22807
7.68997
-5.46773
0.72999
-0.05400
0.92680
5.38031
-3.07142
1.40229
-2.13921
6.90209
8.80729
-0.06778
-7.49348
3.88149
8.45473
-3.66772
0.98112
5.12041
-4.25431
5.06509
-0.85909
6.39432
-4.95443
13.69067
0.87404
-2.33246
1.05412
2.06604
9.19358
2.47115
2.62692
-2.00440
3.21473
0.27503
-2.29529
-2.59932
6.58943
2.97382
-0.13930
-7.81972
-2.09026
3.05815
0.26435
-8.82378
-6.39135
-7.78608
-1.43680
-0.66898
-4.08432
-9.91505
-10.36244
2.92920
-3.91534
13.14807
-9.93632
0.59428
-6.20949
-6.14859
-8.66216
-4.45871
0.86276
-8.72637
-1.04477
8.93170
-1.14370
-5.53801
2.74337
6.92905
-2.94294
1.36997
-4.83531
8.67492
1.45131
14.67958
2.01334
-1.40425
2.70726
-11.19731
4.84446
-3.49457
0.91416
3.52623
-2.22312
-8.76906
7.57858
4.38586
5.51233
5.24809
7.53687
-6.45116
7.72270
-1.21453
-1.87635
-3.32439
4.70569
-12.97630
-10.68725
-3.17921
-6.83810
-0.07531
3.04129
-3.14542
-3.58442
-4.39281
1.44517
7.74740
-9.66860
-0.39234
2.54146
-11.15004
-2.23869
-4.09439
-8.96081
-1.87139
12.37740
-4.52038
-1.68438
-2.66957
10.76654
1.21299
2.89343
-5.33969
3.49109
1.63455
-2.52763
8.65029
-4.64275
-2.35826
-3.32309
-0.30521
7.51339
-2.56580
1.63071
8.57325
-5.07832
-5.99179
-1.15382
-3.72475
-5.33983
-7.84463
-3.66381
-0.18737
-2.53978
5.63531
-0.20265
-1.47193
2.27195
0.17516
9.46336
-10.48602
4.13164
6.07704
-1.67362
-1.85245
-2.07976
-3.18565
-7.28057
-9.78336
1.06158
-6.75713
-7.82144
7.42253
2.49540
4.14731
-6.91379
6.31675
5.40430
-3.65482
8.88375
-3.20123
-11.05218
6.52311
15.82281
-0.82518
9.61472
-1.94219
2.80182
0.46923
-8.48308
-6.98749
0.76121
-2.68850
5.98450
-4.14407
1.64957
-1.22387
-19.00255
6.33772
4.77290
-2.86888
-7.64446
-14.41343
-3.97216
-2.85315
-8.33631
5.41096
-0.81651
-2.31076
1.05162
-3.79489
-1.59674
1.56019
-4.31872
1.04795
-0.56240
2.80188
-7.44676
2.48397
0.13728
3.53074
2.00352
-1.30575
-5.52284
4.43768
1.46469
7.48308
-4.29195
0.32454
1.99519
-1.44533
-11.57060
-4.89711
-0.71276
2.50812
3.04159
5.20683
6.84430
-2.33666
3.12730
-1.65697
-5.29588
-4.89574
7.28093
1.33399
-9.51847
-7.48266
4.04986
12.61169
0.27563
2.79559
0.54889
-7.59540
-5.70645
6.27616
11.51550
0.11306
2.20599
2.45367
4.50200
-1.20430
1.63862
7.11566
-1.24882
8.22899
4.14387
4.95355
-2.89523
4.53302
-6.31713
-11.14549
-4.30285
-6.28354
3.82470
-2.03984
9.92408
-5.09418
-5.96844
-7.53152
0.99089
8.32046
-7.13217
5.24816
0.52696
1.10686
-8.89584
-5.49878
-13.43828
3.26549
-4.32577
4.63228
4.37966
-1.79500
-1.40487
-6.91337
-0.69400
3.09549
-5.11272
1.83821
-2.29153
6.17752
1.02311
0.38620
-1.76256
4.80107
-6.52444
1.86211
-4.14139
1.88200
-9.09555
1.46914
3.46120
5.83961
-7.66986
-10.70469
0.09384
1.93268
3.24311
-7.93530
1.41801
1.02800
7.01914
1.75647
1.25344
-3.80054
-0.32477
3.52874
-8.40399
0.81987
-10.59609
-1.90838
7.65722
2.48575
6.93967
-10.10853
-9.73690
-3.25648
-9.28528
-1.20211
-13.65860
2.97668
6.86895
5.45494
-4.19884
4.46701
-5.76477
-2.95776
7.96754
-1.97375
6.26911
4.28875
-0.20033
-6.41285
-0.19641
0.08149
-2.93196
1.73959
-3.82650
-7.26603
-0.96216
-7.43012
1.27326
5.50514
5.30088
4.81663
-1.63457
-11.61123
0.41464
5.71861
7.41147
3.82299
1.04317
1.68032
0.37059
0.95257
-1.44198
4.71479
-0.14245
-2.28010
-7.17830
2.73717
1.12321
10.53624
-6.97721
0.96276
-0.79944
7.82602
3.65854
-10.62847
-9.02569
10.44709
-2.93930
5.50426
-9.60642
-3.48803
6.87730
-5.53733
-3.95902
1.86787
-4.39218
-2.64415
7.72442
8.31218
-10.37097
1.13518
2.14444
-1.84583
-0.51861
2.83971
-7.10261
-2.32842
0.96634
0.97117
-2.22002
5.35923
0.74756
-0.87882
-3.01996
10.38293
7.87382
-3.42706
-1.50902
-1.58580
3.80658
15.09639
10.25490
2.69288
-11.51420
6.17718
2.78666
0.13692
-5.75705
4.20312
-1.97122
1.75969
4.54051
4.50627
-1.75233
-8.67196
-2.31229
-6.32760
-3.69422
6.97182
-9.40411
-2.21592
-1.42910
0.79676
5.42126
9.46513
-1.56847
-1.76642
0.67031
-3.90607
1.47797
6.28913
4.46610
0.59754
10.56484
3.09999
4.95460
1.87674
1.27741
3.35202
-6.43850
8.68495
-7.18382
-10.81669
3.65271
-1.84725
-2.27670
7.81605
-9.71632
-4.02556
5.92634
-0.98170
-0.04324
-0.76768
-10.96136
-2.59729
-1.99335
-4.32740
-7.72450
-3.21445
-1.84271
8.18185
-9.25251
-6.96004
0.82322
-1.82056
-3.04983
1.83036
2.58914
1.49256
4.06276
6.36101
8.41017
6.83540
-11.70920
1.01115
1.32906
-9.22845
0.58768
6.84701
-2.46108
-5.85648
-10.62295
3.28424
-0.55867
-2.82163
-7.71680
-2.18872
-1.41704
-2.05785
2.84479
1.43470
13.67114
3.54724
-5.26792
-3.51655
-9.06400
-2.98144
-6.73021
7.59658
-1.85379
2.60868
0.40853
-0.70619
2.26857
-3.66109
-1.45739
-2.01682
-2.19702
-7.25924
1.39135
3.94605
6.43034
0.68875
3.80724
-4.22141
2.99638
-1.54942
7.78905
-8.64318
2.64221
-1.33452
-5.12249
1.26868
3.60188
3.19840
4.25175
-5.63689
4.53329
-17.94681
3.54322
5.01587
-5.41505
-5.23046
-9.35090
-5.14407
3.47807
1.15970
-2.89890
3.64835
-6.68022
1.39729
-9.27459
-0.06160
-9.28414
0.81864
-0.45024
-2.11246
-3.94856
-0.85988
-14.57557
-3.13232
0.55411
-10.17801
-0.13977
-9.68291
-6.46087
5.63891
5.71661
0.89991
9.22358
3.39903
2.19297
-7.31309
-2.28862
4.16245
0.12763
-1.44427
1.39742
4.78221
-2.54374
-0.04465
2.10477
-3.12023
2.83588
-13.62390
-2.55562
-2.81845
7.87110
-12.54489
3.14743
1.69181
-4.75823
-1.86122
2.20328
3.16879
3.08966
-2.44801
2.03309
-9.10080
-9.64496
-7.97478
0.78375
0.94338
0.53822
3.07621
7.48256
7.23392
-7.76377
9.37852
-6.86244
-9.92254
0.27804
7.80921
6.64625
1.51878
-2.16499
-5.27554
1.24959
5.75601
-7.03431
7.30094
2.54069
-1.05972
7.44935
-4.91945
3.18852
-1.06335
0.44687
1.58275
8.15676
1.08914
-0.01305
-3.32772
-3.91406
1.86206
-2.83332
5.61561
-0.64814
4.17451
7.44761
1.87689
10.43012
-1.46140
-8.10403
5.04632
5.92593
-5.60397
-0.13935
6.64552
-2.52412
0.44553
10.93732
3.11531
1.10726
0.08564
-0.34807
-6.69530
7.16972
4.51449
5.01667
-8.61594
-7.55567
-5.90624
-1.35999
-0.39773
6.09550
-0.47320
5.38682
-4.63903
-5.24646
-7.12931
-4.83183
-2.31638
5.55615
-5.33204
-1.09149
4.95602
10.11137
-6.37852
-1.44970
-15.21980
-4.48091
2.89106
-0.56968
3.15708
-5.84764
2.08026
-5.79413
1.35840
-0.52536
4.13445
16.23301
-1.55497
9.08311
4.85796
-4.47746
-1.14676
0.93492
-7.90978
-7.51787
8.55895
-10.83662
-8.30742
1.90032
0.02860
6.57527
-10.91083
-4.42551
-7.91297
3.82628
-12.38259
13.51892
-4.03438
8.11793
1.92462
-6.52455
8.69757
7.59905
-3.12167
-6.76132
3.10641
-1.64090
-5.82023
1.82830
11.38566
-2.60346
-5.75730
-6.29580
2.54057
3.27922
6.02032
11.24744
-14.58914
1.82416
-7.44179
0.29945
-2.62254
0.76773
3.40371
-4.82828
-13.29078
-8.27523
-1.34898
7.25210
4.13641
1.31722
4.64649
3.15783
-8.97164
-7.54781
2.74390
1.07079
-2.49422
-0.67414
-1.91324
-0.18341
2.12591
-5.87584
-3.15605
-4.80121
3.92936
-4.64581
7.81991
0.39632
-6.31927
11.55917
-2.92891
11.62890
-0.26962
-1.50682
4.74189
0.41888
-4.95437
-0.70196
-7.54004
-9.38202
12.38532
-5.74614
-5.19493
3.10180
9.19069
7.96351
0.74955
-1.33887
-3.50847
-15.11093
-4.14224
6.64194
3.13729
-4.99388
-5.38173
2.48270
-5.03713
1.06557
-1.70513
-2.72116
12.65290
-1.89727
-0.34721
-5.63013
2.95396
3.54463
-3.17780
-7.94085
0.13383
-8.31043
6.13073
7.56658
2.74608
5.14552
4.35061
-5.27580
-10.28393
-9.96051
4.29237
-6.14791
-2.35174
4.89845
-5.51659
2.75619
-0.49870
-3.55184
-4.34547
2.37179
-1.39595
10.30435
-6.47690
-1.20664
0.67377
0.72090
1.84351
-2.72730
-0.67896
-7.84918
4.60627
-11.65306
-5.44558
-0.95236
2.41401
1.50329
6.20643
-0.42179
-10.26547
3.00610
0.43261
-6.76483
9.42618
-2.13707
-1.64898
-3.78259
-1.41149
2.89326
7.12874
7.83287
1.87267
-2.27600
-2.73635
1.62338
-1.54243
-6.35775
-11.41046
6.94233
-3.30434
-5.34006
3.01357
-4.46930
-7.19760
-2.96264
2.50097
9.55620
-4.63798
-4.93105
5.51105
-2.10551
-5.43135
-2.09278
-0.91422
-3.69177
6.44339
-5.80141
-7.72668
-1.17810
-6.56824
1.08920
-4.03461
0.58546
4.23697
7.60120
3.40338
2.82853
7.14545
-10.13645
9.72135
9.94240
4.63646
-3.62173
-1.17091
-1.40152
-2.45664
2.54008
5.44383
6.40180
-1.53214
6.75080
-2.30470
2.21974
0.93274
-4.43718
7.88941
9.48269
7.02882
7.24034
7.41966
-0.72543
3.36411
2.53304
-4.55774
-10.98749
-4.95453
20.08966
0.10050
-3.50692
7.25672
-1.77374
4.58717
5.22649
8.95808
10.29701
-10.36297
-1.69130
-3.36078
3.93454
-0.06663
6.94626
-1.19840
0.30819
-4.30594
-0.54261
6.44287
-1.95577
-14.54443
-5.59465
3.83175
-6.75648
1.96905
-2.17468
11.48842
8.25997
-0.18623
2.85169
7.63815
3.61886
-5.30967
3.69607
1.14217
11.02543
-5.08796
2.72051
-11.32148
4.14448
-0.35309
-0.63785
-8.93246
5.43832
-0.75032
-1.83670
-5.50447
2.29653
-0.69652
1.39558
4.87264
1.54735
1.14656
15.04920
-6.66813
-6.80508
0.93813
3.89595
1.86617
1.32884
6.96087
-3.11305
0.29326
3.31540
-2.13408
4.17727
4.67816
2.55032
2.21097
-11.99894
5.60324
-2.74935
0.46798
-10.01568
1.95184
9.39266
3.12914
-2.47273
-2.05211
-0.41663
2.33008
-4.13485
-13.89178
3.79296
-12.81462
-0.10731
6.73149
4.17530
3.71155
-9.29859
-1.66758
11.49106
-11.57961
5.81882
-1.55588
-0.66250
6.48589
-5.67370
1.43827
-1.91322
-4.96007
-6.71064
-3.09062
2.54848
-5.70216
-4.04106
0.76702
-11.94566
-3.54216
9.87487
-2.36715
-4.76406
-2.29614
-7.05500
-1.49646
-2.05888
4.45860
-5.90904
-2.84457
-10.55633
7.84095
6.42081
4.15849
2.84276
10.03899
-1.14537
-6.24786
-5.59346
-5.86451
4.26546
0.87580
-0.62361
6.95091
6.11727
0.05848
-5.04216
6.88664
3.60546
8.70819
-9.04626
-13.22682
-12.27270
0.07544
4.99547
5.43710
-6.99277
-9.77516
-7.64616
-1.59033
-4.95530
-1.65628
-0.33331
-5.06881
5.56505
9.60580
1.80858
-2.27561
2.08180
13.30353
2.91253
2.43977
-4.37805
1.73070
0.02053
2.99232
11.02343
-3.12851
5.32630
-4.35877
9.24404
-2.36983
0.44440
-6.32104
10.44499
-1.13091
-5.44637
2.93695
-13.61172
-1.16961
-10.16733
-6.92473
-1.31715
8.84639
7.32987
10.24168
2.85334
9.28506
5.09971
-4.50961
-7.62597
4.68172
5.56752
-1.53301
-2.56041
-2.83540
-8.46078
-5.57113
7.98372
5.48746
12.75800
7.16499
6.46595
-1.59541
3.01223
-3.32304
7.11394
-6.13136
0.03888
-7.63317
4.98911
-0.16437
8.61878
2.17175
2.84397
2.26910
2.36278
1.20484
4.88400
3.24892
2.83722
4.05233
5.84160
5.46577
8.64718
8.10378
-3.12554
7.08001
5.39750
5.02280
9.78416
-3.19422
-0.90069
-7.94435
-16.39222
6.03474
-8.63755
1.00784
8.63541
-6.19467
-6.33209
0.83767
4.87461
4.16972
-2.18645
3.96149
7.09738
3.72016
6.43868
3.56108
6.11157
1.07420
4.42295
-2.42231
-4.81744
-0.61426
2.78659
-7.00361
3.93495
2.20242
-7.82256
2.00689
-2.55341
1.57361
-1.81088
-2.02887
1.48463
-3.21894
-12.63911
8.63260
-0.78359
0.33577
0.13085
-6.84702
-4.24115
-6.89688
-0.44067
6.74225
-2.25084
3.11980
3.26141
16.95652
0.46929
-2.33376
9.77363
0.37857
-1.27854
-1.75385
8.28148
1.90332
-5.93904
1.01880
-5.51158
-10.07642
-8.14964
3.18498
-1.73074
15.58099
0.24918
3.48040
2.57410
4.45732
-7.70102
0.48250
8.61455
-3.68093
3.81025
-15.32536
7.76091
6.04959
1.57779
0.86286
-7.23359
-12.31023
-11.65667
-2.18700
-2.47446
-3.44602
-0.30230
-2.11392
-2.42226
-10.14025
3.02866
5.11761
-12.29525
3.39882
-5.00985
-2.98044
5.15983
-2.65962
15.78118
-8.17399
10.79833
9.18323
2.52823
-1.64715
1.49838
-12.54412
-0.04513
-5.89813
0.38961
-10.63277
-4.99171
-2.66195
-3.41946
-4.33302
9.96101
0.75036
10.58017
-5.05456
9.38094
-4.00620
0.44786
2.82951
-1.70188
5.17396
2.87280
-0.96556
-3.13610
15.24143
-3.53105
-13.46567
-6.65268
-10.62028
0.11103
-1.94405
1.20380
-5.42792
3.77969
0.41638
-2.62232
-9.67565
6.01971
0.19365
2.67932
-0.66007
2.03713
0.93070
-5.97161
11.58148
-8.78774
1.85200
1.53022
-3.91515
1.01068
-16.78198
-2.67246
-8.77675
4.45270
-2.28273
0.13888
-0.00257
-5.40803
3.26105
-4.32105
-1.61597
3.89748
-0.02590
3.09514
-15.24438
4.62487
9.53772
4.15268
-4.73604
-3.91283
-1.17977
1.91370
-4.82199
-5.37180
3.60424
-4.64914
6.05945
4.25070
-2.53905
1.42022
-7.04344
1.13050
-14.04564
6.46829
5.16741
3.61854
6.24121
0.55899
-1.47265
-6.17076
0.85872
2.23515
-0.98412
-0.03891
0.80852
4.28343
14.81808
2.21245
9.49694
-4.44282
-9.39079
-2.40833
-6.16956
-3.06769
-5.50717
0.96342
-1.33896
-4.46972
2.58087
-1.69302
2.52848
1.96217
4.43397
-6.16553
-1.79758
-3.31416
-4.22426
-1.80869
9.59467
-9.44347
9.38817
7.76826
9.84264
6.66582
8.68666
-3.68571
-3.40481
7.54918
-3.38511
2.96637
7.86745
-3.08183
-9.45634
5.29007
-9.29701
-5.64940
-0.75308
-1.16677
1.96953
2.96803
-9.90551
3.16674
3.43077
1.28585
1.96766
8.90045
2.03897
5.13565
6.04824
0.57842
2.70837
-2.56896
-4.52734
-6.09317
3.98842
-9.22695
0.13137
3.29082
7.41944
7.25012
2.55578
6.48891
4.42411
13.23015
-12.33414
6.93523
6.85832
2.02865
5.08459
5.03067
-6.32162
0.95690
-9.13499
5.41011
1.55166
3.09247
1.91261
-0.08374
-0.23806
11.07069
-5.60917
6.38293
-2.84430
-2.35105
3.54687
-9.12402
-2.91612
-1.07532
0.00579
9.79250
-12.04607
-5.57763
3.77067
-5.26112
9.94806
2.08560
-4.67384
-8.75836
0.46565
4.91353
-2.07354
6.16097
0.47942
-1.95109
8.74783
-9.02545
-0.47650
1.94144
-0.98597
-5.66499
3.29526
-9.75390
1.90993
15.54414
-6.68451
0.26959
4.77557
1.96446
4.50522
-1.29636
9.13233
5.08095
1.38779
-1.33107
14.73974
-16.94971
0.64142
8.82468
-7.72074
0.66075
0.85231
0.09171
0.58013
1.28721
-3.49529
0.00021
2.10670
-4.32588
-4.97119
8.22096
7.73634
0.71986
-2.75985
-6.04474
6.85305
3.54524
-6.38254
-3.43102
1.08457
6.97085
3.28254
-0.92306
-10.92465
-5.24773
0.50974
5.82015
14.29448
-1.13376
5.47596
-8.00934
0.68718
5.50124
-5.85085
3.95754
-11.37105
-1.10068
-4.31330
3.88271
-6.87955
-9.34218
8.85973
-2.79802
5.82468
-1.68000
-3.10020
-0.61935
-5.56637
-1.82709
-5.47408
9.32594
-7.28741
3.30601
6.20184
-5.46055
-5.96712
-1.71865
5.03095
-10.46051
-6.59845
-7.63094
-3.82720
8.11762
-2.21277
-6.78496
5.59201
7.34597
2.63017
-14.96354
-4.43397
-0.16248
-0.87258
-3.95308
-5.65922
-13.22795
4.43182
2.83588
-0.70722
-11.78725
-12.72862
-6.24545
-2.27694
3.77857
-13.78742
-9.47304
-3.08924
-2.61240
-6.72004
4.63129
-9.12473
1.27138
-2.03335
-6.25008
9.03380
2.31966
-3.62414
6.66070
0.16515
-6.95951
-7.23779
-2.41210
-3.37007
3.47757
2.53513
5.15080
2.77715
7.22564
-4.20949
-3.17338
1.34795
-2.45316
2.06226
4.91794
9.26432
3.32636
4.15179
3.18287
-5.72541
-0.02093
-0.25446
-0.89167
3.52569
-1.42740
-3.05346
-0.25818
-10.62183
-0.41671
-4.97064
5.66590
-1.32350
-5.75958
3.17158
6.26721
-4.21077
-1.33818
12.56770
4.63309
2.50170
2.62227
0.86286
1.10163
-9.39884
5.74852
-0.48196
-5.08224
3.86699
-4.90950
2.90475
4.79384
2.39265
3.41408
-3.78725
4.84799
-4.57387
-0.90660
9.82816
18.92157
3.43830
16.86962
4.90940
-7.17482
-5.19908
-10.87914
4.89195
-2.95119
-10.32991
6.00199
-3.30670
-10.32666
5.63726
-5.01092
-3.71046
-0.12976
-4.71806
-1.25879
10.40973
-5.13499
2.45162
5.29377
4.72532
8.55798
2.43323
6.85010
-1.04547
0.67452
-6.77665
2.72426
-2.20020
1.77448
-4.95157
5.77141
7.64789
-3.17733
-0.50687
-2.32357
-6.86548
-2.50736
-1.22603
2.34657
5.82491
4.16292
-8.30144
-2.61423
11.67974
-2.56644
1.66211
-1.14820
-4.65235
3.48352
1.58026
-3.03922
1.06007
3.28021
4.41738
-4.07216
1.26099
-4.61368
-9.62153
3.43983
-2.51956
2.64967
8.71319
5.69799
13.04136
1.59818
9.87153
1.95305
-6.25507
-2.97464
7.71277
-4.38656
1.57194
14.42770
-2.18680
-5.25952
4.11410
7.65471
7.19678
2.74594
-3.05187
0.72123
-1.44214
-3.24013
6.32602
-9.19015
-7.46707
2.94914
-7.54640
4.92942
-3.88131
3.25196
4.17515
-3.06529
-0.20036
7.84908
-1.57894
-6.65386
5.29867
0.06789
-3.64692
2.47470
4.62612
-2.89626
7.02307
1.26361
-6.39006
-1.80486
-0.43430
8.48226
3.87143
12.34956
-11.13612
4.06242
12.67084
-0.61165
-5.92121
-7.88752
9.52388
-0.44350
1.39691
0.62914
-1.51658
3.96807
8.80121
-8.50759
-3.21460
-1.11151
0.26646
-7.27015
8.38082
3.31805
3.09513
2.44434
6.62849
1.96553
-0.78695
5.09485
-7.21562
1.84838
-9.23828
-8.54366
-10.54049
-3.04197
-7.74812
4.23232
-3.39019
-10.67837
-0.35001
-2.16365
2.85048
-0.94363
-1.94678
2.15271
-10.16341
3.42500
2.66297
1.16338
0.52073
-7.85485
-8.29849
-2.52367
-1.89575
3.92093
-0.57137
-0.76756
4.89932
-0.51881
-0.20743
3.29660
-11.60475
14.27056
5.62618
-8.24591
5.79912
-0.39734
6.82068
-12.47729
-0.36301
-8.12138
-0.06788
-3.10035
-3.97892
5.85894
5.82030
-0.66495
-1.66332
-2.87403
1.39365
11.15612
-2.15507
1.60595
-0.06532
3.48358
-2.34404
-2.05677
5.38503
-9.06378
-3.25120
7.15383
-3.83095
-8.67299
-4.40092
-3.80264
-4.82662
-5.92374
0.97922
-2.55066
5.68443
7.06285
4.39984
-2.43440
4.12487
-11.29109
5.22675
-4.56210
-2.04985
14.23882
-2.99705
7.37276
1.40668
12.41590
-0.18713
-7.22972
7.59318
1.68738
6.25017
-0.33291
5.29787
5.71162
3.84446
2.60208
-8.78632
7.60377
-0.60481
-4.39204
-6.15512
7.54453
6.60392
7.07984
0.17961
0.75300
-0.73178
0.20844
-9.05421
2.94509
1.80086
-6.92193
1.19020
12.82145
-0.91210
10.31893
3.96437
-1.22351
-3.31357
1.12171
1.21828
4.31983
-1.47558
-7.82954
-11.64373
5.28850
5.63349
-4.01704
-7.16003
0.09504
-5.15047
0.83448
3.15726
13.21356
-2.12141
-0.93793
0.49932
-7.41351
1.41293
-0.57749
-15.96612
-0.72626
-0.40640
5.59390
4.21567
7.18286
4.46473
12.71496
7.26808
3.55235
-2.33292
0.73736
-5.13009
1.44594
-10.21082
-6.80328
-2.76585
4.68316
-1.32352
-1.43757
3.29986
-3.16989
-1.74221
-7.54413
12.17997
1.15271
1.30547
3.23426
-4.34178
3.43175
-9.18290
-5.56558
1.19629
0.25365
-0.09871
-15.65792
-3.45285
-4.14380
4.01193
6.54896
2.01022
-11.40991
-12.29498
-2.49537
5.75723
-9.50067
0.56141
5.06827
-2.55420
-1.49108
-3.55612
-0.31578
-2.95937
-0.41069
-4.20875
-6.20541
0.72957
5.55617
-0.85770
-0.38838
-4.38711
-1.73144
2.28210
6.45176
5.66107
0.05286
-1.12237
-0.87364
0.78228
3.16991
-5.56254
9.53577
-6.78063
-3.34675
1.51044
5.25520
-7.43322
10.94761
1.54324
-5.38799
-0.42991
-2.30014
-2.87945
-9.33706
-1.83913
-5.90901
-4.30626
5.38627
-1.55138
8.14594
-3.82632
-0.12175
-0.20778
2.47787
8.00324
-2.51955
-4.95890
-4.18918
2.00900
-5.05258
-8.59782
9.40975
7.25849
4.47481
-9.62440
-10.35032
2.25042
0.51578
-0.99442
-2.69184
7.06311
-1.20996
3.93318
-10.62295
6.04686
-8.86232
2.02679
0.13774
-11.17023
-5.18955
-3.99297
0.25494
1.91181
1.57108
5.61618
-1.18326
-1.29455
-4.44320
3.45614
7.34318
-7.96760
2.20245
7.12440
11.97663
2.03035
-3.36337
9.62823
-0.04121
1.00845
-10.25898
-4.71598
1.98894
-2.07461
-0.16445
3.88044
-1.05467
-1.29022
-2.31500
5.90666
3.35676
-1.44991
-3.03810
1.17839
1.64122
-3.96012
8.61839
16.71848
0.87378
0.99456
-2.61863
3.02980
-3.99954
3.52838
-0.11008
2.51948
6.96897
17.07961
3.97358
2.90892
-20.40661
-0.89720
5.58587
2.26804
3.86024
-0.32221
3.89412
-4.87456
-6.34138
2.72389
3.32307
0.62854
-11.26017
1.62137
2.27020
-11.06333
-6.97512
10.05272
-7.98010
-1.71234
4.50253
1.80065
0.13605
-0.43293
-1.68443
-7.80755
-6.00025
16.28610
-1.40757
1.13439
-11.22549
-4.35933
-8.77554
4.74082
7.19519
0.70388
-4.64208
0.08564
1.86934
2.25446
2.85386
-4.52804
0.86257
-5.19705
-0.71371
7.48227
-3.34994
3.45436
-4.64147
8.21883
-10.12900
-3.88575
-1.37571
-14.68920
-0.86096
-0.13001
8.89698
-7.71886
5.90159
0.36233
8.39648
-2.19148
-3.79882
-3.51702
-2.57369
0.45791
-4.64482
-2.77990
-0.74069
10.63114
7.91735
2.04119
-11.19369
8.35605
-0.46879
-6.58749
-9.17739
-1.33645
12.53683
2.05110
0.74197
-2.80879
0.06446
-1.11052
-1.89601
3.05420
-0.29842
0.90651
0.82989
0.08234
1.52808
5.96127
1.01252
-4.39253
-0.46056
-5.66861
4.88635
5.18366
-4.83029
-0.08633
7.28348
-1.57772
11.26778
-0.55955
-5.79917
-2.87364
8.70181
5.86359
-2.33034
8.85564
8.98949
3.79351
-3.26904
-1.52982
0.92190
4.02859
-1.04297
-2.36281
4.73294
-1.07133
-5.57774
2.20383
3.09426
5.68011
5.50143
3.94705
2.33073
3.69608
-2.14517
-2.17175
1.42935
3.34384
1.84725
0.79975
-13.38248
-5.27798
5.77310
-0.07773
-5.36724
1.74148
-10.50433
-4.03224
-7.50634
2.90678
9.85545
-1.76455
-4.89343
-2.14206
-3.01631
2.36340
-4.51931
-10.18927
-13.80046
11.67083
-3.16731
-10.87500
10.65231
-0.26464
-5.11460
5.46779
-2.74326
-10.03490
1.88233
-7.16971
-18.34161
-1.88972
-14.31262
-5.25040
1.61817
9.62376
3.79718
4.53240
-5.27534
-3.88929
1.53858
-3.89628
14.39648
6.47391
-8.42543
-7.51446
8.72746
4.03233
-0.65117
0.03720
-6.03615
5.75374
0.62481
-12.12111
5.22475
7.60327
-4.09152
2.60631
5.35371
3.12853
-2.28187
1.01379
-0.07289
-3.61805
-3.87207
6.19716
7.12003
4.11260
5.54011
-4.24601
1.77569
-1.65689
-3.68204
-13.29538
4.91042
3.53616
11.90451
-7.11596
2.41899
-2.32827
5.68725
-1.40342
8.81809
-3.04313
-6.42215
-5.43964
11.33898
3.48693
-4.11083
-2.34912
-13.24774
4.59688
-0.45066
-4.44523
7.04207
-2.34771
0.09971
2.22468
-1.66230
5.01986
1.91692
13.24633
4.29353
-4.04350
1.86461
9.04521
-0.48859
4.01509
-1.08977
-0.97967
0.28943
0.27518
-0.93851
-6.50357
3.30145
-9.06358
-0.89416
-4.16070
-12.99965
-8.20329
1.85300
4.47525
0.85657
-2.02110
1.10593
7.00996
-6.45723
1.80691
-9.10355
1.71777
1.08726
8.79029
7.21209
7.53114
2.12697
-1.25225
0.05875
-7.98043
9.16679
-15.14888
-0.18809
-2.63820
-3.44760
1.23224
-4.63739
-9.04077
2.33962
-5.58884
-0.25446
2.92136
-2.17793
-9.99577
2.28725
-0.71677
-2.17944
-3.73872
-4.48707
6.65885
11.03470
0.44128
-2.67212
6.85878
-3.87762
-5.11269
-2.64594
2.12076
-3.14031
-1.48833
-0.20761
-4.33990
8.84269
8.29570
-1.54698
0.61117
-3.06063
-1.74202
10.45961
-6.28026
-3.22861
0.61398
-1.97226
-8.84462
7.11049
3.36462
-1.47730
0.91562
4.49614
-0.52333
4.77841
9.06918
-10.64651
-2.71159
1.62017
7.00135
-3.85801
5.08274
-0.21250
-4.14111
-8.26866
-9.72425
-5.76753
-2.11369
9.14706
2.19952
-4.10001
2.45910
-1.99462
-9.40478
-2.30117
-1.73178
-11.72930
4.91199
-0.59548
4.87117
4.09881
-2.32989
-2.85954
-4.73105
-10.82605
7.24595
-2.83029
-0.64327
1.44481
1.91319
-2.54546
0.89180
-1.44643
2.91443
-6.28607
-3.77352
-4.12286
12.84336
5.59870
10.20750
-3.53725
5.05010
7.34096
5.91457
5.95355
1.96590
-3.79325
3.70954
3.67189
-5.95075
-5.25154
6.04290
-6.46312
-11.84645
11.04874
0.88873
8.58574
10.85291
0.85692
6.12498
-1.96536
1.28628
8.91277
-4.37446
-2.66097
1.23314
-5.25173
-8.70152
3.53852
-9.89971
-6.18983
-6.56467
0.66833
0.01128
-2.28358
3.12101
1.25532
2.94637
0.79278
4.34548
3.50176
-0.04334
-1.66800
7.27414
-9.32226
-2.51073
2.05712
-4.02702
3.40055
3.64992
2.30763
-3.82055
5.12410
2.25521
-1.93723
-4.49921
5.87374
2.43451
-8.54756
-2.13282
3.68404
3.31618
-1.07241
15.20039
3.07193
3.82986
8.10434
1.71328
-1.85366
9.00428
2.92947
3.91039
0.86012
1.94730
0.31725
-2.19495
-3.72128
-4.54837
-1.52354
-1.93860
2.21098
-20.57836
-9.72586
-2.85460
-0.85125
-0.96385
0.90970
4.17591
-2.40086
-1.45848
-1.47140
3.79613
4.37379
-0.62049
-6.35005
3.27935
4.94572
-2.46875
-3.54940
-0.10996
-2.43122
14.52968
-2.33838
-0.47086
1.89830
-0.11949
-1.76383
-16.05673
-3.19267
-9.65201
-1.61024
-5.27464
3.88011
12.68074
0.70824
-8.88370
-0.69645
-2.14390
-1.98440
-6.20312
-5.06125
3.70815
-2.43137
-1.47248
-1.04812
5.71288
-0.17825
-3.10627
5.15496
-1.93846
0.03637
7.15634
-2.04838
0.19479
-5.28733
-6.68968
9.69330
-7.88866
9.09166
4.20486
-0.17988
4.54478
-0.44271
2.85950
-2.53602
8.63658
1.45710
-4.57169
-5.18985
-0.19381
-6.78136
11.33264
6.86724
-3.50320
2.37502
-0.07870
6.70120
-14.13727
-3.35534
8.48190
10.35225
-1.18057
9.08866
4.43448
7.49881
7.46612
4.74393
-4.04881
-6.17220
-0.20372
6.27768
-1.14292
12.44166
7.94243
-1.21941
0.38804
2.10888
-2.16681
6.43231
-0.41922
-4.20827
-1.73131
5.47207
1.75477
-0.43563
-1.46633
3.51783
-5.53615
1.48637
1.02498
3.38068
-1.46215
-1.01181
-13.28698
8.45524
-1.29157
-3.98630
-2.43557
-10.74455
3.56512
-0.99987
3.25238
-0.53915
2.78842
0.65269
-5.90781
3.10703
8.91631
16.28383
4.00332
8.83289
-4.13601
-7.09593
0.08598
1.81767
5.98093
0.18183
6.54895
-7.05060
2.06102
-7.96005
-8.04417
5.85956
-3.85663
-14.68091
8.48606
-0.17038
2.33432
0.79144
-0.14859
-3.68751
0.33540
2.01167
1.69905
-9.44776
-3.96255
-11.29144
-3.41389
-4.97433
-1.54236
5.11805
5.49018
4.53240
-4.56573
-0.72491
-3.66653
-2.87609
2.77625
-5.68640
3.89427
-12.16675
-3.83097
-6.77303
2.52333
-6.77651
-3.05928
-5.28140
-5.10324
3.11085
-6.97458
13.66112
1.79192
-6.90975
-3.33154
-4.89302
1.04756
1.36775
0.05870
-3.87869
-5.83660
6.74512
14.23741
-0.89739
-1.65847
10.17576
3.74466
-4.48701
-1.63833
-1.76273
-3.40854
-3.26271
0.84011
-3.41494
6.95787
3.06389
-10.24506
-6.92326
-1.89987
0.16453
-2.28046
9.65381
-0.72405
5.49635
-6.71308
-5.41322
-2.08879
1.90523
-1.21233
2.14174
7.34118
-3.46370
-2.54248
-3.08479
13.45532
-5.43365
1.85045
-3.22139
-2.39209
5.41202
-6.11257
1.66172
1.89889
-5.22752
10.20127
-5.29446
-2.52172
-2.10772
-4.31818
-3.68954
2.65869
-8.18259
-5.06966
-1.38526
4.62298
8.05713
4.72453
-0.58879
-5.82254
-4.48120
-4.60107
-12.00774
-10.48138
-2.31755
8.09399
9.42722
-2.34553
4.04942
-2.47494
1.22790
-6.24319
4.35993
-1.63335
9.98575
-2.29214
-2.66361
4.11340
-6.41651
3.60619
11.70819
4.73369
2.06621
-1.57374
11.66624
5.17978
-0.58859
0.88955
3.06946
-0.00313
-0.53920
-4.52820
2.50735
3.10429
-0.45626
0.44050
8.29022
-7.90706
5.89157
-1.33170
0.92862
1.84162
-9.84232
-4.52297
-4.33972
-2.83880
-1.92318
-2.16329
-5.73505
3.67496
5.44525
11.96142
8.43221
7.55941
9.81601
-3.07139
3.73473
-11.91031
-0.00565
4.91800
1.29239
-3.10182
-1.26019
3.22207
4.39989
-8.70639
11.54362
-8.47850
-8.07233
0.56667
-3.10663
-0.63815
-18.29962
0.27595
-0.88550
-2.82149
-8.49068
0.85751
-3.21433
3.78609
2.38278
-7.35006
-0.42785
-1.86074
-5.39435
5.75624
-8.23309
1.58270
2.31147
-6.25513
-2.47784
-2.89199
9.68923
0.04627
8.73616
-0.18912
-1.47113
6.92394
4.79515
4.70050
7.11914
-6.08251
-2.97520
5.71352
-2.91893
-1.05255
-0.84176
2.17518
-2.74373
10.56785
-2.73095
3.22681
-0.45537
-0.89888
1.10048
-10.25244
-5.23355
4.48089
-14.98132
3.88459
2.02210
0.62334
2.31108
1.20471
-4.21167
1.54214
-0.76910
5.27595
-6.26417
6.59376
0.43487
-2.01906
10.04200
1.00879
1.09885
-9.18178
-3.27805
-5.10446
9.47616
-8.24161
-1.17194
1.05599
10.28365
11.80403
1.41682
-9.32072
7.40210
3.42860
2.73160
5.67506
7.56855
-1.71229
-3.98953
1.75749
0.38924
-8.07265
4.45450
-6.21172
-1.81132
8.14905
6.96912
2.23591
2.39728
-2.15749
-1.89208
6.68897
-5.71249
3.45001
-2.73849
-2.91020
-3.74771
-0.61645
5.07067
8.15585
-4.99194
-4.21429
4.54215
0.36009
-1.16192
11.04632
-4.25332
4.48856
2.75306
-6.99375
-5.16300
-0.60163
-5.77020
0.04447
5.56308
4.18440
8.17644
11.87850
-5.25476
-7.81008
12.28204
-12.44593
9.88629
1.68044
-0.31245
-0.50897
5.39140
-3.01444
4.37619
3.20241
8.02406
-13.11737
0.17523
3.36530
-4.00771
8.63460
-10.66572
-2.60520
-0.37041
-10.93347
-1.11865
4.58033
-1.19769
-2.52521
7.06473
-2.36101
-2.94729
1.39682
-3.14889
4.27617
-1.38066
-8.52112
7.20974
-0.51167
0.15016
-1.71452
-7.13362
-13.01003
3.15750
-6.06266
8.76400
7.98854
0.85401
-5.15600
3.69144
-5.23967
-4.11587
3.27911
-9.17825
4.50532
2.71229
-12.31319
5.31790
3.80295
2.16512
-3.73861
-6.08112
6.01131
6.69604
5.40311
-0.49821
4.76457
6.53124
-9.46654
1.01215
1.04314
-5.88442
-1.76142
-0.75401
-0.45387
4.54438
-1.30638
4.33426
-8.25853
-4.87049
-2.95809
-7.33428
-0.85891
1.60733
-11.70855
-14.99201
14.89357
10.50360
-11.05380
-7.70917
4.43103
2.56581
-9.92440
-2.18199
-0.97581
2.43051
7.48854
13.76146
3.98026
-6.19453
-11.60563
8.38066
-3.15345
0.16516
-7.37385
-10.50784
0.96198
-0.53651
0.30329
-9.14181
7.88392
7.86899
-10.96396
-1.31977
-0.52713
-6.79656
2.29071
-5.00251
2.19665
2.04785
-5.93047
4.41260
-5.95761
3.84917
-5.61905
0.72193
-2.98058
-18.70658
3.37248
4.11546
2.32031
2.21154
-1.80998
-2.61829
0.02858
0.05222
-5.16420
-1.49708
-7.40672
-1.26506
-0.50571
10.40518
1.88071
4.16699
-9.85029
-1.27085
-0.76614
3.10590
-1.85110
-4.91284
0.30508
4.56913
0.97674
-14.29297
5.42243
4.55346
-0.69864
2.57620
-0.10995
0.32144
10.37838
6.58281
6.79678
10.47705
-0.53269
-0.36799
2.41581
7.33051
15.13090
-0.14463
2.97332
1.24932
-0.85313
-5.03954
-1.74153
4.89748
5.16642
6.10532
6.58300
-1.21128
-0.13072
-8.56919
-3.21873
1.86171
2.26393
2.24675
-1.49168
-7.47812
5.89959
1.07254
1.93099
-2.46342
-0.39810
-4.34885
3.55148
12.29934
-2.52672
10.47362
-2.31991
-7.60373
-2.68731
-0.96565
-5.95587
0.18738
-0.10435
-5.85392
1.94708
-3.08524
3.76606
-6.58863
-1.96079
-9.01833
0.43382
-6.02752
-4.73282
0.37531
4.79789
-5.01027
-3.62616
2.85163
6.65995
13.15614
-1.41803
1.60011
-2.79725
1.46473
4.76889
-0.02084
3.97568
6.47788
1.89240
1.96512
-4.47285
-3.60001
-2.55205
4.89569
-3.00686
2.79359
1.64900
7.54752
-3.11829
-2.59655
3.21678
-5.33938
-1.62756
0.22665
7.56479
8.70804
-9.33478
2.74172
1.10822
-0.90415
5.30907
4.77590
0.75071
6.00024
4.53864
-0.04491
14.47470
-0.28336
4.22294
-5.11332
-7.59986
5.30874
-2.71491
5.56453
-0.29101
1.80724
6.26918
-8.91410
-2.19270
-5.01777
5.13339
5.45423
-5.45924
12.29234
-3.35489
-5.31523
-3.11880
-0.74748
0.05662
-3.88277
4.25897
-8.69329
6.87730
-3.85932
6.29177
5.36142
-11.95681
4.99457
-3.02973
1.08548
-1.23854
-0.34852
2.65879
11.31713
-6.34003
13.17259
-0.85413
5.06894
-9.39507
-5.17566
3.20882
-1.95127
-1.55742
14.56931
3.39802
-3.37046
7.88769
-3.78139
0.31142
1.96957
5.66156
0.18652
-5.87890
-4.54480
-9.10887
5.92801
15.00675
0.11930
8.46124
-7.36175
0.21276
-1.75628
7.29779
8.68245
0.61014
-0.35374
-3.71071
-4.94466
-5.85001
0.31979
10.87027
-1.83933
1.58001
10.98186
-1.47100
0.61711
-2.08238
-3.81647
9.88064
-2.34399
-7.77833
3.66258
4.43230
-3.51436
5.30453
-3.46242
0.64767
-15.08962
3.32426
-7.96215
-1.34561
5.48018
-3.42061
-5.18995
3.71646
-15.87458
0.48440
-1.92522
-0.40916
5.86633
10.44623
-17.06181
6.58657
-11.55128
-0.06770
-3.58058
-1.40519
-1.17479
3.32050
-3.86120
1.89368
15.45065
9.14638
-2.15172
0.35139
2.95639
-7.53800
1.75814
-4.39371
-0.70964
1.47007
2.26486
-1.12770
-6.86427
-3.97709
4.91122
5.82266
-4.42653
8.77239
-2.99330
5.18705
2.15256
-2.34738
2.03292
5.03188
1.22859
6.59437
5.48373
0.78079
-7.76324
8.13718
-11.55780
3.01145
7.88615
0.42160
5.38655
2.19725
7.96413
2.74272
1.39474
2.55224
-0.93729
6.60024
-5.73692
1.39987
-3.13800
6.19791
4.54875
-0.89017
-3.20269
-4.07766
-0.59474
2.04275
2.95361
-8.63021
-7.67021
-3.65319
-1.43426
-5.12343
2.45215
-6.39027
-5.27665
5.09918
2.89821
3.36731
-8.32753
-5.41498
7.58789
14.42901
-3.77430
-1.82824
-8.08017
9.12158
3.42267
-6.51546
4.92807
-6.20677
-8.11729
-2.23316
5.74725
-2.85986
-10.42709
-4.81163
-0.84907
-3.29625
0.01323
-2.73752
-6.47405
-1.61858
-3.04182
2.29831
4.05356
0.54802
-4.41737
-2.25861
13.33552
5.57719
-3.57064
8.59845
-5.25801
4.82447
1.77703
-10.24335
-0.70529
8.14122
0.20492
6.23621
3.24106
-5.78321
-4.78038
2.59867
-3.61140
-0.30221
7.36738
-5.82533
-7.16779
-7.76906
-1.36682
5.24813
-3.37538
-4.12234
-0.39005
-0.31309
-0.29253
-1.99004
-0.44083
4.58745
-12.09246
1.22378
1.66940
-4.39094
8.03213
8.88957
-1.56291
1.54367
-1.66758
6.00702
-1.39409
-10.85672
-2.49374
10.22111
0.02246
5.90678
0.81622
-9.10167
-0.66649
0.46024
4.71981
-4.60021
4.78439
-8.09694
11.98640
12.73217
-6.78237
2.66219
-6.45587
-6.28665
6.86772
-1.09001
3.83019
10.09388
-1.41767
5.43096
1.29724
-6.82523
4.68643
-4.39380
1.20111
-1.80772
13.31456
-2.82811
1.29921
-10.34159
-0.90753
-6.28905
12.18468
-2.85553
3.70623
-2.26950
4.05668
-1.55899
-2.25877
-0.03761
1.46291
1.62570
-12.17666
-3.36890
7.53498
-1.42558
-9.55276
-0.64668
-5.68996
4.18586
5.06149
-8.98629
-0.08463
-8.39156
1.73249
-1.91742
7.00331
0.40761
-6.39521
-2.05706
2.08087
-4.39411
7.87785
-3.30868
-1.78402
-2.48447
7.56345
-5.52156
-6.31580
-7.17028
3.02858
1.16121
-1.06902
-7.25345
8.88542
-5.08185
-0.39242
-1.09304
4.91380
8.12412
-4.55545
-2.08173
13.44252
4.51787
-7.13330
-7.30843
-4.64264
8.08095
-5.16451
1.97356
8.36072
-1.16350
4.06855
-4.08130
9.76057
1.14285
0.81085
0.28714
-0.88693
-5.52891
1.71627
-13.53753
0.86883
-8.29419
5.27363
0.05199
6.09076
0.66099
-0.27020
6.78548
-3.41731
-2.74360
-0.77474
9.57595
-2.13707
-3.09909
-3.29571
-3.76627
1.60377
-2.11387
-0.62334
6.45938
-2.61415
5.91461
2.40291
6.98727
8.01717
3.88899
-14.63603
-7.61741
0.74093
0.88926
-2.46402
-5.10339
-8.07439
-7.88909
0.71671
5.61685
0.19737
-6.62821
-2.88357
-2.85657
18.40432
7.70346
0.75972
11.40746
-8.76944
-3.68856
3.37901
-0.79990
0.18107
-6.95052
-12.84419
-2.35854
2.61552
-2.47064
0.95545
1.22104
-1.53401
4.74072
3.15735
1.90130
-8.78992
3.13535
-0.65853
10.95991
-3.37790
2.19982
-0.99469
6.09063
1.99008
-5.20557
2.86293
-7.48750
-8.20799
-9.37555
-8.57252
1.84206
1.74773
-0.75743
-3.31766
-2.29692
6.04900
0.43257
-5.54152
-9.09739
3.92079
-11.69107
-9.74548
-4.44858
-1.79089
3.35041
3.86101
-6.23877
7.45785
-5.55043
4.46987
-2.45924
-4.41225
0.87521
-9.48267
0.27067
-10.70349
-5.40019
-7.41114
-6.32167
-5.87588
0.48086
-15.17190
-6.90789
-0.30778
-1.66190
0.89487
-2.73747
-4.33442
1.24445
9.68681
2.11407
-5.87508
-4.28997
0.38255
8.04010
4.78681
-3.48284
5.15957
7.50882
-1.53922
5.87440
3.29042
0.79249
0.98882
-2.96774
3.20285
8.21023
4.01391
9.68282
7.96959
-3.46265
2.96952
-8.36204
-1.88574
-13.73768
2.91214
-8.79754
10.40563
-8.84348
1.93497
4.92460
9.26872
-5.54935
-3.10836
-13.98093
-3.51333
-10.11779
9.01774
0.96006
-0.45473
7.40052
4.60004
-6.84304
-0.13676
7.15646
4.19374
-9.07739
-0.41945
-1.61952
3.67622
3.92216
0.14653
-5.47160
10.45334
-3.10414
10.69098
-5.63795
1.14451
0.30415
2.95450
1.72141
4.21147
8.70097
0.65165
0.08529
13.60791
6.46605
-6.66988
-6.60929
8.26208
-4.35711
1.24891
3.77095
0.90336
9.03998
1.47001
2.04279
-3.03834
4.87699
4.57606
2.97715
-8.12116
0.17397
0.62690
-8.89187
-4.52229
-8.19577
3.86165
6.97428
-3.70544
3.52073
-2.85956
-8.49329
-2.11115
-4.29130
4.62990
1.72096
-0.67397
-8.68533
11.52826
9.49165
1.09772
2.29398
3.46572
-3.34499
1.76555
3.04005
-4.78842
7.80204
1.66570
0.19544
-0.39622
-1.53779
2.87040
-0.95530
-0.30991
1.19645
-2.27627
9.21219
-0.97634
6.74066
1.92403
2.96297
-0.79735
-5.98534
0.96585
-10.27613
-2.13192
2.46369
-11.82676
4.21242
0.07140
-2.92864
8.57741
7.24128
2.90967
0.27817
-0.13364
9.70295
8.11144
-11.27101
-3.12112
7.90034
-9.99531
5.07948
0.06458
-2.71507
5.11342
-6.68691
10.39679
-1.37000
-7.40145
7.65386
1.10909
0.20172
6.31023
-0.45099
-10.57325
2.37578
3.38673
5.62190
1.94704
6.99453
-8.33873
9.89600
4.46843
-2.30807
-7.55440
3.99676
-0.33756
-5.45237
7.36125
-3.56511
7.79488
-1.88006
-1.45689
0.49079
-0.19939
7.48814
1.85789
-1.39189
-2.85304
0.93708
-4.57874
5.49045
-4.70361
5.15335
-3.11663
3.98774
-3.20525
-5.19502
-7.25861
5.15110
11.98163
-1.12161
-0.39130
-8.29003
3.86503
-5.43167
0.49694
9.66173
-6.51578
1.56772
1.57282
5.03724
4.83587
3.13596
3.90701
1.11028
-4.72572
1.05208
11.21067
3.70590
3.93678
1.42059
-1.71539
1.54803
4.68198
-1.72242
8.90495
2.19940
-3.12292
-6.98896
5.10466
-1.69573
-4.76521
13.05045
-6.54303
0.23502
-1.97214
12.03047
3.02535
-6.39550
-2.09440
-1.40027
3.37727
0.73590
5.85641
-2.68319
3.06603
4.55684
6.37228
-7.12378
0.58048
0.04579
1.35027
4.10699
-0.94751
-0.75815
3.06219
1.71102
0.88351
2.57658
1.66189
3.18771
-10.00036
-1.93427
-5.45049
-0.07221
2.14364
-10.97391
-0.42365
3.08320
10.13608
-3.30033
-5.56903
-2.91074
-5.72310
4.20904
2.40760
6.37249
-0.38542
-9.69782
10.62078
-1.43623
3.95515
0.29070
-10.49815
-6.41617
-5.41935
0.40652
0.09861
-11.88260
-4.51958
-2.24446
0.09593
-3.85235
2.21532
2.32084
1.15059
-0.23299
-0.78655
1.09408
0.45812
-4.24402
6.78205
0.85431
-8.35500
-0.98692
-1.34252
-2.69322
2.48153
-21.73219
2.89025
2.17703
-6.93852
-6.61941
-2.24572
-3.36661
-4.25049
1.42462
-3.55481
-12.65616
-3.42366
0.61754
13.25598
9.33592
4.17053
-14.24812
-9.49485
-4.36606
3.76502
11.69526
3.21110
0.50478
-4.81733
-2.54203
-10.92482
1.86064
-12.34736
-3.41180
-8.89695
-3.99294
-1.74616
-4.45117
-5.01136
4.94580
0.87531
-5.95863
8.31883
1.67675
9.01642
1.25109
6.61533
-3.59126
6.97066
-0.21431
-2.43430
3.61084
-3.44504
-2.78456
-4.84630
3.42857
-2.87157
-1.58047
-3.94015
6.98300
6.29932
4.34950
1.53319
-7.28988
3.88708
-7.44041
6.28347
3.57243
-13.15614
-0.47205
-5.13300
-3.19506
-0.83464
2.92877
-9.95009
4.97564
1.30826
-13.64641
-3.86081
8.13842
6.94548
-1.22630
0.74996
-3.37288
8.14491
4.39685
-3.84982
-3.69089
-6.34716
0.35812
7.81863
-0.56317
8.57324
-11.10882
-3.71385
-2.61940
4.13872
0.77574
12.66443
1.75247
0.99014
-10.55160
3.17351
0.88148
2.91721
-9.02395
-5.15089
-3.79461
-5.03261
-1.93236
-0.22727
-3.46133
-8.96721
-15.80819
-2.74146
3.89362
-2.38018
9.09244
6.85656
2.18223
5.30026
-4.57062
-4.21789
11.00535
8.53043
-7.25764
-3.39595
16.74522
-7.47627
6.22866
-8.60345
-1.52937
-0.22325
7.58273
0.45759
-16.03720
-3.34224
2.44620
5.60230
2.17265
2.04047
5.54626
8.07469
2.64961
-5.44973
-3.60631
3.78560
-3.79199
-4.49466
2.57179
6.91967
-2.55014
2.48300
3.83767
7.67525
-3.50065
2.65250
-5.64950
-7.55560
-9.72945
13.30151
10.47950
5.56057
-6.50166
-1.53250
-7.62922
-0.35764
-4.48745
7.55414
4.83341
12.83192
5.45956
2.91159
-10.31372
7.13229
0.40033
-7.27187
4.09409
3.34404
3.95694
9.02404
-9.29635
2.21712
-13.18101
-7.09139
-3.86407
0.72898
-1.71579
8.10618
6.77897
-2.74157
4.71311
3.03122
8.65869
-4.93976
5.94254
-1.84583
4.06280
12.93226
3.98343
-11.54209
-7.90686
2.44491
6.05560
-0.95676
-1.69024
10.40157
-14.57182
9.50786
-1.03798
-3.53957
-2.50428
-11.00286
14.05268
-8.17851
9.14095
-4.96217
6.12812
2.73117
-7.75610
-9.39877
-3.54222
4.84848
-6.89882
-1.06029
11.11780
-1.42332
3.76903
-0.40395
10.51610
2.09095
-6.04922
-0.74699
-0.52245
12.18361
-12.45240
-3.03089
-3.08357
1.50402
12.06963
-0.85821
4.17857
10.02975
-4.02698
0.46678
1.66623
-0.93875
1.37184
0.32488
1.20521
6.48065
-7.86039
2.83935
-1.30653
-2.73334
-1.89427
3.44605
-11.00085
4.84386
6.30485
11.62013
6.89407
2.85961
0.91862
4.43739
-3.48429
-0.73185
6.02608
-7.35960
6.90016
-5.68166
-3.54234
0.19040
5.02479
-1.64134
0.20694
-11.80417
10.82974
9.21333
10.80121
6.60012
-1.80547
-0.87908
2.42358
2.10430
-0.39519
-12.04244
-7.33667
-3.45323
3.21610
-5.70295
4.82570
-3.59564
3.61212
-6.31888
2.27387
5.25653
4.61380
2.17764
1.03658
-10.46395
-3.00164
-1.83930
4.32667
-2.18519
-7.88605
-6.62277
-4.19675
-6.09044
-5.11124
-2.70475
-11.42424
-4.03603
15.82483
-5.23564
-1.44496
-4.51193
-0.43256
-4.96546
-1.86071
-3.37921
0.91175
-7.00604
0.50437
-1.36747
-0.28346
-6.97562
5.33653
-2.86027
-8.30982
5.22401
-6.32239
3.22834
5.94061
2.62224
-9.37600
1.82044
-0.59248
1.69177
-6.58313
-1.68658
-6.91585
0.58952
-3.32880
5.43577
1.65882
-9.82968
-8.00959
7.25854
8.01450
-6.98562
2.74454
3.46664
-4.13751
11.37707
-4.43321
5.37891
-4.02251
-2.38244
-4.33544
6.20020
-8.79849
3.84863
6.95834
13.59579
2.37898
1.76544
-4.23641
8.05061
-1.12115
0.22363
2.78933
-4.32741
-0.97197
4.98402
4.91921
-3.64519
-3.73751
-8.88416
1.35355
-2.38181
1.08068
10.18427
10.50519
3.96310
-8.14506
-5.52857
6.94192
8.08764
3.79578
0.81080
-3.13976
0.00077
11.22785
-4.08862
6.80735
5.06848
-0.96621
-4.77891
11.62064
-0.70133
0.09724
-1.46748
8.43802
-3.19186
-6.13736
8.52904
-4.18438
-3.75257
-5.15047
7.86146
-3.33360
-6.47627
3.23181
0.28326
-0.22634
3.87000
3.38701
-2.91946
-0.18542
-2.30983
-4.42239
-2.66006
2.40045
6.63823
4.36002
-6.25725
-0.85838
4.01882
-1.91511
-6.37390
7.88973
-0.07953
8.57528
6.50295
-9.33484
-1.19749
-2.53925
0.84166
-0.88148
0.26863
-2.03150
-4.97222
4.56784
-6.51872
5.34719
-1.78820
-1.82859
1.29239
-0.37109
3.71497
7.61220
6.34316
-3.44382
-5.17679
2.68017
-4.91749
0.79660
2.70695
-8.20770
-8.00285
-0.43961
-3.49042
5.45244
0.14333
4.03986
-2.60312
6.26240
0.70444
8.50674
-2.72649
-7.77101
9.93138
-0.02906
-4.89340
-4.08613
12.72648
3.47049
-8.65784
-9.56688
6.49391
-5.56792
0.36211
9.47185
-7.70947
-1.18575
2.78556
10.26351
11.05276
1.43811
0.61268
-3.85712
-5.71334
1.17348
-0.82137
8.00717
-0.18221
-7.09626
-0.67897
0.47438
-0.73651
7.39412
2.88198
2.18792
-1.07675
-3.36130
1.01649
-7.28541
1.25544
-8.29968
1.44509
4.90290
1.00073
3.69816
-4.09500
6.41586
3.83415
-2.16649
-12.17330
-2.11631
2.62474
5.42901
4.83151
3.08513
-2.82374
-6.25908
13.10956
15.09777
-0.36737
3.97833
-1.96727
8.45122
10.76906
-0.44751
-5.94542
-13.15438
-1.54888
-4.75154
-0.59101
-5.51369
0.12073
0.02654
-1.47550
0.32449
6.19366
2.08268
-4.63685
-5.12132
-10.15637
-2.26497
-4.75034
-4.07119
0.91010
-10.36282
-0.15883
2.98963
-6.50693
3.58188
-10.36667
1.78942
-1.20622
7.76125
-1.73815
5.39756
-2.19022
-5.12164
5.80481
2.70629
5.94821
-1.79074
-0.56086
-8.18719
-5.63665
5.88204
-5.85437
6.98276
-2.36289
6.18146
-5.90119
-0.00402
1.03270
-3.58650
2.20392
-0.31606
-6.50562
-0.66557
1.00510
-6.08811
-2.10067
3.32822
5.75413
-10.63694
-5.76717
-0.72260
0.00933
-13.18879
-6.03992
5.85674
-0.43026
9.09220
1.10576
-5.81880
-8.28171
-4.15627
-6.17219
3.37669
6.12903
8.85900
-0.94626
-4.41439
4.59874
-2.41709
4.68145
2.08778
-4.79623
-4.41514
-1.88472
-5.68813
1.73965
-6.39048
-8.57542
-5.87898
-0.25833
0.81901
-2.79155
2.21698
6.73263
-8.21741
8.16691
3.73250
-6.07874
13.79221
2.68845
3.83483
3.91803
-3.74482
-5.55172
3.82397
-4.20170
-9.60442
-12.19345
-10.16436
2.06173
11.48702
-5.86393
-2.65563
0.83579
9.70970
3.93829
-2.89837
-6.49804
1.47361
1.63075
-9.28595
7.84093
0.01301
-2.63460
-7.94690
2.93225
-8.77778
6.13041
-5.65645
-4.22360
-1.64946
-8.09864
6.75636
-6.09520
-9.90818
-4.79521
6.28828
-6.45601
5.10085
-6.32554
0.87313
-3.86037
6.10749
-7.29432
4.23421
2.34982
-3.66473
5.95554
-10.30347
-4.02096
-2.20258
0.44839
-16.63821
-10.70050
1.17009
7.52336
3.67950
-8.49703
7.90803
-1.43892
-4.26328
5.04227
5.82525
8.49600
2.29406
-0.27418
-2.93083
-10.53941
-5.70256
-7.62054
5.59945
-3.70109
7.86977
-2.75472
4.50675
1.01689
1.08995
-4.00168
-16.84549
9.84726
2.50915
-5.09079
2.98414
14.21546
-0.26350
10.54550
-3.69640
-5.24173
8.55482
10.09314
1.34658
-3.02904
22.32346
-1.25670
-1.49301
4.87363
2.74040
-0.30974
-6.68623
2.68800
0.56322
-11.56835
1.22432
8.93056
1.65051
2.38789
-12.21451
-8.07231
-2.08162
2.83049
-10.60411
-6.78261
8.82494
-5.13727
-2.98422
-2.35450
-3.28416
-4.19764
2.93604
-5.01108
3.36049
0.95630
3.00970
0.22837
1.04489
-4.36456
4.01611
-10.72114
4.43510
0.79620
0.03417
-0.56133
-5.41509
0.37173
2.17739
-2.88465
-2.29299
5.59726
-4.86432
-2.62813
-6.75612
8.91430
-0.20055
-1.88650
-6.17251
-0.69801
11.67349
-4.15782
4.37326
7.76331
2.07836
-1.85795
2.92888
-4.93803
-1.59984
-5.33067
-4.50922
0.49369
-6.81664
9.48908
-9.56362
12.39165
7.20695
5.84507
0.48304
5.17788
-0.95398
0.57901
3.81055
10.72467
0.26890
-5.15679
-0.65965
-3.54114
10.26722
-4.18491
-0.61044
1.84884
7.60973
6.26947
-3.62742
-5.40842
-9.96319
-4.36466
0.01369
2.49736
2.76325
-2.99795
5.49971
-5.91889
2.16672
-7.40831
-1.40009
5.43267
-1.34461
-1.14946
9.18575
-9.69114
4.09798
-1.13683
2.55676
-8.01414
3.72981
4.45462
3.35670
-3.44274
15.46279
0.65830
-5.74634
-8.20896
6.34653
-1.73747
-0.93943
-3.79150
8.04710
-3.95078
4.64812
4.82823
-1.09817
-3.53454
-0.83293
-5.05056
4.31776
-5.45135
4.41956
14.30076
-10.02469
-2.09302
3.95465
-2.10735
-0.97708
-2.39164
-3.72877
2.45664
-10.65013
11.18296
-5.87407
0.14446
-1.13001
-6.30416
-4.14475
-7.61455
-1.50669
2.07089
-5.95186
7.57902
-2.64672
7.85354
1.27563
-1.22499
0.28733
10.11557
-0.05401
3.08529
-3.17962
-0.39039
0.64307
-0.97499
1.84165
-4.87331
2.88446
-7.32614
6.97381
-1.30152
-4.85307
-5.82855
-0.95249
4.51681
3.37009
7.85488
10.77089
7.03409
3.25614
-0.90002
4.55272
7.97279
1.68560
-6.85516
-5.21557
1.37632
1.34826
2.57685
2.97211
-0.22112
0.65354
-0.55129
-0.27405
0.88247
3.54105
6.74303
-3.12565
-2.17287
1.79308
5.94163
-4.19389
2.58980
-6.83721
-1.34412
-1.62254
-15.68301
-1.41680
-6.09789
-7.24795
-4.72317
0.99547
5.86607
-2.98478
-6.79617
5.74677
-6.01768
-4.27785
3.41456
8.97240
1.20055
5.90491
-2.28201
1.15203
2.68907
-3.90862
0.27091
3.69896
-5.17797
6.98878
8.64383
4.41106
4.67943
3.71246
3.69593
1.45389
7.04667
3.05963
4.00605
-7.93736
-1.48809
-5.02993
8.72951
-3.01490
-4.66714
-0.39746
4.94769
17.07722
2.16253
-2.13987
4.63886
-7.08979
-3.25000
5.04844
3.38919
9.78478
2.43136
0.43420
2.86597
3.96989
2.64611
1.13692
0.06831
-6.73905
-8.81507
1.69505
-0.68370
-3.69168
1.42180
-1.00984
-2.37471
0.85618
-0.64470
6.48035
3.20070
10.73713
-13.17319
1.87415
4.34145
-1.72098
2.63871
11.30416
-5.05458
2.10508
-0.05636
1.05934
6.20167
2.32667
1.99246
1.39247
-1.98603
1.68530
-13.74678
-2.58062
-1.27215
6.08111
6.54684
0.21630
5.98029
-7.33760
-5.34720
7.34098
4.94120
-0.96718
0.75660
5.45204
1.68459
-0.33582
1.36838
-3.24803
-7.47625
12.26873
8.89342
4.08736
3.01641
0.79684
-1.85514
2.68324
2.19360
-8.24359
5.46842
14.55644
-1.87085
12.16312
0.96996
-5.04537
10.39426
3.40805
-3.95821
6.76388
4.60102
-2.99410
-8.96983
0.63033
-3.57090
0.67314
4.99033
-1.86303
3.94196
-1.83892
0.59427
-6.27053
-3.69548
-9.26379
6.02912
-0.54298
-6.06649
0.92578
-1.72677
-10.30670
-6.13032
2.84936
-14.36783
-9.62755
0.49560
-1.69361
3.20066
-11.13828
0.90961
6.35254
-9.83151
-2.91414
-9.43285
-1.74332
1.09403
-0.91050
1.89660
-8.77861
8.04230
-7.97257
-7.89029
-7.45231
-0.82362
4.37768
9.08380
5.31787
-8.96088
1.28306
-6.72097
1.15961
-3.12124
6.84641
2.73271
1.84255
-0.97325
-9.59900
-3.08935
1.99158
7.67539
1.50115
7.28555
-3.31213
-8.49573
-5.74176
-1.21906
-4.38657
0.80661
-2.20620
13.07233
2.04354
-4.80067
-7.25543
2.42528
-8.73220
1.23853
6.46663
-5.27936
6.41630
-10.73629
-0.43157
-4.68478
2.24377
-1.73662
-0.21810
1.01011
-9.87934
7.51495
1.78103
6.93787
-2.67916
5.87165
-2.68243
-4.59820
-2.82268
1.84941
1.23371
-5.23938
-12.68778
9.15950
0.76924
3.55828
3.33651
2.34924
3.54163
0.03553
4.18860
-1.24872
-1.47622
5.51214
-8.48374
3.09922
16.94645
-1.26534
-1.53420
-0.22278
0.56030
-3.70144
9.26986
-5.62341
-2.42746
3.38434
0.91513
-6.92323
-6.46589
-2.14610
4.98007
8.06212
0.82481
2.91958
8.89530
-2.99317
-2.13214
3.56740
-9.54428
3.67943
2.93201
-3.78047
-3.53103
2.28691
-0.84441
-3.16319
-4.82215
-2.53487
-11.67763
-1.26999
3.80819
3.27291
-3.35983
-0.35361
-7.60835
15.28040
3.02290
-3.88393
-12.32874
-2.41957
-5.17183
6.33961
-15.62454
-7.11719
-4.04985
-4.41115
-7.36731
-1.06248
2.17552
-12.59226
-0.67659
8.32077
1.36948
-0.44852
6.93277
-5.04852
1.45390
5.90578
-2.03661
6.13266
6.07800
-2.44260
5.11011
2.41408
-2.60630
2.79129
9.20094
-5.68930
0.35775
5.80359
-10.24911
1.79113
0.60227
8.48522
-1.30417
-5.88834
-5.48500
2.79760
8.19934
4.94109
1.94460
-1.03147
6.41729
5.64323
3.63751
-2.40429
0.40011
-8.40188
0.42753
-10.62547
2.31986
-1.47955
-2.90942
-11.07789
-4.51016
1.53697
-4.41050
-0.26231
-0.41205
0.67886
6.17869
-6.15113
-2.85754
-4.91998
-8.09872
6.22941
-0.38773
5.96016
-7.47037
-6.05409
6.79945
-9.62087
-2.84119
10.53358
-2.36233
-1.73253
3.61883
-3.84225
-3.40060
-11.53252
2.56542
-5.73494
-2.38127
-2.84326
-4.07373
-8.08543
-2.36517
3.52901
-1.89632
-5.53057
-5.46535
-8.36379
-6.05685
-3.87170
6.60341
-7.21187
-5.80274
-5.24732
5.04904
3.24000
-1.61076
1.15401
8.69533
-4.58457
-1.85703
2.00284
9.81925
-4.28047
-7.27336
0.38805
-4.13746
-1.64156
-1.64890
1.79694
-2.51699
4.26079
-5.13963
0.40518
-5.09929
-1.86080
3.44880
-1.28665
0.50731
-4.30596
-4.74995
2.77923
7.41140
-2.65002
0.05061
0.03949
4.84240
-3.00404
0.36625
3.89413
-2.27334
-5.57837
5.83280
12.89355
8.66733
-8.57635
3.29549
0.74634
-1.96853
-2.10182
-2.99457
-2.38959
-1.32254
4.15202
5.86326
5.52260
-11.90472
-4.41922
-3.51828
8.92647
-3.79411
6.27318
13.81085
-1.01318
0.89120
-7.23697
-1.16071
-10.87685
6.19137
-2.03933
-5.91569
-1.80797
7.01304
12.18656
3.22281
-5.02440
1.55098
-0.63653
4.20580
2.80775
-5.55373
-4.56460
-11.40080
-2.67086
-3.62608
5.46037
11.64055
5.93814
4.16449
2.36048
-4.16847
-1.20461
-3.14184
-0.86764
3.02211
7.01195
2.17098
1.36051
-10.07780
2.38890
-2.27899
9.52246
2.63127
3.10978
-1.55606
2.37673
-10.63244
10.28042
1.94316
1.30327
-10.57042
3.48176
-8.41654
-6.86746
-0.77590
-0.51014
-10.39286
-4.54551
-3.73745
9.55271
-2.41406
0.87379
-0.45731
2.93060
9.79602
4.15089
8.19867
-7.30015
-0.61182
-1.31257
6.91635
5.39489
-4.60468
-4.36644
8.41404
-0.96926
-2.23085
3.02512
1.79087
-3.55593
-0.27870
-10.49467
-9.48923
-3.98541
9.85185
4.34129
0.58507
-3.94432
8.04763
-1.17779
3.11468
-4.11499
2.22264
-2.75937
2.58806
-14.22757
-2.57297
-7.40569
-6.57575
-0.79578
2.54360
5.77461
-4.02513
10.31802
-1.36835
-2.06074
-7.82700
-3.76706
3.06706
5.99730
-10.06243
1.04701
3.00642
2.41068
8.34678
-11.38501
-1.83722
-9.68765
-3.69541
1.74222
-0.03348
-6.84650
-1.75086
-3.90686
-5.51316
9.87616
9.23904
4.98457
7.66718
1.93079
3.65262
-2.31557
-2.32934
0.28648
-8.92781
7.99001
-8.62965
-10.84857
2.29927
-4.31220
-2.42046
2.41930
5.49685
0.17597
11.74991
-2.16764
-4.34587
-15.24448
0.20293
3.18680
7.35088
-4.29654
-4.57527
7.41829
9.05596
-3.19449
5.33949
-5.92519
5.77070
3.52866
4.66134
5.62390
-0.27415
1.89225
8.43375
-2.65820
-0.73966
-7.84221
-2.57609
-1.57718
-0.13808
4.92471
13.67577
-2.57550
9.92001
-1.94778
-2.18401
4.88934
-12.28728
-6.05087
1.05083
0.17052
-3.63844
2.44429
0.87267
0.82394
-3.46180
6.63844
1.37538
-6.41263
7.46315
-1.15139
-3.49715
-2.16580
-7.73957
-6.67291
-8.92723
-0.11548
1.34129
-5.87931
5.77168
-2.24739
0.55750
-2.77387
4.83779
-2.62069
6.04366
-0.73389
0.99162
-7.36943
1.57570
-2.53280
4.82844
-8.88571
0.61832
5.02317
-2.35264
-1.68889
2.85902
-3.28439
1.15050
-5.17325
-7.54500
1.49076
-11.60636
-1.17882
1.73313
-4.03795
10.17750
5.92948
3.35398
3.31692
0.51883
2.26908
0.65936
-18.38679
-0.09559
3.01342
-10.34882
-8.66954
4.53454
-2.48184
-5.77926
-3.38808
7.81173
-1.85411
-1.50752
2.57815
-1.97053
1.13789
-1.94546
7.03778
2.40672
5.02324
-4.32182
-1.13158
-7.36029
3.24670
-4.77367
-8.02149
-3.03583
-4.36244
4.32304
-11.11085
14.15624
4.01151
-4.78020
4.98366
2.69355
3.54796
7.10924
1.99015
-5.39076
-0.93629
3.17966
3.00595
-9.48960
-11.87125
-0.30912
-0.59733
9.59534
5.06604
9.84880
5.98486
6.69516
-5.75315
-3.28077
-5.86382
-4.74015
7.39811
2.54108
-6.72824
-3.12160
2.20472
9.02960
7.97129
-0.00353
10.23746
-9.95058
4.65130
6.57138
2.81546
-2.37443
4.42286
0.81274
8.40777
2.11780
-12.35382
-11.28013
11.09232
0.10286
2.18383
-5.20025
-3.83105
-2.94632
-1.37784
-2.31685
-9.75040
3.40399
4.99473
-2.71126
2.89417
8.90443
0.79054
2.67917
4.99439
0.00437
3.32387
1.80034
5.40140
-7.33045
-0.18430
-3.62428
4.21354
12.82299
-5.27413
1.10451
-3.16644
5.71079
1.77732
0.80130
-8.79907
4.81949
-1.55898
4.68300
4.11301
-1.69450
6.59468
-1.66396
7.75284
-5.45960
-1.44780
0.26515
-1.92235
-0.54082
-3.99028
-5.44743
-1.89624
7.99635
-2.06467
1.23796
4.67826
1.06438
-1.74131
8.07743
-12.71695
7.51164
0.73226
4.76363
-1.45684
-6.84123
12.18360
-0.87096
-6.27008
2.56917
-10.72677
10.86116
-3.15142
4.60646
3.58281
0.13399
2.58916
0.47377
1.21407
-4.64645
3.87118
4.87973
-5.37930
2.32672
3.88615
-13.61245
-0.97066
-4.80917
-5.60127
6.63702
3.65853
2.59618
1.80107
6.14903
-5.31945
-0.24410
3.62720
4.48489
-3.42404
-4.16742
10.75058
6.76171
-7.08864
6.25473
8.74469
-2.73785
2.70643
-10.88351
17.05590
0.45220
2.20548
2.38250
-2.41235
3.27472
-5.40757
7.65428
-2.89089
0.31584
0.13591
-0.95891
4.04034
6.73219
-10.92017
7.78080
-4.08649
0.02026
5.28140
3.76487
5.16243
10.33464
4.91116
0.06761
-5.92609
6.80136
7.38104
-5.33203
1.21064
3.11169
-2.09757
2.63650
5.10399
-0.18620
2.42362
1.51892
7.97202
-0.62562
-8.47461
-11.68754
-11.66536
5.61963
-0.86250
6.78317
-0.94214
1.86886
0.96999
8.72987
-0.08235
3.62061
-3.23818
1.94709
4.68184
4.86502
11.42904
-4.46903
5.63338
-4.57757
-1.28022
-12.65235
3.31114
7.85820
-3.60065
-0.47605
-3.90667
-0.46479
-0.16944
-8.62428
-5.85005
-0.27318
-0.93300
-3.59737
-1.23486
-6.92368
-7.31459
9.99864
8.95045
3.58488
2.21543
-0.46782
3.38616
-0.84401
-4.41168
4.83788
-0.87991
3.54343
-5.16228
-5.37285
2.46198
-3.65361
3.44492
-9.68975
9.10263
8.51127
-4.41666
3.60884
-1.26974
2.50595
4.16493
-2.53866
3.09012
4.24630
-8.46257
1.84677
1.40131
-5.88070
0.25294
4.79677
2.17989
-0.11064
-6.99670
7.79525
-1.04918
4.63898
-0.04703
-9.28319
1.95612
3.94108
6.80965
2.74745
-2.42562
6.69572
-5.06833
0.35879
-0.63398
3.24926
3.22047
0.13599
-6.33708
4.48851
3.00969
-0.97150
10.35716
11.11094
-11.13145
6.35186
-2.66467
2.12677
-4.24501
6.48132
1.04505
-5.57319
-8.96910
-3.28203
-6.55869
3.18420
4.63649
2.11231
8.11905
2.64159
-6.82505
3.21000
4.08328
2.31151
-10.51593
-5.39088
-0.40617
1.46608
-3.40004
2.16614
0.79853
8.95506
0.87629
1.71521
-1.34410
-3.94248
-10.49369
-12.36901
0.55386
-3.32133
3.87800
1.61053
5.54695
2.63393
6.13144
0.75520
-4.95677
-8.45283
7.27788
-11.39470
-2.29715
-0.85748
2.61609
-2.71005
-0.07487
-3.98877
-1.13363
7.48459
8.34773
-6.29734
-0.74755
7.95047
-4.10329
-1.47625
-11.42906
2.12152
-2.81264
-1.37790
-12.21982
-2.49620
-6.87940
-2.58456
-2.98775
-14.56022
-2.11431
4.12982
-0.39307
-4.86056
-5.05542
-5.42515
4.14495
1.82006
-3.23426
1.28285
-0.39866
-0.74352
0.98870
1.64678
-16.10796
-4.93162
-8.04401
-3.58058
0.70420
8.48553
-1.89093
-6.03883
1.28262
-8.90905
0.93027
2.89510
4.60277
2.14944
-3.27386
0.94449
0.64344
-0.32907
-4.06733
0.20780
-5.11555
4.05861
1.87460
11.52524
-3.97344
-0.92978
-5.79551
3.88420
-5.47833
-1.48927
-3.06899
-3.90997
-0.90047
6.59299
5.41225
1.58292
-3.70315
7.06306
-6.64997
-6.95132
1.35068
-1.95760
-6.90809
-5.59228
8.11545
-1.73705
-6.09587
-0.90463
-0.45562
-0.11704
6.78980
-6.49801
0.86037
-6.86054
-6.61181
1.52659
0.15209
-6.07053
-5.65962
-1.48801
3.95382
-1.39073
5.43294
-2.43492
4.21037
4.80801
14.38775
2.77652
-7.59765
-14.12299
11.20224
-6.37718
5.55017
7.24735
0.70247
-2.85287
-11.78500
1.53558
-1.29367
-4.95585
-7.25712
3.72790
-2.97948
-2.11872
1.90050
0.06120
15.99249
-0.46701
-0.82269
-3.23722
-5.13866
7.23388
-11.72015
-4.25217
-0.34929
-6.26212
10.95504
1.99773
-3.74739
-7.67870
-16.08596
8.22706
-7.93825
3.62477
1.51687
1.48249
-2.13306
1.60257
8.24468
-1.06466
0.31635
0.10918
-7.76177
-17.71505
-4.82770
1.55426
0.77738
-9.05823
5.79905
-4.04980
4.18653
5.29243
-6.00842
2.85728
-5.32448
-1.52645
-6.25624
-2.80095
9.98170
3.78100
10.42648
7.27821
-9.56929
6.25527
1.18867
-9.19799
-4.39225
-1.42702
-3.52258
4.26715
-0.68119
-3.40139
-3.91205
4.59939
-0.17068
1.24560
-8.85653
0.68895
3.09633
3.84405
2.30406
-1.28035
4.22044
-5.71925
1.44393
-9.18699
-0.99291
-7.48561
-3.87630
5.85036
3.96224
2.89690
7.98138
-4.96358
7.77937
-1.15501
8.11517
-3.94589
6.16347
2.04733
5.37573
-8.84982
7.05366
-6.91745
-6.61589
-1.92502
-3.31461
-6.95508
4.12975
7.30332
-0.95390
7.87550
1.26065
-1.66299
16.42782
2.45652
-0.83495
-12.16510
2.88462
1.44022
3.36138
11.40549
-6.16974
3.30628
9.80819
-0.53911
4.24065
2.55560
-8.86117
-0.49148
2.28848
-0.89569
-7.05789
-6.69627
-5.55076
9.60285
-1.04705
2.40051
0.72031
-5.39373
4.64400
1.78416
-3.87998
9.59496
1.61673
-5.48566
5.65667
-0.91044
-2.68731
5.35594
5.57251
2.61659
1.31341
-1.32192
0.60403
1.41324
0.00625
2.29781
3.24283
-9.64484
-2.81577
3.19537
0.23973
2.72006
10.92431
-5.44190
-4.10993
3.91879
1.77577
2.98574
5.82445
-2.29188
-3.57559
-5.88743
6.06670
4.71159
2.16898
-7.23050
-3.36957
8.83726
-2.30345
5.61440
-2.19541
0.54816
6.99979
-2.59400
-3.57438
-0.11866
-8.59049
2.08463
-3.38441
5.70685
-0.86871
-1.53426
-14.91623
-3.48356
5.51490
2.65356
5.59698
-7.25494
-13.22724
1.67768
8.76475
-2.03554
8.34103
5.78280
2.27591
-3.27877
2.68064
1.43505
-10.59813
3.42251
-5.51100
-1.70791
7.07371
-2.68801
-6.12532
-3.74657
2.35440
1.53863
0.31734
1.09216
-2.94219
4.34953
3.08548
-5.52647
-5.30207
3.00149
-5.90666
-3.91551
-5.25461
1.50989
0.35212
7.96047
0.33716
-6.82150
-6.73202
0.80202
0.99114
2.94698
-5.78167
6.33746
-8.59215
-7.51048
-4.23066
-0.19427
1.16555
5.70792
-8.85870
0.39114
9.81380
1.90936
6.24968
3.51149
-4.79683
15.17308
-6.19570
-5.79807
-2.41116
3.54178
-7.10855
-3.29771
-3.53925
3.75701
-1.95721
6.27959
7.99491
-0.75622
-10.22848
-2.24205
-2.57897
1.77760
0.31269
-6.63931
-2.06764
-6.79503
5.37593
8.64789
-1.88556
0.31186
0.34523
9.64059
0.32972
1.95472
-6.68107
5.99910
-0.56281
-2.17294
0.19635
5.61770
-2.87519
-5.47364
5.02398
-4.79172
1.53033
-0.02664
7.10659
4.57232
-4.97083
11.37841
-3.86127
4.27035
0.51733
7.27106
-10.95103
11.15835
0.20451
-1.58442
11.54808
2.80447
12.27730
-3.87033
-15.44597
-2.83772
-0.49771
1.80889
-2.22604
-1.63275
3.77556
8.23962
0.42269
-4.43467
-0.60328
5.25875
-10.66331
-1.02880
-5.11682
2.88882
12.32746
-3.98900
6.25276
10.93969
3.44245
6.45499
2.74067
6.24883
0.57892
6.14203
5.16255
-4.57291
10.04008
-1.74685
-2.71502
10.61672
10.77143
4.01295
1.42858
2.83489
-6.14793
8.56590
14.76552
10.00959
-6.33901
-5.99848
5.16660
8.14856
1.61039
-0.65030
9.65483
-12.15097
0.49831
5.04062
4.99879
-3.72639
-6.46435
8.59741
1.10777
2.97613
5.15299
-6.09246
-4.87576
8.20458
-3.87280
-0.10953
-3.76346
2.67734
-0.67204
9.80341
-3.58096
-9.35847
-12.24768
-5.67812
-10.60979
-3.03100
-7.93059
-1.01693
4.67504
-3.79503
-0.93735
7.92293
1.25458
6.45566
4.41417
-6.16207
4.98076
6.12039
-3.87959
0.13273
5.94390
2.98253
-0.08841
-7.19668
15.17018
-7.56917
-7.61586
9.41607
-0.65637
1.79949
8.53237
7.59528
-7.89783
2.45073
5.06580
3.61217
-4.67250
6.02176
1.94792
11.36611
5.63161
-4.41146
6.82699
5.07225
2.33744
-5.90537
-6.07281
8.01779
-1.28703
4.56070
7.41864
-0.21634
-8.78711
1.25042
2.73809
3.92744
20.43017
-8.01105
-4.03757
-8.86684
2.90571
-8.87529
-2.57091
-7.02985
0.86133
0.12260
-4.24446
-3.58801
-11.84417
1.85444
-6.28232
4.23973
-0.80644
6.27074
-7.20040
1.50122
-1.56830
-1.45516
6.78394
-1.11445
-4.44708
7.16887
-3.96488
5.77610
5.54016
-13.87633
3.23787
-0.25644
8.42284
9.40261
-2.07936
3.00575
11.20598
1.54524
-0.13507
-1.69797
5.59622
1.38833
2.61559
-3.39761
-2.04163
3.16953
9.34948
4.51598
-6.27759
-5.54055
-6.46089
-0.29047
2.75844
11.09541
11.04543
1.77765
-1.76344
-1.16161
5.64729
-2.99858
-0.08997
-4.15484
5.87444
10.07979
3.64990
1.57559
-6.09795
0.05560
-5.48872
3.62747
-6.54923
2.02267
2.54265
-2.77242
-7.78077
1.80744
4.10300
10.28696
1.45742
-9.33349
5.92012
6.06539
3.29303
-1.75246
-10.04325
10.44608
-0.99498
-10.20243
3.02835
0.94922
2.29621
-5.93072
-2.69257
3.90751
6.70294
-9.30607
4.26833
10.87975
8.67581
2.68096
2.33259
-1.33356
7.12464
-4.44447
-0.34951
-6.82118
-0.57147
-9.77912
5.86365
-2.35004
3.76699
-4.03253
2.21891
0.71599
1.52287
-4.73167
0.83448
0.09638
4.43024
-6.23264
-6.47292
-0.36366
0.50015
14.28898
-4.01187
0.04206
17.44885
-8.60842
3.03859
2.65025
-0.28879
-0.03318
1.77896
-3.53667
2.73308
5.09544
-10.78230
-2.97850
0.88607
-2.66273
7.78880
7.64087
4.95780
-2.75856
-2.04563
-4.65918
-5.80771
0.79634
-0.78480
0.15680
-0.08014
7.35417
0.72729
2.63552
-6.49612
5.06827
6.60207
3.87757
-0.43639
9.65347
1.12359
1.83322
6.97504
-1.09642
-7.35562
10.02870
-5.77185
-7.84945
11.12944
4.79211
1.05418
-12.17219
-4.62406
-3.15890
-2.85865
-3.08858
7.15959
-2.27936
5.54768
-1.21299
11.53883
-3.87114
4.07353
12.01183
2.58665
-1.00843
3.63578
-5.28639
-7.50017
1.76665
-1.95664
-8.41377
2.51943
-2.94881
-3.19600
0.97566
3.26391
-4.36182
-4.83725
0.43792
1.26074
-7.76095
-0.69162
3.00546
-3.06830
5.13688
3.38197
8.41937
-6.36077
4.82181
1.91568
-0.43280
-9.08985
1.61585
9.56161
-3.71950
-0.82217
-5.02881
2.92316
-0.87929
2.25722
6.09752
-3.76225
6.20510
9.08671
4.28234
-2.17333
-7.11218
-3.46826
2.01008
-8.98027
-4.26496
-3.65839
-0.24798
-6.25297
-12.28782
-2.04789
-6.33835
7.37129
1.68122
-5.47148
-3.09613
2.43102
-4.96559
-4.20821
-2.53194
-9.95321
1.80789
-6.70526
6.54179
4.64627
-1.97038
3.14630
-4.95496
11.44670
-4.72565
3.31823
-0.92512
12.75413
-0.77524
6.64536
0.23637
3.11632
3.00268
6.19509
4.88996
-9.95682
-0.74029
0.69560
4.85996
9.43669
6.29144
3.92244
4.42310
-2.07817
-2.52463
7.95540
2.85775
-12.33934
2.62532
1.08608
-15.90461
2.00670
7.71250
4.02781
6.52049
2.98738
-4.18624
-0.17560
5.89033
1.42670
-10.32243
-4.74403
-1.12683
-2.72887
0.41364
-4.18289
0.77333
-8.80925
-2.54060
7.66490
9.63352
-6.40111
-0.65248
6.34267
-0.27018
-4.02069
-8.91786
-4.79640
-4.39872
-5.49216
5.66920
6.36605
-4.41715
-2.26478
-2.51671
6.55444
-0.48795
-7.99360
12.78721
-2.35595
-0.82710
1.76465
1.18388
4.10590
1.86550
4.95636
-7.15790
4.87168
-6.39626
-0.55902
-6.74413
-0.90701
13.95047
0.89756
-7.67399
-21.89633
2.76783
7.30995
-6.15844
-0.71451
6.19373
8.65359
2.17308
-12.17339
1.62180
-2.76470
1.66218
-1.89519
-6.17795
-6.46189
2.82587
5.37448
3.76681
2.58605
2.93439
-8.38370
-12.43027
-2.12894
-2.78877
0.24608
-3.65036
-7.98896
-5.37497
3.26867
-0.54678
-4.18544
-12.32698
1.57840
-12.78026
5.24303
5.41026
-2.27096
-6.32105
-5.48954
-10.64459
2.94818
4.00257
-0.14609
-3.31556
-1.76352
5.27074
4.03812
3.39343
5.25353
6.06984
5.44812
-12.41492
-5.96326
12.77447
2.63295
4.78016
-0.41999
-1.90307
5.42751
-1.96785
-3.95235
0.33376
-7.28371
-14.29157
5.18874
-3.27306
0.93868
7.01313
-6.04772
-6.59739
-15.28202
-2.42578
-4.09053
1.57514
-3.56548
-2.34157
-1.62229
-0.81568
6.46263
4.87235
-6.20538
-8.02626
7.77887
-3.34198
8.74687
-7.11168
8.63109
5.53095
-5.18373
4.53052
1.81327
-2.28837
3.39279
4.12919
7.21126
17.40628
-2.68370
5.44492
5.88845
-13.93496
3.34023
-1.36031
8.58419
1.54850
0.08517
2.21129
10.34228
-4.44950
-3.95722
1.50884
7.62573
-3.89318
-7.32358
-0.14219
2.58746
-2.04227
-0.02047
-1.61128
-1.56686
-1.89278
-3.19556
-0.71271
2.24140
-0.11247
1.33718
4.84501
-1.15907
5.74849
-13.65769
-7.69855
2.58834
6.92986
-4.26370
0.29054
2.12536
0.61280
0.28769
3.03172
4.09619
5.02407
6.29251
4.11287
-4.30529
7.03594
3.58073
5.03642
4.19948
-3.42515
2.53799
-7.84932
5.82255
5.95059
-12.09385
6.30340
-12.32224
-1.04818
0.41199
0.45532
1.09378
-2.79860
10.47005
6.90236
2.98217
-3.41723
-8.61910
-3.78458
-4.17831
4.25854
-8.73679
9.80526
6.58106
-4.46329
-2.13207
-1.17691
3.48240
-0.22395
2.00186
1.87396
0.20774
4.31414
-2.61302
-12.81397
-7.68196
6.18537
13.61144
-9.99813
5.52962
7.11744
-6.72150
-10.64980
-4.69784
-8.06930
1.08712
10.19537
-4.68987
-2.69007
-1.54193
7.37046
-2.56822
5.74708
-4.17767
3.98912
5.76508
2.63757
5.35076
-1.74238
-2.71613
-7.48554
-1.56032
-4.84860
-6.15497
0.88763
-6.92176
-4.80985
-4.11437
-1.59569
-3.66112
2.31240
0.79709
8.76166
-2.96474
9.89113
3.25906
2.63393
2.91973
8.05298
-1.61271
4.75435
4.32610
-5.42659
1.64313
14.74650
0.34486
-4.78319
16.37471
0.53453
2.12854
4.65195
-7.33416
6.60695
7.62191
-5.11960
-0.75360
-4.17926
-4.15718
-11.10093
11.15209
4.20600
-0.77192
-1.09237
3.02312
-0.86680
-4.18919
-5.85144
6.91403
3.60402
5.17105
0.81301
5.79834
5.90500
9.76584
-4.97792
-0.91017
9.97046
0.07678
0.66853
4.24050
9.20769
1.60424
0.11267
-8.54757
-5.60696
-5.32778
2.93138
12.88488
-1.00627
3.00784
9.65046
4.62747
3.76631
6.05238
-9.78875
3.55381
3.23028
-13.78227
2.46215
5.58644
5.82504
7.80728
-11.71678
3.39935
1.06008
-4.04796
3.90576
-1.43156
-1.25214
2.09533
-8.62469
-2.49319
4.58655
-3.88561
0.82479
-2.82008
1.40806
1.50818
2.75233
-12.36763
-11.87838
8.69612
8.47406
-9.37115
-9.59027
-2.04343
-4.93581
-6.39315
-4.81190
-3.71024
-8.13667
-8.22474
-12.51976
-3.24462
-6.70695
-11.45448
-5.83377
0.76844
8.85673
-6.46637
-12.02159
8.44344
-2.17410
1.23754
-2.36777
5.45428
2.94305
-2.42577
-1.99376
-0.06267
-0.40326
-1.75401
8.58301
-4.09211
-9.19151
6.54834
-3.35958
-1.53612
9.74820
-3.47283
0.53358
12.62502
-7.69103
8.27543
-0.35745
-4.36849
7.71098
-8.21940
6.96218
-2.50439
-11.26361
0.82812
8.20103
5.39059
8.67490
9.02741
-3.76074
2.10833
-8.51884
5.00815
-2.82073
-1.41120
-4.24848
-4.05708
5.70680
-0.16801
7.78831
11.07626
-2.50913
2.79544
6.63728
0.34551
0.32250
-8.94929
6.88750
2.62703
-2.01229
5.79476
4.45186
10.02870
-10.97797
3.13922
-5.83591
5.93451
2.82398
4.66515
-1.97336
4.07182
2.22647
0.54789
1.10226
2.45779
-0.68734
9.69698
-2.21321
-1.30241
-3.97499
7.31905
5.61075
-3.15614
-1.24368
0.25818
-5.12553
-6.46019
5.40978
-7.70245
-12.32693
-4.04776
-3.04536
1.92321
8.20308
7.50085
4.77619
1.84512
0.97185
1.80878
-8.97558
4.38730
-2.11809
1.17345
-4.87828
-0.94048
0.37828
-1.96898
0.38937
0.92206
1.06849
-8.64997
-0.61429
3.66262
-2.62166
6.50257
1.06710
3.17126
0.47841
-4.31971
7.87946
-5.13238
13.56234
3.36294
3.55977
-4.61657
1.72520
7.51412
-3.10189
0.43593
-0.10679
-1.06610
1.73414
-1.18204
-0.86999
-10.91430
7.47530
-0.21632
13.32228
1.18199
9.16898
-3.80193
8.87343
-3.16633
5.31301
-1.27548
-3.27589
2.96968
-1.13407
-2.86533
0.67614
2.17348
6.18655
-0.48449
-5.99323
-0.76432
-9.15188
2.52918
-2.64652
-9.35706
3.63459
-6.89805
1.08526
9.95728
3.27727
3.92516
2.58468
3.86217
3.31945
2.53363
-2.04086
8.61286
-4.71865
6.44255
1.03219
-1.65745
-2.45885
13.30661
1.27674
-9.05768
-5.44021
0.43169
0.46208
3.64435
0.50293
-6.63084
-10.35782
1.66032
-4.87025
-5.38943
0.89255
-2.55555
4.61494
-0.42413
5.97897
10.45257
9.79188
5.59038
-5.03348
-3.10422
0.94631
6.22212
6.87562
-8.49844
0.61022
-12.08403
-0.14573
-3.91441
1.08136
-0.53559
0.48483
3.39310
3.47701
-1.77948
-1.28027
3.73214
-1.00314
-2.57460
-0.41328
4.78443
6.17781
-10.52705
-1.20597
5.87666
-6.77456
-6.61715
5.28572
0.50244
-4.79775
-1.07027
-4.68727
1.15949
10.94283
2.73646
-9.53604
-3.10382
0.49636
-4.05556
-1.76852
-3.09341
3.08986
-0.90542
-8.23364
-6.47170
-0.17549
-2.68611
1.95102
-3.36106
-2.17673
5.83688
3.74152
-1.51050
-7.27826
4.34453
5.00120
-2.41060
-2.00466
1.18571
1.36050
4.33301
1.88055
0.29556
-7.19622
-14.43227
-9.05869
10.36540
1.37482
-12.61044
4.37873
-1.86610
5.50699
9.39072
-2.31181
5.47022
4.17805
10.91913
-3.94108
-4.35432
13.29025
-2.20731
-3.20542
-3.40915
-0.68985
-0.49765
8.57615
-2.75064
-3.17092
8.65311
-5.27147
-5.50784
-6.26732
1.91341
9.29991
-1.90336
4.61993
-3.14195
3.41340
3.89705
17.94937
-5.85461
-4.95759
4.12953
-7.45127
-4.10015
0.62167
1.18956
-4.83021
-9.00377
-7.87625
-1.40388
-0.23873
5.97455
-4.53413
1.80364
3.83150
5.19266
5.54893
1.19101
6.34423
-2.38071
7.64392
4.41106
0.33748
-3.91574
-6.62832
-11.57979
-5.17352
-9.36809
-0.13951
1.70823
-0.53166
0.04021
-1.37747
0.50243
-4.28569
-0.22000
8.79726
-10.20062
6.32443
-2.19623
-0.89465
-1.69161
-8.98595
-5.74697
5.61909
-9.32807
0.42644
2.02187
0.22250
-7.46221
-0.07311
-3.73356
5.74744
2.44560
8.45257
-1.34216
-5.42490
-11.85603
-4.18556
5.35663
0.01438
-0.18922
8.94976
1.33578
-14.36664
-2.84642
-9.26661
-10.46070
1.54883
-8.80455
1.53816
-0.84467
-5.48696
5.17180
-2.97271
3.32641
2.31323
-1.24314
-3.63485
-6.83366
7.34658
-1.30934
6.98803
-8.33039
-5.72358
-0.22632
-4.91771
2.10698
-8.97277
2.28666
-1.31775
13.13386
7.18057
-0.10107
0.84648
-10.51873
1.69655
-2.26032
-2.04709
4.63900
1.06781
-6.19855
6.13945
-6.14409
-6.22816
3.75291
6.17787
0.36516
-1.29636
-6.32089
5.81804
-0.81831
1.18644
-0.59298
-1.90878
-5.06931
-0.58823
-3.30713
3.89110
-12.63461
-8.79734
0.02799
-4.03819
1.17082
11.41378
-13.03136
-4.13196
-2.01428
6.50540
11.87831
-1.20531
-3.97918
-4.14718
-0.15089
2.74504
9.03076
6.25249
-8.27774
-7.92662
-8.30569
-6.23345
4.41425
-4.36545
-10.04015
4.13897
-6.38570
3.23781
-17.40337
-3.41317
2.78741
-14.77745
6.12725
-0.77241
-8.60727
-1.02339
4.69252
12.08300
-8.29543
-1.75153
-5.05584
13.90955
2.21162
3.07614
-1.30954
-0.04206
-1.85283
-1.83721
4.67973
12.28880
-8.23227
-11.23326
-1.28654
8.10848
0.78499
11.82611
2.38138
-4.40572
-1.03003
-1.15803
-0.90572
2.86216
-13.33888
-1.51485
-3.41311
2.32736
8.29820
-8.02231
-4.25231
11.05951
-5.58106
8.76497
1.92905
-7.41278
5.12367
-2.97493
-4.32547
7.65929
1.54274
3.85448
2.77036
-0.62638
-4.75163
-4.97167
-5.13874
7.52522
-1.22829
-10.13254
0.11429
-6.08609
5.22359
-3.05227
6.18435
-2.75848
-0.71664
3.75072
-7.45081
4.93068
4.23727
-13.08703
-2.71367
9.51740
5.82057
3.52172
-4.11081
12.65072
-7.54881
-9.12014
5.89636
1.58468
-6.05212
3.08297
11.54070
8.58635
4.12198
0.82568
-6.34055
1.38458
-0.24654
10.22444
6.92411
6.47540
5.09407
-8.13437
-1.79369
-0.16529
4.04912
0.48816
5.34748
-8.65649
1.60761
2.22922
2.36181
-1.57960
5.83529
3.22201
3.36921
-4.97784
5.81604
-5.55667
-6.42475
-1.59480
4.11343
5.39415
8.10303
-0.93061
12.27073
-2.65329
-2.88751
-1.14167
0.07881
0.77509
3.85701
-1.14009
6.57639
7.86719
-3.05987
8.65396
-3.39967
-0.01019
-1.85332
-3.69874
10.26712
9.14213
-5.19750
3.35727
-6.92476
5.73437
0.88335
