-0.09012
1.97151
-2.50363
-2.39959
-0.36445
-0.17113
-0.86260
-4.44798
5.10165
5.36961
-2.33188
2.91719
4.10679
0.35057
0.66837
2.92099
-0.55606
-3.35563
5.25420
3.30946
-1.67179
5.68686
-2.67486
6.28460
-0.29195
7.09350
-1.14902
0.62888
4.00022
-3.55433
-2.28680
0.91155
1.54005
-0.54462
-3.54824
-3.27305
-1.64806
-0.92223
5.03097
0.37619
-5.23093
1.09424
0.35228
-3.91982
-2.89735
3.75869
1.84348
5.12795
-0.20628
-0.28165
-2.60351
-0.21473
-3.81623
-3.10931
2.20646
-9.94793
-0.52673
5.25052
5.61833
2.82275
-4.82422
-0.35363
-4.09595
3.77467
-4.58764
1.71435
-5.46037
4.56257
1.67590
-0.61633
1.17984
-1.26611
-10.27200
0.75494
1.64828
-0.53463
2.22122
-0.71929
1.47006
2.46783
-0.52774
-2.89630
0.93388
2.77505
-0.21141
-2.28765
-1.65965
7.32784
-0.63688
-0.84977
4.05958
0.82829
0.67345
-1.12172
4.22982
4.27905
1.87800
3.92846
-1.97187
1.70306
-1.61937
-1.88777
6.19335
-8.20397
-0.67137
-4.76656
-1.80643
-1.46065
6.32700
2.52345
-6.77405
3.59604
1.37300
2.40766
4.39439
0.80956
-2.56672
4.87787
-0.09040
5.95651
-2.05541
-2.70487
-3.78145
0.12938
2.88221
1.35399
3.43286
-3.98841
2.07838
1.96171
4.74221
-0.35391
2.22315
-2.20785
-2.11295
5.83832
2.68512
2.93082
5.56859
3.08615
-5.80703
4.71065
-2.12199
1.02506
-3.21897
-1.30613
1.66267
4.13595
-4.70727
-1.05112
-2.16590
3.16289
-0.98543
-4.72559
4.83120
2.27262
-1.26539
1.00345
1.23538
0.38000
-0.33656
1.30424
-0.94847
-1.90588
0.67397
-1.66396
0.38322
-5.00239
-3.30036
-1.23109
-1.38466
-0.44566
5.49240
-2.94647
2.91166
-4.13440
-1.71020
-0.99214
-1.66132
10.15140
-1.63739
-0.21435
1.84322
2.03629
0.41180
-2.75004
0.16295
-0.23141
2.63636
1.77227
1.76056
-3.39542
1.68389
-0.24569
3.69479
-1.80052
2.43555
2.72754
1.57584
-1.72584
-1.37165
-4.30655
0.83414
1.61868
-0.60275
-2.71640
-0.90023
-2.15331
-7.74002
-2.63303
-1.70350
-2.28132
0.88506
0.14201
1.13938
-5.20701
-3.44090
1.22845
5.17112
-0.96107
1.26285
0.41197
-3.72766
-1.78413
0.36311
-0.03453
-1.99195
2.78520
7.37120
-4.27419
1.32704
-0.53016
-3.47977
0.44572
1.70629
4.01971
-10.20753
5.50013
5.79016
-0.62736
-0.46175
-1.37746
11.43953
1.52917
0.91238
1.98344
-1.00410
-0.49083
2.40179
-6.00932
-7.93575
3.23265
-4.39233
-5.74934
3.26490
2.76731
-0.01373
7.29502
-2.82123
2.12260
-2.75515
3.41699
-8.31372
0.12285
-2.05936
6.93456
5.06378
0.22873
-2.46425
-2.06654
3.23010
3.88485
-1.59415
-5.71528
-1.83881
-2.24709
-2.72917
-3.69507
1.40741
-5.41374
0.05722
3.88896
-4.59330
-1.82634
4.15666
-4.20498
-0.58198
3.10302
2.51321
-2.21268
1.92791
-0.31677
-6.35765
4.22071
3.49777
-3.15767
-3.81009
-0.79344
0.67494
-0.02885
1.58051
-3.27293
3.78005
2.64502
-2.36364
-5.97058
1.77334
-3.90978
2.78464
-0.74199
0.14639
-1.73644
0.80195
0.89964
4.58099
6.62307
4.64100
-1.02460
0.65387
3.77652
-1.72206
-0.54201
3.27326
0.37058
0.76645
-4.38462
-1.61257
2.77242
-1.97386
3.35352
-0.44352
1.39005
-2.88148
0.37867
-2.08875
-2.95011
2.41062
-4.53881
-3.45839
2.77892
2.40468
1.97504
3.80459
1.75116
7.27959
-2.37485
-0.55941
-0.36145
-3.35789
1.43013
0.93004
1.86953
-2.32923
5.38114
-3.08679
2.96685
2.65430
-1.96676
-1.22694
-1.27813
0.70265
-3.46619
-3.27473
-6.25877
-0.02408
-4.87020
3.73278
0.90150
3.10887
-1.66473
-3.32864
0.58316
2.96010
2.02773
2.35198
-6.40897
2.20636
1.55633
4.28224
-3.74347
0.05698
-0.03310
-1.26680
0.06512
-2.39505
0.23516
-2.14187
-3.66468
5.22169
-9.10387
-5.01734
0.93458
-0.92748
2.95850
0.63232
1.22895
3.12172
1.66630
0.21249
0.32624
1.66023
-1.29567
0.04718
2.86498
1.04463
3.37751
-3.31559
-6.45504
2.23182
-3.86553
1.88745
0.04242
6.18616
2.05420
4.30741
-5.94677
3.45997
-1.74826
-4.08919
-0.07618
-1.84984
-1.91622
-0.01183
3.56202
5.24120
-1.04757
1.42157
1.67241
0.38601
0.88785
-1.96200
2.94059
5.31435
3.55281
-0.44399
-0.58268
-1.53490
-2.20138
1.74078
0.35981
5.03303
-0.51139
4.60424
0.08524
-1.99851
-7.24852
1.06621
-0.99975
1.43714
1.59931
-3.79507
0.34514
-2.31281
2.47666
-4.64800
-1.39327
-2.01771
-0.60540
-1.01701
0.58489
-5.15507
3.39487
-3.74462
1.30256
0.01032
2.59726
-3.36065
1.65003
2.72332
-0.84090
-0.07984
-0.62652
5.46861
-0.92348
-1.11638
-4.91713
3.99386
-0.64616
3.53117
-1.42439
0.07010
-0.32600
0.42360
-3.60572
2.00413
-2.11399
2.95366
-6.27569
7.83925
0.92271
-2.56575
-4.27676
2.63241
-1.43887
6.52330
3.24817
0.47563
-3.08731
-2.18060
-1.50095
2.30970
3.63549
-2.72644
0.45705
-3.26484
0.30791
2.14026
-1.48351
0.06132
-2.44840
2.10550
5.94558
-2.38951
3.71978
-2.71796
1.71893
-4.05743
-2.63919
-0.63825
-1.37442
6.30353
1.14946
0.89409
1.00416
-4.57369
6.70762
0.30404
7.63461
0.58558
-2.57058
1.23517
7.57580
-3.08528
1.23092
-1.23434
2.64083
-4.37338
-4.94839
-3.46086
-3.75685
1.95990
-1.57676
-5.57138
-0.20091
2.66402
1.64063
4.35006
-4.39481
9.06195
0.10450
2.80482
-3.33291
-1.81918
-3.02406
6.40096
-8.02862
6.24906
7.58389
-3.12484
2.33339
-3.45318
0.44929
8.16781
4.02290
3.33569
8.02078
4.85190
-3.83502
6.43964
5.30647
0.38547
-2.46635
-1.31703
1.79096
1.22088
-8.79032
-2.87061
1.94636
-1.69350
-2.25568
-0.56246
5.37219
3.05515
2.07644
-8.69373
0.24124
-3.59628
-1.52271
0.51297
-1.93252
4.33114
2.18760
-4.68243
8.74936
-0.82073
4.90676
2.69592
-1.65151
-3.98285
0.34171
-0.66725
0.21728
-3.90675
-0.32137
1.85034
-0.07133
-1.81629
-3.54903
3.34937
5.22693
7.99709
1.53983
0.88837
-3.14487
0.66559
6.90375
-2.43370
1.48891
1.80556
-4.65731
-0.07437
6.44041
3.50075
0.63485
0.01537
-1.82364
0.03266
-0.47201
-2.72339
-0.04575
-8.41340
3.89595
-3.34798
-3.22251
2.30795
-8.17337
-2.37336
1.49137
3.86321
-8.95021
2.98283
-1.34526
4.45091
-5.49305
0.52902
0.95521
4.16627
-1.87773
-5.60442
2.47518
1.52561
7.07280
-2.19365
-0.15658
-0.92047
-3.24225
-2.69219
0.32159
-1.12389
-1.59646
0.60994
1.69471
3.17805
2.74271
4.02957
1.78272
-1.13000
-5.04520
5.46800
1.00455
-2.07790
-6.56624
0.78516
0.31083
6.35794
1.91041
-0.25852
-5.07599
2.67375
-0.90572
-4.15425
-1.90261
1.45273
-3.75267
-1.56620
0.39186
-0.47831
4.59432
2.50541
2.72746
5.82411
3.20115
1.55065
-0.55784
2.01978
0.59902
4.18546
1.22897
4.00501
-0.43646
-2.19313
-6.59413
3.39025
1.51033
-2.90781
-2.90661
-0.07189
-3.24608
5.14609
3.79026
3.27621
-0.24096
2.09310
1.43301
-3.76537
9.57810
-4.24339
1.68321
0.02358
-2.25843
-3.69113
-3.15237
1.98445
0.02142
0.92645
7.09097
3.15393
7.64494
-7.88534
0.29221
-1.12379
-3.41929
-5.46752
-2.27834
-0.45698
-2.81635
0.85940
1.49014
-2.72168
-0.19184
1.78079
2.11384
-3.96849
-0.33425
-5.15109
-1.05072
0.26600
2.93996
1.19338
-1.41964
-1.70355
0.63769
-0.71500
1.46443
-3.93109
0.50795
2.88161
-5.53540
-3.10331
2.90962
-3.38695
2.91607
-1.24235
-1.63505
4.79523
0.08840
2.28585
-2.24702
-0.76795
0.20237
0.13351
0.81071
2.81999
2.14425
-0.57877
-7.08082
-2.45087
-1.50212
6.96212
-3.64006
-4.70938
2.97337
-4.80640
2.54632
0.88110
-4.67723
1.11261
-0.70241
1.16595
1.62087
3.80351
0.54202
1.89451
-2.59391
3.67836
-4.21938
-4.83495
-6.91567
-2.53346
2.19743
-2.76613
-2.62061
1.26782
0.65458
-2.45334
-1.95379
0.81672
-0.94528
3.35005
1.49664
0.65841
1.12574
0.10092
-1.18998
2.58071
2.92655
-1.95671
-3.32009
0.18940
-0.59285
-0.21833
-3.81244
4.37604
-0.84881
1.76042
-0.03128
4.10942
3.96739
-1.55721
3.20246
-3.71813
-1.02682
-0.72043
0.11894
-4.55860
3.04330
-0.64527
5.19563
-0.99259
-0.19587
2.66569
3.06313
-6.09860
6.32852
2.10878
1.52154
-2.01639
0.95464
5.59619
2.12339
-4.89313
2.56591
-3.58378
-1.48690
-7.52191
0.68344
5.50794
0.13536
5.07223
-8.80985
-0.10200
-0.88595
-1.43940
3.32118
-8.02100
0.35659
-0.51327
-4.13494
4.69811
-3.30958
0.95263
2.30799
-3.95103
-8.21932
-6.71926
2.65409
2.29325
-0.85214
4.75898
-6.38310
1.98823
3.58711
1.81856
2.86760
10.29430
1.28263
0.29239
-9.84257
1.91135
1.98719
-4.81248
-3.07382
6.29876
-5.10636
3.46710
1.43429
4.14617
-1.31186
-3.16219
-2.35188
1.79654
-2.72733
-0.96046
1.54283
3.86762
-0.09550
-2.06307
-7.89078
1.22896
-5.42340
3.55427
-0.97299
1.97998
-4.23165
3.72963
1.28761
-4.82702
-6.70476
-8.00688
0.65946
-0.69786
-3.66646
-1.32035
5.13626
0.89217
-1.54475
1.52372
2.68284
3.00304
2.11408
5.53929
-1.08219
-1.56677
-4.09936
0.73979
-0.30931
3.01403
-2.32141
-3.28731
2.67074
3.98546
2.91033
-4.23599
1.53215
-2.12745
-1.79921
4.81750
-1.99428
0.48345
2.52514
-2.20935
0.66201
0.32221
-2.02678
-2.82693
1.18580
-3.43368
-4.49364
5.46166
-0.85609
4.27508
-1.95865
-2.98406
1.89938
1.71538
-0.28524
1.20354
-5.49279
7.95645
-0.65223
-0.71271
1.39186
4.66681
-2.68106
3.89490
-0.37085
-2.49961
0.71036
-1.97756
5.05935
5.70348
5.03063
-1.80108
4.01393
-3.95730
2.47915
-1.50790
0.91680
0.78826
5.64002
1.74907
-1.33107
-1.34719
4.27913
1.41147
4.68430
5.05169
1.79093
0.50653
1.96629
4.66264
-0.05132
0.83753
-5.17101
-0.59799
1.65181
-2.65670
-0.62901
-0.72725
0.77419
-2.04325
0.83691
1.22945
1.12629
-5.03093
-1.53712
3.26944
-3.16881
-3.61798
-5.60806
-0.63459
-3.73929
-0.92453
-0.04245
-3.86650
2.70488
0.42713
4.46406
-2.01716
3.86407
-0.77748
-1.55502
2.53274
-0.02074
-6.74251
1.25009
4.01976
-1.16319
3.86263
-0.15667
3.50961
3.26974
-2.21338
-6.59137
3.11008
-0.12706
-6.97137
3.38751
1.24287
3.00380
2.56514
5.88733
-6.10589
0.71813
-3.65174
0.18467
-1.62139
-0.85677
-0.42587
4.84547
0.82596
2.59138
6.11773
0.11144
3.90858
0.85952
2.35629
0.25745
2.93864
1.55736
4.14785
-3.36228
-2.74695
-7.22178
-5.33724
0.71648
-0.59352
1.74110
-5.16611
-4.90403
-2.73071
-0.40233
5.51734
-4.67602
-1.88226
-0.07587
2.45763
1.06484
-6.77388
-4.15824
-1.99256
0.77045
7.50784
-4.34830
-1.20106
1.12587
-1.84298
0.29324
4.16045
-0.90340
0.43229
-0.61111
-2.24953
3.51206
8.86169
-7.71175
-0.97610
-2.09227
0.85125
-1.50032
2.87729
-5.42257
-4.29397
-2.07369
6.31184
1.34125
-0.89707
-0.56805
1.47510
0.41609
-0.07121
-1.93161
-2.65289
5.78916
-4.01458
0.10516
3.43273
4.82371
-0.96549
-2.49972
3.22788
-0.90615
-2.11112
-1.09644
0.80713
-0.27213
-5.40212
1.91838
4.21132
2.07736
2.40452
3.56671
-0.15822
3.80145
6.96646
-0.78821
-2.63260
-5.96492
-1.92891
0.44994
6.41152
2.12539
3.83890
1.18202
2.24499
1.12023
-1.62266
-1.12515
1.61636
-0.39190
0.92269
-1.44218
-0.14004
2.85210
1.87611
0.70747
-2.20603
-0.01450
3.98765
-3.03624
1.81380
-3.69029
-3.50109
-5.25732
-2.11593
1.86473
-2.52085
7.10006
2.35505
-0.50677
5.42146
-0.53336
-0.74452
4.12876
-7.56562
-0.05541
2.06802
-1.89149
2.34590
0.59554
-3.68934
3.48591
3.59611
6.73446
-1.94138
-0.10165
-1.12284
5.03928
-1.18797
-1.39633
0.63943
3.59991
0.21714
1.32168
-1.02895
3.32665
2.15191
2.73126
-0.95274
-2.25698
-8.42864
0.72431
-2.71996
-7.09251
2.76591
-2.33277
1.56748
7.06394
5.17659
-1.67096
0.50748
-3.39019
1.31905
-1.47501
-0.37144
-3.21100
4.94549
-4.19122
-3.95418
2.32749
3.00556
-7.20130
-1.74626
3.05429
-1.80377
-5.23182
0.27126
0.65676
-5.26710
-2.98784
-6.03315
2.36511
-4.07569
2.96783
0.26092
2.18638
-6.21415
1.70825
-8.49256
0.57115
-1.91113
1.64423
-7.21299
2.28130
-0.00470
1.71212
3.57748
-2.58244
4.91459
-3.68595
0.92294
-3.15257
-2.99253
-0.52323
-2.63221
5.10247
0.31303
-0.19984
6.85869
-1.50779
1.48313
7.00063
1.33015
-0.57977
-1.48365
2.05711
-1.41039
1.57030
2.83810
-4.43718
-0.50245
-0.40191
3.06296
-3.04926
-0.56763
0.97708
0.02524
-3.65701
-4.30734
0.39309
6.20621
2.91371
-0.96106
0.95482
2.06170
-8.13105
2.53129
6.84819
-0.88736
0.49777
4.32183
-0.48421
-0.86415
-2.97064
-5.59487
-4.32737
-1.86242
-0.92896
1.77110
-3.24295
-1.59185
0.82692
-2.53542
-7.43906
-0.51384
-5.02222
6.83190
-0.53880
-1.14253
0.71238
-1.81555
-3.97169
2.64599
4.95428
3.59356
0.61247
4.40267
-1.60841
1.48908
-1.89144
5.41242
-7.14733
2.17630
-2.79029
1.86283
0.43907
-5.83339
-3.85495
-1.04531
-9.34350
-0.70583
-0.74083
-1.21218
4.74734
3.17207
-0.17819
-2.60470
0.36812
2.34527
-0.03650
-8.10324
-1.31616
1.02205
-2.00765
-1.40468
-1.32485
-2.70743
-1.00321
5.81203
-5.56752
-0.73760
-5.36017
2.11733
-0.55151
2.23098
-0.48459
1.04707
-0.08121
-0.43069
-6.87494
-0.21025
-1.42831
4.98657
-2.67028
-1.24713
-0.21180
2.73327
-3.26550
-0.90291
0.55750
-1.46759
-3.82459
-4.93074
4.03853
0.82279
1.72957
2.34738
-4.14194
6.02730
1.16798
0.99592
1.49966
1.21265
8.82818
3.00145
-2.00598
7.99424
-2.17313
-0.94164
0.76008
1.50315
1.79010
-4.42090
4.02062
-6.23754
-6.18735
1.60677
-1.12890
5.04713
4.06658
4.73261
-0.46466
-7.13006
1.14678
-1.13521
-3.00557
-0.19380
-0.19369
2.86782
-0.33817
2.53445
-3.13066
0.43953
5.11471
-3.79982
2.81097
-0.51841
0.43558
1.72226
2.57641
3.34268
0.50712
2.02021
-2.88484
-4.93235
-3.14599
4.43434
-0.24339
0.13849
5.69740
-1.12022
3.05967
-7.77944
2.08914
4.11247
3.49253
2.16106
-0.07721
-4.34919
3.06840
-2.73185
-5.52564
2.47338
-2.91470
2.38287
-1.12180
-3.09370
-1.00545
0.79481
-2.91687
1.84234
-3.05312
-2.96857
3.61139
-0.70001
-0.69136
0.95264
-2.99790
3.04770
-0.33682
-6.02326
5.33485
-5.07836
3.70004
3.63711
-2.29260
3.09629
-1.67441
-3.83216
4.84402
0.52609
0.74568
5.75074
-2.57244
1.46315
-0.70860
6.35312
2.85777
2.85361
3.10991
-0.65710
3.60987
5.54725
-1.64772
-2.79787
0.10426
3.56120
-2.06578
1.36179
3.45954
7.14448
-0.16521
-4.88136
-0.23409
-3.39943
-3.63540
0.32176
-1.77497
1.67406
-1.38236
1.75106
-0.69200
0.52887
-1.93619
-0.19969
-0.54622
3.65447
4.64033
-0.25204
-0.27110
1.08313
-1.89304
-1.97751
2.34249
1.29571
-4.25690
6.59882
-7.40823
-4.34379
0.96482
5.51524
1.28622
-2.85343
-0.73218
0.83757
4.08944
9.37181
4.65400
-1.32458
2.20209
-0.79517
-2.87007
-2.75567
2.90813
-0.74004
6.58934
-2.35546
0.81080
-3.19490
0.14902
1.56341
-1.59597
1.96577
-4.25269
-5.99710
4.30649
0.74324
-3.15189
-4.62526
4.46772
-0.14347
0.70527
0.49013
-2.36971
-1.52155
3.80892
3.38831
-3.93395
3.38902
2.22112
-0.81268
1.19200
-4.23168
2.73974
-1.04223
0.98133
2.37071
1.44886
-1.19359
-4.11842
-3.54921
0.24265
-0.46355
3.21277
1.52202
5.06054
1.83267
5.74285
4.34862
-4.12099
3.12778
3.56000
0.89935
-0.24199
-0.67106
0.25502
5.92443
-0.55087
-0.36752
-0.66769
4.03374
8.63144
-0.99830
-2.64970
0.26604
-2.80099
-1.78317
-5.29942
-0.85726
2.57314
2.00782
-0.24320
4.33482
-5.41704
-0.30247
2.74840
2.02798
-1.46966
-0.16952
1.38450
-2.20890
-1.08914
-3.08223
-4.29518
3.72553
4.22479
0.20828
-3.39438
-2.47189
0.49991
4.81141
0.53031
-6.19126
-3.23581
-4.29801
-1.47137
0.68443
2.09031
-3.29365
-2.12247
0.08801
-3.73876
-6.72117
-3.38812
-1.28609
2.86432
4.40515
3.65253
-8.91153
-1.48862
2.07792
-1.16722
-1.59962
0.96526
3.18052
-2.19732
3.72852
-0.18121
0.78114
1.55029
0.71400
-1.44914
-5.26554
3.08106
-4.68276
-1.00428
1.52574
-3.95798
4.19172
0.07988
-3.26781
-4.36578
0.72493
2.29009
-1.43078
0.77396
3.13806
2.23362
0.79595
-2.61947
-0.86733
-1.72982
-3.14810
-3.22874
-4.85536
1.16756
-3.33004
2.32959
0.40450
0.52646
4.06881
-1.08092
0.06551
4.21168
11.16755
0.00418
-0.63709
-3.44547
-0.23006
-4.05937
1.65240
2.19650
4.93080
1.44876
3.21843
-1.42802
-5.60373
-1.90788
4.92283
2.01499
-0.68301
-2.07278
-4.30794
1.91380
-8.43469
-0.05859
-0.76785
0.24408
-5.73594
4.73714
1.11060
-3.29514
-1.05336
-1.73398
-5.51673
-6.99030
-3.28562
-2.02950
2.06686
-0.17939
2.93203
-5.38308
1.88065
2.70970
-3.92303
0.16725
0.66648
1.85097
-9.25162
0.48490
3.09839
3.29268
-3.23174
-0.46658
2.95848
4.85830
-2.30510
0.50987
-1.00318
6.79916
-1.17170
1.34577
1.41016
-0.37848
1.75450
0.77086
-0.59496
-2.00378
-0.24301
-0.54573
-6.09745
-2.07915
-2.14055
-1.00955
-2.38023
-0.67506
-4.21772
7.36119
-4.74593
1.48029
-2.73173
4.40944
1.58941
-0.08269
-1.52532
3.64819
0.29040
2.02996
3.75420
6.39537
1.60860
-4.76242
1.24048
-3.19650
-1.59038
0.00704
-4.66411
-2.70315
5.07495
-2.17953
-3.93458
1.73886
4.66647
-5.01871
3.26989
4.29414
-1.29720
0.16454
2.66934
0.37009
1.03996
4.87423
-0.58176
1.36635
1.71689
-1.19229
5.36124
-3.14097
1.82561
-2.99524
5.57702
7.55254
-5.93186
0.71528
-1.67873
3.60747
-3.33775
2.56480
-3.23173
-1.04905
-1.21918
0.59665
0.78083
-6.15633
-5.43995
2.62488
0.21827
1.52237
-1.70030
6.65569
5.88299
0.33912
5.79982
-1.46071
6.01258
5.39068
-1.53717
0.35473
1.03587
2.30036
1.16783
0.54962
2.20528
2.17415
1.19780
4.03405
0.05062
-4.25443
-7.96611
3.37299
0.21111
-0.26985
-3.83941
-1.08368
3.15014
0.13708
-0.75996
3.99731
1.11882
3.34460
4.94412
-2.71571
-4.15563
-0.20816
1.46499
-2.09571
3.32937
-1.32011
-3.67024
-3.48068
-5.86029
-0.97084
-1.42828
2.29150
-5.76189
3.60723
4.11592
-3.62806
1.50169
-2.15271
4.60065
0.39604
-2.31276
2.08706
1.79028
-4.80244
-6.17712
4.40761
5.58309
5.54050
-1.08111
-0.22349
-0.95235
-0.64742
4.02455
1.88701
1.15820
2.74297
3.99937
1.40489
3.26562
-3.01646
4.87020
2.65142
-0.21962
-5.21582
2.12530
4.67014
-1.06759
-5.53883
0.60327
-6.59107
-0.90846
-0.07373
6.42153
-1.04516
-0.11826
-2.80726
-5.05119
4.17319
1.10631
-6.06684
-1.63398
5.19238
2.69918
0.19321
-1.82065
-5.40620
6.54830
0.49976
-1.86304
-7.51261
-4.08609
5.25616
-1.88577
2.35487
1.68772
-6.48189
2.47399
-0.66767
2.67464
-1.46470
-2.42539
4.05674
5.69166
3.25746
-1.73975
0.89469
-1.34654
1.34502
5.19925
1.66069
0.91455
-1.99971
1.36422
5.95258
-5.66947
2.84253
-2.63103
-2.90899
2.45758
4.90877
0.69658
0.81405
-2.92822
-3.45231
0.45522
-5.20410
5.86515
-3.81948
-3.70940
5.71001
-2.39824
4.96291
-2.59404
0.94168
-5.13884
-4.46376
5.62643
-1.91327
-3.31913
-5.32035
-2.02640
-2.71465
2.52708
6.55849
-1.93356
-2.16916
6.64585
-2.58709
2.35545
5.28560
-0.85159
-3.75979
5.33129
-0.99335
-7.94932
1.65907
0.47624
2.59253
1.36577
0.26783
-1.74298
2.53266
-2.83119
2.81954
-5.82913
-2.52339
1.61446
-3.84972
0.36586
-2.38935
-4.08746
0.00234
-0.66601
0.54011
-5.17409
1.55972
0.05209
0.50118
9.02465
2.32076
-9.04465
3.72623
5.35456
2.37056
-0.18451
-6.59188
1.99621
5.44824
10.83000
-0.08958
4.46463
1.46861
-1.10498
-0.95848
4.22497
-3.14605
0.75691
1.01497
-1.12094
-3.40891
4.65507
1.60820
-0.11308
2.94681
-1.21223
0.88566
2.44477
-0.47212
-0.98192
2.24955
-3.00300
3.89671
-0.54323
-4.36103
-6.20057
1.55513
-2.87151
0.25142
2.03743
-2.49717
-1.49663
-4.74074
-2.68288
2.43128
0.80594
-3.83512
1.68372
2.38262
2.11612
-5.77463
-1.48768
1.36784
-0.50397
3.67826
-0.97200
0.55996
-5.53072
1.86421
-1.41947
-0.10780
4.01082
2.05566
-4.22978
-3.46577
2.33414
-0.27666
5.51028
5.03687
3.68098
0.07177
-2.32142
3.77401
2.13148
0.99170
-2.50753
1.94399
0.53499
-2.95797
-3.64011
-2.00990
-2.40619
3.81427
4.73083
-7.01816
-2.20014
-2.14532
-0.31064
-1.09512
0.90113
1.35834
0.57498
-1.40210
1.76717
8.58231
-7.63936
-0.99534
-4.16816
1.42017
-0.52068
6.35001
1.46715
2.09027
-0.45187
-4.87834
-3.22393
-1.10732
-2.63898
-6.59167
0.87047
7.94201
-2.50330
-1.18492
-6.80351
-4.03085
-0.08998
0.98206
3.37918
-2.20965
-3.78416
-2.93724
-8.01496
3.90006
-0.76551
-0.99965
-0.73111
-1.90058
-1.17045
-3.56609
-3.67463
0.35213
-1.36371
0.10825
-0.88838
0.76897
-0.00764
0.65035
-1.72231
-0.99355
4.22270
-3.09533
3.29772
0.14537
-3.36188
4.39001
-0.61142
6.53637
-3.66599
-4.77253
-0.77413
-2.49173
9.99763
0.61755
0.90631
-2.55369
-3.17870
-5.59189
0.50225
2.18781
-2.45419
2.29675
-4.51600
4.01295
8.06841
-3.03605
-3.07838
-3.69181
-0.60690
2.77977
5.27484
0.57932
-2.74850
3.23637
2.17070
0.13494
4.85192
2.70499
-1.54707
2.72090
0.53823
2.81186
3.24428
0.36042
0.09587
3.65944
0.43019
-3.46614
-0.99127
3.47696
-0.74693
1.80450
-0.65659
4.17567
-1.36984
1.54171
-1.14333
-1.48634
1.17735
-2.18903
-2.36329
-0.10892
-1.53463
-1.64271
-6.11869
0.36806
3.55982
-1.17854
3.04940
5.91039
-0.21946
0.15425
-0.30123
-1.43832
-0.79519
0.99668
-2.57491
0.84729
0.36040
1.98743
2.39769
-0.85244
-3.88559
7.99098
1.87397
-1.88886
-1.46144
2.55238
-1.63956
-0.70152
-1.26505
-0.81517
-4.98540
-5.78460
1.93483
2.03226
-2.12327
2.91720
-2.08691
3.87310
2.00637
0.14463
-5.04588
1.46930
-2.02817
0.34624
-0.99438
-2.16686
4.23404
4.84375
-3.68946
1.92005
-1.60768
-3.93650
-0.14113
-3.03158
-3.66286
-0.12951
3.34807
2.88970
6.34280
-1.93009
2.85264
-1.24172
5.35788
-5.59825
3.26039
-5.27872
-4.71025
4.00080
4.96357
-1.73042
-1.75812
-2.41118
-1.08503
1.16374
-0.57111
-2.20694
-5.44618
-3.34456
6.36342
3.06670
1.21384
3.21599
-3.85567
1.39061
4.08317
-2.92099
0.82191
1.34919
-7.06949
3.65915
-0.22582
1.11920
3.92000
5.35585
-0.63978
5.01897
3.74055
0.60105
-1.03158
-2.21985
1.32702
4.17787
-0.65649
-4.92291
-2.06078
3.88987
-7.53638
-0.78501
9.30279
-2.89618
-2.59798
-0.37134
-1.09591
5.03772
-5.93348
-0.31225
2.37083
-5.92100
0.45752
2.52973
4.56087
5.20027
0.60168
2.85399
2.95836
1.61009
3.57306
-2.64204
6.84448
-5.17048
4.94254
-1.00418
-0.65275
4.58201
3.91478
-0.42541
-4.48084
6.22459
-3.20341
-2.52767
5.21783
-2.89894
3.35838
-0.98318
2.66296
4.65637
-1.73039
2.39936
-0.34750
4.79901
-2.45181
-1.16766
1.62906
0.27005
2.22538
1.93286
-2.02551
-2.00215
-0.47514
2.19622
0.62142
0.43133
-2.57672
4.31847
1.24251
-3.01408
-2.56040
-2.52447
-5.31703
3.64357
-4.71247
-1.87882
2.52342
-0.97010
4.03295
-6.18216
3.91961
-7.39611
-4.08912
3.90260
-4.28479
-2.91356
3.60494
3.96859
-2.79071
0.44499
-0.06751
2.50605
1.14224
0.19509
6.26928
0.57586
-0.14001
-1.71535
1.39032
2.42236
-2.13769
-0.25851
-4.28370
0.63700
0.43873
1.41314
1.06186
2.80331
0.66330
4.28924
1.98846
-0.16868
-4.27729
-2.51848
2.52698
-2.24528
6.85331
0.45627
-3.91721
6.86259
2.67116
0.51265
3.17636
3.28115
3.98003
2.05117
-3.70199
5.27826
2.25536
6.98202
3.00077
1.10637
0.05973
-0.64406
0.73514
2.03406
-4.96871
-0.99694
3.34207
-5.08121
3.44884
2.67740
0.40109
-0.61451
0.65420
2.08226
0.14966
7.22784
2.92343
1.77419
-3.72381
-1.72683
1.87992
2.52815
3.45044
5.33529
5.05406
0.36428
2.21457
-1.24446
-0.26663
4.95870
-4.29393
-0.51701
-1.74356
1.53355
5.59031
6.34292
-6.47700
2.20695
0.82491
5.93243
-0.21238
4.88270
3.61276
1.87170
0.67505
-5.31003
-0.31519
5.14390
-2.95223
2.21237
0.13783
-1.08092
1.71114
-4.46283
-7.07441
-2.23450
-2.47235
-2.97587
0.16218
-1.76641
-1.81938
0.71419
-0.45801
-4.06838
1.19928
-0.93503
-3.03506
-4.58675
-3.14295
4.62134
2.70619
0.21230
-0.84257
3.23272
6.95017
0.05466
5.11546
-6.51896
-2.82119
0.93314
1.71089
1.93981
0.64483
1.32296
1.20320
2.66909
-2.21846
-0.80102
-2.41145
-3.36242
2.31718
1.09554
-2.44542
1.14084
4.55525
-0.22599
0.10120
-0.03363
-4.00432
3.60887
3.49717
-0.31415
0.53761
1.16468
4.08409
-3.86708
-2.87128
-3.44496
-2.60891
2.21467
0.04770
1.77250
2.83595
2.80773
5.53817
-0.89454
1.77354
-3.34229
-0.74472
1.22646
2.84708
-1.23955
-4.78821
-1.37916
-4.18885
2.01987
-0.03363
2.40217
-2.24036
0.55915
1.96094
-4.69133
3.65362
0.95476
1.04179
5.29083
-4.77058
1.43801
5.85762
3.93516
-2.66604
-4.31573
-0.54198
-4.02251
-0.72441
-1.97112
-0.60834
-0.72397
2.52972
-3.82057
0.14268
1.18329
2.99551
4.03573
-2.29577
-2.67621
-0.33089
-2.84134
-2.89205
-4.65776
-2.78816
1.07970
0.20455
4.81328
0.15396
-1.84765
-0.38397
-2.80830
0.44472
2.20657
2.45216
-1.21134
-4.09655
-1.14569
6.26655
-5.03788
-4.12789
0.46858
2.16708
3.18081
-3.92516
-0.52640
-4.18742
1.64893
-0.33197
-2.02096
0.63280
-3.33802
-1.52532
3.80168
1.90231
-4.46814
2.61592
3.26829
4.66493
2.17126
2.70546
-3.57035
-2.42523
3.64216
1.28861
5.10885
3.04808
3.71348
-0.58399
-3.07481
-4.82659
-4.23815
2.45336
-0.24190
-6.09926
-2.19312
-3.24902
2.55805
-3.96100
5.29977
-1.19334
2.08459
0.22896
5.91271
-2.33008
-1.71798
4.40994
1.63385
2.36533
-1.08097
2.11588
-0.46639
-5.76913
-1.32914
1.19079
0.24119
1.82596
-0.24708
-4.12270
-3.00209
-2.10929
2.55041
-3.72580
3.12197
3.84153
-5.85961
3.42336
2.27859
-7.06436
4.95341
-4.34253
-5.71634
-3.60575
0.99928
2.03449
-3.24469
-5.71701
0.87777
3.40530
1.82522
3.02643
-3.85570
-7.65792
2.10295
0.06668
2.69363
-0.53623
-1.96562
2.18797
-0.82201
-5.38452
0.46853
1.02887
-3.26740
2.96741
-3.11733
-0.39119
1.89267
-2.96366
2.87744
-2.12234
-1.21503
-1.26736
-2.77707
2.00972
-6.12361
-1.31676
1.15899
2.83772
5.89843
-1.18679
-2.79641
3.06553
1.73984
-0.97146
4.33494
2.50403
3.81373
1.80849
7.90426
3.89711
1.75663
1.52215
0.13862
2.73602
-5.24145
-0.67869
2.47605
0.45459
6.71777
-2.62093
-1.37548
5.50431
-3.38843
2.59335
-4.99537
0.60537
6.91819
0.13336
2.80496
4.85411
-2.07832
2.31390
2.83979
-0.52459
1.53422
-0.60622
-0.06264
1.53797
3.70828
-1.36455
-0.73558
2.25270
-0.35827
-1.45954
-2.84384
-1.22648
-3.92016
-1.43999
2.87802
-2.99626
0.04623
-0.89607
-3.32403
2.84507
2.98684
3.47039
-2.15404
0.60305
3.70404
-5.91790
2.75706
-1.60946
-3.26860
-1.52775
-2.01004
-0.76750
-0.46020
-2.00777
4.39195
-1.15369
-3.21988
6.22776
5.71523
-6.38059
-0.75634
-1.93504
-6.24376
-1.65321
0.77920
6.26808
-5.59950
3.21471
8.66474
-0.71770
-0.11816
-0.05261
1.45417
-3.15640
-1.58869
5.14295
-5.72089
2.86493
2.17493
-1.98676
1.77276
-1.13123
-3.99163
-2.51693
-1.30772
-0.31349
2.35845
3.54832
-2.45288
6.39011
1.26769
0.94316
-0.04366
0.48718
2.59872
-0.90354
1.78558
-2.79831
-6.39871
-2.85621
1.61113
2.58228
-1.71175
2.67284
-2.36041
4.16417
1.18336
-1.07237
-1.00508
-2.76266
0.05911
6.10110
-2.44560
4.74070
-3.84223
-1.64913
1.16952
-3.93002
-5.74009
-1.65155
3.36253
-1.96991
-6.60524
1.94376
-0.98971
0.03420
2.84304
-0.85454
-5.73675
1.86746
2.62549
-6.46779
-3.17023
1.27059
-0.54019
-3.35263
-0.19280
-1.61340
1.65290
1.83926
3.35383
-5.80686
2.39741
-2.71475
-0.24317
-4.00311
-3.93436
-3.53952
-2.21526
-4.80721
-0.70315
1.46296
0.30196
6.02599
-1.35643
-4.40850
-3.31298
0.07463
6.72112
-2.72212
-1.69779
-3.47711
1.06963
7.62406
2.16725
-3.09026
-2.35777
1.22220
0.39462
-5.51649
-3.53039
-0.43273
-5.48686
1.63484
-1.92039
2.46117
-5.45451
1.18896
1.86163
2.01466
0.55488
3.09657
1.66322
1.21573
-1.66044
0.48310
0.90621
1.64505
-2.35589
4.23694
1.24156
-2.72465
0.94153
1.00045
-3.53729
-1.80301
3.40321
3.08304
3.09030
1.43074
3.31776
-2.22577
-8.45081
-0.86020
-0.73784
0.45392
1.78485
2.39497
4.72233
-3.04480
1.49095
0.88143
2.73010
1.82049
-8.17337
0.86249
-1.31988
-2.08996
-3.97694
-1.90492
-4.01868
2.20945
2.95829
-0.15245
5.00206
2.75611
-5.48349
1.69577
-1.20985
1.72723
-1.75166
-4.02114
-0.78302
0.71389
1.04154
0.58244
2.86115
2.47079
-1.54667
-2.64370
4.58745
-2.93875
3.35836
2.03560
-1.14601
0.50926
2.91078
2.53666
0.52737
-3.09188
2.88757
-10.91310
-5.55238
-1.41212
0.38609
-3.35827
-2.87050
-1.52603
2.72860
1.83959
-3.58161
-1.80857
1.22142
0.74490
-3.96031
-1.40118
1.81324
2.62454
1.05753
3.16170
0.97115
-2.17060
-0.97502
4.23236
-1.11697
-1.42816
3.31913
-1.79728
-2.64685
2.39651
-3.32054
1.39301
-8.40374
-3.26436
2.79257
-0.76538
0.49910
0.49463
5.94596
-1.95118
2.47779
3.81957
-7.24887
2.98328
-4.37847
-4.51862
-3.39871
-1.67755
1.19034
-3.20956
0.15590
5.55843
-1.08222
2.81350
7.17894
2.42258
0.91828
3.26992
-3.02594
3.63780
-1.59940
-7.66901
-6.55390
0.46465
2.60370
-1.67306
-1.63532
-2.39214
1.74317
-3.58438
4.99319
1.03703
-3.11282
-0.67953
0.37146
2.44311
-0.50339
2.20497
-0.89850
-1.68809
1.88647
-2.77459
1.88966
8.81726
1.68455
-5.94015
-0.74345
-5.42725
0.81705
-1.69909
-3.42737
-4.72608
0.95218
-5.51612
-0.12712
8.80233
-3.70609
0.62783
-0.17705
-0.36299
1.44763
-0.34681
2.47330
1.54638
-5.64259
-1.72928
1.26272
-6.49817
3.85700
5.05530
-0.68433
0.03773
0.94208
-3.98242
-2.73864
1.49492
-0.32784
-0.45925
3.39391
-3.49579
1.61299
2.07711
-2.63164
2.41508
-5.76412
2.21237
-2.16193
-3.69417
-2.30405
-3.49884
-0.79999
-5.12591
-2.73656
-5.52292
0.73929
-0.91141
-1.57280
6.48887
-3.02757
-3.01092
-0.68007
2.35864
-1.28115
5.29132
6.41602
-8.80288
3.87793
3.14608
-2.73047
0.81058
2.78631
-0.45958
6.36887
4.17993
2.45862
-4.72637
3.09927
0.58433
-6.51233
1.16777
-1.96201
-0.27458
-0.63601
-2.34805
2.41127
0.81718
-0.42099
-4.74148
-1.01177
-3.66103
-2.06585
5.43358
-0.26024
2.84150
1.48869
4.49007
0.03624
-4.56591
3.36984
-1.18496
0.22196
1.26010
-4.61748
-1.60688
0.23498
2.33222
1.53309
-0.47042
3.60952
3.24284
-4.33870
-1.93355
2.24317
7.73623
-1.12989
-2.71517
0.94016
-1.23766
-5.04714
1.69514
-0.79476
-1.29893
1.68927
3.94983
-3.37122
-2.01281
0.49108
-2.01890
4.69931
-3.08215
3.27017
-2.70513
-4.78800
-2.47251
-3.67186
0.75570
0.76167
-6.94597
4.00157
-0.75055
1.03038
0.78768
-6.84516
3.24151
-0.31256
0.63187
-3.93387
1.84359
0.14049
-3.49319
-7.35069
0.49669
-6.22986
4.11132
6.60650
1.38276
-6.57207
-4.14790
0.01883
6.10969
-5.55573
-2.62598
2.91792
0.93042
-1.40163
-1.60162
-0.29423
2.87869
-4.20004
-2.85448
-1.19724
-2.16875
-0.85373
2.86901
5.35780
-1.30035
0.14465
2.09278
4.21124
6.19705
-0.62721
0.78389
-4.88079
4.72651
3.43260
-3.09429
0.22445
2.08584
-2.93376
2.16010
0.93460
-3.93702
5.50753
-3.60573
-1.16140
-2.32524
3.88270
-1.70152
2.78074
1.39099
3.36666
-2.78901
-4.05338
0.97144
4.81792
-3.39104
-0.35555
-2.37863
1.19653
-2.47855
-4.19862
-0.28910
-0.17142
3.21700
-1.01960
4.96687
5.72612
5.25485
0.43640
3.05427
-1.75711
-4.63258
-0.14123
0.73485
-2.80526
6.18135
2.28567
4.60642
-1.29707
-3.30366
-2.19574
3.20310
-0.33133
-0.91609
1.89828
-2.87963
4.91033
-2.57413
7.89409
-4.82766
0.75783
-6.71093
1.89288
-0.45547
5.86136
-3.49660
-7.07750
-0.41363
2.94696
4.74194
-4.30967
0.30230
-4.14455
5.70620
1.01636
3.26061
-1.46378
-2.34460
-3.54890
-3.80229
-4.55521
-3.91715
4.75728
2.74985
-5.09666
-0.07386
-1.42284
-3.24529
-4.34150
1.11473
0.27554
-3.23421
2.06243
5.41851
1.98618
-1.67499
-1.59649
-0.41952
3.62302
-3.76069
0.72342
2.00998
-0.73419
0.57960
-1.31095
-1.65820
-5.76782
2.24276
0.10423
1.77964
4.72867
-2.59299
0.78601
-3.28540
0.99515
2.67931
7.48447
1.63732
1.34182
0.63862
-0.94227
0.61273
1.15750
-3.79210
2.73542
0.05408
3.50532
-2.65644
6.08279
-0.46589
-1.11510
1.73567
0.73417
-0.63156
-3.81073
-0.58858
2.77143
1.81621
-2.88567
-3.47503
0.73461
3.10796
2.94002
1.42167
0.49319
-2.40944
-2.23672
3.18849
-2.64881
2.05792
2.35821
-4.14659
-0.75815
0.56162
-2.24945
1.51301
-5.20150
3.48588
0.68837
5.73169
3.77083
0.45961
0.12655
6.44819
-0.33409
0.72497
1.28844
-1.06828
0.80778
0.57606
-1.10880
-1.86143
-0.81424
0.04266
1.34359
-7.36589
-5.53867
0.49422
-5.11641
3.24066
1.88780
-6.13249
-4.74804
1.10991
-1.85438
-1.49913
-5.25252
0.32726
3.06660
-1.65705
-3.09673
3.17562
-4.93336
-0.63127
2.52234
0.55485
-2.06540
8.62000
-5.50205
2.19846
-1.07638
-3.21848
3.75319
1.19459
1.33754
3.92018
-0.48609
0.71334
-0.64882
-2.12425
2.37946
-0.63821
-3.42540
9.63989
-9.41245
-1.18995
3.50132
1.42202
-6.08057
6.04242
3.20893
-0.00471
1.24245
-1.62067
-1.41904
-3.97876
-5.91823
-0.19287
4.97782
4.92811
4.85252
-5.93654
-3.52530
-1.59770
0.07079
5.91982
-0.94273
4.11197
1.87319
-0.25864
4.16962
4.26449
-1.20725
-2.30952
-0.33239
5.09646
4.05471
5.90686
-0.96701
1.41697
-0.49666
5.63999
-0.60337
0.40746
-2.69766
0.71230
3.31416
-0.05927
3.59585
4.18942
0.73617
7.68917
-0.46173
5.54117
-6.37943
3.44433
2.28883
-1.96863
-1.17953
-1.81460
0.72681
1.41398
1.59836
-3.50449
-3.22098
6.54942
-1.39258
-1.97400
3.11436
1.23406
3.87423
-0.31283
-0.28256
1.49053
5.75332
5.22589
6.35333
6.03954
-2.59552
-3.66500
-3.03982
4.55540
4.83430
1.30983
-1.09029
3.80450
1.03280
-4.97745
-3.84667
-1.22516
4.16173
2.61815
3.56091
0.03373
5.66026
8.58652
1.45293
0.89582
-2.50840
-2.48377
6.78013
4.09808
1.23560
-2.47140
5.24741
0.26950
4.38085
4.73978
-1.63203
2.85332
-1.96180
2.66244
-2.51938
-0.56693
6.16094
-2.54812
-2.56103
-1.36749
-0.39692
7.53456
-2.32661
3.72214
-9.70861
-0.55410
-5.51239
-2.09286
9.13248
-0.97409
-2.53290
1.02179
-1.55239
-1.02258
-1.62307
1.60790
0.98884
-2.45418
-3.04256
-1.34448
-2.58855
3.01168
4.28053
-4.12608
1.96218
5.18891
-3.55819
-4.21715
5.84383
1.72906
-0.68029
-1.65645
1.05906
2.35518
-1.88810
2.88103
-8.32384
2.58481
-1.56687
0.52011
-0.93341
-2.11132
3.37999
3.59914
-3.23931
2.98007
-3.78283
-1.97975
-2.08500
2.44885
-0.93432
3.44065
2.56145
-1.89776
0.39511
-0.30409
4.29104
3.50690
-2.18325
7.89605
-1.10281
2.05563
-4.92733
1.63741
-1.00416
-2.62591
-3.90826
4.74235
3.63262
-0.50669
2.99826
-1.87578
2.32421
0.70564
-3.48320
5.63306
-6.65748
-2.18679
-0.92572
-5.16967
2.30516
3.21250
2.23337
-0.14322
0.30552
-0.05611
2.35924
5.41776
2.01578
0.58377
0.18663
0.00462
0.82137
-3.39434
-0.31215
1.11612
-0.86632
-3.10607
2.62182
0.09209
-0.09946
-4.25098
1.42683
-0.07422
-5.63314
1.97711
-0.02402
-1.21185
0.99085
-1.15672
5.04438
-2.72729
-4.09675
-2.15470
0.01293
-2.42531
0.63717
-4.18712
4.71851
-6.61032
-4.47150
1.61903
8.13208
2.11148
2.00856
4.97566
-0.86078
-2.07350
3.84632
-2.74269
-5.75924
-0.48577
-0.52338
0.35519
-0.51778
0.06565
1.98529
0.39126
-2.48444
-1.42254
-2.33255
1.27627
4.38494
0.35950
3.64674
4.16240
-0.57611
4.60890
-0.59241
-1.74240
-3.49500
-4.18948
1.78070
-2.09367
2.72617
0.13322
1.11798
3.40795
-1.71330
0.21149
1.37964
6.26691
4.03306
-4.52349
-3.48696
-5.04960
-3.01899
-3.89413
-0.83815
1.24282
2.92813
7.27625
0.55165
2.30599
2.29432
-6.57269
-3.03373
-1.69221
-0.95930
-2.81518
-2.93513
3.88972
0.40665
1.00541
0.21202
4.47559
-0.24189
2.25821
-1.24076
2.73003
9.13746
-5.30545
-2.52221
3.17762
0.41038
-6.14704
-2.17793
1.19786
0.72002
3.23901
-4.30459
-0.26366
1.24378
-2.44927
0.17238
1.72632
2.02231
-2.29129
-0.28947
-4.63779
0.28784
2.47912
0.78100
-5.62674
-6.99483
-0.83241
2.30120
2.68392
1.57379
-4.73315
1.01528
4.95750
-3.20752
0.74583
-1.41296
0.43968
-2.49583
-2.67178
-1.70734
4.78701
0.26565
4.73385
1.74375
-2.49688
-5.86850
-1.01774
5.82873
2.34531
0.79394
-0.43799
2.55617
-2.72820
0.75534
6.50590
-4.46922
3.66256
-2.96271
1.30553
-4.32972
-1.49026
-2.42723
4.37229
-2.30550
-1.13339
0.79435
6.24242
2.29936
1.17279
5.15614
0.57496
-0.11635
-0.96005
-6.22166
1.00289
-4.41361
-1.29008
2.45706
-4.09419
1.11000
1.14827
1.46629
2.65309
4.14792
-1.25629
-0.44059
9.76558
-0.67283
-0.89187
-3.13382
3.55247
2.59679
4.57287
-1.59525
-2.53378
0.22372
-5.71611
-2.71539
-1.78073
-3.79311
-4.29983
-2.34329
-2.76702
-3.15738
-3.26346
2.88841
-0.35498
0.62505
0.21314
0.03842
1.61854
-6.49297
3.86637
-2.65735
3.25936
6.70373
-1.99510
-2.03629
1.73054
2.00587
3.97179
0.68543
-0.75049
1.89326
6.32771
7.36737
-4.62621
-0.74092
-6.83613
-1.42597
-0.04058
-2.24955
5.68034
-1.87425
-1.56330
1.45139
-0.30123
7.60231
-2.18417
2.85639
1.21606
0.20650
-3.96802
-0.69484
0.30091
3.16192
4.72736
3.48308
4.70180
-2.03847
-0.31193
-5.41482
-3.97634
6.11872
-6.10523
-2.06974
-2.05761
-1.07821
-0.72589
-6.19734
0.60844
-3.89133
-1.42196
-2.94819
-0.17032
-4.18330
-0.13796
-1.67613
5.79130
-0.08815
0.25419
1.51960
1.72953
1.95080
-3.20522
-0.51703
-3.31081
-0.61810
-5.83867
-0.75457
-6.31932
3.88363
2.91754
-1.50507
0.94600
0.52587
3.09445
-0.52588
7.59047
2.48980
-0.12007
0.09115
0.02133
-2.15376
-1.19411
2.26940
-2.74080
-1.07024
-4.48322
1.41690
-1.16849
0.87520
-2.47934
-0.56298
-2.68055
-1.12509
4.49794
-5.70533
-1.65765
1.08025
-7.21928
3.57217
-0.57374
2.18320
1.11084
7.32220
6.29646
3.75630
0.13165
-0.58623
-0.05254
3.85461
-1.92086
1.76613
-3.19717
0.68884
1.34032
-5.73204
4.67207
2.38345
1.79288
0.61648
-2.32885
0.56496
1.93767
-1.52793
-8.87198
-7.27625
-2.64990
1.43900
-2.31682
-7.13823
-4.57135
-0.84438
-2.88714
-3.02956
2.67578
2.32658
-0.88149
-1.83653
8.31417
-3.12882
8.80752
3.49885
-0.59534
-3.77024
-0.84643
-6.76659
8.11019
-0.16775
1.58705
5.15314
-2.65850
-5.22476
4.12864
-8.72608
0.22997
-1.28957
2.60513
-2.59421
2.75918
-2.99582
0.05078
1.00081
-6.19527
-0.09360
7.13476
1.76305
0.78152
-6.37257
-0.62149
-3.89417
-1.67584
-1.84391
4.93566
-2.66654
1.40406
-1.12317
0.94955
-1.72936
-0.92067
-2.44724
2.26241
3.79674
-2.46439
0.23775
3.57838
2.84466
-0.80472
4.88733
4.64109
2.78235
-5.66599
1.20502
-1.94535
2.94999
-2.02870
0.07316
-0.49421
-3.12833
-1.94470
-0.84548
1.56975
2.21398
0.67738
1.36575
2.79984
1.63994
2.17773
-3.67166
-4.29247
-2.39872
-1.66874
1.01756
6.42351
1.93476
-1.89244
1.70437
6.44661
5.82132
-1.33956
3.42654
-1.12851
1.50395
1.37383
-1.81177
7.92564
-3.40097
0.80018
7.71378
-3.76205
5.04186
2.10942
-2.53864
-1.81935
2.21981
-4.19548
-0.49976
-2.66777
2.15222
-3.47946
4.37063
1.40881
-1.23748
-2.91155
5.53688
-4.13777
0.32276
-6.20726
-2.35251
2.69916
1.36383
-0.31545
-0.95384
3.09946
-5.96156
-0.20017
-0.85967
-2.81926
-2.61933
2.24811
1.94568
-3.24200
-0.68731
-2.30192
5.67623
-3.55277
2.33899
-1.62276
0.26242
-2.62104
-0.11206
-6.89907
3.56555
2.47966
-0.14147
3.16200
-0.60196
-2.27397
0.59913
-0.22922
1.77922
1.42698
0.03509
1.08641
-0.98887
-3.53828
-0.00172
-1.27136
0.84341
6.72978
-0.11798
4.25046
1.82560
-1.13084
-0.31941
1.20843
-2.67647
2.45099
4.21909
3.57779
-2.15866
1.09415
1.04498
-2.27745
0.39607
-3.59639
1.69632
0.78535
0.56284
-2.85381
-2.58834
2.81161
3.10081
5.09389
6.54128
-0.11441
-4.70523
2.18560
-4.46108
-0.97720
1.43603
-6.04798
3.73323
-1.37108
-0.39242
-4.50372
-4.06630
-1.21956
3.70519
-7.36527
-1.64472
1.29955
2.35328
-0.15071
-0.78918
3.13877
5.10927
3.88630
-3.80632
0.10357
3.91765
-2.52724
0.51764
-1.18636
0.92662
-1.47782
-1.18961
-2.08729
8.08071
7.07837
5.93263
4.44293
-2.09218
1.56684
-0.82179
-0.47958
0.47401
3.13971
1.68039
1.67080
-2.22802
-0.44939
-0.12952
1.77217
3.78655
-1.16739
0.97990
-0.79043
-1.06750
1.82570
-2.88425
0.84408
1.05628
3.21764
1.93130
-1.44256
0.36666
4.82664
-0.13664
-4.62063
3.30974
-3.14225
-1.96337
2.11672
10.69975
-5.31565
-2.19089
-3.86497
-4.01751
1.60258
8.97022
-0.36463
3.66917
-1.85060
0.31519
-0.26251
0.82498
2.69531
3.34739
1.13408
0.07720
-1.55537
-2.78032
0.69006
-0.42417
2.26516
2.78387
0.83457
4.35851
-6.15872
-5.04211
-3.68363
-5.72955
1.91828
1.17901
3.02061
-4.75066
-3.50761
2.51800
1.79747
1.28861
2.30242
-1.85800
-3.90065
4.02045
1.50576
2.37999
-5.48084
-7.03797
0.12300
4.84636
-0.64526
0.09800
1.64330
2.58227
-3.64271
-2.19917
-5.49101
-1.93024
-0.45571
-2.61607
1.85383
-0.25467
-8.50234
0.36660
0.85851
-0.73020
-0.77465
3.64530
-3.87561
0.30443
2.47152
-1.25948
-6.97076
-1.95156
-0.00955
-0.10168
-0.29261
-0.85643
-7.22644
-3.81842
4.01224
2.61129
-2.82249
6.93628
6.24541
-0.24207
3.67712
2.70477
-2.89300
-4.36210
0.97365
3.07146
-2.08127
-4.87166
-2.51955
-1.00090
-2.16350
-3.39242
-2.92238
5.39566
-3.02613
-1.92716
3.16175
-0.62432
3.90191
2.98877
-3.97284
-1.86109
3.65534
-2.72769
-2.33063
3.30753
-0.91324
-0.53707
-3.04255
0.39737
4.04444
4.46410
-1.83562
1.34074
1.07314
0.21027
1.68585
0.40953
-0.08650
-3.17935
-3.03520
6.67203
1.67835
1.19289
-1.45447
-0.17296
-6.18120
-1.23768
0.55608
-2.53841
2.64190
-0.28961
-2.10556
-0.27896
1.05125
3.04753
2.61723
0.71652
3.79420
0.83880
1.28129
2.39689
-3.59291
-2.37370
-3.18310
-2.01195
0.63482
0.22181
-2.60370
2.18307
2.21192
-1.02594
2.18374
2.02014
1.55297
1.41287
3.32492
3.48691
-3.74347
-3.54618
0.50550
4.59256
-6.08289
2.86897
3.12908
0.47170
-0.24184
1.97644
-0.14745
-2.23206
0.86516
-3.52130
-4.20742
-0.05867
1.02506
-1.85116
5.46732
-3.44022
-4.14174
0.23660
-5.56858
5.13185
-0.66378
-4.80936
-1.12769
0.99976
-0.67043
-4.80919
1.22899
-1.92861
3.40010
1.63248
5.49295
5.00772
0.31711
-3.92296
0.13436
-2.47666
-3.62509
-0.81921
6.19471
3.37055
1.41861
0.83114
-7.03383
0.34903
2.14274
-4.53884
-7.52384
-6.03529
4.71622
0.28926
1.53078
2.65431
4.70908
0.17442
-0.29193
-3.02664
-0.07832
2.59378
-0.67835
-1.26400
0.62819
-1.75663
3.59004
-1.03890
-1.03456
5.00857
-5.51025
-2.12806
4.34375
-3.48262
2.29121
0.32018
-1.82100
1.40151
5.37252
2.78850
-1.56694
-0.29065
1.89841
5.13318
2.80323
-2.51109
0.23206
-10.58776
-1.01694
2.35986
-4.76869
0.95072
1.29437
-3.34433
-1.21467
-1.73641
4.82500
-1.57296
-1.62443
-0.47063
-2.61332
1.69651
1.02707
4.30175
0.85211
-1.41191
-4.38500
-0.68609
-3.29499
4.57472
2.76313
3.01539
-0.25251
-3.11112
1.09039
-1.71317
0.05320
-4.15100
1.92001
4.73056
4.23847
-4.30753
3.46002
-0.90933
-3.96778
0.37534
-1.06309
-2.51719
11.77971
1.31508
2.82621
0.07597
5.66291
-1.08645
4.19314
-2.02304
4.43172
-5.44604
-1.62440
6.50400
3.79091
-3.47647
-3.95895
2.16307
-0.13479
-1.62305
4.53594
2.81198
0.54083
-4.70756
-0.57025
-0.79722
-1.76033
0.03764
-4.35783
0.83100
-1.47985
-2.38564
-2.68740
7.55024
-0.06911
0.61873
-0.80802
-5.03249
-3.19016
-0.15777
1.93891
0.93347
-1.22706
5.26790
-3.06377
1.41050
-2.05515
-0.69602
-4.18553
-0.26330
-3.46957
5.22539
-1.85275
0.82154
-2.02164
-4.27253
-1.42022
1.43859
-1.66345
2.17751
-8.89121
3.59121
6.40357
-0.58827
-1.56736
-0.29280
7.57287
-1.17566
3.78202
2.04722
2.11864
-6.21700
5.46543
-3.84444
0.45351
-6.85082
-1.93887
3.17688
3.28392
-0.18812
-5.64573
7.95960
-1.06959
0.61863
0.09015
0.13907
-0.45524
-0.48590
0.73144
-4.41137
4.87376
-0.62736
2.00299
0.47639
-0.51160
0.37015
-1.58844
6.23470
6.94495
-4.24367
-1.14689
-4.09976
4.19909
1.49294
3.29536
-0.45118
-3.01611
0.16836
-3.51410
-0.81785
-2.47027
-3.88668
3.38020
-2.31064
3.40407
-8.76672
7.09994
-0.38334
-2.65763
-2.40121
1.27229
1.51837
-2.39851
0.17903
0.52429
3.51165
3.58838
-4.57521
-2.15852
-0.55699
0.48448
-0.54297
0.35861
3.17464
2.12777
-3.31515
3.54840
-0.73267
6.18785
-0.17008
3.27808
3.89785
2.33632
2.22601
1.73207
6.11942
-0.10720
3.45195
4.36196
-0.11543
1.03695
4.18811
-0.41134
4.40902
-2.31483
-5.98818
-2.60600
0.37879
1.63703
0.34509
-0.60689
0.24579
-2.85373
-0.52984
1.93364
0.39498
1.76703
-4.68975
-3.16070
4.32304
1.40244
0.20654
-3.08553
1.00656
5.02472
2.81615
-5.96882
4.22306
-0.79513
0.06674
-1.60183
-6.50501
2.70806
-1.39298
1.72533
-2.53456
-1.70415
2.89372
-8.20151
0.13438
2.49985
2.79341
3.43339
7.53852
-1.58004
5.02093
1.36667
-1.21308
-3.22328
3.02877
-2.76522
4.91664
-1.63695
-0.24118
-1.74543
1.37257
-4.25756
-3.62297
-9.94577
-1.35159
1.43134
0.43103
-2.11237
-8.37317
-1.01732
1.58676
-2.58850
6.50129
1.58449
2.56744
-3.71667
3.50730
0.44528
7.83606
-5.73219
2.42110
2.92619
0.31250
-1.15821
0.46182
1.88300
4.26480
-1.34246
1.04597
-3.95833
-3.74576
1.74765
-0.75903
-7.57446
0.34272
0.83198
-0.53925
7.01134
-1.26170
0.75992
2.93024
-1.28638
3.47244
1.56377
1.94513
5.61034
-2.78616
2.68281
-0.42545
-0.32135
1.05345
2.99102
0.19510
1.02808
2.02974
1.86644
-6.35596
4.29102
3.50287
0.52005
1.81356
-1.78688
-2.67704
8.16827
-2.93528
0.24465
-4.91371
-0.46925
-2.09613
1.91151
0.78538
-1.55580
-2.65098
0.20967
1.38857
-0.74821
-1.24908
2.73373
-2.34817
1.32446
-3.40944
-3.89903
1.48928
1.27366
6.57569
-0.32822
-2.96789
3.74274
3.41488
-5.42678
2.86091
-2.15893
0.06908
1.86745
-2.59622
-3.22347
9.04881
2.14147
-9.98612
-1.39638
-3.25440
-1.15951
0.45491
-2.33142
4.09428
0.27072
1.53376
-1.10561
-1.41639
-3.00526
0.10082
1.99300
3.05245
2.94820
-4.04793
-2.37478
1.04256
-0.97943
5.70216
-1.87338
1.08320
-1.56092
0.26010
-0.60709
-5.64143
9.30271
3.16339
2.05459
-4.48412
0.79988
-1.04695
-0.15826
-1.23537
1.31719
-3.45275
-0.76482
1.69246
-3.78302
-4.21535
-0.94651
4.89303
0.58956
-2.50987
-1.82659
3.14344
3.67182
0.12271
2.06582
3.00732
0.34155
6.83303
1.77092
3.45747
2.04685
3.95546
-0.95987
-5.07883
-2.71659
1.78658
3.33489
0.98311
4.67298
2.81709
-2.33128
1.34505
-3.91816
0.07395
-3.46878
-3.64984
-0.67704
5.55648
4.92064
-3.97794
4.32358
6.03804
2.22909
0.46769
-0.57395
3.89620
-1.96612
0.48728
1.18697
2.67751
-5.10890
-1.01388
4.75794
-3.34367
2.51245
-0.37451
0.57200
-7.21085
-3.07321
-0.10089
-2.78577
0.51014
-2.98525
3.28806
-4.80127
6.77682
-1.20156
2.52517
-2.69870
-6.09988
-2.55704
0.27284
0.33498
-4.95643
-0.47240
1.63411
3.31517
-3.82855
-3.56869
-0.91303
-0.35002
-0.24081
-5.88478
3.49866
-0.53751
-5.70654
-1.62974
2.15273
1.36293
-6.62204
-3.08516
-6.24563
-5.00091
-4.61397
2.97859
-2.21383
-6.14893
6.85616
4.83808
-0.99579
-0.72595
3.25425
1.14122
-1.56665
0.07254
-2.49466
-1.15274
0.02732
3.06491
3.26168
1.82126
-2.33792
1.57135
-0.85923
-1.44424
-3.22179
5.28781
0.88828
-1.46507
-3.38315
-2.92797
0.56901
3.27145
2.67742
2.52315
0.13368
-3.92154
3.52257
-4.07309
-1.50674
-1.92714
5.27090
-5.46464
-0.69433
-1.12451
-0.66966
2.94893
0.48740
1.28022
-1.15601
-0.34905
-2.69640
0.34051
-3.15632
-0.36893
-0.40185
3.36113
0.01705
-5.70131
0.86268
1.19050
-5.29968
-0.35789
0.25114
4.84227
-5.08320
1.61054
-3.37117
1.31778
0.93680
-4.58258
-2.36753
-2.71612
0.60273
-1.07845
-2.70471
3.37583
-3.09758
0.14791
-6.77566
5.64218
4.39108
3.43360
2.01642
2.43155
1.12322
3.32414
-1.99060
4.10009
0.87802
0.94554
1.16406
7.53847
2.50164
0.57313
-3.94262
-3.23311
6.91689
1.03612
-0.56411
-0.83120
1.89635
-5.82144
0.56900
-0.46144
3.00290
-2.36821
3.25899
1.92128
2.31507
3.57969
-3.77484
-5.72247
4.09721
-3.85708
-3.53505
-2.11742
0.56212
-5.05447
3.86756
-2.78200
2.84760
-2.76960
-4.08459
-9.52066
-6.46130
4.03459
5.92692
2.18151
1.08758
-3.80515
-2.69141
-4.51481
-8.92935
1.22002
-0.60857
-0.51600
-2.36208
2.13771
2.71828
0.71434
-1.05071
-3.93089
-5.52849
3.75400
0.52603
-1.80685
-3.46434
2.45544
3.81982
2.63095
1.02469
0.44043
-0.50896
-5.08990
1.96284
0.37562
2.16987
-1.12664
1.03311
-0.96345
2.26811
3.06791
0.98867
-0.55583
8.81251
7.25710
0.34842
-0.02489
-1.09856
-3.09634
-4.49396
0.00406
0.68006
-2.37554
-3.13364
-1.05118
-4.14192
0.79940
7.10019
1.51932
3.30050
4.96845
0.74700
-3.33769
-0.61065
2.89893
-0.86882
-6.65239
-5.11972
0.86331
-5.21576
-6.89760
1.67186
-4.00432
-3.97117
0.14065
-1.44944
-1.53692
-1.28780
2.41379
1.14143
-2.00833
-0.64942
-1.17276
0.62744
1.75403
0.13326
2.68187
-2.44544
-7.87087
3.39580
-1.71282
3.48502
-2.53203
-2.85286
0.97169
1.91168
-3.24895
-4.22793
3.42123
-3.13022
1.41644
2.97914
3.57595
-3.21885
4.78709
2.74816
-1.99331
2.89224
-1.65799
-4.20507
-5.70216
1.99184
-1.14154
6.87994
3.44484
-2.07569
-3.70683
-1.57286
0.56180
5.64694
0.67957
-0.52289
-2.60498
-0.52367
-6.00226
-0.81012
0.61432
-0.01092
1.20516
-3.29149
4.99724
1.43644
-4.98356
-1.98053
-0.34240
2.05191
3.96880
6.78603
-0.34583
-0.09952
-0.43747
2.57063
5.62428
0.86212
-4.76565
0.47221
3.92922
0.03936
0.08141
1.93268
-0.47393
-1.27788
4.65653
-0.22768
-0.28201
0.86005
3.04617
-2.05522
-0.54710
-6.91519
-1.95275
1.61481
-3.33791
-0.24491
-1.51962
1.97459
-1.64859
1.26812
4.38937
-7.55791
-1.31045
0.22342
-3.00975
-3.69137
0.13441
-4.22471
-0.42632
-4.83848
2.29623
3.16797
-5.74673
8.83254
-5.13888
0.14302
1.27556
1.03451
-1.30484
2.59070
0.55480
2.11888
1.69564
-2.57021
-2.84460
-1.07531
1.09585
-2.81641
2.97526
1.07399
-2.81592
0.94302
-0.50889
1.95186
-1.08213
-7.20730
2.02713
-1.31331
-2.55245
-0.98223
2.16374
-2.03254
4.64107
0.92621
-3.59641
-4.49140
0.22558
-5.86670
-0.91873
0.29684
-5.03277
5.49587
1.17828
-2.93372
7.58635
0.14048
-3.35235
-0.42178
0.72637
-1.67362
-2.13785
3.14238
-2.26646
4.48375
-0.63861
1.64733
-7.39069
-0.76701
-1.65962
-0.28295
-3.24715
-0.79680
-2.98788
3.66215
4.60896
-3.03963
2.11109
0.06692
-2.55877
-4.03454
-0.71842
-2.26098
-3.48676
1.59170
2.52572
-0.29083
2.18728
-2.67371
-1.96098
-2.42690
-5.44396
-2.41875
-2.21584
-2.86320
2.78453
-5.27125
-4.08796
-1.72328
3.81172
-2.15591
1.71621
3.85306
-0.93598
-0.13810
-2.28456
-0.52965
-0.52394
5.20076
0.33026
1.25332
1.41629
1.29333
2.39189
0.19175
-5.34817
1.84612
-3.80952
-0.18871
-1.99269
-2.25627
0.03490
4.46678
8.26828
1.71648
2.80304
2.76072
1.75403
-7.30615
1.67529
2.37737
-6.01476
3.62789
-0.56802
-1.25573
-4.25988
-0.81937
-1.61159
-1.94468
4.82263
-2.02831
0.74315
-0.47023
0.53456
0.09852
-4.17982
-6.39000
-2.57493
4.82880
0.29604
-1.27250
3.77540
-0.39663
-0.51162
-1.23096
-3.35826
-2.96594
0.51397
7.01262
-0.91481
1.20711
-5.65923
-1.14855
-6.29636
0.77562
-0.73295
-1.62696
0.02349
4.52382
7.49579
0.05937
1.12806
-7.06112
-3.14657
-2.56600
-7.37319
2.73012
-8.34066
1.36028
0.79602
-3.90554
-5.06519
-3.91752
-3.47043
-0.72441
1.26514
1.91443
2.43808
0.02667
-0.57243
-6.93707
0.01419
2.40479
4.72861
2.98683
-0.42254
-2.45059
-2.30203
7.20429
1.61616
-4.98983
-1.51400
2.78604
0.57072
0.77447
-0.14989
0.49493
-7.82899
-1.37230
0.06334
0.79954
-5.99823
2.29296
1.83652
-5.57712
-1.63474
-1.46689
8.26133
-6.79958
-0.72491
3.61369
8.04940
-4.79848
-11.84521
3.32042
-6.69565
-1.09626
0.52795
-7.85818
-0.05279
2.66264
2.76398
2.16475
-1.32185
-5.16981
-0.82903
-5.78196
-3.56330
5.63945
1.10615
-2.70250
-0.83645
-0.96002
0.03279
2.51595
-0.94754
0.62209
8.88671
-1.62145
3.11861
0.86070
2.52612
-0.75396
1.43160
-5.47477
1.43929
-3.45849
2.36031
3.37600
-6.09246
0.84330
-0.30372
2.92068
-0.97136
-0.37879
2.21325
-0.18456
0.16237
7.75113
0.27979
6.71085
4.80540
1.93210
-6.04097
-0.61876
1.55120
-1.50973
6.77885
0.88646
-2.29564
1.89589
2.11687
-3.51265
4.04885
1.52549
3.97348
4.17999
-0.90370
-2.97239
-5.06890
-0.67524
-9.03703
1.88468
-1.13894
-0.28489
0.09502
4.93093
1.64684
2.07377
-2.70736
-0.74486
-1.47561
-1.39589
-3.65003
1.17388
-3.41139
1.27596
6.18602
1.22227
-3.62467
0.57920
1.11040
-0.27471
2.83546
-0.56186
1.35646
-5.02996
0.58619
2.23338
-1.96690
4.06337
1.66588
-0.72663
2.96463
1.26494
1.11263
3.17893
1.14628
-1.48680
4.19127
-0.30660
1.35040
-2.39894
0.69046
-0.06748
-0.54762
-3.89516
-4.32377
-3.14258
-3.90704
0.58064
3.47313
-2.07199
4.55290
2.39007
-1.32599
-5.09259
-3.19054
1.40893
1.43280
-6.93775
3.08794
-3.89222
1.62090
1.26989
-2.81720
3.98694
2.33646
-2.11254
3.70229
3.06965
0.73883
-4.89097
4.07960
4.11956
2.05260
-5.72471
-3.31151
1.91984
4.66170
0.64233
4.31427
-2.03202
-2.54519
0.15093
-3.94855
-2.89159
-0.10280
-1.73315
-0.33217
-1.54018
1.24914
0.03974
-1.04477
-1.63710
3.29389
-3.29834
-2.87818
-1.81120
1.67063
6.90556
-1.71408
0.70443
-2.75138
-3.23474
2.13891
3.06346
1.84305
-0.24364
1.01563
0.40937
1.56023
2.62646
7.05383
2.66197
-3.76268
0.22262
1.17874
5.50698
2.05099
1.83509
1.78713
3.61131
1.73803
-5.31644
-3.41909
-0.93853
-3.30217
3.90502
-2.34729
-3.35699
-0.20642
2.14317
-0.53942
5.70306
9.31588
-2.36368
-1.83271
2.19668
-2.23045
4.56368
-1.34838
-3.54718
-0.68372
0.17529
0.28737
7.86821
-6.62419
0.40780
-5.16723
2.73784
-0.12044
3.81275
-6.78238
-3.16286
5.39782
-3.28677
-2.57580
3.02775
0.67629
-5.65225
5.69432
-1.91315
-3.19763
0.40685
-6.17641
-2.48099
1.24686
1.18051
-3.18128
3.15801
2.62019
2.13466
1.23268
2.22358
5.45433
0.93867
6.05144
-0.10086
2.06635
-1.64903
-2.50718
3.98645
-1.65263
1.70703
1.14037
-0.34965
1.42221
0.59973
0.49737
2.75949
-1.98174
-7.97626
1.74155
-1.67589
0.67622
-4.04992
-3.95580
5.83207
4.77460
-2.51144
1.36956
2.67973
3.48303
3.74154
1.20137
3.24586
0.16666
-2.90213
3.96715
2.49713
-5.82016
1.57084
-2.35286
3.06189
4.91135
1.04151
2.31219
-0.44395
-5.93945
0.82701
2.63477
-2.38632
-4.19064
1.30467
-4.80826
1.71597
-0.77177
2.78789
0.71347
-2.28603
3.69694
4.82823
-1.09609
-3.17492
-0.94338
0.92191
3.75265
5.12302
-3.20377
-2.64687
-1.65317
-3.14135
2.29675
0.99129
-3.59220
0.87543
2.22516
-0.67697
0.35706
3.40796
-0.96101
-0.08415
3.00147
-1.96780
2.42461
5.25933
-3.09391
2.96929
1.15975
0.57495
0.00432
2.50221
-3.60278
-1.92158
-6.03516
1.24166
-3.59177
-6.90673
-4.01598
-0.69329
-3.20687
3.69708
2.55670
0.26587
-2.19077
0.32411
3.47720
-0.10962
3.40017
2.87860
1.68026
4.24480
1.08194
-2.02944
-4.42936
-2.65678
2.67941
-0.71279
-3.53593
-0.87066
5.00594
-0.39220
-1.58167
-3.37055
-6.52512
-4.87904
1.95671
-0.09442
-0.03288
-5.04456
1.12085
6.17411
-2.87346
-0.67424
2.15929
1.96823
-2.63780
2.22399
5.45717
-7.76579
-6.69587
11.13206
-0.57724
2.14129
5.74101
3.33056
3.81083
-0.01969
4.09544
0.21419
-4.84776
2.18001
8.39458
0.92470
1.55066
1.64279
0.29739
-0.78405
-5.33125
2.40427
-3.34557
-0.29876
-1.84250
0.52104
-5.30406
4.23407
3.03903
2.21303
3.92357
-3.14592
-0.22601
2.36085
-5.56411
-0.14322
1.02164
4.28165
5.10419
-0.62113
-1.10833
0.49609
1.63842
-0.92145
-1.29144
2.87329
-7.76951
3.50962
-3.85139
2.28210
-5.14241
2.28830
1.55593
-1.17007
-3.66248
-4.66083
2.82464
-1.08431
-1.60204
0.23394
-3.89003
-2.09677
1.70458
-3.34666
2.64159
0.36078
7.27115
8.04623
4.83208
-0.92936
0.85555
1.88214
-0.18948
-3.40049
-7.57895
-0.41878
1.25995
-3.66214
-2.52269
-1.14957
1.01180
0.13859
1.12139
1.03524
-1.64261
0.17565
-2.76704
-1.49115
-0.65996
8.39656
-2.07046
0.61991
3.28441
4.89325
-4.06496
2.98924
6.07025
-1.68042
2.33826
0.70006
3.28394
0.56838
-2.90156
1.13953
1.37556
2.36988
-6.07703
-0.81624
-5.18923
3.93297
1.84464
4.53855
-3.70660
-1.53236
0.43274
-5.60282
1.97030
0.69804
-4.08174
-0.27881
0.86939
4.95600
-2.86322
-1.61130
3.51275
0.63987
3.69903
0.33550
0.56306
1.95110
2.39531
-0.33728
1.15911
-3.02362
-5.24755
-1.77920
-0.64545
4.76161
-0.28082
0.50609
0.83792
-1.49868
7.72142
0.21829
1.44677
4.38338
2.95644
1.91521
-0.54387
-0.03293
-1.50222
1.55591
-4.52594
-1.04173
-1.12476
-0.03317
9.22326
-2.97789
2.73036
1.26866
6.47790
2.90033
3.38061
5.20100
9.91735
-0.49890
1.88939
2.31792
1.00093
0.78291
-2.60388
3.24532
2.08975
-5.98671
-1.51561
1.58439
2.61171
-1.16587
1.41235
5.23997
4.98594
-2.60257
-3.60738
-0.52924
-1.69059
-4.27639
1.10995
-3.64733
3.77093
3.37420
0.35374
5.52248
3.78491
-0.51676
-5.21851
-0.91736
-3.53065
0.57320
4.74590
0.75641
-4.87619
-4.94427
1.83798
4.26840
1.06204
-6.51220
1.28955
2.48024
0.47425
-1.51822
-2.08014
-2.56629
-0.72560
3.02734
0.60534
1.36923
2.06326
3.49820
0.65624
-0.54806
1.58154
9.37092
-5.52544
0.14182
-1.61509
3.25532
-0.82595
3.79213
-2.52506
0.11675
1.69029
1.52137
6.41864
2.64914
-4.26812
-3.51310
-1.18750
5.12611
0.62622
-0.77768
2.17512
5.35199
-5.56956
2.52796
0.35676
8.21683
4.59356
2.73433
2.64181
1.67922
-3.89222
-5.20794
2.68262
-7.77778
-3.13377
4.30769
9.42134
-5.79700
5.04956
0.92047
-4.39066
2.47050
2.82336
0.15471
-3.94363
-0.15877
-1.76217
0.72970
1.48863
7.80028
0.82721
2.50411
-3.17808
2.44242
-5.27237
-2.05590
-1.17843
-6.51529
0.31224
1.93586
-9.35603
1.60674
-0.55893
2.37165
-2.73715
-10.22968
-2.08768
3.46854
7.59216
5.11683
5.32244
4.90824
-1.79919
2.90549
2.79100
6.46586
-0.02126
5.67208
-2.75345
0.99222
-2.22386
-0.45672
-0.24821
1.58162
-2.38347
3.80792
4.64069
-4.88403
-2.53318
-3.04279
-0.91350
1.44213
1.98542
4.70458
3.14928
6.12010
3.07150
2.05743
-0.08190
-1.94180
1.41716
2.96915
-2.40398
-0.15640
4.85563
-0.43635
1.96406
-3.17184
-1.99220
-0.35438
0.45164
3.21629
4.06030
0.95009
8.63219
1.92285
-2.65159
1.12706
0.96597
-1.11304
4.17136
2.34325
-4.97215
-0.59087
-0.30793
-2.96557
-2.83895
-1.86596
1.14875
2.27492
-4.00767
5.07266
0.54476
-0.62113
3.87149
6.67651
0.74392
-1.72404
-2.10633
-3.16741
0.83887
5.96426
5.81383
-2.22700
3.61724
0.23089
-0.14469
-0.02771
1.03618
2.48741
2.00181
-4.23129
-2.87414
0.74166
-0.15346
4.56134
4.12854
-1.89027
-1.97392
-1.98298
5.97279
1.06944
0.55452
6.20544
-0.72034
5.11424
-1.05201
-1.36234
2.48654
2.28453
1.23961
-1.41010
-2.69331
-1.12536
0.69384
4.95641
-5.67676
7.62709
-4.66524
2.95055
3.61489
2.90049
-4.47252
-1.06980
1.61657
0.15813
3.50967
4.45083
4.43777
0.25826
-0.97540
-1.23031
0.19333
0.96137
6.32945
3.70594
-0.65240
-2.07333
0.95062
3.51897
0.80770
-0.57599
6.18799
4.59315
0.34643
1.79152
-6.97777
4.99473
0.56387
-4.70010
6.03245
0.36531
2.32624
-4.36029
4.39073
-1.76902
-0.27861
5.13972
-2.76884
-3.71814
-2.28572
8.12238
-2.75987
-1.94008
6.43786
-1.05526
2.92295
4.68703
3.80089
-3.48764
0.13302
-0.06908
1.28550
8.40362
-2.13078
3.08835
6.02239
-2.56010
1.47190
4.67133
-1.09462
2.34149
0.31752
2.85207
3.81140
-2.40420
-1.72695
1.27671
-0.44601
1.26989
4.51390
-3.40133
0.13160
-0.02452
-2.02273
4.65280
-3.59569
-2.03626
-1.44306
2.95244
-3.52671
3.60323
3.56366
-0.67859
-5.71211
-1.56345
-2.68673
-1.49910
-2.46166
-1.01600
-3.40589
1.86673
-1.25281
-1.90718
-2.05213
2.44662
-4.21696
3.35631
3.12340
1.92155
1.29412
-5.85551
1.70615
1.00645
4.33529
-0.23318
-1.25971
-2.66413
-5.18086
-2.13225
-5.14086
-2.75633
0.06718
-5.35631
-0.08375
-3.22206
-1.71868
0.67625
-1.77009
-0.74548
0.89715
3.67985
-1.69710
0.37169
1.43161
0.05627
1.49771
-4.67909
-0.51111
0.48679
-0.41560
-0.37319
0.71575
-4.16959
-0.65152
-2.09312
1.97978
-5.30090
-1.31238
-0.08109
-2.10636
1.11548
-3.01651
-2.64108
1.58756
-1.69995
2.39575
3.18405
-0.21602
-6.10050
10.92745
-1.36504
0.56629
-2.87244
7.60473
-0.11064
-1.53225
2.40813
-3.10523
-3.04523
5.99469
5.11131
4.17076
-2.78852
-0.06269
7.82884
-0.26708
-0.99354
1.28916
4.85820
2.45396
-1.07263
-2.88403
-3.12139
-0.83641
0.29934
-1.38610
5.57426
1.48051
2.38879
-3.90112
-2.14482
2.20875
-1.37251
5.92164
9.23420
-1.07212
-0.65766
0.73901
-13.94655
-5.44831
3.40328
3.31910
-1.11030
1.30047
-1.12422
3.59596
3.07762
-3.67514
-0.58215
2.12322
-7.98156
-7.58028
1.41650
1.89591
-1.90837
-6.64812
-2.15367
0.55453
-1.92748
-3.94867
-6.90240
4.78506
1.79157
3.70479
-5.20713
-0.34157
0.98151
1.00777
2.83907
-0.14422
0.21066
-2.73915
-2.37610
-0.41011
4.26830
-1.35053
-1.93777
0.86300
-4.02018
4.03763
0.84204
-0.90146
-0.85384
-1.50685
-3.57765
-1.76123
0.21911
5.86963
0.81666
2.29604
-3.86156
-4.13079
-2.16258
-5.94992
-5.23838
0.35566
2.35338
-2.39222
4.21991
-1.89824
0.61124
-5.49416
-6.51756
-3.25567
4.40524
1.28083
2.38054
4.35404
-0.45783
-3.21228
-4.52702
-4.63006
-6.39723
-3.65336
3.70785
0.59716
-2.19265
0.03137
1.55411
-1.78481
2.21657
1.38427
1.68468
1.48582
0.34859
5.24542
-1.80814
-1.42653
-0.49052
3.52088
7.69842
1.62951
0.20957
-1.35469
2.98242
0.59820
0.53489
4.36049
-3.79777
3.38806
0.09511
5.34780
5.10714
2.64709
-0.83315
3.08325
3.34512
2.96764
0.40496
1.57567
-4.42449
-7.84910
-2.71124
0.51929
1.86605
0.47431
-1.69835
2.59596
-2.52743
4.17816
1.64569
-5.80867
-2.48277
4.63297
-0.52642
-5.29498
5.99447
-0.54277
-2.94283
2.67457
0.72455
-2.76954
2.58818
0.39121
-1.56779
1.16951
0.57468
-6.36785
-3.24082
-1.88184
-3.09336
2.76762
0.52021
-1.33792
1.78471
2.01964
7.04229
0.80066
6.25330
-3.40684
-0.24282
-3.02645
0.75698
-3.54329
-3.31400
-0.43807
2.29085
-5.43487
-0.17445
3.67972
1.05493
-3.78251
-3.72337
3.10115
-5.11625
2.87079
-0.46634
1.17749
4.61985
0.59057
-1.30417
0.41450
1.33957
1.45787
0.65120
3.00525
2.44077
-4.06676
-1.77131
0.89394
-2.90305
-0.78669
-2.07432
5.80491
1.69521
-1.85441
0.21329
-1.76293
-0.11576
3.19518
3.60743
-2.90926
0.49882
2.43447
-3.58069
4.51085
-3.22218
2.20849
0.78814
-1.17339
5.48937
-2.96468
-1.76540
0.43441
1.30608
0.52079
5.11684
-2.52950
3.88702
-1.60042
-0.66127
-4.42951
-0.27681
3.93794
-0.54524
-3.68359
-4.90513
1.51254
2.67348
-0.58528
8.44476
-5.50029
-0.25875
-1.53560
-2.74372
-4.38214
-2.24579
-3.57066
-5.02834
3.75886
-1.37096
1.92475
-2.36798
1.99703
-2.41221
-1.15516
-1.57970
-7.06633
3.67534
-2.24243
8.94701
5.36317
-2.19334
5.32568
4.91881
-3.47745
2.86909
-1.56639
0.02913
0.88855
0.19401
-4.95830
-1.51715
1.31369
0.79213
1.04152
-9.64728
0.96682
-1.46256
5.47601
-1.38530
-1.82045
-3.26488
3.99385
-0.73990
2.01752
-0.90511
-3.73041
4.15696
3.14957
-3.80729
4.34207
3.17657
-1.40525
-3.54706
8.95688
7.39029
1.43856
-1.96431
2.51583
-0.84776
0.01944
6.18828
-2.08384
-0.52787
-0.23244
-7.02405
-0.71958
3.62582
-2.44656
-1.61198
0.08589
-2.08608
3.35611
-3.57392
-0.30735
2.15392
-0.81330
-3.41210
-0.22773
-5.51379
4.08719
2.53798
3.85305
0.53757
-3.21482
6.77647
0.50272
5.43371
-1.50538
1.66960
10.80559
1.58057
1.60460
-5.73646
3.50087
0.11164
-1.41441
-0.75214
5.22595
2.88614
-2.02321
-2.80742
4.19123
1.91888
-5.39283
-3.09328
2.35994
6.21900
0.47424
-5.14986
-1.65771
-7.03369
-3.95871
4.66582
-4.70579
-6.28198
1.09773
-2.20547
0.17203
-2.65345
-2.34444
-0.65758
2.35764
2.13394
-1.08743
-7.91110
-0.28002
-4.96547
2.42624
-0.96994
-1.95202
2.49231
-0.24771
-3.89684
-1.45925
-0.12325
1.28386
-3.23052
-0.35436
1.43144
4.07614
-4.33379
3.68659
-2.21301
-5.32002
-2.47049
-0.00177
-1.92683
-7.08982
-8.12465
6.53536
-5.97172
-0.91549
-4.82196
-3.19315
3.85320
0.32221
0.44640
-0.87575
1.31842
5.17196
4.20906
2.40249
-0.65580
2.31342
-0.77040
-0.94510
0.16200
-6.41051
-1.57258
2.10267
-3.72013
2.38117
-2.01273
2.64849
0.13245
3.25964
-2.73228
-1.62142
1.05069
3.45267
-5.69289
-7.89805
0.72422
-1.11876
1.51145
-0.57148
0.75493
2.58025
-6.22607
-2.89933
2.46618
-0.36018
-0.88789
-3.12060
-5.99909
-0.36692
-1.64238
-3.60015
-0.40308
-4.39714
-0.38868
-0.49178
2.18690
-1.67609
5.36952
0.86232
5.39167
0.40684
-2.88529
0.80843
0.69453
-5.25896
1.30787
-5.98228
2.94290
1.87479
2.15487
-2.50187
-3.66349
-0.95014
7.47124
1.08733
0.56844
4.03703
0.07295
3.27966
1.12622
-1.92029
1.03925
-2.15539
-2.02123
4.54697
0.89602
-3.47045
-3.99753
-4.84904
-0.24917
-0.53448
-5.75996
-1.02937
-4.68844
2.18488
3.55939
1.14517
6.87766
-4.30613
0.28203
2.11095
1.78731
2.60839
5.70745
2.92936
-3.76671
5.04026
-2.07899
-3.43234
-2.66170
0.20505
-5.23435
1.26054
1.47107
3.96582
1.30021
0.76753
-4.01819
-1.80676
-0.70133
3.51653
-3.73831
-3.38635
-1.10769
4.52721
3.07302
0.09754
5.17682
4.37019
4.05953
-1.25401
4.63575
-1.00931
2.19143
0.65813
5.00059
-6.71996
-1.39223
-0.48669
0.06930
-3.25761
-7.00694
0.25966
-8.58596
4.07533
2.94780
-0.40312
1.24539
6.12917
4.47439
-2.17355
-0.91169
-1.39006
-1.69434
-2.82930
-0.80545
-1.00986
-2.28136
-5.74166
-4.17386
-0.01432
-4.68515
0.15987
-3.00751
-4.35637
1.09462
0.64414
-0.06081
-2.65336
0.81330
-0.72884
0.55320
0.42574
1.58419
-1.72512
1.68949
-0.17541
2.73622
-3.70628
3.53479
6.07501
0.77101
-4.84486
-1.42892
-0.75111
-0.10506
1.24244
-4.82041
-5.09875
0.21309
-2.81738
-4.18098
-1.98502
-3.53894
1.28254
-0.72770
1.84787
-5.46956
2.91733
-2.10089
5.65517
1.86791
-2.06617
-3.00025
-2.84825
-0.32274
-3.45818
3.09709
-6.44949
9.67008
-4.44111
-5.60836
-3.90729
4.66271
3.07460
0.34056
-4.85901
-9.14485
-2.10699
-4.02537
2.65738
-0.75892
-1.85292
7.92075
1.11707
-3.62433
-0.79358
0.84692
4.56461
-4.42373
-3.69488
1.13030
1.01346
-3.40556
1.37999
-5.35269
-0.91921
-3.00758
7.78157
-6.83532
-4.39811
-4.49714
-0.53543
-7.47076
-0.70330
-1.84699
3.67837
4.40106
0.71368
-3.66163
8.05392
4.21570
-6.59316
3.39320
-2.27567
7.80991
-1.90120
-0.77478
1.63298
0.00213
-2.91427
1.36784
1.25735
1.40304
4.44036
2.98937
1.35733
-6.32795
-4.25533
-0.17404
-4.26554
5.83709
-3.29319
4.33141
-2.23066
5.77085
3.77010
-0.50058
1.04893
3.03093
-0.27675
-1.89963
1.07142
-4.60563
-6.84670
-0.26779
-0.27077
2.56327
7.49393
-1.24970
0.40982
-3.79599
-0.67296
-0.59905
-4.62227
2.54725
0.94749
-0.46080
4.17511
5.30509
0.87589
1.15648
-1.22613
-6.02928
1.55891
-5.50626
-1.06913
0.26257
1.85383
-2.99584
-2.31450
-0.41825
-1.32266
3.43822
-0.41120
2.16298
6.76381
-4.37677
3.26024
0.53639
1.79109
-1.51965
3.61040
8.13533
-5.29934
-4.10371
5.22783
3.77645
1.10670
0.23654
-1.50343
-5.55093
-1.42773
-1.85761
-1.18862
1.63322
-1.28440
0.42004
-2.84757
4.26326
0.20494
-3.36489
-1.39136
2.40549
2.81450
-1.50707
0.80684
-0.28352
-0.40905
2.66226
-1.86332
-4.86265
-4.41874
-0.25183
-3.20449
-2.31472
4.47831
0.14123
-4.85974
-2.10718
-2.11143
1.27669
-4.08638
-2.23480
-0.85058
1.19971
-0.77454
0.18921
0.70700
-4.42355
-5.15499
-3.39224
0.35773
3.61091
4.59083
-4.82912
-0.82787
-1.39442
-6.22681
-6.91179
0.69676
2.64798
-1.53565
2.47850
0.01371
-1.30650
-2.75829
-3.35925
-3.90709
-0.40736
-3.21907
-2.29075
-1.77877
0.09382
0.43753
-0.26784
-1.83233
-2.21383
0.17145
2.48171
7.45777
0.57534
-0.64208
-2.42814
-0.25625
-1.20073
-1.36042
-1.85372
3.02415
-0.47661
3.04651
2.87493
-3.30895
1.45631
-2.41592
1.45791
1.29515
2.48006
0.52942
-0.72721
-2.85055
0.68134
4.68948
-1.35026
-0.48633
-3.39057
-5.63747
-0.77199
-1.89249
-2.75271
-3.06880
2.00652
1.78147
-2.90691
1.31638
-1.35830
2.49233
-2.68139
-1.15952
-4.46791
4.39700
-0.99683
-1.21562
-3.81700
-0.28465
0.28047
3.42665
1.55827
-3.79152
-1.71567
5.15259
-3.60136
7.78495
1.10065
1.44686
-0.56569
2.75548
-2.28007
-0.92495
0.14456
1.60933
-3.00191
5.90225
3.42631
5.18037
2.73180
-4.49797
-2.68220
-0.38242
1.40863
-2.80184
1.79340
1.00111
-3.55010
1.88922
-0.48428
0.31770
4.90161
-0.21119
4.29248
0.47448
-4.21341
5.22481
3.27561
-3.13670
-2.24104
5.23148
-1.76750
-2.31971
-1.14648
2.39127
1.88474
3.21179
-2.83938
4.25782
3.83178
0.18016
-2.99759
0.39869
-5.26325
1.13834
-2.17226
-5.79664
5.79835
1.74602
0.87489
3.26724
6.29971
5.39354
-0.76925
1.53559
6.90080
-1.49679
-2.55627
3.82715
1.69655
3.51584
2.89102
-4.35844
-1.20643
1.86092
3.43697
-2.83070
1.36583
-0.34208
-2.65422
-4.90775
2.45720
-0.67809
0.69542
-0.92179
1.58304
-1.32478
-4.45961
-1.30026
1.63392
-0.12598
-0.22246
3.21740
1.12244
0.22093
-5.91073
4.80773
-0.19267
-2.30673
-2.55107
1.53730
3.49173
-2.14444
-0.36676
-3.38280
-4.15875
-9.81632
-1.43704
-1.30318
-4.84911
3.40462
-0.24105
1.53625
0.13925
0.86650
3.75493
-0.90565
-0.57101
-0.80653
-4.47238
0.80717
-3.38468
0.65338
-4.30498
0.20535
-3.33242
0.97611
1.78134
1.64735
3.17953
-0.84434
4.36509
1.82580
-6.85152
2.37484
6.86967
2.27777
3.61742
4.42765
-3.04372
-6.79354
-2.71595
1.06063
-1.76614
-1.23180
-4.71460
3.31489
1.63984
-1.70353
3.42862
-3.08524
-1.39153
3.01317
1.79265
-0.43068
1.38344
-1.50228
-1.52810
2.38464
0.55941
-2.85492
0.11344
-0.37319
0.80385
1.60975
-2.83873
5.07710
-1.66522
0.02888
-3.07336
-2.48659
-1.84647
0.83581
-5.80070
0.00887
-1.20353
1.86231
3.04301
-0.61333
-6.71052
3.48937
3.74995
0.74663
-2.21125
2.17570
3.78904
0.79492
5.55627
0.71586
-2.69271
4.89743
-2.75456
-0.60248
-1.72916
-4.04270
3.44813
-0.74864
-5.06512
-1.84085
-0.10981
7.51401
-0.49087
1.76284
-1.98743
0.34940
1.23459
2.47227
-4.34842
-0.75280
-2.20000
0.31415
-3.11611
2.26130
-0.90233
0.04264
0.20103
-0.56264
5.14885
-2.94464
1.80150
-2.05820
-1.95903
1.24803
0.80138
4.16895
3.88083
-0.61117
1.78066
3.23482
-4.44660
5.69965
-2.08035
-2.73377
-0.79570
-1.38927
-3.27467
-2.59340
-6.57498
-0.00546
2.41571
2.05938
-0.83469
1.12884
-2.73812
-2.67868
1.10265
-1.56091
12.83735
-2.07078
-0.19521
2.06775
3.35140
-2.16501
4.61797
3.73568
1.21049
2.27696
-1.50838
-5.08209
0.98277
2.69363
-0.43941
-5.86660
-0.59819
-2.51639
-0.30314
-4.54243
9.83608
-0.86825
1.85804
-1.83942
2.78865
0.88500
-1.60825
0.33550
-6.05552
-1.96482
2.32459
-5.41443
3.54928
7.06965
-3.49003
1.14616
-3.76504
-1.86183
3.81671
-1.86893
0.57948
1.58174
5.94500
-1.14110
-6.41773
0.62449
-3.92788
-1.05452
-1.20013
-0.11210
-1.86769
-0.40417
4.92220
0.17303
-1.02029
2.46643
-1.05836
2.26359
-3.66749
1.50680
-3.96591
0.40294
-4.90357
-5.04605
-6.11070
-3.79203
0.69767
-0.41956
2.96551
-2.50590
1.76330
-3.61771
-2.12232
0.67510
-3.79491
-2.00994
-4.17370
3.52335
2.54182
-4.76473
1.50112
-1.60464
6.26924
5.54458
4.03143
-3.80356
-2.99831
1.76005
0.54110
3.55390
-3.40683
3.81414
0.87565
-2.49862
-4.83090
-3.34222
2.48225
2.21084
-0.45245
5.63883
-0.27729
4.26898
-3.06419
-2.30534
-0.41894
5.18229
1.53263
-1.77910
6.35135
-1.83291
-1.08139
2.12588
-2.59706
-2.01396
1.54486
7.90802
4.84578
-6.29399
0.36397
-2.23121
-3.36592
1.64087
-2.02276
0.78216
0.43407
-1.67087
-5.35957
-1.15056
0.74252
-1.10921
-3.78931
-0.44461
0.38466
-2.00988
-3.36845
0.68010
-0.22251
-1.13439
1.44772
-0.19396
-1.84223
-3.82377
-2.60891
1.66519
-0.45170
-1.08716
-0.84244
2.51464
-10.09100
1.10339
-0.19731
-1.26868
-4.13726
-3.90719
-2.77875
10.14353
1.18274
-0.32913
6.03340
3.52281
-4.41990
0.13594
2.49617
0.56193
1.53005
-6.43059
-0.64078
1.71929
0.50278
-1.01762
7.94846
-8.90470
1.39876
-5.13312
-0.73419
2.97552
-2.30792
0.23754
1.65558
-4.54036
4.14506
-3.91074
0.56910
-0.77000
-2.47080
0.80731
2.23283
3.22297
-4.31420
-3.99904
-1.24294
1.69568
-2.56877
-1.56490
0.64268
2.67407
2.36094
-6.85432
-0.48708
8.73864
4.38651
0.62470
-0.03758
2.80649
-11.56100
2.19439
0.24803
0.72355
-2.75974
2.10410
-6.12159
0.89099
1.05953
-2.77288
-5.05016
-3.59486
1.93561
2.44542
3.88069
-2.21233
-0.98867
-0.16730
1.60239
-3.14132
0.14004
-0.00707
-0.37479
0.76317
-3.60542
-0.41068
0.38460
-0.50656
1.87206
4.88618
-0.70492
1.65630
1.49124
0.43346
0.09747
2.71058
1.22911
-3.33064
-4.12666
-3.98339
-1.83817
3.71206
-4.51419
2.78556
-4.34141
5.34994
10.67838
-1.38700
-2.32645
1.26686
-2.44850
2.39755
0.12915
-1.09947
3.90608
-1.96609
5.57063
-1.03073
-4.68042
-6.80621
-3.49348
-4.72586
1.19487
-0.88693
-1.33013
5.22548
-2.45441
-1.09845
1.58553
4.07891
-4.17372
4.12339
-2.02607
-1.00612
2.80057
-3.31315
-0.65664
5.47827
4.54641
-2.95093
-3.34534
0.13330
-2.18921
-0.27437
-0.96084
-0.07147
2.27931
1.35337
5.06193
-0.93380
1.26401
-1.82421
0.49537
-4.92832
1.82458
-7.11218
-0.69195
-0.43284
-2.37845
-4.45888
-2.68878
-7.32703
-1.24575
-2.23400
-5.51934
0.86671
-4.17432
-5.95343
-4.46949
1.40655
-2.60148
-0.77468
0.57854
1.05623
-2.29037
-1.16686
-3.97118
-4.73547
-0.33076
-0.86166
-4.17930
1.89082
0.45686
-1.20721
3.31952
-0.56820
-0.93611
-6.25206
-0.48505
2.76357
0.97840
1.68157
-2.08575
-1.00318
3.90453
1.44692
5.65394
5.27534
3.84311
-6.90729
-1.04031
-4.14474
-2.75217
-0.55034
1.12575
0.03550
-6.26540
3.21420
-3.01251
5.99795
-1.37276
-6.87367
-5.16239
-1.20909
1.27430
1.34334
2.27583
1.98675
0.79616
-2.61430
0.20630
0.59907
4.12624
3.89774
-1.13270
0.72952
0.32399
-6.88548
-3.87000
7.40923
-0.99222
-3.40423
1.27388
0.70395
0.78488
0.50507
1.82202
-0.21962
-0.72743
-1.56545
1.67445
-3.04633
1.84448
6.62535
0.63675
0.96580
-1.85160
0.05771
-4.53222
4.75792
0.99244
-1.21278
0.52131
0.38818
-1.50183
1.48328
-2.18048
-1.36736
-0.58403
-1.80526
-3.78473
2.92677
0.06754
-2.06460
0.10488
1.16071
-1.41477
-2.45761
3.60033
0.51506
-2.56007
-2.11431
-5.16678
-1.08087
-2.29223
-5.45566
-6.02218
-3.95915
0.07383
-0.03421
-5.31205
-2.45019
-0.63855
0.99876
-3.39120
-0.63100
-0.92198
3.83828
-2.45862
-1.32576
3.17635
4.09251
0.95629
3.39650
-3.05361
-0.49780
-1.44574
0.64771
-2.61523
4.37366
1.06449
4.49121
2.40064
-1.97184
-2.69382
3.84543
2.75805
2.81169
-1.92056
-1.13616
4.28378
-5.77986
0.06642
-1.86846
0.18714
-0.97703
3.97541
-1.06090
-0.21589
0.90917
1.98840
-6.01690
-6.06286
-0.25624
-0.75850
-7.17258
-2.27221
7.41996
0.12067
1.68814
1.94363
5.08114
1.56121
1.56926
-0.19067
-1.75587
-0.51972
4.03040
2.61159
-2.68424
-1.84746
3.53434
1.34643
2.78342
-2.99793
-2.62839
-2.44044
-4.69598
1.93576
-4.23979
3.56081
0.63079
0.59932
1.38230
-9.29400
-1.82656
3.06178
-3.21205
2.20160
-0.26434
-0.17664
-3.64524
6.85035
-4.59449
-2.28205
-2.50036
-1.45270
-7.12289
3.37377
-0.20215
-0.68176
2.41791
2.33486
-0.27930
3.89888
2.01447
3.45073
-1.57656
-1.01785
3.25826
4.59665
-3.13274
3.68722
-5.79264
-3.20788
-0.31604
-1.93641
-4.54404
-2.49608
2.00181
-0.90129
-3.02095
-2.11248
6.87754
1.60150
-5.78566
8.54246
2.88801
-0.06864
1.94074
-1.19460
-1.07600
-0.59683
3.90961
0.16937
-1.67296
-0.21336
2.97487
-1.61361
-2.21712
-0.69686
-0.76072
-4.87047
-7.21961
5.79206
-4.22274
-0.54618
-4.64711
-2.19938
0.59665
-1.21533
5.16713
0.92627
-3.68957
4.34146
-0.16091
0.67171
-2.68341
3.34683
-2.40103
-0.51176
-1.31796
4.36179
4.52660
-5.81516
0.15816
-0.38007
1.50719
-2.37895
-3.32311
-4.52995
0.91531
-0.84136
0.12921
-2.69757
-3.12680
-0.52608
1.63682
-7.45480
3.56893
-1.74080
-1.69648
0.24484
4.05151
-1.31824
1.05699
-5.26490
-5.62861
1.16961
-3.96525
-0.50266
-0.19378
-5.82131
-0.94191
-2.24113
-5.50259
-2.75165
-1.53623
-5.09257
-4.36386
0.78874
5.59286
3.49740
0.43890
-0.88693
-2.06770
-0.72402
-3.31830
-1.10950
-2.99364
-0.17730
0.40282
-3.93706
-0.56384
2.42483
4.60896
5.68514
2.08199
-3.16123
2.36131
-2.59428
-6.09474
-2.66733
-0.72349
-1.47721
-5.05191
2.36478
1.95170
1.09301
-4.30663
-1.28193
3.09155
0.82035
-0.90357
-0.38521
-1.32153
3.58268
0.43626
1.03592
0.34020
0.35456
-3.48949
6.86078
1.65294
3.03662
-0.64357
-5.82613
2.62322
-0.09197
-4.38750
6.27635
-0.47218
-3.23378
4.86408
1.20958
0.79916
-0.35847
-0.64254
-2.41571
-8.80664
6.18425
1.94256
7.21804
4.69295
-2.73154
5.77771
-2.36981
3.82386
-0.13221
-2.05863
0.18028
-2.86890
-1.96889
-2.19416
-5.26088
-0.08956
-0.80356
-0.63465
7.15955
4.21816
-0.88001
1.43670
-2.33519
2.75158
0.16881
2.04236
-0.37488
-4.28365
1.48210
-5.37429
0.73495
-1.38873
-1.53648
3.81601
-1.28023
3.65965
1.53455
-1.21933
-3.35862
2.68573
2.68983
-2.10048
7.67457
2.98574
3.30106
-4.94450
4.27877
3.83833
1.43959
-5.81011
-0.27657
5.62372
-5.83735
-3.58542
1.71798
-0.54563
-4.38241
0.76261
1.75266
-1.94306
5.89821
1.79342
-4.54803
-1.98440
4.60023
2.01313
0.91160
1.17925
-6.79829
0.92125
-2.40429
-4.63130
-0.08039
1.70696
-1.02656
4.26040
-7.00139
2.49056
7.78904
-2.06015
0.03400
1.49368
1.34413
3.59906
-0.15043
-4.06385
2.47525
-0.90836
0.40217
0.83603
-0.76939
1.11810
4.35304
-1.69469
-2.79153
-3.09262
-4.17647
-6.11849
-0.84826
3.19172
-3.09904
-3.18422
0.41690
-2.77650
-6.93355
2.11214
-0.06068
-1.48196
-0.49180
1.74731
8.32158
-0.15855
-0.69751
-1.13412
-4.41756
-2.61759
-2.66162
-5.97799
5.18094
1.04677
-4.14975
1.84083
-2.73477
1.36250
-0.62836
1.76091
-5.19497
2.65581
-3.18687
2.88527
2.49036
-3.68430
-1.48166
-6.57900
3.79168
-1.20716
2.53636
-1.44248
-1.26366
-0.97377
-5.33029
-1.88152
-1.69395
-2.45980
-1.05042
1.17605
-0.22654
-2.64159
3.40575
1.76652
-0.22520
0.45255
-7.79208
-0.36430
-1.20034
4.63412
3.07426
3.21250
-4.31330
-1.62729
2.12937
1.02723
-3.98618
4.04904
-5.52764
-0.32278
1.97534
-2.95819
-0.04773
1.39445
2.96881
0.20899
-0.31707
-2.72197
0.07830
3.15045
-0.95811
-0.11646
3.50260
5.42899
3.30773
1.55586
2.63463
-0.50376
2.86994
5.34384
3.35952
2.59465
-4.19861
2.87051
-1.24879
-2.11468
0.32091
1.06301
-5.03805
-2.74206
-4.98306
0.01732
0.04467
-2.33814
3.88236
-0.05784
5.54621
1.74852
0.06796
-2.76629
-4.41353
-2.37454
-0.14175
-1.94269
2.98442
-2.56414
2.26495
3.25073
-5.62792
-3.92708
0.09224
-2.53300
-2.42074
2.81007
0.43365
-5.37284
-1.33520
-2.09857
4.11395
-1.21513
-5.09231
-8.25278
-0.70833
0.44534
4.20213
5.03193
4.09905
-4.34945
3.72775
-0.84027
2.57586
-5.91567
0.04603
-7.16081
-0.53188
-3.27484
1.20006
1.51808
-3.95078
-3.34211
-0.36800
-1.81975
3.88747
-2.62281
-0.58386
-3.43894
-2.83110
-5.78131
-1.78817
2.19410
-2.29478
1.91193
-6.40736
0.74256
-2.74805
-7.17865
6.30947
-0.12328
-2.94228
2.01480
-2.87820
-4.31566
-1.05325
2.10264
-1.33242
2.13633
1.24835
0.07046
-1.31091
-8.27415
5.30309
-1.03744
1.19211
-3.07002
2.12923
0.83501
-6.97015
1.58834
2.36617
-0.11228
-0.63968
-3.55909
-3.30133
3.51251
1.16900
-4.19409
-0.27170
-1.12513
-3.37877
0.34106
-2.64173
-0.39802
3.22677
-0.14295
-3.20982
2.49402
1.38820
-2.39816
-3.05881
-1.81864
2.95122
4.17206
0.86561
0.72670
2.49343
6.07649
5.72908
-2.52147
2.29075
3.07033
-5.39118
0.81786
-2.12227
1.40243
-2.75126
0.15710
3.71595
0.16197
4.69451
-7.51955
-0.51852
5.53114
2.44669
-0.08569
-0.20288
3.59141
4.08102
-0.65288
2.99858
1.08093
-3.93032
-4.23273
1.51669
1.80000
1.54353
-4.97141
-7.01370
6.73820
0.75422
-2.35566
-2.19646
-4.39144
2.13947
-1.32148
0.54854
-0.76442
-4.21667
-0.11539
1.08728
-5.06780
-1.49018
1.03488
2.27764
-3.85679
-9.60421
9.47058
6.25935
1.70503
-2.48500
-3.12926
9.11406
-1.46463
0.15616
4.05277
-2.22088
-0.80617
-1.73775
-5.31675
2.15390
-2.86725
5.61254
3.98695
-6.21255
3.83543
-0.29191
7.40551
6.42750
-3.22985
2.30945
-4.32406
1.23447
-0.34170
-3.15886
0.85656
-3.31312
-3.07619
2.63244
-2.46075
-3.60484
1.19985
-0.10618
-3.36759
4.81558
0.08836
4.32880
-0.23533
-5.71454
4.87187
0.98609
-6.17642
-6.19586
-1.29178
-0.14550
1.24023
-0.54653
-1.35578
4.65859
-2.33062
3.24409
-4.57810
0.20459
-5.21393
4.37863
6.95586
-1.45741
-3.97864
1.47370
-2.88796
3.04491
0.88819
-1.23952
-2.55739
3.22210
4.86765
8.43591
1.45543
0.08270
5.47209
0.16860
2.07219
2.62998
5.69575
3.15465
2.76141
-2.18449
4.71205
-6.96690
-2.13071
0.51532
1.03408
-1.37815
-1.24437
3.24435
0.64235
3.74164
-1.35783
-0.03308
-4.25403
-6.29621
0.33020
3.35436
-5.22678
-0.45605
0.16686
2.35477
-3.49535
-0.08318
-1.12620
-0.71337
-3.34405
-1.53526
2.12580
2.74011
0.07314
-0.77373
-0.24690
2.81128
0.57443
-6.13534
-0.16209
-1.76078
-0.20689
-0.80382
-1.35605
-5.02128
2.49337
-5.17657
0.17879
-0.24288
4.61813
0.37261
1.97929
-2.05255
5.36492
2.55517
-5.54280
-8.51296
-0.37150
3.13612
-2.88165
4.60416
-1.02007
-2.31278
0.45393
-5.42176
-8.44609
5.27925
-4.25443
-0.43942
-3.50431
-1.73529
-0.81735
2.39576
3.02278
-0.29967
1.43620
-1.25268
-0.34194
2.14631
2.14523
-0.50398
3.83406
5.04275
3.48756
-6.90419
-9.12881
-3.57083
-0.36055
-3.60719
3.92589
0.75809
-2.39242
0.85817
1.70828
-0.39699
-2.52164
-1.46781
1.27844
2.80193
-4.18121
4.42693
-0.65495
-3.25041
1.21121
3.22090
1.13571
0.56475
-0.15983
-1.07512
-0.27453
5.56966
-0.92873
-2.38309
4.15222
1.43227
1.32632
-1.75530
-2.37933
4.91355
1.55994
-0.65465
-3.35058
-1.07130
-1.68477
3.00257
-0.93849
3.79525
-0.13526
4.88090
-3.35498
5.08119
-0.08501
-2.09690
-2.90673
3.90616
-2.23722
1.40688
4.03605
-3.31062
-0.90391
-2.77384
-8.15391
3.11442
-2.62970
0.41907
-6.43410
0.35194
0.47518
-1.98463
1.63392
-1.90342
4.79003
1.26238
2.70909
-5.93289
-1.89141
-0.66857
-2.22859
-3.44105
-4.33393
0.72686
-0.56415
2.45143
2.95938
-2.82616
-1.52449
-4.86548
-1.55810
-1.77853
4.07123
-1.34916
-1.57708
10.57206
4.43849
0.69607
0.72496
4.03311
-5.01767
0.81401
2.34199
-4.13556
-2.63853
2.92057
-2.71081
-4.70997
2.21501
3.84138
-0.70819
-1.66605
-0.42553
-3.15633
-0.57480
-3.81941
-2.65929
-1.52356
3.67336
5.11906
-1.48562
8.99929
0.72867
-4.72425
-3.61949
2.35410
-1.13403
-1.57624
4.77631
1.27454
-1.46469
4.63004
-4.22293
0.02413
3.57102
-1.70446
0.12327
-4.25188
-3.69326
0.28668
4.22696
-1.68175
4.38021
1.29689
-1.44796
3.22106
-0.59290
1.57771
-0.74141
4.62594
-2.49393
0.68808
-2.99201
0.53880
0.15485
-0.08777
-1.70476
-0.99283
0.21631
1.34090
-3.04038
-2.41032
4.40633
0.81520
0.12879
1.40468
2.57976
-1.77612
-3.73408
-3.38602
1.65677
6.42447
4.32049
-0.52635
4.36701
-0.84075
1.05819
1.47509
-1.75795
-5.11171
-0.35277
-0.58080
2.91614
-0.58854
-3.97263
-1.23300
-2.62309
-4.53146
1.35553
3.95637
4.57930
-2.45122
-1.19658
1.52630
0.91332
6.47390
3.99270
-3.57392
-0.39874
-4.39759
1.07385
-5.11384
4.64296
-5.33808
1.37947
-3.71229
6.40449
-3.06389
-5.99100
6.61797
-4.19708
-3.99810
-2.43146
-3.24656
0.50835
5.46035
0.21271
0.95851
2.33573
-5.28414
3.00036
-1.84642
0.90054
1.17312
3.53458
-5.13723
-1.19253
-2.57862
10.42023
-0.60888
-3.81207
2.85261
-1.88081
0.05638
3.02674
-0.57791
-3.01588
1.41156
-4.91634
-1.43040
-0.92954
-4.28176
0.54695
-2.56269
-7.08060
-0.02071
-4.99981
4.38917
5.04646
-1.39031
2.74368
2.80273
-6.70300
2.75049
1.97040
-5.20341
1.76693
1.90903
-2.93077
-0.61022
2.31158
3.45279
3.83552
1.40714
-4.81142
-2.20408
2.34051
-3.90586
5.43012
1.37290
-1.21076
2.39380
2.84037
0.84085
1.24530
5.33116
-1.46782
1.30265
0.28984
3.55525
3.10262
-1.60260
3.65498
1.49536
-0.88876
-4.52277
2.84182
-2.59483
-2.93328
0.44500
3.44548
1.40638
1.40492
4.03649
-2.64735
3.27511
1.98593
0.84545
-5.00138
0.04888
0.59249
-3.57216
2.44285
0.11780
-3.17811
8.24251
-4.03855
1.45856
-6.43198
-2.13375
1.72007
-1.11763
-0.39987
-0.57274
2.07583
-3.04340
7.59311
3.20435
-2.29419
4.03773
-2.56854
-1.60128
7.68183
8.55309
-2.18082
-3.24160
-2.67157
2.77423
4.75582
-0.85885
0.59278
0.06175
-0.92773
5.44527
1.01836
-2.61379
2.89447
-2.46128
-5.52023
5.93058
4.57753
0.83189
-6.09819
1.64183
2.54083
0.94703
0.29397
0.09851
-0.44780
-1.99780
-1.97946
-0.65622
0.92563
4.27814
-4.68134
1.72051
5.01249
-5.23003
-0.62244
0.69864
0.56744
3.94012
-3.34590
-0.56935
-1.33192
-5.54396
-0.11242
2.56092
-4.53117
-1.24934
1.29181
-2.36051
0.53097
-0.84770
-5.59615
-4.83161
1.48404
0.02831
7.01414
-3.75040
-4.38794
-4.83691
-1.72238
2.06545
0.95875
-3.51898
-1.00683
11.18084
-5.24052
4.23662
0.20727
-3.52488
5.26075
0.88020
0.99102
-0.12471
0.84541
1.31042
-1.67436
-2.67773
2.76278
1.20448
2.03598
-0.87296
-0.19551
4.23319
-2.72472
1.63200
1.02965
-2.49819
-2.45045
-1.59097
0.95571
-2.58130
4.75942
4.86720
-0.97648
1.14530
-3.76522
0.92864
-3.31027
0.27301
3.75097
1.12606
-0.12134
3.21108
-1.30792
-3.75011
-0.82499
0.97805
-0.05048
-0.47720
0.14729
-1.08446
-1.90575
-5.74188
-6.61493
-0.74826
-1.32503
-3.80163
-3.09421
1.43245
-6.06477
-0.60583
1.65193
0.87036
1.96985
-0.14891
-0.65755
-1.57058
-3.30817
6.66732
-0.70781
1.37481
1.78568
1.48926
-0.13316
4.15791
-8.05766
-2.68444
0.36866
0.84005
-1.23502
1.09424
1.05292
6.60875
-6.53226
-2.41147
-0.81035
1.63663
-1.54471
-2.07798
6.21776
-5.81870
3.40454
1.06637
-3.06512
-2.46401
5.45708
2.96766
3.00795
-1.03913
5.98225
-0.33815
-0.58044
-2.26828
2.02302
0.95415
-1.62458
0.01328
0.07114
0.52603
1.80798
-2.88217
0.20668
4.46702
1.51523
-6.72070
-4.64961
-7.08188
-7.58835
2.85579
-2.45643
-4.96039
1.97657
-1.76911
-0.54881
1.89088
-2.09524
-1.07552
-5.91632
-2.18263
2.11085
-2.92845
-1.11710
-6.15406
-1.92953
-3.12328
3.79390
3.01743
-3.16669
1.15621
7.40934
3.38260
3.12727
-4.81589
-1.34303
-3.66398
-2.08555
2.44415
-5.14169
-0.71707
0.48890
-5.79186
0.60331
-4.30221
1.26061
1.89234
-0.66579
1.67414
3.35698
-3.76313
-0.94873
0.27433
-1.83607
-0.34961
1.23884
-0.34211
-1.08054
-1.48656
-0.15774
-4.84029
-3.34696
4.08278
4.73589
-2.69896
-3.62809
-4.03650
-0.06991
2.62355
1.50701
-1.13588
-7.01440
-8.52605
-0.82466
-0.88690
4.88257
-2.72040
1.48839
3.96051
-2.19914
-2.61710
2.66218
0.35362
4.66401
1.13251
1.22394
-0.25730
2.58874
2.08669
-4.25193
6.62172
3.34385
-1.42802
3.63385
6.30003
-2.16443
-0.86006
1.82260
2.48351
0.87142
-3.55011
2.49876
-2.98874
0.64592
3.43858
-1.68595
4.49284
6.37767
3.78432
8.07764
-9.01555
-4.92411
3.05375
0.56772
-0.20521
-0.94252
-4.98731
2.00292
0.07469
-6.87461
1.69671
-1.46996
-1.31350
-0.16998
-3.75797
5.36325
4.25907
2.04467
5.13917
1.39149
-2.15473
-3.11727
1.95497
-3.98865
-2.23228
-5.53531
0.17619
6.51608
2.47417
0.74028
4.15229
3.06603
6.19018
-1.85121
0.26258
1.71403
0.07468
-9.31886
-1.82967
-3.39861
-7.15908
2.69310
7.29383
-1.06920
2.88611
4.25999
1.25180
-5.38944
2.90402
0.58121
-4.13013
1.39026
3.07556
3.51075
-1.53736
0.13319
1.39708
-0.51918
3.08918
10.02320
-4.30774
-3.58123
3.15132
-0.46436
-3.60264
-5.03138
-1.58362
1.10906
-2.57673
-6.17452
-3.15777
-0.35412
2.46437
1.99556
3.98815
1.21312
-4.30391
2.63730
-1.34591
0.74092
-2.15017
-3.63938
2.11788
-3.28332
-3.46034
2.93570
3.73009
2.19051
-2.27158
-0.47668
-0.82756
2.22581
2.62712
0.43318
-5.01558
-1.16555
-0.31663
0.72329
-0.69164
-0.62219
-0.85731
1.42700
-4.07517
1.10948
-2.22407
0.75397
0.30205
-2.47003
-1.10360
5.67820
1.07469
-0.63335
1.21579
2.23559
5.96091
-0.29538
-3.60950
2.89611
-2.58571
-0.24384
1.59318
-3.57704
2.73120
0.24919
-0.74168
-3.64736
1.90876
-0.83521
1.95115
-3.79818
3.78920
1.04773
3.06333
4.29807
-1.78333
-8.79411
-2.61859
1.09385
-0.33274
7.27378
-0.62081
-2.79272
2.83919
6.31082
1.11395
4.24483
-0.03400
5.43391
0.83782
-1.09500
-0.72882
-0.38906
0.90224
-0.86438
-4.24971
2.15671
-0.13227
-3.36760
-1.17215
0.58474
-3.25569
4.60210
4.66787
1.88563
1.90516
-0.99821
3.94580
-0.33079
6.22000
-0.30682
3.79636
-1.16498
0.63080
-1.83851
-0.62005
-3.80735
-1.82492
2.60055
4.42528
7.05982
-0.79246
-2.61595
-0.14086
1.94169
-0.85219
5.08248
-3.13281
-0.45879
-0.38251
1.83624
-3.00010
0.80106
5.21433
1.20521
-6.00691
3.85690
-4.64337
-0.35104
-8.59606
2.06491
-1.17232
4.91402
0.56072
0.37527
-3.07953
3.34971
1.19938
2.28536
-2.04146
-1.18469
0.56742
-4.98016
-0.10290
-0.11026
-2.05501
-2.79468
-4.72270
-2.68675
-2.09931
2.39630
-3.64346
2.72253
2.08402
-1.39057
-2.47479
6.46001
0.84942
-5.15552
-1.90528
5.50527
-2.33185
-6.25795
1.21068
0.40921
-3.41943
-0.35587
-1.37094
0.54982
-1.15751
1.97540
1.00519
-1.21807
-8.19605
-2.17617
2.37706
-3.54901
2.35598
0.48444
-0.28517
-0.93723
2.17344
-4.07064
-1.77163
-5.13835
-3.77229
-0.72854
2.15580
5.81136
-4.71293
-0.09635
-5.73998
-0.67053
3.06706
2.49809
4.94572
-2.20852
7.28387
1.57696
3.02299
-0.81136
0.60071
-2.88822
4.33555
-3.79389
2.93050
-1.72880
0.40205
0.21506
-0.83355
0.77597
4.00114
4.92392
2.33726
-0.62587
-3.56139
-4.60729
-0.71007
-1.36213
-2.40993
-2.41284
-3.68244
1.46266
2.57289
1.58946
-2.75062
-0.17946
1.71473
-2.29326
-3.72427
-0.04556
-0.29521
0.60559
-3.97299
2.65047
-6.25825
-3.50054
-4.91851
-0.82670
1.33479
-0.42770
-1.60067
-2.55386
1.76872
0.05311
-1.08162
-2.92895
-3.50012
-7.16775
-1.77259
2.67787
3.90605
1.71879
-2.28214
0.57333
-3.82334
-4.87972
0.41026
0.97856
2.77370
-2.81613
-7.97132
2.60854
-4.15988
-2.09662
-1.75335
-8.45552
0.50532
-3.99146
2.68377
1.46806
3.88776
1.12820
3.27309
3.39209
-1.68971
-0.32097
0.76211
-5.45690
5.05729
4.60567
-3.56339
2.99778
1.06484
3.78793
-0.43334
0.53199
1.36827
0.65830
-0.06724
-0.27056
-1.22646
-0.74533
-4.42846
-1.46917
0.18377
4.01545
0.24751
2.38810
-1.89991
3.67531
-2.10191
-0.22514
-0.13703
4.46553
2.94110
0.62478
-0.58585
0.07797
2.92078
1.11785
-2.05655
-3.37314
-6.13372
-0.66036
-0.49437
-0.08002
-2.05809
-3.68451
4.79660
-5.13710
0.61164
-1.60326
-0.41788
1.47083
-5.90103
0.95647
-2.05759
-1.32237
-3.62445
-3.40026
0.05490
0.92935
-5.01454
-4.75842
-0.76610
1.84847
0.72745
1.14950
-3.11101
-6.87117
-2.36181
-0.97569
1.30994
0.21364
-3.83144
-1.23415
2.06374
-2.15770
0.86327
-2.08484
3.40576
-1.51534
-1.67125
-5.07546
-0.55488
-1.14742
-7.07039
2.50139
-4.13387
0.45381
2.02857
0.28653
-1.62342
-3.70875
2.23814
1.61431
-0.17709
-1.11488
-4.19108
1.10225
1.48731
-0.30806
-0.86459
-1.13603
-0.02619
1.90264
-3.26206
1.11955
-7.50745
0.20158
-4.53598
2.19638
5.03126
2.31928
0.60283
-0.81572
-6.80998
-2.56454
0.91095
-5.96140
-0.89683
1.47801
-0.56754
-1.24404
-2.07802
2.00531
-1.92370
-0.57023
6.22721
-4.47892
3.98517
-4.17010
-4.06514
5.35243
-0.87264
-3.85220
7.06080
4.67710
0.31829
-2.96288
2.28485
-6.28027
-0.74198
3.40513
0.86764
-2.75273
-0.02782
-0.39590
2.88902
-0.49765
0.96168
4.45942
2.94964
-2.99504
0.23391
2.13644
-1.57021
-0.67960
3.59356
-0.40775
-2.05024
2.43432
7.08494
1.44611
5.07234
8.09097
0.57087
1.00192
2.16651
1.25980
-2.17161
-1.55552
0.34005
-5.11850
5.80582
1.60815
0.54598
1.16052
-0.57264
-1.33561
3.40284
0.40358
-1.81095
-1.26126
2.70540
-0.54868
1.80341
-3.49512
-1.91900
-0.69369
-4.93221
0.63065
1.88959
1.10545
1.45071
1.07324
-2.73315
0.82487
-3.55041
-1.39964
4.76538
0.11909
1.90555
3.16053
5.00219
3.05205
1.61853
0.22030
3.77238
-2.33603
-4.87340
-0.94482
-0.14457
-1.76675
-1.46713
0.01281
-7.59955
-1.15197
-1.04868
-3.62501
0.93397
-0.90106
0.16645
-1.87693
-3.15739
-2.13197
-2.47077
0.11197
-1.58682
2.38448
2.56266
-0.77793
-1.22970
-1.43774
-2.52569
-0.57327
2.17906
4.06593
-6.37399
0.72356
0.25906
2.81399
0.78967
4.67758
-3.36013
-4.30695
-1.68540
-3.28318
-1.10764
-2.79077
-1.90122
-2.75112
-1.95653
0.36901
2.49232
4.34567
5.61399
4.51197
3.58933
-0.10818
-0.81130
5.88464
3.31629
1.03373
-2.39934
-0.20901
-1.62895
-4.82503
-4.15049
-2.64739
3.69265
-0.45524
-0.06521
-1.44026
1.67625
-8.00456
2.64361
-0.07981
-1.78162
-1.05908
1.90888
-0.56948
-1.40741
-1.64156
2.30350
-1.09734
2.50080
-2.66945
3.01790
1.50156
3.67935
1.40935
-5.08044
6.38765
0.11139
-2.37498
1.25262
-1.31964
-7.12848
-2.69667
1.11622
1.35502
1.27737
0.94067
2.54027
-0.73585
4.48434
0.72425
-1.38066
0.95368
-0.52073
-2.25349
-2.87902
1.68700
4.12691
-3.26532
3.74627
2.00043
1.55376
6.16285
0.01030
2.19891
-0.53014
3.37489
-6.99643
-5.47977
2.63096
1.80601
-0.92389
-4.60642
-4.59847
-1.34920
0.15803
1.05844
-2.39398
3.02039
1.38524
-2.75629
-1.19926
0.69785
-3.44544
1.78557
-2.73387
