4.86296
0.94466
0.99881
-4.93150
3.27812
0.17922
-6.20398
-9.76919
-1.55683
0.04135
4.09106
-1.42295
-0.57250
6.33452
-1.04394
0.36966
-0.59414
9.96349
-1.76667
-6.59553
-1.72114
-6.05457
0.46049
-0.67661
6.23903
0.62281
-7.62692
2.08970
-4.12775
-1.01602
1.45643
-0.70554
-5.00729
2.83298
3.45313
5.76717
-4.92292
0.25348
-2.81036
-11.05285
2.22164
10.11978
0.66745
0.89340
-1.29437
1.87522
3.76587
3.86118
-6.75546
2.61755
2.11310
6.91169
-3.78959
-0.01165
-1.90214
2.42105
-5.73858
-0.94852
-1.51681
-11.35217
-1.76845
2.81328
-3.60183
-2.87296
-1.99985
2.05649
2.07774
1.40009
-6.99547
0.19670
-6.13033
11.67430
0.30236
0.34832
-8.24242
-2.94795
-2.50045
-0.81708
-0.21816
1.02052
1.20054
3.93835
-5.18546
-1.21736
1.27706
-6.07570
-6.68243
6.49528
-2.37416
-4.17804
-1.25873
-0.99406
-6.84704
-0.32504
7.82810
-1.95800
-8.45978
1.94100
-4.30231
-7.02562
6.73704
-1.77493
6.06710
5.00681
-2.07606
-2.14831
-0.01505
-6.11709
-3.00869
3.78828
1.13705
-7.67638
-0.81087
-8.33235
-2.61760
2.50165
-0.29409
-2.15962
-7.47377
-1.63931
0.14286
-0.06339
-2.99828
8.05257
1.25581
3.12150
2.60211
0.27552
-2.57072
-1.30634
-0.52507
-2.38189
2.42346
-1.91716
-2.40820
3.44393
-0.57008
-3.69720
-1.59136
-0.30224
-3.27761
0.60219
4.05652
5.16623
-3.13807
-0.98180
-0.72820
-3.02149
3.40715
-7.02304
1.30673
6.55120
6.80542
1.03158
5.53290
0.06353
-2.52620
-5.22777
-1.68166
-0.78391
-2.24665
-0.49392
-3.85700
-2.89715
-3.17695
0.43344
7.24623
-10.37374
-3.93250
2.90846
-5.06869
4.05881
5.22905
0.12803
0.02667
-4.02382
1.50335
4.20085
7.01259
5.88277
-2.67269
-1.75741
1.38604
-5.03041
8.24748
5.66965
-7.53202
-0.47271
-0.68008
0.61568
5.25115
-4.21749
5.05602
1.69066
-2.09836
-1.85133
-10.02571
-2.01426
0.76226
-7.43361
0.85667
0.73302
2.14399
-1.85826
-4.16310
-2.75904
-2.77499
-1.29487
8.38518
-4.21065
-3.15832
-7.36047
4.93285
0.56908
3.52574
-11.22999
3.69777
-3.30233
-1.71924
-3.19283
5.85450
2.04084
-0.38794
5.68646
4.61753
2.47628
-3.02672
-1.63159
9.13574
0.64800
4.26971
-5.93190
2.73801
-3.66301
3.27141
6.22678
-1.73550
5.74892
5.45702
0.41282
-6.79400
-2.41177
2.65234
6.13666
1.79423
-0.55839
-4.19094
0.46473
6.17916
-2.39401
-0.97330
-9.03806
-3.63886
-2.06900
1.08471
-0.23845
8.33211
3.60309
-1.78765
0.27769
2.61770
-1.21690
0.02090
-3.61519
-2.26033
-3.49991
-8.45139
-4.26640
-2.09332
-6.09279
0.47069
-0.28532
-3.58951
-4.39422
-3.13401
4.54264
0.75995
-0.54278
-0.79007
5.80439
-7.79831
-3.09047
-1.93147
1.63515
0.34443
0.67879
1.07551
-2.27740
6.20752
-3.91935
1.01454
-1.97887
-0.55165
-0.01642
-2.73060
4.49012
-1.54700
-3.42951
0.34172
-2.67397
0.25535
3.21307
-7.45327
-6.09270
6.50574
-3.68998
-1.82526
0.37502
0.90581
-4.85051
3.57204
4.67050
-3.67622
-1.78950
1.39891
-0.45882
-0.32473
-2.18751
-6.19742
-0.06179
-0.38581
-3.23261
-5.38974
1.54186
4.27354
-3.11278
-2.05667
-1.86075
6.65950
2.15723
-6.66768
0.89759
3.02424
-1.40694
-1.85769
-0.18696
-0.56941
1.29355
-2.15592
-2.39038
-3.12897
4.78741
7.59305
-0.60436
-8.11550
-3.22639
1.35267
-1.32844
-1.53251
2.65001
-2.61262
-1.15953
1.73830
-0.54614
-3.18482
4.83091
9.39694
1.53616
-3.63953
-1.86012
-3.36112
-1.04136
-0.81094
13.70794
2.23811
-7.48259
-5.24298
3.09169
4.28745
1.56920
-6.15140
-2.63261
-4.86843
2.13401
-2.52661
-0.54212
1.21350
-3.41401
2.24241
5.93364
-4.49475
-1.32113
-2.18361
3.59064
-1.16203
6.55383
1.33108
8.09271
-4.30937
3.75862
-5.71319
-3.62425
1.33099
0.94703
-4.10293
-4.66573
-2.73648
-5.34452
2.85618
0.22056
3.17746
-4.02261
-5.36261
1.84354
5.95911
5.85378
5.70701
5.60930
1.69315
6.20642
-5.10673
1.50673
2.10816
-1.94615
2.82118
-2.04840
0.55943
-3.96462
-4.59316
0.56988
4.51619
-1.11655
1.12034
9.64588
-1.99935
1.68684
-0.82254
3.88437
-1.95850
-6.55833
-2.56792
6.20751
-2.91957
-2.38785
-2.56472
6.22027
-1.70861
-3.72831
1.41725
0.96942
2.44096
-5.29285
1.77360
-7.12593
3.06493
1.90779
-0.94036
4.37630
-3.22550
-7.56651
3.77027
1.09206
-4.42006
-3.66643
3.00135
-3.38430
-0.62854
-1.86289
-0.90132
0.75142
2.27648
0.87125
0.39533
-3.35182
-5.38820
-0.67727
3.56652
-5.65346
5.94016
1.17623
7.96052
-1.02754
-2.23930
1.14659
2.29023
-1.33281
-0.32096
6.20352
-5.44387
9.17122
5.11291
-0.60525
4.54536
-2.03462
0.11719
-1.35169
6.20593
-1.57712
-1.41831
-5.82852
2.04255
-0.70992
-2.23212
2.09280
-0.44954
-3.54058
3.18283
5.55806
0.39507
5.96877
1.24936
-1.65914
1.65480
1.04206
8.04218
-3.36755
6.28686
-1.26402
-1.34073
-11.29516
-0.89898
-4.11310
-2.13989
-3.14829
-1.08235
0.34936
2.14068
6.03487
-0.98918
0.40501
0.90738
-0.68331
0.75561
-3.33590
3.16791
-5.23652
4.65937
-3.61769
-1.41958
-7.32170
-2.14812
-5.14472
-5.78093
1.70455
4.70358
7.76165
-6.23483
2.92601
3.96604
-1.55795
-1.57130
-1.51370
-2.18435
7.86173
-3.97574
7.12758
-1.86866
1.25307
-3.13926
-1.35235
3.43565
-2.52263
-2.53956
0.75612
-3.08624
-1.01880
3.59390
2.48183
4.58319
-0.80089
1.13234
-2.11949
-1.71027
6.18937
2.53905
6.41442
-1.22147
-6.91525
4.94387
1.09275
2.21948
0.89617
-2.96307
-0.90002
0.60884
2.00388
-5.38619
1.19307
-2.29458
1.27080
-2.62492
5.55736
5.22872
-2.57286
5.64723
-1.76425
10.88807
-2.32967
2.40842
-6.16745
-3.01130
-2.80725
4.86568
-2.72740
4.26178
0.67111
8.34532
5.84559
-0.21859
-0.93443
2.22522
-1.92470
6.52979
-6.97374
2.80597
-2.69124
-1.84410
3.56152
-2.18624
1.80280
0.05230
1.80435
-4.25062
4.48483
-2.46031
0.22758
4.45551
-6.68996
2.13164
2.26643
-7.99614
0.55920
6.97204
-3.49555
-0.68064
-3.00752
-1.05478
3.41964
0.27072
2.69760
-1.84190
3.28986
-5.47876
3.37299
-1.03703
-3.55000
-0.49999
0.73541
-4.23620
0.43805
0.51481
1.98593
-1.88858
1.22050
-3.40451
0.90463
-3.32423
-0.34948
0.47997
-1.96643
-1.73689
-5.40524
2.82225
0.13688
-2.39781
6.94485
-1.37895
-4.09754
-0.86913
1.05346
6.28818
0.55957
7.13270
-3.96166
-2.97955
6.28323
-0.80293
-4.74899
-1.45591
0.57516
0.88723
0.88359
-7.59344
-4.14634
1.48804
2.37504
-2.52172
3.38593
0.53855
-4.56561
1.21745
-4.04725
3.22149
0.00507
2.83734
0.87404
-1.36219
5.57228
-0.29321
4.10119
2.14383
6.72690
1.43720
2.81536
1.54049
-0.86882
1.45414
5.01620
2.22226
8.94395
0.80157
5.19402
-0.18455
2.14858
-0.50642
-0.88246
1.96667
-1.54161
-2.30798
1.12220
7.87628
0.49115
-1.69878
2.06391
-2.56139
-0.07223
3.93293
-3.00412
-12.35518
-6.76580
1.65580
6.32431
-3.92698
-5.73462
-2.90153
4.58944
3.27044
2.71880
4.23010
-1.19380
-3.17305
-6.78101
-3.96188
9.79740
-2.59796
-2.14004
-1.95253
5.38478
5.87167
1.32729
-3.77568
-3.41592
-4.67008
0.13322
-0.07569
-4.87397
5.95992
0.85275
1.89300
-2.40784
11.81304
3.93643
6.87454
8.56488
1.23223
6.98289
1.65905
-4.55423
1.28101
0.48865
-0.80147
-0.58711
-0.18751
7.50057
4.82070
3.37307
1.39221
-1.44386
-7.35920
3.97465
-5.17092
1.08267
-3.83885
1.06764
1.05175
1.54102
-5.80224
-6.24125
-1.24790
1.60390
1.55501
-1.40084
-0.24398
3.45422
2.68384
-0.43088
6.14505
-1.93518
-1.85193
3.89826
-1.55445
-2.57771
2.52258
-4.20310
5.91756
-7.93532
0.93096
4.29241
6.41999
-2.09659
-0.49871
2.26716
-2.88392
5.00236
-1.72776
7.61778
-1.48610
-1.62279
-2.82630
0.87303
-7.68860
1.67479
-6.12738
5.30680
-1.04346
5.65405
-6.61294
-4.56798
6.22811
-2.33934
3.75889
0.34787
0.11511
4.41983
3.99387
5.57220
-4.94056
-0.30649
-5.10802
4.38695
1.06163
-2.77777
-3.77428
-0.47463
1.19563
-0.09420
0.64847
1.39847
4.27258
-0.39916
3.20336
2.94991
1.57556
-7.33924
-4.16534
-2.80174
3.92757
-0.34510
2.16126
-0.45572
-3.42875
0.44981
4.86562
2.44860
0.37313
-4.98997
5.27838
6.98431
-1.30671
-0.46799
-0.36756
-2.34050
1.73782
4.20351
5.54830
-4.63234
-0.01060
-4.59307
0.47551
-1.91522
-7.03023
-6.14390
2.35525
-0.97628
2.64173
2.44508
-2.32853
-7.83072
3.51772
-7.40139
1.74595
2.58837
-4.74611
-4.93106
8.47637
0.70609
-4.22800
4.15295
1.35347
1.53378
-2.43131
-2.90349
-3.72021
-0.40398
0.70037
-0.54982
-1.48452
2.22868
5.41344
-9.72431
-2.57799
-11.12529
0.88612
3.20017
3.79690
4.30860
0.79168
2.05435
0.03258
-6.89853
3.99233
5.97710
-0.31646
2.09375
-2.03836
-2.61697
2.31232
-3.77381
1.27381
-3.53067
-5.31996
1.30727
0.62202
3.21483
-0.82530
1.56847
-4.71791
2.78778
9.59958
-0.47150
1.48262
-0.79843
-2.97021
2.55463
1.77713
-0.70712
-4.99712
1.93919
-1.16157
-1.70459
1.78834
3.04507
-3.54470
6.85178
-1.83334
1.86242
-1.12143
0.67891
-2.69508
2.96973
0.63129
2.02994
-1.08754
1.73000
5.29112
-5.70307
1.21704
-0.99281
-0.00245
1.44321
-3.16091
-3.13956
-0.47832
-0.25162
4.08654
-3.51775
-3.15180
3.43980
-0.86924
-3.75457
0.78587
-1.07622
5.01027
-2.24863
1.47839
0.35934
-6.27654
6.84123
1.65900
0.04241
0.54271
1.57053
4.35399
-1.53037
-4.99009
3.53791
-1.18514
-2.80712
6.76083
8.78351
2.55046
1.87269
-5.30095
3.44736
-3.87646
1.11873
0.24271
-1.57533
1.10242
-0.36764
0.11446
-7.10441
1.55650
1.84890
-3.24557
7.33579
5.47093
-3.67623
-6.85190
-4.98453
-1.60731
-8.70761
-3.98112
-3.41048
-10.51023
5.96431
-5.64082
0.11540
5.51904
-6.39993
4.72794
-1.80085
4.66780
5.76253
1.34214
-0.98517
1.56112
1.63857
7.16096
-5.06273
2.36977
2.93513
-1.43438
-2.08633
-4.20334
2.23103
3.09757
7.51373
-2.77417
-2.69127
0.96915
-7.09987
9.50921
-3.33391
1.95793
1.82688
2.71823
-5.53862
-2.21842
-0.99331
-3.05777
0.69943
1.09583
-8.71333
1.52317
6.48847
5.59403
3.17619
0.08318
-6.35154
-3.06963
2.98478
4.03127
0.30605
3.14671
5.78848
-3.38091
-2.58004
-1.24681
-4.47532
-1.67680
-2.42471
-7.58194
4.33825
4.85772
-2.06785
0.88616
1.81308
0.13982
-2.03887
-2.23857
6.16410
0.73700
3.52684
-1.86287
-7.70959
1.54226
-1.91264
-0.32392
-1.75660
5.14466
-1.10327
-1.97414
-3.04771
-4.93031
-5.53257
2.14062
2.98271
-1.38054
3.32537
-0.13570
0.44071
1.82881
1.88420
-4.25653
-1.37681
3.93467
-3.90284
-2.27708
-6.75575
3.99323
-0.72821
3.69220
-2.55659
-3.94828
-1.62042
-5.53317
-0.19998
-3.72693
3.60869
2.64898
2.49104
-4.23357
3.14719
-4.58342
2.56963
5.29210
6.65957
1.37961
2.71347
2.40900
-0.56288
-0.51605
1.92959
3.86307
-11.20627
-3.72244
3.75360
-4.68144
9.77194
-0.19258
-3.39696
-3.17508
3.32757
0.86089
0.00531
-3.97554
1.67858
9.11528
0.67896
4.75604
-3.82551
2.87224
3.48890
-1.85667
-2.35747
-1.60305
-6.36202
3.31919
-2.99659
2.60723
0.75898
-6.05183
-2.32725
1.78106
-0.37901
0.26713
3.51805
-4.66568
6.70534
-5.57878
4.41441
0.02222
3.56030
-10.55410
-2.29104
5.45071
2.38381
-4.48415
3.14542
-4.27108
2.80699
-3.65161
-2.62326
5.16421
-1.45847
3.55059
4.33146
1.85703
1.66676
1.70498
-1.71573
-3.08601
-4.92976
-0.02799
8.74475
-0.50685
12.48825
2.21490
0.04428
-3.75684
0.47384
-3.42456
-7.69864
-2.97386
8.51156
6.42892
-1.64792
-4.80223
6.01635
0.83091
0.09017
5.14430
1.57521
-4.59027
-4.74054
1.23283
-4.32039
-8.72723
0.90923
2.35446
-2.73521
0.66674
-10.03138
2.24938
-4.76710
-3.80677
-0.28201
-1.60116
-5.20848
0.35526
-3.77893
-3.15404
-1.08795
2.20411
-1.38887
-4.36159
0.52152
-1.00506
-2.80447
-2.07770
1.79530
5.26194
2.95528
-2.02353
-8.42450
0.52389
10.12604
2.61920
1.56821
0.99608
3.57289
2.26876
2.67806
-3.18107
0.43080
1.62073
-1.54935
-0.30210
-5.04766
-4.92556
-1.88415
3.11907
-6.03314
-3.02923
7.59297
-3.96824
-1.72580
1.07749
-1.69286
4.87735
2.30565
-0.55184
-0.58138
0.31832
-2.87346
-7.88589
-2.88505
4.17963
5.19490
3.73837
2.58059
-0.30587
-1.06851
0.16824
4.39158
-0.20976
-3.44037
-0.61576
7.60910
-0.68625
-1.30660
6.87444
3.14271
5.73058
-1.78564
-5.30454
1.04538
0.16097
1.64493
-3.29207
4.87166
-1.52422
6.21324
8.63075
-0.53645
-4.22433
-10.31627
0.93813
8.21135
-1.08290
-10.56013
-1.63338
-4.89461
2.54087
-2.55039
10.13382
-3.69376
5.66243
-3.42409
-1.57636
-1.43431
3.52869
-4.20759
0.62788
-4.65245
-9.07319
-4.51780
5.11532
2.11477
-3.21981
4.86216
3.91465
6.09612
1.85237
1.20617
-2.98545
3.04332
-6.42667
-8.99854
2.76578
-4.46429
-2.49194
-1.41789
0.33783
1.94276
1.03790
-2.57655
-0.09362
2.35964
0.73959
-3.66190
-7.18987
-2.09443
-1.82980
-7.65752
-2.93383
1.67102
-2.17982
0.09904
-8.69263
0.18558
-6.00264
-5.85403
-3.24733
-0.09207
4.13769
-2.09335
5.15374
3.73800
-3.19382
-4.04816
4.29878
3.79518
2.70549
-3.62843
2.51264
3.95673
-4.64556
0.59745
-1.66414
3.78750
-3.89227
7.97977
-0.02007
0.14283
-3.78374
5.25889
-0.97514
-1.82458
1.23441
4.55122
1.37893
-7.55445
-0.42758
-5.58229
-3.88552
-2.25614
-0.52337
0.16125
-2.71311
6.58421
-4.65911
2.22251
2.22727
0.03003
0.55263
7.51690
2.17376
-7.57185
-0.18008
-1.95881
1.02556
-0.92057
-4.86283
-2.05231
3.56004
4.73474
-4.15381
-2.85284
-2.20511
4.04946
4.78825
5.88827
4.59603
2.20745
-2.61021
3.05024
-7.22203
-9.97656
1.86486
4.27257
-1.04627
-4.30891
-2.28067
0.94012
4.92531
1.28163
4.37801
3.65678
-6.82882
-3.11432
-5.06829
3.16364
7.70251
-1.16032
-1.37860
5.15581
0.52872
-0.13169
-3.48509
-1.57065
4.00595
1.76997
3.40863
-4.33802
-1.99918
1.08045
-2.01535
0.48814
3.70376
1.94476
3.23748
-1.87223
-1.07307
-3.86436
7.76412
-4.88976
-4.46446
0.53700
-1.62946
-4.07464
-5.89115
3.49318
-2.71565
1.62570
-4.25901
5.36437
8.98740
3.06104
-0.82983
1.18045
4.47455
1.47557
6.10115
0.27514
1.17323
2.59607
0.27959
-0.10304
-9.86449
1.97920
-2.32269
-5.58749
-11.05643
0.75549
-2.49017
-1.90004
1.42281
4.91509
-0.31172
-3.40226
6.90254
-0.30254
-1.58276
2.35981
-0.97190
-0.07737
-1.58155
2.03347
3.17084
0.85864
-6.09489
7.85638
2.69018
-3.12340
5.37336
4.05470
-6.88448
-5.88813
-9.17018
-0.09324
7.60178
3.26415
-0.22192
7.48425
-4.95564
0.01789
2.52767
6.96811
-0.78380
-5.60123
-6.14256
0.36755
3.29762
-6.02593
-10.59989
-1.73295
-5.81457
-2.26030
-4.58314
3.60139
3.24253
2.51484
-2.79536
-2.05645
0.64043
-1.19015
7.02640
2.11720
-0.84046
-1.81955
0.89872
2.13369
1.36572
-5.27405
-5.60243
8.87817
-0.34143
-5.67252
-1.49334
-2.69472
-5.74405
3.59828
2.88455
-2.71164
4.43281
-0.06710
-6.86777
2.80612
-3.18975
-4.08344
0.87929
3.36546
-3.17794
-0.20124
1.64827
-3.00793
-1.81023
3.27488
-5.16515
0.24659
0.18807
-2.34088
-3.55535
-4.24579
4.52237
5.23905
-6.92397
2.39422
-0.61194
5.87591
2.53207
6.31936
-2.21221
4.51529
1.14715
-5.38741
0.10151
-5.84160
6.70039
2.08891
1.90468
2.25759
6.11424
0.53975
-3.23915
-0.61989
-3.16018
8.16986
2.99471
-1.78712
-8.08431
0.70250
3.47720
1.32857
3.15995
11.33739
-1.93611
8.56430
8.03133
-3.83110
0.91453
-1.51254
-2.65727
-2.02996
-0.16052
-2.44086
-0.84007
0.10788
-5.50052
-0.60240
-0.19385
5.96304
-4.56541
1.58177
0.96435
1.14802
-0.15945
0.74669
-5.35987
-4.13090
-1.94371
-7.05327
-3.31758
9.72934
-0.06884
-2.55469
5.16975
0.24758
-3.92457
2.32025
-5.06130
-5.17505
-0.89379
-6.92475
-1.91699
-4.66194
1.36266
-2.61691
0.06735
-1.03648
-3.31700
-2.53612
-7.00989
2.16228
-0.83499
2.55225
-3.25838
3.92734
-1.12130
-1.34961
0.32615
6.06615
-1.82207
3.78358
3.29626
-0.47034
8.83197
4.46494
-0.61859
-0.00687
2.57714
-1.53907
12.55051
-3.32314
-4.71482
-3.75690
0.55478
-9.72147
-4.16436
-4.16941
1.16520
-4.33489
-0.89553
-5.99004
3.28022
-2.52401
2.21158
-0.06513
-4.45872
2.45278
3.58794
-0.44191
-1.67931
2.00259
-0.16744
-1.46633
-3.17176
3.01940
3.89806
3.25370
-1.58462
-5.88837
1.19398
3.41917
-4.32966
2.47416
-5.43321
-4.46597
-1.39387
0.55234
-4.19178
0.15009
10.01824
-4.62623
1.91985
0.35478
-5.16201
-3.78454
-3.05392
-4.02320
-3.18113
-6.40884
7.33239
-3.84399
3.79034
1.82537
-4.65845
-3.86320
0.50354
-0.35906
1.41666
4.05092
3.97215
7.78225
2.50262
4.06077
3.98409
8.08882
-0.71291
-2.40889
2.13340
0.99666
-0.37303
-0.98931
-2.79578
-1.18438
0.33311
2.47255
-5.64554
0.03205
-4.60475
-2.49660
0.31317
-0.62097
-4.75453
1.76391
0.98533
-1.52018
4.35453
-2.55098
8.73257
5.98887
3.05048
-6.64767
1.43927
-2.75000
-1.02694
2.21120
4.46616
2.75157
2.82048
6.58182
-7.86871
6.34618
0.12145
-4.79388
1.01160
5.66701
2.87800
5.73161
2.80635
-2.26954
2.79323
3.33100
-3.89450
-1.98097
-2.30653
-3.22270
6.47399
-0.38885
-1.65003
-2.22195
-4.97073
-0.18896
5.20571
-2.49798
2.58519
-2.74058
0.20985
-0.55946
2.97702
-1.02811
2.12770
-1.74202
3.20106
-5.16323
-0.86091
2.91007
3.64107
-0.37300
2.02368
2.27564
2.41774
-5.52369
2.19477
-1.48562
0.81002
-1.89647
-0.88513
4.18781
0.69901
3.92533
-3.82309
1.64359
5.26448
3.36911
1.95707
5.94530
-5.64489
0.32576
-2.60398
-1.95079
4.14046
0.74049
1.83589
-1.95176
1.09632
-1.49451
-1.26207
-6.29239
-3.41513
0.21954
-1.62093
-5.72913
-0.22766
-1.66750
0.50699
-5.63471
-0.18807
-3.22981
1.39094
2.89525
-3.42058
-1.04533
-4.10197
0.60474
-2.98737
-7.35561
-1.34315
-8.00559
-0.40885
-1.04633
11.26765
-3.64839
-2.83707
0.78924
-0.17687
2.42403
3.61732
1.82234
2.87612
1.84734
6.72181
4.38736
1.43184
0.81183
-1.02395
-3.29239
3.67103
0.14301
3.16860
-2.75543
-2.61725
-4.55183
-3.64432
2.87399
-2.08387
0.19780
-1.46164
-3.24051
-0.87142
-2.99461
2.54903
-0.58274
6.37147
-2.48243
-6.02702
-0.01925
0.83616
-1.82266
10.99441
-4.40222
-2.83148
-10.25460
-1.77059
1.08362
0.97164
2.32372
-6.22387
5.34668
3.37535
-2.06843
2.94227
1.00522
-3.42833
1.18598
-2.88272
-3.14987
1.85309
1.42633
-5.29604
5.84041
-3.68041
7.97975
-4.16721
0.67946
-9.03376
1.17932
6.46343
-2.46654
-1.75616
3.90999
1.49084
-6.19109
-1.08914
2.03892
-1.99288
-2.32877
8.40483
4.93250
-1.59327
-1.15876
4.10353
-3.65966
2.83160
1.84930
-5.76276
-4.66266
-0.43047
0.62017
0.60673
-1.69800
-1.88385
2.46530
-4.54131
4.93359
5.78725
0.76390
-3.06608
-5.91602
-7.88436
-1.59741
2.41637
3.94145
-5.99359
-4.58409
-5.27055
-1.41220
-2.04315
3.84802
2.32324
-3.14198
-4.27059
1.82436
6.62826
-4.64290
4.55965
2.52363
0.58660
-0.75383
5.10093
2.28124
-3.26805
0.10384
0.60658
6.31010
-0.77129
0.48590
-0.04660
-0.95597
-7.04519
-0.64373
-1.11015
2.64358
5.63608
2.79362
2.80837
-4.29762
-0.65440
-0.07501
-0.16194
2.65902
-4.53737
-1.72472
-1.86209
-4.28075
-1.47638
2.60379
3.26049
-1.29782
4.53938
-0.19022
-4.73622
0.75555
0.05219
-1.90551
-1.84854
4.05365
-0.95215
-3.53898
-6.44631
1.65808
-1.34067
-2.28799
-1.13826
-1.93844
6.94679
-7.81460
-2.61246
0.05013
-3.56494
4.65448
-0.58453
0.36835
-2.05682
-4.76229
-1.31020
4.01421
-8.72258
-2.77488
-0.85222
2.02083
-5.80114
-4.88597
-1.37964
-4.62499
0.57022
-1.81710
1.47557
3.74496
0.86601
1.30973
1.20767
0.21953
2.90944
1.36032
1.12634
1.00322
4.13859
0.16812
0.94922
-7.63373
0.17914
-0.58088
-6.52405
8.39341
-1.29657
-5.82218
4.63769
0.24956
2.16955
0.24972
3.93417
-7.78023
5.12286
2.88882
-2.72008
4.29107
0.96890
0.72545
-3.68604
-3.31691
1.52649
-1.47313
3.14953
-8.72840
5.54439
3.76783
0.54035
1.08683
-2.61634
-5.43635
-1.35553
1.22489
3.09972
-2.68110
-0.08885
-2.50373
5.63809
7.60800
-1.93754
-3.98870
5.08290
-0.51269
1.53782
-1.08960
-3.93188
5.27315
3.86793
0.91641
-3.08948
2.73399
0.68746
4.03131
5.83889
3.69734
4.24500
-4.55963
3.73467
-1.86353
1.61970
-1.52334
-0.32244
6.15123
-2.33385
-1.92169
-2.02677
5.55301
4.15855
0.60488
-3.94761
-0.02059
2.45499
6.39587
-4.42254
-3.98719
-4.52422
0.71664
-5.65228
-2.09742
-6.19072
-1.99567
-4.51287
-2.53651
-0.75070
0.68907
-7.19910
-2.41277
4.50515
-4.72206
-3.09966
3.16041
-4.19302
0.82833
1.11110
4.00626
-4.26013
-4.65228
-4.26561
0.52484
0.37293
-6.46405
-1.58121
3.23619
-4.48630
2.47757
4.26727
2.53940
-2.96833
-4.95780
-7.53620
-3.28979
4.03817
0.07299
2.14934
-5.89752
1.83603
-7.41686
2.27505
2.84093
1.37598
-3.79235
-1.81149
-6.05183
0.80805
-10.28405
5.50728
-0.73079
-0.50564
3.03262
3.76476
-0.86180
3.54217
3.50979
2.42217
6.98339
3.52828
0.21901
-2.73515
-6.04715
3.05803
-1.76034
4.22829
0.66096
1.46889
-2.42268
-2.19776
-0.60158
3.00690
-4.42080
3.33532
0.67827
3.28489
1.82480
-2.80019
-4.66249
6.27845
-1.98106
-4.24698
-6.89431
6.05746
0.27964
2.79170
4.90749
-0.79266
-4.67264
0.21246
-4.13034
3.09704
3.32049
-1.75130
0.30942
-1.79798
-2.33652
-0.89391
3.48619
7.38098
-5.13359
6.26742
4.30865
6.36122
-2.97373
4.89295
2.41000
-0.70177
1.24439
5.20899
-2.71757
-2.97521
-0.66584
0.66196
-5.65831
-0.92968
-4.98062
-1.85122
2.35866
1.15287
1.97813
4.18827
0.89240
-4.61025
-6.43585
-5.40729
3.72829
1.86659
-4.75413
-0.51362
-4.29136
-1.18117
-0.46931
5.00112
2.76396
-3.48402
3.07315
2.39291
2.46817
-3.05542
5.13484
5.72857
3.80662
4.91051
-6.59554
6.75392
5.10517
-1.93923
2.15831
1.51857
0.41358
5.04771
1.45315
-0.97932
0.06135
0.85762
-0.51855
-2.65500
-1.39292
2.64158
-4.30071
-1.65140
4.42330
2.39590
3.63507
-2.14222
0.29284
-1.06661
4.36485
-2.12082
5.34340
1.15433
3.56777
-6.87947
4.38113
1.13510
3.48510
2.13783
-5.94325
5.38940
6.00766
0.13841
1.03998
4.41633
-5.48535
-0.92563
-7.15495
3.45251
-2.33308
0.56701
3.93664
-2.21093
2.54902
1.71868
-0.94761
-0.99729
-8.40273
0.45560
0.88304
-2.82784
0.70078
-4.40969
6.01454
-4.63267
-2.60331
3.02988
6.24369
-5.92367
-0.83721
2.94636
-4.91083
-1.66756
-0.20231
0.62728
3.53259
-3.07596
6.63542
0.27543
2.74291
-3.20185
-1.18741
0.61352
4.25292
-2.72170
-0.35542
-4.81957
0.63560
-2.59159
-3.21921
-5.93811
1.65157
-1.04457
-2.56203
-0.35053
2.49741
-0.78161
-2.04515
-2.84908
4.52641
2.77399
-1.85298
-2.71689
-3.21362
-4.89629
-1.06395
1.97397
-0.01202
-1.79750
10.78044
-2.19415
2.10430
7.35580
0.40645
-0.87119
2.14607
1.66192
1.64610
-3.73931
5.20423
0.64011
-0.52762
-2.82625
6.04602
0.02341
-4.22039
-1.45836
3.03122
-0.90501
-1.69867
4.21767
0.97635
2.09961
-9.54170
8.98117
1.46799
-5.63615
-5.61973
5.69790
4.09479
-3.52125
9.81713
2.75128
6.06145
-1.40435
-1.71606
-3.73916
2.01786
-2.14837
-1.52191
-5.90882
-1.30329
-5.79268
2.23267
-4.05110
-4.36129
0.47918
-0.46391
-4.53053
0.87166
7.07131
3.08691
-0.18470
-0.61294
6.64275
-0.72678
-1.76209
0.16058
-1.46945
-6.09498
-4.15969
1.13465
-1.26841
-0.25689
-5.37610
-1.92638
1.21626
2.75042
-1.87599
-4.28540
-4.32953
2.38287
-0.77096
2.96252
1.57579
-2.55747
-4.08098
-1.08412
-0.53270
-1.14807
3.54879
-2.26949
2.17508
-1.92099
1.53167
-1.33197
-0.46698
1.57727
-6.18704
-2.29492
-0.87525
1.32146
-0.95220
4.49342
-2.00425
-0.60528
5.58955
2.20735
-0.76334
-3.09167
4.06049
-4.58254
1.40342
-0.22174
-0.83576
-3.78725
0.31264
-3.00861
0.58228
0.47206
-0.43059
2.58485
1.27085
-3.81933
0.50807
-1.01090
0.58145
2.02576
6.12237
0.00702
-3.77299
0.38839
-6.12803
-1.76694
-5.66880
3.12850
0.62202
-2.26858
0.45864
6.74816
2.00269
0.93231
-0.40001
1.93047
0.60961
-5.19446
0.43758
3.46364
-0.36355
-0.88918
0.14175
-1.18977
3.05504
1.74348
5.08767
3.75498
-4.07552
5.46725
-1.12500
-3.42318
-6.21165
5.42611
0.00438
0.03338
3.35438
2.45114
-3.23140
-0.96680
1.03441
4.03299
1.86973
0.35367
-5.86421
-0.48291
1.22668
4.39935
-0.61430
-0.32538
-0.45801
-1.85877
-6.20921
-4.71203
2.93940
8.34968
0.90575
5.26492
1.80415
7.85295
-5.65612
1.86958
3.15641
-5.64481
0.39591
0.04484
3.71198
-3.50678
-6.79821
1.39753
-1.85074
-3.92744
-4.87385
0.11338
-1.52467
3.53516
6.93102
8.49593
4.91437
7.19025
-2.98454
1.76605
2.11506
4.26437
-5.99377
3.28583
-7.77587
-2.73815
0.36768
3.54841
-6.36604
-1.41034
7.74230
2.88024
2.91114
-6.09799
-2.92947
6.26838
-5.03299
-3.11710
-1.84264
5.27325
-1.97661
-0.29151
-3.66384
-2.22591
6.05215
4.42368
2.12472
4.10165
1.29726
5.91496
0.01894
-0.56926
-6.62391
1.93693
4.70624
-2.76414
2.63985
-8.01338
0.46493
-0.21822
-3.69105
-5.30893
-0.19554
4.82988
-5.46238
-1.45811
-1.41565
2.20532
1.90003
3.27335
3.96799
-2.62790
1.64252
6.24881
2.12707
-0.46766
-5.51511
-0.58416
-2.74481
-4.72024
5.86961
1.78696
6.21590
4.35153
-0.43775
-3.95034
5.17149
5.24497
6.49749
-3.44057
-0.36368
0.63036
-1.88416
0.06514
-0.77513
-2.39308
-0.12003
3.94507
-3.06112
5.63339
-3.17071
7.64482
0.19635
0.00527
0.24319
1.79267
-4.36189
-3.73323
-1.99814
2.13462
1.28796
0.40641
1.17156
1.41989
-4.40589
-2.08898
-2.21328
1.06139
1.18246
3.03758
-1.46690
-2.65811
-7.29019
2.37439
1.58699
-3.80975
0.55779
4.75577
-3.49712
-2.31623
3.35606
-5.69088
2.49341
-2.58913
2.90777
6.98834
0.91545
-7.71753
2.21140
3.54685
-1.21184
6.73029
-0.18632
-2.69262
5.19294
-0.22071
-0.58566
0.51642
3.01675
-10.13203
-2.15202
-2.04162
8.78029
-1.52356
3.46792
-0.07877
-3.51868
-5.58527
-1.87187
-7.97948
-3.10908
5.96484
4.24284
-0.26716
1.61400
3.65766
-1.09683
-1.26586
-1.82291
0.42984
3.92414
4.80779
2.10195
-4.99878
0.30839
-0.51831
-0.87027
0.44939
-7.01736
1.59171
9.46885
-1.06387
-3.82515
3.11908
-5.00096
2.97179
-6.34424
-0.09344
-0.42339
-1.91867
3.08617
-2.92228
2.84756
0.37320
-1.96977
-2.06662
1.15122
1.93007
0.27440
-1.09819
7.90515
2.47141
4.89828
-0.96710
2.78683
-1.59230
3.54013
2.63059
-1.34057
0.00053
-2.03196
0.57378
-2.59826
3.82336
3.76799
3.73473
4.76883
12.98995
0.15241
-6.26861
-0.96410
2.55546
-4.15008
-0.29633
1.47560
0.16170
1.87845
0.70905
1.58091
-8.86088
-8.32074
4.10828
-1.33439
-3.18852
0.01463
-1.57495
2.48897
0.32691
-5.37857
-3.91407
3.58964
-1.95731
-1.80080
2.04746
4.07937
3.77210
1.74464
10.28092
-6.57636
3.28373
0.57576
-5.15036
-0.82817
0.50754
-3.98577
2.79888
2.00862
-4.47945
4.15455
3.93324
-2.12693
-4.79233
-0.45733
0.52114
-1.62155
5.98716
-0.32480
2.39963
4.04212
6.04184
0.97123
2.11439
-2.25221
2.45829
-3.05203
-8.27167
-1.30335
3.46891
5.96146
-4.01026
-1.53137
4.89707
11.38676
-9.58340
-2.53186
6.10060
-3.12112
-0.23168
-3.23478
9.44867
-0.40968
0.27152
4.39151
0.09141
1.75535
0.23532
-4.29638
3.69224
2.65857
-2.08197
4.33694
-2.49174
0.08751
-5.48051
0.99812
-4.91252
-0.64461
-4.37743
-5.73678
-3.82545
-1.09191
10.24605
2.50120
-2.34099
-2.85313
-0.05306
3.04284
4.09944
5.37179
4.21206
-0.52042
-1.21923
5.59265
5.57237
1.13498
0.81978
-1.65031
4.27719
-5.63972
-5.15544
2.26247
-5.74195
-5.18652
4.72114
4.26295
-7.69920
7.82300
1.41977
-6.06349
-4.11245
1.81532
2.67263
8.47075
-1.13294
-0.74496
0.87798
-0.06428
2.75059
5.54198
3.85824
1.60690
3.78444
4.29212
3.69270
5.07077
2.54685
2.67992
-3.39059
5.86380
1.51847
6.21004
-3.29982
-1.88491
-4.22546
-6.24549
-9.70339
0.84883
4.55161
9.27396
6.19656
1.31054
-3.24687
3.65307
-1.86743
-5.29620
-1.12234
-4.13032
-2.57088
-0.67601
3.09114
4.51384
0.73135
-8.40421
-3.64713
-2.13241
0.84153
-1.10759
0.80575
-2.10561
-5.24532
-1.27227
0.67656
-0.64368
-1.00999
3.05928
1.23596
3.21682
-2.17299
-4.15391
3.16109
-1.94390
2.20757
-1.17470
2.33869
-6.02652
0.35937
-0.89327
1.82062
0.48196
-4.17334
2.56452
6.37621
-4.85767
5.66173
1.05187
1.91626
-0.89420
-4.80983
3.01630
-2.58015
2.29053
-1.77888
4.68536
-2.47930
-3.25575
-1.48365
1.36590
-3.77996
-5.27684
-0.82995
-6.21672
-0.94233
-5.16254
0.68414
1.76557
-5.24002
1.36844
0.32087
0.51595
-0.33135
9.26483
3.25327
8.22773
1.02103
8.37831
6.37397
-1.30143
2.14731
3.76669
1.14890
-0.17639
5.51748
2.45642
3.47118
-1.94128
1.01388
-8.29832
-3.10371
-2.81193
-2.71388
10.88979
-2.75240
2.15819
-0.57583
5.38628
5.06123
-2.60973
0.43873
-5.77482
-1.91393
5.30278
5.90166
1.42494
-5.46305
4.47657
-1.19244
4.16365
3.23189
-2.20941
-5.02339
6.36307
1.82782
1.76063
-4.44650
-6.05662
4.85680
1.61391
1.23928
3.35814
-0.99769
4.82938
4.38257
-9.69403
1.11697
-4.25164
2.59567
-0.06814
-5.64772
-7.47116
5.83308
2.37242
-1.20120
-0.77115
2.29246
-1.23085
-4.05966
4.11396
-6.32983
-4.32583
-0.57347
-0.37557
-0.24485
0.32504
-1.89045
-2.27610
-2.39624
-1.22495
-3.71360
-0.94040
3.47387
1.83636
2.17159
-3.65000
-6.35612
-2.06935
0.74692
-0.97675
4.77464
2.67940
0.29316
-1.80367
-1.82378
1.84840
-0.00840
1.51301
0.55107
5.52740
-2.13621
0.01489
4.17770
2.64311
-0.22458
-1.73628
-2.65253
4.83337
-8.04424
-1.47296
1.51002
0.96678
-1.60804
-4.30993
-0.18893
-2.78117
-0.68589
4.25798
1.47152
9.62925
7.34695
-1.69234
3.07394
-0.77849
-3.72389
-1.62860
-0.03792
-0.45429
-5.49993
0.07018
-0.76428
-1.70072
-4.22717
4.57057
4.17437
3.47004
-7.24347
-6.55451
4.98737
0.00716
1.40226
-7.95388
0.33250
0.09678
-3.09422
-0.23934
-0.44623
0.63185
4.14503
-0.83858
-3.24524
-3.12534
7.78889
0.35757
-7.57992
6.66607
-1.31677
-1.72343
-1.64458
-3.06838
4.58181
2.49029
1.06954
2.29193
-5.98942
10.00370
-2.62620
7.91877
-3.44779
0.63245
2.16138
0.04426
3.70007
0.01573
5.48306
-3.04528
6.50847
2.57211
2.36283
-6.18015
-6.23892
0.29738
-1.63950
-2.07995
-1.56852
-4.00055
-0.79430
0.40505
-1.67687
1.95058
0.89539
3.29499
1.21586
-1.23784
-3.15564
-2.97086
3.82384
3.86441
-2.47390
0.00283
-0.82168
-0.39666
1.62060
-5.56457
-0.72827
0.79497
-1.71623
-4.03924
1.56292
4.48277
0.96517
3.01998
1.89730
-0.08977
3.21108
2.32819
-0.45595
0.29298
2.13086
-2.73883
-3.10422
3.28677
-1.92330
3.69469
1.90720
-1.42339
-2.08749
7.34715
-4.25954
4.31696
-4.66505
1.22187
-5.26076
-5.77108
1.34547
-0.32436
2.55793
-2.37143
2.63566
2.67444
-2.43903
-2.02314
-4.90376
-0.82297
7.35569
-0.56970
-2.67616
-2.04597
-1.67206
-4.93582
0.70477
-1.88816
-4.23221
-3.42006
5.26370
0.48270
-0.71746
-5.56821
3.17175
5.49309
0.20261
-0.34129
4.93158
-0.69444
2.86009
-8.72276
-5.45375
-2.01003
-4.21041
-0.17741
4.63574
-3.73803
2.13811
-1.59807
-2.08308
-0.65158
-2.66611
-1.15265
-7.14745
-1.18412
-4.85824
-0.52997
1.59768
-1.18319
-3.67634
2.95734
-4.71162
4.73540
-1.79003
-2.05640
-0.39460
-1.77381
9.08340
0.12081
6.57555
4.12332
3.08478
6.44974
4.89411
-6.21508
-9.02788
-1.19454
-9.80969
1.47817
-2.26284
-2.72994
-3.36918
-2.96652
-7.51394
5.86559
0.63907
2.39335
-0.56742
0.94816
2.08257
-2.40577
-3.74957
1.50016
-3.00203
1.88796
-2.14328
4.52315
2.47725
-1.39749
-0.49206
0.98806
-2.15008
4.57674
-1.23124
-1.74063
0.42983
6.00998
-2.97050
3.13929
-3.55199
-2.61415
-0.27434
4.07430
-2.17220
-4.53344
2.08076
-0.09464
0.92012
-0.51295
7.11820
6.80815
-0.21221
3.78259
3.88776
-2.98510
0.27490
3.18582
-6.19959
-0.67435
-3.82367
8.48853
-7.99026
1.26162
7.89683
5.11324
-3.64210
-2.58638
-3.40995
-6.32753
1.98696
5.92795
-0.19534
2.91387
2.67720
-1.24918
-3.84211
6.46282
5.75597
-3.94922
3.93790
-1.03348
-4.18027
-0.48044
2.05801
-0.81134
-0.94294
0.08233
-3.83880
6.11384
-0.98361
2.85758
0.76899
-3.27028
0.78745
0.88859
11.53913
1.20134
-1.74632
-6.60451
1.59341
5.65439
6.54232
0.96328
12.10726
-0.06097
4.66260
-1.20211
5.47814
2.93993
1.37601
-5.36618
-1.19688
0.46105
0.76827
1.01785
-8.14062
-1.81044
-3.84870
0.52328
-3.93105
-0.33064
-1.95061
-3.08045
4.88335
-6.80214
-0.26051
3.22643
-5.52024
2.75184
-3.86075
3.67813
0.34238
-4.32064
-2.10602
-5.84485
2.61929
-3.12499
-1.94949
3.80593
-0.17419
0.67171
-3.30024
-1.36452
-1.33202
4.86704
2.24776
1.42123
-10.02852
0.16354
-5.03606
4.36838
6.84737
-0.22718
3.23504
3.39077
-4.72500
1.31766
-2.23243
5.80227
-3.14113
0.31809
3.06031
-0.61144
0.64449
-4.81952
-2.00094
4.73510
5.20343
2.24436
7.12065
0.66967
1.63981
6.72306
-5.98310
0.59123
4.14530
0.18745
-6.71425
-2.92189
7.28746
-3.29685
-1.19798
-4.97027
1.28744
-6.85970
0.80469
1.50815
-2.60343
-0.19935
4.58723
-0.76366
-4.91483
-2.33063
-2.44445
4.28587
-2.39616
0.43121
1.01899
-0.00090
4.58588
-2.32906
1.11041
2.83660
1.21723
-0.80962
2.31766
-1.08154
-2.79479
4.80839
-2.66552
0.44028
-1.34432
3.90205
-6.54923
-3.12809
0.23298
-0.35641
-0.28950
-3.89266
-7.92288
-5.83300
7.73494
1.19197
3.31579
-4.97214
-2.54304
-0.03179
6.00616
-7.48331
-0.47909
2.01799
-4.72014
6.83391
0.10665
-4.51146
11.99840
-1.89144
-2.55793
-3.51374
0.42545
1.26186
-0.59787
-3.38159
-3.09477
4.62805
-2.13931
5.68729
-6.21645
-5.96460
0.75920
5.03492
1.29044
-4.77187
6.00614
-0.64470
-5.35117
0.79402
5.82939
3.03636
-3.26125
-5.31476
-0.16288
-0.70659
6.46290
-1.77780
0.76584
1.41854
-2.85020
7.48224
10.59627
-0.56960
10.09958
1.29874
-3.76052
1.70389
-1.92885
-4.11589
0.90606
2.91333
7.73522
-3.07913
-1.28701
-1.67720
-2.11100
-0.50690
-0.47937
4.38976
1.87826
-2.84995
5.80776
8.82370
-0.47698
-0.31623
2.67414
6.97802
-3.72279
1.76361
3.26530
-1.40494
-3.58179
0.03163
4.83292
2.73122
-0.29840
2.57162
5.27555
4.87493
1.43304
1.35742
-1.61944
-2.50482
2.84697
5.98272
-0.59956
-1.03316
-0.77553
-7.69641
-9.25200
-0.98081
6.58602
0.33292
9.30567
-0.45872
-5.39809
-0.14509
-1.69824
-6.03088
1.78131
0.68973
-2.91386
3.22050
-1.17825
-2.99186
-3.23709
-0.32026
-2.31902
-0.72036
3.42470
3.87369
-1.64108
4.48915
-4.58104
-1.22958
-4.24148
0.33250
-5.15090
-2.20566
-1.23279
-2.33015
-5.88336
0.54203
3.12557
4.36588
3.22629
-0.52471
-1.25527
9.40544
3.65823
4.14705
8.56592
-5.90577
10.74858
-1.95644
1.05230
0.09715
1.74965
1.40201
6.68390
8.28957
-0.35083
0.33945
-3.93421
1.11597
-2.43489
4.26458
0.42532
-1.69894
-8.23592
-0.46972
10.85251
-1.38097
2.93191
-6.25056
-2.56246
-2.73102
-4.63511
-2.29218
6.51409
0.30348
-5.20123
5.46558
0.15061
7.30541
1.31478
-2.21478
-4.25062
1.01111
-3.30810
1.05905
3.14424
-0.35321
3.75913
-0.95348
-3.56901
2.38383
3.71660
3.23776
2.42979
-12.91228
2.89196
3.33335
-2.81122
6.43757
-1.73214
-9.27473
2.07630
-0.16255
-2.73554
0.71529
-3.86342
6.26934
0.89710
-1.01002
-0.15936
0.20275
-7.68850
10.65668
1.48646
2.48569
0.99857
4.40015
-4.05154
4.49422
4.29302
-0.90130
-4.34292
1.23267
-0.74891
-1.61257
-5.52723
-0.94438
-5.39242
0.39800
1.21386
2.99460
-1.79464
-2.00174
-2.55391
-0.48484
3.69012
-1.47804
-1.75026
-3.67600
3.39619
-1.82335
-4.45638
-0.05281
-5.97290
4.21361
0.51256
-6.80218
-2.64792
-3.90018
-7.23713
4.63964
1.20427
-1.58656
-1.45743
-0.63763
-4.27531
2.74147
0.28969
-1.16814
-1.83713
-4.47557
-0.04939
-2.36835
0.65471
3.07050
-0.12408
-1.40975
-5.51148
-2.09489
3.54315
1.19483
0.26308
7.20650
-7.21329
2.42293
-6.82208
1.85988
2.85839
-1.86692
2.41997
5.03113
-0.92432
0.68572
0.37399
6.25530
-3.64534
6.27052
1.51272
3.00243
4.55352
-1.94932
2.18493
0.09033
0.98442
-4.02909
3.71288
-0.73960
-3.59964
2.14292
2.60769
-1.81680
-2.01887
3.33550
-0.20165
-2.78612
1.16924
-1.15138
-2.98135
6.78732
-2.73112
1.84350
-2.24572
3.86607
-3.69196
-5.31549
-2.32080
-2.77596
2.78476
-1.26170
5.46602
0.24511
-2.64947
-4.88904
0.28119
-4.16557
5.79315
5.56944
5.09654
-7.29504
-5.18900
1.88825
4.45302
-6.26237
-4.55963
-5.30025
0.25113
2.63440
-0.87006
-0.86267
2.36122
2.65163
-5.15308
-4.68682
-2.95901
0.68657
-1.93628
-1.96024
-4.05495
2.77438
5.66725
-2.92624
0.99308
1.89808
2.98491
0.66420
-5.92240
6.90460
6.29692
-0.08646
-6.08487
0.20465
-5.32517
-7.42412
3.05562
0.80769
10.11775
1.10911
4.35714
0.05450
-7.96937
0.40165
-3.25434
-4.60659
-3.05567
-0.07031
4.69989
1.74945
3.62500
-1.47457
-1.40151
-3.75303
5.57590
2.04610
0.68313
-1.34232
1.60673
-3.00617
-3.35631
-0.67887
-0.87707
-4.61610
7.97208
-4.43708
3.36307
2.32002
2.83217
2.14738
1.33867
-6.04062
2.39146
0.32825
-0.26445
-1.73555
-1.51981
5.20917
-0.07612
-1.41148
-0.00196
-2.97195
2.01344
-5.22591
1.56759
2.62882
-1.50447
8.88344
-7.34744
3.97249
-11.99369
2.79961
4.04782
-2.24251
-1.52340
3.15468
3.18269
0.34697
-5.19285
2.14374
1.96386
-3.23582
0.75190
-1.94349
-2.50724
-1.98420
-3.59931
-7.45192
-9.74356
-1.64658
-1.15989
-2.14684
-2.31129
-3.18569
-0.66412
0.22746
0.88746
7.54644
3.74230
-2.51122
1.32758
-0.62727
-0.71517
0.66538
3.13032
2.68939
4.09707
3.14105
-1.55348
12.32080
4.00940
-1.03115
-8.19132
-5.73784
-0.32212
2.01344
1.35267
-1.66270
2.27148
-3.30061
3.94702
-1.89953
-4.08996
-4.83684
-9.33139
-4.81076
3.54706
-0.60481
-7.53972
-8.48516
3.09428
2.34713
-2.08742
1.73772
1.72310
-2.24228
1.99478
-4.34736
7.18464
2.14296
0.27571
0.71284
0.98433
-0.68409
1.69078
1.09271
-3.75939
-4.57103
-0.17310
2.99366
-1.32309
4.80484
3.51785
-3.00643
2.99443
6.97066
-5.62954
10.21238
2.55737
0.72451
4.97431
-0.27363
-3.22868
-2.00008
-4.77936
-0.30636
-8.50450
1.06706
-5.96077
-2.75299
6.82136
5.81278
-5.02936
8.19815
-0.03502
3.43208
-4.38321
0.08551
2.57164
-0.75476
5.89729
-2.27889
-0.88170
2.38295
-2.58952
2.12446
-8.21932
2.24887
0.19783
1.36522
0.20541
-5.13542
-2.52539
1.44974
-8.32153
-2.71001
0.36839
-5.52246
3.47979
-5.17202
0.02022
2.17374
-0.37056
-0.90171
0.99452
4.08399
-1.87159
1.01907
2.90470
2.85917
7.67204
0.95337
0.90485
5.88925
-0.25675
0.91654
0.97009
-0.40015
-0.39319
1.05020
2.28833
5.81136
-6.28856
4.30959
1.31838
5.29283
3.25359
-0.72025
4.32283
1.16920
4.17274
3.76462
1.92857
-1.81798
-0.79684
2.97697
-0.43142
3.32518
0.88770
1.04562
3.73026
1.24100
-0.79843
-3.71382
-6.58158
1.04019
-3.30883
2.30349
-7.27781
-5.90638
4.06820
-4.02657
-0.26825
0.99467
4.17859
0.95539
-5.10263
2.44347
0.66421
6.62594
-9.80922
0.85991
-2.66082
3.04295
-2.63485
-2.92111
-2.56061
-1.94667
1.54020
-1.08382
-1.10509
-0.15363
4.87015
-1.06405
-1.91648
2.27984
5.55608
-0.54058
8.25076
-2.52584
0.40832
0.29045
-3.61948
3.01537
2.20146
0.40015
-2.42412
0.01994
2.82291
-4.17328
-0.08128
3.53570
-0.80746
9.36729
2.79248
-0.72501
-4.50279
1.48805
-2.08378
0.62263
0.44512
1.00533
2.07913
2.69764
5.90264
-4.03018
1.27905
-4.26795
0.54288
-2.54102
2.97727
0.51916
-4.21216
3.75461
4.08629
2.62019
-4.33644
-1.00651
-2.39553
-2.90982
1.59897
-0.01421
-2.88747
0.97936
0.18696
-2.17498
-2.32023
-1.72316
3.96279
8.59516
-4.65844
-4.31462
1.28177
-1.29749
0.53629
0.96790
-0.92938
0.38712
5.52441
5.65511
-3.79346
-4.23941
5.53153
1.94173
0.53103
3.69097
-1.24166
-0.81274
1.63710
2.48364
8.03608
8.18777
1.77372
-1.68057
1.17857
1.33261
1.26724
-2.22286
1.02679
0.50123
6.85529
-0.33771
1.26284
2.95830
1.33950
-0.52231
7.42153
3.14753
-0.86064
1.94087
5.11158
-1.27288
0.86834
-3.26556
8.55196
-8.01835
6.22563
-1.99832
3.94073
-2.78575
-0.99156
4.79706
2.12984
-2.81928
-1.33271
-1.79680
-8.81278
11.80186
-1.81540
-0.17964
-2.50612
1.00269
2.53697
-0.32783
-0.58102
5.13363
-7.55190
3.59128
0.03893
-0.64023
0.83549
-3.37555
-5.21623
0.98563
-3.22624
-4.42027
-2.66305
-0.71357
1.07682
3.10103
-1.47521
-0.25539
-0.33220
5.45847
4.90780
6.94955
5.57090
4.61156
0.01533
0.99993
-0.35890
-4.17195
-1.43760
-2.37460
2.30059
-0.07643
4.70558
-5.57308
3.92022
-0.59165
-1.16628
3.57338
3.78494
3.47205
-0.37800
1.37605
-0.58642
1.38717
-3.44458
-6.96036
1.08030
0.69250
5.10827
3.72756
2.42378
5.85121
-4.56823
-1.55947
0.94465
2.70179
-2.42543
4.08888
-2.18348
3.09144
5.28243
-1.79002
0.74753
1.10489
9.91881
-4.75255
0.75556
-1.67843
7.52827
5.28147
1.84547
-4.68623
6.86308
3.91519
2.11727
-1.96051
0.52509
0.69454
6.90343
-4.74459
-1.36681
-1.10667
3.29309
1.70044
-6.06492
-1.63354
0.17820
-3.67171
2.62298
-7.25979
0.26458
1.02888
0.76468
-0.26939
3.44449
3.42481
-2.63573
0.09125
-1.95712
2.29832
-1.20763
2.76668
-0.56873
4.37522
1.14925
1.42593
2.83515
4.62518
-6.36947
3.33177
-5.83073
2.08014
0.81635
-2.45136
-1.35056
1.51968
-2.97249
-4.87180
5.46134
0.58840
-3.48538
-1.69850
6.19668
4.57824
3.38614
0.00191
-1.77441
0.15983
7.24652
5.49586
3.85566
5.66318
-2.96483
-0.24214
5.27483
-0.06282
4.47189
5.27109
-4.65877
3.86112
2.99497
-8.17577
0.71467
2.01253
2.30983
-1.80790
6.80846
-3.79231
4.84885
11.45621
-3.07376
-3.96892
-0.78995
-3.25290
-5.51917
-3.20361
1.99864
-1.15052
2.16863
9.48069
2.85169
-1.10000
6.47982
1.82318
2.37561
2.34719
7.00429
1.96355
-7.74677
1.94773
0.90392
3.10468
6.66514
-1.68834
-0.97347
3.46132
0.69487
-4.54682
-2.89321
0.52362
2.24528
3.28740
5.23847
-3.24053
0.40320
8.15562
-2.45493
5.21059
-4.25136
-5.32449
-1.17209
0.85981
0.12862
1.47594
3.78729
1.34853
-0.42717
-0.82212
1.70324
10.09872
0.89148
-3.57104
5.88942
1.65771
0.95423
1.03934
2.03934
-0.40048
-8.12323
-0.91013
3.18034
-0.37993
-2.72708
7.34442
5.65434
-2.62188
-2.49738
-0.77432
-3.79081
2.21454
2.97405
1.35825
-6.74982
3.70165
-0.86647
-5.05698
6.16497
-1.79069
-0.36273
4.46440
5.08322
-1.64273
1.55438
0.28339
1.77848
-0.62648
3.12558
-1.11986
-2.71045
-5.76154
1.98290
3.73258
0.74028
5.99439
-4.22342
4.52359
-0.16884
-4.97073
-1.00169
3.56641
-3.92896
1.70622
5.07278
0.37601
-0.68733
1.65957
2.82619
-3.52208
4.01318
1.96532
0.55782
-3.28949
-1.72180
-3.19310
1.37943
2.73835
-0.67192
-9.88416
-0.93288
-1.73229
2.76919
3.28403
3.59888
5.26225
-1.04842
-2.33287
-3.63707
-7.86775
2.40362
1.54126
-5.14013
-3.97787
4.15953
-1.10819
-2.46879
11.22342
-6.09299
5.10194
2.22245
4.90276
6.47899
7.40001
3.58453
-0.01335
3.34517
-1.56318
-7.21671
-2.41791
-0.37664
3.66716
0.62312
3.34477
-2.44859
0.02467
1.97598
-6.71475
-2.98276
-5.33913
3.76417
6.02872
6.14249
-3.47614
-0.14745
-2.77069
-3.56959
-5.38928
5.50284
-0.90136
-7.47404
5.06320
-0.20975
-0.18996
-0.02431
4.17233
-6.26125
0.65942
-3.88791
-1.19703
-3.14419
3.23127
-3.69872
-6.34362
-0.61640
8.26878
1.14485
2.26641
-3.17210
6.53111
1.00164
-0.86606
5.11860
0.45688
-4.62091
1.92098
-4.24189
0.29596
-4.09908
1.61774
2.84817
-4.14007
1.03057
5.17342
-8.83635
1.74997
6.73276
2.93536
3.32636
9.02908
-8.55732
-3.55654
-6.26488
-4.80717
6.21796
0.37757
-4.44909
2.73106
3.51488
3.98730
2.48772
-4.69025
-5.66351
1.91130
-2.47780
-2.64607
-5.54643
-6.23178
6.49699
1.22049
4.93844
-1.54734
-4.36703
2.86153
1.11960
-2.50314
0.88862
1.56614
0.22554
6.10336
4.45199
6.17060
-2.39520
-1.09053
-7.91388
-4.97121
-5.29948
0.90369
4.80911
0.37654
5.02586
-0.75946
-1.65408
3.37270
-1.30042
0.73822
-3.15423
3.67975
2.87441
3.94737
1.83714
-5.27006
5.37116
0.09525
0.25601
1.75335
-0.66814
-6.39489
2.53251
3.37618
4.11802
6.96974
-1.09071
3.28201
-2.56790
0.34703
2.84344
2.17808
2.27390
-0.52102
3.24640
-3.25754
1.57627
-1.21241
0.45915
-5.60670
-3.34047
-3.04590
3.82861
-1.35615
5.26806
3.13063
2.43132
-2.52124
-1.24990
-2.11203
0.08149
2.33002
-2.01144
-8.37032
-2.81991
3.62443
4.18859
-1.36524
2.01165
-0.95684
2.87384
0.37608
5.85648
0.88819
3.77969
-7.30739
-2.85031
1.60738
2.06205
-0.47463
7.36502
0.49330
-4.60201
1.46453
6.16132
-0.73303
2.56668
-7.28283
-3.38861
1.14518
-4.85654
0.62184
1.70372
-4.74891
-1.53587
-5.56340
-4.34217
-4.60662
4.72528
-3.43338
-11.62402
-0.85903
9.21086
6.97706
-1.06390
0.63057
2.70527
1.88406
-2.03436
-4.78424
2.68985
0.21598
-0.80430
3.43162
-1.73970
0.96590
5.46637
2.50787
-1.61767
-2.77865
-5.91636
-2.22920
3.08248
0.06897
-1.87195
-3.42378
4.25970
6.15791
-4.81273
-3.28380
-8.14165
-3.49774
1.74889
5.18817
-2.09589
0.57512
-2.37616
-1.08052
-2.55857
5.35501
0.32958
4.31311
4.15951
3.93811
2.87378
-4.26812
-3.59261
2.81584
6.16701
3.83852
-4.19598
-2.08363
-1.16056
0.73079
-4.58133
5.41766
5.79038
-1.04481
-1.97629
9.65819
-3.56890
5.45177
2.23158
2.88653
2.44877
-3.02032
-3.75492
-4.77362
0.81715
-1.97214
-2.06716
1.44816
3.84662
1.97898
0.27653
-6.25717
0.13256
-1.75447
-2.06194
-6.50778
1.32117
4.87588
-7.70055
2.00973
-2.16245
-1.14892
-4.21926
4.19986
7.46502
0.09222
6.07743
-4.30389
-1.15721
-7.26625
-0.30798
-4.52328
1.42659
4.83527
4.81839
0.16123
-8.57955
5.42798
0.84984
3.63292
-4.00545
-3.14153
3.25772
2.48705
4.79392
-0.40479
-1.97633
3.62434
1.31755
4.55715
2.69287
2.35947
4.04504
5.65885
4.42174
4.86053
8.72189
-1.95944
2.11098
1.38946
-5.31320
-1.22257
-6.38073
-1.45535
4.54951
5.82178
5.19115
0.82972
-2.85850
-1.84274
-0.47152
2.70710
0.42130
-0.16342
-1.23979
0.98869
3.95526
4.21555
-7.95209
-3.11578
2.34159
-0.90552
2.05732
3.96343
4.07193
-2.87114
-4.29201
3.13492
-4.92714
4.19361
4.89833
-2.57367
6.50762
1.22603
-8.59225
3.36189
-3.28956
-3.66521
-1.73537
5.85860
-1.48950
-2.27900
1.54019
-4.55795
-9.52757
1.78555
-0.45141
-2.50290
-2.91192
2.71580
1.78065
2.21365
-1.70221
0.39034
-0.69446
4.85325
-1.74707
3.70017
-6.16345
-5.44802
-1.17722
2.63337
3.47936
3.43702
-1.00893
3.54464
3.77563
-6.52451
0.32266
-0.15505
1.74626
2.43646
-0.03040
5.62056
4.15150
5.23148
3.17695
1.47574
1.66077
-1.30267
-0.88195
-1.64584
-4.55872
-0.79366
-5.99011
3.87046
-2.97533
-2.26183
1.27289
2.51574
7.09455
8.96798
-0.33043
1.70091
-1.75765
-2.67417
7.19682
-6.09211
2.52931
-1.54639
4.76929
1.88467
-1.07293
2.66012
0.95406
0.07086
-6.04407
-0.14272
-0.10972
-3.67365
2.48778
-0.10035
-2.27314
4.25786
-0.13250
-1.31996
-3.54126
1.00673
0.21135
-0.42011
-3.26849
-1.47547
2.83630
-3.38682
4.96874
8.26490
1.16237
-2.70469
0.19768
-1.86880
-2.57815
-1.94484
0.31776
1.78750
3.10977
-4.60327
0.95685
6.56106
0.88385
-0.21195
1.01023
-7.82482
-4.50752
3.78779
3.53985
1.98320
-5.15838
0.05172
-2.82852
-5.84780
0.16921
6.38965
1.41980
-5.23796
10.43636
4.52623
-2.39006
-3.21437
-1.66419
0.67835
-2.42045
2.37066
5.71845
-1.03682
-5.24319
4.94767
-0.53237
-3.42943
-0.02041
-1.08540
-11.86353
0.94389
2.06882
0.23077
2.62925
3.57475
7.15664
4.80879
5.35396
-3.26088
2.77104
-0.46067
-4.39128
-3.44578
1.55071
0.87562
-1.44983
-3.86164
1.93568
-5.62629
-0.04449
-2.86045
-0.77600
2.65254
0.15428
-0.70240
5.29764
0.04417
3.32863
1.30513
4.22198
-3.41062
-7.80859
-0.27900
1.09048
-2.97680
1.95860
0.17614
-0.88740
-1.39369
0.62047
-3.74586
-1.44977
-7.64394
-3.62623
-2.63195
2.42234
-2.25183
0.96744
-4.64534
-1.20921
-3.83425
2.14378
-3.62946
3.44125
5.25862
0.45811
1.58314
-4.46629
-1.53370
3.32938
-4.80140
-4.63185
1.83971
0.54906
-4.69530
-2.64016
1.27117
5.34416
-8.22368
1.70719
-1.47113
-6.55249
2.95541
-2.69646
3.23284
-1.01189
-0.72489
-5.42133
-1.28559
8.51552
-9.41568
-0.45185
-7.81859
-4.08471
2.35497
8.59362
3.78787
-4.38232
3.23463
-1.55331
-2.84874
-1.32214
5.27989
-2.41863
0.62342
3.27223
-3.32056
-2.28856
-1.41659
-0.49625
-4.02235
-3.47692
-3.67777
-11.05825
1.77314
2.30657
-8.14531
-2.64384
-1.10795
-2.72357
-1.82672
-9.80263
-4.50573
1.52013
-1.62374
-5.47663
-4.46259
-2.70501
0.36359
-2.18560
-0.71360
3.75755
-1.14470
0.00444
-5.35866
2.16194
-0.46483
1.93748
1.27533
8.80242
-0.11474
-4.18433
0.49729
2.35630
3.72626
1.21772
-1.96652
-4.25500
-0.41360
1.16610
-3.41609
1.52003
-1.93306
-1.56194
-7.04732
2.89676
-0.27066
3.82390
2.52183
1.26544
3.23576
-0.11521
0.97976
0.00053
2.40389
-1.98035
-4.57090
-1.20076
-5.05929
5.94791
-2.91519
3.48543
3.32061
-9.68493
5.06146
-3.12407
-1.07537
-3.21859
-1.94975
-4.45470
-0.28669
-0.43747
-0.45657
1.49115
-0.93875
-4.34685
-4.11126
1.35621
-0.96202
3.29909
-3.27045
2.31108
1.72344
-1.51845
12.28383
5.93521
3.87269
6.50986
-0.33482
-1.72339
2.65773
-1.86462
-0.32676
6.49228
1.61221
1.94677
-1.42977
-2.17544
4.64687
0.22556
5.84619
-3.16090
-0.45916
-0.92839
-6.69206
0.69405
0.55474
4.56575
3.96627
2.11206
0.52585
4.85946
-4.45796
-3.26996
-1.69083
0.19133
3.93948
3.37157
-2.47264
4.49773
-1.94753
-2.80294
-3.93987
-3.46892
-0.19245
-1.19186
6.10576
0.26739
-2.46522
4.38112
-5.68426
0.75522
1.23307
2.70220
-7.42666
0.18523
-0.20286
1.10979
-0.31131
-3.64419
-4.95650
-0.25421
-0.54247
-4.99403
-4.43173
5.21404
4.86163
-0.57181
-0.90424
-3.01299
4.05271
1.11246
0.39174
6.07265
4.30832
0.11109
-2.20214
-1.62798
-1.32969
0.97819
4.66217
1.37936
-2.33079
-0.07442
-3.77281
-2.58038
0.10929
6.37478
-1.95968
1.84436
-0.94935
-0.23862
4.00124
-4.59793
-11.20301
-1.07750
4.67403
1.45787
-4.15732
-4.29642
1.04344
-2.81407
0.66309
-0.02964
4.38925
1.88514
0.14895
-1.86230
-6.59060
3.01659
1.97765
2.27546
-10.23914
4.82802
3.09084
-6.47136
2.42110
-8.24161
-5.35513
1.82677
-2.29594
3.75242
0.10668
2.77622
-5.10370
0.12408
-5.51563
1.45470
4.38375
0.67012
5.48936
1.01091
-6.20984
-2.50684
-1.86491
-5.77517
4.96355
0.06878
-4.70947
1.20765
-5.24191
-3.44641
-5.84675
1.17390
-2.59130
0.11742
3.06947
-1.99296
0.53196
-2.56302
-4.34696
-2.81886
4.49111
-4.03306
1.07230
0.81727
6.38748
-5.71239
0.94940
-1.20956
-1.77470
1.87775
2.30829
-8.83546
-0.41700
0.04980
2.59852
-4.48944
7.68876
-2.31322
2.70829
0.53046
0.36111
-2.19681
0.52481
2.69012
-0.71529
-3.23916
5.56988
-1.10295
0.02775
-4.11537
0.19735
3.29959
-7.17492
-4.54274
-4.52847
3.98761
-2.90088
-4.91229
1.75732
0.98270
-5.75616
-4.88985
4.38161
-1.95038
-1.46601
2.43256
-5.66088
0.10451
0.94201
3.03181
4.14409
1.57279
-1.79330
4.78438
-2.56456
3.76460
-1.78322
3.32942
2.65339
5.54907
1.92268
-2.39718
-1.53336
-1.92421
0.94054
-1.62856
-2.10716
2.97547
1.74006
8.87532
-2.35857
2.04811
0.61061
-0.60495
-2.89792
-4.02197
1.82463
-0.21639
-3.78324
9.16010
-3.68267
-0.43275
7.53061
-9.08195
2.45668
-3.97230
2.27454
-4.83864
-2.18607
1.36632
-5.83403
-3.01151
-1.79213
5.63770
1.34086
3.16792
-0.98634
-0.71775
-4.63528
2.33534
1.91471
-4.13984
5.16395
3.86328
10.55645
-0.74195
0.76017
-4.09233
-1.22706
-5.94522
-0.85980
-5.70379
6.87159
-2.21089
4.25627
-8.87921
-3.19107
-4.10209
-3.25657
-0.83587
2.76107
0.16060
1.37137
-3.78887
2.30555
-3.54876
0.49786
-4.01968
0.13990
0.50246
-5.68621
1.02265
-1.88408
-1.72167
-3.26718
-4.75500
-1.93031
-2.64855
4.13331
-0.30557
-3.45809
6.40966
-2.49520
-12.60706
1.22727
-0.61851
-3.94411
4.90725
3.15188
-4.28817
-4.36990
-3.71171
0.11387
-1.78633
-4.28963
2.77952
-6.88225
0.01375
-1.71386
3.85785
-9.64850
5.72814
-3.42380
-1.76212
-1.45142
1.51402
-0.07495
5.64123
3.90283
-4.25546
3.17863
-3.38487
-0.53028
6.84474
2.07912
1.97004
-4.53626
2.70781
0.98704
2.46042
-1.24868
-1.29313
-7.46366
1.59007
2.39428
-3.79967
-3.58222
3.78761
-4.59859
-0.43541
0.56615
-6.76055
-0.66386
-1.85895
-1.16126
4.90546
-1.79584
-4.40651
-4.43109
-3.90427
-0.68544
-2.29151
2.43420
9.96716
8.68549
-6.42486
-7.62068
-4.93390
1.73017
10.17296
-1.58641
-6.92841
-2.20950
6.34096
9.01309
-0.73639
4.41134
-3.07528
4.97212
0.99129
3.92165
4.87173
1.91929
1.53393
0.60008
7.09163
-7.88143
-3.62937
-3.19288
-2.09119
5.85976
6.82300
0.49248
2.34856
-11.21028
5.93992
1.68484
2.16898
-0.77909
-1.09797
11.09133
-9.67000
7.96384
0.53347
0.12024
-1.36623
1.61713
-3.09885
-4.30720
3.36837
-0.50704
-6.47734
-0.45352
-8.04414
-0.96211
0.91514
0.77114
1.47997
1.03511
1.29720
3.04083
-3.45747
-2.95690
-4.71340
2.57069
3.10943
3.25797
7.10050
4.89157
-0.03922
1.05473
-2.92774
2.36334
-3.85847
-5.47543
2.47947
-7.12312
-1.30735
-0.15890
2.39527
2.55561
2.38871
4.32291
-4.29113
-3.51039
1.40367
1.74520
2.44945
-1.42184
-3.17642
0.38259
4.75599
-0.81827
-5.24683
5.34959
-2.77096
1.73358
1.92282
-3.45365
1.18659
1.03395
0.71734
-4.34428
-1.16906
-0.60352
2.33850
2.31185
-0.58279
-4.55675
2.04919
-1.55464
6.03627
1.54308
-2.65334
0.82651
0.80728
-8.04303
-4.56653
1.28651
0.97777
4.68738
10.61408
-1.39292
-1.13858
1.65463
0.37486
-1.87593
-0.20522
-1.72576
8.11915
6.60069
-0.85302
1.92355
-2.46881
-6.81237
4.01956
-2.80723
-3.34476
-3.99337
2.54808
-2.25949
2.95549
8.85367
1.82033
3.22544
2.92873
2.32248
-3.16173
-5.71564
2.22604
-0.28221
-3.92318
5.54885
1.94230
-1.79080
-0.86203
-0.45759
3.17778
-3.04568
1.81769
-1.41361
-2.95300
0.44206
3.97923
0.44627
4.64324
2.56421
8.55483
-3.08175
2.88200
-4.11122
-3.89280
-3.87442
1.06794
-7.72656
2.53404
2.77099
-1.58147
-10.82169
3.99149
-2.51330
-1.35543
-6.37268
4.74744
3.00630
-2.96759
-2.59442
1.53529
-3.74601
1.64710
2.49151
10.64134
-1.51304
6.46744
0.73103
-2.87511
2.90982
-2.95872
2.43241
3.24763
1.02777
0.96762
2.33811
0.76728
4.28374
0.73034
-0.33697
0.10888
2.86819
1.83366
-0.64109
4.20969
0.98367
7.31985
0.03160
2.63383
-0.82649
3.24111
0.17636
-0.82909
-5.41990
-2.78437
6.82124
1.83726
-2.61737
-1.43512
-3.68841
-1.20637
5.09292
1.99120
-2.11429
-1.24452
0.66772
0.56897
0.03289
-5.08156
-2.66970
4.11928
1.52201
1.54702
-0.16735
-7.58536
5.12524
-0.55153
-1.02405
-2.96503
-1.13689
3.44270
2.54907
0.06784
4.66556
-2.28967
0.71712
8.01315
9.99960
-4.33315
1.57509
0.46167
-2.44013
5.27396
-3.57180
-0.54456
0.20897
-1.24488
5.13353
-5.71329
3.56510
6.02042
0.59126
-2.83218
-0.34970
-7.75835
-2.29745
-1.11891
1.74399
2.81296
4.89155
-7.92696
5.17447
5.50276
8.08523
0.84576
6.68255
3.21096
-1.81855
-1.49101
1.52333
2.46369
8.65105
-4.62949
-1.59572
-5.84184
2.51159
3.99909
1.20220
-2.59346
4.34818
3.55480
-2.85735
6.44628
-0.74605
-0.68597
-1.23511
6.39336
-2.56845
0.96533
2.87332
1.17182
3.86927
2.73827
0.48460
2.18669
-1.06238
3.41514
1.14098
3.32639
2.80577
-10.57547
0.66664
-1.49703
-5.87957
1.46036
3.39882
-1.29573
3.85637
-2.21902
-1.34238
2.08686
3.43159
-3.40373
0.02234
-1.22713
2.26652
-2.51315
-4.55320
0.36281
3.66675
-2.36169
4.83282
0.66305
-5.59152
0.12661
-1.88027
1.16435
1.59454
0.36926
1.18644
8.28369
2.63995
-1.23499
-4.76648
-3.81705
-2.99741
-1.71771
-2.38577
-5.94800
0.63067
0.52768
3.52067
5.68212
-1.20291
-2.84706
-4.29037
1.94944
-7.44452
-0.22521
-0.42014
6.17758
6.45936
3.44639
3.48664
3.65436
-5.07325
0.11886
-2.30513
0.10294
-2.04210
-4.78324
2.46646
3.24667
-2.47406
3.73119
4.54861
-5.41970
8.09292
4.25672
0.48890
-1.69712
3.79142
-1.25527
9.34871
-0.21657
-1.74149
5.03251
0.29209
-3.34756
1.37564
6.32624
1.76922
7.38554
2.36787
-4.34928
1.76566
5.55826
-8.33979
0.70563
5.70853
2.24603
4.14020
-2.32171
0.51244
-3.13035
0.31072
1.76855
-5.47996
2.69316
0.59651
-8.17148
-0.31854
3.93976
-0.02764
-5.39023
3.54913
0.13711
1.60446
3.70371
4.35857
1.24632
-0.63826
3.31463
-3.37667
-0.20413
-0.98013
-1.39201
2.78733
-7.06343
2.92286
-2.59308
-1.52163
0.63747
-0.89183
-0.05272
1.54102
1.63110
0.41828
6.02117
-6.63594
-0.05875
1.56537
4.54248
6.08112
2.05772
-5.05936
-5.31934
2.14895
2.65459
1.39673
-2.17996
-1.87609
0.34056
-2.31130
-4.31809
-1.20136
3.28490
0.77881
6.19323
-6.02210
1.10380
-1.00703
4.16293
-1.98080
1.58289
0.91837
0.48928
2.52488
-2.07623
-0.00676
-1.63044
1.03585
1.00859
-1.01440
-0.99716
-2.68587
-0.73212
-3.02076
-0.18927
-4.13369
-1.29739
5.66012
-2.03885
-2.55025
5.94900
-3.96701
-0.45641
-5.45209
2.11965
-3.80516
1.99144
1.09968
-1.62674
-0.56375
4.09890
-8.76910
-3.50798
6.05721
-8.27388
0.55759
4.50333
5.14002
3.65103
4.01280
0.65067
1.33756
2.11078
3.12405
-3.43052
0.19377
-1.01819
0.17747
-4.31660
1.29936
-6.16285
-1.42953
-2.47061
-4.88294
5.22936
-0.08550
2.89760
-4.03545
4.56377
1.06773
6.03159
-1.60412
-6.30556
-0.88980
-1.78769
0.22908
-1.72944
-6.09988
-2.80068
-0.73197
-1.63055
4.81005
-0.13034
-2.24446
-3.82322
-2.55223
2.96502
1.42334
-0.00178
2.93338
3.32875
8.95011
1.99953
1.96050
-6.25794
6.37870
4.31224
5.81523
1.88583
2.94189
6.68762
1.09519
-0.63426
10.54799
0.42501
0.59779
8.12584
0.87332
-1.13858
4.79408
0.51149
-3.57418
3.18032
4.03509
2.17340
-0.55952
6.06090
4.04195
-0.21276
2.94775
-4.06722
5.36934
7.77368
-3.81597
-1.16616
11.52126
-8.92135
2.36623
-2.83206
-2.46496
-4.48147
-8.50850
-0.64176
-2.95530
2.14108
-1.07275
6.52416
-2.18508
2.02705
0.83886
-1.50217
-0.69042
-3.87819
-0.59716
2.47633
-3.00087
2.20461
5.68696
5.53712
1.96147
5.18430
1.24247
-8.89444
1.35018
0.00908
-1.35432
3.58936
8.49846
0.94092
1.49820
0.05382
-4.76672
0.61679
8.83909
-0.35768
-4.71997
5.00672
-1.24266
1.55763
-3.28246
2.23048
6.70820
-5.68541
-3.83820
-1.93773
8.56072
-8.21998
-0.45506
-7.47153
3.04590
-1.62450
-3.17935
-7.61365
0.45706
0.10550
0.67740
1.62360
-3.00309
-6.82789
7.22745
-4.79377
5.92230
-5.86360
5.35727
4.20277
-6.68776
-1.19484
-0.34428
5.81310
4.16891
1.34150
-3.48990
2.88747
4.85638
1.64311
-3.92477
-3.01366
2.80328
0.31742
2.94704
4.28488
-3.79269
3.87348
-7.15104
4.51234
1.52515
-8.47865
-0.39583
-0.78012
-3.64870
0.43679
-3.93756
-3.20049
2.55620
-6.10991
0.39584
2.09404
0.75938
-2.12030
5.08422
-2.01961
-4.37432
-1.05621
-0.56702
4.02633
0.24683
2.27711
-3.42953
-1.48618
-2.25205
0.59398
-4.04382
-4.25498
-1.95291
-4.49330
2.27099
-2.34240
-4.56981
-0.21078
1.71729
-6.22760
0.45170
-2.97026
5.19928
-0.32396
-0.71563
3.50150
1.61505
-8.54451
0.27362
1.38861
7.18176
-0.93627
-1.89897
-0.54677
3.25976
-0.37287
5.22024
-2.04897
3.65964
-0.16969
-1.68821
4.52331
-6.06562
0.46439
3.14646
0.01210
-3.27676
9.73979
-1.42776
2.60205
-0.52915
-10.28035
5.97355
-2.20532
-5.18429
-0.41723
1.99513
0.28470
-6.90427
0.34103
5.75953
7.57761
-5.02843
4.34930
0.79428
-5.04192
-7.73249
-1.91272
1.78591
-0.42316
2.71153
-0.22727
1.05564
0.48964
1.17014
-0.54059
-0.14463
-8.20202
-6.60843
-4.74395
-1.44039
-2.13425
5.27602
5.49115
8.61338
0.97645
3.05927
2.73499
7.15227
-3.10946
-0.36350
-4.45632
1.35606
-1.06653
-4.35187
1.74620
-3.28114
3.50562
-3.87352
-5.02918
1.50401
0.83410
-3.86274
4.88733
-2.36601
-4.76612
-1.85736
-1.91934
2.61688
3.49552
4.69113
-1.67351
7.38607
-0.66308
4.26849
-2.76793
-3.64638
3.66116
1.73675
1.88223
-3.16629
0.19548
0.10378
10.61510
2.01557
-3.25965
-5.50538
2.21713
2.30426
-0.00496
3.02967
1.36652
-1.65152
-1.01477
-0.10579
-0.65726
-0.98937
-3.67009
-3.61217
1.02065
3.44728
-2.03059
0.83755
3.19597
0.13943
-1.26920
-4.60276
-5.24285
4.45130
0.05889
-0.10083
-7.25602
3.32180
3.97491
0.47783
-4.90214
-1.93022
-0.79294
-2.59514
0.27559
-0.68723
6.20633
-5.04429
3.66644
-3.76566
0.36816
0.82971
1.50565
0.96873
-0.18519
5.64582
-1.74405
-2.61979
3.81483
7.01400
-6.07000
-3.59562
2.24765
1.49689
4.98026
-6.43778
1.40317
-1.46656
0.91285
1.41537
7.36672
1.13132
2.48065
-3.53245
2.84236
-1.46683
1.63127
0.58255
2.67811
0.85188
-0.97616
3.93347
-1.25588
-4.88175
-1.85644
0.76494
0.29795
-4.07771
6.98319
3.86410
-2.19581
-7.02064
-0.34319
-1.57161
0.58904
-5.59338
-3.70882
2.37316
2.00292
-3.09410
0.02842
-1.81650
2.36539
-2.96479
-4.64018
-4.75603
-0.89245
-1.96944
-2.47324
5.71095
-1.89935
3.45231
-5.89250
2.40645
4.43825
0.08255
-0.64574
-1.30196
2.33003
3.92966
-3.54295
-0.32714
4.08902
-4.56606
-6.16741
-1.43293
-3.78064
-0.05647
0.07260
-1.05476
-7.09342
-3.10209
1.86289
3.38183
-3.54082
4.55928
-1.51569
-2.97153
-5.27305
-0.44567
5.14660
0.48441
-4.53561
2.35503
0.55525
-0.03344
3.93654
-7.31468
-0.43701
-0.30030
-5.75642
4.63211
1.29096
0.67210
5.30193
-2.74493
6.22492
-0.87504
-3.67565
-2.37314
-6.38782
2.04533
-6.14669
-2.14705
-2.78290
-3.68374
-0.20790
-5.04129
-0.83177
-1.68001
-1.84611
11.56916
5.67600
2.84570
-3.00448
2.67956
5.24237
-0.11055
1.38157
-8.20637
-1.19929
-2.00559
-1.71675
-3.02701
-2.61522
0.43071
-2.56463
4.70495
0.78841
-9.42160
1.71057
-1.10143
5.74530
-2.65447
-5.94485
3.78325
9.90755
-3.57181
-10.68386
-1.73402
4.03113
-2.29081
-4.20760
-6.11294
-0.56368
-5.78553
-5.49935
-0.75653
1.07692
4.07432
2.72163
5.46184
4.71955
2.63504
0.40653
-2.69132
3.51194
0.91944
-0.73433
-2.02392
0.50631
-3.92611
3.75220
-1.65540
-1.86764
-4.86796
6.99166
2.70127
-2.17821
-2.28500
-0.02737
-0.92117
1.37179
-1.06015
-1.13441
-1.55456
-1.72234
-1.37439
3.53014
-5.14706
-9.41713
0.51415
-4.23029
5.99716
7.03728
6.30373
-6.28517
-2.26071
-4.31473
1.33380
-7.89881
0.16715
0.38178
0.11505
7.20546
3.01217
7.80262
2.03854
3.83097
-0.72926
-2.38666
1.02225
-2.57915
2.62904
-7.86023
1.78800
-0.43850
4.47501
3.30623
-1.68594
-5.23799
6.43004
-6.51238
-1.61132
4.63076
-1.78810
1.85063
-0.39414
3.24605
-6.24655
-1.37133
-1.81231
-8.06907
3.97961
-2.05597
0.45887
2.47709
-3.85903
4.20285
5.77653
5.57875
-5.81859
-5.55949
3.47318
3.43459
2.59184
-5.10698
4.30273
6.92497
1.00613
3.68635
-0.31203
4.44953
4.68753
-0.26756
-4.79985
0.35037
3.24061
-0.09499
5.82281
1.05679
2.12342
-1.88458
-0.46762
-1.91869
2.99419
-3.67662
0.73499
-6.60504
1.68710
-8.86723
1.97074
-2.77868
-1.02957
3.83305
-1.79228
-1.40224
-2.54212
3.16000
-2.09745
2.68073
4.29902
4.93214
-6.59533
-0.37228
-0.88381
0.86303
-4.60166
-5.47764
0.12620
-5.61531
0.93740
-0.25688
-3.58980
-0.97791
2.08215
-7.48972
-0.75151
-4.44554
3.39797
-2.32687
-1.19500
-0.75315
-3.57399
4.42537
2.53601
0.55144
-4.48115
-3.62276
-0.15541
-2.18117
-7.93884
5.99951
1.93096
2.86519
-4.56652
1.21340
-3.13090
-4.27059
-3.55488
2.26847
-2.94693
0.52490
-2.74406
1.93534
-8.24703
2.74317
7.72525
2.78642
3.73415
-7.73087
1.08156
0.63422
-3.75724
-4.35295
3.32596
1.86017
-0.97225
2.10440
6.65485
-5.12389
2.66729
-1.40763
-0.44379
-3.84945
-2.74841
-2.83052
2.85180
4.54937
0.26193
-0.34426
7.25276
-0.89081
0.30052
-2.24765
3.66985
-0.52137
4.57508
3.88349
1.98463
0.98759
-6.60403
-1.55636
1.30750
0.99911
-4.08396
1.17519
-1.16490
-1.05464
-2.57863
-5.61615
0.08097
-5.53141
3.66148
1.84062
0.20850
-2.16060
-0.94703
1.47480
-2.59055
-0.91445
1.18246
-4.04634
1.11865
7.40811
-0.52077
-3.11830
12.12114
-3.84407
1.53959
0.12095
-3.22188
1.39459
5.83061
-3.14232
0.56102
-7.90675
-1.60067
-2.49548
-3.43663
2.86544
0.38577
-2.46294
-7.33308
1.68776
-4.05134
-4.40501
-0.78006
-7.54383
-0.82692
-0.52472
-4.57527
1.82654
-4.61706
7.10184
2.43826
4.53482
-2.17494
-4.60356
0.78868
0.63100
0.57548
7.46447
7.76259
-0.26324
2.02105
1.25829
5.48609
4.25149
-3.44072
5.18968
-5.87421
-7.05689
-0.67237
-5.17163
-1.34122
-5.25689
-2.70100
4.02843
2.92850
-2.77718
0.05266
-10.15679
0.15229
-0.27499
-2.45200
-3.07367
3.83843
4.60943
3.84184
-4.91049
-8.03224
-4.09478
2.58620
9.19213
2.02606
3.52811
-4.97012
8.34321
-2.26635
-4.49223
-1.12224
4.28733
-1.38806
2.58653
5.80670
3.09451
-1.98337
4.73371
-0.23766
-3.53942
-2.93467
0.03014
-1.67118
0.55700
3.94299
1.75506
1.79206
3.61590
2.94230
-3.43368
6.60918
-2.86777
3.69477
-2.60773
0.24712
1.25800
5.25866
-0.10002
-5.07824
0.08391
-9.44578
-3.55121
4.22454
5.75244
0.17828
2.90398
-0.75503
0.50994
2.95791
-0.05549
4.56765
0.28935
2.43559
-5.29561
2.19506
2.98813
-4.16160
1.04417
-1.53601
-3.90600
-1.16797
-4.49824
1.48300
0.73960
1.81493
3.12009
-3.69948
4.62836
3.32900
-2.61996
0.92161
-6.23372
-5.11334
3.33380
2.06998
-0.05898
-3.67356
2.97204
-5.23332
-4.43710
-4.94770
-1.56162
-0.76063
-0.83873
-1.76534
7.62647
-0.07493
-4.37430
-1.49147
-1.24757
-5.33077
-6.13557
3.38045
-1.99959
2.01950
-0.86079
-3.26755
-1.67145
2.19603
2.29821
-3.26701
-0.55810
-0.38189
1.79542
-0.10822
-0.09291
-0.50765
1.30105
-5.81512
-1.13899
-4.97768
-2.36029
1.44343
-7.41045
3.66484
-0.55045
0.10244
-2.22257
-5.35255
1.01221
2.46519
1.59065
2.81098
6.14304
-2.19701
2.73050
-4.72483
-5.01189
-3.10816
1.67705
0.53461
3.75876
1.83731
-1.35298
-6.88779
-4.11968
2.60591
5.25859
-4.60395
-6.00900
-3.19339
-2.05210
-1.35711
-2.10680
0.50696
5.13006
-2.92695
-3.76683
-2.57104
9.31043
-6.34851
-2.85494
-1.61874
-4.53704
9.33260
2.58040
1.94857
9.63497
-1.40573
-6.13456
-6.70105
1.34715
1.90653
7.66608
-3.45056
5.50613
-3.13021
3.54498
2.50136
4.51533
-2.24381
-3.57111
-4.57569
8.16695
6.03628
-1.29465
0.10150
-4.63922
0.05710
-4.97754
3.20207
-3.96964
-1.45530
-1.28626
0.75395
7.99863
-8.30986
-2.07665
1.72672
1.58591
-2.03783
4.53579
9.58285
-5.03606
-1.10627
5.53378
5.97663
-2.91609
13.05386
-2.18525
5.57232
2.57905
-3.33735
-5.87657
-1.80399
8.47190
-0.05189
-1.19886
-8.42922
4.49504
3.11012
-8.16582
3.49403
-3.63918
2.79077
2.44566
-0.33845
0.36945
-6.29389
-1.05642
6.85744
-5.16796
5.51457
-1.04654
0.30636
2.89687
-3.76323
-3.64643
4.30555
-3.59005
2.28059
-0.82949
6.81587
-3.01682
3.86032
-4.69637
2.47072
4.03862
-3.56322
-0.47332
-1.44947
-3.15092
5.93568
-6.87816
0.38434
7.84532
4.90495
-1.40330
-7.28549
0.16524
-7.05989
5.78718
-2.57447
2.04539
0.15876
-1.05159
-1.21104
0.60008
-4.31089
-3.14123
-0.27726
-0.41899
-1.77114
-6.01301
-2.21770
-0.68094
-0.58675
0.46735
-2.41297
-6.65110
-1.63167
1.32207
4.17232
0.05354
0.00058
1.01467
-2.16651
-8.31674
-1.94892
2.69343
-0.72421
-2.47436
-2.85735
1.62200
-2.59565
-1.41017
1.11355
0.65232
3.53227
-2.95898
-2.92247
4.20618
-3.53569
-6.99040
-2.86474
3.86526
7.12023
-0.54856
-0.30439
0.40570
2.12602
3.51246
-1.89785
-1.72140
0.88845
3.24755
-2.02301
6.39877
-6.76156
-4.33630
0.53125
-3.13843
-0.95902
7.23806
-3.83565
0.03716
-1.56227
0.81682
4.96561
1.61504
4.23411
-0.27343
0.71669
1.25379
-1.59775
-3.10073
0.82625
4.82844
-2.67012
5.77029
2.29614
3.82814
1.26490
-2.44272
-2.54299
0.14266
3.42708
5.44429
2.60374
-0.58657
-2.03758
1.31519
2.43039
-4.61226
3.28681
-4.54692
3.11025
0.19934
-3.53095
3.85125
4.11313
-2.61696
2.67705
-0.07858
-3.39925
-7.59916
-6.33194
0.76964
-3.96285
6.31876
-3.37255
2.69294
-3.20900
-2.73543
5.43745
1.90422
-0.52191
-0.39232
1.44950
0.69799
-0.21898
-2.71612
-0.50105
1.88666
1.92871
-4.08900
-0.18472
-1.34770
1.00052
3.40643
-1.62663
-0.80506
2.72400
3.15367
1.58481
-1.77333
-2.73419
-0.48271
-1.83543
5.34619
-2.09397
-1.59962
5.64393
-2.17838
-1.51812
-4.77351
2.98767
-1.18215
-1.25757
-8.33867
2.03375
0.30960
-3.11724
-3.66456
5.44881
5.67987
-0.76690
-1.26941
-0.14480
1.19589
0.73964
0.97654
-6.58430
-1.14893
0.41970
2.53154
0.27425
-6.46922
0.99924
1.17904
3.36764
0.18897
-2.79693
3.25154
-8.98304
-3.63258
-6.50284
-1.15704
2.91021
-3.27522
1.80065
9.19483
6.47450
-0.18560
-0.46267
6.31418
5.96046
5.81701
-2.68655
2.38797
3.39473
-0.53745
5.60968
2.04473
5.93037
1.11467
1.84064
-3.41721
3.46333
0.29094
6.12914
-0.45888
2.13157
1.04048
0.84666
4.61289
-5.99003
-0.19644
4.14189
-2.84822
0.78197
-0.53260
1.39254
2.19038
2.67003
-5.86267
-0.04336
-2.73824
3.55531
4.12176
-5.43604
-0.88474
-4.38420
-2.85303
5.50167
1.18943
-7.95603
-5.76047
-6.69256
-6.43434
1.13320
-3.81124
-1.83355
0.22142
3.41127
-4.54420
7.94431
2.06702
-5.44174
-0.95721
-2.56708
5.90763
-1.03974
4.43191
-1.72932
3.36461
3.30948
-1.52607
-0.08208
-1.23212
-6.38613
2.35205
-1.66824
0.98365
-0.51995
0.11470
-5.00292
-2.86332
5.17164
-5.35342
-4.37637
-7.53619
10.35691
2.90518
7.78110
-3.87617
0.68447
5.65695
0.73082
-5.31362
5.18389
-7.34618
-6.68986
0.82113
1.68858
0.86562
1.90403
-8.55309
3.50673
0.42730
3.97691
0.34719
4.12203
-1.67472
-1.60109
3.49942
5.46774
5.23867
1.41626
2.83507
-3.52670
-5.18957
1.86087
-0.19460
-4.78175
-1.26569
-4.15612
-0.92656
-6.58784
-0.05525
3.90351
-6.08924
0.55052
4.78102
-1.09097
4.01746
4.55808
0.02633
0.23420
0.41447
-3.89861
-0.76829
-3.67900
-5.23492
-6.06102
2.18828
-4.56214
-0.18593
1.25481
-6.33391
3.56139
4.02494
-4.23179
1.53758
0.05557
-1.98977
3.51340
-4.11882
2.48501
-4.73051
-3.10864
-2.21808
-4.57086
1.99323
0.00070
0.95926
-1.06339
-8.55490
-0.94179
1.53210
0.20127
1.09970
-0.55821
0.72777
1.60772
-8.19414
0.06165
1.11253
-1.54471
3.14517
-0.33441
6.07902
-1.08720
-3.92586
-2.78685
2.79874
12.19438
-4.67909
8.63133
2.10145
-0.30650
1.05400
1.64577
1.59636
0.31863
-1.38146
3.96690
-7.16108
6.10236
2.96467
-4.73126
-0.72556
2.59625
5.95337
5.83624
-1.94133
-8.26735
-1.18307
4.00045
-1.03747
-1.18523
-2.18304
0.20078
-0.63055
4.37039
0.06090
0.19555
0.74139
-5.34323
0.59167
6.00916
-1.89726
2.32975
1.53628
-3.42691
-0.33463
-7.44974
-6.42141
-1.34512
9.32872
1.55532
0.26306
-3.58735
-4.50003
5.89141
-4.09879
1.90071
4.54733
4.36824
-2.68507
-7.01618
7.63955
-1.78232
2.96384
-0.30584
-4.53901
6.14716
-0.99635
-1.56107
0.48444
1.59442
-4.12246
-0.61151
-2.51069
-1.76089
4.32091
-1.93868
2.85970
1.18509
-6.06187
-0.32639
3.02256
0.77294
0.41195
6.34240
5.69882
3.16462
2.20686
-2.19354
-7.51797
3.20041
-2.27925
6.28633
-2.75079
1.15798
5.04912
5.03984
0.50992
3.61541
2.60642
2.11626
-0.21272
5.82863
-0.53443
-3.52186
-1.40617
-2.94393
6.08036
0.40445
5.15687
6.88668
0.89188
-4.77260
2.08022
-1.44601
-1.22285
2.24767
3.45088
0.38489
0.22790
-6.84787
-3.95633
1.79652
3.22128
3.99597
-1.87802
1.15180
2.89504
-10.73925
0.05119
2.10222
0.45632
8.46828
-2.92256
-5.52138
-0.64883
4.41052
0.74468
1.12262
6.26347
2.86678
4.98725
-2.18000
-2.93438
-0.04749
1.09580
4.88040
4.79372
-0.54495
-0.32436
-4.28524
-1.07134
1.78209
0.67571
0.20633
0.96730
-3.88504
-3.90755
-10.31214
0.92391
-5.44934
4.25829
-1.88056
4.40125
-2.16302
-1.42212
-3.33693
0.07597
5.92252
12.03225
-2.24052
-5.30796
-0.49873
1.56715
-2.04445
-3.79220
-2.15888
4.20802
-3.67700
-5.12215
0.92053
5.41701
-1.40799
0.58084
1.66950
-3.36303
-1.12171
-2.95480
1.12842
0.65549
-6.53024
5.10578
2.42883
-1.01253
8.83853
1.65443
5.19552
-6.02821
0.93315
-3.36859
-2.57843
0.50244
4.01883
-8.68503
1.33230
3.77427
-1.07075
-1.43003
-0.13289
-0.60857
-12.01014
-5.55493
-1.20029
-1.12339
3.18031
1.77847
-2.39124
2.25928
2.36634
5.54491
-2.66595
0.78937
2.08756
5.38660
-0.62410
-1.83734
3.57664
6.12773
-4.93297
-4.90954
-3.95923
4.60277
-3.67365
2.62461
9.43039
-1.00310
-0.50354
2.68290
3.66362
-6.77287
-0.21439
1.10732
-6.69240
0.29090
-3.16690
0.26513
5.49047
-3.27745
1.05870
-0.84980
2.96603
-7.36197
5.11097
-5.54568
3.26415
4.72397
3.10858
1.38662
-7.30925
-5.04078
-4.36722
1.29699
-2.04494
-1.94792
0.97234
3.64147
-0.89257
-0.92579
-3.11978
-5.39013
-3.92879
-1.29191
5.87743
-2.79698
3.49485
4.93618
4.50543
-5.72287
1.69381
-8.92633
-7.29164
1.74047
0.40058
3.78228
-5.27094
-1.58455
1.62025
-0.27480
6.99947
1.52173
-3.67177
-3.20595
-2.48238
3.53864
-1.61535
-7.02617
0.03733
3.45424
0.53604
-1.83586
-6.75338
0.59517
-2.32899
-5.09923
3.50547
1.01032
-3.14167
-3.55086
0.08456
-3.47266
-0.52960
-4.42166
-5.32444
-10.61016
6.00716
5.57030
-1.83511
0.36241
-1.26579
-1.48937
-0.61269
-2.87052
-1.46528
0.54462
1.87705
-1.02825
-4.88344
2.31306
5.71555
-3.92698
0.47049
-0.50710
10.38975
3.97429
-2.17776
-1.56012
-0.07695
-0.91822
-6.39430
-0.10647
-2.46674
-2.65155
3.79829
-3.00069
-3.69511
1.82151
3.39773
-2.05622
-8.86768
0.34704
-1.46578
-1.97659
-1.25519
-4.93315
-5.01976
-5.61516
-1.04379
-7.56256
-4.70192
2.44637
-3.70560
-0.91405
-9.54732
0.83661
-1.00213
0.36086
-3.19670
-7.96481
-1.26630
0.50358
-1.83151
5.01330
1.72274
1.39665
-4.95242
-2.61269
3.46083
8.33425
-9.78929
6.07059
-3.90099
2.69076
2.68607
9.58954
-0.05700
-11.63182
-3.06834
-0.05780
6.22176
-7.82775
-2.28804
-6.81416
-1.30218
-0.65844
2.84700
0.59082
-2.31310
-2.40933
6.49295
-6.40495
0.26736
-3.37674
6.68174
1.51531
-3.66563
3.36052
-5.59421
2.50276
-2.31337
2.38385
0.93144
-1.46481
0.43810
-1.90615
5.49809
-2.18470
-0.83127
-2.92071
-4.12040
2.02058
-0.74629
-4.49650
-3.30353
-7.99905
-1.41341
-2.38348
3.15123
1.99349
-1.79224
-4.30994
-1.92482
-1.43275
-0.53497
-0.82430
3.44870
-1.99520
2.98041
-1.10154
0.67259
3.52336
-4.09914
3.49655
-0.31944
-0.41370
2.56239
6.01946
3.75893
0.32249
0.68473
-5.97553
-0.98173
0.73333
-6.04505
1.63443
-3.87357
1.35600
4.99835
0.53345
-0.22979
1.74054
-4.88536
-2.36682
-3.33585
6.97674
9.08344
-0.26227
5.08248
2.22193
6.92896
1.50690
5.84817
1.80546
-5.70423
-1.93846
-6.87826
1.12427
-0.76519
2.62907
0.78207
-0.26048
-7.02856
4.68288
4.12616
-2.22220
4.88651
-1.71320
2.38258
2.95323
-1.02023
0.82147
2.07652
-1.11238
3.39789
-0.50089
5.22249
5.06934
-6.36949
-5.28515
3.28191
-0.69354
-1.34961
-1.00811
-2.33170
-1.85631
4.26361
3.88776
-1.92647
2.93520
3.74758
-0.84342
-2.11166
-2.33854
8.47180
-0.37259
-1.25315
-1.61173
-1.70253
-3.92661
4.91058
1.90977
-0.25310
-5.61132
-0.43459
2.91698
2.51220
-4.62540
-3.73331
-1.97433
4.12558
0.43416
1.66187
-2.36716
-5.26376
3.06940
4.16144
-2.63129
-1.04687
3.67594
-1.45383
10.83345
1.18534
0.00007
4.76247
-1.56252
-2.07642
-1.06998
-2.87431
-1.30295
4.88074
-1.24346
2.83212
-3.28391
3.32809
5.73065
4.67943
-12.42737
-2.97968
4.82964
0.98544
1.83357
-3.42923
-0.34983
4.59046
6.56818
-3.23602
1.06434
3.25157
-3.60087
1.03911
1.15237
6.00495
-2.86748
-4.22238
-0.22988
0.76223
-2.72864
2.48147
-5.17400
-0.62186
1.66504
4.30825
0.48715
2.54053
-2.57730
8.17825
4.27536
0.30334
-5.41604
0.55491
-1.78548
0.50639
-1.44338
1.13321
-3.15382
-7.32997
0.74302
2.98270
-5.17879
4.96241
-1.33505
-5.54048
2.36704
-1.25841
2.56484
4.24843
3.10881
3.52132
6.88798
-5.72012
3.96154
3.09701
-4.86060
2.03266
7.94047
1.18627
-1.55600
-4.24452
-1.28024
4.48856
2.65883
-2.02403
-4.47737
0.41475
-5.27397
2.47567
-3.72527
-1.88897
2.49469
2.17755
-0.39725
-2.12025
5.46439
1.25911
5.24094
-2.45483
3.24065
3.09051
3.76155
6.26167
1.20862
-1.73269
2.76285
2.13433
-7.61890
3.75668
4.76541
2.04961
2.57024
-8.04563
2.24300
0.95663
-6.19237
1.09892
-2.47847
-0.19046
1.72074
-10.22501
-0.64803
-7.18165
1.40011
-2.16192
-0.57150
-0.91610
3.55015
2.17441
-3.98939
-1.30747
5.20864
-3.30479
4.05349
1.70470
0.64545
4.52017
7.31094
0.06700
1.29328
-0.60247
-8.51520
-6.69252
-0.30300
-1.52278
1.01308
-4.63432
-0.77866
0.91609
3.63710
3.46927
3.68252
2.07502
-0.25372
1.37744
4.71151
1.05105
-1.60577
-4.96426
3.16959
-0.45589
-2.05952
-3.81666
1.74003
-1.79270
-5.89432
-7.52349
5.95484
1.99187
-1.94049
8.15725
2.45675
1.71745
2.00928
-5.03276
0.47128
2.78889
2.10792
-3.52758
2.15104
1.16643
5.91097
-1.69069
-0.30011
-1.95048
-1.65714
-5.44368
-5.67255
-3.67607
-0.09927
1.14228
0.26497
0.14007
-0.59266
9.28995
-2.76362
3.79407
-3.77577
1.69691
4.19508
-1.18180
1.52776
-3.06176
-3.80984
3.92168
-2.36873
0.49206
1.19772
-0.24224
2.25246
-2.82688
3.11249
3.68284
6.56978
-3.07607
-0.82871
6.02844
-8.07696
6.30142
0.62331
2.08805
-3.24925
5.43434
3.65764
3.33736
-5.83827
-3.57168
2.73386
-0.69099
-0.53945
-4.06555
-4.90978
-1.25126
-3.88558
2.21430
0.69868
7.12534
-0.77557
-0.59040
2.12075
-6.00786
4.71926
-5.24858
-4.59950
-8.56405
1.38593
-5.69033
1.31329
-0.86876
-3.26607
0.47510
0.33224
-5.24365
-2.40562
-5.08324
-3.21496
1.24248
6.44892
0.61088
7.34259
-8.59777
1.04964
-0.16005
3.64717
0.47549
1.61349
1.10666
1.13077
-5.14780
5.15196
0.56862
1.39730
2.51071
-4.34402
-4.00726
2.03200
3.65263
2.65197
-3.25631
1.50927
-4.51013
-1.84222
0.11886
3.34633
4.14332
1.19720
-9.80121
4.09199
6.10323
2.72834
2.34557
8.80500
-1.77279
1.13371
-3.88238
4.43883
0.02594
3.12851
-6.11281
1.31247
1.63763
-1.46982
-4.83241
2.00981
-1.44406
-4.21106
-7.24937
-0.50514
2.75825
-0.93725
1.45998
3.55776
-2.38012
-4.03888
-0.07814
7.72930
1.92079
0.62738
-4.50263
-3.14284
8.94908
-4.41859
-2.83726
-3.63033
0.12923
-14.11161
-0.56956
-2.89970
4.36349
-1.45334
2.24234
-6.25251
9.14862
-1.36164
-2.43187
-1.98293
1.70248
0.75739
0.00505
-5.09724
9.00141
4.14862
2.42881
-6.77042
-3.50744
1.79191
2.07744
2.98627
0.45946
-0.86324
-1.45918
-0.03397
5.31713
-1.44484
6.68982
-0.86542
-1.90853
3.22390
1.90445
2.74127
4.92189
1.20026
-4.93766
5.88034
-4.53619
-0.49921
-7.83764
-2.10695
3.14819
-6.62901
0.72829
1.33606
-5.72483
1.45948
2.89126
-0.43195
-0.36262
3.94775
-1.50708
0.83240
2.68615
2.23633
4.23828
2.76214
-6.55305
1.06955
4.15586
-0.20021
-1.95823
6.91906
-4.63351
4.91414
1.83722
3.51641
-4.24015
-2.40349
-0.49155
-1.52893
0.81213
-4.54259
5.24940
7.17280
0.53185
2.74296
3.30327
0.18030
-0.50385
-7.08159
7.36500
-5.57485
-4.92896
-3.68752
-0.34089
-0.61480
-5.58941
-0.25210
-2.46726
-0.41895
1.75386
-1.83428
1.84130
0.39653
1.66710
-5.27001
-4.39858
-2.58591
2.36566
1.59139
6.86319
1.38496
-3.39612
0.67720
-4.63500
-0.99382
3.51630
2.65330
5.21772
3.60666
-2.44398
-6.86929
3.71780
0.58115
-1.13585
0.36172
2.60375
0.02262
-1.30899
3.77032
-2.93486
-3.21106
-0.35482
-1.61004
1.30457
9.30990
0.05092
7.69660
-3.51800
-1.84470
-7.19235
-2.11539
2.66703
4.48633
9.69812
0.30789
0.52776
1.85134
0.05080
0.00513
-6.92556
-4.57332
-9.46878
-2.56347
1.35981
-1.40935
-2.20556
-4.99904
7.45738
2.80642
2.66183
1.76488
-2.65299
-3.75404
3.47798
-0.82945
-1.79119
3.99360
-0.68525
-0.23171
5.58840
2.53132
-2.40370
-6.76750
-1.75913
-5.65541
3.50709
-6.01446
-4.51678
2.40711
1.18310
-3.79774
6.50696
1.06303
0.39571
0.92156
3.75199
2.19430
-1.34796
6.26000
0.47405
-7.17082
5.04544
2.24690
-3.25847
-2.13927
3.50468
-5.27427
-4.79257
-3.84831
0.63610
-1.98728
-1.51018
0.57199
-2.47576
-1.59563
0.22372
3.92245
-1.92892
0.53802
-5.58385
-2.17906
2.81816
4.10497
2.22239
1.59818
-3.82794
-1.38966
-0.53416
4.26536
3.44331
4.37247
-0.50233
1.14345
-2.93902
4.44882
-2.24966
1.63920
-4.67785
-3.38546
-1.16049
-0.30146
-6.62770
2.86386
2.52722
3.33967
1.61256
-0.67881
-0.76895
-2.52578
0.90385
0.50021
1.05725
0.13227
-5.89247
0.16719
-1.46869
-5.65732
1.07896
7.44547
4.36703
5.96763
2.83676
-0.99251
-0.47604
0.70544
-0.54946
-8.65331
3.34716
-0.70080
9.04809
-5.49328
1.39213
6.41863
3.94270
-2.10294
2.46275
-3.34970
-1.82419
-2.05744
0.79953
-5.37786
4.75326
2.63232
6.52859
2.07278
-0.06990
-3.62639
-4.77218
-5.88828
5.02590
-1.48979
-0.62482
-0.59792
5.16353
1.97743
1.49149
1.86616
-6.54534
0.51454
3.43072
7.12827
-0.88004
-0.07016
-1.94078
-3.51710
0.29234
7.58972
-2.81132
2.74018
2.82006
-0.31113
-5.16971
1.01510
4.47441
0.08066
0.54203
0.96731
-0.08696
-1.23894
-2.85440
1.94163
6.03154
3.99714
1.69992
1.60647
1.21769
-4.25608
0.59987
10.94817
-2.14122
2.41570
2.79463
-4.09614
2.38178
-1.17135
1.79829
-1.15283
4.22539
0.65165
-0.41840
5.96234
3.18468
4.29573
1.65418
-4.39882
-0.03884
4.11285
0.01435
4.80829
5.60850
-0.57055
6.53590
-0.73787
-0.42858
-5.51711
-3.53030
2.13517
-0.02944
-7.21484
-3.05763
-0.38088
-0.98577
-3.21832
1.54816
-8.72912
7.00173
6.70138
-9.38087
-3.85333
0.68061
3.48505
-4.48671
2.53295
-0.30301
13.63018
-6.33086
-0.72580
1.88354
3.16789
-6.46238
0.02495
-1.69836
1.85965
5.42328
6.82780
5.56434
1.42131
-2.69017
1.01391
-5.78931
2.34216
6.57975
3.23579
-7.89966
5.83277
-6.32874
-5.84859
-5.73823
1.58106
1.37347
1.78227
-2.20832
-2.98726
13.20809
0.98765
0.72306
3.04597
-4.67969
-2.16865
-5.01676
-7.55747
0.67707
5.33733
-8.25823
0.63967
5.62321
0.30958
-2.80812
3.85660
7.10929
2.07301
3.20770
-2.24052
0.36884
4.31621
-4.41804
5.11940
3.21930
-5.69504
-0.79014
5.07216
0.85467
0.85743
-5.20003
-4.44082
4.22788
-1.47740
-4.82138
0.95536
1.38215
-7.65341
-11.85186
-0.40523
3.83737
-4.79988
-0.82229
5.92552
4.12478
-0.21243
-1.84463
3.82468
-5.97186
2.91058
2.44229
1.23084
3.95909
-1.75367
-2.24544
9.65098
6.15147
-1.42442
1.37906
-1.56298
-5.89531
-3.94988
-0.22887
2.08704
0.42820
-1.10362
-0.88966
0.59901
0.59170
-1.96575
2.23186
4.06158
-1.53156
4.43192
-3.52927
-4.10679
4.05312
0.14374
-0.99581
3.20879
1.72698
7.55327
3.79196
-3.34960
-6.41096
-1.51010
-3.25013
-0.65660
2.73087
-3.90609
-2.43797
-0.78098
0.31764
-5.44167
4.99581
-1.47689
2.47690
-3.02667
-3.51767
0.32501
-5.65987
-0.54224
-2.55143
1.17608
4.83440
-2.31814
-3.13260
4.60684
-4.77181
0.43133
-4.42355
-1.92740
-2.93355
-1.05730
2.72071
-3.41671
8.52769
-4.24371
0.56116
1.26914
2.56044
-12.93521
-3.78539
5.55839
3.82843
-2.18870
-2.53286
0.85358
-0.63324
4.81017
2.99311
4.80322
-1.92400
2.64683
-6.22463
-3.45517
0.99215
2.58056
-1.34434
-0.45775
1.38740
-3.40498
-0.49423
2.58424
-6.41916
-0.01363
-0.78790
8.53390
-4.76046
-5.17123
-0.13259
4.58318
2.94716
5.44147
3.07129
-2.74337
2.47260
0.36568
-0.63555
5.48285
-0.76027
1.25679
-2.98314
-0.41452
-1.26727
0.83931
0.10607
-2.97297
-3.67050
-4.84776
-8.59382
2.11937
-2.35877
-3.53938
2.90415
2.52969
0.79362
-0.47534
-0.20839
-2.07776
0.40850
-6.15480
2.74935
5.39865
-3.76845
4.73710
-7.58789
3.90340
4.69470
4.52579
2.82229
5.59917
-4.70589
4.57815
3.66677
6.36671
5.62353
-5.80706
-5.83269
-3.55100
2.74938
-6.19660
0.97194
2.18823
-4.66863
0.12072
-1.37099
3.84574
0.76383
-3.67831
0.72547
-2.02236
-3.31340
0.08915
-7.52140
-1.63957
-0.66159
-1.19320
1.57978
1.37809
7.17231
0.99826
4.98852
4.21858
-1.93202
-2.73046
3.30596
-5.41341
-5.18288
4.12365
4.16868
0.21302
-1.66454
-5.94465
3.85733
-1.42748
0.58536
-2.23977
0.96690
2.80010
-1.09638
3.69443
-10.17525
4.32907
0.84645
-6.06683
-4.31032
1.89428
0.85186
2.86307
-6.31301
-7.64238
1.97820
-0.08029
5.94399
0.48616
-0.43709
-4.19680
-0.02413
0.93005
0.63858
4.48236
1.98759
4.82071
0.98999
-4.59373
-2.22544
-2.63082
-1.79688
4.16990
7.77505
0.65935
3.11153
-3.02643
-6.63524
1.23130
-1.44133
7.38438
-4.48708
-1.77019
6.02529
-0.74116
1.17326
-2.80546
-5.12407
-2.94670
-1.74671
1.04034
0.43243
-3.58330
1.98762
1.91042
0.16542
-0.77062
-0.61137
-1.55414
-1.39954
-0.24759
-1.54469
5.22776
4.69668
3.56777
-7.64161
3.40874
3.65933
0.66988
-0.24911
-1.99303
4.21449
3.30585
-4.07719
-8.44639
-6.27860
-3.65079
-1.37550
-0.24148
1.18733
-4.94065
-2.06088
-5.00292
0.42254
3.43521
-2.97539
1.12480
1.15072
8.13077
-0.96420
5.38534
7.47917
-1.51136
-1.02511
0.14922
-2.91716
-4.19664
4.51658
4.13178
8.63514
1.15125
-4.42187
-4.55743
0.13293
-0.62823
-2.21909
4.10324
1.43904
-1.46259
3.62167
2.46717
-3.64250
-2.03013
2.60391
1.56617
0.21411
-1.94548
2.48281
-1.80142
4.26455
8.81134
1.43569
3.04256
2.15565
-1.27691
2.61592
-3.78734
0.94023
1.94525
-5.48466
2.55033
5.51780
2.17900
3.52631
7.81696
-5.43848
-3.32804
5.76553
-1.82191
-1.23950
2.04820
-2.43457
2.97155
4.04082
-6.42231
0.14044
-1.75923
0.97792
-4.53861
-4.42804
-5.25949
-1.05690
-0.35341
0.50929
-2.55176
3.59699
1.91425
-4.45858
-4.29170
3.96914
-4.65671
-0.81898
4.77481
-2.88305
-0.52942
-3.42629
3.23715
4.01459
-3.74097
-6.77848
-2.93219
1.88140
-2.78429
3.73283
-0.95956
-3.94672
5.96683
3.73564
8.93305
-3.13647
6.64487
5.25119
-1.73817
7.21496
-2.26282
-4.79882
3.58677
-5.45089
-0.57662
0.79749
4.69101
-5.01083
0.11741
4.91377
1.69054
0.33838
3.80855
-6.23343
-0.58370
-2.39739
4.39784
-9.77225
7.94521
5.44724
3.41594
-1.61825
-6.90847
-1.72139
-2.28223
0.91920
2.06167
0.13850
0.79486
0.76279
0.78682
-6.81095
-2.60154
-6.27544
3.34433
-2.42344
3.65806
2.55538
3.43798
-10.99195
6.05204
-2.22623
-3.26987
-4.35814
-5.87636
-3.54084
1.81793
-1.26532
-0.57895
-2.22241
0.67082
-1.25029
-9.33078
-0.23555
2.96962
-0.25632
-0.58718
-4.85964
-3.04112
-3.44985
-4.82163
0.30738
0.42896
-1.63690
-3.28006
0.73017
0.20655
-4.35356
6.35921
-5.99284
-1.62585
1.01192
-2.86819
3.97847
-0.19513
2.63713
6.93988
3.85678
1.21339
4.35589
-2.91674
-1.45398
1.58150
3.99322
-2.89496
0.41332
6.37680
-2.33303
-5.81073
-2.93927
-1.77418
-2.12220
-1.64348
-0.58916
0.39401
-0.26157
0.95843
-4.56392
-0.89509
-0.92558
-3.56083
-4.67605
3.85605
2.28813
-4.09695
4.09202
0.89059
-5.58085
-8.58926
-2.43286
6.19138
-0.81917
-1.63016
-0.57111
-1.90418
-2.71233
2.81153
-6.86258
-6.17748
-9.06429
6.05927
3.07137
-5.48272
-0.02252
9.18197
-9.06640
8.32759
-3.52640
0.45755
0.22560
-1.83935
5.88089
-7.28039
0.15634
9.28879
3.81271
1.04592
-3.39501
-1.90942
-1.54938
5.62670
-4.47407
-2.12285
8.04060
-3.42622
1.99498
-3.33507
-8.01702
4.01003
-0.30680
0.40479
-3.88703
1.26719
-1.87826
-6.48997
6.34940
2.37403
-5.21031
-1.17123
-1.28681
0.97181
9.82594
1.41842
-1.48535
5.63176
1.38585
1.93649
-3.46905
3.31962
3.80894
-3.64443
1.94236
-4.95533
1.95440
0.41926
3.73777
9.79156
-1.34746
0.85818
-0.98838
-4.69607
-4.24203
-1.12545
6.38654
-2.97117
2.29933
4.76842
-4.77396
-0.78426
3.82487
3.50299
-0.31850
3.22084
0.37337
-1.80299
-1.33838
0.04000
-2.70246
4.27906
9.06787
2.19536
3.86850
-3.40683
-4.38739
-3.62407
2.83574
7.78112
1.99908
2.04046
0.72245
0.05542
0.60110
2.69453
1.91821
2.05985
-8.71129
9.07728
-2.86442
0.28851
-1.16243
1.26545
-3.90180
-3.23393
1.04801
2.15660
2.90148
-0.36977
-2.89332
-3.71241
-4.99160
-3.83879
2.03210
3.11216
-1.27293
-1.03529
5.22075
-3.17402
3.58932
-5.72028
0.41507
-4.70802
-3.22416
2.77528
3.99041
2.22690
-0.57211
-0.59142
4.55724
-3.50084
1.85981
0.77603
2.84899
-0.83472
-1.55436
-4.48348
4.64016
-5.80731
-6.45275
2.28641
-4.80222
-2.21607
0.21517
0.32548
-0.78680
3.86662
2.97919
-2.24544
4.47059
-1.20511
2.73734
2.40170
3.52147
-1.88858
-4.65125
-1.72488
-0.09922
3.35506
2.23981
-8.29312
1.40327
-3.31619
0.05471
-0.44387
6.26287
3.82855
2.30135
-5.19637
1.75535
4.52817
-6.05840
6.08558
-5.73357
1.58708
-2.33295
-4.81852
2.02398
7.62688
-0.07731
1.73497
1.21870
4.11771
-1.22525
-2.40497
-3.39850
-1.15234
-5.95676
3.53044
-0.47034
0.02522
-5.83376
3.41637
-1.51303
-4.55457
-1.41543
3.60422
1.26905
-0.76281
-0.41933
-3.99228
0.98927
-1.40860
-3.41353
1.56577
0.53439
2.50045
-0.48245
-0.08105
2.38576
2.87052
1.18374
8.20542
3.22099
0.16766
1.35418
-3.23344
1.88535
-0.02478
4.38149
1.38096
-2.02539
1.18030
-2.45857
-3.31957
-1.89664
4.92803
-5.65462
-0.74255
1.73045
-2.59557
1.15531
2.48446
2.41813
0.11674
-0.34070
4.68401
-2.56535
-0.73284
4.85828
1.58498
4.67633
-5.49399
5.44246
3.10182
0.98927
1.63610
0.54336
8.02214
-2.87466
-1.82475
1.40175
-4.27229
-3.26022
3.22694
2.61627
0.61849
2.09065
1.16581
-3.31855
-4.78008
-0.01010
-0.70757
2.56441
1.98716
-7.42688
-1.90550
-0.47765
-3.64605
-5.03234
7.29966
-5.57740
-7.98941
1.66200
3.63907
-3.53909
-5.71312
6.78501
5.25773
6.25209
-2.91045
-2.43603
2.18178
-1.76854
-3.07117
0.87937
-0.13925
-0.92508
-0.18800
-3.77960
-1.98033
-1.62691
0.39740
5.47318
-10.46119
7.15429
-7.06724
-0.72669
-8.24132
0.52265
-2.83120
1.10727
1.41762
6.96037
2.33786
3.05303
-8.04023
-7.28960
5.20511
3.80935
-1.47051
-3.26729
-1.93850
5.05058
1.06095
3.13718
9.98890
0.92264
-6.16047
-1.50838
-2.51389
0.73073
1.63511
2.03682
-7.65493
-0.75397
-9.02375
2.22716
6.37137
-4.58520
4.17095
0.59739
3.80513
3.31971
1.71640
7.13628
-0.10555
-1.58436
-4.79517
-1.39845
-2.09319
-4.30599
0.11727
2.39649
1.12389
-0.33955
-2.39060
3.33962
3.44549
3.68810
-2.24991
4.98940
-5.15506
-4.19361
-2.26413
-2.67722
-5.77714
0.21593
0.33761
-3.83770
-10.42150
-1.04382
-4.39977
-0.79671
3.94846
0.59306
-7.03147
3.62594
-6.21434
3.82371
1.26756
-1.12225
0.59667
2.77004
-0.40688
-3.12619
-2.23587
4.01704
1.62069
5.50307
3.50094
10.58689
-4.82229
1.00122
2.80893
-1.20425
-0.81816
0.80330
-1.11140
0.89091
-2.55328
5.66529
-1.85373
5.83464
2.83691
1.45982
-4.21783
5.42442
2.25687
2.63560
-0.76681
6.01228
-0.32639
2.75255
-2.01386
10.20401
1.24532
4.00864
-0.35087
0.12530
1.21975
4.85778
-4.28168
3.80286
6.04586
1.84260
1.60134
2.46115
-0.14520
-7.22521
0.38012
3.93454
5.27147
2.01760
-1.99219
-0.06087
-3.81637
-2.17848
0.13521
5.92588
1.52142
0.73619
-4.37288
-0.40862
-1.30872
0.06184
2.43063
-3.80717
-3.53500
-7.33777
1.59337
-4.25395
1.61403
-3.98331
1.53116
-1.28442
3.89024
5.98940
-4.07339
3.14630
-2.81485
2.64678
-0.56069
-4.19275
-7.68655
3.14296
-2.00415
-0.00146
-0.22012
1.28799
1.38192
4.04131
-5.13551
-0.48058
1.05066
3.95426
-0.11223
-2.61780
-2.33594
-4.02796
-5.57486
-1.48778
6.23901
-4.64713
-1.44844
-2.92293
-5.62534
-0.21459
-0.92627
3.75407
-4.30932
1.16318
-6.02224
0.21485
-0.40918
-5.02202
-6.60294
-13.58878
4.96615
-8.32363
6.20956
-5.67101
-0.57713
0.20551
-1.82303
0.12613
-2.49377
-0.21481
-4.46083
0.46401
-3.87456
-5.00100
8.37309
3.34269
1.16336
0.02244
-0.08155
4.70877
-4.37069
-1.76524
1.20067
7.63145
2.15186
-4.92075
1.86473
2.46916
1.62999
1.05080
-1.39459
-4.68356
-7.54452
2.87503
1.96945
-0.12039
6.34257
2.89236
-8.13275
4.22364
2.85943
-3.41734
-1.62289
0.94001
-0.20677
2.83764
2.69720
-4.87739
3.77512
0.38882
-2.01260
5.06011
3.73596
4.08906
-2.40977
-2.52899
-4.20130
1.66259
5.32723
0.56158
-6.19890
1.08411
-3.03578
2.52332
-0.54976
-0.11475
-3.07330
-3.32075
7.01067
3.12960
-3.14442
-3.52835
4.80537
-4.55610
6.95790
6.92967
-3.26522
-4.57786
6.21533
-1.83899
0.58543
-6.54727
-0.80809
6.60801
-1.30642
2.19065
-5.48423
-2.85553
9.34195
1.22544
-0.89833
-2.48502
-1.04842
-1.22203
0.86020
-4.77497
3.13290
-1.46228
-0.26528
4.08564
-1.15131
-2.42384
3.35765
2.64148
0.34184
2.11981
-3.28867
0.35698
-0.97570
2.77066
-2.54083
-1.27009
3.17655
2.19590
-2.99862
3.99874
0.18109
-2.95480
1.51684
-0.92999
-1.16880
3.81627
0.74727
4.26534
-1.17989
-0.62683
0.35628
-1.77895
-5.50257
-1.08578
1.68764
8.36963
-4.10467
5.74309
-3.31313
2.96570
-1.94911
-4.83844
-7.94563
-3.85405
-1.17212
2.71249
1.51203
5.46929
-2.84259
-0.24607
1.23136
1.05953
-4.15143
0.92660
-5.09842
-2.00275
1.69874
3.70369
-5.75356
-3.49404
1.93835
5.75282
6.24139
1.55492
5.86851
0.10307
-2.87079
1.56603
-0.37671
-2.29249
1.44148
-2.39750
0.85226
6.49492
-0.45008
-6.76153
-1.32139
5.62822
-1.59411
-6.47937
-8.72971
1.27738
7.47692
-7.06492
-5.83295
-3.53883
-2.58176
-6.47232
2.75201
-4.96021
1.34868
2.34584
9.28622
4.22708
-0.31835
-4.58158
-7.03192
1.73323
4.16691
4.50029
5.30500
-3.50739
2.50435
-4.89798
-0.51935
1.43493
-4.47038
-0.33982
3.09250
1.41352
-1.67547
-5.37906
1.57270
-4.36877
-5.69173
-4.67014
4.55012
4.22636
6.98268
3.13321
0.38229
-1.95714
-7.87027
2.25589
-0.96139
1.77930
1.83849
-1.98859
5.27808
5.81463
4.50315
3.38046
0.85031
-0.16744
-5.45416
0.71583
-3.86637
-1.10668
2.95105
4.70432
6.17557
3.58204
1.27615
-1.19646
5.72161
