-5.73839
-0.24635
-1.47668
-3.49209
-2.91383
-2.29587
-0.74941
4.14334
-3.80088
-16.02544
5.00996
-10.03674
-10.92887
-5.63614
-6.42224
-2.29626
-6.27157
11.28391
-0.87834
-4.81154
0.89227
-12.99296
-0.04310
-2.61632
1.08761
4.29413
6.44098
-5.68740
-3.80733
-2.88948
2.43919
16.12096
9.88569
-7.92835
-3.81885
-9.84442
-1.05917
-4.79876
2.91277
2.18914
15.46114
-1.31954
-7.99355
4.32849
-3.67312
-13.80169
-2.71996
-10.04672
-5.21634
0.30035
6.42693
12.39119
-18.17381
3.37154
6.05414
-1.69627
-3.73109
4.05845
-8.44809
-4.42146
3.64908
-5.21897
-7.22719
0.87547
-7.95558
-3.34575
-1.20656
5.25997
-2.46214
-4.18906
1.36955
-5.95560
-2.07735
2.76466
-5.74634
-10.65479
13.87508
2.55424
-4.68986
-5.68740
5.00965
-4.43169
-6.89016
-5.80417
-3.01530
-2.04156
6.93342
7.31968
6.25582
-1.96754
0.12176
-10.63392
0.34078
0.98205
-9.72664
2.82517
-1.55463
1.51610
8.08475
2.08643
-13.43685
-1.24944
7.50542
5.73789
-3.84146
5.38133
2.16260
9.24134
-7.38799
8.96826
-5.31757
-9.43162
9.92641
-1.16565
1.10560
2.87630
7.41511
3.25856
2.47787
7.43175
-10.76423
-4.92466
4.66511
-4.82494
7.78807
2.46208
-3.15001
-5.49268
-7.45809
1.39156
-6.13147
4.75000
-1.52108
6.54114
-4.99812
-0.46500
3.61100
-10.48258
8.28447
-3.30373
-12.10443
9.31095
0.09740
-10.11247
-9.91432
-2.48045
-9.54662
-8.19250
-11.19608
3.88109
-2.50397
-4.53012
-10.15087
1.08912
-2.98172
-2.34091
-0.17353
1.24409
7.66842
4.04089
-1.60311
8.03970
1.03110
1.59555
0.97813
0.54598
-1.24936
-1.67049
-3.63214
7.72128
9.95237
0.16741
5.65963
12.31977
1.25507
0.41293
2.00346
5.94888
6.85408
2.19139
-7.29209
-1.13501
-0.69355
0.98087
-0.98916
13.10957
1.07858
-1.29081
-3.51197
-3.92289
-2.81964
1.68479
3.30665
-5.35819
-3.38233
7.59004
-6.81990
-2.29593
-5.47269
2.95972
-7.43371
9.01291
-1.40241
-3.64504
2.75885
3.07470
0.29545
-0.72768
-8.79056
2.77016
3.58696
10.22456
0.73438
-8.62793
-8.63639
-1.74207
10.11528
0.35610
1.34926
9.38663
0.04230
-1.74889
-4.09511
-0.98794
-7.58986
4.11130
-12.68370
1.69532
-2.10578
4.32804
4.42156
2.18824
10.04006
4.51862
5.03737
-1.86280
4.17913
11.25296
-2.73827
-1.51761
6.45299
-4.18309
-14.18057
-3.78713
10.36658
4.06523
9.10530
3.78643
-2.88548
-4.50677
0.44775
5.54166
-14.44992
-5.68064
-0.24696
2.11306
0.90607
0.18054
5.05838
-5.08655
-1.70186
6.15654
2.73640
-0.89898
2.58484
6.96301
4.31173
-9.24919
4.57657
13.86263
-2.89516
9.09440
-0.59336
1.47108
-1.56040
6.14435
1.03217
4.18250
-4.48756
-16.19333
-10.11648
-6.62905
7.10183
-8.11868
8.00875
5.54594
4.56072
0.66732
0.81502
-2.21891
-3.37486
-7.61483
-6.39597
-0.46442
4.62176
11.25946
3.32821
2.74299
-4.79773
1.59661
-9.91592
0.00560
-9.61999
-1.50588
-3.71118
13.84677
8.51912
-0.99857
-0.39341
-4.01840
-2.84804
-2.91458
4.25641
6.78296
-4.26075
-10.63531
-13.97415
-4.20089
6.37871
4.32888
9.01417
0.93578
6.35368
-1.70280
-0.66294
-1.24939
-4.31647
13.25660
10.19727
-0.38585
8.81901
-4.53390
3.99488
2.95729
2.45639
1.89914
-5.19040
2.80755
7.15794
1.05929
4.48612
-4.73608
10.33867
-1.98942
7.31784
-14.35715
-6.54172
-4.29130
-4.42494
-4.61894
9.67811
0.67083
-14.29440
-6.20693
-1.15094
1.71412
-4.24786
7.62086
-8.65828
11.46473
-0.01375
13.61738
0.35925
4.05607
8.32766
0.02880
0.51926
-4.95994
-0.37435
-9.82164
-1.87495
-10.03921
-3.71817
-10.32965
4.59584
4.09071
-2.60505
-7.88516
3.55734
0.65698
5.68322
8.09270
-6.52217
-2.98420
2.76758
-5.95867
7.02090
-11.08650
4.55756
5.79895
-1.36749
6.58654
0.68160
4.45306
2.83330
4.10965
6.86837
1.44516
4.20615
10.90650
-10.20463
-4.79540
3.93102
-0.50190
0.64637
1.02326
-9.72872
-1.27850
-0.95458
5.32711
9.75387
0.16113
-2.77614
6.84430
-4.72832
-1.17501
-1.38864
9.38748
-6.71457
9.85689
4.69436
3.59583
-9.64811
8.49736
-2.77771
6.56634
15.11283
14.22566
1.30196
0.93444
-3.72118
3.88094
-12.15072
-2.65423
9.66026
-9.91713
-3.96416
15.65993
5.17046
3.24233
7.33003
0.87175
0.16980
6.48256
-0.50071
-0.46192
4.75502
4.49128
-3.21558
4.98094
14.51507
-15.85168
4.37779
2.51455
-4.61437
2.90032
-1.65171
-1.51404
-2.34386
-4.30186
-7.50992
0.85570
2.78872
-13.29257
-8.51136
-10.35390
3.65937
-6.38727
-2.10578
9.90900
-7.05495
-7.26045
7.81195
-1.15918
-0.12288
2.04095
-6.65732
4.97948
13.08999
-4.05898
2.15546
-6.19477
-12.30234
3.70710
2.21229
6.03396
2.25794
5.83768
-5.93207
0.87405
-2.30559
1.94739
-8.45532
2.97638
-3.66048
2.23997
11.42510
-1.99598
1.06147
0.11627
-11.44451
-6.03946
0.76305
3.74239
18.67174
3.44034
1.06548
11.00288
-15.05894
-5.29268
-6.12732
-1.18697
0.95678
12.34917
0.69540
-5.03125
-2.50542
4.67902
-9.36302
2.14056
-0.35647
1.16747
-4.43537
-9.10850
5.99582
-8.38872
4.65150
-3.48882
2.99024
-9.96709
6.81672
2.90426
0.26458
2.41596
-0.73279
0.45387
-5.17900
8.01242
-3.44357
-4.70811
-0.97588
0.73570
-3.66458
-3.32608
-3.85400
4.88461
4.10011
3.34598
-9.15223
-3.95412
-3.38196
3.70099
-5.15643
1.61617
-7.98857
1.06728
2.12590
10.87295
-5.00898
3.69953
-7.80940
-5.08466
3.12631
-3.16546
11.09226
-5.14716
-0.66233
12.17523
-6.31537
5.74988
6.20312
-9.49713
-9.17116
-0.45940
2.94712
-2.46764
4.66062
-9.83733
-1.10177
9.36122
17.70822
4.08332
-3.35029
3.40385
-2.12061
-9.19785
6.28537
15.95627
0.70562
-10.37464
3.26250
-17.77741
-2.38339
2.32677
8.10499
-7.28185
-5.00532
10.32537
19.16621
-1.55939
9.25390
4.62825
2.20009
-5.92015
-10.39735
4.18968
-1.13575
7.41661
-5.33177
1.19032
6.80677
-5.54372
2.47192
1.87817
-1.09897
6.10706
-10.01165
-4.53183
3.77342
-21.51315
-3.31002
4.85681
5.47543
-0.63179
-4.14303
1.28849
2.70142
-2.31024
2.54142
-4.55773
-5.36195
4.61550
11.89336
6.87699
12.39700
-2.36531
-6.32447
-2.25130
-2.14012
6.58395
-2.99728
-5.26893
-8.43667
3.86549
-3.86526
-0.24343
-1.62517
1.01020
-4.98536
-1.72804
-2.39308
-1.97230
-6.68893
-2.72689
5.85531
4.24467
-2.47414
0.85244
-8.03924
8.46109
8.80001
2.36407
-5.31959
-6.85910
4.04305
-9.38512
-4.39750
2.51967
-9.90863
-1.56226
-11.26770
2.87578
-5.02839
-18.75296
-3.58176
-8.08437
1.00159
1.69487
3.84934
-2.74510
-0.88136
-12.53145
-2.76173
5.75699
-6.73096
-6.61271
12.40766
1.75974
5.42041
3.10654
2.22480
-3.71695
0.98900
-2.34922
-3.56130
-4.82149
0.87364
-1.65489
3.26546
-1.83921
-1.94579
3.91792
-1.37977
3.02662
-2.20560
-2.42450
-3.34737
2.08851
-1.90924
6.64200
8.26541
-2.05601
-19.23487
-7.14554
-0.41668
6.85556
2.26041
15.19098
-0.89331
8.49815
6.86869
-2.33171
3.31887
-7.63188
-3.61027
-1.87062
11.90315
2.31169
8.16139
6.99616
6.09283
9.09088
-6.72119
-3.14463
3.13507
-3.80167
1.42116
4.50208
-0.64591
-4.71312
8.53953
7.34204
-1.57013
-3.85808
-8.27006
7.92149
0.26652
4.09227
6.63263
8.25651
10.47523
7.82972
-4.94872
0.59804
-4.00070
3.06901
2.90481
-4.60185
-1.85522
6.86047
3.84172
-5.70817
1.09579
1.51968
-8.46227
-4.80952
0.08488
8.58529
-0.09427
-0.92944
-3.30726
8.28236
14.23271
0.36990
4.14293
0.75865
18.54031
-8.15348
-5.21118
-2.30065
-5.62962
3.57748
7.64603
6.61699
6.26824
-2.30018
2.61753
-3.66432
10.21914
5.74706
0.26421
-0.24810
0.28612
11.48058
-11.79802
-1.74553
3.56215
1.06458
1.61825
-3.83047
-3.66899
-4.55168
7.67435
4.36785
-2.59553
13.39417
-12.05687
-7.30716
2.71437
2.50093
3.75762
11.01514
-0.75050
0.26015
-6.33130
-1.34740
7.61854
0.60080
-3.44859
-3.49368
-3.08605
-14.01994
-2.64205
2.99367
9.60613
-7.88954
-4.10676
3.37028
0.57959
-0.98635
7.27952
-3.06524
-3.39664
-5.71897
7.19528
-0.84077
-1.85434
5.72390
0.46935
4.87199
1.23857
4.26528
-4.53394
-8.70504
-5.27031
2.63514
9.32995
-4.68096
-5.22345
-2.82476
6.16096
-7.02367
-1.29268
5.67092
9.97871
-0.31119
-17.30918
3.86167
2.82597
1.73540
-1.28507
15.95653
1.21456
7.84411
0.52280
0.78133
3.04372
14.39666
9.52968
11.62153
5.31473
4.73678
-1.86499
0.52172
1.03966
1.26140
2.78313
16.86934
5.23228
-5.77299
-15.71813
-5.20243
-7.12894
7.36186
2.17020
-2.21182
2.05840
-2.07192
1.44551
0.64645
-6.29158
6.91737
-3.46667
-11.52735
-14.60296
-1.91179
12.48694
-3.30493
6.15598
4.66017
4.13762
-4.65268
1.91120
0.98687
9.91515
2.68398
-0.21173
-0.68360
1.83952
10.53360
-2.09285
6.49724
5.46180
-7.00603
-6.19704
-5.82045
-2.34539
-0.05134
-4.39236
-7.51592
-0.89164
-0.17664
-3.87628
-5.95221
10.43187
-3.13862
0.46037
-7.05756
1.07659
0.96974
-0.47610
6.41459
-6.39311
11.49805
1.47914
-10.93988
2.16683
-8.53079
0.24286
6.39351
-7.06739
1.86404
-1.73729
-6.69795
-10.97561
5.82716
5.46584
-7.64379
7.57587
4.63138
17.05560
0.31123
9.40274
5.33693
5.36310
-7.19071
0.10181
6.08351
14.00567
5.48333
5.04897
3.64058
2.32093
4.52816
-3.74350
0.65472
-7.61826
-0.16926
1.46848
-2.13839
3.54873
-6.04970
-6.83787
1.17230
7.96238
-0.50678
2.76674
-3.89197
-0.73677
12.00444
6.08453
-9.46904
11.43558
-6.87794
8.59955
-0.30098
5.53155
4.12191
1.28301
-1.34212
-2.08052
-8.73119
-3.33670
3.64102
3.90542
6.35818
-1.48886
1.43548
-7.51331
3.49006
6.02640
12.18570
8.72890
-13.03732
-0.24979
-13.34089
-2.01520
7.08384
2.31208
-0.22754
-5.52902
-5.78025
-0.49063
0.43905
1.79853
-0.67367
-6.34999
24.88322
9.58034
-0.48100
5.86528
-0.20966
-0.19871
6.46668
-3.24051
3.04242
-8.71680
-8.91682
-12.75807
1.10504
6.81128
-5.43568
-4.51134
8.51755
2.29706
1.18157
-16.89572
-4.11869
-1.86310
3.97659
-8.67180
4.40690
-3.90052
-9.94268
3.64236
3.19073
8.18762
3.55913
-3.91532
-15.77482
14.98843
4.22367
2.32722
19.17338
-4.41970
1.29186
1.26627
-5.10944
-14.07428
-3.42236
-3.25256
-2.30408
-1.24231
-2.71513
5.78923
-1.55038
-8.62515
-4.31173
-6.26557
5.79595
9.90342
10.09033
-3.76682
-11.14512
1.29159
-10.39248
-5.74688
-1.63957
-5.85006
-4.07267
-7.67420
-3.25148
1.68492
-6.00163
-3.35836
-2.28656
-0.78107
-6.01555
-5.44804
-2.47419
-5.38616
8.59461
2.08431
19.52359
-5.05870
-7.81124
12.95445
0.44440
-7.13513
-3.40455
0.76218
-3.65780
-10.32270
-5.62499
-4.89253
1.87118
-4.34534
-6.55549
-0.81404
6.42188
-1.30599
6.02702
0.76376
4.76583
2.34124
-0.86959
2.54555
-1.40341
-5.62797
-8.96010
-4.36722
-2.27079
-3.96208
-3.57073
2.92904
0.26921
10.93512
-2.76695
-2.18331
5.97211
-9.97459
12.81656
-6.24494
-3.55752
5.21456
-2.74755
15.69996
-9.23192
-5.82961
11.68542
-0.86700
-6.25173
-9.62761
-4.08182
-0.10151
-0.22949
-9.10698
5.43381
-0.16706
-2.89246
7.03694
4.30937
1.77452
7.08858
1.58109
9.38022
7.53490
8.67343
-8.14388
6.61980
0.03005
18.03560
1.38941
-5.07572
-5.40619
-6.03945
3.58846
-1.67313
-8.78045
4.07664
16.03027
-9.59653
-3.21208
5.08358
1.67190
6.52429
-10.45682
4.64056
-4.36207
6.08854
4.73571
3.84159
-3.30957
10.39982
0.68619
-2.55765
0.70229
9.29731
-6.69135
0.17940
-5.54053
-10.86026
-7.91706
0.08520
-7.86639
-8.32630
-9.96578
-3.71239
5.81888
1.07585
2.18278
10.09136
4.20666
7.59866
2.82378
-3.51244
-3.28556
-6.68437
-4.26493
-7.29179
2.13102
8.34104
8.29209
-7.99763
0.87874
-2.44220
-15.16918
6.09172
3.82215
3.71556
16.28480
6.39441
-4.00688
5.83592
0.97843
-10.59962
6.78292
-1.82105
14.65949
7.85196
-1.70191
-0.37395
1.78494
-4.97774
-1.75245
-0.57685
-0.81798
-2.82572
-12.73978
-5.94247
3.56499
-4.84786
0.24612
4.59228
-3.75035
-3.46988
-6.44370
-5.19529
-8.39220
-3.36507
-8.46446
2.89303
-3.40887
-3.52522
-3.06992
-2.12710
-8.07543
-1.20624
-7.29505
0.69739
-0.37771
-0.36126
-4.08626
1.04617
-3.18906
-5.66113
-0.33815
-0.21554
8.47239
-1.25824
1.62317
3.90467
4.20077
1.73228
-1.29236
2.35631
1.34537
-2.05074
-0.66326
-4.50961
10.16976
9.73435
-4.76480
8.37500
9.74752
-3.51236
-3.76923
1.50237
-11.63120
14.93407
-5.29414
2.16946
-0.92703
-8.83497
9.59460
-6.85956
10.18294
-1.50847
6.44428
-6.85210
-10.24864
4.43089
4.70408
3.28293
-2.78338
12.06997
3.55766
7.46004
-3.32832
1.79489
0.68922
8.86354
-3.69092
-4.83766
9.60858
-4.76055
-12.84683
-10.27029
13.89706
-6.81218
3.22606
3.82695
6.31686
5.02271
0.73783
5.87668
-2.34126
-0.60538
2.44683
-5.33214
1.46671
-3.57480
-5.38442
-3.78993
5.06395
2.67767
-1.80104
-2.00878
-12.47789
-8.78168
0.71808
19.84676
5.53819
-6.98234
2.97801
7.78442
0.50533
-6.95206
-3.23290
-1.13705
3.97489
-3.89694
3.11425
-0.10385
-11.17596
0.90989
-3.98052
-3.20038
10.02894
0.57242
-3.03544
11.51728
1.90507
-15.45890
-5.43631
0.88316
1.62637
-4.17382
1.14254
1.58168
8.67674
2.31943
-13.96148
-0.79392
-3.12802
5.29203
1.38891
-7.09150
3.74898
8.92661
0.46140
2.74228
-7.12639
7.79262
10.21116
6.11543
1.35349
2.38970
7.58679
-5.00672
5.02927
-6.63777
-3.28168
8.14499
-10.78221
2.98832
3.46677
-2.97395
-6.02200
-1.10097
1.10011
9.10289
1.78217
8.58829
-1.05671
-0.76509
5.01729
0.82316
1.20778
-3.52620
5.89825
0.84159
2.93469
8.52658
1.73927
-0.00668
3.38304
-6.33029
13.49148
7.52905
-7.62735
-5.03686
-3.11732
-1.08996
2.11315
-1.95011
0.81723
1.59963
-9.28308
1.79043
3.92287
-9.05307
3.20828
7.81913
-1.01958
-6.38364
-4.76636
0.02978
3.78695
7.58283
4.76151
-5.62288
7.86521
-6.95416
0.46512
-18.70576
-11.42704
0.80194
0.91195
5.73110
-0.27340
-8.31132
-8.60519
-3.64263
-4.85038
-4.46644
-2.59373
3.62221
3.51791
10.37752
3.82169
5.57365
5.19823
-3.69630
2.28200
-1.13563
-7.61942
-6.80227
3.56988
-5.45230
5.55700
1.64457
-1.77071
-7.56046
6.15215
-6.27415
1.70649
3.60905
-0.67647
-11.45388
-7.16220
-10.40422
-1.02890
8.99919
5.20861
-13.79303
-8.48804
0.83746
10.88342
-9.43669
-15.09634
-0.23441
10.85589
11.07737
4.97759
-1.59484
6.07791
-6.85470
5.80663
-9.20408
-0.89423
-18.42119
-2.29814
1.60130
-7.53933
-3.52658
-1.79066
-2.96284
-2.68057
-3.16510
-7.55054
0.88934
5.29278
16.09426
4.61081
-5.62819
-11.73190
-3.10108
9.36346
-1.29163
10.48720
-6.44405
2.90574
2.75571
0.54050
6.62379
3.12444
-4.99675
-8.92629
-10.52657
-7.62131
-2.47017
11.87236
5.32495
2.60234
5.32445
-2.26574
-3.41961
-1.58363
-8.77973
-0.64262
2.72324
-4.34973
9.57992
-6.02793
-6.82960
-9.57763
0.85709
6.39877
-5.79890
11.39314
-0.76162
-1.91330
8.78807
-7.11589
-2.76689
-5.50085
3.96107
-7.97524
-1.68560
-1.24846
8.50519
-3.17817
2.64075
0.49963
5.63635
-4.14862
-0.46982
3.82884
2.06468
10.92593
-4.16380
-8.31359
4.38301
-8.51432
0.48716
-14.17959
-1.64809
-0.72557
4.64218
3.89005
-3.07152
-14.04756
17.89286
-0.33511
-8.19831
-11.99778
6.17508
0.99885
-5.41925
-8.79591
16.06999
8.38237
-4.48751
-7.38941
6.26960
6.67518
0.97196
3.84273
-10.22062
-2.12119
3.69945
-4.91810
-1.83832
-8.04629
3.84408
6.72710
0.20474
7.18591
0.08706
-0.65936
10.21747
2.74702
28.27357
-8.50675
-0.91207
-2.64235
-1.94348
8.49858
-1.38735
-8.01240
-3.61745
-1.59839
10.15051
4.94905
-3.12627
-8.71001
-16.31780
8.59265
1.18880
-3.00575
3.10221
7.68088
8.68946
0.24665
-4.65204
-0.51001
4.87363
2.01648
7.21924
8.88127
-5.63603
-3.78156
-3.89520
1.48420
10.15358
8.03744
1.50564
3.70600
13.24027
3.52499
8.74464
-2.66955
9.32530
-0.17858
-3.49366
-8.00700
15.81777
6.11930
-3.76814
9.98285
-5.14078
1.32252
-5.13069
-2.50627
8.99509
6.39538
2.77361
-9.01805
-7.27507
2.31187
6.50511
-13.96872
0.57467
-3.44332
5.10526
2.99263
-7.03142
-2.78006
-4.73674
-4.08525
-10.69828
8.51723
2.50228
0.28360
2.02446
3.43373
13.95470
-11.02295
3.63931
-8.03370
-3.33501
1.04516
-9.34440
3.36098
-13.46407
-5.21635
4.34366
-4.90813
-0.94643
1.31397
-14.73448
-3.41941
-13.26030
-2.58469
-0.58500
-4.58678
2.82567
1.29832
6.99324
1.27172
0.32757
9.61812
-2.72162
-7.13654
2.00416
-2.83721
6.37440
0.15768
2.20505
-0.72304
-7.64129
-3.53618
1.48778
3.53476
1.50533
2.06839
-6.35381
-1.86352
9.33400
-7.62973
-4.57086
-4.14553
0.59248
6.23352
-0.84003
-2.98702
9.36081
-5.62255
-13.97866
-4.87745
-1.70491
1.59281
-1.53547
-3.37978
12.68348
-1.51769
8.99554
-5.43437
-5.88532
-4.00268
-0.20982
-0.93646
13.65596
5.45143
5.64697
-2.24773
-4.20963
-4.96845
4.73703
-4.93440
-1.20127
-10.63394
5.84235
0.03624
5.34654
8.21423
1.25452
0.39527
-1.17906
5.53342
-4.07943
0.86424
1.22677
-1.08355
4.49813
8.99999
1.63793
0.86290
1.02878
-0.73453
0.64296
-1.01340
-2.43438
-1.70963
-1.70141
-3.66722
-11.56382
-1.60633
-6.39134
0.11654
10.41537
-7.82805
-9.46577
-3.78510
0.41694
3.36188
3.15541
-10.67243
0.33717
4.76930
-4.68959
-6.79365
9.01865
-5.47049
0.37177
-7.18454
18.44137
3.96566
12.62557
7.47542
1.89293
1.04120
-6.56171
-5.46414
1.39177
-2.36226
-4.30678
-8.56050
2.33271
-4.75559
-9.19471
-0.95854
-4.35844
7.41124
-11.97933
6.64494
-0.37469
5.55378
-3.80537
-0.61476
2.36338
5.33761
2.01335
-2.57378
0.98540
-10.97560
-10.48078
4.94584
0.31320
-7.76436
-2.51274
2.95298
1.66851
2.25971
3.84817
7.37443
-2.35129
-1.47110
-8.19640
16.19706
-0.10310
-6.70396
3.93496
3.16984
5.65674
10.20802
-0.72047
-1.89100
5.11721
-1.81758
5.07532
-11.05633
0.22734
6.21660
10.19739
-1.22867
-1.81307
6.79571
7.06345
7.31565
1.23875
-7.78886
0.58371
-1.06895
-5.11934
-2.09514
-11.82947
1.90461
6.95854
17.97470
-9.57438
-2.13308
-0.24152
-5.11636
2.46197
-4.32588
15.83786
-13.51990
-6.59365
-1.48004
-2.63887
0.02133
14.14413
7.16819
-1.96055
6.79981
0.16183
0.15636
-4.30182
14.21855
-1.96598
-1.18543
-5.57607
-5.66705
5.61424
-6.23867
-6.52466
1.21926
-5.48191
-2.13143
-3.70402
-4.79168
-4.50222
2.35173
-2.18558
9.11417
3.70997
2.27086
0.29847
-4.35883
2.41218
5.75182
-9.70016
-0.89422
-3.77960
6.64147
0.48370
0.13299
-3.60934
-5.98223
-6.27105
-10.45906
6.33277
6.83499
7.74846
0.52470
5.21239
-13.30582
-2.77991
7.92473
-5.74923
-10.37262
-0.86519
-9.83003
-4.17602
-2.77108
-3.71430
1.09971
-8.12363
-7.66652
12.12828
-0.50583
6.15596
6.74201
18.73729
-5.38156
3.49695
-14.20278
-2.06453
15.62786
2.72564
5.36492
0.46669
4.35452
0.34006
-5.25177
-4.29182
5.01351
-7.32723
8.62931
-8.41653
3.20558
-3.03046
-4.81917
-0.94944
5.92449
-6.03489
5.30359
-2.12995
-3.34230
-16.71098
-10.59156
-8.46667
12.86606
0.41220
-2.13588
6.97331
3.63667
-3.55831
3.51451
1.06593
-2.33511
-2.79258
1.76463
-2.51712
-12.97091
-0.14693
-13.53221
-0.08572
0.81575
5.02222
-9.11153
8.40069
3.68684
3.49779
-2.36350
3.11628
6.53488
0.30264
2.54168
2.43596
-11.56168
-1.78386
-1.95878
-0.60507
7.30717
14.35921
-8.86630
3.09296
1.18553
-10.72065
3.03347
-1.73116
-7.10633
-4.49277
-5.51698
3.16211
-5.33045
8.29746
7.92620
0.24935
0.83199
-7.84643
-6.21679
-6.81467
7.70481
0.05257
-1.06307
-2.98860
-2.93133
1.04681
-12.91015
-18.24681
0.60882
5.90280
10.53359
4.72760
2.50440
8.85670
8.51681
9.58125
6.21182
9.95170
-6.73739
-6.22263
-4.00101
-1.10483
-2.46736
-3.98547
-14.23207
-11.74339
2.80690
-3.57459
-7.70817
3.94211
2.01251
5.77690
-3.07710
-6.71536
-3.62954
4.39493
-6.83096
-0.81965
-3.85467
6.65880
-6.52620
9.69668
-6.70870
-8.75855
-6.96942
4.62583
-4.88496
12.59363
-1.49157
-5.69231
-0.98256
-5.55715
-5.20617
-6.77684
-3.48316
8.23374
1.60777
12.95685
1.14301
-2.44975
-7.28200
-5.31351
-7.22843
3.13890
5.17825
-6.59064
9.34192
-5.49676
-5.62805
-0.08465
0.51762
-1.14033
-0.43238
3.80688
2.64345
-3.22946
-9.10136
2.27986
0.67013
-6.58442
-3.90599
-14.92735
-3.27120
-4.68790
3.82596
1.08605
-2.52208
-8.92631
11.73836
-4.71639
-1.49217
2.09870
-6.41221
-2.33133
-3.50001
-0.40499
13.62820
-5.29859
6.48983
-3.19243
9.43705
-1.64661
-9.06424
1.08672
-5.87050
0.05261
-1.17880
1.95819
-6.62100
-11.77772
5.46411
10.71473
-3.11514
-7.22544
-9.62791
-12.59425
3.52564
-8.92827
-4.58641
-11.48858
-1.10413
6.93648
-6.10319
3.38260
-8.39566
2.59647
-13.14910
-4.12080
0.89502
-2.68790
-5.12965
-12.19080
2.00794
-0.00836
-3.76803
1.08815
-1.27162
6.91456
-12.03480
-0.80980
1.78465
-11.42210
9.93708
1.03756
4.66294
3.91807
-11.54173
-3.78763
5.37218
-1.50681
-14.27833
7.14254
-0.52504
-0.28580
0.68836
8.27789
-4.46940
-1.42393
-10.60992
3.27432
2.21785
1.53560
0.74636
18.17380
4.91554
-9.92739
5.88897
4.50689
9.32040
5.64966
2.66755
-0.78927
-7.85401
2.09118
-4.10419
-1.76557
5.24234
6.12531
2.80796
-3.11001
1.12882
1.34924
1.16342
8.22569
4.68740
-0.75666
1.84620
-0.32318
-7.07473
2.44934
2.28147
8.09758
-3.63192
10.89726
3.16261
-7.41680
7.17146
1.21374
2.59474
-3.15552
-13.40106
12.76396
-13.06041
2.17757
0.25263
-7.39878
-9.25479
7.00701
1.80399
1.06746
-8.53522
6.32937
-10.23108
-6.08514
11.54102
-4.87197
-0.46287
1.21859
-4.47673
-9.42343
9.66475
-1.58550
2.68859
3.43240
9.66932
11.84288
-0.98040
-4.12379
-1.33782
-3.73091
-7.63943
11.48225
0.81063
-1.91004
1.82248
5.53046
-3.25785
0.11188
0.22634
-3.47818
-7.44145
-3.86096
1.49259
9.33765
-11.16991
-1.75535
-3.14389
-12.39604
-5.73128
-2.13743
-8.70140
0.57523
0.65537
-5.90307
3.87568
-6.03930
-1.09052
4.10210
-3.66419
-8.97088
3.97853
-2.63003
-1.13593
-4.39744
3.18942
-1.58058
-1.42722
-8.23548
3.34016
2.30363
-0.58504
0.48591
7.02899
5.34999
-14.66191
-3.21763
-0.35684
-2.91570
-12.10080
0.82755
4.83344
2.81752
11.79545
-11.86161
3.94081
-4.44383
4.59050
-2.67492
7.91618
13.74118
0.79635
-5.49523
4.75386
8.01230
5.99584
-6.08178
3.94602
4.80103
10.07375
3.84210
3.85781
2.99924
12.41761
-3.87842
-10.74119
-0.80019
-2.35026
-0.46600
9.58660
2.37212
8.88422
11.80811
10.49844
1.96411
-2.72920
-14.02718
7.55307
0.25801
-12.01797
6.84885
-1.50804
5.86438
-8.36460
5.21729
-5.23535
7.95608
-4.49654
-3.85286
-1.30848
-0.87838
-5.28180
-3.40036
11.31210
4.30364
1.55194
-7.11051
0.89409
-4.91851
-1.44679
5.74465
2.64137
1.25899
-0.42168
6.85383
6.52015
9.43993
7.36012
-3.26337
4.53039
3.02377
11.63685
-3.51909
-7.19219
-0.91747
-10.87862
5.59135
-11.86823
-7.25068
-4.50313
1.38882
-11.16226
4.46675
6.96907
-12.63929
-5.90813
-9.14324
-2.90796
0.85800
2.02993
-3.59390
-8.92299
-5.87044
-6.06601
4.46992
6.16809
-1.51228
6.98511
1.48217
2.37011
-1.58116
-2.60260
-7.70132
4.37211
4.18648
-4.06038
6.81308
-8.63872
-0.57509
-8.18317
-9.41683
7.06950
-6.24786
1.96245
-0.38527
21.70737
1.71171
7.78637
7.99334
-6.29893
-6.28930
5.55807
3.87121
1.69911
3.15980
3.68178
3.33819
-2.17280
5.42721
10.78921
6.05467
1.81912
1.99529
7.31570
4.68884
7.67861
4.34646
7.70006
-5.10986
7.70390
-9.92377
13.02808
8.17523
0.65264
-0.55803
1.23581
0.94617
3.77474
-2.75102
-0.80697
3.47813
-6.54800
0.11080
4.54014
-2.04369
-4.13651
4.99369
7.08068
-6.73567
-1.74320
18.50960
-5.18345
0.06889
-8.86325
4.60979
-4.27856
2.33629
3.85774
13.81708
6.57428
-4.63608
-1.27612
11.67339
-1.09136
-4.50856
0.89044
10.68587
9.41649
5.82650
8.56029
8.60712
-5.05736
2.27742
6.70487
-3.44218
5.08708
1.09639
12.52252
-6.39685
-5.35445
2.81347
-2.89735
-8.67339
-5.64801
-6.67710
-1.92698
-4.97470
-3.48209
2.23141
6.73064
-8.65401
-3.72370
-11.79070
13.40656
-1.70350
8.79182
-9.09710
-5.49849
1.75441
-11.51783
9.86583
-0.63422
3.81867
13.34786
-9.43280
16.82582
10.79566
-3.10037
-3.74218
-13.98500
2.70471
-3.47132
1.71120
4.80816
4.91067
-0.58149
8.25297
2.13758
5.07422
0.84590
8.84906
4.09617
5.84072
1.31381
-13.00490
-5.03248
9.33200
2.17770
-5.04521
2.24121
-1.92507
-8.84267
7.65191
1.63699
-1.32547
11.50892
1.02653
4.81734
13.37194
5.01436
-8.18540
9.92569
-10.33142
-10.04010
3.01050
1.39493
5.26015
-7.35434
-12.88782
-3.46934
-5.04678
-9.56391
5.79539
0.22754
-2.70107
-9.75204
-0.25088
-2.77088
8.40041
-8.19240
-3.59120
-5.92597
-0.01655
0.07108
-1.42807
-5.05612
-17.22195
0.11410
1.45585
2.90003
0.71697
1.32939
0.19626
0.91448
2.66813
2.44245
-2.93838
10.16324
-2.51709
-8.04809
6.19516
-1.23139
-8.92073
2.75884
8.98273
-13.58564
20.97573
6.46236
15.88028
0.60788
9.49879
2.44986
-2.86417
-17.55285
12.25473
-3.96511
-2.87072
-0.78440
12.09593
-2.77769
-3.45150
-2.71902
-3.83938
1.78167
11.06743
-2.73606
4.75348
-6.12627
11.36608
-9.64074
-14.07666
-8.02323
-10.83561
4.59622
-6.44267
-2.43028
1.26168
5.80061
11.29298
-7.26982
6.21620
8.17007
-5.52738
16.06013
-10.92685
-8.10884
2.21034
-8.01280
-2.05883
4.95239
-10.76147
-5.48633
-2.95924
3.66351
-10.22496
11.19209
3.19157
-7.34183
-10.97497
-0.26414
-11.21539
-5.90796
-7.03723
-6.66810
-6.64289
-3.31623
5.48488
3.31032
-3.66027
1.56573
11.38922
-4.06841
9.63281
-12.68609
0.69594
0.68503
10.62305
11.41657
6.04353
3.42983
-3.08593
5.58990
-2.64263
7.03176
-0.66150
-1.85366
-15.87300
5.22194
7.47201
1.55149
-1.87233
-3.43941
8.14172
2.50407
-5.06915
7.96060
2.36794
-8.87208
-3.73199
3.77214
0.47041
4.00215
-8.82223
0.27715
-9.59974
-7.58061
-0.83347
3.06637
-1.02613
0.09861
0.76178
-6.88977
-1.57283
-1.29706
-2.10276
-14.68287
10.08159
-9.26143
3.46129
1.72528
1.05186
2.86771
3.66246
-11.40015
0.83802
-2.57859
10.86179
6.11944
4.17464
8.41825
-3.63493
5.30660
-0.53859
4.44054
2.82709
-0.68568
2.63740
-8.92606
6.53309
5.92807
8.57498
5.12427
9.58186
-0.48035
-2.38169
0.76811
-5.91910
-11.27924
2.77753
-1.81254
5.37564
6.60105
4.71314
-1.43747
4.73258
3.94719
0.40944
1.92335
5.03382
3.74039
6.75181
-1.07200
-1.77714
0.97546
-3.67144
5.07641
-8.50056
4.89125
-9.36947
3.18959
-0.70228
-11.56164
-11.74405
-0.14574
4.74377
-14.46014
-6.11272
3.12147
-8.18155
0.35286
-4.98980
2.36269
-7.86519
8.40524
-4.73674
-0.65266
-9.73955
-0.72495
-1.41720
11.55003
4.93260
-4.46881
7.26076
-15.01107
-8.69841
9.16787
3.32341
1.92367
-1.26393
-2.02993
-4.37746
1.55512
6.78296
0.67641
5.00840
-24.16954
2.04889
3.40466
13.81592
5.55043
-2.98200
-1.91724
0.19250
-0.78901
-7.93157
9.54569
-8.90912
0.16178
1.39901
4.19149
4.22262
-2.04094
0.47783
-11.30871
-2.19732
-7.68070
-0.96709
1.40974
5.34208
-1.42609
-2.30329
1.95643
-1.39285
9.05515
-3.74983
6.09953
-2.85447
-6.24818
2.84091
0.91019
1.18644
-7.55583
12.63629
-3.02292
-2.41365
2.77259
-10.18657
0.98049
-15.77057
-2.85569
6.76114
-2.63841
0.42116
4.67199
-4.67883
1.98943
-3.14878
-4.91826
-4.55485
7.30027
-4.77447
-2.32240
3.56704
6.80204
10.02441
-0.29962
-0.58407
-0.95245
-3.18578
-4.97431
0.85115
-4.85643
0.40582
-11.35830
-13.58566
7.07847
3.22871
2.55796
-4.76044
-8.11289
-0.05474
5.71995
7.02368
-1.83166
-5.21099
1.19852
-10.16867
2.89993
-7.87056
4.16983
5.39801
9.09408
-1.10731
3.57154
-3.08691
-8.99311
-5.50653
-0.73904
-6.74425
5.59461
-2.72567
4.45213
-3.15879
-2.48407
0.57427
-5.10846
3.07422
6.68999
7.57275
0.67718
5.77622
-7.95804
5.38611
-3.73562
11.54908
8.80867
7.54521
-12.00954
0.48529
8.39685
-3.23857
7.88268
-1.31262
0.73027
-11.01810
-0.12061
-0.18186
-4.32527
1.40937
-3.61996
-9.63150
-6.18641
7.35223
6.82555
10.40284
8.69919
-3.48769
-7.45232
6.43277
-6.13824
0.14202
-5.70802
0.11915
-3.78295
-3.11778
0.93562
4.54889
1.72416
-5.27536
-8.41397
-3.37262
1.30606
-0.36924
-4.86746
0.74374
-0.03140
1.57834
5.78141
5.39220
10.44495
6.72248
-4.96923
-2.66519
-0.61854
2.28554
6.07034
4.70401
-5.97629
-0.69478
2.44317
-6.32370
6.78783
9.29474
-1.87807
2.74952
-5.75755
-13.65075
1.30639
3.06610
2.57112
5.70741
-0.42991
-0.44236
-6.58848
-8.59229
2.51597
-6.99289
-1.24274
4.05044
-11.38255
-4.27409
0.32151
2.29250
11.87253
9.58983
-0.16162
-0.60975
6.48875
-10.50737
5.84210
2.94912
-2.21125
0.70746
5.36722
4.85120
-5.98846
3.01319
1.17356
2.69250
-10.80275
-17.13936
0.36517
-5.70510
1.92863
2.38718
-4.13488
0.06109
7.43397
8.29537
2.42503
8.02512
-1.12806
11.27138
-7.66771
-11.07768
-2.30483
-3.00862
11.21150
-6.85953
2.94913
-10.89599
0.11247
3.31519
-1.33212
-8.38294
-0.51487
6.12630
1.37866
9.66222
5.38661
10.49729
1.04542
-10.06427
-4.72300
-2.44933
-0.74225
2.91261
2.33337
0.91403
2.44061
-7.31219
-7.53879
-7.67083
-15.80673
-4.76961
-0.78810
-0.29053
-4.07547
-3.79616
12.60781
1.73904
-2.53712
-0.40546
4.12979
-11.71895
2.45539
5.70803
1.75839
3.54518
-7.28089
0.02235
0.77511
2.78999
-8.87012
-8.48146
5.29034
5.07758
-7.50205
5.49805
9.52822
-6.00229
-3.75711
3.18851
-6.10582
9.72011
-2.67771
1.73854
-9.54199
2.25636
-4.31459
10.13587
-0.27064
9.40409
5.18474
-6.09005
2.63545
-0.14374
-2.26520
0.79128
0.82356
-11.35116
-10.35641
1.13087
3.86226
-4.25482
1.85936
6.93672
-7.21530
0.06674
-4.74258
-0.70385
10.65899
6.87013
8.45763
1.28588
9.73513
6.31581
5.79863
10.19565
9.16962
4.07760
7.95860
1.48672
9.64360
0.17337
-4.14680
4.62263
-8.32587
11.89092
-4.10485
0.93137
10.02976
1.96118
-3.11483
-5.66313
4.12254
-4.07140
14.64779
1.93096
-2.53029
-10.99684
-0.60725
14.83111
5.34328
2.43707
-12.53214
-8.25336
6.93155
5.33971
1.42733
1.47867
-1.60747
-2.24735
9.65654
7.11562
16.03643
-1.40577
5.29952
0.59768
5.64587
7.97247
5.57078
-0.57338
9.78501
4.73369
2.49823
1.16156
3.18807
1.01742
-6.74691
4.34716
5.27684
-4.73122
-0.08621
1.30335
2.82387
-15.33631
-3.92642
8.46065
1.93513
0.57489
8.33574
1.40154
0.96841
3.32361
-5.83540
5.30632
-3.34887
2.03064
-6.95279
1.12404
7.79835
-0.31661
1.34005
-0.07829
0.57315
-0.64313
-6.73909
1.95369
-3.16981
7.54008
-0.68492
5.53164
3.74716
11.77544
-2.25956
-1.90869
0.93813
13.47213
4.45976
9.61596
5.02015
-2.23964
-7.95153
-11.18597
3.64773
4.44792
-0.51794
-3.01948
-2.36506
-2.98006
2.64414
-4.59451
5.37737
-1.31242
-8.60019
-12.66604
0.61805
0.20210
1.92604
-4.23807
-1.62476
21.87763
-4.31800
3.58818
5.42364
-6.54973
-5.07405
0.05884
11.18695
-1.85781
-0.58272
-0.59484
2.99289
3.57317
7.68220
-0.03878
3.77229
-16.24063
-1.79837
-1.79416
6.18794
-1.86632
-10.08799
3.05913
-4.15772
3.77095
11.31491
1.28958
-2.03618
7.55353
12.95329
15.19941
1.28253
7.78289
-12.50108
10.76304
-4.11530
-6.01169
0.17006
10.55734
-1.56880
-1.04276
-2.39017
4.32974
1.63404
7.29821
-15.12569
-0.89985
-9.13797
-6.65173
7.21796
-11.01925
-8.75683
8.16417
-1.99741
8.58290
-0.25868
-5.69003
1.14593
1.45707
7.51539
10.39011
-2.14491
1.22889
2.06928
13.91277
4.55038
-2.54986
-7.34845
-12.25859
4.09189
-0.34323
2.30604
-2.33530
-0.47550
-6.46309
2.66546
-12.93553
5.41221
-11.73642
2.31506
-1.43356
6.10332
2.47507
-9.95363
4.87253
3.12629
-1.56678
-1.57188
1.98071
-4.88621
-1.30858
-1.09638
10.55574
7.26280
-15.18693
-5.66580
0.90882
-2.83445
3.20454
-0.92898
9.24357
6.95873
3.00834
9.53349
2.64226
-6.83166
7.92314
-12.43734
-10.11860
2.87854
0.56590
-8.06575
-0.12301
-0.03938
-5.31418
1.86773
6.72546
7.34654
1.74547
1.40610
7.57241
3.91521
-2.19634
13.55358
4.28655
-3.86829
1.80004
0.46351
1.80214
-4.59566
-9.18298
3.31928
9.90335
-2.09481
-2.48180
1.51286
4.18472
-5.81734
-4.37393
4.22870
-0.98297
2.70658
11.14117
-9.58159
5.56462
-4.50986
10.58080
-3.09983
-1.38500
3.94136
5.94012
-5.96965
0.79758
8.23410
-0.46064
-3.43448
-0.89227
-3.04237
-9.85767
-0.36784
6.31615
2.90760
3.66143
-0.41512
-10.39260
-10.97962
-2.64637
-2.62636
7.85400
2.97473
-7.81624
3.12900
-13.25960
-1.03842
-6.14056
5.78073
12.05803
2.90707
-2.08584
-3.18856
-2.78531
5.77979
3.64644
1.68593
13.60939
-3.28448
5.08402
-9.89420
0.07440
5.88350
-3.66120
2.47129
4.77030
4.36184
4.42177
-2.96034
1.04422
11.35703
-4.93193
-13.07332
-8.59674
-0.50598
-5.85013
7.25212
14.73868
-7.43672
4.22061
-1.92562
3.67081
5.75132
7.76166
-16.14802
9.48344
0.46601
4.37877
-5.93967
-1.43230
10.05376
17.97767
-7.97235
-7.55386
2.04699
-1.19642
0.44545
4.21672
-13.61609
-1.10293
-9.70067
-11.62764
-1.28137
-0.79153
-2.22437
-10.49450
8.84663
-0.65397
-1.36900
1.89861
5.19427
-7.56345
-7.61316
-5.90098
-1.68684
-3.98521
-3.86260
-7.19164
-10.39037
5.09089
10.89303
9.79572
-1.00830
0.33987
-4.77659
-5.45455
-5.84287
2.59268
-2.89814
-1.88755
5.13887
2.49659
-6.75073
6.83072
5.90545
0.33733
-6.80251
14.23870
-18.12931
-8.37961
-5.77675
7.57322
3.24102
4.65960
-3.44706
-3.20890
-7.92385
-6.84254
-1.41716
6.14626
-0.07731
-3.83842
-0.14855
-0.71889
-1.08648
4.54000
4.64835
3.17803
8.31559
-0.95200
-7.53319
5.72801
0.88902
-9.48927
-6.33139
7.28651
-3.95615
-1.42841
-10.02416
-7.30770
3.74036
-0.66896
-10.18495
4.13769
11.35932
11.32760
-9.37416
2.40261
-4.69929
-8.22009
3.70606
-3.85354
8.82837
-11.28286
-8.37958
-2.48853
-0.28018
6.80187
2.66803
-9.20495
9.45412
3.78480
10.98839
1.56118
10.14803
2.03626
1.87204
4.48380
4.71762
-5.96993
5.56414
-9.88456
-2.11231
2.92403
-6.80566
-4.96742
-4.94811
9.66959
3.91348
6.60424
3.68123
0.62145
7.84496
-1.65381
-8.22584
-11.63757
4.18426
7.25456
2.97133
-11.00746
-3.97007
-10.55131
-5.80145
-11.67398
-8.94091
-4.12928
10.58431
3.76814
7.19413
-1.60075
7.48847
6.93947
7.43984
4.71629
2.16856
9.41661
11.07950
-10.00443
7.71916
-3.31475
-0.00482
-9.55313
-2.84031
-4.09791
10.57385
-10.66668
7.60005
-0.87713
4.92202
5.75889
-7.68578
2.04694
17.64559
1.31194
-10.78158
11.48516
-9.72569
-0.31635
1.76935
3.74650
-9.14361
0.68968
10.63532
6.84196
2.09040
-15.78727
9.34920
6.14421
-5.53037
18.02067
1.59528
7.85928
-15.18611
0.53038
0.33150
2.14643
-5.43013
4.30150
1.81196
2.30399
-2.08976
-7.26852
4.08943
3.83054
-2.52349
-4.84100
6.17487
-2.78806
3.79825
8.47173
-1.26652
-5.82900
1.40562
0.67152
1.65266
2.65103
4.76128
-7.27118
1.48414
0.11384
5.92452
-0.04183
4.13109
6.55868
-3.36292
10.19199
4.93263
6.54199
-15.38446
-5.87226
0.72202
-0.81981
-8.76544
-9.42991
1.46883
7.49843
6.28556
1.26559
2.66694
-4.69863
-6.83245
-9.15446
-0.17345
-7.13335
-6.27656
0.78221
5.01458
-4.17347
-3.34779
9.77390
-9.57443
-3.77686
-2.86737
-3.55472
0.67880
-18.96556
-1.36389
12.61245
-13.92439
-1.56644
-6.35023
0.15077
-14.64002
-1.75833
7.18830
13.40981
-3.25197
-1.58185
10.89454
-9.35933
0.43477
-2.42256
-1.97874
4.24442
2.72709
4.64657
0.78471
-5.74621
-0.18360
-4.45113
7.78068
-2.48506
3.41448
5.57815
2.17198
-3.89960
-10.78153
4.45341
1.58977
-11.55298
7.71379
-6.30418
0.35735
-6.22463
-2.32991
-1.82025
-2.15529
-13.98087
-2.95280
16.96353
-4.54971
11.20428
12.21902
-12.82512
-11.13479
5.13377
1.80649
-7.08181
-6.64898
3.14538
-1.30385
6.33585
-1.88173
-1.54508
-6.15013
-3.77252
5.59570
0.92915
2.95525
4.39034
3.96036
-7.46815
7.74933
10.86504
2.84328
1.79938
-4.15113
7.92164
8.97051
-3.68323
1.82410
0.93146
-4.94152
-7.21970
-4.77462
7.83815
-5.48134
-10.89927
-5.22005
0.83015
-7.12876
-0.40121
3.11979
2.89668
2.73736
-12.94444
1.81012
-6.16429
-5.60307
-0.51291
-2.86856
0.85682
-4.54427
-4.38482
-12.68800
-5.52372
-6.62157
2.07696
-11.79069
-6.64608
-0.21153
-1.31039
-1.58647
5.34565
2.99336
-0.66476
-4.39812
2.51011
8.82522
0.43348
14.43722
-10.94369
-0.78761
-6.19508
2.11238
-0.43497
-2.75538
-2.71972
9.15071
3.15442
16.95148
1.67636
9.41529
-1.23819
7.09665
2.38337
-0.95581
-3.38413
1.76928
-6.99418
-5.37390
-6.77954
-7.44109
0.85085
-1.38206
-1.66470
-4.00122
-3.15600
3.73314
-1.63385
-3.20283
-7.42237
0.69946
0.19853
6.77487
-3.72005
7.42848
3.99341
1.54461
-0.45356
6.38778
-14.46716
-1.42579
-5.35302
-2.43803
-4.98995
-3.16948
-3.31564
6.00067
4.78295
-5.79554
-5.13687
2.51790
-3.10552
-4.29069
-7.79825
11.78205
-1.19925
3.53625
-3.41968
3.18147
6.22563
5.42833
-5.81424
-1.53247
-3.41780
4.39428
15.84093
0.04102
3.19156
-10.94437
-0.08876
-9.64909
-11.39945
9.96437
5.26358
12.22761
7.33541
-5.08689
-2.84927
-1.46914
3.91731
2.47352
4.41082
-6.31358
-3.10755
-10.72615
5.32903
0.97572
5.27076
-1.31694
5.70944
8.87542
-12.91502
1.33135
6.73460
8.28912
-6.59710
-4.38285
-5.21647
-8.43240
-2.61112
4.30445
-0.85988
-3.83535
12.41059
-12.72867
-4.90705
3.89725
-9.41421
-7.78735
1.93139
-5.27802
-11.28288
2.16256
10.93504
9.43785
-2.96984
-4.05981
-2.46828
-7.16905
4.22866
-5.62353
-2.66763
3.70797
-8.98412
-5.17501
2.11957
-2.27079
-7.98980
-9.63703
-2.10181
8.78195
10.70973
-11.25587
-4.67408
-3.41664
-9.75083
7.10687
6.78459
10.12456
-0.66508
11.01828
-7.02603
0.97249
-0.28062
1.76488
-7.67803
6.81552
4.53999
-17.32335
-0.30179
-2.61633
-1.47319
8.92152
12.23108
3.52756
1.43819
5.55932
10.46076
2.51232
0.51542
-3.45455
-11.38408
-4.77784
1.23216
9.17495
-8.84510
2.63655
-10.33089
-6.93128
-0.59527
-1.41019
-3.86489
17.80564
-5.08760
-13.13735
-1.92873
4.97918
1.45283
1.99865
10.40199
-9.90027
0.06369
-1.67113
11.89827
4.04357
0.69027
-5.44451
2.71924
7.48316
7.99143
0.35220
14.76721
-3.35812
-9.13626
-1.88594
-1.72328
1.41417
-8.32648
8.07484
7.55587
-4.34937
8.97317
12.88301
-6.79502
12.98022
2.61484
-4.30843
1.35351
-20.50092
-10.95547
-12.00694
-0.45646
-5.37566
-5.65989
7.24071
-2.70080
-1.99935
13.68412
8.23600
2.50949
-1.96127
5.62005
5.44328
9.42196
-18.06175
0.67431
4.74563
-4.41176
16.62749
-0.50151
2.50745
-6.19551
-6.21230
19.85577
-4.42692
5.07275
-1.80280
-6.34129
8.00675
-12.56589
-15.97075
1.07646
-10.01943
2.43508
-5.59933
-2.64166
-16.01356
-2.22263
-5.94053
-4.78297
-3.03953
-0.22045
-5.89071
-5.26475
-5.12646
-6.13742
-7.26443
-7.15659
-2.70913
-1.21499
4.91495
2.30288
1.01939
3.89047
4.64979
6.84624
1.68779
-4.04588
-1.12415
-0.12437
-1.40456
0.09946
7.73769
-7.17722
3.11349
-5.28056
-2.84284
7.81431
-12.47986
2.30890
-13.18212
-12.18224
-5.92970
-3.68415
7.28342
2.45902
13.27379
3.68959
-0.19359
7.83431
6.71448
-5.00436
9.57583
0.18031
-9.26787
5.98925
-1.83094
11.45335
-3.85860
-15.07710
-0.42526
0.95849
-5.35531
1.54371
1.30736
0.72203
5.23499
-12.00674
5.76376
13.94664
2.10883
0.65026
3.02177
13.46717
8.72297
4.61351
1.54266
-17.05471
-8.56740
-6.31212
-4.82377
-3.40531
1.71721
7.46720
0.55409
-13.71745
0.52701
6.36543
0.34769
-5.45587
-6.39718
8.42698
5.77746
0.34760
-7.95312
-8.04717
-3.05250
3.03514
-7.95178
2.84026
0.50233
-6.83950
1.21924
-6.52284
4.64845
-10.24515
-1.68360
-17.88105
-3.53980
-0.22089
-0.27303
-0.85114
3.68024
-3.86920
9.93556
8.00480
-4.74959
0.38985
-2.16103
5.29605
1.90604
8.79380
-1.98609
12.03380
-2.30895
2.15885
2.32712
0.11631
1.74619
0.52633
-8.46580
-5.15307
-1.93295
7.79835
5.04502
2.35622
18.39728
6.76906
6.75673
-4.88715
7.40850
3.19785
-7.93249
-6.54621
-15.22615
13.41243
9.21436
-10.50342
-5.83976
12.41280
11.57735
8.00117
-1.85038
-6.19839
8.10065
7.00330
-16.27833
-5.57616
-1.23636
-0.05271
-0.81288
1.90242
3.06572
6.14720
-0.16830
3.62385
2.79294
-8.13978
-9.23456
-0.68021
-4.00249
-0.96663
0.78068
7.76322
3.55330
4.90639
-8.58280
4.53682
-3.76913
0.88253
-0.08930
-11.60129
-1.39074
10.31758
-8.89914
11.65243
-3.48252
-0.64754
-1.01411
12.88781
-5.47725
0.33089
9.60413
-3.75514
6.48212
-2.42364
0.52638
2.21203
-13.13074
-1.75521
2.29556
1.12696
11.68504
14.01414
-6.27027
-8.72123
-9.21133
7.10914
-3.49948
7.24068
-6.70176
1.58103
2.48727
-15.80734
-0.16212
-0.68570
9.39595
1.99444
9.36017
-2.05721
-6.02324
3.37849
-10.76727
-5.47876
4.66294
4.09315
2.75812
6.84817
-2.99094
5.91012
3.91375
-0.33401
10.13720
-6.70757
1.98303
6.82510
5.29312
-22.31556
5.33096
-2.01985
3.59431
-5.07503
3.50248
-1.58362
3.76158
-1.25295
-7.22333
9.46860
5.58059
-0.16668
2.36922
-5.97431
14.73082
-3.38268
-0.23294
6.16035
-1.22314
14.48987
-1.53509
0.18344
0.70516
10.00629
1.59158
-7.74374
8.05341
-3.32125
-11.04092
-5.73423
4.71433
15.95582
-2.37640
-6.26486
-6.62387
-9.96331
-3.07789
-7.21090
18.94909
-4.83432
15.27924
-14.70174
-8.24485
5.52665
-1.96649
-18.39674
-5.26933
2.91890
-3.83580
1.33844
1.29901
10.84746
5.30758
-6.75205
9.31872
-17.81757
2.55131
1.04324
14.30435
5.53182
2.52760
-10.17285
-1.18135
1.25291
-15.85737
-7.56728
-11.44408
-7.48766
7.76023
-4.10824
1.14811
3.60821
-0.28796
-18.41871
-5.56004
-1.85790
3.81859
4.17673
4.67440
5.98621
-1.54636
2.46540
2.61156
4.04792
-5.64770
4.08108
10.13238
7.15477
1.05034
-4.10315
-0.70675
-8.40528
-9.25487
0.94507
5.13033
8.13322
-5.21850
0.40853
6.86908
10.40902
1.73897
-14.91380
0.60228
13.75991
-2.15356
-9.43477
-2.07576
0.08607
13.56031
-3.07455
-7.01578
-1.38907
5.71192
-2.55032
-14.30471
8.83985
1.74646
-1.58795
9.73122
7.60939
-5.72965
3.78694
-9.73627
-11.41197
4.35680
-3.80743
-2.37626
-1.55940
-2.96325
15.30572
-7.19501
-0.53033
-2.13951
-5.05680
-7.07733
4.76401
1.25230
0.83809
-8.29780
-1.56278
4.19592
-1.02316
4.67936
4.32558
2.55479
0.19327
2.00475
1.36006
-14.38698
-0.77576
0.29784
9.87315
-9.89711
-3.09019
-4.71151
-15.43938
2.06091
-3.52806
5.22775
3.13040
5.94681
3.78761
4.73529
-2.34849
-6.04443
-7.28860
-6.70574
0.86419
-7.96733
-4.18243
7.29325
3.75027
4.52659
-8.73925
-1.78933
1.15569
5.00490
-2.20527
-12.37697
-0.16887
-6.55618
0.42414
2.90518
12.49519
-6.01081
-5.19745
13.36187
5.98980
-9.66228
4.98091
4.93087
-0.82154
6.93992
0.73344
-4.72497
-1.31273
1.51254
-5.78807
5.86582
2.92404
-0.62248
-10.86556
-3.54162
-7.37674
10.46934
-4.57060
-1.01548
-0.73402
5.15695
1.23392
1.52284
5.28368
-4.31880
6.69818
-0.54309
23.20604
-5.22848
7.76400
-13.09469
-11.67440
4.36578
1.76149
4.72512
2.17686
-22.16270
16.38112
-2.05656
1.09700
-8.50764
1.70694
-8.42179
-9.79320
-12.24084
-12.91084
-1.11409
6.23378
-1.06954
2.96364
10.55770
-4.83078
-3.99028
-6.57463
8.97233
-3.24607
-7.95317
1.98358
-16.04049
-9.40632
-8.72194
2.79390
-8.61385
-2.32836
-4.33614
1.42565
-4.80208
-6.48938
-4.84266
-6.64294
-2.48401
-12.79535
-6.41611
17.54004
11.42551
-10.97274
0.43994
3.00853
-6.14768
11.00181
1.45916
7.65089
4.19566
7.82562
-4.04856
9.33744
2.36589
-0.72779
13.17903
-3.74120
21.18389
4.35870
1.46144
-1.71281
-5.05991
5.56352
0.45074
-1.55455
8.04050
4.79309
17.74469
2.57427
-8.44116
4.76962
-1.45972
0.85173
1.33310
-6.43189
18.25509
3.58320
-0.27710
-3.93678
6.61329
-10.03983
12.68583
4.36076
-12.59421
-3.73297
-7.76920
-10.04158
2.61061
2.68649
8.95547
2.36127
-1.35893
8.49381
-7.22075
-3.85992
-2.00346
4.68272
12.66022
-0.79081
-1.09409
3.00540
0.11206
6.53739
-5.30757
3.45480
6.00572
3.97034
2.26876
4.07537
4.39042
-0.43232
2.18945
-3.05465
6.35920
-11.83345
5.04053
-0.21008
-0.79140
5.79393
8.41042
-6.86082
-8.81959
0.49422
4.42997
0.99775
7.36029
8.20346
9.65119
-3.25239
2.21954
0.66306
4.21591
3.22775
7.52287
3.54997
8.79393
5.99518
3.39237
-1.39114
-2.00248
-1.50954
-11.31947
0.42289
1.98720
0.99568
4.64252
-0.36601
4.04720
3.24344
4.39498
-4.37862
2.57774
-9.67474
-1.54088
-4.94897
8.14395
3.57812
8.29209
3.01671
-0.10634
-4.88456
8.06929
-7.98123
-1.96055
7.73270
2.92377
0.01795
4.31334
5.69386
-1.42097
-4.71619
1.73969
-4.98452
4.07229
4.21766
2.39163
6.38821
-2.56747
-7.37213
-1.96073
-1.27485
4.54577
-3.26801
-7.31160
7.81761
-13.42842
4.63989
10.58268
-3.90417
2.53462
6.74463
-7.66373
-1.21836
3.19873
2.17381
8.68074
3.16072
-4.04543
-2.73439
-3.85183
-8.75153
-5.03404
3.83441
5.71865
-5.10512
2.43376
-12.24522
1.97126
8.17046
7.13584
-6.76814
-0.43898
9.34996
-0.70978
0.98333
4.92231
2.98647
-1.80874
2.88078
0.59768
9.72896
1.11944
-0.24353
-4.26674
-6.99851
1.14725
5.39068
-4.50105
7.90537
17.36242
5.06009
1.62962
4.10827
1.32168
-10.89370
-5.58719
14.78636
5.29519
9.89471
5.57111
8.49823
7.61353
-12.76334
-15.40476
9.56326
-5.59068
3.17401
-1.97656
10.89596
-3.65049
-7.18019
2.76630
9.42080
1.53199
-0.82817
2.42492
1.90156
-2.26769
1.17210
-10.45759
-4.09165
-8.59250
-2.25204
8.44019
-9.55569
1.35124
12.32034
16.17749
-7.40836
-14.13938
14.20949
-1.65256
2.46444
5.05826
7.03889
-6.50423
6.48025
-3.85558
3.24730
-1.13486
0.06338
-5.12333
10.53993
-3.56430
6.57295
0.89542
7.31447
-1.09313
-8.92447
7.04554
3.95697
-8.21672
6.75993
-7.35904
3.43184
7.06237
-5.92742
5.44483
4.68879
2.62729
-1.91774
0.68401
9.40115
-10.16652
-1.02667
-5.56746
-2.68684
-1.22323
-4.08985
-3.54806
-5.75322
1.65631
-4.38269
-2.48431
-7.55797
-6.97622
8.44627
-6.78449
-7.73086
-0.28481
1.78863
-2.12264
1.93629
11.74655
5.82450
3.65900
0.77303
1.70741
5.37033
19.62794
-1.16508
12.10758
2.79633
-5.32697
-5.00215
4.06886
13.90865
-6.49818
-0.23520
7.41294
-0.42876
4.71827
-4.43277
9.97330
-2.32165
-1.16605
-2.05718
-1.43044
-13.99269
3.06062
10.51605
3.77239
4.46195
3.13711
-8.62205
-2.73991
7.68140
5.03221
1.02532
-5.76195
-7.82386
1.49821
-2.23976
-8.78701
-9.06451
-7.73992
7.29599
-8.43630
1.98129
3.93727
3.96339
-2.61736
-4.19087
0.24275
-1.35461
-2.08853
-0.78879
3.12289
-4.39609
-4.20269
3.69892
-4.53174
-0.87263
-17.20678
18.66338
15.69894
5.19430
-1.77409
-0.01945
11.50182
-5.81362
-5.04717
6.42710
5.21250
-2.18297
-2.25553
-6.46260
0.28575
11.11765
-5.58020
-2.81969
-2.52161
3.51077
-9.45091
8.34813
-13.94601
8.54502
1.62447
-9.34041
0.22552
9.61790
-6.54482
-7.53827
-8.69213
8.28536
3.28736
10.10536
-3.05453
-4.36951
-4.16808
2.17304
-8.95400
-0.30982
-0.43228
-2.15045
-6.86457
8.25866
-1.16176
0.00260
12.59011
-2.95750
-2.55776
-2.39626
3.69287
1.07589
2.82875
-1.64982
4.31828
3.81007
-0.83647
1.99281
0.44151
5.78032
10.58267
11.73380
7.96981
4.42986
-8.10487
5.35626
3.19045
8.51382
-7.17802
11.08161
1.57590
-4.22496
-7.26445
1.56650
13.11129
-2.73498
5.59337
-7.31463
-14.69652
-5.01909
-7.20002
2.72887
-0.30689
-3.92851
2.31380
-4.72238
6.27742
0.39101
-6.12306
-1.99625
1.28160
0.94733
3.23998
-9.73255
-2.08950
-3.16038
0.68191
-3.86604
2.67514
-10.64829
-7.86930
10.00402
-5.81303
0.19154
5.36920
-0.31704
-2.45128
2.66482
0.10337
4.30664
5.66370
-0.49702
8.66288
4.05163
-9.78642
0.93389
-5.30640
10.82207
4.76051
-0.00714
11.10849
-3.01190
-0.31801
8.44411
-4.49570
14.41658
1.86106
1.65535
-1.24525
-0.57228
-0.47638
10.44433
1.85296
-4.96314
-2.80006
-1.87083
11.59833
-3.70052
-6.76057
-11.45390
-0.82394
1.69318
-2.99978
-7.39395
2.61357
9.77650
2.53021
-7.49944
-3.38088
-0.76650
15.20183
0.09453
-11.91837
-7.79976
-6.29706
-1.07541
-4.06374
6.50138
0.34330
-7.87644
-1.71240
2.55251
-1.91504
6.28421
4.39501
10.68471
-5.81027
15.87285
-11.62144
1.45803
-6.49723
6.41805
14.56552
8.24449
0.80999
-4.68924
-1.68831
5.01663
-6.46353
2.81072
4.43155
8.67331
2.04961
-1.59910
8.08746
-5.36711
0.03113
-1.10531
9.39757
-11.80455
2.19175
11.96457
4.13097
-2.17840
7.08800
-3.25709
4.71777
11.73149
-3.52762
-2.51242
-5.34260
9.89295
7.58660
-0.97477
3.59117
-5.14350
13.56775
4.77608
10.01191
3.43238
-4.13135
-4.75097
6.21339
1.11992
-9.33275
-3.52346
-8.45818
-0.42393
1.62065
2.27117
-2.34303
-5.72727
2.18052
-6.60301
-2.17280
-15.48797
-1.56682
4.28986
17.09146
-11.36263
1.36021
5.09450
8.86418
0.42245
-4.65392
3.50212
1.22011
-0.28730
7.01396
10.13450
9.66197
-0.93681
10.77814
6.14220
-4.13954
10.27352
0.16038
-12.35443
2.30262
-6.09229
-3.50881
8.86509
5.31874
13.29502
2.90914
-6.37464
1.92337
-2.46463
0.15772
0.30968
1.84249
4.62605
-1.58459
-7.42679
-1.82094
-3.14948
10.26339
-2.33863
0.89917
5.80451
-9.30953
-1.66729
5.08977
12.48292
10.59076
-4.73126
3.09404
-2.26430
-0.02991
-13.87659
-3.06772
-10.01741
4.75616
2.41248
1.86459
-6.11294
0.47042
-0.03617
5.60858
-9.58146
-1.63555
-0.97919
2.37292
6.30309
4.69093
-4.98882
-1.04311
-0.67633
-0.46678
-0.83423
3.85955
-5.09889
10.89707
-1.75112
5.68283
-9.14121
-0.31094
4.10622
-2.61206
-3.70189
11.72499
-1.33589
10.87915
1.86044
-5.88769
3.24574
10.42532
3.71353
6.37613
-7.67349
5.39552
1.86585
16.42430
0.29765
10.52329
17.74789
0.86693
-4.48554
-4.43543
5.13448
4.10591
1.65886
-11.74009
10.44054
-8.83691
-4.78060
1.70468
-0.33308
2.46845
1.14204
-10.65244
12.80698
3.95676
6.59230
3.95384
-1.53099
6.17419
-0.94919
-5.09458
-2.83100
-3.61524
1.50241
5.30127
2.58790
6.42401
-1.39701
-4.98550
-0.92362
5.81697
-7.74069
-7.23574
-1.97243
-3.37148
2.20372
-3.27926
14.25343
-5.13513
-1.19355
5.95937
-1.23597
-0.88424
6.83146
5.51452
0.50400
-4.32755
11.66186
-2.13291
8.66176
2.26371
-2.56752
5.06517
-14.21581
-6.68232
1.96624
-17.99967
0.68906
9.81691
-4.35330
-10.13951
2.25160
3.09245
-10.50388
-4.36506
-0.75725
6.97129
-1.69276
-2.72774
-1.80697
-0.80227
9.45899
-6.68925
-3.58427
-17.33009
4.73723
1.68346
4.45501
2.87980
-2.74074
-8.67959
1.69215
4.77885
-11.11661
0.57090
1.76260
11.36641
-8.79762
1.02064
8.92863
4.05993
-7.01775
-10.86340
-12.12570
2.49551
3.95806
-6.64552
4.01342
-1.77324
1.24350
1.85427
-2.74508
-5.74068
-4.00242
9.45447
8.68946
-2.08635
2.66028
-10.46820
3.55311
-8.40500
3.65321
3.34750
-1.87636
-1.66833
-4.10430
10.14232
-4.84218
-14.45424
1.26854
-3.09996
0.14793
-9.69839
7.76998
3.91798
0.62235
-9.42031
-11.63865
4.17013
3.75444
-0.49104
3.09080
14.18176
4.86747
0.29949
1.42639
-5.67821
4.34847
0.30862
1.60780
5.89862
1.24955
-1.26234
-10.88560
-0.27341
4.57666
-2.80880
-13.27488
4.53110
0.96076
-3.48541
12.28042
2.45753
-1.54062
-7.20056
-0.78131
-0.97212
-8.05926
13.38638
-5.34398
-0.52145
6.12341
2.37873
-1.33114
6.16185
4.16536
-4.31204
0.78590
9.58421
-16.22579
2.44799
2.91374
6.82862
2.33561
4.48608
6.06019
7.74883
0.50487
4.99332
-1.50086
0.69763
-8.62399
0.62849
12.24602
0.43728
-6.33906
0.19644
7.74035
7.29563
6.63792
-1.88534
11.37826
4.08743
-9.84001
-2.94878
-7.71094
1.42458
-10.93586
5.56402
1.78081
2.20558
8.52885
-6.46565
-5.92122
-0.27638
11.49527
2.49916
3.87472
1.60648
-13.04938
-2.71627
13.42984
-0.10788
6.59165
2.71247
-2.81399
5.78027
8.45249
-4.03407
-1.82673
16.24004
-10.43458
-0.59158
-3.66693
-4.86414
9.74401
-21.27498
-6.90130
-6.41887
-1.90473
3.36098
2.60880
4.44739
-9.59422
-4.34321
11.85366
-12.07553
-0.16838
-6.95781
0.12401
5.50684
-4.93742
-14.33733
-0.85084
2.06533
-5.86042
0.57571
-8.91130
10.70517
-2.04383
3.28884
-14.97737
5.49290
-2.17248
-4.05169
-13.70599
-0.00028
-9.14802
-9.68757
-11.54146
-3.44003
-7.76502
-3.64661
-10.66311
5.93820
-0.97528
-6.02224
-2.63015
11.29064
-4.02722
-0.29983
-7.18315
6.12476
3.67556
-1.72634
-0.12975
2.93993
3.68816
-0.13195
-1.85029
8.46522
-8.25546
7.52877
-4.89597
4.86183
-3.04427
5.02579
12.42123
-6.14929
-6.53830
6.14866
-0.54194
0.70677
7.81338
3.22377
12.57237
-7.44876
6.79314
-1.83373
-10.52954
-2.07260
-3.16162
-9.17880
5.27691
3.17735
-1.59652
-2.07974
0.27287
-3.04047
11.55211
-3.12005
-9.62735
-1.37369
-0.48083
-5.74163
-6.55657
7.45208
3.22092
-3.42108
-14.13806
6.21819
8.08308
-3.37514
11.80650
2.80482
0.36186
-8.17664
2.75250
-5.61476
-9.51589
18.84371
3.26880
13.21433
-2.21920
-5.95316
-8.80717
1.86633
9.33248
-4.39992
0.17870
5.03026
13.45129
6.36116
-4.41129
8.85907
4.60247
-1.50035
-13.09717
2.85740
4.08505
-1.05193
-8.24897
2.46576
4.43116
-2.11249
1.98347
-0.85462
-11.83171
5.35351
5.44271
-11.13566
-0.87755
7.47523
6.07243
-1.80412
-4.44368
-6.29476
4.21800
6.95979
-0.92223
-3.93126
5.54968
0.43423
0.07755
-6.83815
-2.35819
-3.25630
-0.72640
15.65672
-7.52771
3.20048
0.11748
1.14107
-2.30907
-5.16123
-11.19356
9.64300
13.36151
-5.87792
-5.25694
-15.13779
5.06494
-2.65131
2.09589
0.70932
9.18348
6.23981
-0.16897
-0.99428
2.23037
2.11921
-7.00925
-4.20500
4.43433
12.92368
7.49015
13.82706
-3.82738
-4.92180
-1.72394
-2.70728
-11.35190
2.78467
12.65931
5.51223
-0.41811
12.84051
5.08255
5.14887
3.12364
1.88144
9.53883
-2.38571
-4.50647
2.33074
-0.07677
-6.39385
8.20152
0.69158
5.39941
-1.02263
11.36240
4.13773
-4.25210
-11.75040
10.66546
-16.29944
2.03412
-3.09480
9.59047
10.17866
-10.05508
4.67402
8.91153
-3.69086
-6.86488
7.58130
10.88415
3.23516
0.77695
-7.89671
-6.08899
-3.77610
14.63111
4.69821
1.31586
-5.94369
0.57316
3.76360
0.50787
-8.60133
-1.56350
-2.89884
-7.85753
7.19896
4.76925
-1.73396
2.56487
-5.51946
2.28351
11.16136
-7.32887
-8.65502
2.01184
-4.31383
2.23859
12.53968
-0.32863
-9.02917
2.53661
2.29296
-3.54010
-8.16349
3.36031
-3.31046
-5.95393
0.24708
-2.28251
2.51194
9.69044
5.28097
-3.72694
-0.22320
-0.33886
-3.42199
0.77774
-5.46161
2.80860
3.30893
7.31657
2.81987
3.86996
-11.32060
-1.62037
9.76095
-0.51138
-10.98979
-6.74904
3.69207
-3.68301
3.05136
-0.28948
-6.78381
-6.70238
4.42957
-2.57470
13.34651
-17.02937
8.78007
-7.77279
-2.24091
-0.40399
0.43872
6.15226
-1.52430
-14.47851
11.82796
1.28107
10.01586
-5.73844
-3.56138
-4.33646
2.92650
1.72399
4.18171
3.42566
7.52770
-0.52795
9.37336
-6.71464
3.79778
15.31411
-8.48164
-3.81728
-0.01780
0.13433
-2.58221
-2.05011
-5.15564
6.44492
-0.35160
-19.00664
3.47800
-0.70589
15.04839
1.23049
-0.71205
6.42262
-4.33755
6.01905
-12.34829
9.47327
-0.82627
0.31406
4.34890
-5.22119
-2.44799
8.42835
-8.11869
-1.92922
6.94057
6.23101
-5.50131
5.54133
-0.68596
11.04105
-11.84997
-3.93628
-0.65994
-4.71662
0.31325
-11.73513
-4.31790
-1.98074
4.98881
7.00474
3.33761
7.68767
6.68072
-12.47362
-0.61817
-10.10465
0.44983
3.38471
8.24141
-1.90313
-8.46264
-15.08256
0.51481
6.93174
-1.61792
0.39926
10.31268
0.23768
3.01185
-7.37091
-5.93324
2.82304
3.87718
-1.95507
4.30056
0.37795
0.50235
-8.96352
0.45538
-8.36476
1.68580
6.38767
2.48132
0.67662
1.24422
4.15464
-5.45438
-7.97401
-14.37713
-3.15123
-2.11560
11.89458
-0.06586
13.95943
-7.77722
2.72450
6.24094
3.26039
16.09738
0.70535
-6.43641
8.06743
4.55910
5.12251
-3.21445
-4.82468
-1.05443
10.97899
-1.41579
-6.06250
-4.24650
7.77169
6.11558
0.97958
5.45610
6.12216
-5.45110
-5.03668
3.86806
1.99844
10.81089
8.29945
1.58855
0.96173
-3.33740
-4.27126
4.83053
3.54584
17.93884
-4.48932
4.31734
-5.36862
7.61865
7.09327
4.78991
5.65942
1.07096
-3.00640
-2.36655
0.89008
-2.03467
5.35464
-1.99165
4.36453
16.10683
-2.17280
8.84310
2.78998
-11.08513
-8.20713
3.51990
4.15737
-2.88842
0.27518
-1.10795
1.97072
11.14380
-2.53563
-1.19466
2.08515
-11.66174
-5.50209
-7.49554
-10.20841
3.77990
5.70521
12.14252
2.65378
14.22228
-1.60924
-10.11879
-3.69614
0.09452
0.48100
0.32581
11.17380
-3.63947
0.56153
-1.22985
-9.34196
-17.27661
-5.83945
3.48515
-2.29346
5.55131
4.56932
-1.35192
4.26941
-3.09593
10.79555
0.79072
-7.05716
4.06065
-1.31412
-1.15802
3.77781
-7.89744
7.68394
-12.54086
-0.55226
3.55325
7.20470
8.71600
-5.31557
14.91829
2.15502
5.64745
4.54207
-2.12513
-0.83941
-13.58693
-1.92660
2.77171
6.17740
-5.47479
-9.95791
-11.99756
13.51315
-1.56546
6.79143
7.34733
0.53266
-5.56034
0.34848
14.81216
-0.16438
3.60636
-7.37710
1.63366
-4.04596
9.99810
-3.14114
2.04831
-18.58027
1.77701
7.25903
-5.80879
6.59560
6.48787
-4.97422
0.02179
2.86043
-1.80314
-0.86408
-0.50550
0.76703
-4.07054
0.17563
-5.27371
7.66448
-5.76948
2.42817
8.31985
1.97003
-0.28440
-1.73876
2.36875
-6.43219
18.82221
-2.31773
0.14296
7.46566
-3.31956
-3.41758
-7.06711
8.76422
-7.33679
-3.66164
-0.89007
-4.67577
2.87977
9.19875
-4.02638
-3.00363
2.76407
3.40184
-4.98210
3.04187
3.04438
5.69381
2.69176
2.63428
8.81582
-5.92912
-1.83372
4.34811
6.36615
-0.36293
-6.55026
2.07672
-1.28250
8.43985
-9.49031
0.39766
-6.52118
8.54465
9.27973
4.40799
-2.15843
-0.12238
11.17948
5.55917
5.96928
-7.02778
-2.68546
0.89097
-8.52877
-8.87114
-7.04842
4.89177
-0.37085
4.26130
8.54392
6.43803
-17.43728
7.57997
-14.89377
1.05886
1.27534
12.48615
-2.40788
5.84268
-3.98665
9.41834
2.11202
16.77715
-12.27196
0.28956
-11.24408
-6.01412
5.21900
-4.88644
8.84627
-13.53326
-0.55400
0.06320
-0.29301
-16.40680
-9.64306
-1.93474
2.42589
-0.11586
1.59133
-3.51553
-5.52360
2.83111
1.31445
-0.73279
-0.10946
1.12460
-5.05632
-9.40942
-11.22511
12.29501
0.24358
-10.21326
-4.48475
-4.48471
1.76835
6.04438
0.43092
11.09767
-15.41747
5.79493
-3.89545
-1.17369
-11.91950
14.40724
-0.22864
-7.50182
3.76196
-1.10228
-4.78484
-0.47465
-8.62780
2.23074
10.69384
4.34387
-4.78004
-4.82792
-2.56398
3.66809
0.81403
0.86259
-8.42457
0.75646
3.82620
-0.39793
4.45807
6.80131
0.49094
13.83552
10.05407
-0.95904
-2.78964
-3.07701
2.71902
2.40608
2.44455
-5.37167
-5.43176
-1.86469
8.98748
3.36056
9.67006
-9.34349
-13.11481
-4.85766
-4.15827
5.10863
13.46111
6.79922
5.65434
10.01822
14.50749
5.62974
-2.03045
0.20238
-12.48252
-1.43786
0.23394
4.45848
-12.71837
-6.04123
5.86345
-2.62768
5.39246
-5.72744
-6.02014
7.54003
-1.83367
-1.52693
14.12422
-0.93300
0.27261
7.93399
3.70177
-7.12265
-0.01955
1.46087
5.29781
4.14028
-1.87685
2.30065
9.86160
4.29953
-10.55504
10.80895
-3.60840
1.72147
7.80153
3.06882
-11.83213
8.59437
0.02175
2.40877
-5.05620
-2.33405
-2.31295
-0.45359
6.12690
7.82196
-6.32371
6.21599
2.67713
9.64012
-5.76252
-10.37570
-2.46196
-12.43045
-7.02088
-0.76825
1.47864
-0.97713
-4.89431
-2.50449
-4.94327
4.55121
-5.31239
6.41748
-1.95826
-4.36760
-4.63787
-0.53727
-11.87218
-11.00343
-9.46581
-8.59852
-4.12242
-3.70198
-5.85340
-3.17085
7.94713
6.21360
-8.03668
3.56981
-1.24924
6.34072
-7.16090
3.13482
0.71326
13.97007
-8.00130
0.78721
7.54876
4.99862
6.75185
9.74768
-12.30692
5.87864
1.90663
-3.37910
-0.96540
5.33402
-6.70959
-5.02137
-8.53921
-3.60840
-13.38407
-0.15516
1.27081
4.26748
0.14765
-8.22319
7.55624
1.13701
6.29442
7.66768
-7.41985
12.22874
-0.37214
10.72645
-3.04725
-3.28856
-3.44255
-4.82238
14.10568
2.55105
-4.95215
8.90680
-2.86265
0.81806
-5.70173
-1.36049
2.25826
-1.59075
5.52768
1.39810
-10.70291
-6.52109
1.87730
-7.42192
2.69351
-8.52241
2.08699
-6.78030
6.51602
-9.59789
5.82413
0.18755
-3.56737
-3.96743
-2.24151
10.04911
-0.38362
-10.25472
8.81099
6.63266
-0.21805
-2.78429
-15.43848
-12.68235
14.06844
-3.38399
-7.00437
1.53237
-8.15966
2.53117
-2.73526
-6.53763
5.56384
-4.50321
-1.92553
6.70159
-4.95913
-5.16353
-1.08739
-10.99597
-0.56871
-0.48364
8.41716
-0.52165
6.23437
0.23791
5.74516
4.67794
15.11553
4.23269
7.15852
-10.08195
-0.80946
4.21416
5.95464
-9.42361
9.84518
0.13549
9.33357
-8.01493
-2.72162
9.94390
3.77431
7.63763
1.98365
3.80534
-1.55868
14.89537
-1.07661
-3.30465
3.07919
2.84246
-1.81827
3.06303
-3.49755
-11.21505
3.18663
-4.35157
-0.07182
7.94185
1.07113
-1.64176
-2.97331
-0.28000
8.77660
-1.68777
-8.38981
8.87375
-7.57260
12.35895
4.35642
7.99147
-2.92467
4.75026
4.34249
5.04728
14.39513
3.87977
1.31484
3.23516
3.69125
6.97220
3.22737
-0.74165
-2.30637
9.01733
8.56063
-2.62719
-4.29986
-0.98058
1.80264
11.47410
-5.20895
-6.14038
0.75859
-1.95273
-0.72188
6.19194
-9.57308
10.26034
-8.87559
2.24326
3.91873
-5.70991
0.49745
10.27998
6.50274
-7.53284
-4.03388
-9.90840
7.45323
14.08164
-5.51773
-4.22382
0.85705
-10.83446
-3.21533
3.41784
-2.35174
-5.95817
-0.85758
-13.27891
-13.60370
13.17628
5.14942
1.47289
-3.56710
-9.39020
-2.00114
5.44449
2.05213
0.06576
-2.77948
-0.14379
4.60837
-2.85686
-3.33267
-13.40288
-1.11926
-4.06188
-4.64928
7.07708
9.68291
11.71907
8.27508
2.31906
8.43375
7.60806
-6.98797
6.04319
-9.75567
9.59122
2.21133
-10.70310
14.16551
3.51025
-2.87718
18.73472
-7.42028
1.72020
-5.61090
0.46896
-9.44257
-4.25867
-9.68096
8.95613
-2.80394
4.87819
6.46020
4.11896
-4.06599
6.93769
-1.77962
1.12192
4.65649
-8.20584
3.90353
-4.09292
-0.62176
-6.24216
5.05473
3.42729
-8.41974
-1.35115
-3.96664
-0.94318
5.02261
7.19803
-1.26752
-0.12232
-3.83031
-1.90537
-12.96039
12.98280
-1.41201
-2.66654
-9.92279
-4.69913
-5.91568
-5.63005
-0.62514
13.36461
4.66037
6.96253
-2.42611
-2.02625
0.71407
8.65889
-9.90397
0.77888
2.61728
5.39675
4.10542
-0.25574
-8.28665
-9.13928
-12.30713
1.65562
-1.60750
4.16068
3.98550
0.60260
12.29164
0.98277
7.04164
-5.03808
12.35202
15.60917
2.50534
-11.34890
4.27011
3.33775
1.01797
3.85007
-5.30068
-1.38217
-4.80156
-14.40251
-1.58208
1.76051
-2.65138
-1.73317
2.30044
-0.79609
10.65368
0.75798
6.90944
-5.70319
1.81247
3.23691
-5.25864
3.15178
5.81448
6.65391
-1.20234
-0.64562
-3.29575
4.36897
-1.58682
10.35427
3.72140
-7.09068
1.15235
5.22839
-5.03258
-22.62302
3.08774
4.38299
2.84499
3.51926
12.58779
0.38711
4.07913
5.84118
6.68579
3.56288
0.52609
-5.08600
-9.77067
24.20724
-5.99940
-2.69964
0.37605
-0.39743
-14.15351
-5.83609
6.04700
6.22226
-1.42717
1.79736
-5.31486
-7.00139
1.68552
-4.28962
-1.85702
-6.37153
6.05479
-2.77541
8.58476
-1.54083
3.10288
0.10553
-3.22099
0.71456
-3.51914
10.45716
5.66037
3.07838
-0.48468
3.46162
-8.11221
-5.53888
-19.10296
-11.71403
2.33987
-0.44894
8.55133
-7.03355
-1.86434
0.65613
-9.00515
2.54994
-1.66134
1.40639
-2.10441
3.71180
13.76264
3.88983
14.13893
-9.47663
0.00672
6.10981
-10.92209
4.51397
-9.81255
-11.80570
0.96740
6.95550
3.67515
-6.55186
6.03812
-5.00454
-2.38316
6.35027
-6.28720
1.46285
3.20641
-12.08460
-1.00968
-4.94619
3.74703
6.37752
-9.60186
-14.26854
-2.66515
5.46872
-4.22733
0.20550
-1.86587
-2.72660
-1.79238
-0.90021
-2.89684
3.90958
-2.03293
-11.33323
-2.17430
-5.06810
-7.50454
8.10841
13.75427
18.09408
-5.11508
8.27701
-5.89508
-12.21230
-4.54202
-2.51850
2.21113
5.03555
1.40350
3.31252
7.15007
-3.16976
1.52070
9.40772
9.37445
-7.76037
-3.10445
9.30911
-8.26952
-1.23120
8.22661
-2.47484
-1.40661
9.92861
-7.97127
5.49820
-9.41830
-3.87268
0.28906
-5.27295
-0.01477
11.71168
-11.12923
-7.59433
-6.54345
6.34342
-8.87686
-1.76529
5.97754
13.39746
0.60049
-6.21550
11.50713
-10.11859
3.52594
-6.57897
-13.39405
-3.85157
-5.45741
4.82092
-1.03949
0.44557
-4.56680
-11.87485
-4.35972
-4.34597
-0.38419
0.95797
8.50582
-1.70167
-5.40413
5.70604
1.27242
-3.79522
1.76265
2.67858
1.87462
-12.06106
-6.96216
-7.72176
-6.95728
6.03512
1.04660
6.87460
-3.41305
-0.00598
6.05520
3.24535
3.95856
2.40177
-2.29782
2.32183
-1.38822
17.50462
-11.51981
-13.18438
-1.46027
2.29825
2.37830
-2.49090
2.64633
-4.44993
9.51809
-5.24528
0.47008
6.57789
-9.22000
-5.44044
-3.14068
-9.38241
-5.81693
4.14481
-5.61512
-0.06305
-11.82426
-17.63397
-0.25269
-1.07284
6.23856
5.65473
-4.14787
8.91391
5.15077
-4.07083
-2.66540
1.78570
0.61765
2.92501
-3.36982
-6.27400
12.81898
-1.19028
-0.46699
-0.35172
3.73068
-1.32485
-4.90064
5.06602
-1.07091
-3.67211
9.83497
-0.62735
-7.74552
15.81967
-0.81786
13.58964
-10.88668
1.59131
-15.77793
2.82882
0.95516
-3.21464
-6.82357
2.87785
-4.15339
-4.08743
-2.01129
6.86272
-0.34311
-2.37296
3.29362
1.75434
-3.32856
-1.88489
-11.60049
-4.53150
0.87970
-1.53099
14.16390
3.40131
-1.94404
8.64072
1.28072
3.14878
-14.18471
3.85706
7.34136
2.38462
9.83952
13.56373
-3.34638
5.40400
-5.47269
-4.16548
-4.18310
9.80270
15.42436
-6.82334
-2.92493
-4.99037
0.75546
6.56068
0.23749
-0.10262
5.48907
-4.34961
-11.89599
2.16185
-2.37506
-1.19205
0.04413
6.88569
4.28720
-5.27612
-0.92786
-0.18332
2.35195
-0.12485
-5.98915
-8.04870
12.15646
-1.25506
10.58023
-0.23300
-1.77113
17.34600
-6.51938
2.42857
5.98626
2.16888
-3.15028
-4.63838
-8.76651
-3.65119
-7.20705
-7.04565
6.91397
-3.82760
-1.43379
2.77794
-8.28332
6.08795
-2.24512
-9.58268
6.62571
-4.87798
-0.40736
0.82459
-9.06309
1.26708
6.36223
0.34122
-0.08085
3.62213
-16.06290
-3.01606
-7.20382
16.43914
1.94093
-6.52232
8.70025
-4.25590
1.57528
10.88964
-1.23610
3.54848
7.82325
-12.97287
-6.74445
4.21794
1.36011
4.88590
8.22042
-0.78380
-7.67944
-0.48671
-18.06231
-4.59657
2.75462
11.03583
-0.23551
2.21571
-5.24226
4.50221
-13.85402
-0.20863
-1.39909
0.20661
1.29741
0.73134
-3.20536
-7.09172
0.05373
-3.33165
-8.06348
-5.07651
4.12443
-7.99111
10.86328
-1.67315
-0.91133
5.46850
7.62230
-4.47930
-11.97965
1.32155
-0.76680
0.42902
-5.77197
2.40902
-0.68044
-2.13422
-1.54721
2.99827
-0.61899
-9.92903
-11.14593
5.60494
6.79799
-7.89953
-0.99784
4.42264
-3.37847
9.37704
8.46792
7.71547
-13.13368
6.54421
3.93091
9.39456
4.69466
6.53409
-8.93179
13.74487
2.75419
-9.31525
-0.45430
-8.15319
-2.60640
1.38677
-0.61425
-5.95758
-6.05735
1.71737
-7.03995
-8.10234
1.22920
-6.96554
4.66472
4.92352
2.06108
-2.06994
-2.36622
-1.05348
2.84348
-0.44069
-3.27168
13.12948
2.07799
-3.87203
-1.00374
-16.35209
-7.36788
-1.91684
1.32831
-1.92612
0.06017
-5.58379
1.47384
-2.86889
0.27014
-2.39991
16.56883
-1.07509
1.53335
-0.47035
1.18840
3.68496
-2.63798
3.75090
5.17073
10.89415
-2.85307
-0.34222
-0.68689
-11.63716
5.29535
-7.25057
9.91395
-0.18663
3.84609
4.98693
0.70932
-13.58095
-5.97439
-4.43486
-1.68529
1.49935
-2.36696
-8.30423
-6.09086
-11.53390
1.09481
-13.08370
14.31753
-1.56769
-10.23021
-4.54180
14.06467
-2.02201
0.50337
0.03888
6.38979
3.70856
3.75792
5.81995
-7.10573
-2.95569
9.52456
3.66976
-2.84238
-14.98911
-4.75414
-6.38317
-1.95284
-11.33337
9.87048
1.07869
5.06667
1.52704
-4.82902
-3.24561
-5.65204
-6.21548
-3.69233
-3.39404
7.01223
1.73384
0.94494
-5.05125
1.32867
3.02001
6.00570
17.41904
4.53761
-7.95953
2.45775
7.01407
-0.78308
1.88143
-7.30454
8.79180
-3.65810
-9.97721
-3.13345
-3.33211
6.35095
5.07684
2.71989
-2.39802
-5.10914
8.29905
-6.70570
-4.81784
11.93679
-1.26824
-2.58350
8.31668
3.87126
4.27692
-4.55804
4.29779
-8.73283
-6.60142
-10.92171
-7.10118
9.05349
-2.36687
-6.16770
-11.11062
-4.99358
-4.18943
1.09004
11.17505
2.97946
1.00092
-3.94750
-2.21882
2.38211
3.49554
-2.08509
11.23396
-6.09041
-0.11539
6.50899
1.88750
-0.95726
13.07518
-1.71897
-3.90975
-11.29273
0.51047
1.24577
-2.16452
3.07407
5.72940
-8.17605
10.50405
5.32866
-1.17190
1.73204
-9.61806
-13.63861
14.84194
-13.70919
-10.93871
-2.42894
-13.72607
2.45412
-3.31655
7.69338
-3.97065
-0.02482
-4.37976
0.48732
8.60443
3.41723
-0.51440
7.31935
-7.88474
-0.40682
5.71679
1.80352
-3.35441
-6.83576
-7.10672
7.23562
2.25652
-2.49549
-3.97077
-2.64053
6.47475
0.75929
-0.89966
2.97361
2.20896
-13.16580
-4.09294
-5.16448
-10.88196
13.52921
5.78534
17.56955
-3.48794
5.44834
-2.23089
-3.29250
-1.03391
2.15736
-12.65141
9.92285
8.36520
8.24156
-5.38421
3.08808
4.24256
-0.31726
11.86812
5.50961
-3.01509
7.18698
-6.23945
15.30716
-7.75833
-3.66032
2.42490
6.40121
3.66179
3.73452
5.49193
2.25189
1.98214
-7.42696
2.26003
-1.43439
-1.34383
4.87127
-7.13027
0.53118
0.85169
-9.01202
5.45026
-3.51994
3.28041
-10.11753
-6.95486
6.39103
0.63795
-0.65056
11.03149
6.77287
-3.99505
-9.51849
4.73849
2.99850
-6.24149
-3.35269
-1.05294
3.51690
0.66795
-10.42394
-2.85936
4.43459
-9.10065
1.02961
-6.99587
2.93382
10.77265
2.46503
-4.67528
-1.94937
-1.24531
6.67082
4.83754
-3.73960
-7.17513
0.87463
-5.73317
-2.64869
9.79042
-5.05151
-2.33876
10.99734
-0.43980
7.19936
-8.84401
0.46509
3.61369
-16.80328
4.88916
4.66654
-1.10310
4.04520
-1.91899
-1.48839
6.68539
-3.30484
2.18246
8.77207
5.42407
1.91162
3.22906
2.03074
-1.62673
-12.35777
-1.29489
-12.39196
-1.83177
-7.80631
-7.86746
0.84592
-2.03541
-0.41781
-0.51165
-0.25305
-0.90302
-4.41527
5.85682
1.48606
-4.56566
-0.58725
15.42247
4.69875
2.50881
-8.56141
3.04422
-4.63167
10.68321
-4.01588
12.07874
0.72422
-2.04128
5.60629
-1.06569
1.91932
4.92560
12.88825
-8.67510
-13.14030
11.93734
12.09874
-2.88621
1.08713
4.12284
12.22737
6.26747
2.43376
-2.52256
5.30841
-1.14511
-4.15684
13.53958
-7.35112
3.12971
0.60446
-11.38624
6.61684
-11.98099
-2.21056
-5.92368
-2.10637
3.04680
-3.72635
-3.69790
0.60565
-13.88047
0.17044
5.12358
7.63775
10.62977
-8.10906
2.84852
4.43294
5.23108
1.08934
1.60465
9.28545
5.99140
3.01474
0.99690
-8.94285
7.22239
-8.67400
-4.55047
1.33697
5.21411
-2.50924
-2.89663
6.41705
1.47048
5.19801
7.63113
11.90321
3.17303
-12.06653
3.78125
-7.61243
1.61736
8.99882
1.69372
-1.89878
8.10767
-7.27882
-13.90950
6.73581
-3.95959
1.04376
0.93735
4.00741
-16.49025
1.83391
-1.95814
-5.79801
3.64369
2.09519
-1.28306
-9.76203
-0.80356
-6.53525
18.19233
-0.02609
-3.10079
11.13135
3.77581
-1.18574
3.53681
10.17516
-0.75837
6.93882
-7.88841
3.44033
-7.96337
-9.84676
-2.32870
16.90869
-12.83699
3.62920
3.33275
-1.27073
0.32986
0.88713
-3.08044
-2.51244
-9.36269
-10.17315
14.07825
-5.27249
-0.94525
-11.85102
-1.29684
2.28632
5.76261
7.29991
2.98682
-4.32650
-5.23334
3.50266
8.88236
-2.25118
17.35380
-0.25965
6.64952
-16.98424
-7.56599
0.47217
-0.94494
1.75537
6.65552
-4.39772
3.76167
-5.08030
-0.11863
12.96348
7.19402
4.88868
4.78602
-3.99577
-4.47601
-1.92372
-2.50893
-3.36113
9.96100
0.72970
-1.56110
-5.85602
8.57104
4.09288
-3.64719
-8.78135
1.31473
-2.89210
-2.44638
5.67345
-4.52044
-0.11314
-6.05489
-10.36753
3.73886
-4.24347
-12.49150
3.21349
3.99445
11.69230
0.75443
5.08960
2.47587
9.13327
-6.91390
0.57975
7.15595
3.12931
-11.11877
2.66781
5.58414
-4.06774
1.93068
-0.43123
-0.44919
3.42338
-2.42807
9.07022
-4.91571
7.36483
3.51978
-10.74339
-3.94973
8.50662
2.15849
-1.02256
11.84941
1.84533
1.58478
4.02694
-3.90413
-4.11845
-7.17300
-4.97454
9.43406
-4.93666
10.91549
2.53455
0.31254
-7.28484
10.96329
9.10432
5.24037
-17.81315
-0.37489
-1.01494
-1.08539
11.47667
-1.13217
-7.20200
-1.30997
-4.02752
-8.58177
7.72555
8.29916
3.18488
-3.07572
6.27972
-8.92211
-1.88867
-1.86881
2.62211
0.79798
-2.11369
-2.23646
6.64836
-10.78943
-17.61028
-7.92576
-3.86731
-7.14696
-2.02952
-3.38488
-7.64176
-17.17847
1.61428
-3.90280
-1.86917
-3.57827
3.78513
4.42130
4.95688
-8.22703
2.51681
4.70414
3.54570
8.91682
-2.72042
-8.27490
-7.33441
-2.55766
3.63072
6.00200
-7.17373
-4.62476
-9.74235
0.26512
-5.32938
4.86681
6.26140
-4.17499
2.14337
-17.90575
7.93363
10.93326
-7.51615
5.10532
-6.99842
0.93055
8.64224
7.61920
-0.30862
3.84544
-12.11869
7.90446
-7.67281
8.06305
9.71669
-2.16700
-1.68933
-0.64475
4.32592
-14.53267
-3.89956
-1.99839
14.48196
-3.45589
-3.55708
7.29670
1.41047
3.29410
-2.80002
7.99893
0.22047
3.07310
-2.45822
11.71293
-3.09742
11.71455
-6.10765
3.33090
-3.89580
2.19269
0.83266
3.11115
2.78577
-4.15033
3.56326
-8.79711
1.13689
4.14651
7.75369
6.63567
-18.95391
1.60933
-2.01245
-7.05988
2.26532
4.17312
-1.27582
10.09334
5.42143
3.34639
6.71227
-1.13050
-2.85939
-4.71519
8.22901
-16.87009
-1.99239
0.67243
1.05068
-5.19964
1.02014
0.29171
-0.73177
7.33244
5.11854
-3.85100
-3.63597
4.63195
1.20605
7.37687
-6.45580
-5.45005
-7.35422
-0.89971
-2.29618
0.93337
1.07390
0.36452
4.28427
1.17361
-2.98050
-10.54472
3.02515
4.34806
-0.15424
-1.36825
-6.08879
-10.28046
-9.52749
-5.12815
-3.72775
-11.70581
8.23951
3.83181
3.36490
-5.50818
-3.79025
-3.92408
-5.18157
3.02646
6.36936
-9.58920
-2.20943
-3.90649
-10.14200
-1.53358
2.35764
0.29009
-6.45409
-7.54629
0.89285
-15.58282
-3.93284
-6.00074
-3.46060
-12.91500
1.25955
13.46491
-6.53828
11.34469
9.61836
-4.10597
0.75764
0.79921
8.63688
0.68720
10.70453
13.01431
4.89464
1.57167
-6.09663
1.76247
15.98783
2.00369
10.15384
2.01695
-2.43485
-6.80398
3.88869
-3.55509
17.09771
6.30532
-6.00303
-2.02510
-1.10130
-1.19475
9.50970
-4.97417
-4.29909
3.15377
3.10631
11.48832
-3.30884
-3.82759
-15.58547
1.12637
-4.78577
0.28683
2.28868
0.33305
0.36610
-4.70364
3.05210
-1.54746
8.81369
2.13526
4.63236
0.58933
4.79310
4.95772
-1.68772
-10.18645
-2.42737
3.55569
-5.91954
-5.36761
10.05537
3.99661
6.08946
-0.93975
-9.83559
1.90268
-2.81699
3.20904
-1.10219
19.27860
-4.82220
5.12230
-4.46612
-0.84343
3.99389
0.67792
-0.56555
-5.97090
-2.01007
1.68771
-5.62221
-0.19850
1.68132
-0.54679
-4.99990
4.70609
-0.32513
-2.42423
-4.96446
6.32848
-3.75108
-0.30542
-4.02969
-4.77034
3.54291
-0.65092
1.07389
-13.11712
-6.99233
-5.12512
-1.37861
-15.30618
3.19344
3.06406
3.17780
-2.96901
1.44364
-1.35185
5.29935
-2.00125
-9.87184
2.70044
18.66308
-1.04630
4.55925
-3.10095
-3.64896
-5.91185
-6.05945
-4.89047
7.34015
12.73322
-5.92183
6.83522
-3.04446
-5.37213
4.66980
1.54397
1.64040
-1.52943
1.18152
3.00186
12.62207
0.37522
-5.31176
2.46050
-3.80798
-4.34778
8.84795
7.53423
6.72844
11.07889
-0.98537
-7.07463
-6.44570
-1.90124
1.91802
7.23534
6.78698
-0.84895
-2.17780
8.73007
-8.29741
1.08464
8.20076
5.93458
-15.03616
5.28554
3.80488
1.10729
6.49919
-2.61025
9.46793
-3.49196
-1.45961
3.98037
-1.41661
6.18061
-1.08381
-2.19226
8.08059
-1.67262
1.25330
1.99557
-3.55837
-3.62650
-2.01896
-9.60862
0.99773
2.94118
-5.34369
4.97738
-1.70362
-3.15847
-9.91560
-12.95839
6.12355
9.59867
-4.63409
-0.83297
-2.49106
-1.46332
-6.96470
-0.97524
-3.07511
-1.40069
-2.88625
-7.06340
-4.30474
-6.47851
-0.77344
8.07326
1.79514
-0.31745
8.35575
-6.36649
4.64554
10.18770
-7.87184
-5.22179
-1.89376
0.25741
1.58870
4.19157
-3.34865
15.34530
-1.62608
-2.38653
2.11181
1.57743
-7.09489
1.74543
-2.94564
8.73244
-7.33025
-6.03726
-2.83471
2.61207
-1.58359
1.27805
-1.28807
-8.12721
-3.51150
-3.60875
4.93400
-2.02528
2.98731
0.80965
7.65022
-7.98929
5.66793
-0.51610
-4.50182
10.31108
-6.37554
-0.84206
-4.10103
-1.57557
4.05058
-5.11105
3.66726
-4.34748
-4.50330
6.69700
-7.76572
3.26866
13.43980
-2.70726
7.65441
-1.63973
2.58933
3.32835
4.56695
-2.24000
7.84776
-0.58174
-4.98756
5.15571
5.82902
9.57560
5.98302
5.89112
9.23809
-2.07053
0.36780
0.84901
-9.82741
-11.23574
3.37088
-5.53941
-4.65798
0.38579
-0.97187
-5.56171
-3.20061
-12.72804
-4.13574
-6.48347
0.09748
-6.57857
-3.93571
-0.47681
2.83425
5.69738
-1.29446
-1.06942
-1.74489
3.22768
-11.86548
-3.80142
-5.83164
1.38712
11.28538
0.49543
-1.07781
2.86446
15.71193
-5.07752
-1.15021
6.19467
0.73560
-4.89416
-8.25808
-4.06785
-2.97522
1.56616
9.06281
6.86627
2.26205
-6.02762
2.00595
0.49276
7.83157
-0.93706
11.46521
-3.54434
-7.46501
-0.57535
-0.56926
1.27353
-2.97075
-1.53392
-12.42177
4.28473
5.57724
-2.13505
-2.45634
-8.46421
5.93652
-0.15222
-2.43782
8.54828
3.89800
-0.42510
5.87855
-1.33909
5.76560
-5.81493
-6.33928
3.67555
5.91767
1.30594
2.40477
3.07304
11.33310
-0.02241
4.45382
-2.30272
3.19861
-1.37669
3.63258
1.52261
-8.72901
-13.15881
0.62688
-2.60712
11.98345
-0.02820
-2.55150
-4.63433
-10.05069
-2.34314
5.62760
-2.63437
-1.47688
-11.45921
0.22811
2.45892
1.85450
12.33691
6.92847
-5.30222
-7.05491
-2.20076
5.99435
5.92523
-4.90843
8.03786
5.62622
8.46222
4.32276
-4.99826
-0.38368
-3.81342
-12.32359
0.79422
-8.75904
4.90360
-1.90945
-9.15405
6.33671
-2.50997
13.41663
6.90047
-8.06522
-4.45851
-5.61709
-5.26649
1.57624
-5.08555
0.20607
-5.33020
6.37243
0.19353
-10.46499
0.98712
-4.79454
-4.57664
-0.79843
5.43832
1.96720
6.01885
6.26364
0.25990
-4.22510
8.11562
-2.17025
-3.37327
-8.05391
3.07122
-15.61463
-7.28060
5.78401
-8.75971
-4.49073
-11.18721
7.85451
3.80997
0.79204
10.91388
-4.61490
0.94982
-5.65155
3.09733
-1.05585
9.55255
-9.80022
-1.72504
-2.53090
-17.79942
-7.09093
14.27988
-8.89451
-0.53570
7.60935
6.98143
-3.28432
-2.30155
-6.99980
-2.51193
-4.59532
1.81391
0.00344
1.18175
4.74652
-2.24525
1.62871
2.22042
6.02603
-4.57273
2.04292
-8.31347
4.12508
-0.53711
2.62999
0.05153
6.27315
6.43661
4.23886
-3.45820
-4.43160
11.06197
-8.66483
-14.86259
-2.09563
-0.16295
-12.87063
10.86714
1.21264
1.71064
10.94852
-15.94027
6.25044
1.50166
-6.83851
3.64087
4.81353
0.74187
13.95513
3.81963
-15.11019
1.57018
-3.19796
4.34706
0.56133
-8.35560
0.48402
-12.85988
-1.11692
10.41803
0.79202
-3.43096
-2.53312
6.36643
1.61760
-2.03014
4.34052
7.65096
-0.63184
-8.10207
1.94420
-5.65680
-5.24237
-14.65122
0.15141
-15.39938
-7.02401
-3.97956
-5.70683
1.26681
5.28938
9.69856
-2.89777
1.41705
5.87553
7.03064
-3.75861
-2.52485
-14.66152
-4.12822
-1.05634
-3.50746
10.91837
2.46980
6.57175
-4.14505
15.13023
12.99392
-8.40983
4.15414
-10.61260
-0.24105
4.21617
-13.69357
-0.43029
-5.11187
-7.76332
2.43973
-3.70567
-6.48394
6.33673
-8.92199
-3.35256
17.55935
3.00440
-0.48036
-5.34410
0.84181
-3.21933
-2.83726
4.92147
3.86912
6.68076
0.39484
-2.62363
-0.71908
-1.06304
0.24498
6.42735
-6.66075
-11.98367
0.34989
-14.48066
10.35828
-0.78025
-2.91908
3.45655
-5.42934
-8.23454
5.12360
-1.27884
-0.89918
3.70734
3.32038
-3.27472
-8.01307
-3.01742
-1.46850
-9.05573
6.86882
8.40020
1.89604
-0.61429
9.97434
1.15041
-5.77249
7.36051
-1.01828
-4.68931
4.12055
2.18247
-2.90081
8.12116
0.56363
7.08212
-0.75779
-18.89976
0.00577
-2.50048
3.22613
-10.31498
-1.06711
2.33297
-2.65741
-8.47119
-0.03101
-3.03622
6.25625
-3.67466
-4.71744
-0.49157
-8.08303
-3.67165
-7.07354
3.36303
-1.77871
-13.14800
0.73761
10.08281
-8.32042
4.12894
8.01116
0.74122
6.67601
-5.01377
14.88176
2.23886
-0.70206
6.17204
-0.21091
-11.07805
3.93011
-7.10573
-1.33427
9.69557
2.23331
2.00418
7.66565
4.05621
2.56219
6.09646
0.24389
-4.29270
2.67893
5.27883
8.67208
-4.90789
2.61621
4.89928
5.80099
-7.25666
-4.70842
9.79649
-0.34116
-1.19666
9.40764
2.32189
-6.49483
-11.69576
-8.10415
-0.74304
2.08673
-8.64352
5.30239
6.01635
8.17795
-8.87394
3.60564
-9.91574
6.04235
0.48380
-3.69254
13.99855
11.58704
-8.01188
10.46752
1.78295
5.12683
-10.36549
10.65006
3.44845
6.12387
4.07994
5.66954
4.80730
9.30073
-7.84423
-5.80061
9.74578
-12.68540
1.75920
-4.06619
-4.98542
2.28787
-0.89554
6.78139
7.98484
-11.57641
6.56176
-2.60212
6.45932
1.94952
-1.57543
2.35641
-1.80684
0.87207
-2.39365
-4.21108
1.60370
-10.53063
-1.16853
7.82113
3.76354
-3.25510
-0.25428
-3.52125
3.11342
3.05492
13.39325
8.02499
11.90405
-0.29804
1.83643
3.59990
6.16778
-4.68387
-4.76555
4.49856
-2.22797
0.02145
0.68688
-12.70372
1.06466
-3.44668
1.48297
-4.43772
-11.00071
-5.72215
3.52669
3.00976
-1.97300
-2.17195
-6.38315
-7.57121
2.69075
14.81797
1.10131
-2.29617
-1.72865
0.05307
5.21376
-2.27510
-7.35695
-8.04906
-11.96088
4.60369
-1.31735
7.02992
-2.82381
-2.30039
1.68223
-10.82782
3.08242
-3.69641
-0.34511
11.22027
9.45489
8.97678
1.81974
4.06345
-1.11885
-3.33484
-10.14484
-2.89161
-8.30576
-4.34469
-5.12629
-17.42658
-4.89180
1.68016
-2.55770
8.56760
-1.79679
8.83885
-4.88455
-4.20004
-10.01727
0.19645
2.08582
5.59804
-3.25202
-1.20626
6.62382
-13.64101
-7.12817
-6.91805
-2.03923
1.95545
-7.93637
-8.41693
1.16966
6.46400
7.62289
2.37657
-3.09547
-0.60269
1.61740
-4.89557
-2.36205
7.15800
-4.67652
0.20479
-2.55616
-1.14963
0.93061
2.47286
-0.51681
13.36714
4.81575
6.53777
7.49841
-5.80154
-7.97257
-12.42074
2.90083
-10.86555
0.00409
5.23608
-3.75981
8.75887
2.61470
-5.16874
-7.18912
13.28770
3.41978
-2.87267
-9.47104
2.69092
-3.76652
-7.89045
-4.34106
1.22311
-10.48647
-13.01505
-3.63482
-2.84747
-4.05283
11.48810
3.77874
-2.33460
-4.71798
-0.37982
5.06350
-3.44919
11.68607
3.45350
-0.81109
-1.26957
-2.68736
-3.71752
1.08859
-7.31522
-6.99312
-11.42977
-4.83284
-6.92689
6.32169
0.16286
1.94956
-7.52604
9.59110
-0.99972
1.52822
-4.61330
11.68605
8.30497
5.86160
0.51593
-3.13231
-10.44264
-3.72292
2.65330
-4.04143
1.38986
-0.66815
-4.15595
-1.42804
-5.78042
-1.99625
4.47334
10.56601
-9.23972
6.03587
18.64912
-0.81126
-5.20100
3.68282
2.50920
-1.96305
-0.11619
-0.71928
-1.26704
-1.62339
3.21856
-3.87074
2.36644
-1.83359
4.88985
-1.99398
16.55154
-3.08047
-13.77110
-2.23706
-19.57461
2.49788
10.80127
-4.53219
4.12464
-9.58719
4.47958
-11.35622
3.34709
-8.75922
6.73808
7.46974
12.72366
4.26154
-5.61975
-6.37976
-3.31348
2.46632
21.07523
10.23052
-12.03850
-5.63730
-8.17385
7.78709
0.49910
-1.37685
16.54716
-14.61007
-11.56580
-4.68232
4.64183
5.58604
-12.44071
-5.01061
-1.89793
0.90744
4.18006
10.94196
-12.07935
-12.45479
-1.48228
-8.07198
0.57109
-22.05496
5.21654
4.89929
6.15981
4.85953
4.63150
2.91167
2.15554
4.78082
11.53336
3.34194
-6.54511
2.94453
5.32355
8.59673
-1.61099
11.39017
-2.01551
-6.46926
5.36054
-8.91852
3.25222
-11.29331
-1.34117
11.28581
-2.01081
5.41924
-0.85011
3.58738
0.92101
-0.84409
-8.78456
0.01032
5.30573
12.32290
-13.90337
-0.02558
3.29558
4.30999
0.13576
6.80375
-3.37646
-8.01064
4.24566
-8.20086
6.19980
-3.50771
5.77794
-0.24197
4.11979
3.39987
9.26513
1.73888
-3.77324
1.14543
1.94990
-4.86467
-3.62194
-0.29393
-13.42761
-6.06675
-13.11153
-0.63184
-1.65978
11.34108
-12.45027
-7.10837
0.71732
2.03112
2.96151
1.91629
-2.96414
-0.90001
14.03430
-13.41598
-0.33580
2.01108
8.30863
8.71178
-7.33829
4.70383
1.03482
-2.35235
9.08191
8.89252
-15.90340
-2.96623
-1.10681
5.60006
-3.44869
12.92395
6.22573
3.08436
0.73815
3.50444
-16.17034
3.01491
-2.20279
-0.10408
0.85006
4.12313
0.95322
2.81462
-4.00648
-5.37156
0.03168
21.12835
0.95891
2.59750
5.80395
-4.09804
-22.64323
3.60476
-3.70845
-1.82658
6.95187
2.19170
5.18894
-0.54849
0.19505
-4.53343
-1.82256
-9.59052
-5.16063
7.97885
7.31061
0.74818
12.67127
0.42024
-2.68688
-6.23588
2.58147
-0.31503
-18.73915
-2.96093
1.46731
-8.17244
7.18699
4.50094
-0.86172
1.64882
-0.33635
3.49971
-8.40841
-5.22215
20.55886
-12.07424
9.19375
3.98602
0.73437
-4.51072
-9.99572
-11.18884
-0.23962
16.37387
13.09161
-1.40938
-13.03762
-9.22285
4.02806
-3.62937
0.27465
-5.60703
-0.40331
7.84296
1.79988
-7.29624
1.13359
-1.99172
-1.83164
-10.02100
0.91028
-5.47010
-5.25977
-4.52259
-4.56617
-6.24021
-0.29217
2.96749
-3.48593
-2.69598
4.26416
-4.32995
2.77951
14.19417
8.93680
0.01285
2.44052
-4.80568
9.30244
-3.42077
-4.48780
-5.59504
1.51476
0.37425
4.24733
-2.72107
10.42444
1.13182
-4.48190
0.46054
-0.31680
10.59832
3.54295
5.40253
3.23699
-3.34461
-4.07906
-14.10355
9.92989
-7.71810
1.69427
-0.14523
-13.41311
-2.08049
2.71938
-2.27582
1.10953
7.13363
-4.89904
-8.43255
-6.54285
-2.72250
7.69600
15.63550
4.94422
-0.33590
0.11308
5.67943
-3.16368
3.25097
-0.50291
-6.09080
-3.35595
3.99331
-10.14477
14.26997
-7.36290
-9.12865
0.12323
-9.02267
8.46113
-3.26124
-8.92575
2.14395
2.41916
-3.60351
3.77044
10.88882
6.71038
3.72981
-13.43816
-14.58511
6.87374
8.28119
3.60700
-3.67946
3.62061
-5.77449
0.24645
1.33941
-1.36804
6.84313
-6.16978
-7.80629
-7.21257
3.10989
-1.83379
12.01420
2.58559
-8.98923
4.55734
6.68327
10.11680
0.74069
-1.77067
5.40024
-6.31783
1.83448
-0.68189
10.36473
-3.92170
-6.93528
-1.13028
-4.18756
-14.12152
-2.57822
6.63242
-14.46444
6.63886
-4.76323
-3.89425
5.28390
-7.73001
7.04951
-0.07412
9.83984
-5.30906
5.02104
7.41066
-5.43253
-9.76323
-7.61790
-2.13508
-4.75169
-4.70903
7.55090
-4.09472
7.15939
7.63752
-2.65359
3.91151
0.56680
-2.46294
1.38206
-0.15786
2.13423
7.38460
7.18684
-2.97300
-4.79423
-6.09035
-3.05333
12.22223
5.08044
6.35297
-2.15713
-5.91770
-4.67505
13.19628
3.36945
7.14555
-2.88211
-6.34873
-5.87652
4.34064
4.02952
7.72082
-3.20263
7.18200
-1.50289
-1.62477
0.76261
-1.09212
7.53932
5.18041
7.97962
3.45629
-0.76641
-1.81327
-17.35531
1.70872
-2.43711
-4.94398
-6.47643
1.50971
-0.43804
1.90067
3.65802
-2.82511
12.29630
-9.04396
-9.66150
4.72406
3.38439
-0.25941
-8.38205
7.03236
-6.62904
13.46270
6.43686
-3.70717
-0.02735
-0.86294
-8.80725
8.24487
14.35933
1.59578
-3.04024
-2.80555
-2.59766
0.21305
1.55199
2.70017
-12.26722
-4.11205
-9.68343
-6.82683
-8.00087
-2.20321
6.28692
0.04925
-0.91442
-2.01997
-2.91258
-10.58154
3.57693
3.83716
6.97183
-1.04471
10.71688
13.97570
5.51076
-7.06835
-3.17785
-2.68278
5.56276
0.79752
6.15819
-2.91012
4.72603
10.28303
6.22315
-8.39197
3.53737
-8.19482
-2.74072
-5.96869
-5.22525
13.99208
-0.67920
-2.80749
13.59115
-5.99240
8.53446
-4.65622
1.83563
1.96229
5.84752
-12.97982
-4.05784
7.84037
5.35387
3.23866
-3.77430
2.39202
3.53523
2.91433
9.22727
-1.31696
6.60349
10.47844
-3.09423
7.17638
-9.24460
-3.97041
1.31277
-8.60196
13.11446
1.59024
-7.04531
3.85526
-10.06050
0.44425
-7.68614
1.98525
-0.84412
-2.30529
-0.26804
-2.87499
-7.31364
5.05434
1.99519
-1.13701
9.07912
15.51607
1.07283
0.67468
-2.45011
-2.48593
-2.19168
2.25104
1.94469
-3.16068
2.87632
-6.51888
0.91202
-8.57992
-0.74287
3.22315
11.76575
1.03217
-7.11834
-0.49392
3.67717
6.88154
4.82116
-3.39829
-7.23020
-10.20773
4.64896
-5.90856
-1.85407
14.37649
2.38172
3.19847
-3.77622
-2.31596
-1.02859
-3.91038
-1.44826
-2.11958
2.94139
-17.60003
-8.31688
14.37284
-2.54670
3.99208
-7.30529
14.28160
7.60611
16.63800
-2.21937
9.69882
-8.75435
2.94876
-2.51384
4.49489
0.65231
4.53115
-4.13974
2.05712
5.17545
20.51183
1.05578
-14.10412
-2.24661
-7.93428
-4.89754
3.80329
-5.44515
8.68255
-1.68489
-0.85135
-5.19201
2.49133
-5.07043
5.37968
-8.37823
-6.62352
8.24537
-1.58759
-4.19256
-1.88933
-8.15896
-1.38546
-1.16898
-0.17612
-2.68998
2.25132
-3.09036
1.81477
-0.40853
-5.03601
3.19812
3.76261
-6.63334
7.42905
-12.63657
5.24500
2.41638
19.65009
2.51585
-3.38820
-0.44758
7.50462
1.79045
-1.60800
10.03765
3.38513
1.63181
1.16237
-11.78577
9.78938
2.17201
2.38941
6.80202
-7.37022
-0.69748
-6.86319
9.74198
-3.20482
3.54392
-2.38232
-3.04731
15.80277
1.67409
4.98510
11.26838
7.20923
3.37135
-5.02774
2.14957
0.65167
11.20358
-4.92700
2.03686
5.01816
3.54735
-0.00639
-0.98188
-4.56448
0.10950
4.02143
3.37797
5.45124
4.96146
0.89035
3.14191
-11.71412
-3.27214
1.50383
1.44718
-1.47740
4.24001
9.59257
-0.22723
-1.00552
-3.48323
-1.70156
2.71187
-0.00902
3.74198
0.09412
-1.61678
2.83360
-8.33812
2.61428
3.20841
-1.56926
6.57953
3.17462
-14.71367
-2.11336
-4.65016
7.61282
3.09155
1.07048
1.34924
-0.03285
-9.14730
-4.12004
-5.49125
2.92941
1.63526
1.99338
0.42148
-4.86187
4.76924
-11.57984
-3.96334
7.85837
7.43604
3.54865
1.29582
6.71583
-5.94280
4.61175
2.61556
-0.58760
-4.41612
13.29064
5.18392
1.97851
14.01434
-4.04049
-1.63045
-4.60948
-4.15335
2.82697
1.49472
5.90451
0.31157
1.64980
-6.09826
-3.61488
5.71094
-6.40626
13.44150
9.86042
-2.31562
-14.41971
-0.36294
-3.89461
-5.91119
-1.89626
1.55690
-6.46200
7.24251
-7.74451
1.09914
-6.20079
-3.75752
-8.29304
4.61184
9.55552
-7.92389
-2.70807
0.78470
7.72196
15.25427
-11.66546
3.66287
2.36774
-0.74895
2.48637
-0.36600
5.05849
-0.75191
3.14698
0.54438
-4.71962
1.92522
6.60547
1.19199
8.69114
5.88008
5.76898
0.99225
0.88782
3.41267
-5.99865
3.14181
5.95336
-3.78053
3.96552
-1.62220
-2.39154
6.28027
-4.01805
4.44609
2.16919
0.29840
-0.07373
-1.63166
2.61026
-8.97569
-2.73308
-2.28200
2.34188
5.35150
8.03944
14.79200
-12.44933
-6.44122
-10.19232
-12.46131
-8.83468
-10.26563
4.76342
-1.77622
-16.61178
-1.09317
-3.60978
-4.95390
-3.56936
1.15645
12.03214
5.89664
-4.96669
-5.44004
5.05625
-15.06150
-3.41515
-12.46621
-9.60020
-1.63022
-6.83522
-3.30430
6.77794
7.60283
-8.25395
-0.29788
0.26249
-5.62361
4.92397
-3.15680
6.20722
7.23654
5.33379
-4.61094
13.12665
-3.37385
-2.66854
0.72094
6.24909
4.65030
-6.50714
-10.49375
-7.42763
-0.62045
0.40418
-4.34215
-3.10596
1.96845
-3.80694
-3.02625
-1.33156
-0.90467
1.79844
4.69285
5.62669
-5.34884
6.75386
-0.37772
0.42862
6.33230
-2.35521
-0.89825
3.50516
3.55751
3.80621
-1.77595
-2.47297
-17.20429
6.52783
-1.62445
3.14889
-4.58084
5.43185
0.02116
10.77208
3.80629
-11.51972
-6.76690
5.16895
1.75704
-5.62720
6.13623
-6.69981
-8.61221
-6.48604
-9.13890
-7.58831
-7.38641
3.24913
-3.97512
-8.63956
3.31200
-4.49875
-8.98930
0.04920
0.71989
-1.28378
1.90881
6.68492
-7.59102
2.90194
-14.72401
-6.14020
-1.44296
0.21099
17.53870
-9.65842
4.94807
8.27712
-4.44699
-3.43623
5.19555
-1.73571
-1.95711
1.56079
2.03131
4.74885
-7.28350
-11.46988
-7.32454
-9.82978
5.93053
3.81537
-5.64380
-3.70331
12.81186
3.04826
0.19371
7.76715
-0.99568
-0.84264
-13.44801
-2.72804
-10.14461
-1.64642
-5.79832
-18.23739
0.35499
-0.37951
5.51865
-11.43564
-1.81701
-18.82845
8.43514
1.69460
7.86363
-6.22153
4.49443
5.37724
-5.32065
-3.36062
1.32006
4.21631
-1.91163
4.61467
10.79811
-6.63231
9.61237
-9.15703
-1.53130
2.07610
-9.79172
8.71752
18.95660
-5.45834
3.44566
16.99716
0.20629
-0.73812
5.10063
-5.84114
0.91136
3.49192
3.65339
2.73288
5.90787
-4.99736
-2.62304
1.55602
-4.38478
0.59130
-0.54112
1.07903
3.86030
13.03230
0.21385
1.43046
-6.18726
8.39765
3.48074
7.25600
-7.40021
-1.94906
7.97783
9.21881
-0.76678
4.62298
6.57051
10.11856
5.37698
1.54637
-8.16939
12.64392
-13.17850
-0.68000
0.87251
6.40299
3.32239
1.83363
3.51990
2.49580
-5.92816
5.12284
-5.69976
7.30301
-6.77935
7.29184
8.18954
14.94295
1.08201
18.10598
-6.52995
-3.71421
5.90407
0.24430
-6.16332
1.67964
-2.45290
3.76089
6.89908
8.01498
2.77260
-8.08257
5.93158
-9.83700
8.11006
9.76989
-0.95607
-3.86359
2.44218
3.76637
1.41204
-3.25178
-1.22159
2.90576
16.08560
6.59485
-2.85856
15.60199
-1.21092
-4.31751
11.01338
3.01626
-0.60493
5.83712
-4.42537
-2.68582
6.03443
-2.89972
-0.12452
-1.34560
4.60768
8.53796
5.94271
2.57472
-8.99795
5.16005
-2.20326
2.91990
-9.93638
-0.01746
-0.57826
-3.62329
0.80507
-0.17888
3.12538
2.85045
6.07246
-0.43620
-1.55027
-5.94502
-2.63288
-2.08938
-2.25426
-9.57281
-7.05391
10.47528
-12.74570
6.76199
-2.04398
-5.71752
-0.70340
2.39403
-8.66934
-12.35498
1.13592
-0.44261
4.69777
-0.65409
12.19153
-0.84003
0.62902
-11.50926
0.27069
5.18074
2.82529
-3.14239
-2.53023
7.15100
5.74474
-2.96100
-2.08396
4.64068
-4.87397
-3.37855
-8.14452
-2.09292
13.58160
-5.26101
-2.89244
-0.44271
-3.20212
13.74311
6.68110
4.81195
0.48067
-11.24573
9.99957
-1.21675
3.62093
4.24666
2.54569
7.51601
1.21708
-3.03923
10.05929
-7.14719
1.04697
-11.83179
4.12532
-1.42386
-4.76062
-3.71066
-8.24499
8.90013
-1.52534
-6.41479
-17.60669
-4.49912
0.82550
9.21055
-8.96039
-2.22154
-7.61401
2.98727
-1.91117
-7.94634
15.71503
-5.16668
0.58941
17.91881
7.64756
-2.32959
-0.16091
-2.33328
-0.04826
-7.55252
4.11220
10.88661
-0.52895
7.42486
-2.09401
9.99226
-1.89548
3.04904
0.42010
8.15755
9.44758
1.57966
5.09133
2.97184
16.92479
7.42301
0.03347
6.20976
10.69321
-5.54086
-3.99755
-1.05044
13.92973
-5.07073
-3.45654
-8.95148
-7.94685
3.12133
-4.75212
9.09203
6.27365
4.90841
4.71163
6.70667
4.59893
-4.78540
13.14344
-0.03517
9.33376
-0.79354
5.34962
1.68294
-8.32367
13.51278
7.38385
2.83624
3.06354
1.74147
0.38741
8.48376
-1.55580
-1.27868
-9.27555
-1.67493
-4.08868
-11.04145
-5.21102
-17.29257
2.98684
-0.11786
-3.27664
1.91598
10.39809
9.77892
5.07422
-3.22978
4.11234
8.21616
3.62593
10.31830
9.31947
-0.13064
-6.56456
3.87370
-3.08285
-1.88509
11.66435
-0.20753
-9.39381
2.30463
0.06415
4.93668
-8.04811
1.55794
15.46329
-4.18819
0.73482
-14.92271
-3.23856
2.33156
0.62452
7.34906
-5.80566
0.09472
-0.43558
-3.47895
8.44036
-6.80877
10.28067
-3.66455
-3.34990
4.98881
7.52128
-7.28491
2.61026
-13.31681
8.35653
3.82524
4.87445
-4.68455
-2.33210
-3.19121
-5.14381
0.20238
0.18692
-8.49193
-6.27809
-2.69271
-0.52889
-1.91026
5.74760
-12.64545
6.68428
5.86972
8.77019
-3.42425
-4.00863
-0.21916
12.48607
2.80557
-5.59791
4.68245
-3.85858
-15.36386
-10.12342
-8.87455
-10.14306
-4.98671
-4.12881
-13.43403
-12.53921
5.31256
0.05178
-9.91171
8.00556
10.98647
