-7.70773
20.47269
-23.50457
1.47215
-4.79086
4.72150
16.13601
-15.04412
-6.23192
-8.70273
14.36244
-11.09618
2.91535
-6.76454
-8.36989
10.58796
0.25575
9.95656
14.28685
0.40303
2.76040
6.78450
16.36407
1.37815
-2.01196
9.89003
-6.58532
5.08682
7.38477
-2.31763
8.14933
14.61289
-9.68179
7.59382
9.02035
-3.24730
-9.24079
-12.59368
-3.29590
-19.56180
-4.32566
-3.89618
1.00673
7.10694
-13.43008
10.39582
-16.41684
-4.94229
23.83080
-13.74408
-5.38069
-12.24478
9.33997
4.56055
5.06795
-10.93499
-5.16128
-6.70404
9.01868
4.33065
-4.26034
8.46434
-10.77706
-16.93194
-2.84342
3.23436
-16.44586
10.53490
-1.82859
23.19329
15.61762
9.02060
4.10291
-9.84595
6.23703
-6.22602
-15.16062
0.56244
12.21539
1.46443
11.78852
-5.34624
-12.92920
12.28969
7.40982
-14.90649
0.52205
-5.60478
0.33865
6.37632
-9.32993
-23.30544
-0.62178
-8.74627
-0.32279
-1.35192
-10.34092
11.31468
9.07948
3.83658
-0.49892
6.55651
5.93531
4.97776
-9.34375
11.09092
5.49304
-3.42748
6.99268
6.34900
20.82394
-13.34497
3.48597
0.02072
-12.01838
-3.89759
6.58786
26.27861
10.80849
16.17086
-3.01384
10.07267
16.33144
10.24072
-10.62447
-15.03428
16.74396
-14.32662
-4.95155
8.76502
-15.16963
2.06168
-6.18609
4.18156
16.46404
11.51725
2.72182
-1.49477
-4.96689
1.56054
11.01102
6.25016
-0.43856
11.56962
8.18053
-6.40309
3.40738
-24.16180
12.86458
-8.99870
10.27087
13.30599
-6.83723
-20.49883
-6.58713
1.24088
-3.34624
-2.98685
13.04638
4.05961
3.51962
16.90466
5.57542
-5.09372
-5.32173
-8.05700
-0.34618
-2.25275
-13.52713
8.36079
-1.08973
-1.68464
-12.02582
-12.00507
-13.19681
-23.89258
-15.63245
4.60224
12.67932
-10.67908
0.90487
11.32512
-0.85917
6.20785
-8.73423
-20.57362
5.68806
-11.81845
2.21180
-3.16514
-0.24878
18.27129
1.94568
12.16293
2.32892
20.50014
15.97200
-8.87292
10.45916
5.18421
-10.82577
-3.73188
-0.44069
14.77593
-1.76323
-6.52649
-11.86265
7.50964
-9.55736
0.02720
9.13491
1.83481
-0.70591
9.59585
5.76976
-1.40576
16.15847
15.51178
-22.56130
-5.27148
-0.66198
-1.10827
-9.60766
9.34500
5.59723
-11.78130
14.01973
7.83597
11.12156
-4.34584
9.15699
0.64337
1.94775
0.90954
-0.95577
9.26634
7.81568
24.52476
-10.45770
-4.93517
11.99339
3.61833
6.83285
5.83574
0.06124
-1.89189
10.00760
7.23557
18.90978
-9.31147
1.42764
-7.95213
-7.43250
-6.70285
10.72691
14.26335
0.82747
-2.30931
9.18566
-11.09155
3.59471
-7.69975
-5.31157
4.39473
5.19978
10.69481
-14.67560
0.19336
3.19215
7.41713
-10.88743
-19.25876
-6.06308
-18.93260
-4.30044
-4.73926
-4.59314
10.84755
-4.56195
-6.47937
6.42460
-7.91342
-14.52515
12.55735
-10.01025
6.40128
10.82155
17.03238
0.41635
4.25718
7.25360
2.29262
5.49577
-3.50852
2.07542
0.49042
6.33814
2.14913
3.72005
11.02994
-9.12538
-12.70042
17.39305
7.91989
-3.85965
-3.68167
9.62691
1.10791
-0.71782
19.30926
-1.83267
1.06931
-15.94559
1.31039
-0.40042
8.86377
13.38660
-2.94422
3.11720
18.00890
3.81181
11.29456
-0.47112
9.19895
9.10042
-4.84185
19.94280
11.29400
-20.89313
1.14447
2.95112
-0.54904
4.22545
-8.90126
3.41351
-2.71880
-0.55364
-11.32389
-8.13170
-12.58068
-3.23404
0.81943
1.56209
4.08252
-4.47220
1.25005
-13.50287
3.10654
-12.41399
2.07851
-1.43824
6.39782
2.40124
4.40504
6.80527
9.03158
4.14864
-1.17641
-3.38789
16.36599
18.55581
1.05499
-4.64122
26.70286
7.84781
7.98583
-5.47390
3.57987
-1.90596
7.53993
-6.73594
20.23440
-15.26614
8.17232
-3.68260
-8.89872
4.44487
13.06580
25.48210
9.06323
6.85654
4.47598
11.69678
-2.34434
10.87690
-0.36930
-13.81325
3.01288
9.36397
6.82572
13.76278
5.56356
-16.34070
-20.91312
-7.33214
6.91649
6.32365
-9.86145
2.07224
-18.05682
9.79708
-5.51932
9.46012
-12.50239
-2.86212
-9.02095
4.23366
-13.30247
-10.65331
-5.28428
16.28825
-7.56210
0.66755
-9.66402
9.93322
7.18446
10.78677
-18.32178
0.09824
1.96388
-3.80631
0.37571
-9.59951
-14.03663
-6.39986
3.71122
6.66197
-9.75128
-11.49184
3.65320
-11.52863
-6.21365
-3.60306
12.30858
27.46328
7.42322
-5.65415
-3.36184
0.39477
-8.75634
9.99210
12.36905
1.04796
0.79409
1.09254
-8.52406
1.32593
8.64126
12.96461
-2.04603
9.70357
0.37575
1.19903
11.27523
3.96779
0.98468
0.62159
3.48143
0.87689
6.74705
10.46070
1.21041
5.15412
-12.99569
-9.54772
9.01355
-5.20253
-7.09919
9.81776
-17.69875
-22.02496
5.48530
11.02919
-8.56669
-2.79852
4.75321
-17.65285
-0.04645
-9.45427
8.81498
-4.39131
-5.57048
-10.55192
-5.56607
10.26006
6.38224
0.87526
-10.18003
-5.35678
-9.06533
3.40812
-1.32590
-4.72233
1.39466
8.63988
-9.32174
3.89241
-7.61137
1.77116
-0.04861
-23.43711
2.47540
-4.87901
0.55834
6.95247
0.33454
15.88657
5.29477
-4.80060
5.30915
-1.20528
9.87606
1.97976
8.59529
-4.50403
-8.16874
14.52556
1.89298
16.80855
2.95092
7.32446
-1.47739
14.62734
-3.21253
8.83002
-9.84342
4.93035
-5.53124
15.01253
9.30874
10.29393
5.12604
-18.84008
-5.98403
7.51973
-0.23921
2.56137
4.45359
-2.04978
-13.81013
-10.78560
5.31232
-2.08718
1.51678
-6.20140
3.74425
-9.20616
-3.53576
-3.74372
-0.15533
-0.01317
-0.27838
3.46411
-0.29536
1.61053
0.95235
-10.02561
-4.26200
1.45998
-6.59427
1.79715
-4.07009
-2.81591
1.95452
0.86114
6.04669
-4.24075
-3.35546
15.00993
4.82208
1.01390
-0.71181
-9.05258
5.00344
-12.34825
6.08119
-5.61035
-6.36297
-4.77690
5.31417
2.06079
0.94900
-3.50842
-9.51379
5.06046
-7.86052
2.62422
-1.96924
-4.27221
-15.84317
-1.71804
-3.75903
-2.66253
-3.17945
7.14713
15.53836
-11.47542
6.63325
-17.07063
3.69470
-11.13797
15.28813
-13.36512
-2.50984
-5.65257
4.84340
2.78084
-4.79369
9.95623
-11.08131
3.30707
10.51868
-4.30672
16.18716
-4.33796
-5.52898
2.03517
3.54459
-1.70195
-6.43300
-18.00310
-5.31049
-2.31631
3.24426
3.58709
2.25493
-7.89411
-19.86718
6.46788
-15.30951
-6.63917
0.36880
-9.82534
-3.41350
11.76488
-3.17124
32.17225
2.88366
-16.65462
-11.22288
-12.58412
31.11145
-2.24749
0.03182
10.55957
-9.03417
1.42465
10.71459
3.83465
-11.11158
11.21529
19.11517
-3.50397
-4.47614
3.86306
0.83191
-12.42446
5.85061
-8.73951
0.62663
5.72047
-10.27416
3.68697
-14.38082
3.51430
-9.26208
-7.66062
-13.49044
4.47841
-19.13316
-8.92816
4.55433
-0.05801
-5.07195
-12.24606
-12.60782
8.22184
-9.10412
13.80128
-3.22889
3.73031
-6.48821
18.15074
-3.06080
9.63756
-3.92608
-1.41141
6.32890
4.71284
-6.68482
-0.84088
9.81832
-0.21192
-1.46918
5.85432
-3.73115
0.78019
3.09758
3.89535
22.56689
-11.53323
11.62249
-23.96700
4.80599
-23.05418
-1.93371
6.88190
11.67244
8.33262
-4.93290
10.35125
-20.51323
-7.83534
10.97572
-9.02347
-3.41341
0.95300
-10.06472
-4.47645
2.50474
6.49678
-5.80504
4.93972
-15.52602
-10.64223
-1.66322
-8.31366
-3.44511
-2.69647
17.73488
3.24314
-7.64570
3.59889
-5.27380
0.96220
2.01735
7.56706
-8.37488
21.01719
-8.90546
-0.52267
3.92950
1.02345
2.48935
-7.62745
4.00157
5.53341
-3.70423
2.74919
-2.29986
7.25562
3.79985
-9.31580
-9.24214
-9.14460
-6.12429
0.36636
8.03357
-2.93375
7.20229
4.46520
2.78396
11.53615
-5.54936
-3.17006
-9.87801
-2.69085
-6.25504
-6.38075
-4.13338
4.37488
7.17816
-11.80289
9.20849
1.13460
11.75979
12.73960
-2.92609
1.21090
-0.55485
-11.07460
6.96065
-2.77877
9.43744
14.95210
-1.35536
-2.91423
-2.51448
13.20589
12.87895
3.50857
9.90799
-8.93142
2.07079
-14.63300
11.40048
-2.47437
8.07884
8.15616
24.18884
3.31183
16.24332
-12.79537
0.38949
9.11590
-7.01231
-0.61894
18.02046
4.43993
3.17375
3.85710
-14.26764
2.94383
1.16726
-7.11753
8.12240
12.54753
-1.00533
-0.07514
5.96983
-10.18620
1.13086
-4.96275
13.65299
-17.32718
3.76374
-8.99436
10.79931
4.38935
-19.01868
3.78078
-3.49692
20.78084
-4.55387
-1.40745
-14.08585
1.24757
-8.71607
-5.58814
3.44897
4.26186
8.89003
8.32493
-2.15940
-13.76316
10.77129
-7.54273
0.75015
8.70891
21.81508
-1.88264
-2.51242
-9.57118
-1.41915
1.70092
8.15276
5.31152
-18.85988
1.30887
-16.30638
-18.25304
-9.41386
6.82030
-3.70539
-0.88845
1.45444
13.99199
-13.70022
2.40435
9.85036
19.73858
16.15623
11.52611
-2.72645
17.01747
-6.00522
9.90444
0.76263
21.34785
-7.83095
7.76924
-2.09482
7.90965
-14.42621
6.39896
-4.85309
-1.74150
4.75633
7.06234
11.95191
-9.70580
3.20738
-7.37278
-6.47283
2.35566
7.01568
-5.97748
-4.97654
-6.07967
0.71893
-13.62648
-2.16352
-14.41504
1.42726
-9.81217
-2.00165
-1.15852
-8.82236
-6.40876
2.05110
-16.36244
-0.91833
9.24977
1.54952
-10.78363
3.01551
-8.40563
-4.72178
-0.41474
-9.05979
8.06047
12.78465
7.57416
-3.63063
3.61327
16.75723
-0.58345
-6.52947
15.12281
-6.35583
-1.50377
16.01063
-2.67589
4.99409
3.81246
7.90813
3.29047
-11.73931
10.37663
-9.16205
-15.58947
-0.10890
13.19030
6.82121
12.14311
-20.46946
4.85197
0.55573
-0.24820
4.44518
-1.33666
-23.62889
-19.84611
-13.45480
3.84699
5.12044
7.20735
7.55701
-6.66080
-0.82767
6.85399
-2.10116
11.49600
1.44758
-7.44643
-12.35422
0.04587
-6.70179
-11.93146
-5.88290
-16.60357
-4.44754
15.34153
-8.47984
3.22850
-11.34566
-15.11667
7.07250
-4.77732
14.41893
9.58496
-13.42844
15.65565
-9.38845
8.16649
-16.55679
-7.57565
-4.07027
-3.70518
8.91616
-4.84975
1.95349
12.48587
14.05291
-11.70583
-3.30023
-16.42111
5.22487
10.10370
5.98581
-7.85940
5.03061
-2.30931
6.73338
12.89910
-17.45550
4.82096
4.87406
-3.12014
-4.48342
13.46623
-11.60312
-3.48372
-5.43079
3.83403
-4.47918
-14.51552
-9.13875
11.08970
7.87098
-3.52451
-3.77274
3.67034
3.85997
3.29359
-7.24508
3.88333
-3.30285
-4.45883
-12.86779
5.36838
6.54795
-1.41043
-15.23260
-4.70894
2.89258
-8.59288
0.59559
-2.22888
13.92126
-11.64115
-12.33219
-2.96282
-6.34961
8.01398
2.74738
-6.94304
12.09333
10.72416
11.68381
-17.51648
1.36027
1.53649
3.61359
7.84298
7.76367
-1.30713
3.32383
3.82253
-10.00806
-1.88714
-4.32336
0.12146
14.82008
12.14380
1.10198
-10.15430
12.98373
2.02571
-4.16995
-4.58551
0.62104
1.87095
-9.48335
-6.70441
18.54309
9.21052
-3.00373
-0.96071
-13.35464
1.46006
-8.23495
13.21128
1.77379
8.03189
-1.01687
14.06248
-2.78954
-0.12387
11.34361
0.37465
15.14394
-20.99345
-6.00342
-3.80433
-1.32279
-16.66438
-10.40741
-5.67908
-0.89321
-8.64042
-17.75255
-9.40891
19.05877
7.55104
-9.88079
-6.01500
0.10998
0.27532
0.30596
-5.63295
10.39309
-7.16279
-4.29903
6.81470
11.81778
9.07752
9.15938
-0.07373
9.86457
8.13238
-7.71519
10.23307
7.12087
4.47046
-3.96513
-9.99845
-2.99849
-4.56433
7.30866
-7.49106
-14.30675
-9.61079
5.71657
2.08745
10.20452
-10.99861
4.48647
-5.77967
1.49039
-9.06865
11.45554
8.44911
-3.79898
4.18316
11.33494
-1.35961
15.86455
-14.68454
4.53921
-6.53156
27.45290
-6.16168
5.72974
-14.44968
-1.45139
10.85120
-2.51662
7.81856
-28.15246
2.26399
-11.44507
4.71671
3.57213
3.80625
11.79298
10.13767
3.52766
2.86970
-5.49713
-2.79752
-3.73155
-5.06061
-16.61783
-1.22153
-7.89192
7.56660
5.15634
-5.49448
-13.21057
9.46174
2.32790
14.06328
-7.54994
4.79183
2.32108
2.87388
-1.42535
-4.76061
1.86781
13.16270
-1.91748
-3.46750
7.94670
-0.37697
-19.02705
-2.43421
-1.92309
-1.92640
-0.66947
0.58054
6.99135
-12.07154
-3.77687
5.80074
-8.98697
-4.31163
15.43197
5.69118
-2.08346
-16.28410
1.43717
11.43686
-11.21219
-7.65763
14.42381
4.96501
9.37171
-15.86521
-7.10142
-15.15309
12.26919
4.16115
-20.27080
5.58177
0.16024
3.13561
4.73693
-6.66117
-6.99761
2.25311
-1.42622
-2.67171
10.54541
-2.27308
-14.44533
-4.25021
-2.33180
-1.28905
15.65994
1.77013
13.19052
10.96035
-0.73096
3.19118
-2.56410
-16.25324
12.22747
8.88626
-1.79159
4.55435
10.97990
-7.05236
10.04881
2.20504
1.37587
19.50204
10.65087
-7.76412
6.06574
12.43522
-9.26890
-2.75892
-9.53460
18.07877
-6.89947
-8.37603
4.05939
0.25705
-2.48845
6.00619
0.56554
-0.77095
5.80005
-8.41674
-2.35360
8.71136
-15.44671
-5.00026
5.22036
-17.09561
-13.03175
-1.54764
0.74074
-5.03104
12.55440
-8.08806
10.77693
-8.24080
5.94613
2.57359
1.16336
1.98994
15.08835
0.24781
-14.16762
-1.79252
4.21096
19.83647
-5.55412
-3.64246
14.94768
-11.90127
8.97255
-3.09033
0.19235
14.10566
11.62161
-6.29752
-12.75531
5.19574
-17.86157
-8.04754
5.51335
-12.43957
5.95932
13.74725
9.39134
3.72811
-14.00096
-3.06706
15.12601
7.32253
-11.84642
-15.74383
17.18464
-3.67461
1.67402
-4.66996
5.92190
-9.42987
15.50151
9.10143
-7.51291
-21.27445
-4.43415
1.59986
18.91467
10.99430
9.36154
13.27459
2.55827
4.21469
6.20248
-4.58311
4.42542
3.76878
8.19367
-6.90363
0.54555
0.44327
-17.20817
-14.48084
4.78277
-16.79751
-4.57479
0.65018
28.77513
-8.09331
8.43020
8.06850
5.04922
4.31403
1.52546
-4.83065
-0.98115
1.52489
1.58110
-10.24646
-16.55218
-16.50937
14.06280
-8.24263
10.10958
-6.05106
-0.76976
-9.10407
2.02273
5.11509
-4.56257
-11.61325
-1.88987
-3.13214
-1.93425
24.23668
7.00339
-4.80832
-3.87486
8.27345
1.90082
20.08665
-5.15139
5.74733
-2.20450
-3.92620
-6.40673
7.59307
0.54094
-7.12483
-5.03043
12.10147
2.81503
6.23344
1.19515
-8.75969
-8.73854
6.17726
-0.27877
4.72130
-3.18389
0.59898
2.29741
-8.61505
11.05645
19.67591
-6.22436
6.79720
-3.04159
1.43320
0.14504
1.94633
-17.60494
0.22807
-22.66569
-12.41399
5.71907
-6.68043
7.44694
-21.04713
4.02730
-9.04025
16.61074
-11.39189
10.72736
4.05613
-14.04051
-4.76953
1.98477
-14.73540
16.11443
-5.17283
-2.98683
-3.84171
-0.47021
-0.32169
-1.02721
-1.86889
0.15371
-0.68957
5.76844
6.69322
-3.96438
9.78831
-9.66045
2.17040
7.56508
4.68987
9.02974
7.85357
2.13316
-0.29825
3.15134
1.90856
0.81542
-17.35447
1.89890
10.46980
3.12193
-13.43276
-7.31327
-3.77902
2.19747
26.59350
-10.70142
1.99463
5.16002
-0.83572
1.08103
2.86869
-19.70981
13.53650
-10.91023
10.00559
2.40578
3.97861
23.77290
0.69148
12.56877
-6.96844
3.20379
4.76290
1.42251
-1.06407
0.85951
-15.02857
-5.61599
3.94582
-4.65233
-2.98773
-7.53717
-5.71088
3.36981
-1.84013
-2.10978
7.03983
-12.42817
2.75252
-4.74279
1.04250
-9.03997
11.98319
13.93145
2.15162
8.26590
27.92489
-17.19183
-1.58426
2.30288
-16.04534
8.56014
0.04338
-0.75236
-1.86598
-4.27971
3.57408
6.74068
-13.20232
-5.96315
5.61258
1.60747
-2.65839
2.93733
7.31626
-12.21571
-5.53744
2.32970
5.18481
8.39046
-8.03865
4.19738
5.65090
-4.72675
19.42877
-5.56814
-0.57503
1.14251
3.51111
-6.41046
-4.69558
6.16240
-5.24518
-16.03237
4.45275
1.21334
10.52391
-16.67205
7.71638
19.87656
9.82696
8.63793
-5.57431
-5.14029
13.24923
-3.14984
-5.31679
8.88189
6.53371
15.52217
14.79784
-1.85218
15.12072
17.98303
-5.59881
-0.18500
0.64050
9.63334
15.17725
1.74817
-1.63195
5.52380
5.30570
-13.72915
1.46230
7.24290
-5.64233
4.13725
-12.65971
-0.93922
10.96800
-1.64574
-11.19645
7.62800
3.73001
-5.37342
3.81574
-17.05153
-8.87268
16.02300
12.89562
-4.65339
4.73157
-19.94065
0.73037
12.58939
-5.05781
-1.52298
10.46820
-9.82240
-3.07747
8.88866
-12.10301
-20.84141
10.38522
0.98212
15.13416
10.43605
-11.88264
-13.28709
6.77167
10.56640
7.97058
-13.90508
4.99968
0.74114
2.27244
1.93714
19.35439
-15.72126
-11.87241
7.82247
6.84056
-18.26733
-13.50648
-1.13884
12.79622
4.45710
-33.02254
-12.43644
30.36241
3.66801
-1.39396
-16.64929
5.80288
3.90298
4.49889
-1.45628
9.40167
-16.26195
1.58866
-8.44133
15.34675
-12.17325
11.97270
-0.54561
15.92909
2.25001
-11.17878
-2.24396
2.64548
2.07338
-12.39308
-18.70372
-5.91932
-2.28403
-6.45172
-14.42028
9.98510
2.15923
-17.17028
-7.58443
-4.61295
1.07120
-0.94462
-14.65946
17.70760
2.44529
8.28861
-10.20089
22.56825
-27.76037
11.27304
-12.92535
-15.07451
5.37459
3.39635
2.31839
-5.88279
-15.97820
6.47672
-1.55397
11.50019
-9.69225
4.27196
-4.83564
3.98153
-15.63109
16.04058
-3.34501
-0.43147
4.78305
-16.58737
-18.58644
5.80622
-3.89450
0.73250
11.57368
5.56876
-1.61015
-1.09257
-7.62298
-9.60542
-1.17925
0.15446
14.24137
5.02204
5.13545
-17.92774
-20.07154
-3.09395
11.16747
4.42274
-16.19212
2.29093
0.94350
3.93842
-4.53613
7.30579
4.97627
-10.23386
-3.38014
5.33446
-8.61091
-16.63731
-0.54073
6.56312
0.86060
-13.46538
-25.35053
-2.11112
4.50394
-9.79674
1.30861
-15.53885
-11.16083
20.21019
-7.41978
5.07367
-17.59875
6.27834
-6.96344
0.81869
0.33062
4.48315
-7.02787
-18.95538
-6.33700
7.77698
2.28909
5.57626
7.59677
7.28526
13.10501
-5.07809
0.51348
18.03874
11.68390
-11.54240
-0.47682
6.29992
10.63713
-8.77514
1.64821
-5.13850
2.28228
-16.20895
1.30968
-16.43524
27.80157
-1.84178
-19.40214
-11.36907
10.91017
-4.66153
4.89804
-7.24837
-8.76455
-18.43914
1.23896
-9.51147
3.45742
-15.04339
3.94572
9.53915
-8.69479
16.80022
-2.25658
-6.24429
3.04083
-21.78693
9.97702
9.83123
4.85265
-16.99874
11.28174
7.79413
7.88030
-2.05987
-15.97796
-9.09402
-3.35172
-2.95933
0.81764
-0.68459
7.96129
-1.56580
-13.69228
10.17107
-2.23441
-6.01475
-14.82228
9.07032
13.54637
-1.41291
-1.29995
14.97656
-7.49001
9.57397
4.42685
-8.03246
-4.91041
10.37005
6.01066
16.08229
-3.75862
5.01276
3.23963
2.20913
11.46113
-10.56745
9.81776
-0.51254
5.39829
23.66216
9.45820
-0.02900
6.39400
5.10728
10.91662
6.93610
-13.40050
5.13006
8.17227
4.27305
6.98417
1.79145
12.30537
-1.05157
3.30256
7.50188
-7.50422
5.38953
4.65994
24.28077
-11.81167
-19.89486
-6.13391
5.06559
-6.16331
5.72020
2.77732
-2.26661
-2.67528
5.06527
6.88975
-7.40310
-1.78516
-2.01254
8.13084
2.85011
8.51689
-4.81731
-4.48451
1.27068
14.97757
-14.89650
-16.84373
-11.67319
4.13840
13.41284
12.04664
-1.53708
2.91451
3.69978
-17.74304
1.22236
-10.27970
6.34131
-4.65702
-1.09640
17.85606
5.78321
-6.06353
2.76624
1.52961
10.71866
-7.20482
-4.30706
5.41549
7.83689
-15.02958
-4.07607
-5.19172
11.95822
-1.32864
-1.28866
13.95282
-11.13485
6.64396
-8.29047
0.36083
-8.71738
9.01695
4.99206
-6.60524
-1.16428
-2.77180
11.31685
10.75827
-12.30963
-7.83882
8.86688
-2.03487
2.58230
9.44566
11.44991
1.42984
-1.90825
-2.26678
6.15273
4.38811
12.63709
0.49016
12.88647
1.45806
2.06001
2.85486
-0.13106
11.21042
-19.17181
-12.24780
-9.24758
6.53937
2.38880
7.86281
0.67473
-18.29117
-7.93541
-10.59456
-5.61960
-8.73595
8.18076
12.22602
4.69738
12.08193
15.51502
0.25741
10.70300
12.40405
5.75566
-17.98872
-9.75080
6.68220
5.60041
-3.73200
23.31671
10.87642
0.94818
5.97847
0.17707
4.21518
1.21363
-16.16928
1.45890
10.20763
-18.27422
11.05466
-9.52013
-2.24632
-1.97533
0.12592
-5.40312
6.61292
-8.77706
1.83279
24.22642
13.71122
-13.20791
9.43556
9.05740
22.25376
-14.00684
-1.77274
1.53195
-9.42401
2.53803
8.76767
-10.34344
6.21911
-1.40282
0.48793
-13.87115
-27.57641
-6.32217
-4.86726
-0.54396
-12.89127
19.79253
10.19264
1.91385
-5.36583
-4.51474
-5.42168
-4.10688
-8.03588
-3.36151
-6.00448
0.52480
3.98855
-7.26238
-17.79085
-6.66821
-12.31068
9.23673
3.12781
18.03206
-6.57992
-11.37076
3.66520
-13.58381
-11.82853
0.40239
-10.43820
8.16066
-4.05181
-31.52159
-1.06255
7.62229
13.16456
-3.40951
-0.04300
8.92598
-12.83349
-4.11477
1.23933
1.72628
-4.88496
10.14784
-10.88661
6.04954
5.32380
19.97735
-11.08383
-5.65789
1.85509
-13.98645
-6.34291
-10.67480
17.20743
-0.22965
-3.41003
2.88551
-28.38690
-4.51962
6.43323
13.79022
3.10957
-4.70066
4.25423
-2.05050
-1.65767
-23.49551
4.45487
13.98563
11.17133
2.10124
7.49791
-7.69161
12.14905
23.37226
-3.43006
-20.55489
-24.00769
0.76126
-2.52768
-4.08515
7.64399
8.82481
0.59527
4.12876
-4.50699
0.48338
1.11291
-5.42726
-12.11309
6.74642
10.07441
-10.65675
12.62410
10.66162
4.16230
-4.36072
14.06269
7.34280
8.36301
0.69490
-13.63473
-10.25448
4.84365
-0.11865
6.89983
17.61843
6.42347
-12.99453
-7.50795
-3.10565
2.38532
8.04128
8.99149
-7.10377
-0.60233
-1.33631
-0.05060
0.48037
2.16989
8.12707
4.68025
-5.65085
-11.13613
0.42904
-13.99205
-2.39785
3.99770
-3.59658
-19.84948
-10.17790
-8.62593
18.80288
3.41400
-5.18737
7.31040
-5.50566
-1.51809
-5.99813
17.11406
0.65081
-0.08243
-8.33097
10.26647
-4.54413
6.84638
9.60978
-9.60236
9.64652
17.04181
-4.59723
12.00426
-10.22698
6.64523
6.44669
-7.54031
1.09827
10.43989
16.13887
4.36776
-6.06301
4.44087
-0.02540
4.01842
-4.28265
7.54986
-9.47563
8.04857
-5.26010
-7.43464
-14.43275
-1.65519
3.34957
4.70159
-10.36323
-4.03007
1.70094
-12.94700
14.85328
-10.87432
4.09680
-10.85148
1.26371
9.10994
-1.86971
-9.54636
2.69352
-11.83921
-2.72346
16.37346
2.10096
5.86944
0.20676
-9.49687
5.43968
-9.22049
-1.19486
-2.59092
5.95311
-2.78708
6.14599
17.53799
1.66938
-1.71327
13.34205
-13.55811
-3.60046
13.19158
-0.94135
11.11539
10.56717
2.94228
7.76764
-5.00660
-7.90244
4.86102
0.91745
-2.43033
9.62640
-0.38551
-9.67940
-2.59362
11.02512
-11.33559
-4.93895
-8.71071
0.98304
-15.86279
-14.69317
-8.34543
-16.08486
-5.05422
-12.65560
-6.05361
-5.05754
14.14299
3.35665
7.97524
-15.41239
15.22869
5.54351
12.03976
1.88655
23.67720
-0.13753
0.92458
-9.84033
11.84567
-5.43370
-10.08713
-17.33293
-11.06036
7.61036
6.71182
-18.66336
-6.76832
-4.01456
0.39991
1.76739
-2.02288
3.93555
0.46245
-9.79816
-19.89422
4.41583
-8.82814
-12.66958
-6.49456
2.37130
-0.60904
-10.61383
-3.60819
-8.31491
-3.45200
-25.58982
-24.64862
10.14863
-1.34592
16.80899
-4.30780
0.39959
11.66085
3.17733
-6.45598
-1.85817
-5.07092
-1.79154
11.39386
1.47716
-7.75661
-10.37920
7.57144
5.00072
2.93542
8.11154
-8.61914
-5.78262
9.98491
-6.36646
17.05728
-17.35886
-5.64258
-8.53488
-2.08905
0.67216
-13.84509
6.14370
11.81986
7.74542
10.99382
6.30666
-0.03179
-2.09953
-14.10509
-9.08852
1.58816
-1.62215
-17.79658
12.19019
-1.50727
12.12662
6.23743
-1.84307
2.35315
7.42976
-0.96060
1.99200
0.36510
-17.16107
-5.81611
-11.50770
-1.26985
-0.54630
3.76740
5.68568
-6.06942
-13.02370
1.95820
0.24788
2.40145
13.88525
3.97529
-11.59041
-9.97317
1.25290
5.90537
-13.48571
-5.24048
7.83620
1.58294
1.33937
10.88169
-5.38566
7.74766
9.52606
-5.20655
-0.17584
0.48987
-1.47921
10.07279
-4.67964
-3.13981
-5.72144
0.93416
-8.69271
27.96223
5.25186
-8.85287
0.19455
4.11706
-1.65216
32.85698
16.33744
9.38339
-27.08224
-6.89526
6.80394
16.34998
6.55099
1.94428
-14.63326
-6.11115
-4.11240
11.74677
1.89806
-3.90983
14.14264
-7.35647
-8.13888
12.16795
-0.21474
-6.48598
-2.22825
11.80660
1.28842
8.01196
-5.21249
9.47816
12.96174
-0.98052
-9.35580
7.16886
-2.38414
0.68950
-0.91914
-21.88502
-1.95508
7.98023
17.74480
0.42649
3.41232
-0.95381
6.05862
-6.64546
5.43555
-10.61497
-8.96973
0.43471
-6.92336
-7.68224
15.48585
18.96889
-3.17478
-10.60843
5.89684
8.29784
-31.53024
-7.15035
1.77112
-2.26785
2.45634
6.24890
4.58909
10.77773
2.56300
2.12101
11.30370
23.47076
-12.36541
-10.71098
-0.66325
-0.32734
-21.66231
3.85062
-16.92014
-10.53843
15.15961
20.13286
6.21610
3.66311
3.11075
-10.52801
0.35034
-2.07091
14.80131
-1.25784
-6.77119
-8.66894
-7.82866
-12.90243
12.34598
2.78810
-5.98207
10.44250
6.59213
-2.81940
5.71190
9.07277
3.51216
-1.55630
-1.19004
-23.32476
-12.38649
-2.48372
-13.98041
18.15876
2.91931
0.82268
6.57669
-2.49914
-4.08216
-0.04423
-4.06990
-4.96037
-13.41916
-26.90879
-9.63632
-5.26534
-1.50280
3.30829
3.52520
7.36804
8.75673
4.84163
4.08913
-0.58976
-3.78897
5.42721
-8.72556
-0.95021
-5.81022
-5.09964
8.64131
0.52431
-2.94035
12.77508
4.27923
-11.43531
-0.34685
-0.99882
-6.08281
0.34206
4.26956
11.24442
-12.79506
-6.25932
-3.66454
-5.37803
17.30482
-4.02679
0.68368
-5.01858
-11.08892
-20.42849
-0.05218
-6.86085
-6.06679
-1.58375
-0.98700
12.89519
10.07651
-5.43798
-13.39290
22.02033
-3.62249
3.99100
-1.85079
-1.81403
3.96548
17.64787
-4.34206
-7.72177
-11.84966
-2.75557
3.69960
13.37907
13.03519
-9.38273
1.83944
-6.14397
-15.57437
-2.04677
13.94644
-5.08237
-6.74256
-9.69271
-8.68143
-21.72186
15.24539
-3.63671
-10.28544
-8.41999
7.66312
14.88895
-4.22534
9.12014
6.70288
-4.67761
-11.75350
12.17434
-3.60247
-10.26814
0.27382
-12.43786
5.05822
9.05703
-2.12437
-1.41324
-2.27688
-2.75990
-7.63673
0.07720
-14.36483
2.45929
9.06952
-9.38627
-5.66260
-4.23541
-9.13968
-0.88046
-14.51199
1.56729
3.52363
-4.79438
17.42543
13.98841
-13.77957
13.44233
-20.47309
-14.53381
8.54817
3.01133
12.65535
-11.66191
3.51308
-3.96825
3.99908
-16.62223
-8.95997
-0.40038
-12.87206
18.21390
-2.29853
-12.95785
-7.98199
7.99330
-13.00994
2.88945
2.85226
16.93212
16.04955
-0.06554
-7.69961
0.98608
-19.91019
2.98919
1.71997
-10.69309
-6.97534
-15.07032
18.13547
12.22093
4.43332
11.56643
14.76506
-0.30249
1.59304
2.95115
-13.71609
0.13923
7.50991
1.77919
-4.48250
-0.39906
-4.64450
3.66054
21.32961
-6.51673
11.17182
-4.39197
8.27882
-19.89481
-7.35054
-10.96312
-8.35299
-12.37385
-3.34089
-1.64248
6.16334
-5.84017
-8.70777
-0.32069
-10.86659
-9.95134
0.98955
4.67664
1.83450
4.63447
7.75292
-1.22324
-1.52434
-7.96700
0.97878
-1.08480
-2.68560
7.08775
-12.52025
2.02265
8.93806
-6.74549
-5.07502
6.80564
-7.32054
6.20181
1.82919
8.62505
-14.97915
13.30718
-3.43918
-13.72419
-3.50669
2.97964
6.15777
-4.97213
-5.21165
-11.04322
7.96111
5.50424
-7.07869
1.86625
-11.27843
2.75801
-5.18779
1.22839
-2.06068
12.39842
-17.03337
-4.56457
-0.72573
-2.91103
-4.78042
-7.33412
1.27092
-0.89876
-7.76187
6.96323
-7.04828
-8.08707
-3.46903
16.26261
6.89431
-1.99890
2.62800
4.99375
0.16429
10.48483
-10.43600
0.65849
1.86479
-8.24165
3.73587
0.47602
4.73593
-16.51398
-7.36961
-16.56197
-3.75770
-0.00279
3.52120
-1.57946
11.28301
-1.00290
-7.64043
-5.42977
14.94452
-2.26734
3.80479
2.41879
-20.19227
7.68813
15.67841
4.99326
-3.70124
-8.38154
7.73750
-0.17523
-16.04906
-2.96086
16.19324
-7.95905
-4.67116
-1.90688
-15.10650
-6.46762
-6.93579
11.85930
-3.63540
0.97965
-0.32588
-6.35722
9.44064
-2.91430
-1.91766
7.00426
-13.34880
-8.30647
0.30708
13.35786
-6.21165
-1.61847
-7.63360
1.88850
3.14872
1.44068
-1.86360
1.89373
6.10054
1.85654
3.91662
-9.85935
-5.04158
1.38492
3.69994
-0.39830
10.07967
-12.78755
11.81476
2.25290
4.93444
-5.37792
-9.48135
13.22813
-0.81541
6.01700
-2.46952
19.11822
-7.33203
6.79132
5.17131
-3.07447
7.36710
-2.37258
-13.56338
-3.56812
14.53802
-2.40543
-8.77450
-4.91293
-16.41036
-1.08067
-11.44401
-22.14071
11.34860
1.37373
-10.70189
1.88757
-1.30726
2.36117
-2.91101
-1.91303
-10.09748
22.51448
19.36457
7.43617
-4.52416
6.27581
-3.82288
-1.18399
-5.14766
14.12100
-0.46858
14.88715
8.72831
-3.64267
18.53888
-2.91828
-5.41547
-2.14825
16.33717
11.45789
-3.64677
-1.32869
-7.26260
-2.64673
-11.88277
6.52289
-8.40312
0.96289
6.10818
2.05984
-15.13562
-9.12867
2.31955
10.54661
5.65801
-5.60044
3.13463
-9.73099
12.58623
5.38753
11.79615
8.81503
-2.64254
2.20345
9.93994
-10.47889
-17.95937
-8.97273
-4.13447
-5.46468
-5.60123
-3.68470
3.65347
5.13644
-6.61911
1.46690
8.71820
-8.47658
-9.53796
-16.63017
-13.12889
-8.04553
-0.08705
-1.67129
6.80024
-7.77705
-7.06617
-16.86835
-17.01109
8.80032
-3.55141
0.31067
-0.24524
-4.35165
1.67716
15.05000
10.49976
9.48217
-3.11930
-1.91491
-3.90151
7.75893
-13.10083
6.35038
-13.48895
0.46667
-2.85347
9.27642
20.10833
-8.26053
-2.45740
-10.29795
-6.48671
6.56177
2.57105
3.80601
-14.22991
6.98103
-3.08300
-8.05112
4.42325
4.70376
2.84276
-12.15763
10.92720
-1.81971
-10.97530
8.38297
18.32469
-11.49207
14.88962
-3.72140
0.71652
-10.13620
-3.58946
-15.38347
-9.66319
-2.24801
3.18478
-3.90746
13.22625
-12.19527
15.34707
-23.57736
9.94953
6.49786
-5.44341
9.85506
-2.41123
11.19532
3.94801
-7.19588
19.64624
-3.76254
-1.88026
-6.34431
-5.11761
-18.16292
-2.46790
8.95556
11.21490
-0.40464
-2.72341
4.61625
1.49571
-0.25534
3.03718
-15.71782
8.40061
3.26878
7.95034
-16.15168
14.85810
14.48934
-0.17221
-7.82514
13.16626
0.83804
-4.55677
16.05128
-1.38713
4.79228
-2.97162
-9.54083
13.64182
20.72894
-5.66261
-4.10460
4.76714
-6.25296
-9.00067
-13.03191
-2.03387
3.70670
4.12756
17.04783
-5.96327
1.39923
-2.79791
-8.65754
2.61549
-2.38152
2.81605
8.07196
-10.88453
5.69530
-15.21737
-7.00088
9.96819
-8.24045
2.73109
3.62022
-8.88958
8.59477
-10.33182
-2.46887
-10.83163
3.74409
6.91193
-6.84245
11.47275
6.25968
2.45368
-4.02580
-6.91362
1.08697
-9.46114
0.35427
20.73279
-8.95305
-18.46685
-1.36022
1.79130
-14.17859
-2.02092
-7.70449
-6.98914
11.16728
1.12917
17.08150
-2.24880
-4.32231
-6.42078
6.66242
21.41301
13.60779
-3.27746
6.05873
-0.61742
-0.80088
15.43436
11.35574
-5.24497
-28.20317
-17.09310
3.68326
3.17378
-1.70070
7.56647
8.92745
6.33262
-26.75494
-13.37110
-4.34405
9.06104
7.10762
3.64375
-1.65780
14.24139
4.93844
-3.28118
8.86881
-3.15935
1.54741
-4.43135
-10.82409
18.73943
-19.45543
-3.13055
-2.16993
2.49343
12.44838
-1.85855
-9.32767
-6.17215
0.30269
0.85272
15.78040
0.07729
3.19670
3.19257
0.59496
-8.57606
7.72790
0.33905
-6.63160
18.75093
7.07043
11.69150
-7.35297
-1.04745
-2.41197
-2.83068
17.49887
-1.27344
9.11052
7.25290
1.99069
0.00132
-13.81404
-9.87145
-8.04872
-0.94729
-1.08465
3.61163
3.06996
0.66503
8.03570
11.17543
-6.94907
5.72312
-1.24554
5.72134
1.37816
-4.26394
1.30038
13.15509
-18.20990
-2.80471
-2.99244
2.90758
-2.11288
1.45541
3.13418
-19.45520
-16.64965
3.42935
13.00261
1.32685
-16.39737
-8.80417
-18.81877
0.09029
-4.66100
-8.81188
-7.69902
-16.93712
14.62187
-6.06879
-7.19116
-5.72037
1.78492
-3.77449
-1.47732
-5.42702
-20.62344
23.56431
1.47503
6.05199
2.66124
8.14647
8.33778
-19.77048
2.44350
3.95193
-2.46528
-9.00638
-9.80924
8.29371
-4.34504
2.08570
2.97265
19.85211
12.77666
-6.81054
2.63509
-2.04173
-21.55607
8.19300
20.55014
1.75695
-3.32696
18.00368
7.94399
10.97183
6.45717
17.67992
12.78660
5.03640
-21.87498
12.42813
11.11401
5.28302
-3.25221
-2.35103
2.72012
11.49304
4.21413
9.90747
10.84903
13.14517
-4.44080
-10.57414
-3.78761
-6.82712
13.93610
-8.65487
-7.46479
1.00086
-3.43683
4.07289
0.57742
-15.23036
1.33046
-11.35516
-0.99024
-14.77859
15.82428
3.72211
-3.36981
-10.17562
3.33527
-6.46145
-2.51040
-4.04797
-3.92748
-9.99879
-2.65945
-24.97546
-13.12686
-13.98311
-20.36803
2.95129
17.99044
12.48946
2.75466
1.48716
0.51909
2.79169
9.38102
-2.61891
9.92744
-2.85246
6.37930
3.27155
12.55623
2.27304
-0.72866
10.69474
4.30143
5.74338
-9.12350
-5.06215
8.97490
16.32255
-9.97728
-2.82374
11.27656
6.34315
3.92579
-2.01849
12.21142
-14.13086
7.71131
19.37699
3.95078
-10.80018
-12.86535
0.62814
10.69783
-11.55366
-12.39552
3.46575
16.79265
-11.31186
4.16286
20.75508
-0.12584
0.39298
1.87080
-15.85886
19.56355
-8.70528
-3.10459
-14.76274
-4.95854
7.16279
22.87090
6.58162
0.55944
5.27240
12.74233
-10.24334
19.94166
4.42317
15.43074
-9.97936
-5.90939
-2.02408
8.01493
0.84974
17.78341
1.55298
-6.90246
14.89010
-15.71146
7.85382
8.69517
11.67636
6.72242
6.89280
-1.51157
-4.43285
-3.16114
4.51834
17.56289
9.49840
4.80783
-13.86641
10.28175
-11.58890
-4.98070
8.64503
12.42349
-9.95956
-1.83193
-4.74970
-6.79908
0.94644
-17.52992
7.59848
5.13607
-3.80727
11.98967
2.67166
-15.13033
10.07862
9.54814
6.08281
13.02554
2.43335
-0.96803
-2.23908
-0.38079
1.76137
4.54676
-4.65008
-22.38943
-0.82374
-2.93666
3.38162
-2.73374
15.08835
4.22571
10.32690
1.53415
1.86425
-7.79343
12.77985
-9.07728
-7.52889
10.58467
3.18846
-14.65261
6.75748
3.24672
-11.37147
4.26491
-9.69677
-18.88707
-8.17256
0.15423
-0.94468
-3.41407
-12.74877
13.11950
10.71498
3.52640
1.82406
3.65883
-5.96661
-0.00285
-4.35178
15.27195
9.83163
-13.49319
-13.86306
-11.07838
2.60616
4.41365
1.36691
-2.72187
5.46441
-10.69847
13.74514
12.92217
-12.06458
-1.29649
1.14747
-1.97221
-13.08366
-11.13589
-2.38961
5.53402
6.71942
-15.71552
6.06366
0.02400
-10.88011
-18.71036
-21.37461
-7.33630
10.13205
-5.15455
11.94921
-1.84798
-0.95670
0.07915
-9.12409
10.24730
-2.29763
-8.91140
5.20487
-4.36883
5.36465
8.36341
-2.32853
-5.67671
-1.07689
-1.25967
2.92775
-19.47924
3.67029
13.22730
-12.94167
-9.23285
-4.97055
11.24348
9.18617
-11.52770
-4.71156
14.74493
-21.23639
-5.13343
-15.10594
-4.65508
-5.77984
-2.03834
-15.78589
-0.90221
9.65140
8.62245
-14.13414
8.48369
6.46927
2.38294
-10.38271
21.03139
-1.40562
7.56958
-2.74634
-6.80870
-5.59465
12.43390
5.86531
-14.20267
21.17222
2.83342
9.25181
11.12850
0.49716
-0.03620
13.49342
7.23796
3.32466
-0.89117
18.58086
14.65561
-9.39667
-9.39111
4.50361
-2.48561
10.44019
-22.58040
0.66225
17.21779
-22.74857
6.61310
-7.47410
-4.25871
-6.81509
16.05210
0.02986
5.18120
-6.65960
17.18568
-20.75833
11.07044
-7.96149
19.15905
-3.23179
-8.46641
-1.66745
5.45684
10.20498
0.53127
-20.22522
5.68075
3.64867
-4.76600
-2.79181
-2.16571
5.18788
-24.58250
12.23127
-7.51050
-11.38659
-9.81963
-1.01395
10.94194
8.65363
-11.37832
4.94160
-19.29259
1.11781
-2.41192
-1.74369
-0.22059
-3.04980
-6.45605
0.22868
2.98664
2.26806
-2.32553
7.89685
2.72006
4.12707
0.95457
-12.29341
5.02678
-11.60334
-10.83923
6.81130
2.51084
-11.47027
-4.56856
-2.75842
-3.48326
4.53080
-5.80060
17.03834
14.90198
-6.98147
5.91651
18.02589
2.10067
-2.32148
-9.21834
-3.39729
14.12978
2.52713
-2.61140
7.01312
5.59353
-3.40562
-15.53464
4.11672
-0.01945
-11.11804
-3.27214
10.03636
-3.28267
15.22459
-8.46753
-1.25684
-0.28665
4.58806
12.43661
11.61739
3.60262
-24.44952
4.24759
2.59634
-4.56344
13.49125
24.49630
-14.26697
-1.27178
12.05958
14.35276
-7.74028
0.43720
-0.66579
-0.45289
-3.75811
-13.31741
-0.75508
-8.50133
10.25869
-11.79491
0.68734
3.60915
13.42530
-3.44382
-4.18742
-12.03053
3.32243
-6.85343
-4.17360
0.51310
-0.97310
4.53943
4.65575
-1.98212
15.73667
-0.51827
3.17257
-4.16770
13.43054
-10.62560
1.11938
2.81564
7.28118
-10.10913
1.41897
-1.22458
-5.60272
-8.72637
-6.56121
-10.84316
14.10544
-15.59572
-3.31828
-14.80812
-0.03803
-7.81204
-1.02531
-11.48758
5.65839
16.57702
-8.55020
5.77669
5.81483
-10.29819
5.71276
6.96255
-2.53649
4.98439
18.89795
-5.25673
-3.75274
-2.67735
-16.35834
6.42681
-3.08920
0.56696
-0.54011
-14.73811
1.08197
-9.82971
-2.84974
-5.84832
23.22966
-18.06742
3.37393
-0.65837
-7.74346
6.57611
9.54545
1.48579
-6.14822
0.52904
-11.37485
23.53467
5.29610
-6.27505
8.02114
9.22473
6.90299
18.74517
-12.65167
6.71447
2.43678
8.88722
4.69328
-6.26357
-2.58417
-3.81439
-2.69877
6.70830
16.12048
18.69578
8.67170
-1.89504
1.30084
2.56888
-4.41212
22.72520
-2.95595
20.21524
0.96961
-6.95284
-2.22613
21.04851
-8.92057
16.79060
0.78022
-0.90097
-3.90329
-13.31185
-7.82169
6.46927
3.61322
-8.45753
-7.57836
5.36092
-4.60062
-13.35574
21.78831
-4.12804
-16.69907
-11.68144
-2.63536
-10.20855
-0.66798
-11.64030
-4.22459
9.74441
-20.24469
-8.17124
-2.91308
-3.44843
-7.77867
-3.17167
2.97465
-5.34460
-28.34268
5.19130
11.18607
0.15072
17.12420
-5.67807
6.65803
5.66654
-12.93208
9.08662
9.36213
9.03889
15.61283
3.44623
-1.62774
10.29985
-15.17972
1.00635
-16.06223
20.01244
3.18172
10.29216
-8.72717
11.09128
2.60685
17.26786
-20.55952
3.87556
15.23769
1.86200
-11.67295
-5.79398
11.01939
3.59155
-0.46378
15.10010
4.08287
9.64045
2.09949
-8.44417
-31.26103
-5.54645
17.93478
6.40193
-4.61131
-13.16710
-9.85459
-12.70835
-1.23597
6.12631
-0.58990
12.48148
3.05395
-1.85879
0.87760
-20.80919
4.66296
4.29675
-0.30725
17.13070
-6.47086
-7.89540
-4.07678
-5.17600
4.78470
-4.55490
-5.73724
-5.81847
-16.50834
-3.25059
-0.12947
-3.19598
-14.06305
-9.98121
3.61120
0.75220
13.25722
7.94528
-5.63649
-6.13185
-17.89363
12.33756
2.15081
-3.77705
-2.33065
9.19729
-5.74692
20.43163
12.93140
-20.43694
-1.27860
-9.42801
-5.49387
-15.03317
14.11324
-5.01786
4.51528
12.76151
0.72669
3.18954
-5.04681
5.46485
2.41196
6.95657
-7.56584
11.30563
-18.54236
11.21674
-2.11536
7.60080
15.00714
10.39823
5.82699
4.21740
-9.42432
1.13082
-15.53646
0.88220
1.51302
2.91864
2.97673
-6.45899
12.88333
-3.72770
-4.89757
5.60499
7.39844
-5.39774
7.56195
-1.29800
6.98808
12.81484
-1.00891
-0.23872
0.16334
-3.85808
5.73893
-10.62777
-1.75980
9.62106
-18.15611
-6.41193
-2.15384
4.95964
1.23906
1.97654
1.07939
-2.49025
-5.83420
-6.37048
0.70362
4.45600
24.15073
-6.41845
-10.39940
12.19406
-7.42804
-2.39133
-4.67052
-9.50140
1.15553
-19.26709
-2.48471
-11.27943
-8.15127
-1.74784
3.00344
-1.35593
-3.93858
1.28655
5.16660
-8.60645
-20.16004
-6.71102
10.37852
0.18711
-14.37905
-1.26977
-15.31750
-11.18782
-7.39367
-6.03146
-9.12214
5.77904
-5.30177
1.92746
-5.74307
14.95272
-0.68123
-13.26319
-9.89206
8.21434
6.86681
10.13278
-5.86673
-1.29375
9.78972
8.28006
20.87895
-3.62563
15.47042
-0.26226
5.68591
-10.63004
14.27648
-4.38992
3.95424
-3.06264
-9.95702
4.55019
-1.97290
8.22387
-2.29158
-2.20055
-2.69858
-7.95223
2.59579
-6.43357
0.25352
-5.68525
2.95948
1.28888
2.32939
-1.84966
-0.84972
-26.13353
9.90248
-7.37287
0.58116
-11.38563
-4.09751
0.83578
2.83926
-4.16546
-6.83904
12.11330
6.24756
4.87356
-1.26440
6.37249
-1.92611
-4.87358
-0.90872
10.40455
-10.87275
15.10655
-13.55804
0.97574
10.60683
-2.06082
3.23335
-13.23259
4.23071
7.44861
-3.62753
-0.35030
10.08907
-2.33746
-8.19110
4.87788
11.07756
-2.88609
-23.17537
15.55477
-5.30053
-3.64350
5.94361
-5.72840
12.24000
6.66685
7.38215
4.69096
-7.93745
-7.86419
0.23238
-5.37623
16.10675
-0.45617
-3.75475
6.16857
0.85557
9.68368
-13.72271
8.10678
5.78183
-11.15971
0.95184
-0.20279
6.53837
-18.23213
-7.49659
2.07155
16.65191
4.81090
15.58266
-0.29065
1.07193
-9.12607
16.50313
-19.03981
-4.72637
5.59488
5.37606
-11.97751
-11.58530
-5.91278
-8.10151
-8.11523
-5.80912
-12.94118
16.92787
5.26707
-10.09875
15.39940
-6.52708
-2.16792
-4.39052
-1.35475
0.02927
9.13500
-18.95287
8.81699
2.66055
8.88262
-18.48398
6.59711
7.37261
0.23618
0.77152
-0.37416
0.71945
-9.43488
-16.29199
6.06042
-9.27156
-11.96396
-10.14737
-3.14560
-6.04004
-6.14967
10.92654
-2.87314
-7.03835
-14.13494
-5.57001
-8.46363
-16.63791
7.05469
-8.08248
-4.50026
-0.05710
11.21870
-12.27841
7.18403
15.44265
0.60446
7.90546
-6.39271
5.10383
13.39679
-9.95843
-9.55007
-10.84832
15.36215
5.86561
-5.72962
-1.63600
-0.65263
-9.62086
5.48810
20.10911
-0.96385
-0.55846
10.82171
14.81085
-0.95302
0.53708
14.38236
19.03638
-17.32117
-8.08353
17.90696
11.62394
-2.74653
-13.65675
-7.51432
-9.05784
18.33323
-7.11569
0.01773
13.17810
-3.88539
12.31945
-6.22745
-1.01838
-5.23133
-5.79971
9.27317
5.40474
-5.98731
-2.55243
9.12158
-7.41750
2.96609
-1.42688
-8.53367
4.19070
-11.29101
10.71914
-18.73156
-7.22732
4.40923
-13.21320
14.75807
-1.26553
-8.19144
-4.20561
-6.29078
3.01509
-8.66060
-1.80701
-16.40628
13.05481
-15.88878
-3.58815
5.36186
-7.04265
-4.42459
-7.36038
-8.88638
-2.05910
12.29409
-0.55246
14.33015
2.80605
-13.93138
-5.21453
-1.58649
5.57042
-14.15927
15.92494
-16.06051
-10.62834
-9.91079
18.48677
4.86246
0.18819
-6.25073
11.35861
-3.99504
16.17972
-1.89786
-8.07121
-21.05858
6.94170
16.10190
-2.91739
-3.54256
7.94624
18.72356
-12.82858
5.43800
0.88550
-7.51349
-2.33041
18.31321
8.49372
-6.03690
12.50128
-7.90445
13.14627
2.36718
-11.16172
4.85444
-0.14006
0.62705
-11.86440
-23.65785
10.03392
-9.66709
-3.76628
19.61926
6.55938
-13.26353
-1.27013
13.76429
6.08736
-5.73312
4.25640
3.25861
11.63928
9.80151
-5.98967
0.56914
-10.91539
21.05987
-18.50047
9.39436
1.18481
1.98359
12.44253
0.11398
-5.88473
-2.02594
12.79912
11.77200
-13.13196
-10.28035
7.46572
7.38621
-1.72137
9.37888
-5.35272
-4.22583
5.78182
-1.92218
-8.76641
-17.01289
0.17729
-4.62631
5.36924
-6.27051
9.81948
-10.97760
-3.07616
-17.03327
-9.23294
5.74437
-16.00795
6.92234
13.06039
10.16316
15.93583
7.54346
5.80502
8.62620
1.74265
-5.22737
-6.79726
-6.20125
-1.22663
4.68311
5.52735
-6.92683
-9.51811
-6.88321
8.80223
5.33100
12.13691
10.10355
8.73957
5.61744
5.22813
-6.56667
2.74557
3.33559
5.66288
5.45662
3.07048
2.10703
4.24813
-4.64544
14.73217
0.60669
-1.74354
3.19517
11.44220
4.60853
32.58580
-2.09952
5.47200
-1.32426
21.60443
-17.42596
-8.65056
-3.61228
10.44744
3.53713
-2.05615
8.50664
23.30293
9.89132
-8.28956
3.32064
3.65062
9.79749
13.76123
8.33019
0.69562
4.74929
0.12259
-4.41472
-4.93922
-5.44468
12.12732
-21.54420
0.95571
-5.23996
5.27374
8.34327
-7.99295
14.20774
-10.17996
-8.80697
31.65961
13.21360
-15.56344
2.11462
14.01811
-3.47016
-2.25998
2.84968
-5.43376
9.54176
-0.19489
12.79439
-8.18220
7.63504
5.16526
7.79757
9.67865
-16.49453
11.79230
0.09973
-16.58380
6.94156
-9.98371
0.66419
2.91978
-6.29067
11.45823
-0.92816
12.00181
4.44811
11.03945
7.12564
1.19212
7.84740
8.08008
3.09299
5.00406
-5.20512
0.42121
3.83237
-1.06967
-12.95633
12.92495
12.12715
13.07791
-4.05871
-9.53932
6.78576
-4.24040
-0.30915
-5.68621
11.97722
-14.54104
3.89931
16.78225
-5.69947
1.09841
-2.10686
-17.02415
-4.95416
-10.93124
8.30351
-5.35635
15.58415
-19.08188
-7.96307
-7.17318
-15.13255
-3.62108
0.97618
-1.96581
5.82992
-4.47848
3.84074
5.48747
-10.29401
0.01635
29.24447
10.46624
1.63999
0.43224
-5.21140
-4.25695
-8.69320
0.90028
-19.39101
14.73380
-8.13944
9.47965
6.86544
19.28384
7.74663
23.70189
-3.59272
0.34926
-10.32683
-2.13662
9.33245
-4.95239
-17.35730
-6.71028
-12.64117
4.14446
8.43307
0.01253
-4.58831
-2.39873
-0.98625
-5.43652
-6.19711
-7.88882
1.09950
2.64410
7.05612
2.24397
0.55383
2.48796
-5.25566
1.10113
14.69816
4.83201
-2.72589
3.96559
1.55190
-3.63356
16.74150
-8.73394
-0.75975
-20.41616
-7.86928
1.34248
11.06010
10.42806
14.07761
-10.10287
-5.48940
-3.35367
-0.31893
9.29004
7.27892
17.50109
0.01936
3.55159
-18.47013
-6.89135
4.41474
11.15487
8.61215
2.90346
5.75617
8.80336
-3.27272
2.96857
4.43570
2.42190
-2.48036
16.40094
-6.29915
-3.76846
2.37978
10.96551
22.80890
-6.88442
-5.34019
0.89844
-11.33589
5.89498
4.25784
5.05199
17.26228
-18.38079
3.29949
-6.41259
7.50251
-6.17958
-4.22094
-7.72466
-14.00690
7.96571
-0.81332
3.80172
-2.37077
-18.57625
3.66351
11.00660
9.06193
17.72968
6.50718
11.17727
-15.37703
-0.20224
-5.86333
-1.48903
22.85789
3.70056
-8.36760
-12.89019
3.14030
0.74346
9.11606
6.81117
6.70841
-10.47274
10.12401
0.01474
4.10384
-11.81586
2.92971
-12.89028
5.77996
-9.24623
4.06243
-1.64091
-9.50763
2.52603
-4.49649
11.03771
-0.13592
-11.28007
-0.19028
2.48536
7.57183
-10.83393
3.64665
-4.66851
-20.86317
7.51810
-7.63238
-10.38898
2.21672
-4.17055
-12.28790
-17.31436
3.08501
3.50116
-7.23288
-0.45172
-13.73566
2.02068
0.07972
-14.41280
11.02576
-12.16841
-1.06417
-0.59988
5.00314
6.29956
5.43027
12.46359
-3.97969
-0.73836
-5.84757
3.63550
0.36073
-13.16828
-1.94848
9.52330
2.16195
-0.85356
-1.68480
-16.93668
-0.38773
5.93603
-8.93721
1.14456
-1.50267
-5.79947
-13.33805
-10.11017
14.77479
-8.17665
-10.51348
8.25252
-1.05564
-5.03256
7.91241
-6.04798
1.19992
9.55051
-3.52262
10.28610
-8.42535
-11.96342
6.73637
-3.83236
-0.19277
-3.47390
-9.87613
7.61882
-13.43289
-8.10810
7.66472
-2.63235
16.10567
-7.56771
-3.22444
-4.23569
14.71130
-8.82138
-8.17114
21.97702
-14.55516
12.90434
-3.98347
-6.03152
0.43423
-2.04864
1.14298
-3.19999
-14.56840
17.23414
14.25663
8.64827
5.40796
-6.16767
16.31242
0.75980
-0.94215
-0.72355
-0.49958
5.48946
11.50294
8.97159
-9.72256
4.50733
10.30511
-14.58282
-4.24918
6.09023
3.11362
5.60254
-2.59638
3.00268
-9.48434
2.79284
1.97007
-1.76764
-0.21821
1.78049
-2.66443
5.41581
-16.91864
-6.41024
0.05258
12.49077
-5.09507
-3.21965
13.33342
-2.03745
7.38268
-0.87115
-12.44602
14.02240
-11.81045
-9.10717
-8.27711
-17.68410
-3.39788
-5.12097
-13.22693
6.64727
-1.90373
7.44891
-4.72797
8.39460
17.63185
-2.65262
3.91274
4.48923
15.35232
10.45897
3.10994
-3.10871
2.93539
17.34092
-1.71523
-11.62262
13.26165
-8.50361
3.92146
3.83543
2.53022
13.72923
4.26823
-6.38449
-0.88937
-1.97755
16.30118
-16.47451
-5.85447
-11.38208
7.77313
1.88286
-4.71710
-7.61526
6.69026
0.57836
-4.99877
-4.26077
8.73464
2.89318
4.77484
1.77484
-3.10393
4.03389
5.25791
0.49169
-0.13338
1.19016
-3.47141
4.56672
13.85098
-2.47463
10.66324
-6.21204
-8.53602
-6.03644
15.97571
-16.79214
-6.37712
-22.25601
-7.01113
0.08546
-2.91376
3.99235
-10.56359
-0.45983
6.81681
7.02279
0.16938
-15.84323
5.62519
2.17544
5.05686
-1.08451
-12.79878
3.40334
5.12747
12.51022
-11.14354
-11.59209
-2.80891
-10.84077
7.24046
1.85258
-9.36846
0.29773
-8.52139
9.36532
18.42194
20.38077
-5.58949
5.45606
2.50796
3.59887
-1.89005
-4.37288
-3.96119
5.83011
-19.44952
-10.87071
7.16138
-30.09990
-1.64903
2.54247
11.82513
2.04157
12.29248
1.07885
3.42389
5.73860
12.53420
15.08047
3.41766
0.93090
-10.41223
-5.01395
-1.73300
9.19968
-1.71157
1.53822
-1.66507
10.20685
-4.36946
0.40466
-0.97245
5.17776
5.96346
-13.32901
-0.28239
11.56890
0.01192
-2.37556
-1.88064
8.40364
-2.37282
-4.45976
5.24960
1.14568
-13.32424
6.44933
-2.32162
9.25635
19.21257
-3.85348
-14.95199
-7.67338
-2.53120
15.35177
-15.27143
-2.23494
-4.48644
-11.09986
2.66710
-0.54328
12.22728
-8.37357
-6.12621
-7.07939
-5.05440
-8.09832
-8.81863
-8.70234
4.21983
3.18334
4.67961
-2.43283
-0.59521
9.55404
-10.96142
-16.96036
0.48340
-13.53787
8.87822
-16.17391
-0.35361
-6.33543
8.95292
-4.77879
-5.34091
3.98067
3.45244
-9.77667
-2.90202
6.95739
17.64824
7.92163
-5.91682
4.36236
0.51602
-5.95360
-12.56910
3.06179
-0.02290
10.09376
11.17090
4.80160
4.20505
11.14245
3.69728
13.21283
4.44946
-2.86574
2.29553
1.03109
-2.12348
3.82600
9.18087
20.96384
3.23029
8.35511
-3.76028
2.21578
1.98427
6.18355
4.46238
1.29946
-9.86529
0.61588
12.05744
-2.79004
-4.29139
0.38564
0.04878
-2.86226
1.14645
18.70774
22.14964
-12.34992
-19.97096
-18.54377
-1.40189
7.28436
-0.53448
-5.55108
-11.83478
-17.70301
2.36651
-0.48053
4.51869
13.15622
-6.46151
6.50129
2.52605
7.05301
-8.84141
16.30553
-2.60257
-8.45981
2.95424
-12.71463
-3.66093
24.43594
-1.90916
1.26483
0.79556
1.96435
-7.48826
-2.18729
6.34336
1.07851
3.38368
7.19888
-0.97257
4.32683
-14.48987
9.46586
-1.80488
-12.51380
-21.20504
-13.70720
10.66530
9.22609
4.84483
1.97169
12.96511
4.09686
-3.05216
3.86151
12.49629
-1.23057
2.71405
-12.80786
3.31941
-1.20871
7.05121
-8.95455
11.66221
-0.73553
13.20909
-10.97209
-2.40792
14.13785
12.41867
-2.44863
-12.30075
-12.30301
-10.31556
5.18714
-3.64927
13.88089
6.17015
7.93107
-18.04288
2.83941
4.18979
-0.55693
13.36765
3.19724
18.06476
26.10018
-5.71088
-5.00743
-12.09135
-16.27037
-14.91049
3.01931
-6.11967
4.83610
10.02272
5.78498
6.97042
-18.50812
6.92763
-1.71340
-12.32240
-8.25416
-6.14704
-2.47764
-5.47219
6.52219
-8.03798
-4.57522
-3.23590
5.42374
5.58189
8.87435
0.84952
4.58066
4.29151
4.72762
-11.64662
-10.12965
6.23397
6.77843
-6.30075
12.34496
-13.07244
18.96396
-2.50137
-4.19804
-2.50212
7.13886
-4.57059
14.15812
-0.38748
18.79472
4.44856
6.49298
3.16560
-6.42412
-2.24327
-4.07141
11.01919
4.28946
-3.30681
10.01464
3.56562
-1.52910
-10.29268
-4.66223
8.97700
-1.35023
-4.55960
6.80242
-1.64482
11.51533
-4.41316
-0.75389
0.95958
19.34172
0.41437
15.93168
8.90649
6.83570
12.09203
7.82031
5.73048
5.04081
4.46465
7.61284
-2.28426
-6.85132
-5.06696
1.38514
-4.54781
0.21132
8.62904
-0.25665
1.74005
2.66568
-18.68078
-0.95939
-7.21037
1.82821
10.64760
21.28743
-6.04518
-11.17653
-13.55149
12.46209
3.08338
9.49318
4.95374
3.03417
-9.77973
-4.11471
5.27553
7.59363
10.49524
-7.46165
10.52844
7.23688
4.32344
-3.75668
3.71062
7.35612
6.34137
3.46427
-16.54451
1.28757
0.14075
-6.63371
7.92194
9.43795
8.26727
1.35283
-6.92452
7.78153
-8.30755
-8.06541
-1.95831
-12.86235
5.79750
9.90552
-7.95203
10.12611
-7.66462
-13.07956
-2.80751
3.02143
11.71783
11.14541
0.06463
6.08775
-12.58039
-3.91060
-6.40196
3.52592
0.35330
6.52874
-11.97331
-15.50666
11.63511
-11.07035
-17.07885
7.58846
1.58317
-3.00121
-10.52361
3.96486
-3.63901
9.21579
-16.09044
-3.28298
4.21412
15.35997
2.30949
14.08563
-0.17597
-7.36928
-5.63675
10.76333
-5.31967
1.52318
5.94584
3.26897
-12.88306
-9.90456
3.28367
-10.98567
2.38390
8.27676
-2.90256
5.20497
-4.69518
1.21758
-21.83103
16.29735
-4.46259
2.42264
-5.37405
-0.51310
4.38566
-14.71118
17.39504
-7.71592
-4.59088
-14.20639
8.92845
11.30237
1.34589
6.77951
2.12599
2.75987
24.13164
0.80072
6.44625
4.66802
-10.15670
-1.19727
-1.92567
-0.72120
-16.34421
-10.93574
2.44696
-0.78699
10.52569
6.25780
-17.03618
1.31887
5.07291
5.47943
15.42310
-23.82620
-12.97181
9.47270
-2.42269
-6.44057
-9.15564
-6.38938
7.46525
9.76130
4.20126
2.97623
0.97251
-13.28929
1.33202
-5.67962
-8.85662
-7.13177
-2.05000
-6.50551
-17.66113
2.89774
10.37063
0.87575
1.26463
-16.01509
-0.38015
8.14991
10.47433
23.63699
-8.53234
-3.97383
6.16493
1.38289
-9.25257
-4.43761
-4.32558
10.19212
3.23230
-11.25727
6.90235
0.96481
13.92401
6.96236
-5.19322
-4.62374
-5.90064
9.63015
-3.76086
6.06307
5.91005
-6.84019
11.82737
-1.71292
4.88177
-7.10131
-3.16769
-7.84847
-6.84898
3.44423
3.01672
6.18962
10.23752
2.61633
-3.57516
2.42337
1.55372
-1.68801
-1.49687
-1.67907
-4.27344
1.71414
9.03652
0.57178
3.74172
-5.08706
6.06639
7.60713
10.17185
-12.31702
2.87576
-0.96744
-1.07787
9.44751
6.88528
15.98931
-0.29219
2.81550
3.82134
-16.71278
12.88210
8.32274
-7.18056
9.37880
4.47128
3.71966
-0.79389
-8.53736
1.88149
-1.73666
2.32780
1.89521
-9.90992
10.13685
-6.72932
3.46267
10.40529
1.29724
5.59562
3.50222
2.44711
-9.40315
10.23430
9.00721
-2.17693
-5.85947
1.70614
1.86390
-9.34100
8.56026
-7.62386
7.06995
3.64353
0.73509
0.85912
-8.64706
12.26560
-4.72346
-18.42074
-14.31998
1.44728
-6.42726
5.00947
0.41872
18.84986
-5.16594
-2.42497
7.80235
0.30466
11.02218
10.96974
-7.78256
-0.67871
-2.57711
14.86297
-0.85549
-0.16936
-2.90639
3.06654
21.94265
17.74535
7.51755
-9.26216
-12.73760
8.52816
0.40752
0.24028
-1.23380
15.11009
-25.36659
-1.87357
5.44355
-1.34997
5.94408
6.09083
1.43641
-8.48121
-4.96460
1.61758
3.57208
7.85867
-11.52213
4.64350
17.08454
-4.77398
-2.48207
-2.79388
-0.10269
5.53239
-9.41602
-1.39236
-3.98980
-1.02747
-8.09139
2.71491
12.27344
5.61438
3.01234
0.00294
-15.59294
3.10653
9.40589
5.62509
-8.03163
0.86134
18.51122
-6.13612
9.73503
21.87386
4.79970
-1.86895
-0.25848
-12.01857
0.83825
16.60182
7.59608
-6.35949
-3.57598
-3.14180
-8.82190
-0.72317
3.17140
-3.93089
8.73197
3.03966
-3.00869
-16.81281
-24.93502
1.29553
-2.61784
12.01092
1.70091
-4.92903
3.58259
5.74513
9.41327
-1.67807
-0.04002
8.64742
-5.48877
-20.09799
5.79417
-12.94983
-6.29453
-0.32440
7.02129
-14.70576
4.05860
3.83718
-7.44761
6.61255
-5.56425
4.14184
-3.93447
-4.51028
13.50363
-7.28301
20.35776
-0.34407
-8.50058
11.41650
-4.19389
9.39240
-1.34473
-9.48719
-12.43840
3.95710
-13.83946
-0.11153
22.16705
2.49845
1.83387
2.91398
-16.62079
4.50716
8.01759
-4.53992
-6.21568
-25.08126
2.96141
11.12864
-14.26367
-3.18442
9.32411
0.73303
-5.32214
7.09757
21.12663
-15.67641
7.35495
3.63343
-1.70227
9.64789
5.66146
7.10559
17.76651
-11.14925
16.85491
-25.07266
4.45652
1.18116
-9.30650
-4.25585
1.15689
-2.89149
3.12434
10.56885
7.54341
11.84134
29.17679
-2.90215
-4.85836
10.36019
3.84588
-13.80382
1.95655
-20.56429
1.96128
-12.88682
3.55584
-4.72946
-21.31809
1.04229
-0.96321
1.26997
-8.74898
-7.81760
-12.07540
3.19159
-12.11932
-25.27032
-9.81061
4.45414
-13.04873
13.02353
0.87765
2.68910
-25.89819
0.65091
10.29906
-10.83442
5.24389
16.52811
-10.04461
9.46441
9.52712
13.77408
12.46349
-1.64959
-4.17188
-20.48791
5.07359
10.56477
-5.39275
-1.09423
-10.05586
-1.94241
0.26108
-24.16507
11.84098
4.54708
3.19205
1.49735
-12.33059
-4.75174
0.60573
-3.49017
2.27879
-4.75575
-14.41449
-9.20686
2.35705
2.04140
9.86585
18.63559
-2.89132
5.62790
-14.34450
-6.37225
3.40141
1.34923
-4.74567
13.18416
3.40443
1.08158
1.30538
0.65016
17.35705
9.18199
4.58875
4.59955
-11.74684
2.93359
6.57784
0.63398
-2.96665
-10.42153
-2.79921
5.32648
13.07727
-1.36695
0.82143
18.44307
0.91333
-12.96415
20.30231
-0.46544
12.46262
-9.47789
1.20255
2.10992
-12.85874
8.25711
-14.90633
-7.47023
10.38851
-20.74477
-3.27902
-2.43927
-0.94999
-11.29412
-5.59828
-2.03956
-5.65867
-5.39871
-12.02404
14.31186
-1.84129
15.51464
5.49171
-11.58539
5.11728
-13.39477
9.20731
-3.76912
3.41503
-7.18292
-1.80345
15.53738
-4.95975
-23.73073
-10.72753
-0.32501
2.06781
7.91706
11.79699
-7.42547
-6.94341
-2.68649
24.51679
-5.75248
0.83072
-6.02318
9.51889
1.43551
-3.27084
-11.15436
-13.70968
-4.74711
3.27204
-19.27474
6.77203
-12.69986
-3.11319
0.25015
-6.47165
6.77951
-2.91311
0.63302
-7.30061
-1.07507
7.37387
1.46989
4.74173
2.80603
5.98752
-17.45102
25.01525
-8.05026
1.44516
3.69421
2.51252
-17.60215
-11.07390
-7.74893
3.91113
-14.07794
-12.57271
-3.00335
1.19115
1.48990
-9.15809
12.37998
-3.44557
-2.98552
0.97625
-6.17103
-12.42231
-10.10971
5.73547
8.61609
9.07466
-7.20834
-1.89267
-4.08500
1.17845
1.24083
-3.48497
5.12630
1.55287
-3.72188
2.68410
21.37232
-10.04547
-2.79816
-4.97438
-7.84506
7.69669
10.28044
-1.94015
-8.81800
2.97511
8.40022
1.03507
11.55871
9.76331
-3.37400
1.86429
4.48644
-6.12590
-3.83340
-1.21101
10.20306
-6.81931
-12.51289
7.39077
16.76521
13.05742
9.64884
-15.97501
-1.19519
-14.46809
3.83778
-6.98493
-2.03770
-3.13187
-0.01763
-9.22105
5.18901
-0.56499
-4.06222
0.14428
7.62334
-1.26914
-1.42712
-2.69667
2.26032
-12.85607
3.10616
7.27083
-4.43347
1.42389
-5.72098
2.44342
5.54867
19.25035
-11.59340
10.50162
-3.71032
-9.29471
-7.50694
11.78245
-4.30727
-4.06721
-15.88426
-12.46071
-0.22042
-12.49853
16.61943
6.17323
-22.80423
16.43746
12.77552
-0.31778
6.88882
10.91394
-7.83647
7.57218
5.61766
4.87188
-1.13707
11.06867
2.22921
3.73277
9.09034
5.21522
8.11326
5.34632
-16.14999
-6.91022
-8.27872
-8.13694
-4.31131
3.06062
1.00940
0.07021
6.88822
-5.15620
-1.35613
-2.36307
1.31585
4.17716
12.01065
13.07145
7.58311
-8.29165
3.97762
-0.55046
-9.49576
4.28752
-9.19999
0.79280
9.30488
0.97651
8.52303
14.18722
-6.14457
-4.72112
0.24446
16.15136
4.24946
-3.12785
7.56268
-12.81589
-15.30845
-8.55066
-2.02447
-3.67765
-4.53766
-2.05037
-0.05757
10.63220
-5.72114
-12.09512
-2.36125
4.34599
-5.74737
3.95957
2.02829
1.65044
-6.46274
-2.67421
-8.19357
-5.52454
-8.40824
0.19896
-7.65186
22.46183
-2.38619
-9.65581
-8.54509
14.17852
5.08214
-0.56406
19.82263
7.44076
-3.68971
-10.20502
-6.78840
9.72874
19.32573
13.36853
-6.15488
-4.19798
-4.98712
2.68963
4.37684
-1.85561
12.10247
-5.68279
-2.08462
0.61954
-8.95459
8.09364
13.93946
4.03439
-2.51098
-0.76145
4.31324
-7.15437
-18.48404
-2.77230
-2.21693
5.26705
7.60964
11.63339
-7.33179
7.62573
2.57466
7.56071
-6.61808
-2.98310
2.47482
-3.63022
-16.13327
14.79966
14.03544
2.31301
-13.43238
-4.26859
-8.53316
-1.21725
-13.90143
14.80650
15.22995
-1.04063
-7.87616
5.92589
-0.75142
-7.22954
16.12844
-3.27416
-4.31048
6.01808
-12.76039
-5.08935
6.92280
-10.74528
15.84059
-4.06827
-2.25409
1.41919
5.09119
-7.65591
14.71325
-15.36625
-13.99702
14.17188
15.67995
5.16620
7.64091
5.26027
8.13775
-0.48382
-3.36798
3.09057
10.43489
-13.76366
10.73329
0.46672
-1.62809
-7.82142
7.77073
-11.66131
-5.68683
-8.11086
-5.45095
3.84849
-13.86082
5.43976
-15.73014
-28.46217
-1.09618
-1.96024
-2.81754
-0.17588
-5.10925
-18.37178
1.76760
4.79037
-15.99898
3.10426
-2.16430
6.66374
-2.00488
-11.87625
-9.63429
-10.57575
14.15131
0.55989
-1.69312
2.33946
-0.83364
-15.30116
-3.40409
4.61712
-0.30549
-6.03252
-2.38189
1.52895
5.37554
-15.89873
-6.99615
4.40005
-1.02101
-9.55327
12.24045
-5.17546
11.25833
5.86389
-8.02968
-10.11073
-0.11984
1.13601
0.63571
-10.35553
11.61347
-3.88169
-15.80955
9.98179
-4.44922
9.83301
-9.71321
2.45823
11.04328
-1.37018
-16.39285
-3.77940
-6.49404
-24.59313
3.10729
-4.96969
6.35223
6.10560
-0.65674
0.00307
-2.47335
-2.03061
-2.99714
17.48892
23.89777
5.94388
-14.59199
-4.13800
-15.31590
2.12615
-10.72293
5.49111
-5.34784
-6.45665
7.29725
-3.43262
19.12635
3.19230
7.42280
-1.79972
0.97107
3.22906
-6.09628
-8.75869
-1.10525
6.85584
12.49141
4.22171
4.86620
-5.99855
13.81328
7.94863
9.82178
-3.25739
8.72680
-17.89784
-10.37344
9.54588
-4.18326
-18.21741
-1.04124
1.72576
-9.59355
-0.95201
3.43135
3.30790
8.45737
4.56100
-19.91820
-5.37320
-6.99225
-8.02243
4.74960
15.24368
12.88788
-4.30821
-18.84399
-9.97288
-11.25617
-0.23462
-4.88496
-0.65258
-1.41275
-9.67524
-4.82257
7.16720
7.46402
19.42484
-2.69311
-34.57039
-3.10876
1.93487
-10.84268
-3.17702
0.51199
-4.04920
12.83616
-7.85874
3.23423
-11.11709
-6.19960
14.63500
-1.78187
8.50958
8.84211
6.91417
4.51512
8.80386
-4.83407
-12.24538
-6.73727
-1.06069
-0.29015
-20.44202
-2.09973
3.82131
-7.08663
-2.24604
11.16212
-0.23304
-0.93827
1.77854
-1.15876
-0.17672
-3.45504
23.62362
-7.20891
-6.34872
-8.85657
8.26511
5.97061
-0.20594
-1.26573
-7.08654
6.50335
-1.26376
2.57104
0.61036
-14.69580
-7.53689
-10.52207
-23.46735
1.54988
10.59704
-10.06345
13.11469
-3.17318
2.45167
-1.02023
-4.50342
2.81910
7.98195
3.98035
-17.22278
9.82497
-1.43090
6.03095
-7.74291
10.97313
-9.97936
0.78096
10.77070
-0.97702
4.16092
8.99093
14.90530
-7.62130
-5.82805
19.32661
-7.28152
3.84164
-19.86434
19.12385
9.45114
-6.57680
8.67300
16.62429
3.93698
-0.62394
-15.19781
-3.80682
-2.42367
3.17912
18.91928
6.24968
0.60573
12.00478
17.30551
11.00522
-0.48935
6.96011
8.44867
5.83563
11.15736
4.47541
-7.28951
-0.70020
-0.48428
-5.97604
-23.01571
-3.85122
-1.20945
5.90821
1.85308
1.32836
-1.60042
-2.47305
1.69908
-11.28908
-1.82988
-4.80501
1.88935
5.29255
15.55110
-23.87883
13.32162
8.19745
9.89440
6.80733
-1.50992
2.81762
8.70065
4.93702
-1.90360
2.28112
16.75832
4.82698
-6.89770
-16.41788
-0.42671
12.07324
1.32450
-7.19088
-1.47434
-4.44564
-11.37412
-16.21212
6.53020
-3.32038
-0.01586
9.55653
-0.53497
2.96284
-7.24659
-8.18649
-0.64143
5.91424
-5.05763
-4.05154
10.46017
7.32088
-0.60550
-3.20611
13.27870
11.94917
-5.06013
-7.61941
5.86203
5.71138
-0.10665
1.30619
-18.21761
-5.62182
12.56904
-3.06496
-10.98906
-3.79391
-15.86621
1.38210
-0.27157
15.05190
-13.48942
13.00335
20.22847
7.67038
10.23751
5.04722
3.49634
13.50801
-5.18550
6.97136
-3.68209
-4.29881
5.33241
-1.79749
-1.28151
8.51979
-15.04510
5.08729
6.23930
13.70411
-16.49788
1.46239
-4.13269
7.30426
5.45226
-11.07082
-19.42088
9.96251
-10.17922
5.83842
7.56010
19.57169
0.68579
24.26077
-5.46920
-7.68255
1.96021
-11.06606
2.35253
5.72866
-7.36715
-0.36504
-3.25914
5.91252
-1.31737
-14.83713
-5.54648
-3.06019
-3.72280
-0.79031
5.49201
8.23663
-0.92362
6.34250
4.60285
-0.18346
0.31847
0.58500
-11.58297
-6.26231
3.31380
5.42588
12.28808
-2.81484
-10.83469
-5.28795
-0.96301
1.23328
-6.74904
-10.46538
-13.79769
2.35235
14.74330
0.08907
14.17933
18.24989
-2.66751
-0.56443
-6.73147
-8.34215
11.00975
-12.36413
-1.52771
0.21131
-5.29254
-3.71022
0.18196
11.45006
-4.29636
-4.97180
7.63785
-7.57562
-4.66713
19.03241
-5.76922
-0.84720
3.53373
-11.21526
-8.53971
7.51660
-5.59803
4.43275
-6.65660
5.67715
-11.26598
-9.34848
11.46088
-1.39732
9.08030
-6.53822
-0.92921
0.41372
-11.25294
19.74829
21.89110
-14.66397
-5.59682
-0.05880
3.09681
-1.76909
1.96288
2.25863
12.87694
-4.50654
-16.95122
2.24598
-3.66855
1.44229
15.99080
5.69059
-3.74099
7.90289
-6.86141
-11.38113
6.36075
0.89115
7.22976
-3.09625
5.99332
13.31162
8.42610
-7.11012
5.74050
5.77877
-0.07866
7.24577
7.25510
-3.54865
-7.09812
-3.66796
-4.36673
5.09468
-7.95628
11.94423
-1.83099
-4.75116
-5.79277
1.62866
-0.07093
-0.16606
-17.40028
-0.96124
20.77634
-13.58266
6.13531
0.65417
-5.25380
-4.92923
8.29974
8.80294
-9.79903
4.15521
3.00553
2.83439
14.76197
21.21685
-6.34794
-0.63405
-3.97859
-9.49462
-0.60906
-6.74864
-5.12696
6.80211
-4.29786
-11.99952
-6.65526
-9.52507
-0.89766
17.78281
-7.51754
0.01435
-1.75130
5.83376
-12.03274
-0.11118
-1.13538
-2.08921
5.74193
5.31213
12.37060
0.06541
-15.31639
-3.41128
8.45456
9.61057
5.35388
-13.74034
6.75289
-7.94245
-6.08266
5.93577
7.24313
-2.87406
-3.59418
14.58161
4.28413
-10.59490
-1.10700
-12.42938
-4.73656
-14.22585
17.55272
-16.17151
3.22683
-9.01374
5.19085
-2.71727
-10.49826
9.70778
-5.47245
12.89313
-11.15861
-9.36742
28.14663
15.89618
22.75229
1.54838
0.02492
-19.01393
-9.44965
7.55928
-5.11141
14.31902
-13.91675
7.47233
-8.41415
9.74670
-19.05251
-0.95083
20.59766
4.85377
4.63172
1.58522
-0.79214
9.56820
6.09781
0.09850
-22.88813
2.37397
-14.11424
-4.24924
-0.26825
12.95373
6.68214
-23.39657
6.76574
-6.48492
9.88343
-1.65885
3.74184
0.56354
-9.01214
-10.30857
6.61476
17.55046
-6.41331
-0.52684
-0.40131
-3.20147
-9.92428
-0.34688
1.65568
3.88484
4.01577
3.95152
11.55777
9.04219
9.09271
-10.16079
5.38613
19.58445
-17.97111
-9.18380
-21.44577
-12.04134
-4.37732
-1.44193
-1.73945
7.91163
-1.29489
1.16220
-7.07113
-12.11520
-0.87271
-0.61448
16.86471
-1.33028
4.96472
-10.63825
0.92610
-2.08168
3.73742
-1.53453
7.19749
6.88730
-0.14574
1.79971
-6.61988
-11.38879
9.39671
-3.17977
-11.21869
-2.43423
-0.47976
16.05154
-9.88860
10.27939
2.26711
1.68992
-3.47963
-4.01514
12.50628
16.60386
12.37055
-3.85825
-17.76137
-1.76265
-2.65553
16.77379
-6.53673
10.25603
11.83258
5.42753
-5.22823
3.50286
-3.08460
-10.12396
-5.67439
14.51560
-18.94995
-4.49791
0.61644
-10.86043
0.52521
9.31855
4.86676
-5.19126
5.28564
-6.12225
-10.99970
0.36639
-9.91190
-2.97546
-15.82116
13.28497
-0.31911
17.79148
11.05203
-4.07539
4.51193
12.33595
9.74808
2.94083
5.36875
10.34327
12.99416
-8.27887
-5.43500
1.93693
15.53587
-0.65646
5.42009
5.25456
-8.77865
-13.03202
11.88776
-2.82821
-6.20181
-1.73788
5.71528
-8.70813
0.04128
5.24362
3.20881
-6.92522
15.24134
-5.84679
23.05653
-6.29962
8.44312
6.63532
10.81264
-12.74015
-6.80732
8.87597
18.52284
20.94837
-9.14527
-11.13737
9.55835
5.85757
1.15078
-10.36457
-18.56674
-9.20602
-3.96121
-13.49718
1.04786
-5.12656
-18.74771
-2.75843
7.84569
7.30479
-4.29657
-9.74182
-5.47518
-11.67558
14.77085
-2.05167
0.03700
-9.24069
3.24163
-3.09226
6.01581
9.39975
16.10426
6.89817
-3.51962
6.65073
10.67388
-7.82632
-6.64748
-4.88579
-6.95513
19.79867
-10.43826
7.79477
-16.33050
-2.27814
4.71518
-10.94599
13.58107
-14.26340
-0.47767
6.21297
6.80016
-1.91640
6.80064
-6.04011
4.76734
-4.97899
1.72201
-8.68153
3.27590
2.09308
14.77909
7.08133
-12.20981
-0.02702
-0.37632
-12.40470
13.39936
-0.20619
-2.93846
9.41394
24.71144
-5.76917
1.82937
-15.79208
15.49896
9.42170
-0.74455
21.46286
6.48965
-18.83748
2.42115
5.65781
2.13713
9.08281
3.05838
-10.58262
-1.87259
-5.65062
-8.75612
-9.92494
25.06827
-23.24479
10.86788
11.43925
-6.32953
-1.24670
-0.84314
-13.13367
-12.20343
7.46152
-3.05967
-0.69834
-15.58333
8.15998
13.27668
1.44855
12.05805
3.46991
-4.04564
-7.40399
0.03254
-4.76335
2.48212
-10.20636
8.78163
-8.79805
4.74135
-9.08419
-5.94149
-7.01834
-5.59967
1.67282
10.38406
1.87822
0.74436
1.70306
-4.32098
10.31198
-7.66525
-18.73397
-10.66040
-13.62594
1.64729
-5.10530
-11.35522
7.76906
7.92404
-6.99190
5.08986
-3.97672
11.42252
-1.19723
-4.22505
9.63754
6.64416
-11.20862
-7.37269
-7.37654
2.87849
3.73135
-14.64996
-5.23016
7.55333
-11.48608
-6.16802
0.55159
5.64019
-1.48284
-8.62098
6.64082
1.99096
12.46736
-3.91401
1.50324
1.42613
25.09330
-0.68768
-7.98404
0.06374
9.04554
-6.62006
1.41579
-16.94195
11.95679
0.21662
-14.58431
-4.54469
11.21304
5.89413
2.68448
-5.32245
-19.50669
4.39408
-2.86804
-7.37874
-6.01097
-10.00001
-2.55619
-4.12899
11.99732
3.29019
9.14201
7.24175
-1.52563
15.80304
-11.24481
11.41741
3.76185
-1.45220
0.72203
4.09667
-1.65517
-12.38002
7.18349
0.80802
9.72777
7.05214
-7.79610
-15.37233
15.42860
-13.76011
-11.08817
-1.52244
8.31847
-4.29529
-9.75832
-11.06000
-1.85733
-2.13667
11.52154
27.97134
14.04982
7.31448
-5.34215
16.42599
-1.99044
-10.82451
2.89243
10.00649
-1.92668
-1.24454
0.65653
-5.18588
10.83621
-0.63970
20.26996
-1.37504
-1.39010
8.15116
0.86947
-12.73896
-21.98585
13.58299
-1.96651
7.74407
-6.25643
6.81361
5.63186
-21.42868
1.32607
6.89428
-10.30471
-7.72463
6.60214
7.16247
10.78874
11.26755
1.12152
8.33610
-5.06701
-10.01168
-10.54014
5.69942
-11.72958
4.87811
-6.89702
0.85529
-13.30547
4.27669
-3.35622
7.83609
6.03318
-9.13113
-8.12089
-7.00126
-1.10546
8.16356
8.96925
-2.47706
-6.02866
-1.55218
2.77546
-1.33867
-8.07703
-2.68210
1.52049
2.01129
7.88142
-2.79702
6.16742
-14.09189
-5.39273
-8.84866
23.57362
-10.85585
9.26371
-3.11076
-8.50425
-3.30275
2.60804
1.56689
-5.29749
-2.06257
-13.75220
0.36954
-6.99596
4.77742
3.92416
9.30288
21.95904
8.18583
-3.57819
3.66970
0.24774
12.38944
6.46022
2.67315
-6.02549
-3.73929
0.68760
-4.83399
3.81943
-4.88221
4.02574
-12.65029
13.77790
-5.43109
5.60829
-7.48745
-6.00005
-0.85030
-3.47476
-11.91843
8.11610
-15.32687
-5.06596
-8.69155
-4.73218
-3.43394
-3.70900
3.98514
19.73381
5.92334
-1.65586
10.09889
7.26412
-1.08455
17.06948
-1.89374
10.48750
8.81508
14.18852
-16.30931
-11.03204
3.61570
-14.57457
1.50666
5.06410
-4.47281
-0.97890
8.90777
4.72741
0.25120
4.48506
-4.85612
-11.88620
5.25100
-2.73914
-5.34035
-9.57392
-4.23105
1.20598
9.60329
3.38241
4.90493
4.33403
-0.34009
11.20639
7.31192
-9.92806
10.81248
-3.43958
-4.12014
3.93790
7.42723
3.31570
-8.06951
9.34465
6.03924
-7.45346
-0.42643
-19.71433
3.24458
-11.75764
-2.70288
-8.89993
0.58091
-2.44155
-1.47590
-11.14666
1.28182
8.17886
-2.24844
2.26031
17.42685
-13.34627
8.06378
5.56205
-9.57270
-11.96105
-5.77870
11.65389
-12.77716
-6.19092
4.33678
-13.22805
8.73367
9.76875
3.16589
-17.40164
-0.68431
0.65858
16.63848
10.08735
-12.97009
-1.31593
29.14107
-2.47527
-6.56711
12.13693
-9.14886
-0.93133
-2.54559
1.47197
1.89137
-8.57929
3.15392
7.98924
-4.69879
-5.67629
10.17830
-4.39311
-0.17283
2.89086
-9.13201
-10.25463
-3.40442
-3.54423
3.33393
-1.54641
-15.84484
4.35311
6.90959
-11.74626
-13.09353
-8.55551
3.41786
4.08316
8.20221
-4.38882
-13.55884
15.10413
-3.08524
-3.39876
10.44187
-16.53861
-4.18806
-5.14297
-7.95026
-9.73443
1.55171
-5.13357
-12.66996
-12.75139
2.90230
0.86346
10.02610
18.19544
-10.19882
-5.36091
6.99101
-2.22351
7.36411
-6.69813
-13.87025
13.41421
-19.29264
-3.23126
-7.40542
5.83164
8.96630
-8.53844
5.76060
13.07540
8.07888
-5.26547
-5.37563
9.30221
-7.30250
2.32237
-5.78352
5.41978
-2.56752
3.67790
-6.51452
25.51437
-5.70459
6.65006
14.37603
8.45166
-1.92563
-10.61635
1.83520
13.26222
-18.64700
-0.51401
10.55956
-0.59643
-21.63438
4.70476
-9.39039
2.02911
5.92443
9.18396
10.92684
4.17015
-0.27473
-3.45266
-4.24992
-17.37430
3.49496
-15.45696
6.66253
-4.77370
-2.59243
-2.92048
6.03154
-5.60901
-8.11423
-2.72509
15.82064
-4.31228
10.54035
-6.93952
-9.21274
12.48752
4.25204
8.27248
-9.61234
-14.38228
-0.07570
18.75844
-3.18975
-3.10336
-15.11977
1.04166
14.54430
-7.89560
13.92507
7.00191
1.18885
-19.68850
-18.64397
-6.51756
-9.92637
8.80702
-6.18634
4.50255
1.29456
7.55429
18.22551
-0.51186
-5.40464
-3.42740
9.62613
12.60599
21.42136
-10.38268
-18.87912
13.36570
6.27735
-4.49891
-0.88675
9.32146
0.32903
1.14579
1.28741
-9.44395
0.29879
-4.30751
-11.40698
-4.49074
9.30001
16.76380
-10.93748
-10.01214
3.14735
2.09734
-10.66076
-17.85478
0.88027
6.53532
6.46368
5.79518
-11.06439
-17.61887
-12.94560
0.84681
-4.66748
10.61083
5.65203
-10.04831
4.54320
-14.44228
-15.52895
8.38075
-2.92634
-6.32518
8.92246
19.81514
0.91268
-15.34971
-0.89995
8.24084
0.73723
9.80612
-5.95265
-1.33541
-4.65114
-10.09690
-0.91461
6.50213
1.71018
0.76327
6.91510
10.45842
4.64702
31.32666
-13.53822
-8.72130
2.81495
-8.60148
-1.41210
-0.15364
-5.34683
1.22406
22.61475
8.29720
-1.11325
-2.62263
12.18532
-2.95716
-3.80893
9.25004
-11.06141
4.11619
0.90834
5.63321
11.66653
-0.69804
4.11536
-1.36896
8.71685
1.57333
-7.72685
25.29386
-7.13797
8.87814
-1.57942
13.04206
16.97129
-8.99800
12.75529
-4.54224
-3.84951
0.86486
-4.04204
-13.08852
7.04184
-14.64800
4.33734
3.14265
5.20640
1.19323
-1.61302
2.78324
6.06625
-11.55219
-4.37208
8.18250
-3.76261
-12.28614
13.28065
0.46150
-14.56029
4.16578
-10.82040
-3.80935
0.46979
10.65323
7.16405
-3.52558
-4.57793
0.95836
12.89626
3.19309
14.20463
-1.21300
-4.37265
-13.54173
7.49778
-12.15208
4.69930
6.81703
1.97287
-2.01029
-13.70478
-16.69148
7.18067
16.18353
-5.04233
10.40988
10.97582
-1.52297
-11.71003
1.72344
-7.49500
-2.01213
25.68313
10.21358
7.40121
2.49474
-0.44034
-9.17190
-10.88688
-3.95947
-6.99461
-6.67705
8.95398
-1.09920
6.68835
-11.18412
-3.98571
-2.10276
-3.87446
-0.09239
12.09926
2.18538
2.81465
3.78828
-8.79174
2.79052
-4.75520
-7.37373
1.17717
6.91312
13.42065
0.29727
-6.84412
14.51122
-3.96747
-1.81077
12.64718
-5.62286
-0.24416
-0.48807
-15.39745
1.92322
6.34410
-1.13775
-15.28212
-2.36464
5.67079
10.11986
-3.02455
3.30536
-5.57017
16.70438
-6.53678
0.68551
9.63129
-1.43689
-0.30838
13.69475
-1.61469
-4.31748
20.71236
-13.95867
3.12180
-6.84217
6.40959
-2.48621
-9.72753
0.86748
4.70565
-4.86473
-8.21348
-9.44343
-10.47372
4.51609
4.08162
6.96968
-25.70055
10.09841
-0.24148
-3.14383
8.67039
-1.91566
-6.70463
-13.61923
1.88019
4.77126
-8.23258
10.17285
3.00934
0.61149
12.05769
1.74159
6.66444
8.71669
-3.80185
-6.95999
-5.24289
-8.53032
2.73120
15.24195
-4.19524
3.70191
-10.01843
-4.43444
-4.05087
4.34442
4.17114
-1.91825
5.60630
13.75758
10.53760
-9.29971
13.75962
0.02032
1.62368
0.32288
-6.78586
-11.40913
24.99227
2.29165
-2.29354
-9.45407
-9.71831
-12.59050
-17.61035
-1.14824
-4.37013
-11.95470
-8.04016
-1.22465
-1.31709
-9.54603
6.21433
-2.62410
-10.50338
-9.63006
-7.81200
9.60027
13.75860
17.04428
7.52941
11.83793
16.28757
-1.40090
13.45393
6.53775
-7.79151
11.16581
16.75408
-10.33952
-3.71113
7.64302
-8.11687
-1.36731
-26.10101
-3.42434
-20.68151
2.94396
-5.23143
-2.79959
18.23333
-7.46083
2.12712
-7.08438
11.91141
-12.63370
3.77636
-0.70837
-6.05850
9.49416
-8.39403
0.66694
0.29189
-6.40138
-8.92489
8.60041
-7.28903
-4.59444
1.37888
13.33569
-1.45456
9.25646
10.81231
8.13592
12.43114
-6.01792
12.80644
-18.69484
9.77672
5.22684
-9.91907
9.36751
0.65297
-17.21948
-12.07122
10.15108
3.52301
-8.48234
12.43068
7.45901
0.04099
-7.97658
15.70861
-0.68270
8.58768
7.36692
4.87180
15.12793
-2.64960
1.30729
-2.12930
-7.34449
-16.57017
-16.35437
9.97201
7.54963
15.67329
-11.50287
-9.51534
-2.90998
13.55672
-3.12637
12.41257
0.20939
3.92613
-6.14181
12.77026
6.41945
-3.54707
-8.67539
3.00185
-3.61906
2.01528
-11.06452
5.49425
-13.34464
3.10681
5.32676
-20.70626
9.83088
2.49444
-2.04943
-7.42530
-3.29959
10.13889
-12.77678
-8.57077
8.75847
10.79294
2.74476
-6.67776
22.71863
-6.67133
-5.56856
9.08315
19.21951
6.34772
-13.31299
-10.08249
15.29941
-9.37199
7.58896
1.32456
-7.46114
5.99318
5.84457
10.12911
3.37114
8.29258
5.54867
20.17855
-1.12741
0.70843
-11.19572
0.24527
4.90373
4.31022
-9.33324
-7.32741
-16.83656
1.69884
13.58283
-6.33989
-19.61034
-5.04129
7.47110
-10.99450
-6.61072
-8.55868
-13.76042
-2.12611
4.31105
3.38337
3.00330
2.22573
7.62792
-3.55466
-14.78050
-9.35622
7.27968
4.21068
-1.38044
-3.68212
-14.40059
6.02242
-1.64948
18.26485
6.35928
-11.32195
4.33614
-13.33079
-8.61671
8.18731
3.92569
14.56129
-3.84577
11.01699
-9.52722
5.25800
6.13229
7.07878
1.27395
2.63055
16.79526
10.93257
-15.67426
-15.90923
-7.80056
2.84977
18.19357
1.62606
7.59250
-11.60744
-2.78318
-2.94427
-6.40787
-3.67438
-1.69248
-16.46142
2.19741
-9.16821
-7.98544
-21.72898
-9.78804
-6.30662
11.71111
8.27898
-22.83288
-0.00990
-5.95862
12.69519
-2.96759
-6.45215
1.70601
15.33248
10.33600
8.45857
-9.68156
0.55866
-2.85176
-7.13614
-0.23473
0.86560
17.46173
3.17445
0.75446
-19.69326
-12.42464
4.07814
0.68790
10.37782
-7.66839
3.13212
13.25326
-5.51324
-20.99187
7.79596
-9.90616
9.44852
0.34891
14.94582
-8.10709
8.09465
1.60517
-6.27759
2.77237
-2.55892
-7.17807
-8.20293
-0.24402
-18.70574
-15.46189
-1.34395
12.32202
10.68982
-6.21217
-9.99638
-6.87517
10.42460
8.51162
-2.94148
-1.86476
12.49886
11.75946
-20.57642
-14.77342
12.43672
-0.97499
-11.13423
-2.18580
-8.93775
0.93227
-12.22822
-1.18456
-4.49309
17.64773
-7.45650
-15.94818
10.55179
27.55686
18.32861
3.95891
2.77996
10.02968
3.38655
1.67253
1.52010
2.13877
-13.66702
6.99400
-12.35571
-0.09322
8.24241
-1.66217
-1.83681
2.56817
-10.11554
11.07706
6.46087
11.21921
0.93205
-7.96996
-2.99844
-3.20584
-12.21263
-5.99655
-9.57963
-6.10881
0.04643
-2.72410
-12.00632
3.39879
0.65226
11.91803
7.47167
0.70178
1.55965
5.84418
10.34976
21.61165
-15.15243
-13.65964
6.60888
-16.42319
4.44728
12.87500
11.15309
6.16996
-5.80554
1.21179
7.38627
-2.14088
-4.37180
-5.35072
1.72396
-5.59334
-19.66882
-6.55201
-10.01014
10.10581
10.57542
-6.14600
-11.79063
-0.58562
-4.72361
4.02847
-10.80840
12.57198
11.59015
-7.41599
12.07721
-10.44407
5.96306
2.10612
-4.48395
16.12459
14.49657
15.14889
9.29217
9.34689
10.70414
15.32416
-9.64891
-2.02273
-3.62715
0.79619
10.71151
12.77778
10.24671
9.19825
-14.31671
-3.82314
5.01307
-0.30124
-15.88773
7.21501
2.79732
-4.98872
5.03716
-5.05761
-8.44597
17.41801
2.36035
-18.14246
2.89322
16.44144
-17.77906
0.76306
-13.99911
-5.94887
2.00373
1.29061
-0.84300
-9.23907
-8.95725
-3.53507
-7.72314
-12.05434
13.70756
3.29388
-17.33460
3.93124
6.99062
-29.17156
6.62361
-9.31325
-3.66426
9.32898
-19.83491
5.61087
-4.41276
-11.99911
-12.58353
-3.77832
-9.11657
-1.93967
-4.78489
-0.73593
0.69796
-0.00166
6.92305
5.54157
1.66888
8.32221
3.50296
13.86166
6.16859
-0.33343
8.28084
19.59071
17.95794
-6.65161
-11.60635
3.58653
10.67813
-0.50123
10.92528
-1.31098
2.37845
11.10676
-1.82703
-6.79335
-0.44040
-15.47269
1.06034
-4.01004
-0.50066
-11.41234
-0.79539
1.48615
-2.39987
5.44616
-3.09308
-15.01811
1.66941
-3.00496
5.12865
-16.03612
-9.24516
2.42940
9.86989
-3.67402
-1.93794
-2.62822
3.71613
1.76840
8.83131
0.25951
16.43868
17.95651
-7.64132
18.66680
1.89281
-10.53223
-0.79390
-9.47207
1.01904
-18.52580
-18.19284
0.75867
-5.45966
-2.96086
11.06764
-13.17804
-6.28931
-4.60524
7.82908
10.78367
-5.22245
-9.45759
-1.17156
7.79810
3.05897
-0.61846
16.66156
-12.27998
2.05541
-8.81461
14.99378
2.75137
-5.23345
0.98462
-0.87739
-24.16424
-1.56095
9.79237
22.97770
-7.73370
13.62499
-12.75964
-9.57695
-1.98248
-1.59541
7.76777
-11.11031
18.88287
10.99767
-10.83535
13.10674
10.34537
6.13730
2.99811
-2.23133
-6.21319
0.98767
-5.38446
-5.04224
3.98079
-2.73958
-11.99030
-16.14988
-25.54908
0.36450
-8.57995
-7.70022
5.54554
5.40988
11.74093
-2.40223
-20.79138
8.36390
3.58840
2.53049
8.35127
-9.46802
-0.46887
-2.74985
-0.78528
-2.96226
6.40821
-4.56260
7.91151
-3.11854
1.92820
-7.64849
12.13519
-8.61510
-3.50912
-15.30898
8.43753
2.18907
-9.38937
-3.75058
-12.20038
-9.09199
16.76511
-3.58932
9.94000
10.81173
2.36016
-9.39748
7.73303
3.85554
3.88625
5.68546
5.67908
4.81941
-6.07971
11.02081
2.76022
-5.46072
-30.16538
-4.61786
3.26864
12.00272
-1.65553
-4.79077
-18.04530
-0.57142
12.35991
-14.09118
4.48925
5.64641
5.08893
-6.74005
5.16109
-1.24044
-24.12758
-5.09844
-17.86385
-1.21504
-11.67340
-5.85108
15.21461
8.28057
2.19043
-5.40798
6.16905
-5.97756
-5.56435
14.29475
11.58058
8.02220
4.26734
2.00170
-1.95611
-6.71867
8.25893
3.48340
0.43434
-18.29622
-0.29227
-2.09213
8.29731
8.30916
19.74603
4.83031
3.11049
-4.04661
-4.47635
-8.99512
13.25922
-7.73793
6.17681
5.98910
-0.07520
-2.73251
23.04056
12.66953
-9.62781
-1.33109
10.86143
5.81275
-3.22976
6.70977
14.80013
-8.76430
-16.60890
-5.47668
3.68481
-0.10731
-12.16858
13.80392
10.04021
14.38377
0.38427
-11.07170
-4.19355
5.35004
0.71693
10.36239
6.18908
-1.08988
-0.05370
-2.98322
9.48424
-6.76941
2.83622
0.03966
4.71775
2.28160
-1.36111
0.48466
5.09814
-0.10554
-19.04676
-10.82886
-17.58886
11.67934
-13.97969
-9.59056
-9.49974
-10.36545
7.11771
9.57214
-7.41191
-19.82137
-2.92417
-10.15152
-5.71264
1.62888
-8.13174
-20.86856
1.70578
-15.29426
0.07367
3.88794
-12.23309
4.37351
2.21772
-7.29722
-5.29285
-6.28126
0.92280
-6.57477
8.69910
1.76797
-1.09817
6.65075
-10.18568
3.30181
-12.97042
5.88866
-7.62821
7.71343
3.19901
0.82336
1.79433
-1.83605
-7.01980
-3.42493
-0.85599
3.55610
-1.30192
-4.06233
-9.46151
5.19879
-6.11636
-6.83497
6.87265
6.69990
3.18943
3.35299
4.44173
-8.02575
-6.21253
-3.58237
16.46831
10.43445
13.34139
-7.20944
-7.47987
1.31792
-4.35937
1.50976
-14.22139
-3.23721
9.73691
-5.81024
-3.06738
8.71179
-7.76641
-4.64234
3.78778
7.71848
9.08939
8.80953
-0.43012
12.40200
3.70807
-7.38092
-3.83942
9.73589
7.99162
-1.41297
13.72127
4.69059
5.07750
-2.77348
6.16066
6.93009
-6.78454
-1.86175
-0.50789
-1.75541
5.81312
12.07693
7.41548
10.29277
-0.11560
-5.83416
-0.38435
-5.46833
-6.22045
-0.47952
-5.08134
5.07356
-9.62861
1.97834
-4.95743
-3.90890
-7.90495
-5.56011
7.51039
2.38957
6.15043
-6.56456
-2.03822
-4.02465
-0.39673
8.75654
-11.23175
-9.43646
-2.79924
7.89417
1.08000
-4.18483
2.41492
8.36075
-16.03859
3.86900
-17.34365
-2.65522
-17.60065
-10.49626
-13.87534
-3.50857
-15.52178
9.28162
5.29598
-16.62135
15.30190
-11.67770
-4.74046
-3.49196
-0.97851
-5.10532
8.95992
13.31410
-0.27365
-10.58241
-6.02206
-3.47940
-1.36911
-2.43464
17.58561
-3.45970
6.36970
-1.57119
-10.33311
-7.14809
-6.13225
-11.02968
7.74495
0.64421
-19.58802
0.33902
-3.84432
28.89230
7.75614
3.04824
2.68103
-5.55552
8.77847
-14.54171
-19.83922
-11.15427
5.49313
-11.43070
-8.72658
-4.74777
-3.80357
3.16102
-1.55084
-4.09468
12.97719
-3.70789
3.34676
-6.67911
24.55434
-7.44697
5.55836
23.96226
-1.56108
13.64637
-15.34785
3.65999
-5.71873
-15.44964
2.57910
1.14368
6.95804
1.36619
7.00682
4.22587
4.04939
-9.69499
-13.95214
4.96352
-10.64126
4.47482
20.78891
29.33705
-1.00822
-5.38599
-17.81895
-2.70862
6.80866
1.13026
9.34993
-0.92593
-4.69950
0.43406
0.89322
8.94141
0.96613
-19.48637
11.58434
-7.13232
-0.71171
4.90888
-0.96905
5.15776
10.17595
-10.63541
11.68951
-9.93194
-0.55984
-9.20287
9.76662
1.28061
-12.78505
-21.04660
-5.43977
-7.02957
-28.26558
8.41558
-6.62213
9.47515
-11.22925
-8.28779
-3.71236
7.17550
1.65289
23.70100
-7.53183
9.79646
8.26696
-0.34826
5.13583
-22.48826
-3.67909
-8.04802
12.25308
-12.98105
-7.47616
-4.97330
-5.72882
-6.53618
3.32899
6.32940
8.67357
-3.82155
-3.47374
5.58168
11.56308
-2.72501
6.56440
2.27210
3.64422
-0.14060
22.86396
-0.11991
-2.51390
7.55865
7.98410
-6.44926
11.23323
-0.70213
-5.90017
-1.09431
21.12853
-18.45148
-6.44575
-5.90841
3.57968
0.92274
-7.23189
-0.71834
6.49497
-11.35785
-1.07711
-9.52702
15.19455
-8.38240
11.94551
3.03603
9.39841
-7.74573
7.90045
-17.46973
15.22977
2.75902
-2.64746
7.74192
-0.80881
-8.15082
-0.76425
-10.35429
-3.25451
1.39048
-5.25329
6.55552
-4.03116
-3.42876
-2.74520
0.17853
2.27877
-9.09268
4.72815
-0.90558
-10.26062
2.37755
-8.40167
-9.57909
-1.83536
4.58692
8.02052
10.82984
7.00741
-22.95250
-3.14656
-2.38945
2.52241
-3.26164
-1.91142
7.00607
-0.02036
19.21494
5.33252
18.58963
4.07512
-0.07120
9.85441
11.98565
7.52676
-8.80188
-10.80566
3.34451
-6.74601
12.01716
2.48928
-5.11958
0.23257
14.15030
7.26197
-0.71674
18.38019
-5.41010
7.19182
-13.65474
-7.50181
6.64627
4.82671
-5.12548
6.42669
6.20168
12.29297
6.08729
-4.00917
2.63864
-4.91411
-0.52720
-15.87897
-19.72282
5.92609
10.60838
-4.56122
-7.58534
-7.74887
-1.09139
-4.53147
-4.04067
9.96096
14.43510
-3.23263
4.86607
-4.17097
5.73676
-17.72524
-16.87171
-11.78108
-1.63941
-7.72677
2.17716
7.33894
-1.91906
4.16530
7.23136
4.93346
7.26776
-6.02423
6.83499
-2.68514
3.29920
0.08012
-15.32880
6.04657
-8.00118
-1.38830
-6.15391
7.71587
-4.15709
-0.62870
-15.22763
-8.05709
-12.56163
6.50555
-1.17725
17.11995
-7.83831
5.19731
-6.89204
-0.83128
-8.05126
-3.23963
-0.59019
5.52094
-12.94594
15.65577
-1.85180
3.94813
-1.10348
-4.70370
2.47021
-16.00820
7.96748
1.99871
0.41493
12.33546
-7.77072
15.45264
-8.95207
-4.31023
17.37380
14.95897
-10.21212
-5.26442
-1.14161
-13.13996
-4.93695
4.62841
9.13366
4.33085
6.56461
3.75916
-8.56331
-1.42608
-4.52995
4.08499
-5.66244
16.05461
0.17447
-4.63297
-10.52537
5.88042
-15.49848
-8.12744
-10.28079
3.52510
-8.83591
0.94210
15.45261
-9.53009
10.91553
-0.94925
9.24037
-0.14825
8.93526
-17.44441
-7.51553
-3.96429
6.84001
7.08716
-5.48871
-20.65683
5.47794
-3.41158
-0.63088
14.35307
7.86794
6.37346
5.26424
-1.11548
2.42697
4.96413
-12.31670
-9.80163
2.47197
13.82994
6.14656
-4.46680
15.36239
8.03504
-9.89590
-8.52953
-3.85904
-13.80513
-11.28936
12.65953
-0.08080
-10.55206
2.84552
13.66450
-12.97606
14.14247
26.71922
-5.70744
20.37933
-11.56054
-16.40052
-6.06250
-0.05031
0.29194
-12.95431
2.63519
-7.58303
-15.47835
9.89258
2.11144
2.08881
0.98922
4.67427
17.41972
-8.92207
-21.04067
1.39596
0.98787
-10.79716
0.73463
13.77135
-2.95248
-1.63686
0.68011
7.92329
-4.73540
11.47988
-5.05514
-10.36869
-14.71080
-5.34490
20.92498
5.35484
11.26247
3.96404
-15.63100
8.72017
-7.45656
-15.32930
-1.18748
-9.56993
1.82091
-3.24582
0.80064
2.25522
-5.40802
-19.98736
21.18622
-6.11136
-6.44647
7.20507
-2.73680
10.67832
-3.28071
8.18587
-9.56606
-6.60423
10.14159
-3.01541
-15.18567
-19.26878
-1.59320
10.11774
-20.87808
-18.40231
18.44237
1.82817
3.38341
-0.42492
7.78308
8.35897
-2.01007
8.16180
-1.05960
-0.91323
-15.12214
-1.50494
2.63568
-4.62383
-10.78441
18.22964
12.26193
-8.50454
-12.71854
6.28911
0.94442
-9.09237
1.06501
9.57678
-0.32726
-2.11141
6.61812
-10.73643
-0.48034
-1.20318
-6.53902
-11.88141
-1.00947
0.83485
0.11115
0.10432
-9.73166
5.39467
13.00610
2.56367
2.11490
-8.67292
-20.71942
-12.14325
-17.51958
13.21387
-5.87486
-0.49175
7.49096
-7.07781
16.32962
0.37057
1.67845
-10.12923
-0.69094
-4.61414
-7.48317
-18.35382
-16.05272
6.43284
-11.52627
0.21627
-4.73143
5.31990
-17.23782
0.39908
-6.44866
2.59271
16.34251
-1.89370
6.91212
-1.81853
10.37486
2.78258
12.33157
6.04501
-2.90545
2.08416
-4.59577
3.44484
-14.81496
-13.70291
21.35733
0.94958
0.76875
-21.17703
-10.68792
9.41702
1.42619
3.98720
-5.89973
2.73688
6.68145
-3.52405
-10.49764
11.86808
-7.04103
5.92019
-1.09614
-14.45167
-6.88731
-13.77597
0.43570
1.57620
-1.10731
-0.21978
-15.37642
0.85303
-19.18631
-0.57907
8.30553
-1.36153
6.90106
-2.91281
4.13350
-5.83962
-0.86740
-10.26745
-0.63765
13.97818
-2.61550
-9.50487
-8.25801
10.51647
7.02657
-1.86756
-11.83073
-11.45516
6.32498
1.89244
6.81324
-2.11863
-16.52492
1.43390
-6.00231
0.74585
-9.51949
2.25470
-4.74405
-5.16627
-13.92640
1.44797
9.37351
0.28757
-10.61121
2.68269
0.55916
-16.81313
-2.85729
22.09619
4.28959
-5.58499
-9.69261
3.18140
9.09885
-6.25985
-30.23327
4.21906
-8.46340
9.88036
0.83062
11.86046
0.33039
-5.26972
-15.88939
-13.70880
3.68330
1.89991
8.59942
-0.70281
-1.98105
0.89458
25.84309
-0.56456
5.70799
-21.72387
-8.67186
1.71455
3.31490
-3.31733
15.00442
-14.72652
6.95667
16.68980
15.60508
5.85321
-10.72921
10.48853
13.91819
-3.57788
-5.74562
7.93970
-3.81957
8.06783
-7.08330
2.13370
14.98485
6.14580
-1.49231
9.16667
-1.30027
-1.15554
-23.32471
5.38223
9.44952
-15.19244
-18.64388
-7.86456
3.36518
-3.58080
-7.68327
-5.62007
-0.31003
-2.70938
0.82244
8.26474
-14.01252
2.97514
2.52317
-10.93173
1.93618
-2.84847
-1.66457
-7.27164
2.92194
-1.36334
5.20011
-3.34655
8.83505
-5.87179
-21.27025
-7.89148
3.49132
-1.01220
-31.30054
15.65507
-6.63790
-4.12471
-8.31706
-11.60237
-4.43924
-2.57510
-11.73329
-8.18861
-0.88256
7.00325
-0.19461
23.54065
-7.64161
0.73012
-5.43403
-23.91705
-13.77192
3.43596
17.44403
-0.01795
-6.79900
5.19794
-25.08093
2.57687
-1.62852
10.68122
-10.22308
-9.53620
13.30529
-0.44116
4.99336
6.26213
-2.82442
-18.11929
-1.68848
2.51870
1.18701
-6.34099
23.86036
1.33196
7.88488
16.31926
8.69226
-0.60819
2.78115
-14.52314
3.05660
0.80819
4.00548
-9.14099
7.94133
6.54026
12.58840
-5.58245
-1.25448
9.21918
1.09232
-20.33166
-3.17638
4.21731
-6.25207
4.81935
10.03744
-9.34816
-19.30586
13.54280
-7.50758
-7.53620
-1.83294
6.44783
6.82747
2.26293
-7.71480
-4.14116
4.40080
7.22990
17.20437
11.23110
-11.55621
6.38985
-4.98581
-8.02826
5.40226
14.62569
-6.45828
-2.92029
6.10579
-4.32385
-20.72285
-8.24523
9.83197
7.73447
-7.50443
12.99263
0.12560
1.75305
6.79153
12.56301
15.38817
4.90909
-7.07462
-6.41593
12.64231
-13.81007
-5.50763
26.83415
2.45314
-23.00418
7.98592
4.01783
-7.96713
9.84541
13.22105
-7.65180
12.68552
-0.49340
2.45367
-6.87023
-9.60628
-13.60571
-19.86303
-10.99627
-18.98825
-6.15292
-24.47390
24.11698
3.41120
4.21065
10.50089
-0.45485
3.89764
-1.69027
-17.19231
7.07341
11.37618
17.65259
8.87792
1.04980
-12.85344
-9.01612
0.66488
15.49584
3.06424
6.72743
1.69100
-11.53362
8.80799
-9.38266
-9.63350
13.77595
-13.54811
-4.08190
9.27069
7.46482
-2.57916
10.16302
14.22715
-16.55778
10.30736
-5.84820
-2.08636
-15.72494
0.58153
-17.12847
9.17714
0.87264
-10.43373
-1.37730
-7.98271
-4.85980
8.19831
-19.17457
-18.76498
14.67448
3.03847
-8.59352
-6.37439
5.72100
2.65702
3.43713
1.00256
-4.58818
2.49805
-1.51572
7.53114
10.16852
-6.56791
-6.23603
-5.07734
16.52989
-18.37649
-3.48545
0.56662
-0.03241
-3.82418
-8.79307
-3.86181
15.15145
-12.01031
-13.12037
14.06995
4.33355
0.43828
-13.16513
6.77595
-5.17028
-3.08605
-0.22841
-3.00944
-5.26117
8.62738
-21.29544
3.34264
-6.27932
-1.30782
6.21673
-5.52688
-0.22895
7.29927
16.35738
10.96929
-22.40763
11.82115
-15.40453
-7.47549
-13.04798
5.56890
5.19993
1.70417
5.33682
10.81135
3.45448
4.28925
13.40118
11.75097
6.97299
12.03186
2.60736
10.75190
-16.59062
1.00652
-0.23530
4.44680
-10.51707
0.88609
-8.62878
-5.33408
-7.86556
-5.26368
-10.87910
-12.69178
-2.36699
-8.75133
-1.82474
-1.08983
-4.84865
4.93793
-11.33240
-10.15989
5.64108
-0.53520
9.47204
4.63054
-4.76624
1.86959
-2.04708
-6.11174
2.61170
-12.16763
13.11971
-2.06944
-12.66883
-9.18455
-10.97509
-5.54557
9.37943
-0.48678
2.37144
-15.84548
-5.53145
-10.27644
-4.07302
6.37131
1.66859
-15.17947
5.74440
6.38739
-4.39901
6.14297
3.44094
8.94816
14.57968
-3.46413
-6.81827
5.60927
7.16980
-1.44597
12.82645
-10.29716
5.28866
-3.52328
-2.82734
10.52327
-3.65775
-10.61678
-4.30218
2.63312
-3.17478
-2.72477
18.76150
6.22053
0.48502
-4.01762
8.78188
4.31143
11.40857
-9.29662
-3.35267
6.25336
5.65649
-5.76105
-14.68702
2.22663
-3.10388
-3.47134
-16.83239
-5.23497
-4.15333
-19.35674
7.94135
3.30053
-16.10102
17.14422
-17.78293
-5.13604
-0.16194
-6.68370
-1.29378
4.82607
0.35765
2.83898
-1.24334
-13.11771
3.02843
-11.91122
-8.05083
1.50403
-13.14738
4.66890
-0.71930
-1.38792
-14.09718
-21.60798
18.90217
-8.87469
-21.86343
2.85816
4.92653
-9.31702
-13.71795
-7.12826
-9.09647
-3.18477
-1.71308
-1.86870
-1.03321
-5.40966
19.74276
-0.85964
22.61478
7.29093
-10.83514
12.89245
3.08217
11.42095
-1.70329
-7.90195
4.85654
5.21068
-2.93094
9.41709
12.76428
-9.09483
-7.85510
14.36446
-7.52538
-3.88810
-5.73656
25.61525
-8.42278
13.73107
1.82668
-5.20258
-5.93254
5.65161
2.93411
-11.24608
9.35071
20.32361
-14.05937
-0.82711
-2.65159
-0.37499
-8.28175
-9.89702
-3.63879
-0.19539
10.12182
5.03413
-17.64098
12.57392
5.45477
4.76374
-0.53446
-8.61048
21.94088
13.45917
4.27408
-4.94234
7.61869
11.55136
-12.41340
-12.85660
8.43646
8.62170
-8.50786
12.45539
-2.88413
16.39925
-19.21106
-7.89679
1.65323
16.54667
-0.63865
8.29665
13.72139
0.10862
6.18922
-6.49254
1.88636
-2.60158
15.68152
5.98310
-5.17141
-10.57672
0.51490
-2.27862
20.54949
-2.60288
4.34263
2.29156
0.88328
7.71570
-1.36100
-5.14245
-4.64605
-10.94609
0.21257
-3.57039
-8.57237
6.91146
-5.46601
2.49976
1.27468
1.18042
10.74400
0.83958
26.59252
11.20179
14.19145
-13.75329
3.61906
11.88315
2.68136
-0.90974
5.56045
-8.96610
2.72122
6.60091
-2.67904
-6.46986
10.54172
17.50718
0.46586
12.21955
-10.56821
5.99678
-8.09743
-12.44782
2.38134
-13.67499
-3.19287
-6.41111
16.68936
-5.99473
-14.33813
-21.73457
-13.28199
3.59696
-5.54698
3.09842
11.23010
-19.01011
9.93661
3.69247
10.85508
1.29039
-16.18488
-2.36555
3.74226
5.50145
-9.89930
0.00578
2.83462
11.79659
-2.16707
-2.78571
-2.08508
2.19519
3.98500
2.83733
-7.11422
16.65400
-13.83603
-17.90544
5.19265
-0.40359
1.84092
6.56617
7.46745
-12.67399
-10.27783
-2.05398
-5.23291
-7.57675
-14.92603
-8.08088
-1.60763
-4.73774
10.48658
-14.06696
3.59065
4.06428
-2.02380
7.43250
7.14043
-10.36254
2.76444
3.96092
9.03554
-11.49715
-1.85652
-1.55276
-2.27275
5.06288
5.17491
6.15115
4.29290
-1.00335
-21.49521
-7.08011
-4.56776
-16.61547
5.68721
-19.01221
-11.24884
-18.71429
6.97859
-7.70281
-18.84253
-10.27862
1.23779
-19.78196
16.46822
3.97802
-5.70169
0.94178
-7.21877
-4.86567
18.59886
10.85194
1.29936
-9.38161
2.97221
11.03393
16.50344
-0.16438
-3.13078
14.27545
10.81764
2.05701
-2.35728
15.77829
2.50009
2.83611
8.34574
0.32306
5.39965
6.06032
7.16582
18.26416
-4.05790
1.52818
-10.97383
5.16650
16.08353
4.95573
6.93518
3.26409
14.00622
-13.98104
-3.61254
16.38315
9.31546
-20.83075
10.33932
-12.48051
-7.46833
-8.07958
6.25694
-18.82346
-9.22441
4.12029
-11.40609
12.34020
-2.08079
-0.37285
-7.41542
4.56554
-4.56391
-2.70193
19.20668
11.09934
-3.69266
5.65674
-10.53432
12.92019
0.91270
-14.59500
5.81164
13.30200
-5.81454
-2.91288
-13.92397
-15.10218
4.39407
-4.94160
-3.50907
-22.72326
-9.00421
2.96124
2.24718
18.06999
-4.20120
9.93836
9.14358
-10.53256
-3.65865
0.90955
11.48706
4.64096
-0.61458
-6.11292
-8.76930
-11.40076
8.10789
11.26435
-5.64099
-0.12164
5.21717
10.42167
14.04883
-5.37304
10.44763
-11.52770
-14.87596
3.47593
3.50911
-4.93537
1.23351
-3.81004
12.59536
6.94237
-6.04389
-17.05709
3.27965
8.72317
0.47845
-36.88620
7.72995
-4.39738
-1.79965
-4.55279
14.80983
4.98077
-10.86699
-16.34198
-10.08123
-12.29378
1.91181
-5.26101
12.33438
5.31785
7.67126
16.63592
7.31046
10.59153
-2.84811
-8.78475
1.90701
-3.68467
-3.24690
11.16533
-16.42686
-2.36163
-20.65365
2.46742
-4.58873
-0.31759
6.40851
-1.46974
2.25131
-1.05659
-7.81706
-11.88101
2.97911
-2.33790
6.13409
11.47785
-13.18188
5.22133
-11.48004
8.86213
6.52231
-2.88319
-9.59970
-9.48372
2.56883
5.29288
3.91159
-0.18704
7.13739
6.36680
14.53217
13.48516
-4.89855
23.12249
12.10436
13.44141
4.45160
11.39197
-19.14979
-7.75655
-5.07060
-3.26659
-18.51629
-9.20810
-5.21630
10.49422
8.06948
0.95319
4.31034
7.91406
-6.63929
-6.13056
-1.89616
1.59533
13.62469
0.27924
-5.15194
18.12532
17.48101
-2.11638
21.72719
-7.82220
8.27299
-4.92761
-10.78502
0.28761
-3.41627
10.28619
-14.93895
6.82436
-3.12059
2.33394
-7.12670
-0.72018
-14.83844
12.13173
-13.07220
14.01003
0.57036
5.00281
4.19254
-1.49166
-8.07508
-6.57573
-5.46173
11.05132
-17.69685
2.30192
-11.52733
-3.98296
-9.20646
9.52650
4.44784
-10.24530
11.60540
9.00821
2.63916
-11.69590
9.17470
6.55475
-7.73071
7.63366
1.59058
6.44919
-12.00905
6.28369
3.51556
-8.16214
-11.48973
17.03472
14.48850
-3.21255
2.96469
3.62328
-10.76704
-3.52673
-15.94979
-14.76822
7.83357
1.60247
6.34992
-11.30320
12.30926
-12.83036
-14.24483
18.16325
-13.11398
9.42731
0.36030
-8.37257
-10.41884
-5.58682
3.40935
17.67498
-3.13194
-8.88051
8.21782
-4.84660
-12.67841
-5.92037
4.17914
0.74647
-15.47892
2.53182
2.39597
6.29343
-3.54525
3.09710
0.70681
-8.50735
5.06251
-4.20228
-1.67706
2.07420
4.75974
1.75714
-9.02728
-12.76089
-7.28356
-8.06893
-2.70153
-2.32340
-16.88206
-12.20457
3.75474
12.58498
-16.95547
-3.71081
18.70150
-2.15611
9.58227
-0.53176
-12.23326
-13.40870
4.57722
-6.68225
-12.38043
-10.88433
-0.45757
10.08326
