-2.79917
-12.08920
12.24133
9.66973
-23.23840
-22.44295
4.73244
-1.32453
-6.89658
5.11443
13.53292
8.88389
10.01790
5.54993
-4.84843
1.18017
-0.47846
-7.17920
-6.86106
-1.99771
-2.04574
8.86849
-2.82384
12.96318
-9.38224
14.77462
14.01252
-17.98444
10.82083
-5.08632
1.62954
-5.55577
3.33768
-12.24579
-2.76765
5.31870
4.66965
14.12224
1.73825
-25.59739
-2.05985
1.80538
1.57784
-8.15846
-6.00371
-1.83672
7.96034
8.36465
-13.98975
6.63672
-8.18332
3.72201
5.89431
-9.49486
-10.66522
4.15039
0.08307
3.49878
-0.66033
13.24849
7.86804
3.12429
6.38060
2.84927
-4.07747
3.79880
1.97219
-9.58304
27.13590
15.72641
-9.71710
-7.49666
13.76689
7.12695
26.11926
-14.01588
-13.11109
4.32696
28.30255
-7.45174
-5.14639
-10.61482
7.56852
-3.34039
-11.35905
-12.65290
10.16811
25.73209
-7.18150
-10.01843
5.00421
7.12087
19.54044
3.19646
-6.70338
12.67385
-4.16157
-2.16885
0.54557
16.04511
8.75912
10.61161
-11.16475
-8.91960
2.48498
-4.84661
13.34993
-6.07974
-23.28201
5.24731
-1.26217
3.11125
0.48597
-3.67938
-10.74724
-11.37169
-7.08457
-7.12693
-4.95469
-6.11840
4.64518
-8.51308
12.19379
-6.21010
8.55617
-6.32221
24.29918
2.35805
-3.81849
-12.21610
6.82226
3.63963
-13.72355
-0.20913
8.70696
14.03996
-19.10111
-15.10186
12.01456
15.53968
11.08252
-6.57649
-13.91224
-5.34543
-5.33044
19.66786
10.11226
-1.50205
14.46118
0.44087
-9.46553
0.19878
-6.81810
-0.83570
-15.92502
-9.47120
-9.91156
-9.86526
-8.80146
10.95898
-5.49029
13.43606
-1.43590
0.86136
2.37612
-8.63105
9.76908
5.53458
-3.48752
-0.45601
-9.71494
-8.63026
-3.27071
4.06663
1.11386
2.03153
0.64584
11.82512
-4.28286
13.77906
-7.34152
-8.94610
4.58329
13.08325
17.45986
5.29171
1.72096
1.18626
-6.98599
9.04880
5.08109
-3.30857
7.57194
21.18973
1.92883
-9.88984
-8.06870
2.03406
-0.77859
-2.47182
-3.32330
9.62920
-1.74666
-8.65831
-1.63392
2.88951
6.51572
14.86373
-3.31916
-2.48342
-9.73748
-0.45250
6.28906
-13.63122
12.43476
-6.50931
-4.00307
-10.84487
-3.53593
12.13268
-9.75165
-11.31400
4.84173
-8.89676
-9.86659
6.15506
-12.81240
12.56385
2.26337
-5.27059
1.96021
-0.06320
-6.39724
6.08243
-4.91151
-0.69194
-10.56353
0.14732
17.44850
-2.18008
-5.91011
3.04729
0.13667
-3.41249
5.17666
-4.21991
8.27205
7.65740
1.20793
12.61742
7.47571
1.08977
2.73423
-6.64048
4.20227
14.50745
1.36216
4.83322
-0.19409
-1.63306
5.82904
-2.34054
-12.73365
-10.18396
-7.72477
17.27206
-4.29712
-1.58432
0.19946
-2.10458
0.82216
12.82979
-5.62277
-7.72858
4.57652
6.32077
32.36888
10.22673
12.79248
11.51539
13.28153
-13.89914
-0.07030
1.39426
-13.10308
11.52784
-6.18723
-1.41226
-0.02070
-13.81918
-21.87624
-20.19554
-23.49318
29.93122
-3.62185
10.70789
6.47073
2.66209
2.13402
0.70391
3.58977
11.00866
-11.25319
7.73283
10.32694
-3.11836
10.77124
11.99780
12.00165
12.46370
-13.64174
4.51178
13.46655
-3.27357
-9.13113
-13.91293
-15.71477
2.15897
-7.14821
-4.21215
7.63181
-12.83055
12.47235
5.17200
3.25694
-1.34201
9.11551
10.06650
-11.46863
10.61309
18.39625
-5.05933
6.53625
-3.61065
14.80077
-4.18837
21.59964
-7.54279
-1.47065
2.80479
0.27198
10.98659
1.64311
-4.63552
5.99322
17.76453
-8.55032
3.71383
9.78241
3.05336
-7.53833
2.96868
16.36985
-2.26423
21.66609
9.43084
-17.27676
0.94163
-4.41178
-13.32691
5.61422
-7.53906
-0.49584
3.45619
3.78497
-8.18631
4.04866
-7.28146
-12.06776
1.57814
-15.49107
-20.13622
4.35931
-11.87741
1.05259
0.36123
5.33138
2.41208
0.55318
-2.91328
-2.56894
2.63100
-0.62730
3.79181
3.00067
13.81189
4.45107
8.77399
-1.96014
2.41484
3.61844
1.51120
1.89277
0.27386
-2.42923
-16.25073
-16.40185
18.51944
5.09827
2.69504
-23.53187
5.09718
-7.30645
-0.23854
-6.98230
6.59140
29.85231
-8.97704
0.79766
3.00866
-11.19357
-17.24194
1.49585
2.56600
-1.41025
3.35847
-5.76946
7.50264
-0.21121
-4.00559
0.79609
10.34889
-2.61393
27.73185
12.59773
-5.69590
3.27309
-8.78092
3.70864
-12.87651
-5.47115
-8.99692
-10.91774
11.98130
-4.29585
1.38249
-3.40739
-1.69238
-1.69344
-2.40915
7.57348
3.43205
1.34962
-7.50773
-8.66097
5.53559
3.77951
-2.41505
8.29339
5.11697
-10.89217
9.97686
-2.80888
-7.63243
4.92972
-8.77092
-11.28210
4.60146
13.24704
1.67128
-3.46808
-11.90083
30.66662
-11.00959
-2.39670
-13.06757
-3.73693
-7.85967
4.78437
-6.00756
7.76871
-12.64820
-1.79773
0.39230
6.78271
-15.78627
-6.33896
-10.08375
-3.88593
-6.51043
25.90087
3.65045
3.95427
-4.29899
-3.42668
8.84284
4.61237
-2.45488
-2.43204
5.09413
-17.41912
16.83328
-0.58628
-11.18294
-1.19309
7.77220
-3.04448
3.02331
3.54855
5.21848
1.11471
3.37151
-6.02511
5.10349
6.89644
-1.79644
-7.82070
9.78404
5.92129
-5.60277
3.48265
-2.12048
-1.47161
5.89576
28.90270
-2.73055
-4.82766
-7.03523
1.16651
-2.17984
-4.48084
-13.74771
-18.00544
-11.17352
0.32992
3.17062
5.39104
13.20041
8.05539
-2.31190
-21.82894
0.40175
4.15959
-12.06991
0.05761
-10.50653
12.03452
-14.64358
-1.23702
16.40629
-7.95549
-7.00390
-0.37904
12.17413
-5.66810
4.04132
-4.46250
3.78765
10.72446
5.33503
11.59580
21.19029
2.86988
12.20718
-0.59164
10.86911
-13.97980
7.34605
3.27583
6.68633
0.32034
-12.03025
-18.91363
3.18878
-2.15896
-19.51185
15.99165
8.34415
7.87718
-2.63569
-20.02834
8.18639
2.12199
4.73551
1.17324
-15.68367
-3.63923
-18.50297
-6.65764
8.48569
-2.71294
7.31395
-7.18202
17.75732
0.68819
-1.98056
-2.60758
-3.10454
-2.04010
13.28230
15.19204
9.81072
-4.29612
6.48759
-10.77373
2.41189
-2.90295
-15.84022
7.85646
-3.91510
0.33890
-10.62878
-0.74473
-9.85320
-6.37716
-15.57162
-6.83550
5.07278
-1.31577
-14.39693
6.29234
7.50835
-2.44384
-18.64375
-6.37035
-14.97279
12.03041
6.57958
13.10125
-8.04640
9.44602
12.01110
-4.19133
-10.47880
5.06482
0.49949
-9.51378
-11.56987
-0.07693
-0.26231
-12.11177
17.76108
23.08516
4.05840
0.90295
-3.81520
1.84949
16.93957
7.41393
5.07652
-7.82444
-1.56875
-9.81581
-4.56047
-1.53819
-7.38282
8.02399
-12.67976
-17.31310
4.87416
19.79494
4.53483
1.76130
-4.84251
-5.93775
-2.91824
-7.55400
2.46394
-14.03076
4.18479
0.68441
-1.29495
2.22025
4.58348
-16.48057
-0.40947
2.53646
19.98016
2.50218
-5.72651
1.77568
-9.67724
3.78045
0.58990
-8.45489
13.19723
-5.35041
-9.44186
4.30768
-4.65223
5.32594
6.07237
-5.15196
-10.71029
17.57588
-0.00441
-13.17599
-1.27037
19.95007
0.49376
3.49124
4.48801
3.25921
0.14297
-12.26260
-7.64283
-18.32904
-5.26212
-7.33092
8.88884
5.87855
-0.94965
-4.95785
8.35129
12.11189
0.80090
-16.89004
-0.90989
-1.69224
-12.21138
-15.99288
1.55634
14.11154
3.79113
-1.24439
32.53423
-4.11398
-19.52216
-7.99918
-4.43687
-14.20979
-14.84464
3.44359
-9.54949
-5.17386
-9.48985
5.55410
-0.99366
17.44449
-1.68792
-7.98933
7.43229
2.20988
21.28406
-3.37460
-12.64495
-10.31833
8.04111
10.67172
-17.18075
-4.76381
0.06672
-7.33446
-2.37413
12.00182
2.03232
-11.03261
-7.98004
-12.10451
9.81722
-9.11049
-1.02744
6.98011
6.68776
-6.65445
-4.23942
-17.52075
4.92028
-3.22427
1.35132
-19.83201
-4.86528
5.07618
-7.78924
-9.76508
-3.38577
-16.89558
-1.83522
2.71354
-12.78491
-2.51256
-1.09642
-2.35602
-4.23558
-18.51163
-5.63399
6.55673
-1.57173
-0.31179
6.70318
-0.74257
-6.64818
9.69188
9.29282
-2.29608
-1.65680
13.45709
19.33625
12.91698
-9.29869
3.98697
-16.18605
-2.04825
-4.95791
6.77884
15.37021
-0.50800
-9.37157
10.03978
-5.90708
0.78987
12.19610
15.18246
-1.18491
-11.60409
-3.62332
10.74281
-5.49362
0.31326
11.49319
8.43208
3.53387
9.82901
-3.19323
-7.62640
-3.64230
5.06830
-3.04147
7.97577
8.17563
5.04899
-18.24496
6.77627
0.15831
17.98236
3.93581
4.91388
1.17665
20.86119
9.42346
-2.62021
8.42005
-8.28463
7.48086
-0.39603
1.26362
-7.15245
4.47835
2.42826
-15.41270
10.12403
12.10300
5.89963
4.89859
23.15232
-4.25848
0.88869
-12.68645
-9.36610
2.35783
0.15130
3.39313
0.01831
-0.23486
1.22067
11.91583
10.53026
-10.14727
-5.77348
-2.23995
-7.68326
15.66951
-7.27331
-0.53197
-1.54715
-4.59041
13.63880
-7.73543
-5.32216
-0.69998
-14.13180
8.02887
-2.19397
-22.38736
-14.25657
9.43861
-13.47052
7.82055
10.69344
-8.85263
9.79431
1.18980
2.83933
-2.89354
-9.66587
18.34657
-3.68274
8.36478
1.63308
-15.19938
1.73071
-3.87466
-10.05763
-25.04531
5.34739
-3.63334
5.65970
-15.37876
1.67960
-9.18555
1.10089
5.56230
-2.56222
22.44205
-8.79017
1.86985
0.41971
-7.80646
13.79021
7.33703
-4.52206
13.73380
10.85452
15.15289
-0.38206
-1.63915
-11.06782
6.97881
-4.98424
10.81730
-5.75076
-0.46718
10.54110
7.47277
7.65261
-19.92115
10.48857
16.82526
-4.12250
-8.63688
-18.23663
6.00178
5.10213
-0.29395
-1.20106
2.26094
-7.89381
-0.01141
-9.41408
1.55848
13.50560
12.72442
-8.89478
10.32215
-4.35000
4.87765
5.99860
-17.60447
10.26878
0.73735
2.57746
-10.03121
0.13771
-3.10227
-6.51200
8.91097
-7.62837
-13.23968
2.21185
2.12652
-7.15205
3.35988
-2.60987
12.96768
15.23503
-4.64879
0.75805
3.18513
-6.02205
-6.45181
2.31453
-14.21327
-11.13316
1.75655
3.65281
-3.96126
-15.21268
5.76759
-1.93987
3.18174
8.34399
-12.13112
3.65390
16.09279
-3.77512
6.10805
11.91219
10.31472
-9.23484
-18.49557
21.37806
11.05740
10.59872
-6.67342
1.38344
-4.16774
-11.95745
11.13193
9.71195
-17.50633
-9.36949
17.77853
10.22065
11.99599
-4.79253
-3.66112
5.63258
4.68355
0.39881
1.71297
-1.52533
-5.58973
-8.80670
0.24545
-9.00690
6.55708
7.10810
-4.29069
2.76242
-6.97643
-7.49297
-18.85393
-0.35972
-1.30203
3.67516
-5.07572
-18.82520
-8.52657
3.19833
3.85326
6.24217
-14.58914
0.20253
2.22286
-2.80468
-23.26652
-22.51743
5.22747
-5.02924
1.91848
-2.11987
-15.63243
-2.13885
-1.68992
7.34979
-7.17506
-4.98486
14.65747
-2.54003
1.47936
6.30192
7.87190
-4.78420
-6.56130
-14.49909
-1.21313
16.24084
-3.42135
2.12225
-13.18770
0.27180
4.02785
-12.39040
-5.66302
-6.52658
0.45304
-6.48744
-6.09922
13.96293
1.71892
-2.85020
8.26322
12.23495
-2.58968
-9.53061
-4.79306
-7.18915
18.04572
0.42071
4.64039
-11.35510
20.74048
0.60399
-3.91791
3.41948
2.58577
14.65127
-4.52167
3.25394
5.03865
12.95201
0.57974
8.16615
6.40496
5.61179
6.18586
-14.47637
14.21183
-0.46367
17.08014
3.40167
-7.96925
6.04402
9.22804
0.74854
-4.49480
-10.73671
10.37516
-0.15495
10.14791
-3.75666
14.66429
16.43577
-8.96551
3.33159
9.93919
2.44747
10.79736
1.99087
17.59975
-14.84435
-9.60566
19.53580
-1.91178
10.70306
-2.97557
-22.88790
9.75614
14.08582
-3.09261
-4.67582
-4.23759
-6.05593
-3.73668
0.00584
12.17971
10.90600
5.62216
-9.16002
10.08428
0.31928
-25.45280
1.53483
9.10936
22.63453
-9.55374
0.57088
-13.77711
2.54671
-5.36994
-3.24497
-2.94276
4.30732
-7.07411
8.03022
-1.40294
-20.87493
12.68367
8.21532
-21.09836
-15.31379
16.69824
2.14521
14.24539
7.40002
3.13526
9.51623
-14.15764
-5.43627
7.52910
-8.13059
-8.54650
9.76375
-1.16570
6.43160
-13.34797
9.13865
-12.49848
-18.65690
3.25179
-2.36158
6.36524
-18.34858
5.44616
-9.17661
-16.77675
4.55371
5.85333
-15.57782
-1.58278
5.19889
10.85599
8.84284
5.76631
12.22718
-2.62493
-15.50568
11.75273
-10.94045
9.66652
-2.41236
5.20097
12.30504
-8.74923
-2.03912
13.73592
-0.85178
-17.74644
-12.06502
0.73085
7.39217
-22.07790
-28.20966
3.29769
-3.33990
1.73944
7.62058
-3.70740
5.48865
-11.94488
-2.48095
13.90616
-1.51650
1.10927
-1.73370
-0.83467
-1.62802
8.13594
6.40394
6.94328
-3.52926
-12.65791
7.31616
-0.02285
-2.72540
4.72929
7.88090
12.65550
5.29538
-8.39844
12.64404
-2.82886
5.03356
-12.31934
-16.44403
-6.80587
-12.35520
-18.74053
-15.50702
-3.57630
7.61518
6.19386
17.81297
10.84509
3.79784
-10.52793
-1.40641
-4.57426
-0.93930
3.45161
-14.52013
-0.45336
7.92701
1.44007
5.94500
-15.68555
0.56138
17.19656
-9.90935
11.78408
-9.91132
-11.32442
-4.95052
-2.45625
-0.35105
2.26268
5.82747
2.51424
8.45266
-3.55788
-9.78469
-6.89083
8.97639
18.27836
-6.23153
8.48802
27.52793
-1.64687
-0.24516
20.73186
3.46781
2.49713
-3.70367
-1.34929
8.11143
-0.72669
7.06129
-9.00112
19.93469
-15.16444
11.31809
-2.36399
-5.47415
-3.46569
9.21956
-2.20473
-4.93424
6.83673
-0.18536
-17.80183
7.30729
-8.85333
-0.98718
24.67909
5.64143
-8.06715
9.97893
7.84100
-2.39704
-3.54730
-5.50151
-5.55794
3.55410
3.80036
1.05423
-0.71358
-8.35240
-8.53423
-0.44495
-5.85316
12.88559
15.86144
-12.65447
1.84683
1.92068
3.25809
-4.17673
1.91034
-3.42413
3.67586
12.14544
0.84405
-7.09862
-2.86762
-2.96031
10.15145
5.73707
7.37773
16.72832
-4.80360
0.73612
-0.25930
-2.50348
10.43174
-5.27450
-10.97740
11.25236
4.15512
6.48137
1.23101
-4.92064
-4.10541
7.90255
22.93769
-6.52777
8.81008
10.08876
-4.25311
-8.37113
-15.63395
-2.85276
10.87695
7.20954
1.06313
2.97454
-5.05730
5.60798
-6.14750
0.66415
-6.75274
2.81418
1.17025
-4.72810
-3.77318
-18.19038
19.58506
-15.63737
12.62122
-7.31839
-16.02478
2.48895
-4.62481
17.31597
-3.62469
-12.69150
9.60045
6.94294
-4.27232
7.25228
11.49698
7.43827
-5.78098
5.82524
-2.79692
18.94621
-17.34918
-7.46241
26.10376
-4.68713
-12.62724
-11.11359
-1.29155
-9.32705
-0.00081
5.86447
-11.37645
-21.19108
13.80492
14.43461
-6.38920
7.44117
-5.44135
-12.71713
-25.06690
-10.39393
29.13057
2.10917
-1.86734
17.64392
-3.85019
-14.38528
-5.35284
10.15952
-6.67513
-3.44037
8.67979
-3.67479
-13.13990
-18.16850
13.07772
8.01735
-8.69584
-17.14553
5.69817
-10.87690
12.41207
-6.85919
3.39267
-8.19987
-3.14521
-9.37645
14.23374
-6.15246
2.87908
12.73774
-2.58589
-6.82121
13.35318
0.40264
-5.75308
-5.60055
-15.04874
-0.10394
-0.95505
6.26901
-2.33008
-2.92096
15.00962
-17.75890
3.76092
-5.16952
-2.28168
2.95161
3.49300
4.05506
-2.48941
11.02271
-6.35238
-3.39936
-7.42571
3.01609
24.42713
-5.98253
0.44156
6.02198
16.76725
-3.79999
2.46436
-11.67169
-9.42194
-5.61474
-5.74524
-5.97624
5.31518
-6.14269
3.23485
-9.06518
4.34868
-10.45883
14.45821
-5.58513
-5.02550
-1.73330
-8.62634
1.50080
-0.80150
-5.24826
7.46782
-17.79008
-20.13592
-7.14487
-4.53187
7.70076
2.40898
15.86858
8.82789
15.42534
-7.20740
-18.29067
3.26735
2.28199
3.78157
7.35995
-2.42516
15.27787
-11.65710
-3.34873
7.03710
-15.42316
-5.50423
-14.94282
5.72675
0.58825
2.70689
1.71645
-22.22191
7.16828
-4.81361
7.40156
-8.39646
8.35625
13.21854
4.61938
-1.16118
8.52733
-4.12173
7.42319
-6.72870
-3.45133
-2.78860
6.75534
1.82501
-13.90343
12.61122
-16.82672
-11.87977
-15.49764
-9.75755
-2.31812
3.55282
2.03112
17.31796
-3.76424
3.96812
9.32622
-0.17057
5.66123
4.60481
1.69129
-9.74701
10.06387
-14.49534
-21.18477
-6.86138
5.82174
1.99682
-11.99741
4.57818
5.51046
-8.90088
-6.90827
-2.73087
-19.14631
-0.52975
-2.90061
-2.02878
-11.04916
-0.02823
-20.03100
-1.48089
-5.30732
7.58245
-12.13133
-2.24727
-5.50565
6.43730
7.10081
-8.27616
-9.31903
2.28917
8.03405
-8.62461
-12.12256
-7.34733
-5.97867
-4.23252
-4.25249
4.47056
-2.44179
1.40561
-8.56312
-11.78403
-8.47206
8.11530
-4.80036
1.22326
-6.03390
1.90168
15.86551
-3.69521
-9.03929
4.00230
-3.50556
0.79466
11.57973
3.58540
-4.73724
-0.61862
-2.08262
-3.26393
-6.55701
-9.14595
2.37821
-2.06396
9.68620
10.16741
-11.58383
15.71613
-22.05596
-11.33731
12.58018
15.85035
-5.54133
-0.08236
-1.48602
1.39208
-3.79409
-26.93958
-11.76165
-8.67314
-10.44404
-19.12460
11.29125
-4.88191
15.77168
1.32852
-7.21603
-0.72841
-3.25728
-3.39397
-6.79697
-9.92196
6.80900
-2.54368
8.32576
-3.73755
21.47113
0.80526
9.66399
-4.85279
15.46443
-2.87362
-3.71789
1.59850
-7.08693
7.77838
-14.39484
-20.21819
5.32390
-11.88933
1.47679
8.39060
-12.86573
-1.14981
-6.48591
-5.87882
-5.81320
-26.77819
-2.62149
10.32221
8.14788
7.92386
6.60682
-2.68255
5.48492
-3.74321
-9.40530
-5.75774
20.22532
3.41145
-6.07293
-6.44029
5.41061
-11.42720
30.02278
3.76369
-18.16449
15.67102
-3.70797
7.42763
-2.25954
-9.08841
-6.09351
-21.41149
-3.93217
-0.22001
0.02943
-11.62141
-0.94963
12.60705
18.53971
2.58452
-3.73899
8.67815
-18.98333
-3.72774
-10.21917
-1.50318
8.32628
-2.59887
1.57302
-17.02072
3.68720
6.63597
-8.63634
9.10230
-0.46338
-2.43091
6.13135
0.75266
5.03934
-6.11897
-11.19174
6.13975
-13.13920
14.53034
8.65536
-14.27835
8.12193
-8.00765
9.28568
-2.64661
3.66961
4.11043
0.80651
-19.85626
12.03018
-23.15639
-12.66245
0.99149
-9.90455
-9.77706
0.74707
-4.93808
2.23095
-16.72865
-6.21718
14.55812
-5.50984
-0.30838
7.89237
-12.47318
4.42773
8.75381
3.00711
11.59676
-12.46283
7.13585
-12.57033
6.37566
-3.96712
-8.63944
16.05204
9.86291
-6.98914
-12.95683
19.44981
-14.05668
-9.81982
-13.65087
-6.14189
8.20513
5.81877
-4.56902
-4.67837
-17.29252
-6.03369
-3.65979
-14.77255
5.85449
-7.02748
-2.97021
17.12738
1.84113
-16.39472
2.73243
8.01517
11.62665
0.07501
4.90186
4.45357
1.93331
6.58585
13.88441
-3.21393
4.96066
6.07477
0.64779
16.13713
-3.64156
-8.76078
-14.45271
-11.98649
-5.22613
2.22749
6.38953
12.38299
2.98443
3.74990
6.25972
-0.78034
7.16850
10.23004
2.47328
-8.95279
-0.54380
4.09865
-8.12042
4.12598
-4.37409
-2.64516
1.80115
10.76233
2.33946
1.33794
3.65922
13.94667
-6.88342
3.84707
9.57846
-3.17752
-9.46637
2.42398
3.67368
-9.39880
14.68800
-0.05977
-4.65754
-4.18571
-10.09052
-11.06928
-9.37235
-3.39037
-1.66218
12.67781
-10.61791
-8.58937
8.25176
-13.57725
-1.18929
3.70083
-3.68004
5.54244
3.57641
8.42821
-6.71978
-0.31822
-3.28821
6.51297
0.37288
-4.87513
-5.63577
-6.60741
22.23637
10.87001
17.26925
-3.78457
6.56877
-5.81094
1.93409
1.60669
13.63804
15.88848
-15.43508
-8.94494
3.81409
7.92873
1.41765
16.91204
-38.27571
-11.19775
-5.72396
6.25816
-6.15612
-12.53800
-2.66589
12.31515
-2.79006
-11.72388
1.85297
15.48222
-1.48394
6.50712
6.45854
-2.30507
-3.82723
-2.07817
-16.80746
-10.30891
5.66470
0.71544
1.33420
-1.74682
3.60573
-5.20228
-10.17410
0.76846
-4.46032
7.86995
-2.69579
-13.96843
-1.00184
0.51405
9.13449
16.82632
1.92880
-7.25537
0.24128
-2.63146
3.97758
2.70944
-18.39754
-3.55698
-2.87467
-10.24994
-9.33990
15.82471
-0.31406
18.42559
9.67631
9.33042
-1.10836
-3.75719
-7.40003
-7.29099
9.90293
-17.79239
-2.04476
11.68742
4.31884
-4.06906
-9.67422
-8.66881
0.30224
-11.88932
-12.39094
-3.53337
8.06660
-2.54804
4.18188
22.17776
3.51570
14.75659
12.63318
2.99007
2.74718
15.14522
-3.88352
-18.54863
-12.89124
-7.52882
-3.65180
-9.18589
15.43103
-17.32078
14.83665
3.79458
-8.17950
-20.19374
5.64415
-1.60825
-12.10952
9.34382
6.77951
1.86015
-1.77676
0.27457
-5.27957
-3.01029
0.55356
3.85665
-10.17172
2.04653
-10.46511
10.40393
-3.33555
14.86360
-7.38064
1.27973
-1.01269
7.56362
13.93948
-9.67494
9.84176
2.82198
1.01309
-7.16937
-1.65254
0.40448
-14.87806
0.00589
-4.97780
6.34311
-7.26962
-0.27350
-6.49792
-13.75370
6.09268
1.37383
-5.91225
-0.25958
-6.63397
-6.63264
3.07625
-7.54168
10.36425
-3.47434
0.34200
2.34077
-1.97389
7.13680
9.35799
-7.49174
2.03402
-5.68638
-8.66093
-1.88529
-1.46550
8.41362
6.54232
-5.55743
11.76195
6.59544
-6.33116
-1.94838
8.23743
-4.79000
-10.66197
6.62350
-12.07250
-5.12719
2.47567
10.63118
11.24961
-28.46442
-3.44612
16.48539
-19.13978
-0.55104
0.71883
3.28043
9.79164
2.13878
5.64749
-13.08952
-2.03263
-3.44823
-4.61388
0.43214
23.10747
-12.12147
-3.27054
-16.72197
15.49597
-10.16794
-0.73482
5.62174
-6.57675
-8.77616
1.80843
-10.74582
5.23331
-1.18793
-0.61225
10.30027
5.25988
-11.22797
-10.36641
4.46206
7.26925
19.13185
-10.64950
-11.42350
1.28704
11.44954
-25.01649
4.08540
-5.65787
-2.10843
-18.57569
3.11796
-4.19685
-2.33702
-0.66775
-0.37308
3.97409
-0.31710
22.63620
-11.53524
-13.37478
-2.55553
1.06450
-11.85087
-4.41133
19.31039
14.23809
14.65880
8.82549
7.00349
2.01861
-8.39652
8.77895
-12.31327
-5.60075
4.51009
1.80118
-0.71476
9.64170
1.17723
-9.73297
-0.59548
-5.90123
-7.08263
4.13559
-18.53128
-6.41036
-1.68795
1.07564
-22.32508
-7.08877
-12.57366
-3.44430
0.00824
-3.02936
7.76361
9.85066
14.13541
-1.39428
21.05589
-12.11851
4.16202
-2.54992
9.83637
12.63411
24.59354
-8.50884
-0.21109
2.73094
-4.10958
3.25464
-3.90708
-3.88932
4.08480
-10.06113
0.26275
-9.10926
-13.89646
-8.54667
7.86884
-0.32965
19.85229
16.52723
-3.23367
-2.57036
-2.01539
4.54614
15.92680
4.05266
12.06594
11.36050
8.21875
-4.54576
-17.88877
8.61830
-11.22833
-16.97546
-7.99558
-2.78751
-0.61040
-5.17597
13.01889
-5.69771
-5.60624
-10.13664
3.80486
-3.02153
17.24192
-10.68953
16.16485
-3.84964
1.35992
5.14644
-1.83248
10.72074
-5.41509
-11.34199
-2.35820
-3.40793
12.89154
3.86505
0.38155
4.02621
-10.36370
2.19381
-13.29182
-19.40567
13.34208
-7.20145
6.83227
-4.70108
5.98964
-1.58468
3.80072
16.62992
-0.51563
7.61621
2.94953
9.73682
-5.56172
-3.29029
1.74321
8.24972
0.06695
9.72238
9.90254
12.94790
3.64765
-4.99239
17.92443
-2.84708
28.36520
-9.72859
-0.74058
5.14780
-10.58675
-5.96242
12.22912
1.97908
-8.29956
-4.25096
-26.19978
-0.04987
-0.22461
-8.85994
8.49522
-6.94368
-11.85675
-8.11029
3.99914
-2.85809
-15.10765
-4.83945
6.72486
-4.94045
3.60903
3.24095
-10.34584
15.88655
-10.63657
2.82669
3.89569
-11.05315
3.07535
-8.61970
-0.66198
16.48632
3.36453
-6.27320
2.31786
-6.88626
-0.63747
-7.78491
-2.87455
-4.31575
10.98857
16.64852
18.96929
-1.42948
-13.27448
-0.65248
12.31323
17.90321
13.29842
-3.67587
-11.64915
10.54536
-2.55331
5.68918
3.21817
-7.82697
-10.47079
1.95730
17.65618
-14.55035
3.17989
0.62446
2.13088
-4.55135
-13.79721
-17.68434
17.30256
-14.21365
3.66964
2.82723
11.04427
2.03796
10.41843
14.90632
3.72506
15.90586
18.53370
-5.35225
-8.66988
-16.23873
-2.26304
8.02292
-5.83458
-11.99006
-0.35657
15.69691
-14.34567
-2.93620
-14.71693
-0.56580
-0.64455
-5.88013
3.36563
1.06344
4.47148
27.63573
4.01180
13.91099
2.02534
9.14021
9.81550
-17.63340
0.81565
12.74872
3.69993
-0.36407
-12.05024
0.76513
0.48633
-19.84455
3.64920
7.60395
10.48180
1.45843
7.21412
4.43442
-2.62026
-4.19520
-5.29802
-9.55793
0.15046
3.53149
4.10642
8.77366
4.99616
29.48099
-12.29916
-13.00815
-2.95161
-16.90641
-7.44191
-2.82388
-0.51854
12.83062
-11.11850
12.19052
-2.57111
-6.82142
13.12826
-4.10509
-19.86655
-3.72175
-13.74214
-3.56757
1.73632
19.78920
4.26496
-6.63360
10.85908
5.98118
-11.67336
2.69847
19.96957
-11.72117
2.14249
-13.09541
-1.90392
9.52216
36.68403
4.00495
0.64359
1.76802
9.80998
-1.09087
3.00626
-0.90270
17.84184
-3.45434
2.58307
7.33798
3.50268
6.23373
5.96108
-9.14769
3.88233
7.29032
-2.98476
20.64986
-14.18677
-1.71510
5.06137
-4.35470
20.24620
-15.89095
-13.52975
-9.52206
9.81589
-3.02520
1.99050
9.66531
-10.09886
-4.44471
9.88616
-3.86527
21.61829
1.52498
-6.35613
12.64250
11.55417
9.37286
3.31710
-2.98596
2.67173
-3.22230
25.40437
1.82066
-10.99473
12.81272
-3.19480
-23.45326
14.77825
10.08846
4.38422
4.23537
8.61263
-16.34631
2.67631
9.92147
-0.97225
-15.07262
15.57111
4.21569
1.59858
0.19502
-6.31230
-1.40720
-3.90924
10.09135
0.49678
0.89919
0.41099
-4.08507
-4.13956
19.32121
9.71870
1.79318
4.14475
-21.21308
6.99384
-20.03883
-7.11179
-1.09446
3.98639
14.29187
-13.25128
7.72002
2.94814
-4.25350
-6.95628
13.56913
0.17848
11.33802
-5.48443
-1.88039
-17.80734
11.57375
3.61631
8.74315
-17.20971
-24.22545
-0.72261
-7.84126
-8.05720
7.17226
2.07462
-16.88323
-7.59365
-13.77209
-14.68678
1.55583
-12.62318
-8.16020
-0.76158
5.40882
0.29533
-2.74716
0.45568
-8.43814
2.42683
-19.44813
5.41068
-8.98013
-14.35125
-8.07793
-15.79337
17.60620
5.22102
9.55051
-2.45332
-5.00718
15.50750
-5.75123
-1.32635
-4.45093
-13.74872
23.42776
16.60391
-14.44851
18.49811
11.08125
6.15133
4.52564
4.60491
-1.24153
20.70475
-2.33592
2.79016
-0.27249
-3.26677
1.33459
-6.12389
8.11333
-2.32315
18.63792
-12.97915
-2.00627
-1.26973
6.86857
2.71893
7.04320
-11.19323
-3.98360
-16.58400
-7.66374
2.20388
5.49527
-4.14564
7.71877
-5.29722
8.25634
1.28418
-11.53378
4.55958
1.21403
-16.64094
-6.43254
7.25013
1.47213
14.95048
-7.01988
-1.77391
-0.49490
-10.84666
8.95458
-7.11477
0.65399
-17.00032
-4.17723
-9.25587
-8.36287
0.86365
-10.15975
5.78113
-0.18755
-4.35487
12.67772
-9.41943
-10.38214
-7.88177
-3.38619
-4.99111
-0.05815
-10.23975
5.55384
8.54771
-1.27448
3.34093
2.61168
-9.26746
3.89279
-7.80471
12.10913
3.50619
7.79487
-0.22514
-3.39999
30.59807
9.05414
7.22353
-8.87644
0.22197
-16.68960
12.47867
-2.33960
-0.29091
8.05386
6.14424
3.25377
13.23964
-17.31645
1.10141
7.67635
6.87813
-12.08672
-6.61078
14.79295
-9.72651
-23.18409
-12.97951
-7.93487
10.40086
4.72134
2.64724
-2.78203
3.43423
-1.51882
-3.05395
-4.50753
-7.37950
4.97726
2.94194
5.49094
1.91662
0.38402
-0.06592
-9.32810
1.92555
4.56748
-4.27294
-1.67425
-9.57621
-15.10133
13.73160
-7.47744
-3.06872
-4.94408
8.81652
11.50896
13.36035
5.17518
10.04207
-3.27620
-5.87597
8.80233
-8.39498
1.21428
-15.70872
7.08921
5.52802
18.06530
-14.95201
14.61133
10.78165
-0.15250
-7.27299
-16.21127
5.49108
7.86734
-0.36075
-5.14588
8.75288
-4.24890
-13.54958
-26.23500
-6.95175
18.53315
-9.28057
7.10242
-3.33365
11.80933
16.63091
-5.00631
6.09661
-7.29572
-2.99019
17.52778
-2.66321
-1.29065
-1.41635
-9.78505
11.95542
-10.43239
-6.60024
4.26149
-10.58225
-16.84900
1.60530
-11.51296
4.87362
19.36505
-2.14755
8.75121
11.75347
3.40683
5.04149
-4.70666
9.46559
-7.07421
10.47709
2.27425
-2.68432
-6.51541
3.31625
8.38113
28.48482
-2.05501
2.86807
-2.76664
9.81208
2.46767
17.20247
-0.88906
9.31347
1.52109
8.77967
-9.82776
-8.56926
15.88650
3.54917
1.20887
-14.30123
4.93575
13.18543
4.51797
-7.92931
-6.49988
-6.99715
-4.20044
2.79122
-4.51573
15.07284
-1.04097
0.34544
-9.16229
11.16433
-4.98467
-5.06125
-13.50507
15.32984
4.37126
-14.24771
-4.73794
-4.58498
-15.44907
2.34450
-9.66193
-11.96179
5.65034
17.77750
2.11431
-1.81188
-9.93068
-1.37009
-5.88875
-4.54337
11.53328
1.58891
6.61879
9.18850
-0.50044
-6.35198
11.86294
2.73891
3.86207
-0.31675
12.61170
-12.75006
-5.02626
-6.00057
0.27878
12.85311
-1.29912
-0.51532
-2.41048
-3.52844
-11.25397
-12.32990
3.66136
-10.02377
-3.00816
4.92455
-1.54771
5.05310
3.83845
9.51236
3.69591
6.72304
-1.88434
3.16633
-4.53006
13.86442
8.04578
13.10958
4.12163
14.65731
-9.39893
-14.21307
-21.62873
-9.99995
5.25048
-19.06611
-3.47125
0.84520
-15.87951
-5.90804
-8.03200
3.37419
9.14547
12.43147
-12.48100
-13.98199
8.80614
2.79943
-7.39495
1.94986
9.44441
-1.01156
1.64561
22.66744
0.97484
3.37864
-1.68726
9.36927
3.04774
-4.10110
-1.36287
-13.74981
22.21904
3.41902
-0.87946
1.55130
6.12605
-0.91062
-6.94946
12.01316
1.04617
10.93662
-9.56957
-2.93871
1.62720
3.10952
-11.15691
-5.15729
-1.81840
8.10488
-1.27859
7.98350
7.58266
-3.22482
16.78745
17.62454
-3.94271
4.84926
-10.74868
2.47678
10.65647
4.79306
4.00283
14.56174
9.14399
3.92705
4.89389
-6.42702
8.89636
13.36746
0.85164
-1.40040
-6.68564
-4.51715
-5.45209
-2.56233
-12.83977
7.62662
-4.21023
-7.08710
-4.09614
16.53178
-6.95452
-8.62404
12.76381
-6.86959
-14.09327
3.42410
3.57005
4.03066
4.84018
13.15502
-10.38667
-1.63378
11.93832
8.55428
-4.92502
-4.01479
-11.55838
10.96289
-0.85872
-2.92493
19.36100
-4.99106
-13.50269
-15.39441
-14.62431
17.93040
-7.98724
4.19914
-11.73896
13.81336
10.92264
-8.30965
3.38069
16.90068
-16.94521
-15.42390
-11.86612
5.84291
-25.04530
7.28416
4.49124
-8.64652
-2.14785
12.38121
2.33732
-3.29925
-0.76269
11.83725
-4.69113
-11.98642
11.03440
1.03541
6.97259
4.95052
-3.38297
-6.50396
7.01614
3.95587
-2.11443
6.50554
1.02295
2.25431
-3.19138
8.55452
-6.42193
1.79492
8.98418
7.34979
-5.84373
5.66398
-1.24988
21.10099
1.85945
-31.00652
-4.87638
0.53529
2.31752
-2.97845
7.36247
5.12979
-0.77700
-2.84129
-0.04953
15.57601
5.69023
17.25866
10.50024
-30.57192
5.81025
-0.62647
8.40064
-1.24531
-9.84098
8.12414
10.36544
-10.41828
-10.20741
-15.12895
9.47088
-10.08913
-8.91119
-8.35908
10.28751
-5.71258
9.24234
0.28364
-8.34080
-2.46499
11.17572
2.31463
8.15287
-11.89410
10.58247
7.24994
0.55195
6.34873
-5.17115
8.32446
3.97629
14.30881
12.41424
5.08445
-19.18383
-1.36538
15.07547
2.19182
22.36095
10.64182
-10.72041
6.45280
6.74922
-9.15730
-2.86407
15.12012
-9.43012
4.71075
20.25869
4.87781
-7.63207
-0.56136
-5.25642
3.50867
-23.30184
7.33893
-2.29784
-9.12798
-17.48969
-12.74298
0.67422
-13.85877
-3.78059
-5.26549
-7.19743
-12.06857
15.53118
-11.49885
-10.47445
4.32613
-8.20861
-12.78738
-11.60497
-1.72536
17.24949
0.19471
21.11363
6.15141
-7.75430
-20.46173
1.19807
14.37778
-22.92025
-8.94233
-0.18564
-3.13792
0.04522
13.22402
0.84334
8.43431
3.83088
-6.19793
-2.06279
1.79509
-13.63345
-15.99446
6.31358
13.85628
10.18556
-14.86033
7.81863
8.24272
-10.24025
-1.29401
14.05339
4.10865
19.90460
-7.46669
-9.81123
0.07117
5.88528
7.51253
-9.45310
-2.83428
6.55653
-5.41004
-15.44870
-15.48283
-15.78355
4.68410
-3.16489
-0.26048
-9.56517
-12.07438
11.41898
-3.79100
13.49033
-1.96602
9.12760
-2.72215
-6.78091
8.03441
7.99018
-15.76263
-0.23874
1.02901
0.46701
10.93768
2.55991
-11.91155
7.72604
-6.69176
-7.00397
-10.18265
-15.61756
-16.58962
-4.54053
-11.37392
9.90475
7.34355
2.90520
6.80506
13.57604
1.18876
-3.63517
0.18465
0.83124
-7.82895
-9.45202
-11.61965
-6.42160
8.41285
-2.41359
5.65639
-7.93488
0.51348
8.91452
-3.72062
5.25276
-3.65878
9.09094
14.84987
-1.03293
8.74604
-4.45454
-7.15141
5.08732
-17.58716
-12.47462
-18.07509
-6.20418
-10.72426
-5.58812
9.35781
3.38432
0.87513
8.90446
-17.32842
3.07358
-5.65038
-21.33652
-5.83347
-2.05790
18.02662
1.32371
-0.93086
18.08062
-16.85755
9.76278
-6.67485
11.87504
-20.60560
-12.92649
10.48565
16.40876
-3.84869
3.90809
4.58132
-11.55504
20.71883
-18.02027
-1.60538
0.68393
-3.17982
-10.61746
-9.50316
5.02774
2.15561
-19.89907
-0.62674
13.69097
-2.38782
-0.29752
4.47439
-13.94658
1.29616
-2.58972
17.29337
-6.27952
-9.73312
-3.65815
0.30633
2.84028
-12.21521
-1.08366
-3.99426
14.92761
-0.37933
-3.96756
7.77915
-0.05105
5.20045
-8.82780
23.06139
2.55548
-0.39068
30.23819
13.77446
5.89986
4.27756
5.24498
11.63013
-2.29299
-13.07580
0.73881
4.15973
-12.81632
4.55929
6.58924
2.62277
2.11898
18.44118
-4.96019
-5.22511
1.18149
-5.15445
-14.71457
0.07500
9.40391
3.87822
-16.18043
3.61470
29.81604
-5.80980
5.76160
-1.08205
12.53293
-5.92699
-7.74320
5.41180
16.40861
-14.99760
-19.78597
-8.19102
1.46928
3.56254
5.25177
5.58221
23.04323
-0.02411
-12.78528
-8.45023
17.36506
12.18337
14.59440
3.18659
-6.79124
-9.99331
-3.03175
13.06956
-2.29622
7.81208
0.76918
-7.02819
3.53151
9.19362
4.07134
0.04491
-1.82763
4.15364
2.57424
0.90876
-8.27435
-10.92178
10.56642
6.92739
-3.74163
-9.81081
10.81119
22.17593
-18.31989
-4.23897
-2.19061
-5.64082
7.75997
-16.08393
-13.98696
6.64786
-3.46950
0.13995
2.21132
-2.00198
-11.32623
-7.87425
1.28118
11.91881
-3.95007
1.48603
14.62932
-17.27399
8.30912
8.42574
-2.18372
2.89281
0.96345
3.15772
-15.87361
-4.73963
10.54071
-12.91813
16.50901
-13.77565
-15.44847
-13.12322
26.75394
-11.25001
-8.23111
2.07153
-2.28618
-0.18980
21.42853
15.56090
14.67140
-11.52939
-1.62435
-17.30887
-6.34687
12.94823
25.21172
-17.44415
-4.73964
15.51422
9.09229
-9.85152
9.41474
0.23703
8.10730
-5.13276
-4.05800
-4.46134
-11.32694
1.55108
25.27788
3.13105
-7.10534
2.37770
-13.30461
4.77665
2.04029
-0.00096
3.59580
-6.52803
-18.37516
-1.92274
-4.24201
3.25820
-20.03629
-23.30293
10.27541
-4.25882
-13.22917
-4.29076
-7.66425
3.73062
11.23333
-3.49429
24.44224
-11.44088
-1.47844
1.46494
9.09475
2.59854
25.92235
21.17725
-12.98291
-5.47077
22.16113
10.64490
22.03425
26.98211
-0.79124
-3.97110
3.48038
-11.94723
7.82250
-6.89972
10.72025
12.19554
5.03809
-2.43156
-5.87368
8.24531
6.79084
11.40929
-3.13581
9.49052
-3.58859
-0.74440
-13.36616
-0.53904
-14.56599
2.13464
-0.64517
-7.64827
-6.82796
1.53280
13.70936
-17.74568
-1.69324
-2.75996
19.62749
8.81254
-3.81350
3.04150
-15.77527
11.42371
21.48195
0.95048
-11.99025
1.30692
7.60719
1.32400
-6.34876
-1.77276
-11.99128
3.85720
-5.23961
4.62447
2.72051
21.45078
0.18785
1.90586
0.67677
3.31780
-4.93364
-8.88041
-17.48028
-17.70231
-7.73833
12.43396
-13.46060
-17.48976
-24.93528
4.44047
1.32837
2.63831
-13.92599
2.24002
-3.06887
-4.03884
5.07072
9.45522
-6.95178
-2.08731
1.53585
-7.28465
6.18142
10.61126
-1.94723
-14.88768
-11.80130
-6.60803
-3.53018
0.85279
-2.05748
-6.47508
-12.23597
-11.68081
5.89880
0.81276
-8.28011
-5.45273
2.63838
0.27931
8.14270
4.44503
-12.12387
-6.16927
-10.20231
10.21889
9.34384
-0.75595
6.42850
2.63576
-7.42700
-11.20828
-13.27074
-7.00530
-6.24611
6.13876
-8.87952
0.16769
-1.07642
7.67732
-2.65292
4.96899
9.62911
-6.91836
14.19062
10.72340
-6.05166
-13.96933
-0.10164
20.82792
11.92557
-8.76018
-0.07971
9.28547
-0.50969
-2.91070
16.73574
-5.05700
-8.63585
-5.36205
14.74484
-24.53067
5.12801
-8.78624
1.75060
-5.68210
-16.84912
-0.39756
3.28414
-3.71994
3.28780
2.70157
13.86762
-4.92473
-5.19236
3.14972
5.42127
0.62787
7.71992
3.68903
-0.42458
3.57569
-8.34497
-0.18204
-3.18513
-5.09380
12.95846
14.87018
-10.88736
20.64648
-23.96575
8.14928
4.15579
-14.99724
4.33869
-11.72641
1.08789
-14.71241
21.38408
5.69204
6.58894
-3.00441
-9.38809
0.68387
-8.43055
5.27983
-9.04233
-2.41072
1.08677
6.61091
9.25109
17.53606
-8.27171
-2.15003
15.75872
8.82361
-12.89405
-7.29003
6.64154
4.98805
-12.36055
11.37767
-16.48498
6.36187
2.00715
-3.43507
-3.57559
-3.53610
-3.04495
1.41285
5.86179
2.19027
-7.36224
1.68646
-0.40252
-10.35468
8.57061
7.19092
9.54605
-16.62315
-5.60551
4.22588
-13.52548
9.53047
11.18673
-5.66040
5.03113
-8.39170
-17.17315
0.65661
-6.54133
-18.63223
1.61431
5.87811
-11.29367
-7.78688
10.89695
-12.24323
21.67239
-8.47240
-23.06266
19.36869
5.43498
2.61537
-1.91715
0.18741
-10.65486
-0.91626
-5.66419
1.48610
-8.95149
1.88676
10.10792
-12.86842
4.18164
2.75283
-16.78472
-20.44086
-16.33148
-0.59166
-7.38405
13.46689
-10.68413
-10.04297
-14.46170
3.03597
-0.11235
-1.01803
-5.23117
18.10113
12.45090
9.44939
-6.41888
-3.75330
-2.76845
-2.57273
5.77579
-6.12715
2.59449
31.95368
0.13567
-11.59598
-8.46367
-9.47302
19.39768
9.44490
-14.35566
15.58263
13.12851
-1.07925
-11.26022
-2.94389
-12.05415
-0.11901
5.40820
3.39008
-6.19750
-0.63164
8.56671
-4.54511
-15.05098
-5.55559
5.82916
27.23789
-4.57708
-3.05193
1.42125
4.45135
-13.97465
10.58621
4.33330
-6.64439
-4.88062
-12.10553
4.18723
-5.79408
0.54211
10.19628
-5.29664
0.87257
-7.13659
0.14457
-7.78083
-20.36075
-1.62267
-16.09175
4.16554
-0.27947
-5.28877
-10.12304
4.90678
15.27492
3.40325
3.38194
2.61137
-3.00495
2.35248
16.83830
8.07782
-23.41568
15.98470
15.48149
9.20883
-21.74981
6.45022
4.31584
-11.30442
6.93915
8.31560
-21.86294
-14.47974
-12.99985
-0.00320
-2.81158
-6.64546
-16.80916
-7.05610
-1.70999
15.87928
8.07291
9.46755
-18.23378
-6.29069
-5.52082
0.01056
1.95749
-10.04947
-12.39614
-2.11448
-0.73622
-6.47444
-3.75298
3.44569
-4.64181
5.30923
3.17858
16.50796
-5.76804
-0.54395
3.67269
11.05872
6.21417
3.32478
-3.45793
-9.41717
1.75930
6.81029
1.30232
-10.09852
-14.98178
-12.11270
-9.70635
23.81462
-13.41841
12.65346
-10.36105
3.30539
-3.98109
20.75856
6.09796
-5.82016
-3.22462
3.78828
-12.27628
19.22508
-11.40033
25.34007
13.67385
5.97006
-4.69538
-9.17516
-3.50050
5.04278
18.62425
2.38584
-8.36849
0.84549
7.41488
17.75703
-4.08492
0.55365
7.94474
-6.82117
-2.36110
-9.99288
-6.47567
-16.36104
-6.57915
-4.83387
-5.41797
-17.75034
-0.51009
-6.60836
-19.25095
-17.27124
-2.42252
-8.84316
9.86678
-12.69270
7.61452
4.53715
-0.67524
5.21182
0.45390
-22.77078
4.57518
-14.19356
-19.53504
22.69300
4.56073
-3.19615
8.17867
2.43111
-18.36158
-3.04657
-4.01021
6.22452
8.72983
0.41066
0.19420
-4.93712
-2.23330
13.70864
2.01624
-13.31690
12.87622
-5.53513
-15.38615
8.25002
-5.43461
-9.49789
-17.10275
-14.36821
-9.55600
-7.33982
0.16658
0.82628
8.38870
-3.43475
-12.23921
-12.63322
0.79270
-4.57901
9.59991
3.84509
-8.84566
-1.66722
9.64128
14.16767
-9.65888
-21.78384
21.77365
2.67357
0.05073
12.11430
-3.22647
-15.07777
11.89102
2.43649
-8.60047
-2.39851
2.51048
-7.69262
-17.20070
8.16294
7.43985
4.08909
9.78481
-19.22247
13.84035
5.29915
-4.27562
19.77231
-5.53136
1.76973
-0.97943
0.26933
-6.34614
-16.65998
1.17763
12.93327
-20.71818
-6.95445
1.33152
24.35691
2.42640
12.93761
-9.53888
11.02545
6.76112
2.18126
-4.90711
10.06788
4.15605
-3.38300
13.96704
8.16717
9.46292
-5.56422
7.02053
-4.26999
-6.28276
0.24788
-3.99065
-7.85827
1.22527
-4.06109
-26.64716
-16.13980
27.11864
12.44349
8.89850
-1.35893
7.58477
2.91951
12.55352
-12.72462
16.39290
2.85446
6.69028
-8.65192
-5.11708
-7.07582
8.36786
20.56497
-0.38465
1.12203
-1.61901
7.46114
-13.75775
-15.33177
-16.52960
-12.22807
6.90634
9.45675
-2.59501
-11.44121
14.04886
-1.30860
-11.89277
-5.74985
0.33181
-14.58026
-15.72855
20.07686
-15.04074
-8.09264
21.16824
-16.40732
-23.36697
-6.35881
-8.48374
-18.37652
-14.89168
19.82334
-5.75511
0.36190
13.41265
-0.79204
0.53234
-0.43793
23.78639
-9.92233
14.85930
-1.24026
-17.41026
-4.01948
2.18065
11.02779
17.76846
4.67013
-4.87649
10.09060
-17.52112
2.99764
1.77301
10.85459
7.28345
13.16451
-9.38184
-5.47662
-4.88298
4.75182
-5.60888
1.07894
-1.41265
0.92949
-8.09902
-7.27149
-3.81027
-3.58831
3.71558
3.26461
25.29464
12.79174
-0.08953
4.49541
-3.09351
0.48655
-4.95672
8.16353
13.61471
-2.39026
0.58839
-5.69576
-3.21849
7.11704
-7.27788
-7.58287
3.98562
-4.49928
-3.04002
-1.12739
-5.16239
15.59004
7.70838
-11.31545
-3.69032
-15.12091
-7.04889
-6.61801
0.76890
-2.22391
7.68996
-0.31894
9.10429
22.20648
-5.08192
-1.35919
4.59481
-0.35714
-10.67324
2.47916
3.39579
-21.39736
-2.86181
4.76034
4.28271
-22.36268
1.73958
-9.09319
-6.32953
17.47923
39.19275
-5.28977
-5.09390
2.43845
8.26281
1.34163
-12.79888
20.42262
6.70980
-0.28494
10.20383
0.55356
4.20891
-15.97967
-3.29890
14.13159
-3.61690
21.37012
-8.49974
-1.78769
5.57502
-11.60396
-1.85253
19.34617
-7.04559
-23.60337
21.69970
1.21497
2.57768
20.67828
-6.64612
-14.39505
-7.74159
2.43264
-2.04430
-15.19931
6.09800
9.71292
-4.06024
6.56159
3.79666
21.73257
-0.34512
3.88100
6.33058
-4.79256
-4.48656
1.11633
-3.64033
-3.62887
5.96670
-1.38929
-6.81858
2.81160
-8.79433
-16.07355
-5.42628
-22.01765
-2.83145
-0.62619
4.52708
10.54693
6.56640
0.73371
7.81033
3.86617
-17.57399
-7.01662
14.77284
-5.73698
-1.66664
-14.09308
15.64613
-7.86372
-3.81223
4.60102
7.25369
4.74608
-6.64143
-9.42446
-6.46877
10.80520
-17.34812
-21.29051
-7.07993
2.02748
9.42489
12.78749
-3.40761
-4.92216
-20.22559
5.15924
18.17361
4.53825
9.56758
-7.62655
13.12664
1.56218
16.87821
-11.14819
-11.15115
15.81144
-0.48992
-18.53520
-13.00401
1.38255
6.01277
15.83364
6.18620
-2.13070
17.12155
-10.42315
8.56630
-11.81979
-6.36430
-10.44849
-17.44128
2.94562
-6.98351
7.22665
-9.24147
-5.47882
-9.68703
13.72279
9.45926
-11.90924
-6.29640
4.30092
-18.79917
12.69439
-9.83350
12.71916
-3.48116
-4.29182
8.62164
-25.00675
-7.59234
-4.72899
1.68505
-14.94526
1.67809
26.03955
-6.49163
-3.29407
3.35328
-1.35131
-6.57486
-9.95854
2.63757
4.67404
0.77822
-16.79379
2.21953
16.00160
7.69100
2.93326
-2.36049
2.76440
-4.31723
-10.87743
5.29956
1.80191
5.75596
-7.10654
-9.19390
6.87417
13.07901
-13.39980
-11.43954
13.63596
18.44342
-1.22807
-12.26967
-3.23737
-0.16547
6.67105
-16.38273
-11.50261
-8.93165
11.35970
3.17168
-9.48199
13.78091
6.92692
16.47539
5.34587
-28.44010
2.67177
8.09978
17.26593
1.67937
-11.05450
-0.76554
-7.39196
-13.62013
4.61785
-10.25427
3.36296
0.04522
-1.20511
-0.72770
-4.41914
-0.71821
6.78353
3.87417
-0.81757
-7.58332
-6.74053
2.20711
7.57763
-1.80922
7.44839
15.00111
-16.16779
-2.64453
10.62237
1.03368
-8.21439
4.37513
10.24957
10.54933
-9.27637
21.05984
5.75793
9.34730
6.05680
-0.85612
-5.96035
18.43794
5.92384
9.65447
-1.33809
9.64878
9.40216
4.09427
3.52975
13.27640
-10.91807
14.43107
-0.19494
12.47108
-5.88879
6.78554
4.52317
-11.24178
8.40887
-13.25015
-2.21576
-12.22100
-8.67683
7.39521
-0.87804
-13.66870
0.40283
9.01725
13.10514
-3.65885
8.39916
-4.68574
-5.43324
-0.59551
9.14701
0.73417
4.20441
-6.42148
-11.31222
3.89404
-4.49308
11.83436
-19.21987
-7.21350
-6.51503
-6.14039
13.42297
12.71695
14.17072
22.71031
12.13646
5.01456
-14.69469
3.72974
1.16088
-16.90907
2.88757
-3.51273
-14.31652
-5.65047
-26.21958
1.65373
-12.72407
1.55335
7.81097
-15.01023
-9.13280
13.54683
-22.80949
8.14720
2.13657
17.61437
-0.22172
12.10605
-15.46328
-5.60017
-1.38245
-14.75626
-27.04475
1.33701
3.55833
6.55910
-21.26424
-5.72904
3.91048
-12.79561
-3.65361
0.66214
15.14582
1.85842
13.03916
-4.19206
9.53964
-0.58254
7.09954
17.71562
-1.36803
-2.37292
15.41648
-1.10078
-1.36556
-10.84944
-2.84214
-7.13862
1.12557
18.15547
2.00747
12.35001
-12.94328
2.73801
9.29386
-8.54059
10.89853
6.47918
3.20697
1.90308
-21.62755
7.84542
-2.65752
2.93317
9.74538
-10.52606
-8.07070
6.39431
6.71574
-29.71251
-5.30146
2.30148
-7.75043
0.55911
-9.78798
11.55029
9.51974
0.32628
-21.86253
-9.96773
8.25260
-13.00456
-12.36162
14.13676
0.34236
-5.65497
-7.91613
13.93454
-6.64143
16.94566
27.93840
17.82948
7.86848
0.18741
7.50651
-6.72508
7.57461
5.62766
26.47249
-7.92394
9.77268
0.90355
-9.27374
4.50990
-3.56394
-5.69205
6.62567
-7.81091
21.35221
20.17427
4.71698
-10.52201
-8.64228
2.90253
14.29881
7.80909
-8.91036
12.81578
-1.59907
19.04869
4.80279
0.16891
12.45121
2.30222
11.68986
6.17734
11.95256
31.95954
-17.12535
-12.92321
-12.82702
-6.25682
-6.36436
1.90167
9.28044
0.85485
0.72827
9.62644
11.52540
16.05813
7.23746
-15.19337
8.42122
-0.25835
17.15314
10.42715
13.67159
-7.02393
-10.88090
6.13967
-5.36257
-8.44586
-7.93004
20.20274
-7.52994
-20.22140
-8.13032
5.70365
-1.40857
-4.03934
4.94380
-3.97771
-5.56015
18.06814
-4.42827
2.25610
-0.77625
-20.21202
9.94520
-20.48646
-3.80591
-15.97907
15.15276
-9.62422
11.05319
-26.04250
-0.04344
-3.68694
13.54437
12.69107
5.09251
-13.54894
4.22977
-5.07494
-3.34173
-1.81319
6.75356
-3.41367
3.72275
1.32940
-0.98253
16.90825
-3.05953
-3.14268
3.19102
-2.35030
4.01766
8.70398
-4.57939
-0.08515
22.48649
-13.03037
-7.57792
7.40336
4.60886
23.69983
3.81135
3.98317
1.85386
-7.07010
-12.94925
-5.22842
-13.89395
-4.60095
10.18450
-8.14591
2.12357
7.13709
9.21169
20.17821
-1.63467
5.35196
-9.43340
-0.91762
10.61809
-5.09332
5.60618
-10.97998
1.72111
10.74721
1.42339
-4.45105
-17.96607
6.10877
3.43052
12.84793
20.05239
13.48433
-3.23905
12.02650
-1.25557
4.04152
-5.61561
4.88835
1.43712
7.42277
-3.65524
-7.33957
1.87505
-2.16744
-13.39587
19.80457
-5.14527
8.91165
-16.37948
0.52388
0.48949
-9.28566
-10.43285
-2.68696
-16.50639
-14.07413
0.17491
1.08744
5.99429
2.36830
-11.39830
2.09482
-5.41222
1.81928
4.58436
6.50956
-4.07865
-20.80861
12.85798
-18.28132
4.82314
-3.60402
7.85697
4.12461
7.22999
-0.26018
15.91339
2.75635
-5.62729
-2.13011
-10.79157
1.25562
2.71357
-14.99693
9.83893
0.10168
7.18632
-8.19644
-2.08831
-12.24392
-10.56970
10.92620
14.29682
0.20792
12.45806
-0.93352
-16.50196
5.60625
9.29863
8.29360
-1.49364
1.45921
14.34151
7.77220
-0.20301
-24.11966
8.96975
-1.07771
-4.22670
9.37053
-8.47577
-12.27112
-12.08667
-23.13602
12.36579
-2.50191
28.20317
2.21238
-9.02243
-3.37785
-18.35898
1.95314
12.40899
-7.17291
-4.68770
12.34815
8.49937
8.00863
-7.89441
-15.80169
18.58754
-0.66089
-17.53319
-14.16863
-0.21567
1.16689
-15.18186
3.55301
7.66183
-8.51145
14.51505
12.72582
-4.95525
-0.05056
-12.16865
-1.14736
-8.87934
-4.39106
7.90200
-2.74114
-7.44486
8.98140
-8.60955
14.17868
3.90414
12.75732
-22.06034
8.40740
-11.29499
-5.42040
-0.02082
5.35000
1.43261
-6.51576
-17.32758
7.02054
-2.93848
-3.97580
-4.72673
-10.16193
14.75390
-10.36027
10.11608
-19.41211
-2.54767
12.89203
12.90422
3.82791
-9.63200
5.57864
-9.57161
13.04237
3.35551
-3.25981
26.28566
1.26669
-13.02453
0.22524
7.42597
6.70478
-2.41751
-5.14928
6.41359
-12.45359
-3.27332
-0.02073
11.21200
0.52296
2.61855
-8.39285
22.72153
-10.88167
-21.35028
8.12562
-5.56026
10.78223
-5.09509
-21.12308
5.04238
-9.07745
9.64343
-10.50872
-1.90146
15.11131
-9.73656
-4.49320
10.81620
1.12544
-4.59889
2.07461
-3.18027
-3.78655
13.64407
-4.93351
13.69683
4.90073
-18.00883
8.00269
-22.45356
0.57622
-10.19289
14.45457
0.94396
-1.23544
3.60959
2.81043
11.56261
-3.68021
1.42493
-8.08063
-9.30903
4.56199
4.36386
11.56194
4.52005
10.98038
-14.14295
-3.74850
-2.78458
-11.68334
-9.65866
13.29626
-10.47345
-7.87636
1.37659
-16.91072
-6.68092
8.93145
8.61475
12.31506
-5.59414
-3.94400
-12.44867
1.97884
6.14805
-20.20327
1.05412
7.70173
9.01911
-11.46848
-8.55751
-1.82016
-5.72336
-4.20135
12.68422
8.00705
-0.53707
-10.26003
-7.85755
5.23001
-5.83764
-11.98846
3.52546
-0.09945
-11.17830
-4.03970
-0.61324
10.87798
-2.14616
6.19751
-0.88214
10.00098
1.11521
18.75684
-15.30354
-5.25924
5.82519
-8.29486
-1.73775
10.15674
11.24079
-8.99092
-4.31833
1.46219
-14.39958
9.99425
9.29628
-7.01667
0.99708
23.23345
4.99702
4.09305
7.89441
-7.16943
5.86247
17.05116
-1.18661
-2.74775
-8.02515
-2.80597
-12.81123
-17.97178
-9.72031
-3.27445
-16.46961
7.62030
4.79514
5.65221
11.74812
-8.55869
-10.42059
-1.24590
10.96347
-6.79709
7.68023
-5.97567
9.58744
-1.26304
7.01213
-3.60562
8.74581
-21.93793
-6.79733
-3.13318
16.99240
9.15014
-10.84804
11.72989
4.19452
-2.66748
-7.62640
-20.80100
-6.09810
1.47566
-11.84647
3.94575
-1.94724
-8.45825
-16.65347
-4.38567
10.23730
5.59061
1.37996
-11.62918
3.90709
-2.11455
8.51461
0.62922
4.39687
14.81451
-4.16785
-8.49943
2.88766
-3.75129
4.38592
-0.48200
8.93249
-9.66032
4.94575
13.76142
-12.93471
4.37846
-18.13498
8.80816
0.85715
8.47060
-4.03235
12.88328
9.18651
8.59771
0.09372
-6.49918
-11.11402
-7.52307
19.28461
6.12616
-3.50345
-14.56685
-2.60768
13.96154
8.13265
-2.47702
7.94887
-0.29352
-12.09257
-25.13088
5.82976
-9.68821
-2.63530
-7.31364
-10.74358
-6.75358
-1.96544
-13.48616
6.02050
-13.38988
2.93042
-6.98628
-7.29243
-7.78418
1.85299
-4.20153
26.31053
-10.34261
8.65482
10.89825
7.28097
-8.41723
5.20669
-6.49938
6.71218
8.11430
-8.35102
13.54234
4.25168
1.58265
-1.64615
14.84494
6.18372
8.06770
-8.88037
-3.52928
-13.78927
19.48647
-14.57536
-6.07302
-2.85202
-0.58968
3.53621
4.00363
-2.70014
-1.75031
1.19184
-12.34455
3.85095
-16.88209
-16.24879
0.24964
4.66695
12.49161
-4.12763
3.18957
2.84017
-6.97481
-1.79554
1.70982
8.76310
-3.85585
-17.47567
-7.09528
17.57736
-10.40107
17.24717
-2.87972
2.63769
-10.01870
-9.61745
9.63720
-13.67212
12.07670
6.69557
-18.04101
-2.34735
-5.22640
-1.73407
-6.17880
11.35622
2.89343
-15.89886
17.63540
8.98033
8.24477
-8.97418
-2.07392
14.68657
-2.49609
5.02197
16.23483
-0.79793
-5.65911
-8.16150
-27.94112
13.20047
1.80871
4.21670
-8.89125
-8.37581
-11.52774
16.16150
23.64211
8.34775
-13.24123
6.77447
-19.82617
-31.00350
9.85027
1.41884
13.30115
0.66689
-2.40738
3.11201
3.90335
10.49776
11.42498
12.19390
2.59165
9.63808
5.18754
6.08774
-17.14359
-6.60134
4.34831
-6.32684
-4.18106
1.14874
13.47167
-11.35202
-2.50221
6.15986
3.25213
3.60661
-6.11942
13.67923
7.94672
-8.91592
-12.14753
13.63931
0.10960
13.31304
6.92243
-4.20924
4.75117
-0.92625
-5.56068
5.15892
12.45734
5.14625
-9.71267
8.00706
-13.92273
-13.04326
1.36038
-4.47959
-1.62120
-5.05269
-5.21842
-5.45668
-8.02883
12.04387
-1.82464
15.27673
2.16601
-9.52403
9.80433
4.89191
1.59260
3.28388
10.73737
10.72254
-5.16584
-3.15347
1.50925
-11.03959
-3.35303
3.31864
2.96053
-7.66956
-15.43263
9.83617
-4.89473
-8.86901
-2.78469
-13.95368
-8.31156
-1.40477
-10.64751
6.11081
-3.87423
-3.68735
5.17592
11.36519
-5.19645
2.25810
-12.43227
0.46166
-5.66749
6.83335
-16.76843
-16.69895
11.21855
5.36158
7.66283
-18.37547
-22.65221
25.61088
-19.94497
17.51894
-6.44747
5.53594
4.25011
7.49779
-16.79661
-6.34466
-7.23924
3.85866
9.81807
-17.91003
2.07301
4.52991
-4.13336
4.25853
-1.00223
-9.53631
4.02295
-29.15107
-0.87562
4.06983
2.55167
16.45286
-9.21884
-5.39181
-13.57636
-8.60809
15.65353
-15.55364
0.54204
-5.78757
-10.26941
-12.11728
-28.80817
-1.68697
-12.18139
8.23847
0.99202
0.83836
0.69669
-13.39558
-3.83629
-6.52135
11.53132
-11.35329
-17.29678
-12.95711
-1.13612
0.86258
16.52817
12.07762
4.89405
1.10151
8.69436
-19.24995
3.13514
-4.99961
-11.45044
-2.32731
-5.09428
-2.24556
-12.80026
-6.34749
-10.59034
-10.15105
-0.07816
4.43361
0.28341
9.90366
1.21014
-5.03439
-18.10221
9.67777
4.36322
8.15077
13.75021
2.26635
6.15068
-6.91611
31.54057
21.54618
-2.04876
-8.36697
9.84848
-1.05090
-12.14290
-13.44654
-0.74165
-5.48584
-7.42413
-6.49982
6.70041
12.82829
5.75805
-8.32364
-14.88219
9.92612
7.99455
-2.29434
-16.19352
-3.64055
2.60721
16.13506
9.67475
4.94671
-10.38099
-6.37634
-4.44342
17.46381
-13.73402
-0.31555
1.13384
2.41993
-3.71767
1.61042
2.85410
3.47734
-0.35698
-8.26144
-0.97002
16.71982
3.93851
-11.56441
-6.87970
8.27395
-5.36392
-2.03762
-5.30455
7.12255
-4.71763
10.56893
-14.45837
-0.58077
-2.87476
6.99931
-11.84882
-8.85427
0.69115
-3.58917
-12.72954
-12.31192
-16.75218
8.14333
5.13275
-14.05088
-0.05990
9.25970
3.38041
13.17358
-15.85923
-4.88190
-7.16796
3.88572
0.85716
-1.00151
-8.24633
8.51965
-12.37573
-2.08818
-4.85852
11.19683
16.01718
7.06546
-2.42574
23.06355
7.44602
3.67795
1.45151
-3.80063
8.32531
14.38324
-1.11806
12.87877
-6.77165
-2.25274
3.36282
-1.21436
11.06061
1.24779
6.50851
-4.35716
4.59555
-2.69229
1.42342
4.45995
-1.34067
-9.75206
-0.17311
-5.19338
-13.02799
-3.52515
17.68738
2.46018
-4.19922
11.77970
-2.02384
-11.62025
-10.10714
2.95462
8.58146
-6.53858
18.75746
-0.23440
1.15739
9.77595
7.96990
8.05446
-1.91498
-0.75163
9.73022
1.71271
-4.05351
-4.82253
5.53291
12.47350
8.02111
3.61980
-8.70869
-9.33619
0.12616
-3.18952
-3.18722
6.83368
-0.49804
2.50872
-1.90576
9.21253
33.37238
-1.03330
-5.21844
-2.21508
-12.40810
-4.22662
-13.31300
12.66337
3.16683
3.54225
-6.17302
9.87591
-4.76704
-14.57060
-2.14132
2.59768
17.78327
10.40530
-18.69139
-2.59118
-2.70818
0.91029
7.27180
-17.55877
-4.42797
4.52443
-4.19936
2.86511
15.58853
3.22549
1.78504
15.58990
-1.00987
-11.06141
4.24727
-3.21954
-17.57357
-2.27064
-18.92224
9.74271
2.98209
3.27710
-12.38412
-1.85283
4.85314
7.63614
-7.30716
4.52761
7.85098
6.32538
-2.63113
3.73481
-11.77748
-8.37897
12.73811
8.34268
8.98513
-5.75918
7.20253
7.92808
7.27666
3.52662
-3.48708
-10.01235
-2.90847
-0.32381
2.23017
-23.84734
3.22687
0.26343
13.94248
-12.85656
1.25014
-0.43630
13.50347
1.11176
-1.20033
6.99101
-14.13926
-13.16346
1.08055
18.41401
10.81178
2.61296
9.39640
5.43886
-5.52157
-19.13260
14.15406
-10.24608
1.34658
-14.14043
2.72587
1.36413
25.54681
2.09328
5.97847
9.02171
-12.23189
-11.49849
9.81184
1.26072
19.09782
13.51227
-9.87378
-21.56778
-1.56079
-7.73708
-9.00356
-28.40129
-4.56036
-2.65560
-12.21288
18.44036
6.91549
-6.67312
16.30799
-10.16807
12.16031
-7.27161
7.93061
-5.20282
-13.14442
-23.29442
9.33805
11.39321
-5.12638
-1.64783
6.42249
-15.70477
20.31922
10.27562
3.42025
6.77183
13.49826
3.98105
7.73062
3.60578
-15.12811
-1.01129
2.38310
1.22202
-6.85656
17.91592
19.87352
1.05513
-9.80521
5.65693
-1.42725
9.20195
1.51274
17.45719
0.86077
-8.95417
5.72631
-6.30374
5.10998
10.58599
-3.06842
-7.42148
-8.20307
1.68495
4.12699
-7.42077
2.98938
17.23562
-2.43927
-16.81295
12.39046
-8.25744
-1.49841
5.34627
16.81074
-6.27517
4.55312
4.38032
-1.67675
18.32611
-16.09853
-13.45465
1.74694
-12.15923
-4.10315
2.70579
6.47416
-3.46619
-1.22338
-0.18975
4.90979
-8.11522
4.57449
11.18438
14.37976
-14.93301
10.79923
-6.36298
18.12131
-0.20616
-11.13027
10.51462
12.62594
-1.78601
8.44150
-0.37486
-5.51533
-4.27223
-21.21601
-13.94381
-3.73728
13.48141
15.55447
1.41091
0.52103
4.51392
-11.19132
-5.08405
-1.10007
-1.61695
1.60388
1.25456
5.07958
22.52274
-4.40117
0.65243
-16.07298
7.65618
6.93049
-2.48389
11.60590
7.46078
-5.59321
17.63166
-13.07974
-12.69924
-4.37463
-3.18593
-4.97363
15.10308
1.99111
-4.69069
1.97531
-8.10625
7.19785
1.79627
-7.12380
14.08958
19.11346
-1.26460
-27.17892
-3.66718
-10.33161
-0.07923
-5.81122
11.68507
-19.70527
13.83477
-5.44465
-0.60748
13.03794
22.20045
-2.35175
4.55426
-2.90748
-6.50994
-6.27613
14.84919
-2.86844
-12.47804
3.36030
15.81480
-4.73359
-19.19026
-10.65496
-2.96076
-3.04993
-1.32049
-2.89395
-7.05972
-5.94289
-7.82145
3.87058
-23.08011
1.82976
14.77754
-2.00790
8.63578
-2.86955
-7.38262
-2.26599
-0.52745
0.71962
6.61580
1.20240
6.82218
-14.98379
-1.92642
18.29317
-8.27827
10.00239
-4.94783
-5.68755
-2.06875
17.45997
14.10502
-6.16141
-1.42197
-5.61407
2.50216
1.35846
11.26792
-8.95745
-7.09141
-10.49121
3.18084
12.47358
3.73858
-21.92271
0.86018
-4.76071
-3.90923
8.58030
-1.85481
11.41954
-3.81888
-10.98640
-7.46446
1.98514
-4.95256
-7.04616
-2.05377
-7.45834
-8.83072
4.37061
-2.40860
-0.80002
3.79326
-2.23881
-9.31768
17.31512
6.09177
3.59896
-4.78409
1.39560
-24.21582
-1.59932
-4.93264
5.95549
1.50856
2.48356
8.82282
0.80404
-11.55949
-11.59223
-4.52793
-2.33835
-18.63856
-7.24425
-10.45214
5.83000
-7.22389
-5.69068
-0.14563
13.00465
-7.46780
-14.87866
-12.40598
-8.72190
-17.67828
-6.25136
-1.35620
7.90902
7.76708
2.91340
5.26014
-5.92077
-9.64861
5.45821
-5.33742
4.05908
-2.75843
-8.91132
22.20596
4.52848
-9.13996
6.74715
-2.44019
-3.86492
-3.16647
-12.70032
0.08750
-10.25774
2.90316
5.74370
-5.78265
3.57901
12.57669
-9.39744
-18.17391
0.52493
3.83549
-12.16131
-14.67392
-2.49971
2.05122
0.48792
-2.38312
8.87223
-18.10652
-4.65848
1.02385
-13.97688
-17.97838
16.68953
7.02661
20.39288
-7.53354
-4.35912
-26.54744
-13.63565
-10.31812
-0.20699
-5.30320
1.40070
0.34405
-5.48447
3.82622
2.82768
5.99749
-6.74423
7.67773
6.66963
4.79904
-13.10600
-4.87921
8.43048
5.26539
10.25265
2.11851
1.16781
3.02077
7.25051
-4.90771
13.77474
17.05235
7.46667
7.50091
-8.83596
-2.02227
1.36948
0.88156
-10.63141
2.14149
4.67475
4.94361
4.71520
-3.97309
-10.89671
-6.29840
6.55216
-16.12351
-3.61932
15.92835
-5.05925
6.08444
11.03194
-8.77962
18.63550
-3.04102
16.82640
-4.51077
1.47273
23.55664
6.30632
-6.40706
1.37749
9.23093
-1.13954
-10.29667
-4.93403
-2.45290
-13.78066
-6.43175
-5.04547
16.24685
-1.49543
-13.25489
0.40247
3.41745
-7.41229
13.99433
10.17220
-13.45833
-1.38969
5.41591
0.32475
6.83288
-10.28571
-17.50640
-4.82962
16.22940
-3.05399
-4.46400
-11.29568
-1.01178
-12.84958
-0.33644
0.51332
-13.84513
-0.85424
0.14574
-14.81083
8.58584
-8.85230
-3.05873
-0.69733
-8.26043
-7.77860
0.67695
-15.25982
10.35311
-9.28949
-1.21649
-2.23515
12.53901
-14.54419
-12.90638
0.73897
10.19013
17.95387
-3.31604
-9.11431
9.81362
4.83744
-9.91513
14.40497
-2.95132
-1.84297
20.21555
13.13928
1.55187
11.96972
4.99808
21.36916
0.59374
-12.36022
9.62815
3.64122
-6.64496
-16.01023
7.86130
-20.12180
-3.37175
4.66011
-7.19149
11.16840
-3.58945
-1.70638
-0.36737
2.42642
-2.07912
-9.53284
-12.13228
3.71016
12.81788
-15.30151
5.53449
17.27795
7.15514
-11.59578
1.14274
4.85305
-15.83986
0.28185
14.77864
15.37709
-11.20912
-23.17235
1.82975
3.72822
-11.63537
3.19460
6.74848
17.08169
-0.24023
-1.51154
2.39157
15.03151
14.46942
-7.76853
-12.04297
-2.39969
-3.52842
7.78567
-7.69930
10.24575
-12.53957
18.07258
4.86159
2.74071
7.70388
-7.79011
-2.37021
-5.77629
-9.42700
-4.06319
-6.93771
-7.88122
-7.12005
6.54531
7.04192
4.70935
17.48233
-2.08981
23.31545
5.95260
-4.65043
-7.79641
6.04884
4.13334
4.00032
-2.02350
2.17672
-5.85809
-17.96162
-1.07068
-11.42902
11.41922
1.85936
12.27038
1.39383
-0.07240
1.06990
6.72542
16.26955
-6.18858
-23.35733
-11.10936
-19.51417
0.67065
-13.11007
-17.67536
3.51769
5.40068
-0.05506
7.28022
-13.44349
3.22085
-1.65434
3.73337
17.70622
-6.47766
1.07824
-7.70423
7.61896
-6.62817
-15.99714
3.70355
3.78335
-2.70959
-11.96267
9.91015
10.36024
-11.81968
-1.46950
-7.35829
-21.25045
-6.99071
9.96688
-1.67777
4.18872
-1.34646
3.06730
-0.19752
8.60436
-4.39049
-6.34522
-7.12574
2.39567
-9.81720
-4.50838
-0.31382
4.78568
-1.72199
6.99688
11.18722
-0.08439
-5.58687
-4.84576
0.28494
7.72448
-6.93854
1.44925
4.15715
-3.46499
-3.09155
7.29999
-3.75028
1.04260
1.35047
-1.54570
15.66594
-6.80463
-15.70167
-5.84657
15.56657
-5.18171
-2.93660
-0.36510
0.88363
7.54096
1.07732
0.03016
-3.79432
-15.55348
16.46157
4.72066
-5.71348
-14.49362
-4.35343
-0.03388
2.68232
1.37469
-18.37292
2.40793
4.50375
-4.57914
14.65499
-9.86472
-0.72320
-9.28434
-6.85864
-13.87904
-0.88166
16.57050
-2.69840
11.26279
13.40504
6.43773
15.57502
-9.38236
-0.71481
5.70078
6.06589
-18.06085
11.30819
7.75305
5.75033
5.10282
-14.39120
3.02894
3.43337
-16.19948
3.82045
6.88197
-16.97934
13.20754
13.59601
21.28004
-6.51521
16.44638
-1.47071
12.25250
-10.92967
22.22544
0.23814
12.58305
4.34948
8.25899
6.15223
3.07500
3.51755
15.59458
-1.78257
-12.93388
12.06974
3.13856
-8.58309
19.40645
3.10341
6.49225
-2.44462
-6.46863
-8.88549
3.50215
6.25155
4.10771
7.48455
-0.34121
6.94433
-10.89616
1.83468
4.29203
5.02280
7.83746
9.10308
4.53474
-8.48211
1.50437
-9.02294
-7.19995
3.66117
0.76315
2.09522
-15.22326
11.35427
-4.65899
12.41976
7.23894
2.21159
-7.97570
21.19100
1.47099
5.87201
4.91760
0.16937
-0.21997
17.11721
6.68593
-12.74586
-5.80475
14.53645
-12.23669
2.30064
18.69807
-24.25932
18.81900
18.61343
-3.30827
2.83353
3.91303
9.76497
-2.22332
-11.31576
-9.81329
-20.59249
-16.07356
2.15185
9.01317
-2.79862
-16.17425
-4.17618
17.29406
4.18307
1.86158
-4.12562
-0.68023
-3.76124
1.32647
3.54873
2.59576
-1.88018
12.84378
3.07323
5.30705
2.94095
-1.78209
-6.77606
-1.55183
0.08853
9.65545
-5.34080
-6.45150
10.47948
-23.32587
14.26973
10.03736
-2.65741
9.93041
7.49382
6.59958
-10.00699
8.00146
-11.04614
-2.83967
-5.57526
6.98564
-14.48837
2.45218
-4.49940
-0.69075
-0.67825
9.86254
-18.14261
-3.82196
0.44112
-11.12445
-3.10718
19.18746
-10.31654
-13.43983
1.74431
6.89331
-0.91106
-0.40149
-13.94523
-20.86596
-7.90951
12.44675
23.15620
-9.73679
-11.46522
-4.15721
2.94761
-5.13181
-5.34759
5.99392
3.26514
5.78366
4.27241
-7.08228
17.63278
2.27930
0.34738
9.93885
-2.66030
3.45081
-5.42616
0.59416
-3.25354
-11.23637
8.05863
-6.83523
14.60652
-0.53383
-5.97064
1.92629
19.63768
0.95542
-3.01957
-11.19512
-12.39704
-12.44717
8.84559
2.36328
-3.68947
-14.59829
-5.24225
-19.32077
7.18879
18.81777
-0.28074
-0.75259
-2.12088
2.65381
19.04474
2.07383
5.39926
-0.51746
5.97962
2.16553
11.34272
-2.16607
3.49567
-2.95534
-11.05746
10.55659
-1.20983
-8.77115
8.42417
7.82352
-15.10921
4.28855
2.11229
17.97693
-15.25995
15.70349
-12.21071
-32.00129
7.93029
-0.87227
8.28234
-0.49252
16.17615
6.10103
11.98382
10.67700
10.31088
15.40831
5.08870
-0.84870
-7.14894
20.00310
-8.10240
13.92560
7.09397
20.23917
2.61453
17.63203
-3.82344
17.47704
-6.32417
-1.93167
18.28092
-11.20298
4.00138
7.17955
-1.64555
-7.21081
2.11096
-13.17985
-10.52274
10.69016
15.92780
3.73046
-5.12777
-4.08310
13.93521
-9.41916
-9.73436
1.12698
-0.08516
-5.40650
6.23162
4.57470
15.96893
1.93227
-1.68523
19.95201
22.42757
-3.39293
2.11062
-1.76439
2.94095
-2.84694
-15.14208
-4.52977
-4.80492
0.40816
-10.29461
5.35992
4.27056
-7.32738
7.85682
6.83640
3.32438
4.10315
10.18654
9.81184
-7.50927
-3.53667
-14.89156
9.12603
-1.12045
0.23234
-3.26422
3.09616
1.31142
-9.95515
-9.21649
17.87721
6.57751
-5.70143
-6.50617
-9.67724
-11.07061
-9.45539
-5.39774
13.77654
2.21157
20.10807
3.74356
16.11133
5.93734
8.85246
-7.42535
-2.78013
-2.63522
5.66274
-6.49695
-4.38819
-6.31933
-19.59049
-0.36277
-4.40817
-9.91995
6.02785
-0.82912
4.39194
-15.24576
-1.48630
-8.82972
-8.41539
6.20857
-21.66827
-4.39459
-13.52163
-20.19212
8.05729
-1.19788
20.67198
9.79800
11.37063
5.10719
3.20687
-11.82352
-8.45796
-16.93495
-2.66091
-4.26873
2.32270
-1.22482
7.51813
2.98546
-5.47323
10.53297
6.54856
11.83940
-2.39800
-6.66273
2.99970
-5.92742
-8.74786
9.85424
13.31275
1.55485
3.65552
7.49759
9.73681
-2.21068
-2.64929
-13.18855
-10.51900
-5.20185
15.92260
4.14457
1.90333
3.84635
-12.01826
5.56351
-14.30039
-13.15163
-25.01350
1.85853
-11.48124
10.83787
1.19396
8.44878
-12.00001
3.40256
-9.14837
-1.66158
-8.73605
12.69245
-9.01719
11.65579
17.11607
-0.21494
-9.41297
5.33174
-3.78614
19.21765
-8.36989
10.19920
-2.00977
4.80726
4.39330
-13.42229
-9.61910
-4.33539
0.72753
0.73041
4.44743
12.03313
0.00861
-29.42317
-11.87257
-24.04365
2.57787
-21.08016
19.46955
9.38690
2.89955
-2.88438
-8.56622
2.64758
1.32858
1.32102
4.98027
-0.36592
-8.16809
-18.40613
-3.63351
-0.22755
-1.88603
10.76739
16.32934
-0.54394
8.62869
0.36438
-6.23071
8.30312
15.66759
14.14252
12.20579
9.33205
-5.21868
-10.21882
-2.42906
8.61109
-6.92516
6.96963
7.78524
4.85348
20.98105
4.01803
-4.06088
14.53183
14.20601
-9.40977
2.91556
11.79385
-9.00708
-10.78761
5.56878
11.87639
-3.41749
-0.84251
-7.20178
15.52665
-8.40236
3.05085
-14.27379
6.02450
-3.04572
3.94305
-11.35790
9.63047
-2.35227
-0.06878
13.25005
-3.45754
5.26239
1.42185
-11.46894
4.80570
30.20973
18.46270
-13.27164
-12.33638
-7.41242
21.33855
-0.25450
9.35099
-5.24133
2.33711
15.62379
6.08856
17.62769
-1.94294
-12.97199
-3.74459
-0.90560
17.49681
-1.13256
-13.86958
14.23957
1.25214
-1.21328
2.39897
-0.62963
7.49969
9.25445
1.90665
-4.87951
6.27233
2.70717
11.49466
6.44805
-3.78466
9.03008
-4.88961
3.63652
11.86129
-7.54041
2.64119
-10.03509
3.85932
-6.87373
-3.81041
12.09962
-0.37610
4.63601
2.03768
-9.38649
7.78295
9.16965
0.63937
-3.35796
-15.17924
-8.14952
9.46177
-3.08282
-4.86284
13.39900
0.23905
-0.92763
44.34485
-5.37984
11.63264
-8.74305
4.63315
6.19969
-4.47523
-11.33111
1.14419
1.75587
2.37035
15.83180
1.41349
-10.06218
-0.82131
2.24098
-4.35427
-10.68839
7.90366
-2.67325
2.48309
17.62483
-9.95587
-8.05454
-13.24708
7.72061
6.00055
-9.10647
1.38013
-21.48317
-5.02819
-3.44762
-4.09239
3.33203
-14.24152
4.22100
-8.24881
-9.53767
-0.94703
11.57134
-4.84736
-11.63779
8.82446
-5.54967
-20.35832
-9.29644
-11.16123
8.96274
15.25434
6.57599
9.70406
14.54599
-5.63725
4.53995
-12.65550
-9.76629
0.95915
28.42186
-5.97066
-10.69889
-6.53169
5.94518
-1.40759
-11.07740
-12.19394
2.40050
2.78027
2.64660
11.92136
20.20895
-13.31551
-17.38404
25.16024
-1.21210
7.42481
2.81194
-16.88260
12.30727
17.47272
-10.29479
3.67528
-8.42474
3.85782
17.95736
-6.75311
14.68959
-1.96191
-9.68831
7.60286
-7.75976
-7.23914
5.54179
0.47505
-3.42371
-7.82964
4.29673
-7.48325
-18.18987
11.07806
6.87620
24.30304
-12.24607
4.41260
-17.92157
-4.74649
10.58037
7.35168
-0.33558
0.02690
-7.80419
7.69609
16.78616
6.00544
31.62924
-7.51746
-7.85972
0.05134
14.33399
-12.46375
-9.74212
5.52401
5.77946
-13.13753
-0.40534
-9.11138
-4.84453
9.05078
2.90122
19.90522
-6.32665
3.28039
16.56123
-1.81157
23.89097
12.00657
1.63077
18.79616
-0.34241
-15.42202
3.76567
0.73230
-2.93643
2.32453
3.45989
-9.82848
4.20169
4.12692
6.29862
-2.36103
-1.52678
-4.51827
2.67409
-17.86396
6.20088
7.18009
-6.43280
-2.96368
4.35099
-3.26971
-15.99841
1.18315
3.25562
-12.33109
-1.61711
3.21129
-6.50025
13.14963
1.56091
-6.96180
4.49530
-17.22671
-0.38934
-3.13951
2.50862
-1.11918
-4.45608
5.28292
18.57169
-1.15523
-8.61569
-8.42705
1.73232
2.84238
-9.08001
-14.48166
-5.11322
17.93624
-0.76938
11.44106
-7.66589
-0.69956
5.31771
6.06590
-15.07487
9.39852
0.59395
6.50526
-7.98358
2.36070
-4.39049
26.87795
9.20065
5.66506
3.53765
-0.61432
-5.53645
4.01172
19.50788
-5.71545
7.76149
-4.57604
5.98824
-8.78001
18.91758
-2.24100
-1.45026
10.45047
-9.61185
-1.20234
23.15433
8.99405
-5.57068
8.63708
-9.05430
8.56309
-5.36762
-17.23749
-5.30611
-7.90804
7.71746
10.77931
-0.46106
-0.95110
4.39228
1.51561
6.08068
-3.75981
-19.69115
8.05451
0.00221
6.07935
8.45907
-9.35830
3.32466
12.62697
-2.57830
-13.53089
4.05888
-4.77966
4.47316
6.73948
1.78369
16.08113
-7.04062
-9.48613
2.77132
-3.09812
-13.13775
-14.28145
-7.53962
19.95441
1.67863
7.99509
-7.90909
2.99697
3.22069
-1.03716
12.55531
-9.32556
0.56718
2.16411
16.49601
-7.57018
0.29711
10.67291
7.36588
-1.54677
-4.75496
-5.65310
5.82216
1.49995
2.70153
9.66810
-5.88130
-2.67562
12.35404
-17.26559
-4.23561
25.06997
2.78734
9.15081
7.97289
-8.54477
-6.81770
0.06184
20.41588
-0.37792
-3.37757
0.22975
-6.49313
0.32252
-5.01049
-19.31688
-10.89254
1.85810
-5.68059
-7.94190
1.18816
15.36607
-2.12520
-2.89461
24.03690
-6.20196
-13.80163
1.94573
6.33490
-6.37084
17.11279
-4.74919
2.36293
-8.16536
2.62838
6.43519
-1.17301
8.29593
1.42339
5.47624
-13.23903
-20.00356
-0.26938
1.71275
8.53598
-6.65646
-5.90403
1.84680
-1.39484
3.41057
-5.52800
10.66999
-3.39788
4.63852
9.79104
11.95474
-2.52247
1.40321
7.45464
-5.62127
-10.14783
-15.83153
3.78632
14.84543
-17.18443
8.81726
0.36117
10.56147
-0.36906
-16.47147
-22.40190
2.91378
-5.05135
-13.74930
5.70201
5.05843
0.53283
4.97216
3.26813
2.68929
4.27668
0.45085
0.86924
8.81061
7.33127
10.86379
-8.16317
-5.19114
17.67361
-14.19383
-3.48567
-3.42050
-9.65317
13.35641
7.24973
1.09017
-14.44378
12.38822
35.33378
-16.12573
-10.67488
-15.45517
-1.14176
-3.85364
-2.75973
0.11276
-8.26931
-7.36771
-4.52462
-8.58914
1.10609
6.77092
-3.71829
13.14704
-9.16908
-1.90112
-25.73370
-11.20937
-4.03656
5.17970
-14.85652
4.58599
-13.18633
-10.30643
19.17264
4.45798
0.76226
-0.25152
-6.41910
-7.56181
3.01103
3.23069
7.93759
0.12492
-11.52612
-0.55010
-5.27718
-16.90622
-1.60958
8.67197
-7.14178
6.10450
-0.38362
-11.49116
2.73567
7.48495
13.52272
1.82543
-4.07666
5.83407
-3.55768
3.69485
8.66722
-5.36389
16.76713
8.41840
5.50901
11.52676
-0.23502
9.24540
-12.53365
-6.78812
0.52414
3.63444
3.56262
0.21871
12.20569
3.12537
-11.50028
8.65297
-8.69725
8.03976
-8.44123
-11.15626
2.57312
2.39536
-7.78691
11.42126
3.71826
20.41868
-3.20215
15.70716
-12.16374
7.96376
5.87017
5.75445
-15.68333
-5.85302
-0.07729
17.83344
-9.03424
6.16541
-22.94203
5.04049
2.22218
-6.42230
-3.64254
3.70099
-9.36513
10.66529
-1.24274
6.45537
-11.93661
-3.39679
13.78522
-4.39332
14.50128
17.84035
-0.67192
8.72528
-16.43116
-10.29975
1.00053
8.48676
1.91861
-5.28060
2.79329
-18.91723
-16.04912
7.16784
-11.25339
6.79024
-10.11346
-5.93542
-10.73667
-9.91391
-8.41901
-8.04231
11.50930
-10.10735
-5.22741
21.78553
-11.38900
-4.50354
9.55269
-5.99671
17.28283
-0.80020
7.12157
-26.87612
-10.51998
-9.62132
8.28328
2.53155
9.63140
-0.60081
-0.90513
32.28076
1.78897
1.37775
-6.72191
3.59109
4.86742
2.67755
-15.78293
6.37907
-21.27024
-5.07416
6.55542
-12.38248
-5.08609
15.69918
4.02247
23.36276
14.30310
7.34986
13.73935
1.21132
-3.91523
16.80901
9.42386
-6.98219
-2.00582
5.50101
4.30049
0.59133
0.52449
0.20169
-3.76255
10.88502
-4.83077
-9.24358
-2.64980
-11.26367
2.49400
0.85643
-11.15769
4.83208
-2.34374
-1.70126
-1.84785
-3.12857
8.37121
8.14190
-5.69737
-5.97588
-3.62653
1.18671
-17.88621
-10.58702
-9.14131
27.45777
-7.42089
3.68415
19.01630
-18.06796
15.12345
-2.00181
0.71474
0.79462
9.16748
6.35809
9.70453
18.05977
9.90577
-26.12384
-8.30220
-1.42975
12.56455
-22.76631
-1.88687
-8.23627
-9.70046
18.41214
-15.96196
5.78980
-4.95117
4.36592
-29.36927
-16.92774
-0.64904
12.24331
-16.16307
-5.94230
14.33630
-12.21941
-0.57973
3.90456
2.41129
-1.16337
14.29729
-2.98436
-12.97547
7.04258
14.08615
-9.31662
-10.67638
-9.96100
-11.08553
8.81195
6.92080
2.10972
6.66196
-3.93161
-3.78380
7.68111
-10.82254
-10.20501
-14.96100
-13.11127
-16.23452
4.93655
-0.58919
-4.45062
5.41567
-3.00053
8.87028
7.33383
-7.52112
-0.12860
10.15106
-14.03506
13.42578
1.58088
17.26637
1.76458
3.27925
-1.38097
4.33083
1.07460
14.54449
-7.11359
-8.84800
-5.70819
-2.31056
-3.31767
-6.89450
5.40396
-8.65034
-16.64751
-19.87819
-2.33636
-11.18406
-9.87386
-6.94905
-11.06241
17.30101
-1.74697
2.57285
8.27717
12.45962
3.34532
7.73768
2.05748
9.28930
-1.57505
-13.87877
17.83126
-26.27031
9.98527
-5.98144
29.51601
5.62635
-4.06592
8.16958
5.80787
3.79761
4.30046
-16.16655
10.61212
-3.83815
12.87729
11.38144
7.06005
-16.54298
-3.55943
15.84453
-2.09857
-17.19960
-0.02273
4.61485
-5.69007
5.33655
-19.94516
5.37160
10.36132
-8.81808
4.44957
10.53424
5.69451
-9.71649
-12.74785
-4.84850
7.75524
-8.97368
-3.58083
-5.53390
6.99257
-4.06753
3.02678
-8.43119
1.08217
11.12841
-0.81446
3.98100
4.03608
8.76848
2.47424
0.49628
-16.03642
-2.44027
-6.43522
7.54832
-18.67283
14.76004
-9.28897
13.25979
12.61287
0.78099
7.72507
16.59336
-6.41135
6.89806
-2.71927
-3.31651
-5.45315
-2.42400
6.61937
10.61630
-9.53902
-5.69778
3.58998
6.28119
6.59870
-2.69052
-19.74593
-12.19953
7.23463
1.53042
-12.50312
-10.50095
10.07754
-4.88501
6.05798
5.69478
-3.45066
-7.12505
4.48329
-14.02038
2.72958
-15.11907
19.28642
-6.14401
11.30862
1.01750
6.92478
-13.82676
6.30990
-1.84231
-12.06903
-8.67712
-3.22177
-0.75336
10.96366
6.28109
4.83052
-20.73494
2.77614
24.66775
4.21172
-9.86942
-9.13930
2.54881
-1.29702
-7.47081
10.35816
6.96579
6.90696
4.69787
9.94980
14.87298
5.75138
-0.75191
-7.14666
-5.01420
-12.25132
-8.18016
-1.35438
11.44306
14.34761
-1.34495
-14.11869
-1.17870
-13.86773
7.31364
0.98801
-4.75693
4.00978
6.94754
13.19764
-9.39960
10.54516
3.04448
4.67357
7.26182
-0.90858
-15.15843
4.35072
-28.07681
1.38256
-9.07575
6.92132
-5.34175
0.74061
2.98297
-5.34520
2.68643
7.83085
1.90458
17.93027
0.62962
2.88927
6.00110
8.50059
-3.13067
1.71253
13.34667
-0.72305
6.80923
-11.22642
-4.82209
-10.18638
15.73482
-5.21652
-5.69473
-5.57563
-1.02983
-5.02242
5.71488
10.21663
14.12697
2.44432
-7.69822
-5.49675
3.54292
8.40401
9.30671
-7.04567
-8.29833
-1.06096
-7.94953
5.58159
-13.08796
14.65492
-2.20150
-1.37582
-16.92558
12.37439
2.07778
8.59485
-16.47793
5.99923
-7.93583
-3.88603
-16.88498
-15.70243
-9.34001
4.34617
4.74188
-4.95923
-15.01053
13.61605
11.02162
-3.49712
-11.83881
13.67643
-8.30058
12.68343
-22.12951
12.04290
-14.65728
4.45020
1.24870
-3.54573
-3.53394
5.47824
1.49204
12.33776
-7.42432
-14.41733
2.26530
-4.55488
-0.51670
-0.59234
-1.24702
-1.15577
12.89100
-9.21969
-1.34137
8.52803
2.06385
5.98932
12.67447
-6.65943
0.27083
-8.32413
14.39982
0.76011
18.54895
-4.26152
6.98708
8.55382
23.46784
-4.13010
-13.16261
13.01018
2.57447
-13.90542
16.71677
-27.94458
-19.41252
-14.53569
4.86280
-0.65255
-14.34420
23.39792
-3.44386
-8.46256
2.56887
-1.84616
-8.15269
-1.17104
-7.27089
6.81402
0.59960
-6.22625
-2.12064
11.91503
15.88186
10.59778
4.70472
-1.65370
12.61649
-2.87338
-17.69963
4.51547
-11.04064
-11.31277
-14.77178
2.38098
14.58790
-15.34515
-6.03559
-8.54381
1.75086
-1.90094
12.76246
6.33811
5.19503
-3.75099
-13.10995
-7.43475
3.65253
-1.92119
-7.30980
6.56066
4.05281
-7.62003
-8.03972
-9.93416
12.29112
-4.84344
-1.02171
6.12802
-3.62294
3.30442
-2.79094
6.11583
-2.42532
-2.95265
-10.01810
11.59168
8.42407
0.26045
11.09212
-0.43683
-5.48227
21.11554
4.99294
-11.65044
1.89128
-2.17379
-10.79737
-2.38028
6.27818
13.17667
7.28151
3.60326
-8.94013
21.05049
7.62441
-16.38723
-12.40987
10.14748
-8.06791
-1.42482
14.33620
-8.63430
-15.53840
20.18062
-2.42569
-3.11594
0.75218
5.53068
4.36934
-1.29234
-3.56505
14.72218
4.75190
-9.23635
-8.48178
1.72877
13.60731
9.38307
0.18683
-16.32916
6.74486
18.37404
-0.02489
-16.51035
9.50792
1.44819
-19.38219
1.71325
8.54640
7.98908
-6.70314
-0.88154
-3.08911
-5.39515
-20.19608
-2.69412
1.93494
5.29264
10.87387
11.05822
-17.24413
-7.43665
16.10583
-6.44114
20.80464
17.53317
-13.26999
14.08987
1.90802
-14.10695
27.02306
-4.07259
1.92221
2.24097
9.31299
-1.99206
5.53666
-4.02963
-7.84604
6.09871
-2.64742
19.70213
-5.42329
6.50039
-1.13817
-1.11983
-1.62823
3.34677
-9.99231
4.42108
7.47862
-2.87091
3.51081
20.16613
-11.25950
22.03451
-11.83944
-12.26423
5.20251
1.50504
16.39303
3.46701
-0.84374
-4.85316
0.28410
-6.94935
2.94136
-5.57523
-9.14466
17.18811
-15.16530
8.02450
-2.11566
0.64291
10.68719
5.28805
4.96410
-4.74858
14.19721
2.16707
-3.86509
-12.38107
20.79834
-14.15876
7.62264
13.03637
2.86626
8.92996
0.94928
2.37538
-7.93418
-11.11381
-5.72726
0.53147
6.36080
-8.59057
-7.05758
2.62784
3.24506
-0.69115
0.59533
-11.63407
-17.11171
-1.26530
-5.79512
-0.87505
-12.19731
-3.28916
6.45743
-5.43180
-0.58624
14.24104
10.89223
-11.50249
4.12236
-21.70463
-0.29174
7.88241
10.94045
-7.87952
10.39073
3.35460
11.19276
-9.33035
11.88963
-17.85522
-1.13932
12.95396
1.45925
18.63767
13.88044
18.25874
-12.55721
3.04340
-2.45975
6.51944
-2.64596
1.08630
2.37836
-6.76946
-2.57669
1.98373
16.63698
7.23438
-14.57800
10.88264
6.52501
-9.17347
6.48595
2.82124
2.49807
2.18595
-1.43618
-4.14994
4.66071
3.06407
3.44991
-12.43567
1.95535
-3.62425
-11.16302
4.77984
9.22242
2.73757
9.44401
-1.43348
11.00605
0.33250
11.97848
2.55099
-0.14179
-2.77655
6.79970
9.74257
-15.36920
2.68232
-12.44468
-1.08346
-3.70523
-0.56118
4.07371
7.91316
17.67919
3.45038
-4.35206
-0.41328
-0.52621
-12.01203
-9.72139
5.04044
-8.69874
0.57990
-15.14745
-11.57217
5.04040
-9.78021
-4.39893
-4.60524
11.86840
1.16631
-11.77432
-24.54325
-5.13930
-6.78262
-15.86460
6.18531
3.66058
-5.24679
19.54505
12.37413
1.70390
-16.01687
4.63846
9.90995
4.02019
9.16036
-0.13131
-0.65063
-8.72711
-0.33131
-1.73152
-1.88244
10.37454
4.55619
-3.68684
6.41432
10.55751
-18.28811
5.71551
10.11273
-16.05234
1.24971
-15.22436
4.48884
12.76636
-1.12558
12.33352
-6.18228
-2.94671
11.41067
-1.67103
5.10074
8.74341
-1.89507
-4.34202
-4.46803
-6.83267
-7.73693
-7.91571
-11.69788
12.11820
1.53698
-6.24587
-4.10995
-5.44245
11.34343
6.96645
-0.22262
5.41371
-3.62441
-4.24445
-4.25108
-12.07394
-4.47268
8.29433
19.92077
4.69735
-2.66063
-1.91872
2.29607
-3.59243
-9.83269
-12.16360
10.07887
8.68594
-7.38637
-6.20735
9.60489
0.99223
24.40120
-8.92891
6.00503
-20.97607
-16.64467
13.41078
13.39216
16.94232
-10.88226
-15.32541
-9.51395
-17.67866
8.26987
13.89294
10.67562
-7.32863
12.40042
0.42046
-8.16087
13.57697
-8.83548
0.65007
2.19144
5.05555
-11.43668
1.42897
16.98013
-2.65607
-5.08080
-8.31612
-11.92724
-8.14096
8.92093
-0.35229
3.30795
4.52624
18.36270
16.34159
-0.65109
-4.52366
-2.55347
-5.90304
-7.62586
0.53757
-9.44995
9.58785
-0.15682
19.19308
14.01308
-0.29076
1.82593
3.44084
4.35401
6.23333
-5.36743
0.61915
14.46032
3.87446
-13.08477
9.07979
-1.54488
6.37015
18.98774
12.29766
19.36041
2.49556
-2.04598
2.79371
1.27788
0.89323
-17.05479
12.61673
-3.03759
9.78300
10.88629
-0.29167
10.96884
13.59731
-1.63319
-5.19436
-3.43090
-7.77535
2.89598
-17.80491
-10.64066
-6.93247
18.09436
-0.91158
-4.26208
-0.77907
0.75881
22.97995
-11.27144
16.75520
5.69407
17.13497
-16.39466
16.36048
-3.47668
18.82612
-23.16031
-2.53505
16.37443
-3.94917
-26.35311
7.02849
18.17489
7.63656
-12.36600
9.68897
2.55896
1.66314
6.51707
-0.11585
-9.91173
-0.37281
-1.44008
-2.80506
15.52661
-4.00098
-8.72552
2.86445
-20.11566
15.11114
-1.78426
-8.26229
5.43251
-9.49991
9.36365
0.29219
0.88213
4.69751
13.40896
3.15678
6.39811
1.93128
-9.32066
2.72250
20.50407
-1.42077
7.16520
-24.46174
-18.60182
-5.32525
-8.62078
13.91089
-4.80072
-0.44888
-10.63676
1.55008
7.90577
3.96180
17.43810
2.34859
5.00866
-0.28529
-8.09467
7.73686
12.55538
-16.61933
9.18676
7.51977
8.68101
13.44038
-4.17725
-0.96371
-4.75281
13.66891
17.73314
-7.99119
8.01404
-4.19122
19.46558
-3.05731
14.99970
4.13108
19.82572
-2.72835
-1.79654
-21.60177
-20.24450
-11.48119
7.74985
11.64906
-1.12358
-9.26239
-0.54709
-6.39922
-14.84123
-3.13951
2.72628
13.19907
0.56734
8.72100
-25.83742
1.29769
15.76897
4.16940
-4.05893
0.24939
-14.92830
30.30708
0.04829
-7.87562
-9.24416
2.62010
-7.55153
-4.95773
-6.02485
12.19986
5.39226
-0.65890
1.72179
-12.46355
-10.48084
3.50018
2.08264
13.57695
-6.53089
-3.38957
-6.21271
-9.70015
-2.39909
-1.16197
-11.55001
-22.74450
-2.67485
-9.76387
2.17863
0.32207
2.03591
2.57334
14.92775
5.92268
0.64718
11.68009
-18.13340
2.33346
-0.93830
8.89684
-5.41669
0.74535
-7.88068
-0.73938
3.92742
-2.86048
9.07567
-2.55983
7.92558
-8.78097
-0.12517
-1.29050
-2.04487
-3.23682
-6.06975
-1.12779
3.95680
-18.58633
0.66343
11.48308
-7.28586
-12.45590
-19.82234
8.28720
6.44933
11.94440
-11.37253
1.12788
4.91198
10.00899
1.36932
-6.37623
14.83166
10.03129
0.99076
4.66268
-6.68355
-11.16141
6.77139
0.71579
-11.77972
3.59554
-7.53764
8.45696
10.99678
-9.96249
2.96838
-7.95080
-3.95315
-4.97000
13.03736
-8.22862
31.76688
1.80363
8.10863
4.86400
-12.59189
21.24359
0.11234
-18.97321
5.91474
2.46072
-4.37078
3.38615
2.23992
7.58679
-19.73459
7.40326
-11.20132
8.41525
1.05268
-6.19867
9.02215
-11.52283
0.52821
3.86827
-5.26381
16.29637
9.08287
-4.23027
-0.03393
-15.49898
-6.97768
8.28507
-7.61227
22.62557
13.39598
8.09952
11.34094
-9.68789
2.49613
-12.53759
-1.65391
-22.80802
9.44421
3.53661
18.48015
5.40191
4.74237
0.99025
1.28210
0.74232
-14.76208
-20.29607
-7.15603
-1.04649
-7.58456
5.99249
6.77981
-13.14680
2.29827
2.55319
-3.91036
-4.72402
0.37141
-5.13652
-10.65860
-2.99545
18.52662
-3.93304
20.97013
3.20488
5.68462
16.19669
8.84692
0.37663
-14.58722
0.77069
8.93200
-9.63492
-8.14597
-4.71380
-10.37779
-7.67472
-4.59868
10.55968
-6.97302
-6.18469
0.85861
2.04738
13.31171
6.25416
26.17596
0.82049
-16.36141
5.15019
-1.26836
-9.52411
-2.35535
6.90813
-7.08705
16.31527
13.39340
-6.21728
-0.10770
-19.31621
13.68237
-15.23159
0.02946
-7.79562
9.63464
-5.74931
0.30574
11.88527
7.91757
14.84750
-0.53274
6.94879
0.14446
-19.14386
13.52407
3.70898
-4.56484
23.14765
-3.51935
16.20663
0.81364
19.28411
-0.13725
-3.14004
-22.50220
1.09237
-15.07432
-6.00814
-10.05470
-11.69192
-0.68340
-2.71141
9.65965
2.74646
-1.72299
-27.07440
1.46537
9.74695
-9.99056
4.99945
0.40465
-4.15448
0.16386
-10.88867
4.03547
3.31116
-11.47946
2.08291
7.09765
1.12996
10.42531
-5.21003
0.98259
7.31262
1.64058
-14.27328
-1.79691
7.89816
-0.05606
-3.15218
21.07431
3.93370
4.34955
-1.35420
-7.20915
-3.69901
-13.81911
1.44084
0.24957
-8.91342
2.65734
-4.68215
-2.09963
-0.73495
16.57422
-2.03349
-4.74337
-18.51957
3.35527
4.40741
-10.99938
1.23639
-17.14164
-5.84440
-10.65309
1.03281
0.70880
-17.00048
1.04483
1.61634
-14.51747
6.08832
-12.33573
-0.99124
4.02674
-8.69134
2.18956
3.48740
8.45357
-29.89843
8.26280
-0.21952
-1.14097
-4.81060
12.05302
-9.83670
13.69349
14.97660
-12.98887
3.81238
-2.76943
-27.31709
-11.17443
7.68789
3.73685
8.50602
-20.58133
-7.19942
-9.59354
25.57657
7.08273
-2.68982
-8.82785
-8.69268
8.42949
5.70263
-7.09610
-18.70253
7.20197
-5.29355
-2.73049
-10.54536
12.39607
-2.40677
-3.93676
-25.39611
-12.53383
-12.70612
10.39666
-5.60984
-8.02446
7.71130
-6.35747
-10.90762
0.80174
10.76224
-5.56512
10.84211
15.38865
-9.55272
7.28439
-10.79052
-14.20743
13.33853
8.98434
9.73500
6.96136
1.89144
3.12874
1.39064
0.98021
-14.55368
5.50333
14.68528
1.18765
0.45595
-7.62029
4.78547
-3.21865
-4.27636
17.74579
4.51472
-11.44876
-2.77581
6.08965
-3.04635
-11.17142
9.12278
1.88944
-11.45422
-2.79551
18.67251
-6.52891
-1.04254
5.48146
1.95977
0.32860
4.15085
9.51513
11.17252
3.20548
7.13831
-5.31313
-2.05575
-19.70319
11.94709
5.76862
-11.92856
-4.07114
1.99636
2.97274
2.97803
7.32857
-3.34420
-0.74144
-10.19632
-6.85435
18.82466
1.79016
2.14972
10.37347
13.73912
11.96916
-13.33816
-16.84889
-10.02422
-4.28029
-9.91330
-11.04646
-1.20162
6.48792
-10.79198
-14.08002
-12.39327
5.01642
-1.93081
-1.16736
17.25645
9.77778
22.45776
10.32007
-8.17181
4.55190
9.93213
2.85168
9.61072
0.09073
-7.94266
-13.09843
-1.53113
18.11567
-0.54954
-4.76677
-10.33430
-8.83012
-12.45585
-11.39439
9.67414
6.78233
-6.56272
3.51145
8.95137
-5.25637
-6.10259
15.57678
-2.01574
1.24002
0.40778
13.20032
15.06508
7.84699
-9.89274
11.87056
-7.59562
-1.47036
-12.91923
-4.95582
3.99570
-16.83467
2.68882
-19.14936
-9.12161
-6.59114
-9.12046
3.64237
-9.22063
-0.07558
1.18680
12.32707
-16.93784
-1.15803
6.55936
-9.84300
-20.12193
4.99581
-9.31028
19.96356
-0.33541
-1.46154
-4.33040
-8.03327
12.02512
4.36476
10.04626
-5.14308
-2.75860
-2.39329
-2.35409
-11.94645
-3.52011
3.92564
22.73230
-3.04713
-1.15771
9.01710
-2.53240
-7.25401
1.51243
20.59734
-1.14883
19.92381
-5.00099
-0.56416
-14.20715
-13.79587
17.29147
4.33213
9.27101
-14.33188
17.12744
7.02333
-15.41071
-0.98360
5.61249
-4.78065
11.24467
-2.53414
1.20356
1.69033
-1.43709
-5.44852
-19.27656
21.36493
-0.52983
28.17680
-4.45219
5.07514
-4.33797
-2.23033
-17.58542
-5.44776
-8.88993
13.55358
-17.55498
-4.69681
8.56384
-2.38161
2.99977
1.49662
-2.88632
-2.60773
1.47473
-2.30015
-11.22067
-13.87071
3.61099
-11.40996
12.00599
-6.23370
11.54022
6.95103
-7.45193
-7.93445
24.26676
-1.37054
-10.36552
15.78176
8.47365
-6.03605
19.16474
-4.61958
-15.02017
-11.83922
-15.97302
2.67293
-9.25802
3.25816
-3.15947
5.15800
-4.99911
-13.22381
12.18371
9.66964
2.81596
-12.44499
-4.76806
-3.88667
6.50787
-2.10333
-1.87349
2.03537
2.33381
-8.60941
-0.91283
0.18831
-10.25672
-4.06501
0.01173
-8.68890
11.48182
-5.42680
0.04882
15.57887
6.97512
0.40036
-2.84662
-5.25984
8.01455
8.73786
-17.96954
2.61700
-0.45475
-1.40184
-0.78511
12.42091
-1.03946
-9.19827
-6.00477
-13.94270
5.99798
6.22260
11.58624
-0.22556
5.62146
2.98351
12.88130
12.82891
8.21710
13.19606
1.02510
6.45091
-3.56883
-0.03877
9.56351
-32.68787
5.40906
6.10403
-11.07043
7.29855
-7.19941
-8.07952
-8.00812
1.29420
4.06333
18.46102
-15.43898
5.12436
28.76706
-8.41672
9.72894
3.80444
11.20525
4.07939
-10.91624
17.18774
14.48182
7.27596
14.31468
0.42421
-4.04636
-12.26528
-15.13554
-6.92829
8.23155
-0.46979
-4.23104
2.99904
3.16584
15.10994
4.47615
-11.00533
16.29855
3.44660
-17.69430
0.11727
3.20318
-1.73103
4.15799
13.61494
-22.15756
4.38584
2.04125
-4.85775
0.51472
6.17948
-13.85536
-20.85420
-8.20999
0.63830
8.33596
-8.67191
-3.68766
3.00535
11.07547
-9.73234
-2.96002
-12.37130
7.06580
1.39362
10.04157
7.26271
3.53135
-0.51299
-5.34885
3.96732
-11.31118
-13.26849
-2.67953
0.59712
-4.65208
14.32177
-1.87466
-4.97565
5.70774
12.63295
10.40901
-1.19176
-13.52159
13.07174
1.35637
-1.71744
-4.94179
11.17341
-21.41784
7.73389
-9.97256
-25.82870
5.53806
-7.29956
4.48294
-7.89074
-3.53562
4.99307
5.08543
14.60968
0.73324
-12.76263
2.55237
-19.10184
-6.53491
-1.24059
-0.69221
-13.60786
3.03502
20.36889
-5.83533
-15.23009
10.87033
13.57273
-13.74286
-3.17710
-12.63102
4.58789
11.16395
22.45313
-2.58028
-12.45792
8.29162
7.25272
5.49892
-5.69279
-12.17176
-11.93375
-4.08104
12.69059
4.78544
25.14353
-0.85871
-1.94088
7.51725
-0.46521
13.48214
-4.02787
16.47922
-6.84115
-6.81107
8.84700
7.52115
11.77456
-5.47225
-19.26160
-6.21083
19.12979
-7.62990
-0.39685
-6.08734
-2.96291
-15.18562
9.80745
0.42117
-16.39265
-3.34367
3.78822
-18.17753
-14.29709
21.28550
-3.05411
0.55439
-0.38066
8.36406
-9.42682
0.81918
-10.25221
-17.41179
9.64124
-7.88532
-3.96434
-9.82971
-9.87107
-8.12977
1.52319
13.25707
0.32533
-0.20637
22.04002
0.13443
-4.19035
-7.15433
2.16910
-5.52397
4.35503
-1.18093
12.15367
-0.69627
-1.54137
-4.49520
8.51948
-0.50697
-16.52062
-15.96560
-3.31731
11.92322
8.40844
7.23446
-4.87138
-13.56283
-12.40217
31.27475
0.29622
-2.70628
8.63766
-8.38088
7.10209
-5.81739
-16.88926
10.59827
9.18575
22.11746
-0.72894
16.53509
6.11327
-33.18481
-11.58879
0.11459
-6.92558
4.94492
5.29631
9.07519
-15.75623
1.08285
-11.03223
-1.56592
-8.30052
26.54332
11.84709
4.50310
-3.83131
15.12331
-12.32185
-10.71824
-1.96168
-11.13831
4.15116
7.45894
4.81050
-3.22006
4.65269
5.48611
2.61495
-0.57016
-13.72395
-3.02343
-0.23261
-10.91557
-9.58152
15.91194
8.17509
25.57438
4.34924
-5.50287
-16.14447
10.30228
-1.14384
-1.29111
-4.56791
-0.62808
8.34049
-4.73473
-6.37077
9.12606
-1.22395
2.51677
-2.98251
-3.42117
23.70047
5.46811
8.55514
-3.41290
-2.14662
-9.62871
-11.19420
-5.80530
-6.11027
4.37724
12.02310
9.73893
16.07691
-2.46446
15.50004
14.34656
-7.17977
1.85426
-3.33772
4.80400
-12.71634
4.90602
-1.86180
-14.98975
11.36574
1.07368
-9.52235
-0.34775
5.92600
5.87549
-7.64941
-4.25178
6.22366
-0.78115
11.04879
6.46306
15.44400
7.42050
-7.78651
6.55230
-5.99469
-2.59651
3.67678
0.96831
-8.12866
0.76002
-11.52808
-3.10387
9.21927
5.28987
-6.27186
-4.58694
3.16224
-19.92634
-1.23701
9.92451
-4.09160
4.59136
-16.20945
-23.64420
16.97204
6.40352
-6.36233
-4.42103
-7.26868
-12.50835
1.67295
-4.45759
-5.32573
-5.77424
-3.27056
-11.80344
6.23728
14.39244
25.28732
-12.97515
-4.70293
10.23382
19.61393
6.86767
-14.23895
-0.44250
-0.66306
1.43282
5.28847
-3.10494
4.37551
2.73185
8.04983
-13.80824
-0.15144
-5.35995
-0.98917
2.12785
-6.35697
-5.16588
12.40890
-1.32108
-2.69712
-8.30436
-18.36684
16.86265
-11.04690
-4.88331
-13.57366
4.53575
20.13736
13.35129
-7.86888
6.23796
17.36702
7.11069
5.44085
13.19382
24.98174
-21.36471
-1.77749
5.99522
3.24559
-1.38733
0.45388
-18.61410
6.63155
-2.76031
-3.40821
3.46297
-0.98420
-0.72022
13.78333
0.26641
-16.94537
-10.38376
12.83486
-17.06439
2.72239
11.19440
9.09913
2.72180
-33.31113
14.94643
0.06411
-9.82581
0.42176
14.27959
7.99319
17.65805
-5.53005
-7.29507
2.33849
2.66810
-5.66449
18.68325
-5.56586
-14.72869
-3.57146
-3.36548
-6.72909
9.43757
-11.15264
-13.74189
3.49112
3.42538
-8.36512
-3.28200
19.58666
7.89312
13.51665
-2.11912
-0.08488
-14.89902
-11.26724
-14.02031
-0.73602
16.19800
-5.61522
0.85361
-3.16741
-12.68507
-6.81083
12.18041
7.22865
-16.93960
1.45849
-12.56437
-8.03654
-2.36968
9.11554
5.15008
-18.24682
8.51842
5.19195
9.34907
-5.59708
-3.27461
1.84792
16.58394
9.82832
16.43473
-7.85926
-2.37019
3.22968
3.93665
0.45665
-3.90298
6.58949
1.66954
-5.02828
-5.35415
3.41159
-9.60612
7.04563
11.16832
4.31597
6.79756
15.50181
13.21403
-8.03812
7.90009
8.25970
-5.53938
-4.20863
12.23930
6.12886
1.99011
2.47538
0.54332
8.14042
-3.81631
7.38648
10.62629
-11.85916
-10.90287
-10.86734
-1.70035
13.36119
0.73736
-15.55568
-14.52527
11.31004
8.79609
-2.31223
-8.40247
6.76177
9.83917
-6.18897
4.13864
-4.21959
-3.08891
-10.71724
-13.39893
-10.62211
-7.41231
-6.83286
-0.32202
8.63976
-2.26239
8.13708
-16.71089
4.92606
15.14717
6.84131
-11.59908
2.29681
14.22800
15.24276
-0.77594
14.23096
-9.32138
-8.11527
3.05795
13.04864
2.18227
14.00555
7.17512
-2.03431
-8.91586
-13.27259
-10.06413
0.19748
-10.40440
-12.71126
9.71551
12.86472
5.90965
-10.51416
21.93488
4.37636
9.70978
-4.93828
-18.72407
-6.48122
-6.93836
-7.14332
-14.60574
-1.78631
-3.72551
-0.97669
-11.36529
-2.47963
-8.80049
-0.32562
3.35146
-12.17418
-12.51179
6.67681
2.11333
-6.51584
0.13423
-12.16381
10.88367
-2.70983
-7.53930
7.59620
-1.51702
4.86475
-8.79362
-10.34082
10.37614
12.57188
-6.42263
-5.26560
-4.23432
3.80045
2.41564
-5.56658
-7.81993
-6.65277
-0.30673
-3.69845
13.97506
10.66263
-25.24739
-10.10641
-0.21274
-4.79497
-20.78653
-7.92099
5.15769
-2.78221
-4.82392
-5.89547
4.43100
-1.37811
-12.77233
5.48240
18.55258
-0.56500
-4.57256
-14.27525
6.67320
-4.69296
-7.56394
0.67552
3.79398
4.57308
2.19249
-26.02735
-0.71396
12.03526
21.01255
7.74710
-8.15307
-9.89623
-4.96682
1.69631
6.96415
11.53651
-9.03013
-6.97277
-8.44308
6.50001
15.11212
16.05469
-0.62319
-18.78141
-3.91105
-12.02910
5.14512
-28.89036
-1.66644
-4.88584
21.49537
6.59071
-4.10936
-10.61943
0.32469
-11.02844
-6.79384
-6.49388
8.03523
3.83283
-2.80076
-11.72013
2.92782
-0.86789
-1.96521
8.52243
3.20373
-4.84421
0.45391
0.25562
6.92744
-21.98253
5.16301
12.62138
12.81548
-6.71604
-17.83249
12.08299
-0.97552
-4.64646
16.09195
10.17420
4.97796
2.74050
-1.83637
-23.73060
-12.58871
-3.90440
-9.15046
3.01961
-6.75015
5.94727
-14.63244
3.99275
-19.10410
-17.19881
1.04956
3.17389
-5.26082
11.03308
-3.86131
6.69108
-1.08297
-4.21456
2.01891
9.78110
11.15091
9.73981
-0.37114
-3.19732
-0.66052
-7.46723
6.18274
9.69872
-14.49199
20.05775
-2.35468
-14.66359
5.34043
-10.29400
-2.18570
-15.82945
-16.44485
3.94717
-19.45800
-9.09477
0.35396
-1.33969
-15.59550
7.99078
-3.71574
3.61441
3.82614
8.12025
4.96905
5.82731
-17.37442
-15.45969
13.11147
0.54871
-12.20375
-4.85008
11.21115
-16.55156
-3.75729
6.69692
20.78344
-10.91153
-8.51065
2.56033
0.83567
9.41290
14.74582
8.22182
16.04258
16.25907
-15.93787
7.71749
-0.94003
16.36205
-11.46093
3.25322
11.45620
8.08437
-2.79993
19.24305
34.36816
4.85442
5.57836
-14.68480
-7.86169
-8.70835
-4.51074
3.81502
6.02588
8.85146
2.59580
-18.95651
-5.11343
-1.41362
2.08412
-3.72238
6.25034
11.37297
9.23969
-1.91788
15.09030
1.17212
-0.21231
-3.70691
-8.45904
-5.50954
13.87921
17.09207
5.40116
-5.42897
-7.28662
3.02187
-0.90859
-0.81679
-7.46712
-4.89085
4.82438
2.48338
-0.20352
9.37379
-1.14568
14.18912
5.88513
10.76226
12.68151
5.70885
11.87539
-13.87513
-7.00292
-5.06570
8.84804
-3.50441
3.08933
10.65734
3.31278
0.60139
0.90741
2.87704
3.54119
3.39817
4.80200
1.42818
-14.25528
3.29162
-7.34064
3.06703
0.55949
7.59265
-1.57942
9.96920
-1.83341
-6.46198
0.28676
12.48500
6.13045
20.42171
-15.62024
6.07163
3.06689
9.31311
2.96497
5.14204
-2.58903
12.47791
8.71000
3.00890
-1.37904
-10.41318
-12.60862
-2.06615
6.77345
-13.47597
3.48319
-0.58993
14.86512
-17.92509
3.45223
-3.24271
-0.71958
18.83216
2.62833
8.63751
4.17924
8.68437
-2.16138
-7.98881
-21.66304
17.92852
-1.82285
7.55142
13.02980
-7.10943
-1.79866
-4.71543
9.96791
-3.96402
11.68912
0.41523
-10.96798
-1.98534
11.37192
23.49506
-7.39090
9.92376
-15.84176
-10.62947
1.37709
-4.09793
-7.69110
7.32586
-16.75029
4.94207
10.34314
6.14594
-7.14273
1.81960
-4.23226
18.77016
1.46575
-17.48537
-11.24007
-9.84029
-15.95947
6.31608
-10.20399
-4.99742
-3.65820
-12.48996
3.53124
-7.99904
3.04547
-13.92656
4.84596
-13.72832
-1.35287
-12.12282
5.33535
16.83789
1.56587
-2.74771
5.79109
8.72161
-5.36737
-0.39254
5.97471
8.55325
0.22036
-7.74863
-2.24786
-4.09906
-0.17017
-14.62044
-7.17330
-6.19250
7.42092
4.78863
2.54870
-2.59561
-8.93266
6.26193
-10.46882
3.30692
7.47460
-2.49883
-8.59860
-12.86664
-7.53827
14.06236
6.04395
3.47455
2.02923
17.78451
10.77252
-0.65484
7.36603
-0.11906
1.16085
-2.81075
4.61382
-11.77489
-5.80122
-16.71876
-3.20558
-1.28260
7.37045
7.57518
3.65139
4.15204
0.78604
-12.16137
-3.05926
0.63160
3.98953
12.19477
2.52193
-22.35014
3.68462
-6.94146
-11.55247
-2.55488
1.81250
-13.39696
-8.30374
-22.49190
11.86909
7.67118
-0.53141
-23.04644
-1.73315
13.29629
18.87339
-4.96259
10.49487
-22.16547
4.51332
0.18254
9.37596
16.41435
-7.08236
-11.29301
-5.56776
17.19064
-28.25253
-4.66119
4.49372
4.66861
1.48130
9.39947
-0.41973
25.04552
16.68673
0.83936
-10.13374
6.48021
2.19160
13.84334
-2.00869
-5.24693
-4.69087
0.01010
-0.46604
8.29664
10.96253
18.26900
5.05700
5.31719
-9.96826
-7.62217
4.92652
-1.93931
-17.71960
-5.24098
-4.34414
-2.86963
7.52366
7.88372
-7.86038
0.66931
5.72699
10.85623
5.69328
6.81062
0.64044
-11.20716
-4.78449
-4.55845
1.44722
17.50123
-5.41475
-7.01800
7.81298
9.23869
5.50579
-13.63509
0.92116
23.50299
4.97820
5.69967
7.12417
6.02699
-0.09651
21.87187
10.18830
5.28334
11.81529
11.52803
9.66218
-2.18196
19.60821
5.54153
-5.79976
-0.43121
9.54583
12.92599
-4.52685
-20.98442
-2.41926
-30.19460
20.66175
8.34179
10.47748
-9.31985
5.04245
-0.33006
5.69952
6.63176
6.83423
