0.14240
3.37866
-0.93353
0.14016
1.81059
2.32937
1.74860
-1.77322
0.47402
3.12039
2.82292
1.68263
0.69504
1.03899
-0.27855
3.92498
-0.23588
-2.53178
-2.17467
2.91678
-3.29366
3.37840
-0.74861
0.22789
-1.83579
-1.29242
2.16653
-1.84805
2.16532
-2.99562
-0.99785
-1.15569
1.62864
-1.32692
1.67402
-0.90750
-0.08439
3.62903
2.20582
-0.68043
-0.89388
-3.95880
-2.16580
-1.31418
3.38860
-2.19090
2.29561
-2.99423
-2.30369
1.88284
0.33549
2.58965
3.00161
-5.25931
0.96704
1.32690
1.55456
-2.62534
-1.67714
2.07092
2.14286
-1.47118
7.21530
-2.92016
-1.25767
0.51579
1.66943
-0.16891
-2.38520
-0.60958
1.38523
-2.45063
1.99696
-1.74205
-1.55011
1.68641
-3.01728
0.64776
2.56951
-0.18097
-0.82923
-2.90010
1.19763
-2.13190
1.99601
1.29258
0.11740
2.10718
-1.18382
-2.03458
0.25628
0.02976
0.20096
-1.19550
-2.72132
0.43532
-0.30720
-2.29840
0.52553
0.34559
4.76459
-2.55120
0.67824
-0.08938
1.56331
0.37481
0.58665
-0.58715
-2.91549
0.25935
0.55718
-0.04936
2.00820
0.34724
-4.27111
-0.77878
-0.27170
0.12319
1.85036
-0.52854
-2.55464
-0.09776
0.82039
-2.05705
1.24289
-1.61369
-2.25586
3.06371
1.23826
2.61251
1.33759
-0.76670
-0.73165
-0.47617
1.92959
0.83896
-2.15912
2.25372
0.67128
-0.18913
1.23019
0.22982
0.52713
0.48948
0.13076
2.06266
-0.29843
2.83428
-0.73374
-0.99945
0.53000
-0.41479
-0.57167
0.96091
1.40073
2.15265
-2.49089
1.38063
2.01961
2.43605
1.34379
-2.20977
-2.67017
0.42561
1.47237
-1.05883
0.79193
-0.94851
-2.76164
2.90055
1.92916
2.48193
-1.68442
2.11840
-0.64633
-1.06043
-0.65698
0.18862
-2.32256
0.02991
0.30114
-0.29917
2.12330
0.79083
-2.38132
-2.14475
1.35021
-1.39229
0.82539
1.34399
0.65274
0.65265
1.51895
-1.29315
0.13030
3.05826
3.44165
-0.97246
-0.16404
-0.11040
0.41469
1.84781
0.79095
-2.46568
1.22318
1.76665
2.93874
-2.21801
-1.32385
-0.30389
-1.45444
0.35168
2.85120
-0.10747
0.72722
-0.46669
1.46855
2.37208
2.65349
0.76913
-0.11976
-2.48479
-0.78988
-0.09342
-2.21762
-2.30845
-3.73400
1.77006
-0.82110
-1.87377
1.31992
-0.08232
-0.45530
-2.23462
-0.70944
-3.51181
-0.27365
1.59268
0.32436
0.57506
-0.73522
-0.01652
1.40713
-0.38660
-0.23170
-0.28119
2.54011
-0.96729
0.02427
2.41345
0.95772
-0.69797
0.42883
1.62569
1.54169
1.83925
-2.68353
2.62800
2.89736
1.74288
1.79878
-2.16759
-1.54425
0.34012
-2.12231
0.83003
0.22064
1.08416
-0.44552
2.05778
-0.77131
0.22619
-2.73982
2.32192
-0.55875
-2.99436
0.47324
-2.63417
1.16314
1.68218
3.86347
4.37747
-1.76431
1.62033
1.02252
3.83913
-0.95152
-0.74848
0.68158
1.39237
-0.56954
-3.59824
-1.21541
4.44844
1.11364
1.10505
3.28663
-0.50569
1.13034
1.31168
0.65717
-0.58877
1.77143
3.08308
-3.72644
1.27522
0.81886
1.31461
1.43402
0.37889
1.83429
2.52482
0.95692
-2.19413
0.04182
0.43501
-0.55287
2.78004
0.14164
1.06710
3.21128
-3.03572
0.19875
-0.63683
-2.55968
-4.50182
0.23610
-0.29201
2.76457
0.60727
-2.91454
1.98682
1.52881
-1.79492
-1.20531
2.14712
-0.36885
0.46144
0.68951
-1.69444
-1.82234
0.23497
0.53874
-1.46937
-0.12273
0.57374
1.68850
-1.04568
1.22850
0.67178
-0.00874
-4.50371
-0.65926
2.00301
-0.11323
0.11487
-0.70943
-2.46877
0.19673
0.43768
0.89449
-2.73429
0.13683
-2.65670
-0.91129
-0.06245
-3.28964
-2.13632
0.33345
-0.59008
1.96644
1.26769
-0.59565
1.09381
1.19197
-0.26297
0.47923
-3.38729
1.78765
0.50840
-0.80884
2.17734
0.04083
0.21773
0.63193
-0.40087
-0.32625
-2.31215
1.56760
-1.73763
-0.63536
0.16758
2.27054
-0.88934
1.76294
-0.28924
0.01569
0.30953
4.56560
-2.24350
-0.99756
0.87157
-0.27873
1.98148
-0.78333
-0.42618
-2.32584
-3.56775
1.99418
2.32530
-2.34938
-0.07869
0.59312
-0.45083
-1.72380
-1.73168
-3.14407
4.18940
-0.31403
-0.26694
-0.07772
2.92653
-4.21118
0.10357
-2.80693
2.17717
4.38217
2.12799
2.84979
1.33910
0.16355
-2.65183
2.56173
0.87168
1.42440
2.58964
3.88477
0.33198
-2.56849
1.34565
0.94158
0.74685
-0.43671
-2.88921
-1.65891
-3.26355
1.89745
0.32468
-0.08981
-0.67679
-0.26430
0.90289
-0.02850
1.30963
0.31669
1.98384
0.91201
-0.44137
3.34953
1.10547
-2.78152
-0.23484
0.72747
-0.26356
1.38804
1.01498
-0.99895
0.13305
1.31161
0.91370
-0.13532
1.18168
2.07518
-0.98589
-0.75004
0.13822
0.72096
-0.01847
-0.73012
-2.30485
1.70494
2.01830
1.60604
0.17055
-0.22923
1.41528
0.40779
-1.96290
3.57534
3.36272
-1.68241
-1.91088
-1.94373
0.46615
-2.74002
-0.37612
-1.79016
-1.10883
1.37182
-2.79218
-1.53070
0.77793
-1.68434
-0.63706
1.44428
1.80976
-3.82325
0.31794
-2.10245
-0.95522
-3.27948
2.63687
-2.06808
-0.20595
1.24321
0.32391
-3.48351
1.20561
-0.68379
1.72037
2.27899
-3.32580
-0.58436
0.28692
0.02838
-0.32212
-0.32197
-0.15761
1.27761
-0.89580
1.48172
1.74603
1.85492
-1.82647
-1.62723
0.96221
-2.04224
-0.39231
3.04456
-0.45399
1.55206
-1.19277
2.13608
-2.26989
-1.70022
0.82808
-0.27015
-1.56690
-0.59145
2.39977
2.65813
-2.59699
2.21079
-2.05311
-2.96080
-0.38298
0.87196
-0.07780
-1.94944
0.08536
0.33488
-3.13569
-1.17526
1.75566
-5.01593
-0.34761
-2.80156
1.50165
1.08028
-2.29469
1.99864
-0.28238
2.65237
0.56452
1.39597
1.12410
1.10346
0.79326
0.97349
-1.80782
-0.58882
0.49596
-0.78100
-0.61257
0.10516
1.47321
-0.02378
-3.51169
1.42689
-2.60596
1.31262
2.29984
1.17150
-0.00422
-2.90853
1.02472
2.34838
0.12769
-0.33423
3.05708
0.43195
1.01424
-4.09856
-1.47468
-1.85810
-1.55487
-2.30198
-0.72777
0.15866
2.60105
-0.94246
2.56640
-2.53036
0.37784
-0.22184
0.18332
3.03840
0.28011
3.73108
-1.87034
2.20343
-2.17337
0.57769
1.97051
0.52846
0.67360
-1.34851
1.93185
-0.45601
-1.12142
1.41930
0.67018
-0.99997
0.50369
1.29394
1.84765
-0.20817
-0.21928
1.29285
2.82695
3.39495
-2.06387
-1.12860
0.32681
2.64508
-2.35223
-1.36615
1.04628
2.10189
-1.08708
-1.28153
3.31656
-0.00429
-2.43322
-3.30978
0.10821
1.17821
0.90624
-3.59516
-1.55346
1.66850
-1.96902
1.59692
3.05580
-0.98768
-0.20859
-2.15291
-0.89983
2.02815
-0.29138
-1.73972
-1.81013
0.12735
0.63931
-1.11055
1.50682
-1.97012
-0.64111
-1.62317
0.09273
-1.62842
-0.81539
-0.78552
-0.46707
-4.09796
-0.22615
-0.05574
1.43052
-0.14703
-0.31542
0.94521
-0.62893
-0.51088
0.63486
0.21752
-0.90700
-0.72930
0.59691
-0.32687
-1.14067
-3.27517
0.45475
1.33235
0.67470
0.67169
0.55967
-0.98265
1.28812
0.44756
1.85909
-2.98719
-2.33693
1.25655
0.42592
-0.76109
1.29727
-1.69111
1.10614
-0.48683
-0.72104
-0.25791
-1.18097
1.59268
1.65235
-0.94010
0.14694
-1.97506
-4.17427
-2.61915
1.28628
-0.95495
-2.39046
-0.55524
-1.32234
-0.09270
2.58487
-1.65371
2.14887
0.32693
-0.67426
-1.34362
-0.35436
3.78936
-4.23996
-0.38635
1.75303
3.61508
0.59398
-0.11897
3.24321
-2.61852
0.64838
-0.08217
-0.57151
-0.09196
0.72138
-1.33910
3.40125
2.87220
2.16276
1.68016
1.45939
-0.39164
-1.27176
-0.73356
0.09262
0.59586
-4.26419
1.13174
-3.15956
2.58005
-2.78871
0.78185
-3.02229
1.94074
-3.25364
1.09145
2.22319
0.54891
-0.41880
0.63562
-1.46465
-1.82050
0.49384
3.56260
-2.60691
0.80999
-2.40610
1.99449
-2.17122
2.18427
1.06648
-1.65863
-0.32150
0.62082
2.67713
1.29315
0.35137
-1.64316
0.06081
-1.32024
1.83688
-1.55625
1.42979
2.24795
-0.73152
0.27827
-0.81587
-0.50466
-1.13146
1.37494
0.58176
-2.90185
-3.78352
-1.09498
-0.36601
0.09012
-0.86573
-3.29405
-1.06953
-0.73908
-0.57393
2.95516
0.28565
-0.94713
1.96620
0.98524
0.39955
-1.00142
-2.80114
-0.72598
0.85844
-0.11911
-0.66618
1.26545
-1.15546
1.74242
-0.87322
0.16020
-4.96680
3.35475
2.33884
-0.60270
2.92365
-0.05992
-0.14458
1.42658
-1.88315
0.25025
-1.20810
0.11992
0.37511
1.42520
0.50318
1.83735
1.84744
-0.79176
-4.63246
1.07101
-1.51862
2.49313
2.44984
-2.51938
0.48563
1.50690
2.12445
-0.50327
-0.82085
-1.22068
-0.93049
-2.07710
1.20100
-1.46755
-2.93463
2.28824
1.16504
-0.02657
-0.71481
-0.74004
-2.09723
-0.51319
-0.35789
1.57295
2.51568
1.21450
-1.89795
1.41641
-2.75780
1.47000
-0.75604
-4.86557
-0.76974
1.69031
1.72295
0.25379
-0.35273
-1.20849
-1.86138
0.69664
2.14638
1.89148
0.20786
-3.07102
0.82631
-0.74365
-0.29189
-3.03055
2.01751
1.71597
-1.22827
-0.09209
-2.08163
0.74696
-2.38927
1.04675
-0.07357
1.61729
-2.65839
-3.04981
-0.23738
3.51335
-3.86866
-1.10955
-0.41961
1.07065
1.28711
-1.37973
-1.00890
-0.24730
0.95916
-0.35460
2.27192
-1.51200
-1.48412
-0.62045
0.50120
0.56504
1.82526
1.93942
-0.34051
-1.89050
2.05490
0.26148
-0.09348
0.81822
-0.05704
-0.13875
0.90617
2.55445
-0.00699
0.04804
-0.34591
0.92248
0.21607
2.38547
1.13838
0.30968
0.74219
-0.37376
-1.81585
1.25155
4.31539
0.32548
1.06722
-3.06189
-2.50456
-1.78928
1.35488
1.95315
-1.02791
1.11781
-1.45729
-0.18281
0.85540
3.44179
-2.22888
3.90799
-0.91432
0.02311
-0.09720
-1.39269
2.12016
0.33192
-2.81278
-1.36043
0.45135
0.13339
-0.08162
0.93937
0.67903
2.42151
-1.19503
0.26483
-2.47232
-0.42916
0.56880
-0.33679
-0.00052
0.61514
-1.71163
-0.54559
0.46610
3.12091
-0.23055
-0.74130
-1.82655
1.27696
-0.36787
0.21497
0.07810
0.82791
0.24619
-1.86048
0.61058
-1.02630
0.23016
-1.95907
-0.46446
0.61986
3.35318
-3.04442
-0.01977
-1.65504
2.81447
0.36469
3.09574
-0.16004
1.15762
-0.05602
0.37568
1.21933
-1.89441
-1.91907
-0.71664
1.13040
-0.10754
2.56061
1.30865
-1.15780
1.70641
-0.96678
-2.12193
1.43072
0.83487
2.92196
0.11169
-2.78391
-1.22390
0.71503
0.03949
-0.19551
-1.41590
1.22710
-0.85835
-4.15671
-0.27413
0.04759
0.02370
0.39987
1.24934
0.49176
0.10808
0.22254
-1.37552
1.58514
-1.44390
-1.40816
-0.10158
3.54953
-1.60837
-2.31950
4.36455
0.11493
2.04303
2.90032
0.92067
-1.86172
-1.74142
-4.13651
0.82896
2.09813
0.36416
1.56084
-0.12674
-0.49344
0.98915
-0.10983
-1.58634
2.46109
-0.74792
-2.07358
-1.98637
0.33330
1.95452
1.37077
-2.26972
-0.96152
-2.19360
-0.34240
1.42572
2.18341
-1.08761
-0.17663
-2.06328
1.42269
-2.56195
-1.26099
-0.38985
-0.26711
-1.22900
-0.78523
-2.31370
1.11550
0.53383
-2.03961
1.88694
-0.13685
-0.74811
-2.21434
0.44789
2.05635
-0.78188
0.82253
-3.69400
-0.00042
-0.31279
3.16774
-2.16726
2.49914
-1.32841
0.79977
-0.17563
-0.01946
4.65265
1.07746
-1.11526
-2.27972
1.53838
-1.13877
0.52947
3.75825
-0.30745
-0.38770
0.27628
1.33593
-0.25674
-1.95934
-1.81504
0.19916
5.24384
0.63921
0.47244
0.83122
1.19435
3.39130
-0.80780
-0.25063
-1.49685
-0.88170
-1.61448
-0.21088
-0.31019
2.40896
-1.87398
-3.85379
-2.58326
-2.32529
0.94059
-0.53142
-0.42641
-0.29935
2.27267
-1.04208
2.93117
-0.10001
-0.33544
0.35838
-1.56948
-0.09069
1.19828
0.38954
3.26674
-3.27598
-2.96638
-1.67722
1.84454
1.06040
0.92349
3.10937
-2.96615
-0.07684
0.14889
0.22638
-2.09254
-1.07790
0.18725
-0.76381
-0.89013
-1.24474
2.80668
-1.42239
-0.25946
-1.03825
3.17124
-2.65329
3.44401
1.31090
0.63107
-2.05810
1.68783
0.77892
1.48293
-1.82778
2.09207
1.52649
1.19420
-0.75859
3.28699
1.60312
0.89159
-1.35126
-1.99390
-2.30530
-0.27878
-3.19281
-0.35718
-1.59016
-0.61200
-0.88479
-2.27706
1.03988
2.66793
-2.36071
-0.21307
-2.35234
-0.58819
-1.10624
3.46104
2.98865
-0.23130
2.72439
-0.27086
-2.34257
-1.77066
0.22746
-0.34786
0.52918
1.43275
-1.25909
-0.22430
2.20677
0.31021
-1.92698
-1.02119
1.74643
-0.64920
0.14245
1.94704
1.85088
-1.85242
0.94126
1.82694
0.77985
-1.21245
2.37951
-0.70258
2.93023
-1.04326
-1.70731
-1.57149
-4.06667
1.09680
3.35373
-1.11210
0.74476
-2.21078
-1.08720
2.10809
2.02269
0.92697
-1.16616
1.94058
0.34140
-2.23902
-3.30575
-1.94332
-0.18975
-4.32098
-2.89182
0.75201
-2.13531
1.90416
1.29663
0.40893
1.32582
0.63842
0.61746
0.86019
1.13850
-3.95073
3.79033
-0.62081
-0.20122
1.09814
-0.97384
3.52603
0.25145
0.49432
2.12100
0.88365
-2.22535
-0.53994
3.19896
1.17387
2.36952
-0.83980
-0.00535
2.32702
-3.24573
3.05328
1.53024
-0.57773
-0.08810
0.98184
-0.91715
-0.46430
0.82229
-0.55071
-3.58842
2.24236
-3.20800
-0.46280
-0.52906
2.81142
0.48189
3.95175
-0.89605
-1.96351
0.42548
0.10266
-2.17571
1.18091
-1.90978
-0.49263
0.47152
-0.18188
-1.16610
-1.41213
-1.16116
-1.36999
0.77886
0.38531
-1.54783
2.13423
-1.20553
-1.89777
-0.39099
0.32323
3.58636
-0.28532
-3.12918
-1.65612
3.17496
-0.18969
0.20951
-0.68065
-4.63560
2.90291
-0.04668
-0.27237
0.88582
0.45333
-2.79028
1.14530
0.93566
0.05878
-0.09678
2.99210
-2.15340
-0.92723
-3.64681
-1.53146
-0.16904
1.96101
3.20161
-0.87859
-0.44213
-2.87095
0.83330
0.39510
1.64616
2.16390
3.33327
0.34882
0.27667
-1.94948
-1.45085
0.56257
2.55906
-0.81948
2.42920
1.13405
0.61744
0.86865
-1.55843
-1.28890
-2.71793
-2.82501
0.51338
-0.99678
-1.09130
0.47299
-4.90709
3.41077
-1.86673
2.53163
-1.17882
1.79236
-0.63972
-1.04079
3.66464
0.56207
2.96390
3.20024
-1.04509
0.92685
0.07467
1.18303
-1.65208
-2.79147
-3.04193
1.02326
-1.90191
0.09146
1.05188
1.75820
0.59424
-0.74854
-0.41154
2.46018
-1.35707
-0.77682
2.98948
-1.14187
0.01173
1.04023
0.42667
0.63637
0.40520
-2.05125
1.40885
1.51740
-0.16256
0.78542
-2.99440
-2.03743
2.07400
-0.87748
0.77366
0.10870
-0.87824
2.95745
-0.43315
-2.32098
-0.08347
1.11657
-0.30219
0.96809
0.09034
-0.71041
3.57595
1.24768
-2.25161
-0.06798
2.94398
0.35536
-0.02569
-1.12951
-0.70153
-0.53761
1.32037
2.42848
1.20050
1.05100
-1.03265
-0.28279
-0.62657
-1.17594
0.19103
-2.50832
0.50257
0.98693
2.77225
-2.30640
2.67517
-2.52637
-2.68773
2.54990
0.17818
1.26634
-2.86251
0.68905
2.92468
-1.63233
-0.53205
0.41350
-0.93287
0.07560
-0.98881
0.60339
-3.95852
2.96487
-1.10572
0.27230
1.84704
0.63868
-2.90918
-2.08000
0.86532
-1.08717
-3.39066
-0.34506
2.28502
2.25838
2.24118
-2.21156
2.61870
2.63957
-0.50369
-0.02858
2.75541
4.18593
1.24202
0.89721
-0.10191
2.03336
2.02579
-0.41771
0.03783
2.16771
-0.18357
0.62805
-1.00567
-0.87780
2.31517
-0.71691
-1.56944
-0.43939
-1.43207
0.29819
1.26323
-0.91022
-0.94359
-0.51401
2.38269
-4.76829
1.39826
1.50242
-0.65351
0.53690
-0.14939
0.50790
3.75778
0.08828
0.96008
-0.72783
3.79005
1.28125
2.27686
-0.87152
3.11327
-0.91245
-1.52629
2.20130
-1.75998
0.02197
1.81958
-2.46404
-4.32134
-0.78432
2.00238
1.76610
0.14591
0.32628
-1.41648
2.01156
1.48438
0.34799
-2.80566
-0.11773
-4.47125
1.28918
-0.70463
0.53044
-0.02445
-0.55873
-0.63118
-1.14554
-0.82966
3.28977
-1.15000
0.81997
-0.50648
0.74633
2.35161
2.67068
0.78883
2.19234
0.26559
-1.73156
2.45961
1.36477
4.15352
-0.82551
0.18424
0.07504
-1.33854
1.16304
2.86428
-0.32194
3.46653
0.36317
-1.53386
-2.01488
-2.29970
0.51391
-0.53076
1.20161
2.17005
1.98088
-0.78994
-2.80662
0.49216
1.16689
2.28992
-1.25182
-2.06398
0.44164
1.39757
0.70230
-0.72420
-1.13289
1.56784
1.60829
-0.44265
0.83918
3.69136
1.67036
1.05902
-0.09172
2.35296
-3.20965
-2.12385
-0.60690
0.95129
-0.46419
0.81883
-0.44863
-2.60537
-0.07567
-1.46295
-1.33548
-3.94132
-3.01690
0.39941
-3.53819
0.63025
3.97808
-1.40133
0.65737
-1.84331
2.39863
1.29046
-3.42589
-0.10550
0.35744
1.53447
-0.24655
1.60447
0.25824
1.17167
-0.92338
4.42419
0.41773
-1.16856
0.77430
0.66703
1.79517
0.58336
0.36562
-3.40426
1.10944
2.04437
-2.92123
-0.71613
0.19983
-2.18363
1.50497
0.95245
2.44385
-1.14991
-1.10769
-1.22456
-0.91880
3.14468
-0.51573
0.32026
-0.20176
1.33317
0.46251
1.81827
-0.74797
0.59291
2.23847
2.77239
1.14797
0.42553
1.84939
0.62794
0.47526
-2.84726
-0.79460
0.11671
1.21890
-3.09446
1.70890
1.57778
-1.15289
3.07784
5.06483
3.48249
-0.15016
1.76647
2.08317
0.02583
-0.50322
2.33496
0.76055
-1.70946
1.91406
-2.53917
2.01629
2.87662
1.41198
1.50985
-0.26733
2.80655
2.59212
-3.43369
0.06811
1.74065
0.02141
-2.47199
3.20784
2.44079
0.19863
1.01840
0.92523
-3.50320
-2.77906
-0.30484
3.91888
2.74166
0.30443
0.07547
0.28418
0.09333
1.48800
-0.27532
-0.24515
1.20246
-1.22883
2.00058
-0.30562
2.88927
1.32184
2.27110
2.72838
2.36253
-2.42042
-1.10702
2.65969
0.54922
2.67068
2.22595
-4.19036
0.71145
-1.81993
1.10976
0.52261
3.25038
-2.80019
-4.21423
-1.62577
2.86519
-2.09778
-0.27227
-0.22269
-2.59795
0.03303
-1.44964
2.40625
2.05201
-1.29634
2.82878
-0.94472
-1.47623
-2.15905
3.47351
0.59013
1.65626
-4.10644
2.35079
0.64791
0.79744
-0.66089
-0.84914
-1.61936
1.74579
0.47968
0.46125
-1.22051
2.90708
-0.45815
-0.67456
0.43024
-0.58000
-1.11508
2.08874
-1.97181
-1.58587
-0.45866
4.22353
2.43320
0.37686
-2.12679
1.69484
-4.12387
0.08583
0.24915
-1.65205
-2.37543
-0.81919
2.94867
2.66311
-1.81772
1.52995
2.85510
-0.03140
-1.33815
-0.23448
-2.52452
-0.25339
0.50798
-1.80619
-2.66383
2.45045
2.50167
1.56593
2.05289
-1.75004
1.24192
3.70041
2.15275
0.47941
-0.37966
-0.68238
1.36079
0.14086
-1.92571
-2.31444
-0.74994
0.94812
-1.92754
-1.94924
-1.02479
0.06094
1.24853
2.00856
1.16594
-1.11088
-2.73516
-4.04734
-2.52220
0.34599
-3.22909
1.01695
0.01844
-1.14878
-1.29504
-1.93761
0.98849
0.12220
3.73663
1.09179
3.76581
-1.39259
-0.22145
-1.30757
-0.53964
1.47720
0.56638
2.39897
0.08021
1.22810
1.00738
3.74091
0.03666
-2.41747
-0.78142
1.65261
-0.41481
0.31192
0.50317
-0.03039
-1.52140
0.59208
0.09009
0.11279
2.88517
1.34469
0.25620
-1.85414
-0.44581
2.13009
0.80136
-3.58906
2.73218
-0.26389
1.70887
-1.68994
-2.04847
-2.10059
-0.22539
0.41813
0.74025
1.93974
-0.82796
0.68477
-1.70460
0.69794
-2.41534
2.15990
-1.54231
0.17350
-5.57151
0.11574
1.81200
0.64030
-0.78111
-1.77313
-0.24881
0.88943
2.14447
-1.97541
0.77621
0.92027
1.45619
1.59763
0.02324
1.31510
1.19740
2.53497
-1.77036
2.78154
1.24592
2.74977
2.14866
1.86085
-2.84732
-1.52508
0.90780
-0.31176
-1.83709
0.16846
-2.45339
0.29981
0.10261
-0.63697
-1.34985
0.50023
2.06815
-0.87555
2.05971
-3.84502
2.19991
-0.72427
-1.15609
0.77273
1.96955
1.26548
3.79801
3.73521
2.07771
-3.26532
1.11540
0.76358
-2.93836
-2.23184
-0.35472
0.52287
-0.11262
-0.89607
0.10377
-0.13258
-3.84645
2.16839
-0.40054
0.26910
2.12623
0.96792
0.86715
-0.28364
0.84335
5.36501
-2.65049
-2.25557
1.18101
-1.31827
-2.38440
3.17375
-0.59092
-0.25562
2.44770
1.97535
-1.87746
1.70504
2.00163
-0.08019
-0.92754
1.86082
-2.08816
-3.02031
-0.88199
0.30862
2.38118
0.71605
-0.38454
-2.03122
-2.04781
0.27606
-5.17134
0.28704
0.72466
-0.02801
0.62952
1.67747
-0.04867
1.26175
-0.18492
0.98734
0.43048
1.74946
-0.06182
0.18847
-1.28809
-0.63697
-0.37927
4.34382
-1.26114
0.30268
2.50798
0.21633
-1.29431
3.22902
0.16890
1.90509
0.93816
0.45851
-0.11715
-0.99916
-0.16755
0.71001
4.16588
-1.01098
-0.96491
1.93095
-5.71041
1.09771
2.67876
-2.56250
0.73497
1.11431
3.18267
0.09787
-0.11018
0.45273
-4.53354
-3.45127
0.37829
0.36745
3.30010
-1.76348
-1.15275
-0.53197
-0.15375
-0.99370
2.52961
0.32622
0.62396
2.15828
-3.40755
-0.61186
-0.68270
1.02667
-0.31293
-1.90881
2.75767
-1.73805
-1.33443
-0.80049
1.39461
3.16909
2.45595
-0.07056
-2.74742
0.64630
-3.79140
1.95732
2.22921
-2.45008
0.18610
0.08892
1.02828
1.02091
-1.77021
3.27336
0.38337
2.04465
0.62880
-0.81103
-6.73864
2.54106
2.37801
1.04160
0.76185
1.95378
0.17301
-0.91543
-1.81445
-1.32922
0.96976
3.49158
0.29111
0.04866
1.16995
-0.49507
0.42566
1.20459
-1.24293
0.57777
2.20261
2.28630
2.27247
-2.03746
3.26943
0.94280
-3.35557
-0.61520
5.90385
-0.46055
-0.61530
-1.21196
0.39960
1.91297
-3.10629
-0.99466
-0.63328
1.37724
1.40742
1.63049
-0.22525
2.00507
-1.52345
-1.38338
0.58728
-1.82109
-0.09694
-1.24451
1.30415
-2.36332
1.58237
1.49620
0.14942
-1.82031
0.19546
-1.00175
2.35926
-0.23703
-1.55562
1.08326
1.13319
-0.95080
-4.48685
0.76589
0.78051
0.18699
-1.77006
1.21664
-0.31609
-2.56697
-0.33403
-1.89986
0.45502
1.76152
2.26201
0.17864
0.42889
-1.62821
-1.61574
0.05581
-0.51419
0.75423
-1.03413
-0.78175
-1.25712
-1.88905
-0.48839
0.57627
0.05259
-2.55662
-1.60627
0.68352
2.15942
0.15464
-1.67156
-0.56368
-1.25675
-2.92787
-1.07964
0.77129
3.01707
-0.96001
-0.55467
0.85383
0.28202
0.91198
0.12656
-2.83271
0.66382
1.97740
-0.67506
-2.49427
-1.03681
1.65557
-0.02541
0.57276
-0.75742
1.76358
-1.98177
2.10860
-4.39968
-0.09539
2.41978
-0.33385
-0.72313
-0.38445
-3.48966
2.95241
-2.78042
0.44338
-3.50108
-0.20241
0.11645
-0.08632
1.27382
0.32071
0.68861
1.75418
-1.81630
2.77046
-0.57266
-1.14386
-1.25456
1.52734
-0.38260
1.61892
-3.49608
-1.05065
-1.91350
0.65374
-1.32378
1.58714
-4.10098
2.00709
2.19988
0.10677
2.58601
1.65611
-0.21015
0.07013
-1.44882
-2.72296
-1.97415
-1.60006
-5.62560
-3.07474
-0.26232
0.61634
-0.14743
0.97219
1.33425
1.98248
0.83561
-3.28261
0.78143
1.09868
2.06232
-3.87901
0.88313
-0.25731
1.44816
-1.88504
-0.57053
1.85366
1.36045
0.79392
1.67327
-0.25508
-0.51705
-2.28483
0.16759
0.64707
-1.37728
3.67363
-0.97352
-0.33400
0.06220
1.26615
-3.05122
-0.70749
-0.43856
-0.49925
-1.23894
2.27161
-0.50384
-0.29924
-1.05913
-2.79737
1.98271
-1.15931
0.24781
-2.96036
-2.27079
-1.39647
-0.02833
0.81847
0.98246
-0.81066
-1.20445
-0.66291
0.78311
-2.91871
-0.73018
-0.49176
-0.40571
-0.26617
-0.85195
-1.81828
1.16501
-0.15709
0.63536
-0.37656
-0.28098
-0.12635
-0.01701
-3.49245
-3.61960
0.07409
-3.51882
-1.21307
-0.85579
0.05349
1.47099
-2.03310
1.56184
-0.16791
0.67782
-0.44577
0.82744
-0.15620
3.36470
0.72325
0.65342
1.17712
0.22537
-0.57364
-0.04242
-0.16042
2.08373
0.72372
-3.27352
0.97315
0.40156
1.49501
3.01797
3.67115
-0.90313
-0.39242
3.74720
0.11430
1.84771
2.41899
-4.11334
-0.36568
1.06532
-1.30661
-0.76130
-0.13744
1.33997
-1.01505
-0.20045
2.44986
-3.06412
5.25428
-1.14411
-1.68451
0.75926
-1.47751
-0.59359
-0.70218
0.36108
1.18445
3.10084
0.08839
0.05394
0.43612
-2.15928
0.12562
-0.02182
0.55729
1.57784
0.56688
2.57195
-1.04322
1.53266
3.35909
-0.92353
-0.36692
0.03570
0.71946
-2.15339
0.68665
-0.27971
1.04694
2.56641
3.36066
-3.66894
-1.40063
1.52257
0.15485
-0.39074
-1.54603
-2.66647
-0.52406
0.02477
-3.36328
-1.62000
-3.69488
1.75548
2.41579
0.27426
0.43651
1.76021
3.67674
2.18295
-2.08835
0.06378
1.77499
-1.75083
1.44330
-1.45597
1.44869
2.23341
-2.03580
-0.74086
-2.63400
-3.40050
-2.84376
0.48935
1.06439
0.78760
0.98749
1.36381
-0.40508
-1.38065
-0.95111
0.30258
-0.10410
2.49707
1.34169
-0.28242
-0.91397
0.14189
-3.46268
-2.14715
-1.34162
0.85676
0.09975
0.85656
1.92063
0.53419
0.46283
-0.13618
0.09671
-0.33843
-1.57687
0.88803
1.05351
-0.64179
-2.87505
1.53430
-0.38771
2.21320
1.98695
-0.64857
-0.27748
1.29260
2.25293
-0.60309
-0.16461
2.22174
1.38018
-2.21833
-0.00382
0.30062
1.95748
-2.48467
-1.17461
-1.58387
-2.71839
-1.45332
-0.72717
1.88162
0.49503
0.76861
-1.60975
-0.36592
-1.27855
-2.28703
-0.73395
-0.70071
0.05636
1.73857
-0.79566
-1.22253
0.91435
-0.11623
-0.05369
2.15040
-0.36697
0.29007
2.13011
-4.37012
-0.72358
3.31067
2.45636
3.78965
-0.71536
-0.14991
1.80560
-2.90970
2.11542
-3.54401
-4.67976
0.39110
2.20490
1.17276
1.29814
0.49280
1.55874
-0.20734
-0.46148
1.03624
-1.00961
0.25645
0.35543
2.03715
-1.51341
-0.43085
5.30819
1.83135
0.34919
-0.43663
0.46696
1.21791
-1.74956
-0.42281
0.58250
0.61875
-1.86753
1.35351
0.26505
3.15738
2.73770
4.51879
-0.81127
1.29416
-1.48745
-1.65347
-0.86363
0.37351
2.28700
1.73686
0.58195
2.45475
1.22996
0.33347
0.56963
-0.27000
4.31429
2.19394
-1.88802
0.15084
0.82223
0.64055
1.07011
-1.26434
0.05181
-3.60417
-0.81249
-1.13402
-0.88396
1.86041
2.53581
2.19425
2.13578
-0.74344
1.03021
-2.03382
-1.30828
-3.82650
-2.73925
0.79895
-4.70192
0.46667
-0.03566
1.68295
-4.30258
0.97999
-1.43703
-0.99071
1.33704
-2.18478
-0.07512
-1.75903
-1.16716
2.07850
-3.83135
2.87757
3.38126
0.54121
-2.34208
3.42293
1.31795
-0.39367
0.25113
2.63322
-3.09984
-1.15602
-0.86395
-0.52299
2.56553
3.55717
-1.56533
0.42705
2.18103
2.22697
0.14481
-1.69188
-0.11236
0.99138
0.12621
-0.83440
-0.22464
-1.18799
2.82826
0.26956
0.20066
-0.40193
-3.40297
-1.59057
0.20742
-0.20289
-0.83507
0.27043
0.76436
-3.34413
-0.81378
-2.15766
-2.06113
0.50779
2.68225
1.83097
0.02718
-0.81170
1.62229
-1.95379
-1.58464
-4.23774
-0.48681
-2.55175
-0.18895
0.86139
0.07210
-3.12332
-0.57551
-1.89509
0.92493
-2.01682
-3.32637
0.44494
1.57171
-1.84148
-1.31563
0.58211
1.18533
0.62177
2.13083
3.99782
-0.47631
-1.61311
-2.41248
-1.25819
-0.75688
-0.70243
-0.92987
4.00350
-1.24154
0.42503
0.80493
-2.38557
-1.65657
0.74790
-2.66182
0.31413
-0.49568
-1.41949
-3.47117
-2.22589
4.94077
-0.10294
2.15891
-5.04388
-0.25930
0.94947
-4.44947
0.12677
0.97621
1.08260
-1.32731
-0.90557
-0.41754
1.66228
1.69352
-3.09741
-3.98471
-2.02395
-0.38000
2.85775
-0.29689
-1.26862
-0.08112
0.31318
-0.05870
-0.87942
-1.59278
-1.33262
0.01380
0.27889
2.46892
0.71344
-4.21542
2.33688
-1.07600
0.92003
-0.98794
0.73500
-0.18837
-2.74216
0.17078
2.66074
0.04126
-0.35414
-2.71465
-1.29183
3.06800
-0.52973
-0.72752
1.37484
1.88638
0.92923
1.11067
1.77600
-0.83985
-1.11606
-2.31631
2.06541
-1.18739
-2.36711
2.30465
0.15925
1.63928
-0.14110
-0.34039
-1.91555
1.29571
0.63515
1.56057
1.18641
-2.35204
1.84792
2.17040
-0.47255
-3.07723
-0.10926
-2.04170
0.78058
-1.34624
1.84424
-0.42659
1.51520
-0.49476
0.73241
-0.90387
0.82449
1.73495
-2.53313
1.41390
2.42300
0.24984
-1.66034
-0.14448
-1.58903
4.56776
-0.07592
-0.67646
-1.81695
-0.64152
-2.12362
-0.99199
4.07133
3.38859
-0.55388
-0.83365
0.20608
0.85192
0.12737
1.52988
-1.71927
-1.72726
5.49254
-1.77471
-0.01085
-1.83160
-3.17726
-2.52754
0.94998
1.40091
-0.75475
0.37069
-0.97648
-0.94707
1.19712
-3.55585
-1.51668
-1.39324
-2.99110
3.09078
1.39340
-2.88036
-0.02262
-2.56010
-1.87610
1.38899
-0.01779
0.83521
1.09411
0.73593
0.46756
-0.54167
-2.40034
0.22237
0.66207
4.12697
1.35257
-1.44533
0.99788
0.22279
2.92457
-3.81194
1.26216
0.34619
1.34240
0.93658
1.23242
1.41627
1.36183
-0.58291
0.68432
-4.25900
-0.29905
-0.07723
-0.56361
0.84171
-2.43840
-0.98578
2.05546
-3.10051
-2.20097
2.16189
0.01882
0.10581
1.32617
1.21941
0.75033
-0.72838
-0.27233
-2.44038
0.12582
1.69177
-0.65773
0.84712
-1.37703
-1.03192
1.67768
0.09913
1.72469
0.50012
1.85017
-0.67806
3.12022
-0.74695
-0.86956
-1.64732
-0.98405
-1.53367
-0.24129
-1.23314
1.38736
-1.59917
-1.86782
-0.73421
-1.68132
-1.25593
-5.07576
-2.19115
2.02710
3.48141
3.59503
-1.19042
1.43172
0.37961
1.34288
0.26648
-2.86242
-2.21400
-1.10532
-0.15106
-0.40243
0.77701
-1.33921
0.29978
0.27584
0.27735
1.09185
-2.15741
1.97125
0.09711
1.23583
0.95253
-0.41003
1.64802
-0.98706
0.69343
0.09488
1.80541
-1.83427
0.89982
-1.53063
3.45486
0.28492
-2.39303
1.63070
1.78855
1.06659
-0.94774
-1.77212
-0.52478
1.55981
-1.10005
1.01030
0.81070
0.35592
4.53710
2.18485
-0.77782
0.26187
2.68199
0.17646
3.00929
2.67152
1.35696
-1.58125
-0.11660
-2.12145
-0.62893
-1.24040
-0.43897
-1.03872
2.06206
0.45085
-1.01621
1.61819
0.35646
1.79111
-0.80480
0.78185
-1.16861
2.66353
1.40080
0.56898
2.17543
0.18995
-5.13228
1.65013
-0.14304
0.76644
0.24953
-3.24072
-0.79281
-2.07140
-0.57654
1.71004
2.05422
1.68913
-2.66390
1.32884
0.58709
-0.09133
-3.89169
1.67856
-1.42074
-0.66615
1.23295
0.50560
-1.40236
0.26934
-0.42272
-4.66648
0.27121
-0.28402
1.15982
0.46667
-2.36446
-1.20408
1.62628
-0.60607
-1.86361
0.45013
-1.65340
-1.34098
-3.71611
-1.52473
1.24401
-5.95971
1.04096
-2.35302
0.50260
-5.70444
0.64672
-1.12383
3.88863
-1.85058
1.94340
-0.31042
0.79708
-1.92361
-1.18648
0.70300
3.98556
-0.59079
-0.20599
1.38594
2.68260
-0.21204
1.89696
-0.84795
-3.88361
-3.47300
2.63788
-2.48981
-3.05469
-2.95670
0.84737
-2.00769
-0.83480
0.74020
-3.04663
-0.61424
1.27790
0.51218
0.09318
-0.28229
-0.96935
-1.03005
3.31486
-1.55688
-0.33118
0.15875
-1.36708
2.10317
0.59025
-1.60900
0.48616
-0.12616
-3.55922
0.99746
-2.26350
0.91853
-1.11799
-0.88807
-1.04930
-2.49647
-1.57657
1.22816
-1.45967
-1.72683
-0.13493
1.36649
-2.20884
1.07026
1.05728
1.64966
-0.27699
-0.82737
0.56786
-1.07130
2.90189
0.30122
2.57288
1.18583
0.94219
1.91203
2.49697
2.87610
-2.26494
-3.45323
-1.60674
0.11047
2.12735
0.50280
2.10400
2.56323
0.53578
-0.88992
0.86501
-3.22491
2.34812
1.38498
-1.94111
1.76981
0.52635
3.46786
2.57627
0.13870
1.82271
-0.13141
-0.74171
-2.58840
-2.46367
4.94519
-0.33431
2.70029
0.50456
1.45411
-5.10046
3.25831
-0.47944
-0.31406
-1.73209
-1.71983
0.01222
-2.81980
-0.53728
0.52864
2.65078
-5.29638
-0.87865
1.20756
0.35178
-0.60618
0.32446
2.03084
0.62413
-0.21451
-2.14075
0.57750
-0.80895
1.92926
-0.28608
2.64397
-3.37674
2.79142
-0.49712
0.74025
-0.07105
-1.12871
5.04811
-0.62382
1.27436
-2.08177
0.21100
0.41799
-1.46973
-1.15897
1.10436
1.19892
-0.37969
0.71543
3.16228
0.71671
1.76511
1.16251
-0.26832
-1.47211
3.36417
1.17268
1.39755
-3.54782
-2.42823
2.44750
1.68438
3.60568
0.98554
-0.65349
-1.11299
0.99513
2.00021
0.08090
-1.33004
-0.46158
1.79957
-3.85590
1.14553
-0.36130
0.66931
0.32591
-0.95023
1.20493
-2.06617
-1.56199
-3.76649
1.22537
-0.15529
-2.88836
-2.55895
1.13511
2.88826
0.74045
-5.51053
1.47067
2.23870
0.81055
-1.44022
-1.80865
-2.87966
0.69610
-1.30062
0.42062
1.71100
-2.09875
-0.42583
2.55282
-2.32504
-0.34813
0.76833
2.84884
1.09622
-1.86408
4.56762
-0.00595
-0.08687
-0.00324
-3.16214
-0.09096
-0.10275
0.40299
-0.10463
1.17776
-3.25951
2.24585
-1.33546
0.16548
-1.09525
-1.07222
-0.67892
0.79316
0.90065
1.44428
-1.32156
-1.40959
-1.78207
0.36715
-2.30949
-1.13584
1.09398
3.19188
-0.77634
0.01151
4.49501
-1.94813
-0.26018
1.34722
-1.05619
-0.02561
2.35576
0.22076
0.66817
0.13192
2.34726
-1.61823
-0.70397
-3.53573
-0.79346
-3.21085
-0.44254
-2.53914
4.22887
1.22808
1.37505
0.30656
-1.53339
-1.07289
-1.13942
0.11911
-0.51803
-1.53673
2.59221
0.91876
-2.52417
1.27173
0.08761
-1.09033
-0.56154
0.56375
0.10620
-3.76242
-1.16322
2.56695
0.76910
-1.08833
-0.78398
-0.22588
2.29488
2.25528
-2.02922
0.56608
1.52393
-0.88313
1.85475
1.25170
3.59201
-3.71215
-3.52176
-1.08043
-1.18703
-2.07215
0.59511
-0.53309
2.23642
5.08574
2.39892
-0.30071
-1.45776
-4.53180
0.72455
-3.70365
0.88112
-1.84730
0.47947
0.47490
-3.49777
-0.20944
0.69305
-5.71650
2.03312
1.07625
0.37350
-0.02834
-2.11590
2.85728
-1.62273
-0.30393
-0.51635
-3.16510
-0.72406
-1.82046
-1.53858
-2.61961
1.07020
-1.46034
-0.55585
-0.75904
-2.60812
2.77230
2.86791
-0.71536
-2.85517
-0.84860
-0.29386
-1.16875
1.03014
-0.18629
0.31591
-0.11892
0.10675
-1.90566
-0.93144
-1.93716
0.31970
2.03780
0.89333
-1.99043
4.01262
-1.12785
1.30307
-0.21531
0.55804
-3.00755
-1.05902
-1.40980
0.50893
3.50550
-1.98851
-0.98741
-0.22205
1.76197
0.56786
1.72351
-0.43772
-3.26583
0.61828
0.19408
-3.49829
-1.52179
-2.40862
-0.13417
0.90541
1.13046
-0.62258
-0.88471
-2.45214
-0.13646
-3.10474
-1.20455
-0.02592
2.02203
-1.59191
-1.70336
0.49717
0.32235
-0.39636
-1.19960
2.86237
1.07832
-0.19167
-1.14307
1.78513
0.06767
-0.13770
0.61780
2.97564
-1.50606
1.01727
2.04903
-2.85829
0.03687
-0.45668
-2.54998
-0.13656
3.23449
-2.50412
1.42561
3.56823
-2.49627
-0.20154
-0.15414
-1.05006
2.57485
0.12532
1.99533
2.17955
1.73109
2.52844
2.35508
1.37728
0.09590
0.43894
3.91283
1.01253
-0.95016
0.08908
-0.48196
-3.77885
-0.27914
0.26388
-2.33570
2.02049
0.87245
1.35511
-1.81282
-0.56973
1.28871
1.69183
0.99117
0.16468
1.17684
2.52598
2.15150
0.71874
2.49676
-2.67505
0.53647
3.27859
-1.71801
2.69526
2.59448
-4.35419
0.48577
1.05156
1.40434
0.03459
-0.17260
0.70839
1.06233
-4.25521
-1.37186
-2.99574
-2.16899
2.85288
-1.83287
0.40627
2.86763
-0.74036
1.43535
-0.94965
0.52248
-1.57791
1.96352
-1.06469
-1.19569
0.65424
1.16303
0.24108
-0.27869
-0.41779
1.36379
2.90150
0.83642
3.52972
1.60703
1.82144
1.04695
-1.02253
1.14394
-0.27743
0.62753
3.36066
3.85885
0.62225
0.70767
-0.49998
0.05186
-0.70155
1.65936
-0.67589
1.26000
-1.67529
0.31620
2.92210
-0.74690
-2.84208
0.37043
0.28161
-0.35323
-0.25427
0.67719
2.95913
-0.95936
0.83785
-0.10364
-0.94515
1.52220
-4.11689
-1.40313
0.94169
0.55025
-1.33486
-0.18939
0.15389
-0.23320
3.28057
-0.01484
1.90064
-1.86271
-3.19315
-0.54476
0.73638
4.33632
1.02269
0.33249
1.30468
0.75862
-0.27554
1.00075
0.86680
1.45612
0.51828
0.78956
0.11991
-0.35658
-0.06922
1.01752
3.65236
-0.35939
2.30894
2.08515
-1.01720
2.11508
1.15684
1.48725
-0.03901
-1.98262
0.05914
-2.42315
-1.39957
1.57547
-0.45474
-2.39394
1.26822
1.85745
0.42716
-0.98570
-1.19396
-1.73846
-0.42970
2.60955
1.67959
5.33223
0.90884
1.24066
2.81534
-3.13112
0.45036
1.71991
-0.41919
1.70626
1.00580
-2.65973
1.49833
3.78413
2.70239
-0.61635
2.29457
1.91489
0.96189
-0.50462
0.08675
-1.43695
-0.90366
-1.25014
-0.89408
-0.81860
-1.15266
-0.37753
1.55019
0.47130
-1.37587
-0.53767
-0.46128
-1.42147
1.87068
3.13520
-0.21084
-3.71546
-1.17538
-1.15264
-1.44739
-2.78129
-2.17214
-2.68681
-3.79245
1.50324
-3.68976
0.96320
-0.01842
1.23914
0.54192
0.19386
1.16907
-2.26797
2.46490
-0.31604
1.19564
-1.71819
-2.29207
1.07842
-0.20376
1.14707
4.06607
-2.57700
1.00287
0.40728
-3.25021
-2.66966
-1.66739
0.96514
-1.05211
-1.23702
2.03097
0.97201
-2.52502
-4.04494
0.74346
-1.29888
-0.18904
-0.37132
2.72266
-0.20834
0.43958
0.27022
-0.58903
3.06831
-0.64615
3.01112
-0.37999
1.37627
1.97494
-3.23870
2.00252
0.97281
-0.73289
0.46259
-2.42737
2.59707
2.51856
0.65682
0.15769
-0.29460
-0.68232
1.55831
-1.52920
0.55383
-2.16273
-0.28134
4.77767
-2.14798
-1.58482
0.27552
-1.11881
1.63227
-3.20436
1.39096
-1.10431
-2.03859
3.11165
-3.80540
-0.35496
0.64722
0.43464
-0.22626
-0.31641
-2.75440
4.04041
-2.27831
-1.42781
-1.14298
2.81179
0.14532
-0.28828
-2.44955
2.36029
1.71180
2.69442
3.09943
0.70793
-1.62914
1.17689
2.42752
-2.28615
-1.62290
-0.13119
0.59755
3.62016
1.22163
-0.95349
2.59808
-3.11232
4.11499
-4.12699
-0.06320
-3.75067
1.09155
-1.81304
0.38539
0.68641
-0.79881
-0.51566
-0.02778
-1.83717
-2.36106
2.25848
0.95960
2.00169
0.80309
-1.93055
3.29790
1.04871
-3.57086
0.43285
-0.06471
-0.00049
-2.93676
0.32537
2.19355
-1.92121
3.58453
-0.57467
0.56757
-2.13057
1.96113
1.04163
0.43124
-3.51570
3.97702
-2.13174
2.72911
-4.25258
-2.36195
1.38475
-0.47753
-3.13352
-1.82529
-2.50100
1.03838
-0.60570
1.62973
-2.36089
-3.46716
0.16318
0.59270
-0.36852
0.52368
2.80838
-2.71238
-2.73139
-0.60467
-0.83590
2.45299
-1.27649
3.54552
-1.16127
3.20742
4.15139
1.98134
-1.14986
1.53206
-0.77497
-1.41143
-0.46598
0.26123
-0.50092
1.75469
1.33353
1.62766
-4.42485
0.49664
0.25575
1.54627
-1.34845
-2.21374
-1.44417
0.20469
0.82588
-1.02457
-1.31656
-0.36048
5.65622
2.38812
-0.29520
0.24720
1.47283
2.13180
-3.53114
2.42923
0.49828
-0.65134
1.40049
-1.48943
3.07415
-0.48635
1.49436
0.52438
-1.41982
2.98807
-2.81095
-0.48878
3.14209
-1.41828
-2.61200
0.14528
-5.48428
-1.67043
0.54142
-0.43491
-3.94468
4.96974
1.93066
0.56576
0.93928
5.32177
0.18352
-1.41070
3.27967
-0.30133
-0.01631
1.49455
0.21974
-1.44192
-1.77325
-2.72091
-2.40649
2.07734
2.43474
-1.51794
0.53986
2.75321
-0.55003
-0.92224
-0.78500
-2.24530
-2.06938
-2.27116
2.94493
1.55910
-2.79693
2.50188
0.99645
-1.59650
1.14902
1.14225
-1.24255
0.38628
-3.22873
-0.50306
2.01962
-0.55191
-0.91581
-1.75868
-1.63234
-1.96941
1.46736
2.70652
-0.51537
0.11134
-1.19888
-0.18020
1.50900
0.70206
-1.15620
1.54108
-0.08755
-0.71932
-2.67390
1.44915
-2.74603
2.02335
-0.67069
-0.12081
-0.77319
-2.92506
-1.00487
0.56422
-0.34559
-1.86319
0.22463
-0.13103
1.27839
-1.28636
2.35580
-2.11961
-2.36969
-1.32051
-0.32186
-1.11164
1.53561
0.06809
0.29157
-0.23151
-0.27379
-0.10446
0.64158
-3.35647
-0.15286
-1.89381
-1.62488
-1.83515
-2.94474
3.63292
1.32120
-0.42440
-0.87505
2.69280
-1.90899
-0.77969
1.36495
-0.29581
-1.74680
3.77487
-1.66536
-0.46744
-2.39325
0.46555
-0.03643
1.37993
2.51100
0.01671
-1.57556
-2.17606
-3.98130
0.77163
2.05157
-0.13809
-2.89712
3.19141
-1.02690
1.46893
3.29757
-0.01155
1.51065
1.45341
0.51047
0.00775
-1.26207
2.63778
-0.06696
-2.00125
-3.31602
-0.16323
1.17554
-0.13643
-3.06614
-0.95349
-1.15896
-0.15031
-0.72943
6.86772
0.67031
-1.73823
0.89249
-0.36056
-1.38871
0.72329
3.51417
0.87831
0.62927
-0.51746
-1.69302
-2.93217
-0.12528
-2.11302
-3.31716
-1.27714
1.67835
-3.64856
2.98737
-3.12460
4.77468
-0.50802
2.06236
-1.34261
-1.28752
0.70160
-1.77116
-0.33319
0.06062
-2.04556
1.18735
1.42789
1.10406
2.11741
2.11789
1.33794
0.76811
-1.08163
0.29603
2.19265
2.12154
3.35317
-0.28504
0.36603
-1.83268
1.88117
-1.36110
0.94516
2.50828
0.40359
0.54565
-0.66574
1.32207
0.85120
3.95435
0.69829
2.31778
-0.72464
-0.92703
-2.61233
0.33594
5.70328
0.63872
0.20077
3.28556
-0.04490
-1.07197
-1.87020
-1.32646
-1.61111
-1.53121
2.15895
1.17213
1.19432
-2.38303
-0.21692
0.29068
3.50596
1.09432
-1.65520
0.75758
-0.93624
0.41226
-1.10061
3.22181
-1.08472
0.06095
0.79696
-0.23444
1.57248
-0.46576
1.52977
2.51853
-0.29436
1.56485
-3.02433
1.28303
-3.28001
3.36979
-0.04456
1.03894
-1.16409
-0.87800
1.67010
2.74982
-1.92495
-1.48447
-1.53974
-1.66827
0.22667
1.05236
0.06355
0.03249
1.49026
1.76154
-0.64314
0.82016
0.49515
1.04407
1.53290
0.56970
-1.64875
-0.96268
-0.64585
-1.19487
-0.25661
2.27805
3.08529
-0.02704
2.19753
-0.16036
-3.39910
1.16453
2.04811
0.42418
0.72154
-2.75373
-1.14352
0.40676
4.42703
1.60273
-1.76007
-0.47735
1.20014
-0.22318
2.20746
0.28636
0.69149
-1.52767
1.30496
1.71607
-2.40804
-0.39740
-0.44428
-1.59930
0.87151
0.09576
3.81587
1.37915
-0.95525
0.38718
2.92273
-2.40876
-1.16080
-1.99408
-2.56530
0.86231
-1.13884
-1.11870
-1.56882
-3.12242
0.54156
1.35706
0.27628
-2.18736
-3.02164
-1.03815
-1.81584
-2.34548
-1.16978
2.04728
1.79333
2.62933
0.60924
1.94129
0.64142
-1.90255
-3.08908
2.22906
1.65428
-0.66617
1.20203
-2.35360
2.67546
-0.45384
0.13353
0.60258
0.83248
1.45232
-0.25655
-6.97034
2.49160
0.72567
0.68459
0.04565
1.70371
2.36249
0.04052
1.53814
-2.28020
0.26667
1.47769
-0.03957
0.40156
-0.62688
-1.41617
1.72522
-0.90543
-0.31101
-2.22887
-4.44290
0.65908
-1.03518
-4.05669
-2.10261
-2.35062
-1.32369
-2.50826
0.61855
-0.60610
-0.88883
1.00968
-1.22481
-0.10095
-0.68716
3.30601
0.07129
-0.47842
0.68564
-0.16720
-1.67198
-0.18275
-2.54171
-2.62582
3.16417
-3.77811
-0.07559
-2.45887
-0.98330
-0.92760
3.19944
0.74752
0.79473
1.00239
-1.90711
3.19119
-0.05999
-0.78453
-1.84109
-0.61277
-3.56220
-1.91410
0.25690
-2.01999
0.41924
-3.19394
2.46022
0.74721
1.02862
-1.76207
3.84385
-0.49032
0.96163
-0.05291
-0.62242
3.00496
-0.53906
-1.51455
-1.63571
1.78303
2.61351
0.22309
-1.41934
2.92568
0.26226
-4.44688
-1.47158
2.88065
-1.03607
-0.89864
1.78937
0.27124
-1.80840
-2.61816
-1.06660
-3.08532
2.06825
-0.64674
-2.85277
0.90569
0.16714
1.16982
3.10037
-1.03780
-5.07297
0.00801
2.39197
-0.62097
-0.58513
-0.16827
3.25665
-0.77090
1.57477
0.95261
2.21619
-1.61531
-0.42420
2.30268
0.96653
-4.91212
-0.49555
-1.67488
0.54650
0.82764
-4.23980
-2.73900
-2.50151
2.35279
-0.62125
-1.29992
2.05970
-0.55672
-1.03790
-0.82673
1.06562
-0.45573
1.88445
-0.81351
1.33600
0.64209
-0.36252
-0.85375
1.02746
-2.84734
-0.82764
-2.48207
-2.66734
-2.84021
-0.09887
-3.23046
2.54134
1.33822
-0.24570
-0.07477
2.99275
0.39233
4.54284
-0.60140
-4.16218
-0.50775
0.62292
0.05961
-1.52070
6.15841
0.91476
-0.04715
1.39129
-1.63784
3.23072
1.46351
-0.34337
1.22368
0.62196
1.55941
-0.25687
4.18901
-0.54411
1.90163
-0.48798
1.04657
-0.33372
-3.76304
0.21721
-3.23634
-1.94740
2.31497
-2.91526
-0.28443
1.26072
-1.83615
0.64485
0.56361
1.50347
-2.66031
-0.55205
1.44483
-1.73861
-0.41850
1.57710
0.48916
-1.79038
-0.38886
-3.26051
0.58827
-4.74350
1.14075
0.08863
-1.31453
-0.15409
-1.72596
0.06257
1.06882
1.48663
-1.38584
2.54396
-2.01674
0.37971
1.63827
-3.69834
0.44464
2.08500
3.09322
-0.06782
1.30353
0.67439
-1.95632
2.08361
1.84358
-1.65530
1.17197
2.01575
-1.85278
0.27346
0.75549
1.53953
-3.29455
-2.25540
0.97504
-0.39419
0.44923
2.42959
-0.76504
-2.45042
2.49107
1.76112
0.73855
1.56250
-1.97201
0.75545
-1.19532
-0.88650
0.53895
1.57215
0.52245
0.73350
-0.89967
-1.35967
0.14967
1.91704
-0.62863
1.03760
0.45223
0.57912
3.18296
-1.54333
3.65633
1.76200
1.95966
0.37659
-1.51022
0.35925
-2.01995
-1.45532
2.74250
3.43470
2.50012
2.54862
2.77117
-2.91928
1.05472
1.58291
1.14172
2.18031
-0.31981
1.99636
0.76326
-1.38539
1.40443
3.08289
1.77792
-2.22183
1.42530
0.35259
2.62961
0.00777
-3.85024
0.47014
1.94924
-2.14339
-1.96765
2.08911
2.12075
0.80188
1.99710
-0.57138
0.46639
1.05224
3.76915
-3.22203
0.06454
0.56536
0.05833
2.04938
-1.51264
-0.32545
-0.78418
-0.01235
1.40596
-2.89395
-2.83032
-3.73432
2.78915
-1.74368
-0.60120
-1.64502
0.36354
-0.52487
0.60675
2.45988
0.19674
0.86162
0.84037
-1.22547
-0.09251
-2.37086
0.69840
-0.95132
0.65908
0.22878
-0.22805
1.56136
-1.81751
-0.02472
-3.03166
-0.74691
1.97882
0.16492
-1.42721
-1.20688
-0.59481
-0.75520
-5.00984
-0.41559
-1.33173
4.32163
-1.48560
0.83125
-0.72937
1.08571
-1.35221
-0.85996
1.98165
-2.02463
1.18315
0.35493
0.42167
-0.95912
0.32485
-2.10292
0.21148
0.24994
1.18880
-1.14421
-4.22791
-2.67439
1.08496
0.49194
3.75455
-0.02059
-3.21362
1.04221
0.36488
1.85608
0.51539
-0.58703
-0.07025
1.20189
4.17833
0.81335
1.30896
3.03885
0.19473
-1.37818
1.72400
-0.05194
-2.54314
2.12122
5.05663
-0.84243
4.63517
-0.50729
0.28065
-0.74822
0.61942
-0.62694
1.15802
0.55390
0.58433
-3.05257
3.29849
-0.55621
-1.59959
-2.90460
4.25758
1.40999
-0.29980
-1.83457
-2.52145
0.64773
-0.50582
0.26581
-0.62248
1.34046
3.81714
2.72076
-0.33090
-2.20195
-0.43841
-0.68801
1.67021
-1.07805
0.04702
1.15044
-3.36209
1.39735
-1.14103
0.29523
0.48420
4.07503
1.70097
0.13350
1.25271
-0.97383
5.08845
2.78033
2.08244
-1.05956
2.13433
-1.15616
1.54318
1.21198
2.96360
2.51899
-1.43989
0.21926
1.30375
0.80030
-2.68290
-0.24584
1.01580
-2.65294
3.02772
-1.65523
-1.39074
-1.75243
-1.89854
0.34913
-0.98751
-0.40402
2.61066
0.38180
-0.62681
-3.05350
-2.87861
-2.21438
-1.00993
0.30479
-3.63652
-1.54265
1.86357
3.04213
0.11077
-0.43843
-3.51392
2.17064
-0.28728
-1.89967
-0.25478
-4.16397
-2.12506
2.50204
0.39592
-2.23082
-1.09674
-0.17748
-0.89900
-2.86812
-0.39882
-0.41932
-0.34183
0.62392
-3.33794
-0.90462
2.03199
-1.18801
0.30347
-0.74518
2.53719
0.65418
2.58690
-3.62512
-0.20640
-1.75561
-0.48278
-2.01052
-1.42164
-2.70340
-0.92888
2.23554
-1.13289
0.43993
2.27692
1.37078
-1.77881
-1.32449
0.31404
0.96115
-0.21616
0.60128
-3.64818
-3.18022
-4.17300
4.55862
0.43207
2.62521
-0.65294
-0.05019
0.36767
0.23294
3.75502
1.49172
0.74003
-0.39579
-1.45441
3.03676
0.35075
-0.67987
-1.13798
-1.27774
2.25419
2.77750
-0.17601
-1.04002
1.81024
0.42609
0.48637
-3.88773
-1.33235
-0.78806
0.96173
0.15771
-3.50207
0.24644
-0.59010
0.62054
-0.10154
-1.63731
-0.05408
-1.80356
-3.13164
-0.08556
-2.53306
2.15392
-2.88315
0.44142
1.15009
-2.07281
-1.41054
0.70207
-1.76775
0.75839
0.18076
-0.65817
-0.29557
1.71137
3.16318
1.47708
-1.25334
0.80183
-0.03721
2.31921
-3.91274
-0.61889
-1.53772
-2.68037
-0.63631
0.34361
-2.00421
0.79543
1.41544
0.91590
-0.00962
1.73875
0.36122
0.09844
1.06494
0.44580
2.32321
-1.95163
0.41478
-0.56627
0.29123
1.33145
-1.11454
-0.87544
-2.12571
0.74514
1.84022
3.63435
1.45180
-0.11676
3.02117
-2.87980
1.62201
0.96396
-1.68195
0.86592
1.01023
1.28547
-1.69656
2.15118
-0.69091
0.21972
-0.47648
-1.26123
-0.00759
2.21042
0.76998
-0.37675
3.27125
-1.89285
-1.42736
5.13267
1.24334
1.86252
2.27739
0.53828
3.22207
-1.38418
1.93435
-3.36486
3.50906
1.63248
1.91322
-2.71035
-2.59162
-3.11988
-0.02241
2.10674
-2.52826
1.41013
-2.81866
-2.40911
-0.30629
-4.08940
0.29171
0.39357
0.74430
-0.72461
-0.53070
-2.02122
-0.99526
0.84894
0.54998
0.13137
-0.24553
1.13256
0.32220
1.27832
0.14657
0.16538
-0.26773
0.46428
-0.21379
-0.11013
-2.16651
-1.34865
-1.58723
-1.54607
-2.98572
-0.62265
-2.22765
0.17953
-0.96416
-0.07692
-1.63846
-0.56254
-1.22869
1.64432
-0.80511
3.49251
2.76101
-0.15967
0.51295
2.27598
1.78243
3.63301
-1.12965
1.08458
2.40982
-0.59340
-2.44200
-0.94657
0.73124
-0.87242
-2.39356
-1.39689
-1.96462
0.43461
0.09387
-0.53815
-0.13639
2.51241
0.33076
0.17494
-4.91156
2.25962
-1.05360
0.22941
2.73531
-0.18099
-3.99153
2.10640
-2.47659
-0.21289
-0.70778
0.85183
-0.55578
-3.53822
2.05475
-0.38200
1.54567
1.42521
0.50346
4.09349
0.88170
0.26604
3.03023
-0.39182
1.48766
1.03056
-0.51432
-4.22916
0.36322
-2.22204
-2.44741
2.84137
-2.19330
1.10141
1.28139
-1.29233
-0.55656
-1.79404
-1.19461
0.21129
0.46434
0.01731
-2.14819
0.67081
0.39204
2.65506
-0.99244
-0.69458
0.04541
0.37969
-1.82470
1.82446
-1.00076
1.67497
-3.46493
-2.43470
2.75108
-0.48304
-1.70618
-1.99964
3.67937
2.15282
1.14913
0.95712
-0.56192
4.26523
-1.40759
0.03581
1.45723
0.91640
2.36104
1.40283
-1.62078
-0.99698
1.64232
-0.21839
1.02799
0.39589
2.29669
-1.21291
-1.44977
0.38074
-3.47042
0.93343
1.21691
-0.66316
1.50535
-2.10016
1.20809
-4.84574
0.30490
-2.52109
0.20860
-0.17834
0.70561
4.60026
1.76770
-1.55305
-0.48315
0.30970
0.34569
2.83619
0.32578
1.18371
-0.86916
2.16957
0.02192
-3.72000
-0.40804
-1.37217
-0.82638
0.13888
-0.49987
-0.71041
0.40526
2.91547
-1.39402
1.59091
-3.32359
-3.78162
4.34640
-1.60366
3.07548
0.00408
-1.00141
-0.22198
2.60843
-0.13979
-0.82773
1.02438
-3.07032
-2.79994
-0.57592
-1.28260
0.50162
-0.68752
0.93665
-0.10154
1.95372
0.14613
-0.89572
-1.32630
2.15215
1.34998
-1.39877
2.79069
2.74860
2.84306
-0.24160
-1.24554
-2.11683
-2.90474
0.53504
1.37045
4.12693
1.19816
-0.87702
1.17269
1.76353
-3.85135
-0.04510
0.97404
-4.31469
-1.19966
-0.40429
-2.35355
-1.25738
0.71100
-1.38577
-0.23417
1.88480
-1.43047
-1.27432
-2.68015
2.53726
0.95879
-3.03519
-0.33469
2.73809
-1.79580
1.59409
-1.53578
3.16117
-1.52468
0.74938
1.75537
1.91535
1.22046
2.10851
2.56266
-0.09037
2.18980
0.32209
-0.40824
-0.63366
0.18542
4.18474
-0.19851
-2.09403
0.26516
-1.65698
1.50676
1.67424
0.49038
-0.89476
-3.43693
2.55107
-0.61735
1.45990
-0.03388
1.03895
0.86019
1.65217
-0.53866
2.28241
-1.91667
-0.23048
-1.26795
-1.38841
-0.51426
-1.51871
-0.31245
1.11936
1.02654
-1.56787
0.37590
-0.74711
-1.33934
-0.57739
2.79613
-0.74677
0.91873
1.23108
2.11831
2.44923
2.44184
2.37926
1.69224
-1.16537
0.11741
3.38562
0.34463
-1.07917
3.04193
0.52518
-1.64867
0.09025
1.28791
2.80526
-2.78232
2.37988
-1.15914
-0.52921
0.17254
1.92359
2.10062
1.59854
-1.39023
0.07624
-2.36424
-0.64987
1.46618
-0.12052
-0.04758
1.80718
-0.39370
-1.47400
1.11943
0.56232
0.97386
-1.81134
-1.48877
-1.18440
-0.77797
1.12895
-1.91604
-1.59354
-1.57036
-1.98129
3.20312
0.43574
1.12277
0.96223
3.17486
1.20784
0.53087
-3.58999
2.25511
0.66986
1.03781
1.13393
2.28307
-2.65885
2.98235
1.38858
3.46203
-0.85906
1.19474
-0.75491
-1.20290
-0.71794
-0.09525
-0.79104
-4.54859
0.48178
0.13883
-1.27633
0.73190
1.18905
0.51473
0.61901
3.07122
2.06910
1.21129
0.14137
2.22469
-1.97120
1.79848
1.44803
-1.03663
1.93715
0.04919
-0.95893
0.16322
-0.79662
-1.62689
1.23950
-0.49234
-0.69653
-0.82738
2.56137
-1.85692
2.24837
2.59915
3.38405
-0.26129
3.31438
1.16559
1.93037
-1.09466
-0.04159
-2.77772
-0.99867
1.74163
3.49796
1.20240
-1.50205
0.33262
0.94559
3.55766
-0.23073
1.06930
-0.82174
1.45219
-0.21720
1.31098
1.30251
1.38302
-0.08650
0.30253
0.55116
-2.95565
0.02590
-3.75102
-0.79839
-1.76404
-1.67971
1.32175
2.41812
0.31688
-1.04669
-0.15801
-2.59186
-0.31153
-3.17798
-1.63155
0.44377
-2.29965
-0.81158
3.26604
1.13621
-1.06141
0.90859
-0.81625
-1.06368
1.05189
-0.92958
-3.72721
1.53438
-3.02739
-0.19140
0.53349
-2.18913
-2.18008
-2.29391
4.75677
2.59702
3.06690
-3.78814
0.02754
-1.90067
-0.88168
-0.99840
-0.46842
0.77033
-1.58008
0.47759
1.74314
0.08641
-0.15013
-2.36757
0.10068
-0.02186
1.52915
3.16117
-1.34029
-3.34450
-0.53587
4.55685
-2.75370
-0.25008
-0.42364
-1.40832
-0.65303
2.27301
-1.60868
-2.47938
1.36934
4.18529
1.84243
2.23163
0.86212
-1.59898
-0.28098
-0.54280
-2.56180
2.23121
0.86886
-0.77507
1.52538
-2.89762
0.45966
-3.24470
-1.15009
0.62356
0.13817
2.35484
0.51862
-1.20555
-0.53655
-0.01440
1.52232
-1.44794
2.09829
-0.78204
-2.44582
-1.80185
0.41584
-0.27557
1.03963
-1.92203
0.86432
-1.36489
-3.19955
5.84288
1.48574
-0.84520
-1.77001
3.50086
-1.96760
-1.49248
0.66821
-2.26201
0.88013
0.66018
0.13553
1.28122
-0.07514
-0.89015
-0.83034
-2.68639
-0.67652
0.25170
-1.25655
0.00670
0.11478
1.70200
0.18858
-2.41425
0.31340
-0.50741
-0.69289
-0.91218
-0.98611
-0.90267
-1.77845
1.96124
2.82952
0.25574
1.25060
3.17764
-2.58290
-0.16795
-1.55632
-0.62066
-0.01995
1.51410
0.85750
-0.59365
-0.32090
0.68069
-3.00736
1.70134
1.64666
3.18937
-0.70531
-2.82204
1.60145
0.92251
-0.05071
2.80361
-2.77061
-0.22645
0.76473
1.17697
0.93668
0.61881
-0.92456
0.47973
-1.91901
0.81893
-1.05431
1.80451
1.78143
-3.55394
-3.75739
-0.51142
-0.96753
3.24704
0.95376
-0.78114
-2.66052
-0.24874
-0.16905
2.18995
-1.84377
0.94269
2.44627
-0.71531
1.47143
2.78042
0.14364
0.56935
1.11947
-0.56039
-1.66561
-2.89354
-0.96055
-1.15317
0.26566
2.73957
-0.55789
-2.65113
3.08346
0.87815
-1.32852
-0.09034
1.84037
4.70052
0.90967
1.86046
1.28978
3.88136
0.43040
-0.28416
0.37760
0.51195
-1.51612
-1.92632
1.90389
-1.13899
-0.16529
-0.84712
-1.89669
-1.86911
-0.56089
0.38374
0.94840
1.14326
0.12608
0.17747
-0.89342
0.85001
0.63220
-1.14355
0.41192
2.57785
2.18918
1.12464
-1.01392
-3.01915
2.23539
0.61923
-0.03624
0.95869
-1.26068
2.52151
1.14845
-1.66091
-1.33418
-0.25870
-1.92494
-1.78937
0.86104
-2.02049
0.97227
-0.03816
0.41555
-1.26523
1.15975
-1.03248
1.48330
1.71860
-0.80439
0.28652
-1.02984
0.96232
-1.13347
0.71538
-1.41744
-0.83463
1.23560
-0.06799
-3.42979
0.68164
1.56940
-1.36915
0.80636
1.74405
-0.97305
-1.08633
0.82133
1.36008
-0.14142
-2.95206
-0.46269
-0.53526
-2.01239
-3.01673
-2.98124
2.19011
1.57564
2.98736
2.99042
1.29403
-0.94794
0.72501
-0.05651
-2.20930
1.18670
-1.47595
2.71104
0.35439
1.06244
3.65023
0.15942
-0.84680
-1.08219
1.18172
1.37299
-1.21141
-1.60504
0.66987
-0.35202
-0.14834
-0.83189
2.98867
2.95270
2.05431
-2.00963
-0.17850
-0.62867
1.66155
-1.78782
1.22422
-2.58445
-0.91733
3.96807
-3.56076
2.10643
-0.84024
0.32886
-1.07726
-3.48097
1.08017
0.03288
-0.26727
2.13873
-0.82415
-0.19038
-1.73787
-2.06270
0.01615
-0.08031
-2.22776
-0.90820
0.78198
-0.02751
1.09081
-2.44643
-0.88424
2.83635
-1.46271
-4.74441
0.07087
0.99849
-0.94642
-4.30913
-2.92978
0.03493
-0.45345
0.80220
0.49997
0.74955
-1.97030
0.57203
2.42145
-0.74746
0.38902
-0.18414
2.65950
-1.32380
-1.56455
3.45226
0.92273
-0.85745
3.34887
1.13751
0.30261
-0.34341
-2.64277
0.00329
-1.53525
0.72426
4.72333
3.35736
1.04049
1.30957
-0.01763
-4.30898
-0.86879
-0.11754
-1.20052
0.86705
3.58339
2.39507
0.25373
2.84112
-0.96005
-1.24328
2.76746
0.29622
-2.23641
-1.92917
-2.72931
1.99191
-0.59718
5.31828
1.74270
-0.24499
1.70368
0.75092
-1.29427
-0.77079
5.44995
1.08056
-0.38785
0.93469
1.76981
0.01837
-4.66971
-0.67303
-0.50994
0.74524
-0.07258
0.06265
1.91669
0.86738
-0.29666
-1.20783
0.61024
1.94338
0.04071
-3.33111
0.74508
3.48653
-3.26476
-1.07759
1.81041
1.12739
1.18855
-0.37916
-1.53940
-0.39157
0.32450
-0.63415
0.23506
-1.04233
1.43834
-2.00319
5.34440
-1.17485
-0.20573
0.17937
1.14244
-1.44993
-1.71526
0.70813
4.25202
-2.26337
3.27117
2.23322
-1.23700
1.05872
1.64656
-1.15210
-1.40463
-1.92239
0.01824
-0.40101
1.57216
0.69855
4.50010
-2.06437
1.55568
1.20324
-2.02495
-1.07778
-0.32872
-1.13248
-2.45182
0.83092
4.29176
-2.77358
-2.20809
1.43525
-1.76468
0.94619
1.47672
-0.94060
2.31184
-0.79328
0.59490
-1.90469
0.14775
-1.19541
2.80379
-1.60718
0.85469
-3.70183
1.64152
2.24531
-3.93760
-1.26663
-1.44463
-1.46150
1.65375
1.48437
1.24264
-2.10255
-0.49072
0.02619
2.81109
-0.88946
1.36534
-4.60034
1.23009
-0.42068
-0.80209
0.91626
-0.95011
0.68414
0.45978
-0.48678
1.73373
1.34150
3.75729
-2.21320
0.69975
1.63241
1.63713
2.71331
-1.65246
-2.40781
-1.08387
2.22555
1.12813
0.30576
-2.14387
-1.39197
-1.36041
-1.42930
1.48179
3.75811
-2.50678
0.57386
2.39712
-0.15478
-0.62504
-0.16034
-4.60351
-4.71231
-3.95406
-2.99468
1.53312
1.63165
-0.39382
-1.64264
-1.79760
1.61126
-0.77318
0.22763
0.63873
-2.06780
-3.90886
0.02838
-1.56902
-1.21153
0.63621
0.14800
0.34267
0.18687
-3.29693
2.18018
-0.84342
-3.00290
1.73785
0.00178
-0.90400
0.53006
-0.89934
3.98008
-0.25318
0.04529
-2.51715
-0.86845
-1.67983
-2.20467
-0.52370
-1.46142
-1.90358
1.85703
0.63687
-2.68786
-0.38064
-0.86944
0.12391
1.18539
1.26883
-1.69443
1.26198
0.11030
1.81181
-2.04454
0.30474
-2.38452
3.90250
0.38481
-2.24369
-1.92573
1.12174
-2.42170
1.22890
0.88440
0.41133
3.04793
2.18652
-3.51030
-0.48890
-0.51611
0.17575
1.21456
-2.14915
3.62948
4.08664
-2.14906
-0.20238
-2.14920
1.05665
1.25828
2.83089
0.62365
-1.08847
-1.42928
2.28366
0.83684
-3.43393
-1.99278
-1.86359
0.06558
1.72579
1.33424
0.59992
0.23440
1.94947
1.46433
0.00052
-2.85935
-2.49768
0.52329
2.05541
-0.27220
1.04025
-1.03234
2.63417
-1.40806
1.35856
0.77723
-0.60929
-0.23101
1.79017
3.06901
0.53192
0.39715
0.62176
1.87723
-4.70324
0.82749
0.03401
-1.83087
0.20917
0.58616
-1.16132
1.80569
0.12766
-1.64094
-1.78145
1.50412
-0.59642
-1.61959
0.50842
-0.14020
-4.50060
-1.97884
-1.42780
-0.05146
-1.55007
1.54618
-2.98333
1.84090
0.93472
-3.39879
-2.13255
0.24440
0.87607
-0.37031
3.54758
0.28599
0.24326
0.07816
-1.51299
-2.21905
-1.40215
2.27035
-0.00557
1.32872
0.82753
1.57612
-2.63025
0.72902
0.08741
1.04073
0.17963
0.94653
0.96310
-0.33430
0.02614
-0.37167
-1.18148
0.88676
0.25189
1.12462
-0.57593
-1.22234
0.43701
3.15865
-3.02399
-1.54135
3.07643
-2.74850
3.21019
1.86401
2.89076
-1.11007
1.24598
-1.61721
1.65984
-1.24406
4.65454
-1.45209
0.93185
0.35904
-0.83351
-2.51244
-1.66275
-0.35956
2.16199
0.94983
-1.03234
-0.02051
3.40746
-0.45532
0.37472
0.02483
1.49564
-1.51051
2.01908
-0.17622
1.26747
-1.72824
-2.94519
-2.23458
0.47599
-1.99277
0.32444
3.32810
-2.69918
1.82988
1.05612
1.14089
0.01367
-1.36409
-0.18721
0.92598
1.01323
1.40482
-0.25675
0.76178
1.31439
-0.20416
-1.00437
-2.23182
-2.04207
-0.70287
2.45788
-0.48220
1.06544
-2.15194
-4.11294
-0.25852
0.37492
-4.67451
0.01326
1.86346
-1.25289
-0.33207
-1.47907
-0.00548
0.79011
1.00079
-1.20616
0.94951
2.02619
-2.24136
1.03893
2.40551
0.97777
-0.67056
0.39701
-0.19611
-1.43739
-1.84707
-0.32563
1.33692
-0.60375
1.69467
-0.55633
-2.16875
-1.52486
-0.09495
3.52157
0.46766
2.10654
-0.28485
-2.26524
0.82271
2.17059
-0.98442
1.64349
1.30574
2.62012
-0.36353
0.67314
2.24360
-1.50870
-1.56287
0.71855
-0.99178
-1.46554
0.44764
0.37076
-1.85990
-0.10490
-3.24816
1.93468
-0.90823
0.94844
3.06563
3.57519
-0.85921
1.08040
-1.24359
-1.20414
-0.95919
1.53241
2.01113
0.37409
-2.43324
1.58165
-2.17894
-1.80395
3.19828
1.34061
1.07576
-4.06188
-2.14111
0.01203
-1.52443
-4.17802
-1.47838
1.19566
1.09603
1.17073
0.09432
-0.21097
0.14052
3.75012
1.87909
1.54989
0.77025
-2.94847
-1.05073
-0.57799
-0.04009
3.48247
-1.08564
-1.47408
-0.70103
-2.25102
-0.49695
0.33508
-3.00317
2.31968
-2.02504
-1.94979
-0.78481
-0.77935
-0.87063
-0.93447
0.32751
1.56468
0.60797
1.71044
4.17764
-2.69546
-1.90266
1.53426
2.90794
-1.43565
-1.42848
-0.54884
0.06366
2.55233
0.73742
-2.57974
-0.24635
2.08834
1.87724
0.15587
-2.86380
-3.61849
2.37561
0.84676
2.66697
0.78177
-0.51972
-1.66043
0.69298
1.08748
0.96774
-1.17856
-0.12695
2.19469
0.67846
-0.97394
0.89995
-3.76902
-1.64366
1.15169
-1.92750
-2.65343
1.24033
-1.63474
1.30375
1.09693
-1.33863
-0.12288
0.60848
-0.78106
-0.13043
-2.88828
1.27806
3.18324
0.16252
-2.09183
0.37682
0.53386
1.70588
-1.74953
-0.45870
-0.66160
0.47453
3.54202
-0.52419
-0.95149
3.28706
-0.85811
0.59507
-1.74380
2.15177
1.41311
0.95174
-0.07559
2.31482
-0.84439
1.73966
2.66574
-0.08425
-0.76017
1.13298
1.63319
0.41026
-1.33584
-4.17622
0.50017
0.84604
-0.09381
-3.09692
-0.00972
2.77636
-0.45239
0.72424
1.20675
0.75236
-0.78067
1.76293
2.41789
-3.72968
0.09237
0.98221
-1.00616
1.23157
-1.63192
-2.51295
-0.38329
2.06710
-0.77758
-0.87241
-2.08929
-1.34647
-2.07027
-0.72639
2.87872
-0.82498
0.18244
0.71197
3.26076
-3.02766
1.89227
2.41826
0.36713
1.12359
-1.89413
-0.30180
-1.49564
4.36683
0.98357
-1.65688
-2.02907
-1.64706
1.96454
-2.78941
0.83415
-1.16838
0.12316
-0.23177
-0.11341
-0.53010
-2.07426
0.21161
-4.55571
-0.87490
-0.53239
2.60496
-0.74027
0.49832
0.08651
-1.71987
1.49731
2.37000
1.58271
-1.19670
2.24568
-1.21912
-0.60932
2.47221
0.31831
-2.30874
1.38253
2.79966
1.64862
0.39601
0.87513
1.33131
0.57365
0.40481
-0.99675
0.89648
0.27468
3.48606
1.54128
-1.67210
2.85808
2.57893
-1.43461
-1.27663
-1.91906
-3.13066
1.23819
1.04475
-4.10512
0.90910
0.56555
1.37971
1.17160
-4.72918
0.77991
0.24224
-2.49217
-0.78653
2.09324
-2.30967
1.72324
0.95927
2.48638
-1.54625
-3.43366
-1.29849
0.44739
1.01807
2.76808
1.16949
1.05773
-2.11507
-0.75794
0.15780
-1.95710
0.80702
2.22235
-0.64765
1.80505
1.84364
-1.66772
1.43898
-0.25187
-1.88010
0.40582
-2.36296
2.07240
-0.07804
-3.07358
0.82467
-0.05786
1.10458
0.57467
-2.48411
-3.73384
2.73865
1.21400
1.83810
-0.45667
3.25114
-0.17089
-1.13364
1.47974
-1.27185
-3.40358
-1.98932
-1.86782
0.26220
-0.68608
-0.89536
0.43449
-0.04380
-0.85105
-0.74689
2.35422
0.44154
-2.66765
-0.92173
0.26680
-0.78544
-0.80361
-2.91271
-1.82388
1.09068
0.16492
-0.54176
0.51056
0.04156
0.89467
1.06329
-2.71771
-0.45519
-2.41208
0.24503
1.13649
4.13244
-4.45261
-0.84293
1.81491
-2.71086
-3.34217
2.27553
-0.88341
1.61101
-0.75820
-0.59135
1.00349
1.42465
-2.13175
-2.38833
0.82556
-1.55117
-1.17589
-1.01722
-0.06457
-3.19882
0.80500
2.40637
1.27415
2.92217
1.56678
0.89213
-3.13913
-0.27311
-1.31907
-0.08177
3.73082
1.93118
-0.72168
0.56879
2.68666
1.22969
-0.29452
-1.53455
1.06845
-4.67040
-2.12359
1.04917
-0.52042
0.19584
0.21509
-1.28725
-2.49106
1.06066
-1.42162
0.53724
-0.89937
-1.26448
-0.31348
0.42763
-2.36747
3.30656
-2.82174
0.12183
0.80132
-1.21666
1.61834
1.99909
0.56471
0.10074
3.14685
-1.28625
0.60775
1.75445
0.55110
3.08482
-0.35942
2.37203
0.52306
-0.17039
2.99590
-1.84284
0.74258
-0.98862
0.41499
2.23980
1.15498
-1.77172
-4.13811
-1.25024
-1.41946
0.84287
1.31591
0.55844
1.13694
-1.32550
-0.46803
-1.00235
3.22865
-0.23207
2.25330
-0.91107
1.37164
-1.89109
1.17661
1.98573
6.86628
-0.05382
-1.36362
0.12492
-0.27067
3.04869
1.39505
0.27202
0.11906
1.06869
-4.10078
-2.47643
3.04682
1.01811
-1.50108
0.58559
-0.67282
1.34391
1.04866
1.00936
1.72540
1.93075
-1.34861
1.20560
0.13686
-0.88461
0.36040
-0.06677
-1.67548
-0.04406
1.37584
-2.80745
-1.74642
0.15295
-0.07580
0.10493
-0.29569
-1.47151
1.83137
-2.93914
-4.03320
0.99996
-1.26725
-0.63628
2.75560
-2.15579
1.52584
-0.10002
3.34366
-3.36481
0.17186
1.06037
3.08966
0.26362
-0.24435
-0.95809
1.13925
-2.27736
1.94457
1.98490
1.85277
-2.33822
1.14433
-1.81183
1.07383
-1.26148
-1.39278
-0.01260
1.29849
2.27407
-3.99563
2.29980
1.02072
1.85468
0.26030
-1.08795
-2.05541
-0.69096
-0.69209
3.13782
0.02025
-2.35837
0.36209
-1.36581
-1.17727
0.97562
-2.15708
1.27886
2.87178
1.45558
-0.44405
-2.01182
-0.16913
-1.91421
0.58846
1.21505
-0.50601
-0.64968
-2.34802
0.77242
-1.72480
-0.70792
0.32361
1.32915
-1.32804
-0.38825
1.53902
-0.32624
1.59001
1.06085
0.76928
-0.03151
-2.75678
0.40675
-0.32649
-2.96139
-0.27903
-0.91777
-0.44009
0.94129
-2.39438
-0.02386
-0.75878
0.22000
-2.72774
-1.59093
-2.44072
-0.10787
-0.41262
0.29542
-0.40094
2.66055
1.28330
-0.88356
-0.30003
-0.25785
-1.09891
-0.03222
1.38686
1.81232
1.28366
1.47738
-1.58061
-2.09646
-1.75145
-0.41161
-1.59095
-2.47688
2.71099
-0.68490
1.19111
2.85516
-4.11032
1.59233
2.14938
-1.00964
-1.29631
-0.71674
0.58560
1.99969
-1.84335
-1.38366
0.72528
0.88220
-0.01225
-0.76158
1.76586
-0.61128
-1.18431
1.65974
-0.81065
2.47023
1.15922
2.42930
-0.20344
-0.55983
0.51719
0.12287
-2.25561
-0.09773
-1.36593
2.37837
-1.11232
4.51594
-1.59428
1.30767
-1.34988
2.00372
0.55667
-0.29566
0.83426
0.39403
2.01995
-0.70790
-0.17309
3.18113
0.71672
-1.45898
0.40530
2.24935
-0.54747
0.54166
0.67254
-2.43823
1.93485
-4.00638
-0.53522
-0.24465
-2.95006
2.10189
-1.66293
-2.45597
-1.66782
-2.11252
-0.63388
0.88306
-0.42879
-1.49540
0.42363
1.06366
-2.32261
-0.58939
-0.42812
0.55264
0.15962
2.23545
-0.91376
1.86524
-0.09368
-1.58290
-0.33048
-0.24265
-1.84768
3.03238
-1.89054
-0.29350
0.24282
-0.50949
-0.31222
-1.58143
-0.80067
1.04467
-0.43701
-2.57786
2.19957
-3.21039
2.03033
-2.33051
0.51585
-0.29834
-1.09338
1.41862
-0.11227
1.47777
2.43339
3.69394
-1.12394
1.44392
0.82928
1.01407
1.15266
-0.23609
0.41170
4.57411
1.33376
-1.32630
2.31416
2.85876
-0.25024
1.17079
1.63956
-2.59208
3.28941
-0.27523
1.28001
-1.67492
-2.28182
-0.29659
-1.41739
-0.79724
-2.23479
-1.80921
0.69315
-2.24635
-1.36038
2.75865
-0.57902
3.37571
1.33174
-1.31179
0.22252
0.78756
0.94403
0.82948
0.78926
0.22283
-1.02407
-3.08793
-1.04049
-1.37412
-1.24189
-0.60556
5.00715
-3.03889
2.29286
1.02024
-2.27139
-1.93564
-1.01606
2.15146
-1.13778
-0.34618
-1.39523
-1.24785
1.70076
1.01866
0.17241
-3.20607
-1.85242
3.28351
0.02635
-1.60277
0.04323
-1.77867
-0.28407
4.87952
0.56334
3.70061
0.94652
0.94425
-0.97395
-3.72232
-1.37276
-3.63475
-0.25655
-0.82498
2.90971
-0.15899
-0.95550
-0.02396
1.73674
2.60560
-1.14213
0.89012
-2.12804
0.63829
-4.22301
-2.48721
-2.53883
-1.24537
-1.69741
-2.87473
-2.84519
-1.14316
-3.82462
1.69865
0.65191
0.38097
0.05891
-2.58198
-2.20917
-0.80539
-1.84728
0.72110
-0.49019
-1.66009
1.14961
0.59981
0.73627
2.41020
1.80450
1.58437
0.77075
0.38242
3.09316
0.34671
-1.51736
0.77380
-1.93647
-1.79705
-1.00561
1.62857
-1.89383
-0.89421
1.88990
-0.08163
-1.25885
-0.02533
-1.28805
0.48142
1.41325
-0.03583
-2.34763
-3.59071
-1.07646
5.15145
0.59352
0.08906
0.59489
-1.36793
-0.92794
-0.31110
0.82219
0.16492
-2.04853
0.77854
2.40396
0.08709
-0.42323
2.49505
3.31223
1.30463
1.12916
-6.11724
0.97771
-2.62505
0.49305
0.28126
-1.05540
4.23911
0.43928
0.91695
-0.70145
0.62856
-0.41089
0.24273
1.29606
-0.87209
1.23361
-0.47413
0.71284
-1.67048
1.99715
1.98857
-1.43805
0.26964
2.35042
-2.64983
2.28364
2.80821
-1.33524
-2.06723
-1.82430
-1.45622
-0.69280
-1.24563
0.81273
1.60814
-3.09551
2.12277
2.78047
-1.89821
-2.29728
1.00764
-2.04464
-1.37945
3.83251
2.26502
-0.31442
-0.39962
0.06946
-1.98403
-3.12904
-1.25280
0.33234
-0.11997
-2.54058
1.25804
0.56137
-1.57955
-0.33055
1.06440
-2.34063
-0.31360
0.94315
-2.15484
0.17728
-2.96379
-1.30269
-4.95421
1.92870
3.06277
1.90441
1.09834
-0.56839
2.77198
-1.37514
-1.09182
1.94883
-0.66026
-0.65908
-1.74546
0.45723
0.35070
0.24070
1.56338
0.76295
1.69427
-0.36384
0.47474
0.82570
-1.76425
-0.41504
2.33997
-1.04219
1.51409
-2.58674
2.19727
-0.17817
0.35076
-1.92902
-0.27654
-0.97385
0.62477
3.74162
-2.12839
-0.99852
3.12472
1.16563
2.69370
-0.26176
0.61827
0.06513
0.69653
0.06267
0.68237
1.61964
-3.62894
0.55901
-3.58408
0.62881
-0.48751
0.24513
-0.80047
1.29125
1.94817
2.77430
-2.40555
-0.89703
-2.86717
-0.50024
-1.49164
2.43302
-3.76353
-1.28870
-1.21545
-2.91138
0.73594
-2.48247
2.12389
0.90789
0.36235
4.44719
0.61137
0.74859
-1.43175
-4.48648
1.66364
0.81045
2.66300
3.15554
3.35108
1.85948
0.16231
-1.93961
0.39027
2.18154
-2.09015
-3.77469
1.55119
-2.45299
1.62258
-0.35018
0.91819
-0.59947
-0.35800
-2.96324
-1.07131
-2.97361
-1.03821
-2.08253
0.47160
1.25589
-2.46471
0.40427
0.30524
-1.79926
-1.06535
0.69907
0.78060
0.03255
-2.70507
1.04292
-0.52929
2.67593
4.67034
-0.99978
1.09904
2.50871
0.93353
-0.96530
-3.33922
0.31937
-0.19198
-0.60915
-2.81122
2.50245
-2.53917
-0.69943
0.81031
-0.11147
3.91874
3.10111
-1.93476
-1.82427
-1.44970
1.75956
-0.19538
-0.05218
-1.71740
0.77434
-0.63624
-3.34236
0.52044
0.66546
-0.05676
-2.92868
1.49182
-1.19722
0.66258
-2.80242
0.40162
0.39895
-3.06173
-2.28816
-2.76503
-1.30208
-0.99697
0.81300
-3.63629
0.19630
2.04315
1.53374
1.65505
-0.02014
1.83207
-0.57484
1.04513
1.53892
1.29243
-1.19520
-0.21519
0.56746
-1.90342
2.42317
-0.26112
0.72520
0.20228
-0.55016
0.64264
-0.96549
-0.12190
1.07902
-0.29203
1.82206
-2.49947
1.22146
-3.08642
0.48187
0.04684
-1.98024
-1.42454
0.86554
-0.59750
0.58508
-0.92226
-0.13538
1.62672
1.71749
-0.91595
-0.49761
2.37898
2.13005
0.72582
1.23727
0.65045
-1.06499
-0.71733
0.05230
0.35092
-0.56677
-0.06872
3.25936
-1.29513
-1.28538
-1.79070
0.53513
2.74073
-1.75748
-1.36493
1.57065
1.01251
0.64360
-0.66380
0.31815
1.24103
1.56927
0.86891
2.14793
0.59113
-0.38442
1.31302
-2.42750
2.08379
-1.86932
-0.19259
-2.23823
-1.08962
-0.29822
-3.88051
-0.63980
-0.08039
-0.04183
0.04059
2.50933
-1.19437
-2.56649
-1.62707
0.00496
2.09243
-1.40050
2.46163
2.40525
-1.13455
2.26365
-2.64103
0.06714
0.59201
1.95238
-1.56202
-3.98608
-0.37682
0.01173
-1.40431
0.62236
-1.54028
-2.37188
-0.59827
0.17191
-1.04895
3.32285
-3.44548
0.75646
-3.15433
0.17796
0.84686
-0.25562
-0.04503
2.15230
0.08746
1.52710
-0.24718
-2.03279
1.12220
1.77538
-0.84802
0.68529
1.82481
1.81112
1.18822
0.58309
1.78930
-0.88856
0.05870
-0.76334
0.09350
0.35973
-0.38572
1.20579
-0.55609
-2.33822
0.11032
-0.01552
3.38074
0.26289
1.27261
-0.46395
0.38836
1.03175
1.07686
0.78564
0.01089
-1.17472
-0.82463
-0.63274
2.10723
-0.46322
-1.80799
1.05684
-1.66360
-1.81450
-1.81290
-0.54393
4.47401
-2.10886
1.60276
1.19154
-1.05961
-0.03377
3.72906
-0.21913
1.15374
-2.21259
0.07585
-0.53811
-1.29876
-1.25441
-2.47577
-0.20716
0.35230
0.93383
1.15123
0.14708
1.77859
-0.24477
-2.17192
-2.16415
1.73520
-0.33280
0.20041
0.91638
-1.78898
-1.91285
-3.76892
-2.72034
-1.15882
-1.65436
-1.45333
0.93858
-3.09013
0.48581
0.28961
-4.32017
0.18000
1.72180
-1.95101
1.46168
0.27494
-0.09612
1.10093
0.96840
3.87880
-0.33651
-3.91093
2.03787
2.04585
-0.78163
-2.29712
-1.91898
-2.72368
3.04036
1.34337
0.57088
0.18308
0.40033
-0.50194
2.95268
2.06592
0.03434
0.11210
-2.29937
0.12223
2.75923
1.11859
2.73852
-1.84800
1.69747
2.07240
0.99606
0.17152
-0.97885
1.75333
1.30927
-2.21087
-1.30906
-0.12861
-0.32802
-2.74613
-2.52515
-0.34877
-1.22894
2.32867
0.10128
-4.99323
-1.28427
-1.11368
-1.97774
1.30186
-1.15283
0.87817
1.47503
3.03618
2.84310
-0.99843
5.07587
-0.38761
-2.63977
1.03789
-0.29460
0.27365
1.38760
1.33712
1.56099
-0.62490
-0.87359
1.45610
1.15021
3.43614
1.84048
2.57030
-2.86516
0.01681
5.00325
-0.45038
-2.06344
2.65431
1.43660
-1.13509
3.20688
0.15456
-2.65939
0.52967
-1.71471
2.28779
-1.56004
-0.31161
5.33782
0.26547
-3.61300
1.00431
-0.33709
-1.17872
-1.79499
-0.88927
0.88651
-0.89246
3.02307
0.11986
0.21745
-0.70650
-1.63678
1.44205
-0.18767
0.00223
2.85024
4.53391
0.75951
-0.43536
0.48789
1.34401
-0.59760
1.53728
-3.07338
0.58139
0.74256
-0.60882
-0.39394
-2.64531
4.60345
-0.53958
0.74735
-0.59196
1.47293
-1.64470
1.69661
-1.40023
1.03370
-0.62461
-0.62165
0.20235
-0.76837
0.58724
-2.09652
1.35810
2.47871
0.45526
4.08433
1.83880
2.65740
0.80707
-1.31098
1.81987
-0.08600
-0.04885
1.01824
1.16633
-1.15035
1.40116
-1.10198
1.33377
-0.98627
-0.48214
-1.35155
0.99601
-1.17124
-1.61359
-2.28148
0.29603
2.82753
1.44730
1.70041
1.10362
-1.02130
0.77485
-0.83469
0.11178
-0.60779
-1.64754
0.37697
0.57325
1.54996
1.04339
-1.78538
2.33365
-0.74539
0.39521
0.83198
0.63750
-1.04592
-0.63965
-4.66051
2.23628
0.25146
0.85022
-0.82826
-1.18370
1.16196
-0.90667
-0.61227
-2.23016
-0.78845
-0.65498
-0.15912
0.35967
2.64889
-2.98025
0.94170
-0.70516
1.65744
1.45545
-3.27201
-2.88938
-1.59586
-4.19318
0.87694
-0.03795
2.38916
-0.19592
-1.17320
-0.61419
0.87494
1.68359
-3.34885
0.06510
-1.21909
-0.62686
1.31592
-0.75619
-0.04938
-0.80763
1.49166
-2.12467
0.21208
1.90816
0.12872
-1.22092
-2.14185
-1.48324
0.10574
-1.88462
-2.25192
0.71742
0.63477
-0.90429
2.04096
-1.72737
1.97535
-3.15389
-2.18234
-0.93373
1.11558
-5.83370
1.99399
1.04023
1.61115
-1.07748
-0.29837
-0.48549
0.08413
0.39154
-0.57048
-1.81204
1.21460
-1.37187
-2.42983
3.19905
-1.00885
-1.69606
-0.56119
0.90538
2.03189
-0.19598
-1.71790
3.27047
-0.51803
1.56354
-0.24573
-0.73496
2.02739
-0.73595
0.38728
-1.50529
-2.55244
0.35788
0.01089
-2.13234
-0.77895
-1.31983
1.62769
-3.18007
-1.99707
-1.89097
1.04334
-1.23277
4.44992
2.26539
-0.96877
0.34881
0.99000
0.71962
0.16097
-1.88387
-0.10467
-1.67735
0.61561
1.40406
-2.26035
-0.26275
0.03881
3.41950
4.72073
1.71660
-0.23069
-0.82912
3.58107
3.73575
-0.89269
0.66848
-1.81613
3.60997
1.14803
-2.78604
-1.15731
0.06740
0.77505
2.49930
-0.83663
-0.63412
-3.11803
-1.61372
0.47092
0.35615
0.09500
1.25416
-1.05884
-1.07468
0.46765
2.80896
-1.58691
-2.98934
-2.22112
-1.02298
0.74757
0.57080
-1.27337
2.22332
-2.48922
-2.78346
0.84525
0.12528
0.32388
-0.58365
2.49078
-0.64438
-0.01098
-0.82483
0.46537
-1.22105
-1.57279
-2.05120
1.27355
-1.81493
0.39333
2.26902
-0.49481
1.57580
-1.25098
0.71748
-0.03307
-0.56491
-0.77798
-1.23357
0.77360
0.63481
0.26837
-1.55174
1.84848
-3.64634
1.06974
-0.72120
2.21291
-0.79087
0.36825
0.08845
2.70891
-0.99320
-0.37008
-1.06506
-2.08938
-0.82306
2.14555
0.32607
2.41885
2.10331
3.38504
1.85490
-3.81097
0.65408
-1.23920
2.60751
0.80915
0.77617
-0.81022
1.44904
-0.74912
-5.48043
-2.06779
-0.57602
0.63533
-0.72762
-0.85351
-1.17832
-0.88281
-2.37743
-1.32529
2.45696
-0.63196
-0.49999
-0.84110
0.12083
-3.50347
0.89001
0.57773
1.92279
1.49241
-0.28292
-1.01781
1.25125
-0.15923
1.34836
1.95793
0.91007
-1.78115
-2.37548
1.11591
1.41740
0.38259
2.65450
1.30633
-0.05385
1.28126
-0.30540
3.70997
-1.93169
2.50868
-3.80409
1.04474
1.20653
1.52304
1.66524
-0.15582
-0.01639
-0.32497
0.92476
0.38620
0.70951
-0.14851
-4.27675
1.15144
-0.12181
-3.12987
0.08027
-2.85680
5.27252
-1.12784
0.24877
0.97033
-1.93915
-1.92144
-1.65179
0.42629
2.24113
-1.76537
-1.99123
1.36809
-3.19661
-0.65619
-1.71296
3.39904
0.30775
-2.82842
1.79780
0.03693
1.58379
0.14861
-1.39470
5.13495
-0.42508
-2.13949
0.82124
-1.49806
0.27768
-4.04623
0.54646
2.79093
-0.22310
1.39666
0.87255
-1.52803
1.29752
-3.04213
0.67390
-1.16592
-1.82084
-0.15177
-0.46126
2.61261
-0.48519
5.34185
-2.10123
1.99585
0.72452
-0.43549
0.72849
0.69215
0.59472
-5.29644
-0.84786
-4.49574
-1.72330
-2.24510
0.14602
1.94971
-3.76868
-1.47694
0.64046
1.10451
0.76949
1.19779
0.06611
1.30206
0.27514
0.25483
-1.19274
0.99463
-3.36658
-1.79281
0.62384
1.52678
0.07752
1.00285
2.80590
2.60138
-1.62971
-1.35859
1.18642
-3.12694
-1.89185
1.69316
1.30426
1.32773
-0.33748
2.43492
-0.32165
0.06988
-1.45789
0.37048
-2.51587
1.13524
-0.93909
0.35276
0.98706
-0.66882
0.19705
-0.61105
0.26823
-1.46888
-0.81773
-1.83289
2.09038
-3.62705
1.67637
4.40549
-0.69380
-1.27298
0.96048
-1.30754
1.31407
1.77344
1.64965
-2.03888
-0.53033
0.89203
-2.68631
1.05370
-0.71429
1.36889
0.68212
-1.26045
-1.02531
1.87580
-3.83570
1.00233
-1.00608
-4.30277
-1.50233
0.31866
1.27501
-0.06892
-1.04394
0.01384
-2.30004
-1.44355
-1.07543
-3.24680
-3.34612
-0.75985
2.88527
0.62170
1.83319
0.64829
1.43767
0.11876
-1.12209
-2.01591
-2.41549
1.89443
1.22654
0.64493
1.30270
-4.13062
-3.81762
-0.68019
0.39177
2.02969
0.00718
-0.05416
-1.92822
-1.09066
1.38070
4.01086
-2.88623
0.91357
0.45328
-2.28876
2.23886
-4.07239
2.00852
0.44585
1.74466
1.51938
-1.13478
0.09360
0.86130
-0.82838
1.21929
3.76189
-0.48996
-3.32429
-1.57449
-1.71389
1.16747
1.24928
1.15877
2.28968
0.71497
-0.95605
-2.06465
-0.58747
0.47789
-3.61801
-1.08717
1.85110
0.45122
-0.90861
-3.12954
-0.22800
-0.29834
0.06689
-2.13228
1.95894
2.08076
-2.54563
1.57913
-1.30447
-2.60761
1.03913
-1.50032
-1.77239
-0.00318
-4.14566
2.22304
1.97212
0.57927
1.05157
1.25647
1.47216
-1.15241
-0.58364
2.26589
2.19847
-0.36065
-2.41861
0.45804
-0.51887
-1.77707
0.03304
-0.65593
4.71911
-2.35369
-0.58904
0.10222
-2.48911
2.20337
-1.17680
-0.48793
-1.81169
-2.22704
-1.11407
-1.15041
-0.92266
1.98228
-2.85270
0.64879
-0.46434
-3.85021
-0.35589
-0.03128
2.38558
-1.41356
0.12205
-1.31351
-1.68453
-2.91338
0.51920
-1.01479
-0.11995
0.64504
0.36676
-1.59667
-0.23063
0.84884
0.00284
1.68099
-0.52299
-0.21901
-0.13572
-1.47060
3.90303
-3.25657
1.23227
4.88497
-0.36408
-0.50447
3.26774
-1.03496
-1.91254
-0.84380
2.23451
0.16536
1.26970
1.34931
0.70048
-0.88676
-0.82192
-2.33674
1.21133
2.97132
-0.57755
-0.07040
2.41744
0.69110
0.67855
-2.95163
-0.89894
0.63314
1.90587
2.91384
-2.11564
0.44937
-1.27748
0.23675
2.67884
1.45478
1.24846
0.44939
0.33323
-0.63377
1.89780
-2.92921
-1.07265
-1.75463
0.99464
-0.59110
3.21758
1.48625
-1.42004
-0.82947
-2.19442
0.34370
0.00012
0.72473
-1.44397
-2.33779
1.30712
3.42388
1.81684
1.28863
1.73709
0.65156
2.25118
2.99455
0.57881
-1.39514
1.75222
-0.18330
-2.28597
1.59423
-0.44131
-0.70016
-0.57537
-2.19688
-3.80897
0.52407
0.60855
0.27627
-0.02441
0.11853
1.14595
-0.35455
2.70705
1.75661
-0.62610
-0.31587
-0.00444
2.52048
-0.37694
0.60196
2.75231
2.12978
-2.46648
0.64827
0.17923
-0.20189
-1.42458
-4.33269
-0.79211
-2.44275
3.14691
-0.27206
-0.63613
1.13421
1.42552
0.70122
-3.66714
0.22189
0.85216
-1.24033
1.46811
-1.18493
-2.78838
-2.21199
1.93811
-2.91236
0.75526
0.56842
-2.28137
-0.06350
0.09423
-1.04324
-1.14013
-0.50970
0.90513
-0.89759
-2.21657
-0.68808
0.99498
-0.29197
-0.89662
-2.46129
0.66785
-1.14245
2.65852
0.20746
1.12868
4.15938
2.60754
0.26679
-1.71840
-0.94490
-3.29860
0.87623
0.08157
-0.62578
0.03769
0.56672
-1.16919
-2.27050
1.45494
2.16210
-0.60901
0.16387
-2.55162
1.33561
-2.30061
0.32706
0.35301
2.37541
0.50841
-2.01403
-3.03139
1.20668
-1.96292
1.71842
3.22252
0.29165
-1.51909
-0.30585
-0.22415
2.79439
-2.61747
0.62815
0.83503
-1.55172
0.64402
-0.33041
-2.77520
-3.58098
-0.14999
1.29980
-0.79628
1.92861
-3.57454
1.25446
1.43981
2.19098
2.70209
0.82776
2.61154
-2.12355
-0.03763
0.92198
-0.36271
-2.60822
1.45563
-3.94144
0.63243
-0.17978
1.92969
-1.53943
-0.79306
-2.20788
2.15923
-0.50050
-1.91649
-1.12462
0.26462
1.82140
-0.93132
-0.46876
-0.63206
-1.93874
0.07118
-1.61311
-0.61969
1.44123
2.39226
-2.73393
-0.28409
-3.18963
-1.40865
-2.05804
1.22911
-0.96315
-1.84736
3.67659
1.73949
2.66276
-3.43064
4.51530
1.01791
1.98865
1.26715
0.47369
-0.01285
0.81653
-1.65455
-1.41722
3.37915
0.82071
0.11075
0.49035
-1.39202
-1.14625
-2.29007
-1.52077
-1.01194
1.66513
2.57466
-1.91657
0.71652
3.30625
1.79399
0.75679
-1.05159
-1.55233
-1.00308
-2.31066
1.55502
2.09646
-2.27804
-1.38512
-0.91245
-1.18325
1.19557
2.81733
0.21771
-5.38736
-1.23004
-0.81158
-1.42600
-1.04766
-2.11651
-0.19732
0.30997
1.45811
-0.51380
0.70138
-0.01557
1.51788
3.60259
2.83348
2.32090
3.49708
3.03594
0.34013
0.44111
-0.77195
-1.07527
1.46601
-1.60612
-2.21323
1.63562
-0.91203
2.55174
2.92934
1.07674
-0.00118
2.41062
1.08374
-0.07485
-0.79540
0.57772
1.88971
0.59277
2.04537
1.41738
-2.47415
1.36914
-0.39718
-0.91453
-1.89097
0.17738
1.80766
1.15966
1.29769
-2.31737
-2.64451
3.74206
0.31950
2.00086
2.19749
-2.77198
0.10732
1.32122
-1.85130
-0.66284
-2.23926
-1.37684
0.97096
-0.10448
3.58307
-3.71550
1.22471
-1.43534
-2.22998
-0.09416
2.94900
0.08224
-1.35493
1.31447
0.28262
1.29824
-0.06973
3.41020
3.21226
4.62761
-1.26035
-0.07561
-0.14373
2.17560
2.58179
1.55930
1.36208
3.81450
-0.74573
0.18495
-3.19654
-0.30887
0.74061
-1.18283
0.91422
-1.35665
-1.50407
-1.03796
-1.81639
2.17125
-0.21207
-1.55905
1.86363
-0.64739
1.59395
1.75001
-1.24512
2.34956
1.57333
-1.78802
3.56573
-0.29739
-0.43102
-1.47589
4.24762
0.79967
2.32755
0.20486
-2.61979
2.12416
-3.09390
1.11816
-0.45212
0.53624
3.42615
-0.35552
4.05806
0.29700
-0.71900
1.96052
1.18241
-0.55872
3.95446
0.39512
5.03502
-3.37351
1.78862
-4.65485
0.21547
0.73760
0.05379
2.32159
1.45838
-1.80463
-0.01370
0.73834
0.17340
-3.29829
1.03755
-1.09189
-1.39884
0.02412
-0.57633
1.84636
-0.22062
-1.85538
0.03074
1.39723
-0.43478
-1.29458
-1.13636
-2.21106
1.06756
-1.76454
-3.01605
-0.64754
0.29299
-0.00203
1.66692
0.16309
-1.77171
-0.72638
1.36201
-0.25183
-2.28581
-0.32659
-2.41955
0.77768
-1.24322
-0.84376
-0.63137
-0.69557
-0.63936
0.72637
-0.75266
-1.52875
-0.01784
-1.42314
-2.93558
-3.44559
-1.52575
-2.55714
0.03114
-0.44492
-0.79696
2.73823
6.89378
-0.36092
-2.14432
-2.24281
1.31185
-0.57229
1.00506
-2.01178
0.09613
-1.86777
2.27806
-0.42087
5.86065
-3.28191
0.98575
1.49088
0.33274
-2.87554
-1.67101
3.01628
-0.26367
0.74205
0.82676
-0.06113
-0.41757
-0.44837
-1.74213
0.09655
0.80120
0.45305
-0.64064
1.03706
-0.97686
1.55617
4.17053
0.99834
-0.12345
1.54359
-1.41606
-2.46424
0.83427
-1.97131
0.77637
-1.77283
-1.16198
3.27436
-0.81363
1.87498
0.98488
-0.09969
-1.11895
-0.21584
2.08617
-0.94687
-3.68445
-1.79156
0.07288
1.33661
0.12160
0.69492
2.88523
0.26757
-0.61133
-0.84110
-1.97085
-1.93287
-1.02510
-2.32301
0.17482
-3.03381
-0.46530
-0.50513
-2.82728
0.11288
0.05833
-0.23768
-3.17256
0.06727
1.52480
1.52170
-0.74227
0.55814
4.99975
0.25618
1.83936
0.35662
1.71356
-1.06381
-2.38146
3.69335
-0.09557
4.63003
1.75857
1.84471
-0.65991
-2.50659
4.16189
-0.87111
-1.05986
1.79112
0.68037
-0.82187
2.51013
0.99832
-1.86326
-2.55253
-1.12155
1.91407
-2.10479
0.50619
1.10962
-3.17693
-2.10322
-2.99936
3.69121
2.59462
-1.27473
-0.35249
0.51898
0.64576
0.50178
-1.64965
-0.53735
-2.87936
1.82515
-0.96165
1.98663
2.58154
-0.38212
-3.24431
1.21069
-0.55101
0.31023
-4.71335
2.55406
0.57744
-2.48325
-1.41066
-2.94736
-1.07089
-3.37642
-4.50042
2.63486
4.87088
-1.92980
-0.09593
-0.47790
-0.51937
-0.98443
-3.83304
4.15228
0.52885
1.05588
1.09036
-1.34863
-1.16801
-1.33777
3.91863
-1.24805
4.52488
-1.19710
0.10633
0.97698
3.80963
-0.62208
-1.68211
-0.85857
-1.70897
0.01015
-4.07462
-1.94068
0.68439
2.85336
1.31249
2.75976
0.43741
-1.36584
0.34028
-0.43023
2.54483
-0.64947
0.56375
2.60254
-2.46258
-2.24609
2.52535
-3.75913
-0.72829
0.70463
-1.83850
2.62039
0.46994
-0.50921
0.74965
-0.01343
0.09764
2.29157
1.24526
-1.63484
-1.47129
0.42874
3.14680
0.43457
1.35786
-0.40012
-0.18439
-1.69082
-1.86675
-1.89132
-2.48039
1.48581
-2.21494
-1.31510
-1.14591
-3.21656
0.10385
4.62364
-1.65558
-3.03611
3.71552
1.22063
4.77189
2.94052
2.07686
1.57482
-0.32119
0.12904
-1.47764
-0.48771
-0.41023
-0.61433
0.52056
1.47166
-1.00141
0.49266
0.85593
1.09523
-0.49111
0.08897
-2.67268
-1.56550
-1.66431
1.33932
-2.56191
0.90966
-1.39447
2.62964
-3.53513
2.61692
-4.09905
0.44171
-2.58347
1.33521
-0.57691
1.65755
-1.87496
-2.82009
-1.15927
0.33778
-1.54383
1.27366
-4.65975
0.62034
2.17187
0.87294
-1.58779
0.76838
3.84113
-1.04382
-0.08261
-1.95883
2.11367
-0.94364
0.09909
2.09301
1.57276
-1.18368
-1.13584
-1.14257
2.02958
-1.68292
-1.27054
0.27006
0.04498
1.14273
-0.83749
-1.23450
0.92989
0.15989
1.01518
-0.15588
-0.80470
-0.10224
2.13718
-1.12429
0.66612
0.27977
-0.19887
0.25168
-2.72196
-1.18876
2.32564
-0.42756
2.97446
2.37648
-0.65279
0.50485
-2.06298
-1.17905
-2.52575
-1.28656
-1.10047
0.14523
0.59698
-0.66971
1.48893
-0.40210
3.33375
-0.82718
-1.17393
1.87212
0.45714
0.02801
1.75368
3.42785
1.65453
0.61178
-0.43518
0.68267
-2.18665
-1.31407
0.90254
1.47142
0.89098
-3.50978
2.24145
0.44075
-1.02435
1.95105
-0.68589
1.79467
0.50473
-0.39889
0.44670
-1.49803
1.83446
2.36039
-1.79155
2.68358
-0.67220
0.40352
-2.40212
2.27544
-1.38165
2.00631
0.89426
0.01871
-3.16743
-0.77388
-2.90362
-1.46368
3.29597
0.27677
1.32782
3.22726
1.07699
0.70229
1.17714
-1.42500
-0.00543
0.00599
-2.61689
0.30697
-1.16533
1.29963
-0.35009
-0.34752
-2.48657
1.88682
-0.52328
-2.99162
0.03735
-1.49710
0.19113
0.63477
0.14716
-0.17857
-1.35248
-0.94596
1.07899
-0.42470
2.06630
-4.50955
-0.32619
-4.08834
0.10203
-0.33000
0.86077
1.16521
-0.94293
-0.41089
0.73856
-0.93469
0.31283
0.85454
3.38190
0.69373
0.16451
1.82872
-1.37275
-0.03285
-0.08639
-1.75573
0.80967
0.10961
-0.45678
0.46592
3.60487
-2.26110
2.21584
2.51925
2.00984
-0.95286
-2.18479
-1.91585
1.39455
-0.98060
-3.22452
-1.71863
-0.00707
1.87551
0.50281
1.03357
-2.27818
-1.18356
2.52185
-0.41133
-1.32799
-1.52596
2.73639
2.82607
1.70743
-3.85314
1.04584
-3.57131
-2.17025
2.71330
1.09728
-0.21703
1.59365
1.05489
-3.65440
0.72987
-2.89029
0.23948
-1.43334
0.89324
1.58790
-2.46570
1.08764
1.26501
0.15853
2.37724
-1.00616
-1.75148
-0.66786
0.56247
1.76622
-2.10275
1.43454
1.70279
2.69351
1.36130
1.38496
0.15930
1.78082
-0.27682
1.17302
0.91532
4.35498
1.93556
-1.51842
-0.65620
-0.94375
-1.58628
-0.79883
-0.99504
-2.26064
2.17610
-0.75802
-5.31182
0.08856
-1.64731
-0.04561
3.83997
0.16553
-1.09289
-0.50234
-3.12638
-0.71794
0.33348
1.33481
-1.17062
0.60366
-4.14409
1.15268
-0.13505
2.14019
0.34618
0.16162
0.25299
0.39630
-1.15841
-0.93987
-2.39749
0.32219
-1.28168
1.03316
0.06759
1.62903
-2.24426
1.86671
4.71211
-3.87042
2.08480
0.19258
-3.42020
-2.55344
-2.16036
1.86880
-0.72990
0.71931
-2.97809
-2.70325
-3.23465
0.07392
1.44389
3.60885
-0.55946
-1.21061
0.47695
2.71557
1.34181
-0.01800
0.42683
-1.12829
-1.21065
1.39392
-0.72749
-0.05527
-3.05930
-1.45992
0.39576
0.92624
0.08053
-0.80647
-4.30422
2.38396
0.77703
-1.49907
0.40942
-0.98704
-1.18878
-1.46622
3.20207
-2.49772
-2.74166
-0.07408
2.21515
1.28715
1.86544
1.23902
4.28653
-2.06500
0.05751
-4.49111
-0.95700
-0.79949
-2.61987
-1.02665
-1.16537
0.62794
-2.20987
-1.40571
1.69051
-0.26544
0.29397
-2.12134
-0.53791
-1.82232
0.16783
1.61605
-3.53941
0.50937
-0.10066
-3.92555
-0.25271
-1.10818
0.53151
-2.66544
-0.87359
1.45681
0.04121
-1.60066
-0.82598
1.36709
0.26732
-2.29160
-3.65208
2.47089
-2.29816
1.03714
1.65550
1.28807
0.69959
-3.61639
-0.51193
-0.12142
1.48233
3.08564
2.09878
1.02841
-1.49232
0.92894
1.70766
0.77285
-1.70599
1.56534
2.55179
-3.94821
-0.54107
1.90421
-1.56555
-0.19854
-0.44059
-2.15115
1.01868
0.57935
-2.52570
0.55171
-0.14261
0.38157
-1.14646
-2.59173
1.06047
-2.25006
0.83197
0.97673
0.96871
3.59823
-3.22405
-0.19946
1.65838
2.16522
0.25518
-2.41856
-0.35856
-0.94567
1.20383
-2.28076
0.65590
2.07671
-2.68363
1.09728
-2.22152
0.14384
-0.08544
1.73853
-0.87758
2.07821
-3.83234
3.67422
0.33242
-1.01973
1.62315
0.53534
0.34942
1.23267
-2.56009
-1.35345
-0.40347
-0.75826
-1.02554
0.25398
2.48038
-1.10908
0.24256
-1.98888
0.46536
0.43666
-2.41588
1.07220
-3.10661
3.15597
-0.38428
0.77960
-0.01516
-2.19813
0.98741
-1.41005
1.11812
-0.22809
-2.90303
-0.72164
-1.22223
3.98145
0.16507
0.55399
3.60990
-1.34386
0.26859
2.46921
4.52732
0.68153
2.36699
0.60702
1.34983
0.40677
-1.43950
2.28516
-1.69925
2.93145
0.21465
0.12543
1.33264
-0.33811
-0.70840
0.90328
-2.02518
-0.20704
2.03319
-0.69660
0.15573
2.51909
-0.93654
-3.73773
3.76197
2.83684
-0.13881
-0.12138
-0.14487
0.30331
0.14041
0.23777
1.65809
-2.30454
-1.21071
0.08470
1.66728
-1.75420
0.22002
-3.50091
1.05042
-4.09365
-1.51303
1.50306
0.94292
0.85904
2.12983
-1.37037
-2.30735
-0.32571
-1.43673
-0.55369
2.72713
0.49969
1.82121
1.92118
1.91528
0.97733
1.49415
0.82327
1.39957
-0.27168
-0.34695
-4.61533
1.40198
1.88523
1.66561
-0.63012
0.49660
0.80884
-1.15768
3.15068
-1.25535
4.85359
-0.98567
3.17071
0.87523
1.36143
-1.09660
0.15978
0.87865
1.93795
0.23240
1.26434
-0.80360
-0.45354
2.55073
1.96778
-1.53916
3.15735
0.58575
-0.31835
4.18460
-1.42967
-0.89519
-0.32652
2.99346
0.42831
-0.85148
0.68912
3.30510
-1.23174
-0.68347
-0.12197
-0.66473
-0.19243
-2.70662
0.48745
-1.34882
-2.40590
-3.29273
-1.62093
-1.20252
1.13612
1.02073
-1.13163
-2.40038
1.20503
2.37417
1.84195
-0.20220
1.35048
2.31405
1.55673
-2.79354
2.81569
-0.27333
1.79979
-1.96104
-0.96877
-0.45111
-0.68054
-0.63657
-1.19962
1.17092
3.49221
-1.34973
2.04563
0.44985
-1.50587
-0.47820
-1.14316
2.14163
0.82033
0.56825
0.37310
-1.61648
2.04486
-1.38299
-2.01069
0.52128
1.08688
0.95891
-0.36693
1.79979
2.58464
-2.92218
2.95842
0.60280
-1.82702
0.22154
-0.71654
1.38503
-0.20351
-0.37758
1.08398
0.50358
-0.52325
0.45369
-0.37629
0.05259
2.51560
-0.12278
0.70579
1.19258
-0.84808
0.63885
-3.27810
-1.09976
1.29881
0.42676
-0.27932
0.07688
0.00172
3.76502
3.87326
-2.44497
1.73620
0.32498
-0.77937
-2.92405
2.34787
-0.03604
-2.26420
1.34810
-0.76835
-0.03113
0.75147
-0.66394
-0.34607
1.86044
-0.58372
-0.48723
-0.80216
-2.52843
-0.69689
1.79727
-3.07284
0.29534
0.43168
1.64169
-3.28219
1.45751
1.87262
0.61641
-0.96810
-1.06870
-2.63766
-0.85963
3.07881
-0.58975
0.04594
-2.22762
-0.79202
-3.06722
-0.73605
-2.73330
0.06939
3.64485
0.18912
0.88241
0.52586
-0.04567
0.43288
0.94325
1.47707
-2.00702
-2.71109
0.11177
-1.17122
-0.47822
1.19349
-3.95343
0.58017
-0.31414
-2.34971
-1.51500
1.75481
-0.28369
-1.62411
1.98737
-0.39227
1.83130
-0.33598
-0.59518
0.81094
-1.76019
1.78331
-1.53892
0.63916
3.75246
3.56410
0.60285
-0.07734
-1.03593
1.80476
1.00844
1.05502
0.67173
0.58234
0.47342
3.19858
1.04548
3.26368
0.77051
2.22981
0.37448
-2.74817
-0.97584
1.35147
-1.18720
-0.46270
-0.02168
0.85266
-2.68426
-3.14051
1.00496
3.13963
-0.48194
-1.48329
1.36566
-3.47665
-1.66553
0.03415
-0.20924
-0.14901
0.82641
-0.45640
0.43983
0.26504
-0.28587
-1.73142
0.73783
2.18491
1.76555
1.53830
-1.25766
-1.43193
-2.62301
-1.64410
0.23411
1.89442
-0.13235
-1.18413
2.31632
0.84751
-1.45941
-2.99296
-0.50317
-2.78405
4.44614
-0.07586
-1.10491
-0.51251
1.61848
-2.09337
1.57663
1.78258
-2.46957
-1.21437
-1.74879
-3.84967
-2.90206
-3.22159
-0.53480
1.59959
-0.65118
0.13635
-3.20501
-1.96990
0.93565
-4.02617
-1.59479
0.14558
1.82396
-1.18887
-0.76934
0.49790
0.19675
-0.02753
-0.16601
-2.22799
-2.80112
-1.59960
-0.13474
-1.07682
-1.20304
1.23639
0.82389
1.07760
-2.19457
1.35325
-1.08211
-3.86126
0.54517
2.73556
-0.19373
-2.65755
-3.76052
1.99098
1.39494
-1.01329
-1.09710
-4.40365
3.26844
4.88252
2.37931
-1.25222
-1.98939
-2.33675
1.06156
1.43531
-2.24623
2.66104
1.03482
1.86736
-0.35187
0.47157
-0.15099
1.26983
0.80633
-1.79296
0.62281
0.50907
3.44527
-2.00947
0.42993
1.44241
3.64324
0.90511
-2.04774
0.76513
0.78726
-2.56464
-0.85934
-3.17119
0.72857
2.33467
-0.09461
-3.02234
-0.08347
-1.77305
-1.68831
-2.33480
-3.81447
-0.37983
-0.89236
-2.66085
-2.09120
1.27127
0.37959
-0.53725
-0.35994
0.46190
0.89116
0.88913
0.84556
0.91594
1.13810
-0.10607
2.39276
0.65835
1.83521
0.81998
0.70817
-1.42090
-0.31513
-1.10222
5.30734
-0.57665
-0.34122
-3.61918
-0.87456
0.39549
3.46827
0.50121
-2.01984
2.58539
-0.44767
-0.84611
-0.60706
1.15422
0.00409
0.69962
-1.23529
-0.04844
-0.54059
0.97919
1.41935
-0.28154
1.20938
-2.83735
2.24220
2.39943
-1.46218
0.27848
-0.31798
-1.73426
-0.91545
2.42068
5.56046
-2.58974
1.20548
3.42188
-1.95084
-0.56725
-3.96520
-0.32826
0.87590
0.86598
0.05842
1.42500
-2.02951
-1.46210
-0.44618
-0.57739
1.79855
-1.47481
-1.97684
2.43603
0.22768
-0.37027
0.90309
0.99194
-2.52797
3.45060
1.26580
-1.90591
-2.69867
-0.95615
2.02935
-0.60849
-0.06422
1.30610
0.56613
-1.89078
-0.66922
-1.37442
-0.88973
2.74871
3.40193
-0.65973
0.82716
-2.86373
1.56582
-1.59641
-0.03919
-1.11762
2.70198
1.19630
2.76080
-1.86395
2.03245
0.32308
-1.81551
0.05918
-0.59631
-4.46829
-1.36459
-0.46853
-1.53048
1.31854
-0.32823
0.58757
1.63783
-0.58047
3.43841
0.97763
2.49238
2.00481
4.79952
3.12300
-0.78219
-1.29194
-1.61739
3.42951
-1.39485
2.53227
1.99411
0.96790
-0.70236
1.69233
2.36723
-0.21698
2.73783
-2.37667
3.52172
-0.31326
0.97628
-2.07964
-0.35704
0.84169
4.33852
-2.82610
-1.23279
0.68458
0.97855
-2.77034
-2.66385
-1.83748
1.22701
0.97882
-0.23292
2.67276
0.19263
-0.84141
2.08959
0.41706
2.31985
1.19057
0.06877
0.23988
1.46034
-0.29432
1.84975
-2.07873
1.39579
0.01395
0.31936
1.51861
-1.42268
-0.08737
0.77508
-0.19011
-5.14945
-1.73070
-0.64314
2.19040
-2.99765
0.23130
0.31152
-0.60104
-0.42515
0.26574
0.55810
0.21416
-2.57200
0.64394
1.98673
4.26476
1.37640
1.09167
-0.32615
-2.00973
-1.05193
1.33066
1.75683
-0.80501
0.59681
0.54221
-3.07961
0.80453
-2.15639
-0.35420
0.32209
-3.46571
-2.65784
1.49511
0.57672
0.49768
-1.87288
-4.04672
-1.86444
-1.40292
