14.33169
-3.66387
-0.59001
-7.44592
2.13541
-1.43487
2.69748
-7.54011
0.99500
3.43291
5.69871
11.19562
5.56685
3.15589
0.53211
-4.71409
-10.45632
-0.65480
3.23729
3.98914
3.97524
2.35700
2.59131
-1.09747
3.88100
-8.74732
16.85749
-2.24961
5.47348
2.45384
12.68959
9.92396
5.28159
-2.78906
-3.64428
-4.89858
-2.72128
0.02379
-5.79143
6.99285
2.29336
-7.54539
4.47595
1.41523
-2.89485
0.86250
-7.86917
-6.33352
4.65004
-0.62316
-1.78454
-1.61941
-6.01831
7.84232
-15.12213
0.53414
-5.73979
-3.34190
-7.95252
-5.09707
0.52767
8.82279
-9.69466
14.16181
-0.62170
0.55330
-9.04304
-1.78901
-1.06769
-3.36867
2.96618
-11.95098
-3.26007
-7.32304
0.41881
7.97477
-4.91514
-6.46723
7.60265
-6.86443
2.93126
-0.70624
-3.68355
2.12803
0.84769
-7.24146
8.86280
1.29468
0.65373
-3.79235
-3.26461
9.56406
-1.59428
-0.93203
5.84848
10.55120
5.13560
-0.35294
4.36365
8.45984
6.20981
-3.83847
-1.19204
4.42201
-2.35322
-6.45051
0.59249
-1.06836
5.08445
-6.42236
-0.97852
-9.15249
-0.68731
0.24316
-0.08543
9.34917
-4.05646
6.94704
-5.97781
-2.88859
-6.49826
4.73426
-5.08708
-0.76972
-7.82263
6.30626
-1.48237
12.61252
1.04658
-1.80551
6.63192
0.14913
-5.57256
3.63159
7.70971
4.60815
2.14947
-2.03812
0.07339
-6.18537
8.86548
-6.85806
-0.41985
-4.24878
4.45539
2.87583
4.37913
8.90925
-1.16791
-5.61120
-3.21048
0.64133
-11.11695
1.05785
2.94156
-3.66130
-5.57720
2.37198
11.04608
9.80603
2.02305
6.17134
-0.69167
-1.84647
1.33410
8.18839
6.02741
1.67724
-4.28846
4.17559
-2.47080
-6.05616
-3.38884
-6.33206
-0.50742
-2.57832
4.14986
9.20405
1.43107
2.69171
-0.66605
-0.79733
0.04268
-1.07163
-3.30925
-7.32402
-5.32506
-3.85373
-8.36781
-6.51821
-5.09140
4.15153
-4.63010
1.41458
3.54970
1.30539
4.36594
-10.96660
-5.02716
-0.55102
-0.66534
-0.22909
-4.63785
-6.27886
-3.41671
-9.16466
-2.41812
-1.09073
5.14398
-5.31832
0.38549
-4.76652
-2.14190
7.26558
-0.03977
-5.27141
-1.40491
-4.71430
0.34043
1.49181
4.70757
2.49978
-3.92760
-1.62439
4.95124
1.22547
-1.92496
-5.73937
-2.82582
-7.09897
15.10165
5.30459
-5.45495
3.16680
-1.63455
2.83802
-6.46878
-1.95639
-9.94613
4.68707
-1.98713
-0.69305
5.82123
-4.32273
-3.11304
-6.41126
-1.22703
1.11736
-0.40529
4.39044
-5.82000
0.53505
-1.34009
-4.34591
1.13374
-11.54501
-12.52182
1.63555
1.26461
3.65988
0.89092
-9.77241
22.45314
8.85060
-3.52472
-6.67965
0.89610
0.11257
3.50142
4.40654
-7.23791
-3.98620
-10.28474
-1.14355
-0.25258
4.05154
-1.47189
-0.04234
-5.08156
-0.84219
-5.34969
9.78662
2.85816
-1.31567
-7.85189
2.20036
-1.44243
5.53967
1.80845
-4.69984
0.44927
-5.56539
-8.98294
-5.22538
-8.46404
12.14491
4.83417
3.15814
7.90304
-2.21989
2.15110
1.66677
-6.29905
0.42027
-4.88378
6.11398
4.06691
-8.78647
-11.53174
-8.60093
1.47094
1.87035
8.87364
-9.73465
-1.25429
-1.37623
3.09381
-1.86735
1.72216
2.37860
-4.72605
3.82573
-3.28118
-4.70368
-1.93736
1.68735
-0.95052
6.19174
4.23727
-2.91428
-2.45111
2.19923
-3.41604
-0.49140
-1.00095
-5.06465
-2.04502
1.89684
1.82108
-6.48567
3.16970
6.80331
-4.53688
1.16541
11.55375
1.27743
-1.33156
7.76799
-9.42726
-1.55569
0.06514
-3.62179
-4.42729
2.08290
17.16572
-1.48583
-3.61353
1.17168
-9.60606
-7.31247
2.31992
2.45961
7.31979
1.08931
6.93013
3.29487
-5.23219
-3.78518
1.34535
-4.21250
-8.16206
3.58402
7.18480
-6.11210
-6.46121
6.17307
-7.17217
3.75181
6.40953
5.61568
-3.37284
-3.01674
-9.49893
-2.66570
4.69351
1.42991
-1.23260
3.94298
0.67324
9.81428
-2.48845
0.40298
-0.66889
8.05686
0.11211
8.60861
-5.64498
-1.09721
0.86104
-0.25017
0.45131
0.81889
-2.59681
9.92281
20.64634
1.58009
12.91960
4.88693
3.62857
-1.23583
2.19412
4.54357
6.33818
1.54859
1.31598
19.22971
-5.39042
-0.85196
-2.10059
-0.31553
-4.31741
14.12741
-2.36461
4.20172
6.62440
1.67152
6.03778
7.29312
6.63404
-7.55124
-8.03041
-2.27573
3.52649
9.95319
4.26958
0.48031
5.46801
-1.56724
-11.51454
-3.29737
-3.39607
2.26952
1.09141
2.11330
-2.68717
6.35082
0.79697
2.62269
4.89390
-1.61020
2.13447
-1.13350
-3.28107
3.64184
-5.00597
-8.39411
7.03591
2.04228
5.94527
-4.79580
0.68779
-2.67930
8.62823
0.04996
-1.68138
-8.30504
-6.63598
-0.15991
3.79843
7.44754
2.53269
5.28881
-3.59556
-3.54260
-3.14875
3.25286
-2.14700
-2.28392
2.24541
-2.68020
-1.74177
8.93069
1.05693
1.13518
-4.88306
-4.14880
-5.15406
-6.19475
9.98173
0.30836
-1.23088
-0.19019
6.28764
0.14767
-4.02767
-5.01197
5.48953
-6.56368
4.37692
2.75075
0.21570
-5.14684
-5.10364
-1.88567
-6.22754
3.78503
-9.03187
-4.64422
-8.02837
2.00889
-8.98562
-2.83262
2.52784
-10.09290
6.91225
3.11385
-6.26706
-3.45498
-1.95019
-1.60552
4.04124
-3.81324
11.58409
-6.70506
6.06370
0.89755
5.23519
-8.12515
-4.65022
-7.47129
2.35009
-5.85922
7.01348
-7.04454
1.81318
-4.41473
-1.51647
0.25786
-14.33013
-3.24792
15.95624
1.60857
6.71587
-2.76040
10.08692
10.66793
4.76639
2.77281
-5.46335
5.85835
-1.84792
3.68174
1.01219
-3.66439
9.93182
2.49788
-3.89418
0.13398
-4.52658
-2.77057
-0.61619
0.80261
4.54342
-4.40009
-18.21956
-8.76240
7.82539
-2.88849
4.99921
5.02445
-2.33413
-3.26682
0.00515
-4.50624
10.78513
2.58507
2.66272
4.93165
-0.98447
2.83547
3.43665
4.73442
-4.21024
-1.99060
10.67777
15.47426
-3.78515
-1.15738
-5.55840
-2.78755
6.96408
-1.01792
1.22090
3.50209
-0.28367
-0.64338
-0.80120
-0.25408
1.06310
3.21682
0.07996
1.66601
-6.53951
-6.48637
2.52185
-3.59671
-0.51174
-0.90045
-13.81769
8.46263
7.24371
3.66474
0.44453
-3.54499
11.15999
4.65159
0.19646
1.86027
-11.19801
2.84326
5.27098
0.71833
3.07726
1.51236
9.39289
-1.06993
9.03959
-1.58117
-1.94056
1.69222
3.36052
-4.12361
1.17933
-1.51504
-4.03588
-14.83430
-1.31316
-2.61147
-2.25920
-0.59546
-5.08086
-2.33414
-5.65792
1.45709
3.82192
-5.01600
-4.95130
0.27973
-7.83044
-3.85466
-0.22005
-9.54791
1.28585
4.28187
-1.58636
3.07415
3.79016
16.68206
0.75209
4.87866
-5.45949
-4.77888
7.37278
-2.06392
1.07411
-0.18031
-2.54893
5.01176
13.73070
-9.75646
0.67030
-6.41225
13.36238
2.58983
6.17639
6.11647
9.92585
2.02178
8.65657
7.99124
1.25567
-3.65106
-2.92910
2.11727
7.81492
-0.11730
-13.01690
-12.13609
-3.31395
0.70007
-9.66304
-5.19979
7.91469
-2.26419
-7.85994
-5.47929
-8.96627
5.01601
0.46473
-10.67817
-2.08869
0.30867
-1.61005
-6.08295
1.53354
-2.41730
-5.12909
-2.52607
10.43651
1.71584
-10.82315
-1.40629
0.77956
-2.41456
6.49888
4.07481
6.92947
-8.42325
-1.80672
2.18642
-14.24148
-0.56547
6.02582
4.24284
3.05240
13.08969
16.78189
5.60576
11.32902
-3.86463
4.46011
-0.85010
-6.57153
2.23370
-10.53293
1.43971
9.22309
3.27988
6.25423
-2.28603
0.19949
8.24481
-2.29482
5.39170
-8.22855
7.98372
-3.10431
3.17557
-5.61756
1.37703
3.43021
2.94991
9.07951
8.00836
1.69854
-6.65264
-3.82517
-5.85758
-2.48586
1.08511
1.49012
-8.86121
1.90724
7.01709
8.52208
-10.86878
-2.49641
13.43430
-3.78631
1.67529
6.19754
3.17552
0.74027
6.38648
-6.29326
-5.26705
1.99835
-2.58446
2.35259
5.98762
-5.60326
-9.23525
-5.48000
3.73749
-0.97750
-3.82171
-7.56467
7.80962
-3.93746
7.32011
4.42024
-0.97422
3.02131
-7.26844
-10.61624
0.90865
9.14620
5.90388
-8.93464
-1.23022
2.10517
1.06990
-6.53574
7.27964
-3.91025
-0.68834
1.88083
-7.11513
0.66753
-0.11046
-4.69612
-7.13357
2.29790
1.08640
0.30039
1.06098
-3.60828
-12.91626
3.47093
-6.74137
-5.26520
10.96496
1.04415
-8.18266
3.08464
7.58181
-4.36154
-2.53693
4.05737
4.04368
-2.49473
4.11227
1.59246
3.06725
-4.09027
0.10184
-3.78828
1.94971
-6.27717
5.19222
4.26674
-1.71621
8.53262
0.20054
-11.14802
-6.19447
-10.30508
-6.80800
-1.69483
3.42935
-0.82133
4.91091
-5.77605
5.51138
-0.24147
-8.15793
-2.42790
4.89598
-3.73992
1.72393
11.77780
5.81038
5.54888
9.96122
11.95868
0.60734
5.42330
-0.32408
2.93673
1.46319
1.74842
6.64792
5.35467
0.89336
-5.21921
2.79800
-1.34158
-1.79416
-6.61445
-3.89968
11.24849
-8.51678
7.50705
0.52757
-2.65522
11.62127
-3.75629
-4.83994
-3.59319
-8.19085
7.14054
7.21780
8.44495
2.85325
-10.34133
7.40813
1.13676
2.27494
-1.58689
-2.66857
8.79895
-0.94661
-6.45126
-1.40767
-4.58391
4.85138
-4.38738
-8.24549
2.16907
6.97717
-0.40813
13.79298
5.59368
1.67240
-0.87055
9.79052
3.46758
6.90696
-0.64795
-5.92825
-11.82227
1.15790
1.94826
-8.10871
4.95685
-9.98905
1.05526
-2.12750
1.23604
-5.58828
-8.04967
-5.32601
7.22463
-3.87541
-0.95437
8.37040
4.88096
-8.13982
4.59540
-1.16173
5.55778
-5.43098
-12.05021
-1.81088
-0.71351
-1.76226
1.09977
-2.77141
-0.52171
-0.00461
-1.49622
2.38924
-7.39931
2.92124
-8.69928
-5.76194
-2.29175
3.64203
-9.42270
-10.94828
4.95880
-7.63777
2.63220
2.41994
10.30887
1.09430
-2.80258
-0.63522
-0.47948
-6.05003
-8.29006
-0.60825
-0.13154
-10.18119
-3.67116
5.75666
-9.07044
-2.69358
13.17461
3.80685
-3.33330
3.68347
-7.16975
-0.57760
4.18936
-4.60556
11.00617
-12.19718
-0.31170
2.26382
10.96231
-3.89408
0.75288
0.13698
9.63549
2.64330
1.81691
-18.76973
2.38423
1.46602
4.14373
-4.26235
9.46209
3.82151
-16.01710
3.80051
2.96664
19.08174
2.84820
-5.17254
-4.08455
4.69838
8.88210
7.32822
9.36925
7.98523
6.86308
4.26867
-2.50930
0.41180
-7.05494
4.73748
1.17396
-6.32243
5.66108
-7.39926
-1.16565
0.95498
1.99611
2.78234
-0.15144
2.97234
-10.20604
-1.31608
-1.82000
-1.20135
-0.47825
-7.87278
7.48061
-0.07980
2.91645
-4.91843
1.81742
6.73248
-0.42474
4.44342
5.01196
-7.33174
-2.21362
-9.77406
10.26890
-1.73328
-0.08378
0.71554
-5.20377
-2.43720
3.22843
-2.49356
7.12850
-2.49319
-9.88491
4.22780
0.31775
-3.95349
6.40169
2.72246
-4.63483
5.68654
0.81776
-4.57439
7.06319
5.94144
-11.00002
10.97257
-2.26336
-5.34160
-0.06912
0.40467
3.06773
4.16696
2.00510
5.25916
3.59995
-3.98562
-2.26608
0.41642
0.80682
5.01383
0.04840
-7.19302
-0.78861
-8.57219
6.23245
1.15272
-6.33095
-3.55753
-15.06759
-7.28555
-7.07302
-8.54577
1.31816
14.25365
9.78823
5.71478
-9.40246
13.99368
-4.88392
4.68770
-5.30390
4.85459
-1.41064
-4.57179
2.22785
-1.93705
-0.25386
5.94517
-0.38473
1.85712
-3.36999
-1.49119
-2.66906
0.80426
3.83347
-13.31875
-4.84111
7.40041
-7.36556
-1.06498
0.51235
13.51486
6.37999
-3.04519
-10.15151
0.78917
9.22827
-13.41706
3.00996
-7.38306
0.16753
-7.33769
3.07414
-9.77993
8.19668
-1.53997
-7.41929
-0.16031
7.75042
9.53913
-1.06459
-2.21017
-4.39980
-13.34814
3.44332
7.06844
-4.15370
0.21490
4.31036
5.27306
6.88929
0.14632
-6.00908
-3.42381
3.71931
8.78084
7.05568
-4.11720
-7.84759
3.70484
4.02735
-6.33408
-3.15093
1.37617
1.34758
14.22742
-3.62702
10.46866
-4.74027
-4.64041
7.78960
1.80582
-6.89219
-2.43334
4.08371
6.76092
-2.37190
-4.05628
7.25543
-4.45980
0.00536
-3.60311
4.13624
-4.96526
3.81936
-4.08792
-5.99624
3.95344
9.52224
10.14981
0.16236
-4.81548
-3.23555
2.42811
0.33266
-5.97947
6.54291
-1.40289
1.18014
-5.99705
-2.62611
2.22107
7.03789
-5.92598
3.68008
5.94197
1.91152
6.05128
10.03907
3.83084
1.70628
-1.40591
15.33226
0.87660
0.36207
-1.90375
-0.28537
-6.97950
8.48066
-1.27214
0.63050
0.83975
-8.17147
8.71498
0.01563
-11.03519
2.74961
-0.10971
1.89730
-15.72129
-1.02311
8.63163
-9.18834
-1.64935
-6.78650
-0.46621
-0.10112
4.60851
-3.51042
4.11746
-2.29468
-3.05335
-4.90507
8.46100
-0.34441
-5.76659
-2.63349
5.88248
-0.19557
12.22160
-4.74868
0.60392
3.60366
9.42538
0.50123
6.52821
2.92901
-1.11679
-7.65413
1.39258
4.66228
-6.85675
3.80331
-0.84494
0.05108
9.35034
0.76752
-6.21406
-5.08800
-3.70712
-1.61561
-1.60258
-1.43152
-3.97073
-3.49346
-1.47740
-10.84371
3.05455
-9.10837
6.39110
-4.21582
2.58401
-12.30538
-2.31627
-4.42888
4.47373
-3.36947
1.64671
-2.29387
-1.47669
2.23938
-8.29916
-0.13850
5.05832
-2.69196
-1.83107
-3.00231
7.01192
-3.23991
-1.91682
-2.93552
-3.13970
0.96114
3.11506
-4.77437
-2.37541
-4.63777
-0.84531
-3.15711
-5.94500
-5.64835
0.55884
1.23076
5.65929
3.73289
-10.36168
-7.21119
-3.55200
3.96336
4.29910
-1.21835
-7.67748
8.82883
-1.19531
-4.65076
-2.52911
1.09013
-6.32717
5.27156
6.44177
5.63934
3.09172
0.19025
-3.08272
6.66319
-0.83046
2.93717
4.03531
11.48959
-4.77989
1.71602
0.78868
2.53176
-0.62045
6.35449
-0.67267
1.77735
1.15484
10.41483
-11.26932
1.28979
2.82805
13.25607
-1.54774
2.90562
8.76887
7.90460
-1.39886
-5.13727
4.27575
-2.91261
7.74922
4.52857
-3.98877
-2.34599
5.27095
-7.41802
0.16324
-0.12570
0.94622
4.88161
-10.33328
1.24916
11.43947
13.07055
4.71220
2.64547
11.27284
-2.33100
0.62274
-1.67698
-2.91082
0.63954
1.00434
0.30016
5.94061
6.14751
-1.22929
3.76819
-8.25273
-2.07057
-1.26286
-8.63168
4.29112
-6.15707
-1.25314
-1.82935
-0.70269
-2.74556
1.35688
-1.48183
5.87892
6.24998
5.65132
-5.67556
5.40273
-6.59523
-4.46638
-3.51634
0.12220
-3.82644
5.31972
-2.49757
-0.26750
2.40483
7.94429
-5.28934
-0.84207
-1.23863
-8.40890
7.09572
-0.01109
2.55594
-4.60398
1.12576
1.07187
-1.36344
10.06176
-4.19488
6.50281
4.70399
-0.26838
-2.79143
1.06005
4.65081
3.32937
-0.32535
7.73724
4.07000
10.25962
5.77661
8.52190
-13.05278
-0.39287
6.94922
-1.97586
8.74224
-5.31411
-1.73278
-8.36528
-8.34980
-4.16098
-1.17762
2.73664
-3.96934
-3.81707
-3.03157
1.72976
0.24297
-4.64405
-1.36221
-3.72601
-2.79891
-5.68402
-4.74654
11.67953
2.62283
-2.43616
11.85565
13.01430
2.36927
-0.92336
0.27883
-3.23181
4.57215
3.25524
-2.74078
5.30888
4.61490
-8.41964
10.15384
-2.38469
6.11876
0.53688
5.19942
1.83539
-3.34698
-1.29752
11.65884
-0.58346
-6.72336
-9.29670
8.18935
-12.63745
-11.04668
0.29465
-0.51140
-6.84913
-6.48096
11.42285
0.21595
-4.46053
4.54495
2.05512
6.26900
11.03686
3.53117
4.41055
-1.26600
4.51325
3.46892
-2.49016
-0.25020
-3.06533
2.38409
-1.30596
-0.30899
-13.55986
-10.70570
0.46356
-11.17626
4.63603
-10.82961
1.29007
1.90760
-8.87325
-7.40182
-5.14757
3.08192
-3.49563
0.30241
-5.31286
4.64375
7.02092
1.40541
-1.75268
-1.54875
-5.97163
12.17640
-3.36353
-4.20448
2.70986
3.48056
0.10154
1.51229
-4.95643
-12.92903
-3.54933
3.47149
7.15839
-10.69493
1.67038
8.11279
7.76503
3.90940
-11.50304
3.30604
-8.66902
-7.13161
-3.79686
5.30061
1.61673
4.02135
2.31974
-2.19510
3.39500
8.77618
1.29492
7.89742
-0.20920
8.37850
2.97964
-7.18998
15.55909
-0.93867
2.30624
3.57314
-13.07330
4.95946
-0.49674
4.64858
1.65262
-6.48338
-8.96012
-4.81722
0.31475
5.24790
2.41054
1.27251
-6.28112
10.15714
7.63621
-3.59001
-4.83004
-7.31511
0.23506
3.11718
0.62577
-2.79424
-2.03486
-2.49087
-2.68557
3.95530
6.06627
9.58529
-9.15533
-3.09904
4.43330
-3.85129
9.63349
7.00039
10.13122
-0.36240
2.80470
9.15035
1.00786
-5.11983
0.25417
-3.07341
2.03966
6.29534
-4.12402
1.09639
-10.67714
-6.49095
7.50083
-8.70318
-1.05599
10.20274
-0.51784
6.56655
0.48427
2.87198
0.59079
-9.74634
-0.76615
-3.81191
-3.31761
-3.03592
-9.01454
1.80547
-6.13952
8.37133
-10.20708
-0.35439
6.24175
2.36851
-7.18833
7.30583
12.49684
2.49720
-4.83341
-7.21448
-0.27961
-4.79383
6.87605
4.21151
-10.31335
0.72086
3.83466
2.71737
-2.36729
2.19170
-0.16560
14.47660
10.49022
-10.76086
-2.03647
-8.02955
2.13824
-1.26695
1.39021
-18.49277
-2.54075
-3.92830
0.63303
-0.75864
5.56568
-0.92703
-1.03515
3.01283
-9.54138
6.73925
0.56964
4.28998
-6.35190
-0.90111
2.30996
2.48331
8.73044
12.13669
-2.61411
2.86767
-12.18449
9.31031
-8.12527
12.86401
-1.34483
1.87094
4.07102
-6.83259
0.00329
2.21794
-0.52794
-3.74320
-2.56937
-8.67837
-2.19747
-1.02303
-7.21162
-7.03052
2.01217
-8.64912
5.94404
-3.00513
0.47845
-4.26928
-8.34238
7.84737
-8.67263
6.24447
8.21119
-0.55875
6.36216
-5.16110
-5.85151
12.32597
-7.28009
-0.79472
6.18630
4.99290
7.73420
4.11221
8.99216
6.36236
-0.84212
-2.25005
-5.36931
-0.40339
-0.08296
8.07133
-11.52376
6.72392
6.61907
-0.01225
-3.85038
-7.88376
-8.44684
8.30271
-7.12515
1.82664
2.18108
-1.42936
9.38293
-2.08961
-6.60994
-3.58509
6.63376
5.38625
-6.93227
-0.38428
-6.99770
9.30010
4.92622
-3.55443
-2.17846
-1.08767
3.71456
-7.27897
-7.06584
-6.03872
-12.41012
7.18754
-8.04720
-8.68091
-5.52817
-4.90316
4.74049
3.17082
-8.64350
-1.06012
-4.54946
0.89629
5.79751
1.31906
-12.20286
-5.72068
1.93982
-4.93312
1.75736
-1.33436
-2.65106
-2.96583
2.91256
-0.54329
5.77483
-1.14078
-1.27872
8.72091
-11.52073
-3.10976
9.76044
3.37216
0.58397
7.72340
7.96306
0.40958
-1.29223
8.58342
3.45608
-5.53027
-2.72739
4.74142
-8.64224
5.78612
3.48595
8.16232
-1.93032
-1.79766
6.62556
0.88755
0.34514
-5.78413
-3.71913
-11.11259
-3.31174
8.15704
-0.08849
2.16242
-7.17360
2.83239
3.05492
2.31851
-1.56206
4.88105
-2.52159
3.59016
0.66566
2.09974
-2.30554
-6.27230
8.54706
3.67928
-3.01887
2.35367
5.00675
0.73584
-1.64391
1.47130
-6.00583
3.27227
-3.27474
2.29196
3.08306
2.87518
-1.17339
-11.93109
-9.06876
-2.49654
9.74743
1.47173
3.60996
1.90914
3.46597
5.26395
6.00025
7.51728
5.39020
6.22401
-1.61279
-2.37252
-2.35143
-6.27732
-2.95535
-1.37435
-0.42648
1.44096
3.35444
-7.52105
-1.19383
-1.99643
7.32515
2.54975
-2.05559
-18.64367
-3.10477
-3.16347
7.51461
-7.42809
0.59843
-0.00761
5.58631
-10.39053
0.28843
4.16209
11.29215
-7.15882
6.51654
-6.28907
-3.31891
-2.27219
-7.00303
-0.00939
-2.37099
1.90218
-4.30638
1.88153
0.90972
-9.66082
-4.49860
-6.48975
4.57516
-0.82333
8.20605
-6.50481
3.23667
3.01711
7.73454
0.53189
9.33259
-2.15396
-6.45038
3.73502
4.49346
-5.36744
-7.88583
10.42307
-1.71588
-1.32336
5.36230
-2.79763
2.65492
4.41309
0.58972
5.51275
1.66666
1.25751
4.10720
2.37876
16.67044
7.43205
9.63724
-2.13242
1.10064
2.30472
-9.08723
1.38132
4.04853
5.07739
-3.17271
0.48411
-5.39887
1.63814
-5.52215
5.31066
-2.74517
1.11439
0.53821
6.82313
3.81407
8.09288
-1.68609
-5.95894
-8.00346
0.34040
5.23442
11.79153
-8.47359
4.56058
3.81179
-6.53723
2.64317
5.75008
8.04493
6.25756
3.33997
-8.63157
-1.02543
4.07898
-2.93784
10.22144
-5.03041
11.06897
3.25791
3.01402
-6.49839
-0.83221
-4.56135
1.74710
1.35321
-5.27067
-2.02232
0.86527
-3.87372
0.88754
8.56200
-4.24059
-1.37706
6.84350
-3.19980
-0.11117
-10.59873
0.88378
-8.33107
5.02332
1.80891
-7.97424
-1.46550
-0.28218
1.26455
-0.00512
-0.21831
-3.18309
2.42152
-6.76674
-5.55638
4.67565
8.46768
8.19655
1.89296
-7.18148
-0.65397
-0.56730
1.51001
4.74236
-3.49358
-10.35259
-8.74962
6.14868
0.97210
0.02782
-4.70747
3.87786
-1.48781
-5.53590
6.15577
6.68692
-2.39788
-1.40289
-2.85779
0.53953
-2.81498
2.11919
2.24471
-3.81860
-0.64660
4.33234
2.76894
3.98518
6.98751
5.53476
-0.79453
9.69688
4.50866
-2.83552
-8.11577
8.86384
-1.91007
-5.23154
2.84936
-6.83066
-1.36714
2.20939
-2.70253
4.12409
-3.35265
-6.90683
-7.73472
-0.90419
5.45671
-1.84812
-0.32670
-3.32360
0.36919
6.02001
2.31443
8.96243
-2.10707
-5.27311
-3.69196
-5.38371
5.25059
7.27658
-0.85947
-0.15102
1.68823
-20.94695
-2.38351
-9.59545
-8.55482
0.51263
-3.29273
2.08297
-3.41231
-2.50651
0.57596
12.11128
0.31678
-5.02074
-0.72772
2.51696
-7.85945
0.97172
-4.72148
-0.26594
-0.42420
-10.88320
5.57823
7.56198
1.20979
-0.63689
2.33692
7.23885
7.47552
-3.58881
-5.82407
10.72975
2.34278
2.14134
-4.84257
1.16460
2.45774
2.80369
6.24945
2.37318
5.33691
7.02990
-12.25449
-1.42844
4.77191
11.18361
3.39533
-6.03891
13.22413
-8.03854
-5.48813
1.08147
-1.76130
1.12560
-9.75551
1.04320
-0.16932
-0.29248
-6.20258
-2.39731
-0.87992
2.14943
-5.48955
-12.77070
2.59202
-1.80745
-4.02419
-4.75879
6.46404
-2.00760
10.52811
-7.54451
-6.00464
-0.01626
8.58342
4.43317
1.92424
-7.18309
-7.84252
1.78531
2.30694
-3.05733
1.99966
3.84017
-4.45047
1.88554
-0.81451
-8.88596
-3.15785
-4.75018
4.09703
-2.59684
-1.80029
-6.25267
-7.55444
-8.18614
3.23432
5.94717
1.01326
-1.91431
2.34880
-8.78049
2.21324
1.23688
2.44856
0.70235
-2.41924
-3.81027
8.73987
7.81481
5.93602
-6.39329
6.90253
4.47453
-3.60282
-0.52269
-3.24502
-0.59409
0.77568
-5.53861
-7.19425
-7.58173
-4.41737
-1.66318
2.34768
3.20387
-2.80517
-3.83720
5.80802
-9.01534
-4.74967
5.18648
-0.70826
-2.91505
-6.42345
-0.07707
-6.76893
1.80387
8.79681
-1.79352
-4.65218
-0.33970
2.74364
3.42052
-1.40000
10.25264
-4.44178
7.32603
-6.42410
1.46112
-7.85666
-0.14634
-3.68764
-4.72240
-1.37826
-1.91439
-2.15276
-9.17700
3.00100
6.30102
2.77592
3.31087
-5.85590
-3.39980
-9.12867
1.38075
-0.09138
2.42094
-2.26108
4.95291
-0.11013
1.37670
2.95558
9.06575
-5.65325
1.44759
-10.12151
1.94190
-1.58309
-4.39069
15.56531
-6.05214
-1.85637
11.18051
-3.06501
-4.47052
-7.08922
3.72586
-4.98500
3.18379
0.58256
2.06439
2.80518
0.19232
9.53036
5.73365
-4.42474
-1.94959
-0.72845
2.37007
-9.69917
-6.30448
-2.53090
8.68040
-13.34534
0.65198
-7.67974
2.12406
6.31532
-2.46827
-6.60797
1.82160
6.64048
-3.69458
-2.22705
6.12565
3.68969
4.43964
-6.17691
-5.39935
-1.35408
-4.82296
-5.10647
-4.92854
-7.74645
3.89922
-10.33639
8.68655
2.07334
4.11809
3.14666
3.82448
4.06119
4.87106
6.72754
1.41802
2.74610
1.34263
-11.01507
3.84255
-0.84218
-4.52304
-9.70914
-9.29328
-10.88739
-11.79713
2.99776
3.71816
2.34330
-0.15777
-10.91773
-2.04561
-0.91604
-9.20636
7.00628
5.87626
-3.45395
12.43201
-2.65662
-0.05349
5.26549
-1.97287
11.94727
3.78029
1.14143
-7.48234
-0.94554
2.98238
3.86688
-11.66408
11.97403
9.84458
-2.89826
-1.30558
1.46491
1.73930
-10.57593
0.30590
-5.07357
-3.61045
-0.05904
-3.54238
-12.50140
-1.20456
3.20047
-8.47370
-4.50121
-3.20377
1.36228
-7.68316
4.53202
-1.88856
-1.99584
7.97749
5.67627
6.79833
-2.95823
-2.71296
-2.08881
-6.36921
-2.97016
5.62853
-1.17313
1.53772
0.43688
7.53422
1.18103
-14.93580
-4.57089
1.04600
1.46179
3.83700
10.16059
-2.83716
-8.01386
-13.83950
5.19056
4.00851
-1.39996
0.07847
4.27814
2.17101
0.76320
-6.74001
0.05168
-8.41849
1.79454
0.95576
5.23130
13.17127
2.74655
1.78939
2.88250
-4.01811
-3.68329
-0.47954
1.71127
-2.60999
0.28768
2.32474
-1.86452
-1.07529
0.39101
-6.01976
-17.18386
-1.47907
0.29076
-1.41598
-0.94151
-5.47609
-8.68493
2.53349
-1.66891
0.14626
3.47807
7.68465
0.39399
10.58842
5.43613
12.00941
-6.71249
-0.27958
8.15003
8.37147
3.89992
7.30536
-2.60569
-3.12646
-10.43656
-5.59358
-5.32229
-3.81688
3.34865
-0.25947
-0.88854
1.97559
-1.40744
-2.62697
-6.56197
-2.54184
-7.43552
5.80028
0.44811
1.30612
0.12342
4.38386
-13.28426
0.82101
5.28883
5.94723
-5.31543
2.50747
1.91379
-5.68764
-9.79986
-0.90142
-3.50065
-4.87184
-1.85453
-5.14717
2.46273
0.21361
-1.89484
-6.89947
4.53428
-6.69061
2.30499
-3.71526
1.95967
-0.46493
1.22592
-0.71035
-3.69628
-0.06223
-5.95934
1.66063
-6.64144
-6.30335
1.20564
7.14546
0.50076
-4.88521
0.68152
-4.53001
13.13894
1.54158
-7.26699
4.42023
9.19877
-1.86048
3.72182
18.73651
-0.32298
6.21838
-20.23716
-10.08934
0.87626
-6.87931
3.25667
-3.08158
-1.76436
-1.18410
0.57707
9.96761
-0.32287
2.69855
-5.04267
-8.67064
0.42115
9.45242
0.44075
-10.32058
-3.36252
-10.52229
1.47866
-2.05164
-0.01017
-2.62745
7.17637
-2.35300
-0.50324
-2.78934
3.21463
-5.25322
6.77886
-12.38866
0.13065
-7.70505
8.17596
-5.71713
-2.59576
0.74748
-5.28286
-6.96221
1.80056
2.86638
1.78911
-6.10809
0.44055
8.83746
-8.60339
-10.63480
-1.58941
-5.77419
1.97934
6.50872
2.59685
8.01973
-4.78910
1.44660
3.09601
-6.44373
4.22140
0.51454
-5.62469
4.91534
2.65330
-3.26632
11.12375
-5.52661
4.64537
6.40475
16.77565
-4.41496
2.89315
0.22841
-6.11355
3.95985
2.43220
7.65963
4.28637
-3.50145
-2.16995
-4.07144
-1.49947
-1.84683
0.03402
-5.22524
-4.74392
4.14340
-3.49268
-9.27600
-5.83689
2.50149
-0.85052
7.64508
1.37211
-3.41284
-4.14402
3.49573
2.00143
-6.99733
6.64664
-5.34827
11.33404
-6.93910
-0.09321
-9.98600
-4.52520
-0.61703
-0.09637
0.06441
-2.95898
8.40967
-1.17709
3.31981
-2.90463
0.72970
-4.08696
-8.88604
9.06363
2.80384
0.79525
-1.11488
-7.98549
0.51139
-4.29098
-8.43028
5.36708
-2.72618
1.39127
9.83017
-3.82968
-1.43178
-2.99561
5.79739
0.12543
4.12832
6.42155
-8.96138
-2.23400
3.08653
4.47464
5.86994
4.42078
1.06861
0.94848
-0.48511
-7.45363
11.05627
3.58324
-4.70747
5.10279
-0.48429
-2.53348
2.19393
5.89268
-1.35536
2.27793
-13.64838
7.02487
-2.84951
-13.04189
-5.42242
7.51508
4.67928
-19.12051
-3.52989
-5.72520
-6.95677
-1.21103
-0.85028
4.65595
-0.46312
4.17912
8.19196
-0.24869
-4.17063
11.64856
7.49263
-0.05311
7.84349
-1.17608
-4.40460
-3.20408
9.18293
3.09292
6.96028
1.18470
2.45613
-1.90719
4.58547
-0.26567
1.64762
5.05183
-1.72478
3.73583
-3.39151
10.47945
1.47566
2.78338
5.96929
-0.69716
-2.60226
7.35668
-1.84836
8.83690
-5.27566
-5.59627
-1.24143
2.44780
-8.76742
-1.54731
-5.48354
-5.72999
-0.76092
-8.64359
1.13254
-7.40883
-0.46530
5.85581
-5.21476
6.26235
-2.02828
6.72796
-2.29036
-3.83000
-3.18585
7.79882
-1.69935
-3.07188
1.05882
4.56618
1.37696
6.26036
-4.11798
0.46901
-3.68958
-2.76153
1.72859
-4.55805
-3.98320
-1.15580
-7.21914
8.22792
1.75784
-0.58024
2.96986
15.18809
0.28431
-2.22787
-9.10623
-0.49195
1.87464
-8.00497
-3.53343
-1.12287
1.81682
3.05545
-0.08317
-3.40211
1.61466
1.54272
3.78785
-5.95067
-6.54872
-11.12776
3.78937
-1.99011
0.14502
-5.70077
-2.73075
-1.67740
-5.22516
-3.60491
4.62554
-3.48435
10.31428
-0.74468
-11.27852
1.15604
4.62575
0.79945
1.10792
2.68686
3.06812
-3.43429
-0.87164
10.00288
5.81399
0.66458
-5.77098
-1.59283
0.40981
2.08031
6.38849
-3.00315
-3.28793
-5.34128
3.46533
11.86721
0.20464
3.78939
-0.59990
6.29474
5.59843
4.43341
5.37469
-1.09676
8.40675
4.51909
-0.60875
-5.73215
-0.10046
7.10311
-2.21522
-1.37639
-2.34764
-5.75684
3.12997
1.22491
14.52866
1.74562
-4.46854
-7.55649
-3.63878
-5.03715
0.07506
5.34479
-3.55894
0.20824
-1.68716
-5.68764
0.21159
1.74415
6.26939
6.09623
-12.04900
-0.66596
-1.41300
5.04633
-4.25832
12.91208
10.67262
1.68990
-2.57930
2.96943
8.77955
3.94893
-2.96276
-1.64100
4.25378
-5.41612
2.64814
0.43230
7.28359
3.31095
4.61449
4.47670
8.12303
9.06613
-9.73609
13.21473
-16.88505
11.90682
2.04129
2.71366
3.47546
2.32101
-3.73452
3.64389
4.13337
-0.56814
1.62483
-9.31083
2.16933
1.38322
-1.54846
-8.84087
5.12950
-8.78975
0.47994
1.15111
1.51045
13.83434
-1.83477
5.69981
-1.74564
-0.93942
-2.87772
1.03887
-1.02145
3.02247
0.23103
-1.71175
0.27320
7.24870
5.00309
-0.16243
3.63249
1.34114
2.92110
5.29598
-9.26333
7.49379
6.25575
-0.18981
1.04135
-7.54598
1.81718
-4.54619
-3.24491
-4.62420
-1.62685
-8.44517
6.26380
5.72205
8.48391
5.32258
4.45385
6.06203
0.06594
-2.68062
0.41452
-2.61666
2.05576
3.26983
-0.34129
2.70196
2.98474
2.34018
-4.08557
1.41958
-5.35976
-0.87000
2.94618
-5.23534
-5.81198
1.39237
0.94196
-9.10646
10.63767
0.25720
-0.68231
-7.44953
4.26469
1.50783
-3.38360
-2.65652
-5.78019
0.53964
13.48237
1.16696
4.98496
-2.81805
1.45862
4.90526
-3.24507
5.69811
0.56292
-3.62337
-4.90302
4.26863
-1.30825
0.04932
-10.84450
3.24850
-1.35919
1.72851
4.32979
-3.37714
-10.66124
-10.75898
-6.22369
1.14452
8.88895
2.31830
-0.09525
-1.42806
-1.65498
1.40989
-5.52133
1.55685
1.10435
-9.46151
3.71273
0.99387
9.77243
-2.21397
4.97314
-2.09175
-7.16980
-9.28214
-6.28736
6.07228
9.54380
-1.36998
3.83408
-5.33703
-1.25111
9.52497
-1.59608
-2.73952
-0.01703
-0.55003
3.00717
-13.82561
-10.73055
-0.22570
-13.30665
10.94367
-1.51689
0.58416
-4.34018
-2.35390
6.62162
0.75695
6.02982
0.04831
-10.58966
-5.82738
-10.08337
8.46966
5.93118
2.42923
4.69458
6.52300
1.72714
4.43040
13.21333
1.46532
-0.04271
-1.04379
4.06465
-2.65564
-3.20017
0.86043
-4.17196
-8.31240
3.69921
-6.01592
-2.73903
1.23651
-4.97855
10.35772
-1.31919
2.58878
-6.96286
-5.96429
11.59721
5.17796
-8.20420
-6.09514
1.32547
6.44243
-3.35253
-0.16928
-0.58584
1.72082
2.72206
1.78735
-3.58996
-7.88548
1.01169
0.29771
-12.45299
-2.69421
2.89476
3.98184
-15.10108
1.14324
-2.36337
2.74612
-3.79355
2.21180
-9.31722
-2.31399
-7.95028
2.41436
-4.28687
1.03129
-1.10902
-2.97463
-0.03954
-4.27221
0.06879
-4.41103
7.85095
1.07462
-5.93443
1.64363
1.84547
-0.48624
-0.70538
6.99386
-8.91951
11.27723
13.44633
7.33961
7.55892
-1.84403
0.19918
1.80176
1.54215
-7.07045
10.35282
-2.04148
-4.46601
3.78989
-4.14670
-3.99526
6.15940
3.35351
-4.37497
-2.34856
4.17169
1.09975
-6.96872
-2.79127
-1.64059
1.54099
-3.24810
3.93900
2.51125
7.34564
-9.06640
-8.19349
-8.31650
0.53954
-4.66237
4.27505
0.42099
5.55366
4.95893
-10.86139
-6.63443
2.19685
-1.15785
5.43472
0.91730
9.84037
-3.12804
-6.15835
-6.66483
4.21073
-6.10710
2.84511
8.47852
-0.05865
5.62606
4.48110
-1.44774
-4.26206
14.38706
-6.70043
-14.09969
-11.84734
-1.50385
-8.86152
-0.65403
-6.10577
-2.57439
8.27329
-2.44739
-1.65877
-2.43529
-5.75520
7.59072
-1.43175
-6.00633
-1.05297
-5.24694
-14.01527
0.70253
-2.89249
0.33253
0.04110
-8.84155
1.25563
-3.39498
1.02353
4.51099
3.34573
16.91945
3.93783
1.40524
-11.15113
0.84097
-2.87398
-0.26225
-8.57320
-3.32166
4.97527
-2.71504
7.37469
7.93665
3.52011
2.37717
4.67094
0.35516
10.03237
-7.00310
3.13664
2.90397
-12.20286
-6.73701
-2.23880
-7.44477
-0.99791
2.02278
0.11054
-3.59473
-11.06960
-1.32643
-1.26845
1.40285
2.87539
-2.80305
1.62422
-9.43681
5.20225
-4.15860
-2.10305
-11.22908
-5.10425
7.45344
5.85826
-8.48122
-1.62661
11.82826
1.37108
-1.54880
8.19599
-4.13850
-4.43856
-1.61058
3.01453
-1.13164
2.83833
2.11176
2.12264
-10.50391
5.47132
8.32511
-5.21761
2.83450
5.09390
-0.78360
0.58006
8.83509
-1.71387
-8.44405
9.01190
0.00533
-15.35829
-13.12663
7.53086
-3.28274
4.93452
-13.11833
11.39034
0.75955
-0.93328
0.71138
-3.43268
-0.61827
1.88132
11.06665
-15.08271
2.86754
11.86165
-13.65388
-1.23919
0.83239
2.83109
-2.64999
7.74245
2.21625
1.77884
-1.35809
-6.32267
-2.81409
4.65402
1.16518
-0.28444
-4.72673
3.43695
1.59014
-11.78319
1.44069
2.82089
0.76339
7.60488
-2.99317
-2.78361
-4.10639
-3.30008
5.80252
1.09544
0.59359
-3.35166
-1.95268
6.04048
-4.36010
14.71403
-2.51454
-0.29528
-0.27023
-0.90197
-3.31782
-7.81984
9.97707
-2.86511
1.17719
-4.11076
-2.09212
6.22646
-0.48003
-0.74061
3.03316
4.16903
7.25881
-1.57164
6.63139
-10.58259
-1.13268
5.23010
-2.83159
17.64716
7.89217
11.31073
-2.02919
8.58469
6.98598
2.52745
6.54179
-5.11783
5.04653
5.49641
-0.44827
-3.99480
1.65917
-7.11553
-2.69871
9.90350
8.01427
3.95182
-3.32578
7.88806
3.97584
-5.39934
12.89264
8.92449
-2.72007
-1.87575
-0.06708
9.96753
0.85476
8.64389
-3.25221
10.90628
-1.32010
-3.03067
7.03266
5.84582
9.08509
10.58849
3.09485
-7.11401
7.41443
5.04892
10.95515
-9.52895
-2.11736
-10.94947
-6.96829
-6.77139
2.84624
7.46766
-1.70549
-5.56274
-0.50262
-12.51604
0.18752
2.62358
3.95445
-4.59304
-1.08974
-7.97710
-7.69012
6.38515
-0.20238
-2.38096
6.91988
-6.52775
6.35328
3.21771
0.06498
-1.80409
1.39284
-1.64031
4.06029
1.61321
6.89660
0.92119
9.35037
4.98358
-11.01129
-0.75487
-8.32515
-6.05240
-7.83428
0.75743
-0.76706
2.87093
2.13000
0.05441
-3.08357
3.56709
-6.69604
-3.50613
-3.59900
6.40946
-2.95332
-7.99883
-5.60733
-8.00389
10.97769
-6.97109
-3.40699
-0.76785
-5.96446
-0.85261
-6.36213
10.04094
4.02813
0.98889
2.24650
9.47740
-7.91287
-1.18304
-5.74245
7.23007
-14.06700
6.65028
9.81222
-14.26053
0.21507
-1.25711
1.86458
-6.99091
0.64702
-2.13900
-3.49536
2.68520
-5.30680
3.73478
11.44221
-4.27095
-1.71966
3.20868
-4.12876
-0.11851
-3.47260
2.75630
7.98865
3.17080
-13.09810
-6.45437
-13.21624
8.21982
1.80825
3.91223
10.71694
-0.29793
6.00307
-1.16615
1.85858
2.96476
-0.61147
-0.45300
-2.17698
-5.48749
5.43389
8.07358
-2.49711
5.67402
-6.93287
6.59310
5.07273
2.59894
-8.53021
6.41273
3.74085
-5.26304
-2.67500
-3.78121
0.02831
1.95648
-10.26875
-2.91299
3.40864
-5.30363
7.21959
-11.55779
0.18245
-1.48611
0.58232
5.45198
-6.25576
2.25738
-2.31856
-8.51821
0.48005
8.14317
10.39335
1.76132
1.61147
1.15681
1.07678
-4.29957
-2.62073
-12.65743
0.70765
-4.69201
0.49300
-0.55616
-3.19359
-4.13390
9.84435
-8.87644
-4.64804
2.26484
5.25257
2.30279
2.36318
-1.77696
9.28976
1.46869
-8.94934
-4.80664
-2.21275
-3.28060
-4.89143
2.13059
0.93650
3.04481
2.21028
4.57926
1.11745
-11.72770
-0.57765
-3.70037
2.86982
1.33048
0.06998
9.75946
-10.90448
1.95205
8.40636
-0.10389
7.54312
-2.54396
-2.17613
-14.43401
-2.77649
2.07178
13.44648
-4.08340
-8.62812
6.98361
1.85996
-3.45044
4.36619
14.01389
0.84966
-3.69772
2.58897
6.24933
-0.44272
-1.58172
2.67504
5.51451
9.81005
-1.18097
-5.79975
0.25437
-6.03539
-0.71856
-6.46830
3.43738
-5.17322
-2.85131
-6.29981
-0.90895
5.83347
6.84309
9.75257
-11.82403
3.09436
-5.13181
6.36787
1.00752
-2.15799
-0.74321
5.83978
0.01093
-0.04840
-6.23739
-3.40768
5.93978
3.17401
-4.49738
-9.57534
2.49036
8.05629
-12.92141
-11.22350
-9.45442
8.24880
1.12991
-2.48935
0.55796
0.55584
-7.87905
9.49916
-5.95574
-2.85153
-6.30537
1.85451
4.37292
2.32463
-11.25717
-17.53056
-6.74637
7.72462
-9.27801
1.50914
1.44542
-6.52251
2.07372
-3.98770
7.44724
1.00628
-15.33444
-13.96610
-5.24604
-6.25800
-9.04868
-8.40030
2.70806
4.50211
4.91299
4.09192
-2.98657
-1.52499
0.74972
-5.66041
-11.76237
-5.10686
-4.79760
-9.37544
-7.09501
2.19682
10.21168
0.15849
-3.15557
-1.91863
8.69236
-1.19901
3.01409
2.83541
-2.90409
10.11921
-5.89414
-5.95301
1.45525
3.53040
-4.16371
0.06837
7.41598
-4.60163
-6.25660
-5.73352
-6.82340
-0.73572
5.28084
0.81760
1.78689
-1.43454
-4.70826
5.61618
-5.99524
1.44181
-6.26453
1.01915
8.28150
2.23435
-7.47973
-1.14098
-4.16122
5.66724
-6.29333
-0.81826
3.63400
-11.70487
-4.10222
5.22160
3.63641
5.67239
0.83214
-5.53502
9.31795
0.48019
-7.67770
-3.83533
-1.98244
6.72018
3.51215
3.93291
3.69915
-1.32034
6.23296
2.34398
-5.97287
-7.09534
3.35284
-0.58093
-1.51590
2.90492
-5.75869
0.61834
-0.77111
-1.85762
-6.05854
-4.48418
-3.85324
2.51945
5.86252
-2.27077
-1.95996
4.95900
1.73866
-0.18081
-8.37605
-0.37123
7.96068
-3.19977
5.14043
8.48045
0.32327
2.67373
-1.92880
-7.28180
-16.72143
-8.38129
-4.73758
7.88420
-2.41580
1.35479
4.98163
9.43890
-2.54645
12.23024
0.86067
0.83442
-1.87209
-2.81037
4.73470
-3.04611
10.59268
1.38470
12.57540
-1.96718
2.74717
-5.94227
0.13289
8.42560
1.03745
-5.20794
2.88608
-5.37850
-4.58802
-1.47163
15.86103
-7.70670
-0.20942
5.05587
-1.65857
-1.69239
5.39632
-0.35342
-0.72733
15.85144
-2.77662
-2.01619
-4.23723
5.79543
2.60792
-6.36484
-9.80928
-1.36162
-5.68395
-2.05125
-4.08027
-0.36984
-6.56733
-3.82845
10.99815
-6.16487
2.02382
7.72614
-1.74514
4.78719
2.98404
-13.95733
7.71458
6.22130
7.73258
0.85784
-1.30266
7.81102
-9.07880
-8.88370
7.48492
8.53431
-4.38433
-1.57872
-6.58511
-2.90929
4.56540
-1.07721
-5.93059
-3.08062
2.66854
-2.41515
-2.26033
1.70301
-1.97990
8.10247
-16.26621
-0.72286
2.60607
0.72433
0.19406
-2.13973
-0.18745
-13.09175
-5.28238
4.30187
-11.51760
7.21942
-2.88349
-11.28780
5.83247
4.60494
1.75831
-7.06290
11.04963
-0.23073
-5.99462
-4.26738
-1.94791
-11.14459
4.83621
2.24006
0.89698
0.53523
-3.51863
-0.20777
-2.74529
-4.90708
2.21822
-3.48326
2.07554
5.03264
-1.60660
-7.68479
5.80330
-1.08820
5.24873
-12.55723
-3.90555
6.10414
-2.58077
-1.08804
7.83776
-0.80034
-5.19370
1.38338
0.68875
4.41914
-1.15515
2.80913
-1.46947
9.22851
5.06630
4.99460
5.31959
-1.68839
-2.66348
8.32323
-6.31517
-2.86178
-8.73355
0.82818
11.90465
-1.15346
6.01949
4.49450
1.88305
-12.95263
-2.20791
1.85370
-0.81435
-8.47835
-11.39137
2.37166
0.70436
-1.04751
-8.48537
8.23569
10.07047
-0.83927
4.94673
2.70710
-4.58530
10.96522
-5.78233
-5.60767
7.34048
-4.95203
-1.97220
-5.32915
-1.29676
-3.62536
5.25049
-7.97090
1.42270
-0.79319
-4.68918
-7.62125
-14.73130
2.41614
3.72541
-6.13784
-4.41417
4.89362
9.37772
2.39434
3.80031
-3.36110
3.72793
5.73157
-7.83661
-1.34067
8.47345
0.38388
4.80353
7.43887
-11.56700
-1.36383
0.94540
1.54292
-5.30320
0.63733
-0.70970
1.63320
-2.80977
-5.37842
-0.13626
1.60507
3.46680
3.47756
6.25807
-0.17179
8.06330
6.04022
4.67207
-3.36921
4.81957
-1.23905
-5.80068
-2.79806
-4.83416
9.37336
3.53405
1.75475
13.16707
-10.24145
5.58370
0.02301
-3.98915
6.46534
-13.10627
-9.67929
19.23639
-2.91911
-3.79606
1.12211
-4.17099
0.69748
-4.55879
-6.24480
8.93221
8.73630
-8.69366
7.04692
6.26612
3.56834
-1.76974
7.79529
-1.97432
4.58737
1.26214
-7.44158
4.34503
12.56755
-4.88472
-1.14107
1.99722
3.27594
5.00145
-4.49098
-1.45758
1.67119
-3.95167
-4.12564
-4.33269
7.03594
-0.49948
-5.38773
3.39144
-0.78168
7.37902
5.24860
9.66362
8.64725
0.22669
-1.89780
5.61006
-4.37235
-1.65258
0.03704
-6.99460
-0.40792
4.71785
1.03926
7.25525
-7.02689
-5.65125
6.93871
-8.00422
0.95129
-15.31800
-4.25782
6.14024
-4.07868
-2.16505
4.24260
-0.08667
-0.18412
-9.54326
6.49813
-1.36317
-6.55828
-4.11606
0.70060
3.55450
-1.28870
3.22050
8.74700
1.16747
-7.43037
12.80186
-2.81997
-0.86420
-1.77306
4.18096
1.55590
2.52981
-1.62762
-6.27106
-0.07809
-1.68164
-7.45320
23.60666
-5.82893
0.64191
5.36311
-3.39294
2.47560
-3.28757
0.36406
-3.98390
1.63566
9.35617
-6.87587
-6.18087
-7.96876
-0.09227
-12.17007
-2.21579
1.49786
-0.94796
-10.39678
9.89612
-3.88671
5.54985
-0.68688
9.14050
2.85414
-1.67312
0.89365
-5.71759
-5.14977
2.98077
8.71575
1.23909
-3.14950
-2.73449
5.25522
1.84556
-1.80115
-0.87491
-1.48385
-1.21930
0.11577
1.92108
1.98074
5.00905
-1.25609
1.84695
-6.78435
-4.44175
-1.65638
-2.65987
13.98889
-0.29899
5.76535
2.85824
-3.78365
-7.43990
-3.93856
-1.42605
4.24990
-5.92718
0.53587
12.53368
-2.19811
-1.75568
-3.84968
-9.15692
1.66378
7.94364
1.03091
-4.64110
-0.13589
-5.47034
-4.21708
-7.60665
-4.32492
1.56843
-5.24599
-1.83948
-7.73584
12.44237
9.93791
-9.05534
7.56215
6.88476
-2.69939
-1.08965
-3.66024
4.42723
0.70953
-0.50360
-0.46597
4.34548
-0.78857
5.41331
0.81206
-4.41161
-2.18227
-6.27850
-9.93439
-2.23633
-0.25944
-1.52174
-4.59851
8.94909
-4.71677
6.84190
2.56174
5.50229
6.04200
1.75731
3.78829
-5.82323
0.02049
9.58016
-2.00344
2.79499
-0.44022
5.41345
7.12479
4.70145
2.51498
-3.96758
-1.92126
-5.79220
2.02120
-2.96212
-3.99539
-1.37506
-0.53268
12.99190
1.84211
4.83439
-9.11829
-4.16555
-7.77816
-0.85900
-8.47241
4.71583
1.27411
7.40817
5.87074
0.15154
-5.58670
3.51571
0.68615
3.76430
10.35742
-9.61306
-2.22127
18.42054
-6.53704
8.16688
6.73446
-8.56763
10.40444
5.94703
-9.39399
-1.47582
-1.14385
-7.00524
1.23652
-7.61608
-11.11924
-3.94676
2.28960
2.25269
-3.16401
-9.52455
-1.55604
6.34052
5.86557
5.32665
1.40518
-1.56458
2.21757
-4.33679
4.18564
-1.57633
3.21097
6.94145
7.93578
-7.78010
-7.61670
-0.02401
-8.01107
3.57570
5.96376
1.69626
-1.80100
-0.03968
-8.73138
7.47298
4.40085
1.10420
7.52770
4.95978
9.94718
-5.39246
-7.22072
-5.43353
-5.43069
-6.98789
2.92485
3.35995
-9.15649
1.24453
-11.33290
5.00774
-0.11162
4.79211
-0.96647
5.06618
0.52557
-4.70995
-0.98453
-0.59280
-5.67163
5.40747
3.77109
2.43595
-5.56330
1.24943
-5.85273
6.42534
-3.85762
0.56362
2.85342
-14.34210
7.53576
-2.40485
3.51074
11.70991
7.75169
5.52699
-7.22349
-0.38818
-0.24652
8.96981
10.45219
-1.59231
-10.50970
-5.62681
-6.54750
1.20900
1.58115
-3.26599
7.50853
-8.01710
0.82105
2.72149
1.77895
-2.29943
8.32113
-1.38505
-1.11668
2.15856
-4.02684
4.92327
-10.94789
-1.30110
-3.35948
2.52897
-4.97871
-9.81498
-4.44484
-1.86122
2.78466
0.90117
-4.33779
0.42813
-9.23442
6.92284
1.81448
-2.26571
-3.86697
-17.14517
6.39681
-7.64286
-5.97512
2.15185
-4.81367
1.22493
-0.88424
-5.72889
-3.02171
-8.97181
2.19331
1.37548
-5.76745
0.17262
3.81163
-1.14783
-3.13665
1.98225
-0.31669
-0.81193
5.33774
-3.78180
3.26813
-17.34558
6.49566
3.42552
4.93934
1.71610
-3.43099
-10.24763
10.74410
2.02667
2.28866
-1.18949
6.51839
-3.51029
-9.71640
10.89365
-1.08108
-2.01132
-2.56176
-7.10131
1.52636
2.06489
1.63943
6.88078
-8.21822
6.36842
-3.29753
9.41233
4.10787
-3.42656
-17.38147
0.00767
-5.70480
-5.47267
-0.04985
8.99854
-2.29166
-0.30687
-1.95361
2.11141
1.17869
-2.56023
5.51930
4.58662
0.89458
-6.26443
1.70920
17.74112
6.33096
-3.94773
-3.62242
3.91983
4.24806
2.25040
12.68338
-0.98747
1.50275
9.70246
0.00171
0.70452
-8.05320
-0.52350
4.43718
-4.78491
-12.47125
-3.92205
-2.06749
-4.97298
-2.02465
11.91758
-1.23237
2.29524
-9.60419
0.01306
-3.59645
0.16645
0.29069
-0.10871
10.21237
-2.28365
4.78298
3.49491
-2.71031
-13.61491
0.32914
0.35300
3.54222
2.25444
6.70426
6.29710
-1.92982
10.08620
3.10453
-0.02142
12.76375
3.23400
-10.00797
-2.43957
-1.78551
3.50168
6.75337
1.23807
1.70502
6.26356
-4.72452
-7.46838
12.93680
-7.78198
-1.23050
-2.10416
-9.95138
3.59109
3.25757
-0.14029
-7.21237
-12.07449
-1.24951
-4.83632
-1.16086
9.31957
-0.57395
-7.29127
-1.35301
5.88635
-6.92615
2.76848
2.09338
-4.70324
-9.81863
2.70239
-5.50855
3.20302
-15.86160
-8.26054
4.46197
3.60764
-12.67450
-4.84411
3.34204
-1.06229
-7.66054
10.60321
3.08626
3.24012
-5.49365
-2.52178
2.01244
-5.12468
-1.39602
2.11219
-1.31993
5.76823
-0.53770
-4.56694
-2.77274
-12.20260
-5.57047
4.35504
3.42312
1.42622
12.73176
-2.71995
-6.13918
2.20569
4.57769
-6.34620
4.89937
5.37653
7.10809
-1.28480
4.59683
-0.66314
-4.33823
0.22327
-0.40876
2.04796
3.06038
13.53505
-1.87381
11.57343
5.54862
-5.98337
6.81245
-9.24691
9.55861
3.81339
-3.13372
-0.35379
4.49189
12.66428
9.25458
-0.37871
-3.70286
5.42461
5.47962
4.68187
-0.57680
2.67713
-1.56790
1.73795
1.59632
-8.09966
8.23092
-0.40107
-5.36606
6.32262
-2.07679
9.96617
13.12453
-1.88342
0.43927
0.29489
-1.62657
3.11443
-6.13021
-0.99354
2.65354
-6.35779
2.79002
2.20795
2.17213
-0.95370
4.57117
0.36507
6.73526
-3.05629
7.62950
1.30918
4.71155
-1.44334
-5.61326
2.66019
0.36869
0.42878
0.86699
-11.13119
-0.79980
1.67329
6.25394
-3.15212
-1.11464
4.31809
-1.53354
-0.15452
-0.00684
-0.31139
3.92725
5.69239
6.47031
3.97966
9.57556
1.85249
5.36477
-5.17742
6.74666
2.37619
-4.47688
-7.84708
5.57053
-12.74912
-1.96898
-1.57847
0.79669
-3.01208
0.70124
6.41676
6.86793
4.38142
0.97442
-5.18353
-3.31494
-8.59400
6.16005
-8.42127
2.20249
2.74942
-9.17079
-5.89974
1.82269
-6.57846
7.59390
0.50172
-9.17306
2.30025
5.81976
2.60258
7.10955
1.73010
-7.70894
-1.62312
-1.06685
-5.98454
2.61889
-7.02086
-5.94344
2.29157
-0.28705
6.39782
-1.90579
-1.51224
3.47102
3.11127
11.49432
-8.04327
-3.48830
6.34709
-2.40944
2.20338
-3.00367
-1.86022
-0.19348
1.04398
-2.21552
4.02848
-1.35635
2.18309
-2.09303
2.81909
-5.89929
9.21906
1.72017
1.30514
2.38432
7.62028
-10.50169
1.21935
3.96705
-8.35551
1.21756
7.20156
1.73902
-1.19582
4.84346
2.03015
0.83669
5.78326
2.98552
-3.37765
2.77303
3.78435
-4.20073
-12.31530
1.13021
-4.87101
6.72654
-9.04353
-0.96724
-4.48431
0.66629
-4.33740
-2.60760
-3.54162
-0.31283
11.24976
0.58100
-0.38839
-19.08520
1.71023
-1.88762
9.64784
-8.36079
-2.33332
-3.06585
-0.79879
-10.84668
-4.86117
8.33572
-6.46421
6.68592
-3.03865
-2.05468
-0.81676
-2.31697
0.48908
-7.39246
7.15465
-1.45143
6.96501
-9.17548
-2.77813
3.08021
3.92872
-5.33501
5.21685
0.59055
-0.57689
-2.31003
-6.30622
0.67442
16.20466
0.75071
-0.16910
5.53837
4.89314
-10.67569
0.60318
-5.27574
-6.51430
1.04027
4.86375
1.82709
6.95035
-2.75393
-5.60456
12.99203
10.63668
-1.52462
6.68507
-2.71382
-8.97596
-5.63741
5.93978
-2.88146
-4.25557
-2.62888
4.03715
-6.64271
3.88212
3.88049
4.08858
-5.66618
3.88910
-1.14510
13.24627
0.67704
4.44631
-7.73568
0.70353
0.85862
-4.58615
-9.36317
-3.93182
3.46566
-0.83674
1.82201
6.62654
-4.53704
-4.69095
1.16868
3.65112
-0.41876
7.19038
-10.10370
-0.97119
-4.31509
-7.36297
1.67163
-1.05050
2.11743
3.88173
5.93270
-5.84458
2.86384
-1.39401
1.92043
-2.05093
-8.04999
8.19061
1.34791
-1.72117
2.83095
1.96729
-0.42729
-2.31025
3.12502
-0.06433
-0.05724
1.12798
-1.73708
6.32860
6.41145
10.44745
-1.92181
2.71533
-7.06803
4.41289
-4.18114
1.26834
-4.04937
6.59915
-0.14488
1.15955
2.33075
0.84684
-8.77487
-9.04549
-0.42398
-1.96955
-7.95297
2.01307
0.13521
-5.71251
-4.61693
-12.54574
-1.58241
6.24425
5.56846
2.65111
3.68724
2.31952
-0.28637
-2.31460
0.33602
-6.74344
6.55539
3.55994
5.75966
-2.33382
-3.31631
4.52526
-0.48675
0.28197
1.87498
0.45650
-1.91811
-4.63238
-4.92263
0.28434
5.68347
10.14357
-7.06881
-0.85958
8.37302
9.15950
8.45527
-0.62468
7.09412
-4.96518
0.81346
1.19291
-1.77333
-13.93828
-4.87562
-3.47048
6.63458
-2.53471
-11.24691
-2.44233
-8.93423
3.07161
2.12179
1.77325
-2.91003
4.74413
-0.09081
-2.38814
4.38700
2.57544
-5.11881
-12.05711
-0.30795
-11.09473
1.04612
4.96588
4.02361
1.29143
6.90882
-0.45827
1.87643
-6.04442
-1.41037
-13.70616
4.20749
-0.65821
-1.50772
-7.60567
-8.98194
-0.10383
-9.40379
-0.73975
-1.37638
-5.26330
2.15046
-6.69757
-6.23758
-7.60790
2.86403
7.84670
-7.33595
9.52981
-1.27954
2.74957
1.50540
-3.79661
-6.58306
-2.95945
9.58300
3.83958
-5.09731
2.22662
-2.30049
2.59370
-12.68699
3.64817
4.00956
-4.31376
4.32834
-2.86017
1.78796
-7.59226
-11.51055
-8.05340
2.60579
-7.91851
-0.76993
2.11407
5.56804
1.26153
3.74456
7.37382
9.27518
0.69604
4.43605
-5.14381
-1.78586
-1.62661
-6.33994
1.63045
6.75067
1.22110
0.14208
-10.38107
-5.82037
3.69441
0.44489
5.76558
-1.04187
0.00852
-1.81539
-2.27045
8.71767
4.27936
-4.34321
8.29274
6.06702
2.41706
3.43764
3.64611
1.03543
18.76277
0.08319
13.54271
10.91115
-4.91876
-9.15886
-1.92541
-1.73654
-6.32203
1.37934
0.12416
-6.46949
1.13568
-6.86830
5.50017
-3.97239
8.74814
-5.28535
6.15337
-1.53648
2.50356
-0.44224
-6.56181
-6.03190
-5.89768
-4.46009
9.08076
4.81333
12.16272
-2.13787
-9.28752
-1.68080
10.26975
1.42404
-0.62133
-0.15377
-0.96504
-2.62192
-0.56622
1.67986
7.07884
-6.43330
2.51342
-5.15864
9.14198
6.46784
-0.76113
4.67975
7.08948
-2.42065
4.55367
2.46241
1.95594
5.74999
2.16854
1.48271
-2.25517
5.62287
5.34052
-2.46958
-3.08466
7.06999
2.22878
-0.12909
0.85484
-3.32210
-0.04787
-1.99416
5.78776
-3.04139
-4.61346
6.22376
0.05389
0.16899
-2.75218
1.53830
-0.79583
3.13070
-1.19114
-2.00869
2.23930
-7.67412
-5.12777
-0.46315
-9.69376
-8.59183
8.41008
-1.85476
-0.72081
6.37213
-1.24118
4.39090
2.81225
-1.14415
-1.54064
3.24846
-5.58350
-7.67765
-3.77994
3.19109
5.84128
-10.26424
5.71615
-1.64817
3.77805
-4.24030
8.68037
-2.83112
-3.51035
4.45984
-0.24077
-5.77491
-8.28078
9.27436
2.06878
9.96041
-1.41878
-4.87326
-6.93184
4.97052
0.29349
-0.18514
-3.05170
-5.52518
-1.81101
-4.99898
1.65682
-3.08642
6.28432
-0.55135
-8.74362
0.51347
1.73657
1.83652
-10.62942
-8.38501
0.50912
9.79224
6.59612
-0.06039
0.55868
-10.24881
-6.72647
6.09300
5.63692
-3.17529
-5.08137
1.34968
-3.23994
-0.39760
-1.13665
-4.81339
6.41808
1.50001
-2.20891
-1.08073
-1.47456
1.92160
-0.12580
14.92325
-2.16015
5.38591
-3.16296
-0.64419
-0.75525
-5.37809
0.89493
-0.41712
11.10606
9.62655
-2.30556
-4.06326
-1.43424
2.38579
-7.95892
-2.64627
-1.73544
0.00114
7.80656
2.49476
-1.65328
3.71073
-0.00996
-2.27145
-9.21298
-10.40533
-2.61524
-1.25063
8.74201
7.16985
1.99211
-7.88561
1.81666
-0.61318
2.34503
-6.98781
0.59317
-2.26083
-1.15719
2.04509
-4.88717
0.93437
12.23847
-5.00808
2.29302
-4.83602
-1.24517
-3.64599
3.20574
-7.11847
1.56081
-3.40280
-9.23342
-1.88881
-1.23780
-0.35372
6.12038
4.06703
-2.50742
1.74823
1.09058
1.23220
6.38906
5.63223
6.42110
4.50363
-8.43340
-5.88906
-1.66456
1.45608
-6.37848
9.90688
2.98684
6.83641
0.52313
7.03586
4.24422
-1.43667
0.80633
10.60716
-5.65167
10.63451
3.35796
-1.14897
8.38886
0.14458
-2.90558
1.27691
4.10276
4.38067
5.95062
6.10090
4.01986
-4.60342
3.30604
0.90299
-5.27835
-7.46146
-8.23394
-1.91007
-7.44297
5.41987
-3.02377
6.10498
-0.73237
2.57795
6.67988
-13.81065
-16.91054
4.78668
3.27291
-3.16599
5.69293
1.49758
-2.13653
-4.17710
-0.08865
-2.26651
-6.81415
7.92612
-1.11038
-10.13795
9.73952
5.49761
3.88167
-2.96816
-8.69703
0.69261
0.55196
-0.28783
-2.02555
-4.78041
9.93040
-0.40965
-1.03489
-2.84016
2.81713
-0.64689
5.74794
-13.38152
-1.12656
0.34182
-3.91511
-3.47413
-1.73044
-0.53225
6.89473
-11.86612
5.03718
-2.90055
-1.22609
-3.06453
1.82011
1.98205
8.77399
1.13766
4.02742
-8.06141
-9.76037
5.07440
-7.69825
3.64104
-14.46180
-1.74291
0.41429
-1.21687
-6.58591
5.83832
-8.04740
-5.18101
-0.92277
-2.42341
6.94454
-5.77781
10.92085
-7.60187
1.29570
-5.93196
0.88825
-4.51816
-0.68873
2.13740
3.37941
-11.09834
5.28071
1.51317
4.59286
-3.44451
3.01516
1.54892
-8.21652
-0.74564
3.45534
4.28840
-3.63490
9.80151
-3.46701
8.07285
-3.58741
-9.58113
-0.06403
-5.51013
-3.31982
5.17346
-3.71149
5.77917
-6.27529
-1.74487
-6.93439
3.02013
18.87052
-6.18402
2.76251
-2.57949
10.19886
-11.24808
9.20031
3.40045
5.04594
-3.89903
-0.28081
7.65408
-1.17606
-2.93647
3.12674
-4.83493
4.63218
4.38717
0.40053
8.63355
4.43066
2.48399
-5.16633
-5.65162
-1.60112
-3.14685
5.18609
6.49519
-6.44779
12.12891
-2.39235
-6.24328
1.54477
3.46979
-4.67561
-0.02928
5.86394
0.59663
1.13416
-6.54867
-10.93119
-15.86501
-6.50432
-3.39733
4.39848
5.30799
2.98144
-3.49948
-2.58947
-3.83675
-2.75687
-0.38960
-6.43592
-5.06059
-3.28915
-3.23858
1.03419
4.60078
2.84121
-8.06898
1.44664
-2.69112
1.80339
-5.61509
-1.61012
-5.54747
-5.70165
-6.29636
6.03717
2.17593
4.06117
-7.91980
9.45360
-0.79905
-0.55356
-1.94811
-9.43050
-3.47869
-2.97348
-0.75710
-0.49322
4.45303
3.03091
-7.94668
-9.52416
12.42687
5.51941
-8.96877
-2.06718
-5.26394
6.97804
-3.02479
0.33595
-3.09847
0.78567
-8.17146
-3.00308
4.14408
-10.09562
-1.93504
-2.84063
0.68450
-9.74900
1.89309
9.59740
9.15404
-0.13861
1.52987
-4.12907
2.40399
-10.34391
-0.11042
-12.46439
3.30623
8.66947
1.37988
5.97222
1.70352
-2.33893
15.04493
8.30061
-1.94898
-2.31308
1.77580
-1.22790
-1.29371
-4.95161
4.31895
-2.37400
12.13865
8.65376
-0.05883
-0.96204
8.52390
-4.84545
0.65671
-5.46206
2.45543
-12.17003
-0.27484
-0.25812
-0.60070
-0.52982
-3.48711
6.46873
-1.07378
-2.64333
2.82669
6.00032
-5.00685
-3.84252
0.76890
7.61718
-6.01954
1.35299
0.82586
4.57542
-15.26702
-2.72034
-2.95175
5.84021
-2.51562
-6.41067
2.92643
-6.96594
-3.47238
4.21576
3.80249
6.74663
-0.10988
2.75505
3.67670
6.71283
14.18716
7.63270
1.67843
-0.01496
-0.96356
7.00004
1.32398
1.86519
-9.43360
1.00748
-2.61744
4.95682
4.79893
-8.71890
-1.83183
4.43629
-1.55863
-5.65536
4.89900
4.00236
-1.00361
2.59359
-10.77490
0.60195
11.09574
-3.37473
1.60817
7.08548
3.51189
8.51693
1.49733
-7.04086
6.14117
-6.76818
-4.70054
3.09796
-5.32369
-9.96354
-2.57769
-2.95956
14.19727
-1.92607
0.92084
5.18204
2.10642
-9.65277
-11.93721
4.85590
0.99496
2.76234
-7.80382
-0.26276
-7.73109
-1.96177
-8.55906
-3.56725
7.12989
-1.82660
-9.23859
-3.41559
4.17916
7.85870
-7.26255
7.74571
1.76599
1.32504
3.89016
-6.97814
-6.43742
3.32936
-3.33395
2.38262
2.92259
-6.07954
-4.78053
2.07475
4.81239
3.58310
0.57728
9.07158
-4.16364
-4.71138
10.29119
-1.65581
-4.13406
2.73433
-7.16247
-1.56852
-12.29253
-6.52759
3.21562
2.62000
-5.76011
-4.42173
-12.39050
-5.86835
-5.20755
3.58402
-5.89461
9.11488
-2.39108
-0.42886
-5.68039
1.61616
3.94701
-1.03397
-5.80026
-7.28149
4.17100
-10.77953
1.16009
2.25764
-10.88933
-1.05677
2.51106
-0.23237
0.61543
-7.48230
2.96632
1.32174
9.51918
11.34964
-11.20752
1.65884
3.29199
10.95000
-1.82028
-3.11982
7.62945
3.27014
13.44652
-1.61707
9.70968
-5.00368
5.13018
-6.97860
-1.33073
-2.59530
2.50808
3.30289
-1.93386
-6.58428
-5.96660
3.44160
11.01665
-4.20900
0.30708
-6.91310
0.53297
-4.33718
-6.60444
1.08659
-2.13218
0.16419
0.16402
-0.28946
-3.05737
2.97378
-10.47854
1.92822
9.40816
-9.74523
-7.42109
0.98214
-4.26931
0.63545
-3.14221
3.72065
0.03786
8.60205
4.46004
4.13250
8.05081
-1.52440
5.73769
-6.81506
7.84044
7.09975
-1.05494
-5.75475
3.97780
6.08738
-5.58344
0.12470
-5.53474
7.68475
4.20497
-2.81175
-5.29833
0.55539
-6.40061
8.11573
0.94783
2.17773
-4.73025
-3.40496
-5.42273
0.87130
5.93533
-6.63046
12.87777
4.07129
4.57498
1.33260
-3.91971
0.50037
2.07228
2.01457
-3.62198
1.91322
-7.90919
3.81001
3.39302
-7.05218
3.13420
-0.84642
0.08036
1.11452
-11.62256
4.92996
-7.25446
-1.05241
-7.39000
9.74445
-4.56472
-5.55719
0.08184
-5.76381
0.27109
-8.33013
-8.63924
-2.10693
-3.78572
0.61753
6.11363
-3.71348
-2.96257
-5.16535
-4.69738
7.74439
-3.35642
-1.78779
0.46097
-3.10600
5.23795
2.65120
-3.58154
-3.51991
-1.67255
-8.65711
-1.62245
-4.13332
0.29076
2.87954
0.59541
8.48949
-12.07863
-3.59717
-5.89193
5.91985
2.74111
-0.28347
2.25179
-1.93571
2.69532
2.44805
6.78406
-10.32808
-7.18584
-4.64516
3.74488
1.44739
3.52965
-6.27356
4.47221
13.47557
0.48592
14.30772
8.86607
-18.41542
3.75722
4.47279
1.04136
1.42721
8.26321
-3.22990
6.81360
-0.63230
3.43117
-6.11425
-2.78555
-3.01066
-5.37709
-5.13373
-4.51249
-1.50303
0.60183
-0.71276
6.73359
1.08745
-2.82275
-3.07298
6.33015
11.26049
2.56034
-4.96632
6.59254
3.20651
3.36407
1.77396
-6.36333
-3.14707
9.94035
-0.09415
7.25118
1.90557
-8.02869
-0.76430
-6.65457
-7.51465
0.06258
6.75427
-4.66221
1.15733
-1.99284
8.19673
2.79455
3.29807
3.98563
2.24778
10.60146
7.11072
-1.39807
-8.26557
-0.98369
-2.95362
-2.25729
-0.81953
-2.15601
1.73109
-0.09631
-12.29630
6.12398
2.25687
-0.35569
6.55019
4.28331
-5.97134
-3.21961
8.03973
0.61481
-14.11387
7.14774
10.25984
7.70980
-1.63666
-1.62807
-4.31029
3.50481
-2.48649
-7.32187
-10.36341
-7.83540
-2.81285
-0.81923
-8.50247
6.11568
10.33676
-2.02824
0.79509
-4.57397
-1.53128
4.24534
2.13242
9.74263
1.47432
-3.53726
-11.41559
-0.59825
5.56897
1.16424
-3.51463
-8.38263
1.13778
11.27746
-4.17483
-2.06265
2.67340
-1.52869
-6.71558
-4.31770
-1.82370
1.38658
5.13125
4.43955
6.86781
6.07426
0.55331
-1.28870
-1.58000
1.84957
-5.18561
12.90104
-11.85912
0.71987
8.78918
-0.41842
-2.42306
1.90458
0.20294
-2.87430
7.99478
-0.37418
0.92384
3.91079
0.37966
5.98358
-2.82643
-5.44124
-10.29815
-4.51418
-1.63808
4.90699
-3.40457
5.66273
2.96270
1.02145
-0.00076
-1.45700
-3.46145
1.45077
-5.23908
-8.19573
1.23903
-4.34985
10.34865
3.94765
-10.02828
-1.94669
-0.77593
-4.56889
-0.19926
6.41538
-5.13297
1.90179
1.29744
10.57163
-1.74081
-16.23322
4.62781
-7.65381
-8.32766
-3.69306
5.81435
-3.15600
0.54216
4.28549
8.86131
1.50143
-4.23963
-3.96484
-7.79091
-6.50441
2.12391
-2.85111
-2.12070
0.13228
2.09508
9.35358
11.63157
1.35992
2.48983
-7.26710
-1.92852
-5.46931
-5.61008
5.68106
2.85551
2.79835
1.50076
-5.12143
6.74154
-2.59253
-2.09703
-8.44415
-9.96877
-1.76217
-4.36867
1.43313
3.61083
2.83530
5.18619
2.09871
-3.85525
-6.13407
1.93034
-9.73539
2.33993
-3.62036
-2.55410
6.69205
-4.50041
16.42097
-7.19164
-4.86484
3.36520
-8.45456
1.00647
0.28074
-6.69344
-10.13516
-3.91992
-1.36333
-0.19460
5.06676
13.31544
0.91941
-2.21809
1.00374
0.83883
-0.98158
-3.92063
2.63979
-2.03199
2.04608
0.70966
5.78581
-6.55746
7.10775
-3.39978
-3.04662
1.68443
-3.51393
6.96222
1.63694
-2.13347
4.83676
-0.75441
-5.31791
1.76413
0.59389
-5.71153
-3.07803
7.98058
3.58036
-2.72813
5.36147
3.42117
-3.99641
3.37295
1.80796
2.61217
-8.91895
-5.03555
-8.40297
-5.70016
8.21694
-9.04348
3.31981
-1.58324
2.04234
-3.42346
-0.40187
6.96194
8.43185
-0.59655
3.01688
3.32070
-2.65515
6.11462
2.12837
-6.79414
-4.81377
-11.93352
3.77932
0.30423
-2.42897
-4.27494
2.72858
0.59140
4.30740
-11.39388
6.87801
3.05158
-6.97712
-0.78330
4.91200
5.96702
-12.44503
2.04582
3.90022
-2.90445
-3.79765
3.52234
-9.93904
2.25040
2.84015
-4.55277
-5.69366
1.98728
-4.26164
-2.87615
-1.11175
-2.07332
8.64706
0.31895
-11.37946
-0.40925
-0.92425
2.24294
-11.83811
9.00010
3.95494
-10.64776
4.30096
4.77034
2.49447
-8.22392
7.89277
11.95855
-2.20913
-5.44455
1.93449
1.60730
-3.06675
-0.69138
-0.73410
-4.00318
-5.72745
0.65685
-4.98632
-2.30074
-2.22392
-4.22477
2.05260
-8.24889
-8.52616
1.51701
-4.66469
0.88412
-1.66341
0.82980
9.06525
3.68042
3.84683
8.64226
9.87513
3.77287
3.63562
-4.35990
-2.54353
-12.63233
0.15002
5.34654
1.01215
2.71332
-7.97088
2.82400
-7.08199
9.49689
0.55005
-0.17342
-0.94307
1.17284
1.21359
1.27970
5.69518
1.78229
4.18642
3.51969
2.11668
-12.79404
-4.37631
-6.22111
-1.97271
-0.83676
-5.21788
0.94344
-1.82084
7.28471
1.87392
-5.81095
-3.76455
1.53519
2.22074
14.43210
-0.50777
4.01280
-5.40207
-4.45410
4.21061
1.67499
-1.21161
3.62953
-4.43095
-7.38307
0.32493
-3.56713
-5.47751
-1.70789
1.17869
-12.75710
7.18729
-0.53451
-9.21488
-0.85545
0.94342
13.38401
-2.24623
-7.19396
-1.45118
3.75145
5.68401
-3.50707
6.66302
0.39264
-8.14320
-1.67182
-3.84615
7.19784
-5.80656
4.81869
7.77741
8.49203
4.70575
1.37257
7.48486
-2.14090
3.84036
4.37072
3.08857
4.16927
-1.13002
3.89085
2.42609
-4.36132
0.23854
-1.64855
-6.44487
5.05468
-2.18895
-5.63309
-5.59904
0.23774
0.26783
2.75818
0.26810
-8.73652
2.65991
8.60565
0.32421
0.94421
-6.02728
4.45402
-5.82321
4.62159
-0.41055
4.49322
7.75788
-8.95696
7.73711
0.34033
10.30163
6.54491
1.07921
0.97575
-9.27906
-4.67827
0.20571
-4.08577
4.31953
-0.05061
4.87771
0.74492
7.01856
-12.34926
8.90732
-5.87970
3.91787
1.25671
-3.94695
-2.90292
1.75453
-1.54977
-4.16868
-15.34082
-2.81420
0.04622
6.53376
-10.68120
2.22163
-2.46322
-3.92079
0.53571
6.46538
3.28937
-3.00840
-0.77337
4.13309
4.91101
5.53899
4.65048
-5.82315
-8.63764
-4.67268
2.66198
6.43636
2.19526
-3.92625
1.28462
0.59412
7.73127
1.95227
1.77314
-1.55570
11.10096
-1.57094
0.63812
1.22555
5.31784
1.85410
11.07611
6.33546
-6.33371
6.66862
-0.77762
-2.10404
-4.43521
-0.12431
-1.44413
1.57890
-8.83728
0.00461
-1.74435
-1.59216
-8.37210
1.27207
-10.97410
-4.85250
0.45678
10.55133
-0.45694
2.23866
7.16064
1.04126
5.34381
-3.63183
-2.68370
-8.09691
0.95299
12.40321
4.45317
-2.22208
6.75630
-7.54723
-8.44062
6.69801
0.68239
3.93933
-16.80570
-7.37793
1.13895
-4.64196
9.33858
15.40965
-10.16569
-4.24405
-1.42138
-3.90391
11.40040
-0.91793
7.56698
-5.30455
-2.87853
2.55222
-0.52610
4.14701
3.98641
12.00977
0.78322
-2.64452
0.18507
-2.37298
1.48141
-1.74234
0.68245
-0.54843
-1.60221
2.07967
10.32008
-0.30246
-3.50548
0.23126
-5.41815
7.33299
2.81113
2.49545
4.03245
4.28916
-6.36208
3.84069
6.50858
-1.62042
7.25033
3.66520
-5.16558
-0.17466
0.23540
0.66600
-9.43716
9.63612
-9.02263
0.44121
0.43606
1.21303
-3.64676
-8.90949
-1.90783
-6.96684
0.38259
-6.17506
-1.96140
-0.24707
-4.90944
-4.22926
-7.84750
3.89537
-0.82601
-6.99066
-0.90827
-2.68102
-2.78934
-2.89140
7.68720
10.90308
2.50948
-4.92235
-5.13955
2.38457
-2.27379
-5.65630
-12.98085
6.87713
-10.33614
0.33068
5.42850
-3.72598
3.17225
10.42602
-9.08529
-7.65416
-0.23381
-1.01517
2.57422
12.13418
-7.65873
-10.23495
2.13190
0.68703
-4.65668
1.20134
-0.21357
0.12655
1.26372
5.74621
4.40573
-9.45205
1.06437
0.14997
3.81695
-1.83553
-2.43259
0.30209
-10.57882
-1.43893
1.54032
11.03647
-8.36612
-3.29959
5.79934
1.43675
-0.92776
5.50771
4.76618
-0.44411
0.78176
-2.54760
-2.23022
11.32297
-2.37781
-2.13596
-3.48809
-6.37940
-6.04284
-3.49642
-14.19891
3.76104
0.42871
-2.93618
-3.54472
-10.43691
3.33392
-12.25747
7.04318
6.61311
-3.13757
5.97251
14.38714
-4.80528
-4.28795
-2.36722
-0.12704
1.30014
-2.54214
-2.74511
-0.50360
-2.38243
1.39855
-8.54925
6.99098
-1.07024
8.16755
-9.60271
3.80135
5.57127
3.81960
0.07459
12.19826
3.96954
1.33841
-8.13114
-6.06491
6.90699
-7.36135
5.27566
6.73868
-6.55183
1.60203
-5.03130
-5.94165
2.71209
-0.12660
2.46390
-2.14865
1.76870
11.39543
-4.19047
-9.19516
1.32112
-3.81324
1.30374
-0.28537
5.27999
-1.81148
-3.05131
-1.13468
-0.74105
-3.41749
-1.96751
4.85973
5.14171
-0.36768
0.79274
-1.70655
-0.60814
9.14754
-4.59317
-4.46450
-4.76787
7.85193
3.94949
5.13096
7.21642
-3.38034
-0.40941
4.84749
9.90640
0.59861
-7.86738
-6.29697
-3.27852
2.00026
4.90407
11.26285
17.70761
-0.03134
5.22169
-1.49616
5.95413
2.22833
-12.53075
-3.09105
4.35308
10.59353
2.25832
1.22479
0.87538
-2.63290
-0.04146
-3.46100
1.13357
-12.32466
5.95198
7.55191
-6.62000
-2.39962
-4.20346
-4.28836
5.00256
-7.99530
10.46236
-4.16553
-9.10431
-9.76806
-7.11811
8.14165
-1.36296
-2.37647
0.85844
7.21266
1.07476
6.12630
-3.65096
-0.85054
0.96523
-2.56540
-0.93022
-3.46570
-2.27172
-3.34742
7.28209
3.71017
3.77018
2.21248
4.46058
-5.64073
4.01223
1.00511
-1.13878
-0.51162
6.57707
1.71328
4.36902
3.13425
5.75528
6.97465
3.73537
1.34294
0.95944
0.12940
-11.01473
-2.55462
-3.49872
8.04204
-3.55988
-3.62458
-5.89195
-6.26016
-14.70368
7.03320
-0.34728
-2.83543
3.28010
3.20201
-3.47804
6.20756
-2.10238
-2.08582
2.55840
-3.60511
1.85143
0.66515
-7.62631
-6.26839
-10.14844
-0.62999
2.36592
0.61911
-5.61675
3.92714
1.68650
4.34717
6.13873
5.55903
-4.61193
-1.58612
-2.60354
2.45905
7.16839
-2.11227
-1.00134
7.19393
-2.66995
0.01115
1.19720
3.42742
9.57319
2.60698
0.00706
5.34082
-11.10344
-9.08907
5.06374
-0.83618
-1.14029
-1.78523
-4.82421
1.88990
4.32426
2.42994
4.82212
1.44447
-1.76697
-8.45428
4.12106
-0.50309
-7.08446
5.86093
-1.49702
-8.18520
-7.73272
-9.67725
4.84230
6.32518
6.63028
5.34036
-13.99735
-1.04950
-0.83489
-1.76919
3.40002
-3.43991
-11.17715
-4.42190
7.68066
2.08223
3.09737
-10.90109
-6.23001
-3.57223
-13.17268
7.68256
0.94539
-6.23798
-4.99699
7.44344
1.59197
-1.95806
10.71406
-3.85091
-4.36863
0.75146
-1.48685
-4.40036
-7.39906
-5.74919
0.35519
8.47808
0.84315
2.83976
3.54033
-3.21253
-7.46400
-8.47208
3.78775
0.76340
9.73053
6.87120
0.69519
-8.49573
6.19797
-8.04065
-0.45220
11.70071
-9.25770
-0.99089
5.46909
6.76203
7.17652
-2.60349
7.85949
-7.77784
-2.60634
-1.53291
-4.17354
6.95125
8.36984
16.81512
-1.83172
-2.89170
-3.71721
3.70329
-3.85009
3.52911
-9.75004
10.91410
-8.12287
-5.00671
-8.27377
-0.98461
0.69909
6.98474
-3.48478
2.65386
8.35912
9.18342
-3.66375
10.34660
0.37764
-1.90522
0.68415
-4.11827
1.04145
3.17547
4.60859
-7.41285
-10.40481
2.93763
0.27646
11.47360
7.40299
2.44120
-6.18485
-12.79254
1.93008
1.73869
-8.18198
0.53714
0.25537
8.10670
-1.32594
-2.78320
-7.11091
7.09208
-10.07019
-11.51630
5.51380
-4.14462
16.41663
3.58456
0.93432
3.78866
3.09184
8.49244
-8.77968
-10.07626
-2.68003
-3.68290
-6.72952
-2.20884
-6.90932
-1.86198
5.54962
-6.63290
-5.08254
4.51542
-3.57322
0.65030
2.03202
2.15657
4.75100
-6.10804
0.64989
-1.22221
7.11472
4.92509
-7.90671
-4.96002
5.24656
5.75275
-4.50406
5.38781
-2.34024
4.86442
-2.76446
3.24977
-0.42122
-4.26900
1.51954
-7.83400
-2.97542
11.80729
7.26799
0.62710
3.02693
5.95125
-18.02428
-9.44809
-6.37765
5.94619
-5.60506
-2.13719
-3.79840
5.92853
6.07546
6.01788
-4.46248
-6.59557
-3.13021
10.39255
1.74514
8.70620
4.85015
2.10183
4.95023
5.01988
-5.54720
-8.72937
4.69810
2.99603
-2.09053
2.97407
1.80705
3.82064
-0.18870
3.75502
0.16593
2.59328
-3.49679
-1.39983
-1.29972
5.68486
4.79777
6.78345
9.99361
4.75484
1.24538
-2.11236
6.16894
-0.20469
2.15732
2.11583
6.01734
7.18062
-1.55988
-6.71786
2.87475
-7.99528
11.16765
-3.53335
-6.02893
-0.43406
5.17213
-1.85843
3.76533
-2.79719
0.55740
8.05364
5.49143
-8.24557
2.89351
-2.54467
0.74568
-1.16446
-0.91127
-5.52257
5.85409
-2.68357
-18.02671
-3.29974
-3.48039
-6.99558
10.62670
8.21212
-1.86131
2.72699
6.01536
-2.53448
-1.91962
0.86678
-8.88880
6.72978
3.26822
-3.93163
-0.96344
8.94200
8.15102
-1.11763
4.13715
5.76644
4.87264
9.79591
4.80898
-11.00404
8.24246
2.21901
-0.75393
-5.62082
8.32720
7.68012
-1.42503
7.51142
-7.86442
7.14306
4.85879
-4.40702
1.77038
6.18591
8.19897
-0.24221
2.01416
-0.29487
-0.10363
-5.35112
3.61740
-2.35658
-0.72101
6.84773
0.90846
-7.50904
-0.57320
-5.50378
-1.42825
-1.50059
-5.43059
-2.77446
5.69528
2.69981
-1.53067
4.43162
2.24284
-4.61271
-6.42291
12.93765
-0.62544
-9.07601
14.12252
-1.55607
-7.16332
1.40033
7.83438
3.18362
-5.37352
-8.67049
11.15367
-6.37298
-1.97834
-3.92811
9.75556
-2.88572
12.00527
-1.33929
-0.93782
-7.34568
6.66054
2.89883
3.91053
7.15397
9.00181
1.67370
-5.06784
-1.29268
4.61263
7.33734
3.77404
-3.20293
2.00436
0.16981
1.31203
-0.93219
4.40296
1.10407
-9.18643
-0.98807
8.67297
2.05696
0.70657
-4.81240
3.10397
-4.26506
-2.46304
-5.94633
8.13441
6.71699
1.80734
-1.90540
3.63690
4.00896
-1.53097
-1.81892
-6.67832
-0.66179
7.53518
-6.33743
-11.12426
-11.47861
-7.02900
-4.89344
2.21598
19.24339
7.36419
2.15775
1.90233
0.93896
-8.94842
-2.37535
-2.14988
-6.47447
0.17588
-11.37336
-0.18588
1.70199
-6.04639
8.09143
6.09637
4.48634
-4.78389
3.66458
4.68416
-10.30659
3.96952
-16.53098
-7.66173
-5.22332
1.20699
-11.12038
9.81667
-6.00778
12.09246
2.56410
-3.83706
-4.58839
0.02670
-0.03074
1.55831
3.75115
-4.91548
7.21965
-0.36121
-7.04581
-0.24695
14.03396
-2.18755
6.69995
2.21229
1.25169
0.19671
-1.63600
2.40232
-4.77357
-1.26960
-0.91140
0.45316
-5.91401
0.55376
-2.82380
5.33238
0.85991
0.80483
-2.29415
1.82708
-4.00236
13.12770
-6.77967
-2.95344
-2.40031
-6.10958
-8.29879
3.46136
10.83843
-6.11367
7.38124
7.09569
0.16968
4.00511
-2.65347
2.45651
-1.58948
-7.14211
1.61508
5.36446
-2.09175
-8.46356
-0.60742
8.88538
3.95506
1.59443
-4.63506
-2.82424
2.56960
6.11395
3.76763
-2.86078
-1.14470
0.61130
1.08224
-2.21153
-0.08125
-2.68669
11.13285
8.32946
-3.07620
7.75630
-3.04269
1.86468
-2.66890
0.34719
3.35785
-6.83267
-8.87145
1.89708
7.12771
-10.11393
-1.82045
-11.05878
4.53092
2.20711
-6.76427
4.57389
0.47172
-5.35481
-1.95055
-1.30906
-13.27954
0.93683
-4.82796
3.23100
2.08512
11.31082
-8.49377
-0.15192
-5.56522
6.40170
5.99388
-0.66075
-3.46375
3.34067
-7.29104
-8.46647
-6.36692
11.50099
0.11081
-0.46504
7.23764
1.51809
-2.57403
-0.76778
-3.74512
5.31208
-4.62901
-5.87858
-2.79930
0.78889
3.61912
2.38156
-10.07615
7.81997
3.83858
-2.03666
9.82520
2.16614
-2.77683
6.18341
-4.77017
-4.68400
3.25976
-0.78031
-2.14841
-6.91159
0.45712
4.28560
-4.32271
-1.40615
-0.96525
5.07642
-9.58972
-7.38124
-6.98896
8.25777
-6.40122
-0.85558
-7.89932
0.77952
4.07742
-8.18745
-3.24213
-5.61307
7.85023
-4.39100
2.37180
-1.64626
1.38110
-2.10610
5.63621
0.77159
-4.45356
4.33796
-6.83959
-1.94535
-0.11804
-5.02054
-1.68279
-2.23627
-4.58235
-0.99485
-3.57548
-4.53291
-1.21594
5.94739
3.61594
5.26337
-8.12199
-3.55937
-7.97489
-6.11951
12.37892
-0.39743
-1.50727
5.41529
0.52876
-8.93808
6.51058
-1.86259
2.74636
1.47618
-4.87002
6.72980
5.16984
16.04820
-5.03971
-8.92069
6.89944
8.94414
-0.19598
-8.75332
4.51883
7.05231
3.61357
3.92172
3.62688
-10.26616
-2.74835
1.67671
-2.37861
-6.08809
-3.42443
-3.91822
-5.63568
4.23263
-6.20880
-1.51090
2.39827
6.46240
6.91079
5.86336
1.46666
-6.11375
7.48358
1.97705
-0.94578
4.82713
9.64884
0.92399
5.31532
-5.20489
-3.75129
1.32275
9.95376
-4.26263
-3.64340
-1.32439
-2.55094
3.83345
-4.97056
7.07302
-1.22157
-3.28768
-4.01952
-0.12424
1.82261
-3.76817
-12.91204
-5.76054
5.26097
-3.60588
10.45720
2.72144
9.93799
-18.57950
-5.68622
-0.02825
5.49416
-10.58011
-3.46181
3.89630
7.97539
-2.10968
2.49025
-4.90228
-5.10534
1.75682
-0.64393
0.50141
2.52285
-8.34479
6.17256
1.94492
-9.00128
6.16494
-10.94310
-9.31357
-4.57783
1.07864
-3.53549
-5.66197
-0.32757
-6.21708
1.83973
-9.42427
-4.69972
-1.25994
-9.65649
-6.21519
3.91654
-8.91776
3.52848
3.01225
11.80074
-15.31697
-3.85396
-7.81889
0.70462
11.95792
-3.11726
-6.31256
3.28113
3.13661
-1.17476
7.54909
13.89889
2.82726
0.21014
4.77366
7.17916
-2.10969
7.22363
-0.19819
2.08837
-5.69938
1.20409
-8.62757
1.39741
-1.45682
9.45424
9.33009
-0.31206
6.59360
-5.08031
-9.34019
4.91229
-10.58294
-13.12256
-1.55507
4.49469
-2.17900
0.97318
-5.25789
9.85607
8.19193
-14.18533
1.22988
0.47955
-5.14921
0.54036
4.54883
2.21985
1.48751
7.53835
2.23654
0.90017
-2.31152
-4.26595
2.17672
1.67517
-0.53135
5.80914
0.09454
-7.68212
1.62150
-0.73057
0.52773
8.26974
-4.20025
-0.49035
-8.25280
6.75296
3.99792
-3.04984
1.16314
-2.84639
-2.56768
6.80666
1.06700
0.97271
-5.06029
-3.66637
0.35734
7.53089
-5.43915
1.22190
-0.94908
-8.96719
-2.79762
7.24683
2.15422
-7.68368
1.60762
-2.79707
0.79835
9.96323
-8.16165
-4.57011
0.82141
-3.07630
1.93860
-5.00993
1.91457
1.47147
-7.79010
1.67714
4.96153
-1.70397
-5.24752
2.13761
8.34363
-3.81513
9.23381
-1.70257
-10.99188
3.73955
4.25770
-2.20972
-3.50108
12.94920
7.62638
8.01389
-4.78345
8.42790
-3.75268
-9.11177
0.30484
11.13151
5.29625
-6.54956
-15.04518
1.64467
-0.02472
-0.04325
-11.87464
3.93982
1.63355
11.59272
2.50896
-4.62316
-1.19091
6.82220
-2.28514
9.41913
3.23433
0.98468
2.99273
2.52192
1.28225
-4.21087
-1.14339
13.20866
1.98040
-3.88105
2.68460
0.10036
-1.62048
2.83252
-7.36132
1.59024
-8.30612
-7.19093
7.35579
5.47148
10.76724
-1.62612
0.54062
-10.57690
-2.62067
-0.04706
-3.92694
0.68667
-7.97568
11.54923
3.69761
3.78864
0.69784
6.82491
-4.85432
-0.78635
-0.95386
0.48449
-10.52788
0.53832
3.16280
-2.50846
-1.91394
1.22921
-0.34479
-4.79068
-1.00450
-12.14405
6.89361
3.97127
-5.29669
5.26608
9.72002
0.28060
1.36956
1.12539
3.85152
3.44355
-7.28784
-7.42413
-1.70944
7.08533
1.87717
-5.76007
7.59369
10.72911
-4.97519
4.38056
-4.74322
-0.38580
-1.52253
3.54207
-6.99717
0.25195
4.93796
-5.13063
2.27840
6.22240
-18.02116
2.69001
12.83358
10.40629
-7.43601
-5.87268
3.45295
0.09222
-3.82041
0.39841
-1.12467
2.25694
1.82490
3.66410
-13.36055
7.04720
0.49193
8.11361
-8.02644
0.36768
-4.04124
-2.97260
1.45981
-4.00164
0.95726
-4.52421
-4.64160
-3.28680
3.52414
-1.64337
6.00754
6.35135
-6.28121
-8.69532
10.38089
0.52151
3.32236
-4.76255
1.40473
6.89402
-1.06420
1.87330
-0.24532
-0.53691
2.55321
0.83450
-2.43091
-1.90235
-7.09286
8.92447
-7.74440
-1.40269
-1.09362
-4.17810
6.57315
-4.26368
-4.94122
-1.61950
3.05929
0.94817
1.42335
-8.67228
0.71909
6.07777
3.04206
-1.25199
-8.95312
-8.07627
-3.30792
-7.64337
6.11650
4.05908
9.82897
-7.82803
3.98625
-6.79696
-1.18168
2.94675
-4.05754
5.31156
6.44729
2.33572
4.25163
-0.73981
1.86058
-6.75657
-1.19442
-6.83994
-2.88343
0.69382
-0.22984
-7.03178
-3.29520
2.17851
4.20678
3.19382
4.16318
-8.93892
-9.28665
-3.59821
1.48437
3.88256
0.02252
1.64382
0.01664
-1.02384
-3.49242
-0.51627
-7.03877
-5.25328
4.40009
-5.96443
-2.05671
4.18604
3.43670
11.14343
3.45424
-4.66965
0.14724
6.94000
-1.68183
5.30085
-8.28955
1.59398
-3.76848
7.84055
10.68365
9.19976
-5.28797
-7.86268
-2.97263
20.37510
12.43982
0.46924
-16.69916
-4.72089
-1.05062
7.52176
4.10362
5.71967
2.38017
-5.50390
-9.88702
1.91670
4.20265
-7.48812
-7.50711
-5.87428
1.78389
8.51268
1.77442
-0.22814
3.35102
5.57035
1.95844
3.82300
-1.32167
-0.77408
8.32516
0.97393
5.67466
2.71210
-4.78751
3.95861
0.46109
3.98441
-6.28923
-1.97473
7.22583
3.24977
-4.30570
0.32067
9.29440
3.68703
-2.48157
7.79059
6.48763
0.86992
0.76503
-2.28769
0.27168
-6.11600
5.63589
-0.34336
11.61115
-3.77760
-7.74471
-3.68026
1.95110
-7.05998
-8.56746
-2.05237
7.03495
2.15729
-5.37530
-2.23174
5.81125
5.28303
-2.94358
6.35832
1.85180
-3.72713
-0.86324
-2.07677
-0.99405
2.06904
2.82868
6.30261
0.51931
-3.40442
1.56192
3.13068
3.69148
-7.57909
1.18246
-3.14699
-6.57557
-2.81480
0.78897
-11.94400
-6.05950
0.97624
3.69008
-1.76658
2.10605
6.09385
-4.17648
-1.75361
-8.65165
0.74419
-5.31453
-3.46958
4.91315
13.69235
-7.10388
-1.07506
1.71254
3.65227
-17.17681
-3.05981
6.70744
1.08987
-11.68115
-3.83422
-4.83358
-4.75659
2.91409
-3.91933
-1.60161
-5.63669
10.93441
-1.00348
-0.14004
-4.49838
0.83222
-3.27603
-0.26299
-2.83809
-2.95546
5.07775
-0.77658
3.59263
-3.18616
-2.17867
9.46090
-0.42713
-11.30596
2.66987
7.75948
3.73010
-7.36943
4.67797
1.98308
7.21697
-6.78580
2.66606
4.46517
-3.53724
3.32058
-1.54061
-7.60706
-8.02196
-3.38301
1.19319
9.80713
-3.14411
0.01530
-4.43165
-2.05594
-0.97101
-0.20194
0.03872
-0.86149
2.47276
10.87804
1.57427
-0.08687
-3.58910
-4.55193
-4.86928
8.25708
-6.45863
0.05680
6.32529
-6.41793
1.31795
-3.35050
-3.34397
-9.57989
6.13046
-17.01381
0.42966
-0.41029
6.97815
3.01379
0.74584
4.88403
14.53019
2.92048
-5.40046
-7.36853
-2.03551
9.52123
7.64793
-0.92067
2.58821
0.89244
-5.26398
-4.74720
10.08369
-13.32870
8.05593
1.10065
-3.38264
4.60851
-5.45565
-1.25903
-0.61166
1.34783
-3.12192
3.10581
12.45906
4.09712
-1.19014
-9.87241
-9.57553
6.80086
3.98047
5.59290
-10.52874
10.48122
6.69856
10.72222
0.85945
-9.57805
2.05009
-5.70405
3.22325
-0.12950
-10.22189
6.38340
5.46591
5.42240
0.97681
7.86385
16.27589
-4.61073
-7.33470
-4.98724
1.21526
-5.14450
-6.20630
6.21093
0.47222
-5.25868
6.64517
7.86390
1.35371
5.89516
3.39220
0.34014
-5.58312
-7.57394
-1.68101
1.27344
-3.75363
1.73244
0.69234
2.64862
-1.89065
-2.90761
2.51225
2.05763
-5.80272
2.60676
-1.45196
16.65640
-6.13720
5.43383
-6.78294
-0.49428
-2.71186
6.45539
-8.74275
-5.18701
11.75061
-4.34029
-5.49931
1.53368
-2.19258
0.12847
5.96150
-14.76954
2.41853
11.32520
3.06149
1.54865
-0.20012
-12.83293
-2.03251
-0.42583
0.65279
1.02993
-3.88209
-9.25515
-5.51410
2.76258
5.96496
-1.44379
0.62830
3.66533
-0.79602
-1.96227
-5.12419
-5.82354
-12.29941
1.04951
-5.62102
6.40454
2.86857
7.38844
-1.54763
-0.93474
-6.76870
-3.74689
-0.28723
5.03741
-10.41577
-10.58942
-5.08585
3.71308
5.50297
-9.16989
-13.97575
5.06830
7.94034
1.21278
7.24291
0.89345
-1.06006
-4.76635
0.75414
-2.97703
-3.49095
0.83730
1.18205
2.95664
1.77838
-6.03442
-1.75241
-7.86065
1.59326
-2.03379
5.45668
-1.55679
-4.23990
-5.96512
-1.76427
-1.05440
-7.49438
-4.25265
1.71187
1.22578
-2.08993
1.50548
0.99744
-1.90978
-4.21605
-6.95818
1.23795
6.50683
3.91753
-5.04028
8.11405
6.41590
4.15313
-3.35633
-0.18359
2.97276
0.52155
4.81959
-4.06134
0.04088
-10.50885
7.51609
6.94513
6.46743
14.94372
6.08074
-9.90586
-1.23466
-3.31970
-7.73128
2.32125
-13.76045
11.62416
7.29209
-5.00186
-5.35637
0.41838
4.04447
-3.18016
3.92192
-4.20665
1.66210
-9.21129
-4.52569
8.69620
1.68617
1.19979
5.96021
2.63394
-0.73594
2.72878
-7.39571
2.22273
-6.64132
-7.46181
3.60813
6.96704
3.68614
-0.00892
-4.23877
-10.82157
-3.74738
-8.89021
-0.03207
-4.04762
9.00275
2.12426
4.15426
1.07046
-0.49436
-3.46148
0.04498
3.13318
-5.46328
-3.64751
0.06825
4.76022
5.85526
0.99995
-5.97866
-3.56755
-9.02808
-0.33230
6.34838
9.76658
-0.38446
-0.08643
-8.14888
6.72505
-1.18574
1.93203
-0.37926
3.42148
11.69924
-1.81221
1.40941
4.55556
-4.76123
3.37140
2.18644
-2.11638
-4.26233
1.28968
8.20292
-5.35415
4.65324
-9.36114
2.30441
-0.47516
10.57907
-1.08514
-3.22203
1.10843
7.09628
4.30061
1.51476
3.25847
-2.08650
1.60653
-4.50667
-10.60451
4.49251
3.22280
5.67108
1.06406
-6.39344
-0.55587
8.26228
4.00856
-1.85048
-2.82659
12.26546
5.79291
1.22291
-2.20646
3.41915
-4.81925
-5.17811
-5.25689
-3.58330
0.41662
-6.66503
-1.35563
3.36063
-4.88476
-1.74792
3.98812
-3.95954
-5.17596
-0.81877
5.58899
7.96610
4.64745
0.22548
-1.62993
-4.33860
3.15617
-0.29674
-6.40700
-2.48120
5.51156
2.29622
-5.77246
0.31684
4.04502
-6.58500
-10.98529
5.22581
-0.55189
-8.25333
4.58734
7.64337
11.28487
-8.17814
-9.34394
14.06007
-6.73614
4.52464
0.15593
6.04794
4.33320
7.81176
5.83237
7.39304
-3.63299
10.87729
1.45895
0.24706
-0.52574
-8.79855
3.25229
2.56046
-6.52702
8.21317
-8.38154
-0.08851
8.78488
3.92812
7.77184
7.33893
-11.34483
10.15704
-13.43950
2.25645
-2.19917
3.55086
-3.37414
-10.40851
2.57812
2.14211
-1.15585
7.41370
1.20363
-1.56616
-6.07414
-5.31463
-4.29617
1.45003
6.92349
-8.92141
-7.67345
0.78792
4.89844
-6.26899
1.64717
-4.30194
1.08637
1.65102
2.37115
-3.92444
6.67784
-0.24056
1.25053
5.00010
-0.49862
-11.55832
5.23845
3.50708
1.13333
7.21912
1.55218
5.26047
0.99581
-6.71783
1.15360
11.28797
8.93677
3.59689
0.56741
-9.77874
1.46330
-7.96906
4.55960
-4.17640
17.24982
-0.05252
0.55796
-3.35191
-7.46609
-3.54287
-4.70661
10.11491
4.75170
-0.12007
-1.58814
-11.48713
4.04131
2.45180
6.28162
1.48656
5.94127
-0.49382
9.03736
-6.72484
2.73901
-4.41114
7.51527
-5.33918
-9.72273
2.61859
-3.31957
-4.40859
-1.19215
-13.91624
3.29545
3.89035
1.18375
-0.99912
0.90918
-5.18952
5.72545
0.78872
5.73938
-9.70554
-2.22436
0.78130
-4.79211
-0.43508
-7.67001
-0.96354
5.71620
6.07938
-3.59793
-1.23311
5.29454
1.53059
-3.06961
-5.43020
-2.08972
-11.92541
-6.14388
13.60257
3.22619
-5.41788
-6.67400
8.87805
-6.33413
1.49205
0.92852
7.16076
10.02309
-7.54092
1.24999
1.96972
4.93379
-8.53748
-0.97492
-7.79101
-1.05439
0.29254
-0.82434
-12.10156
0.66649
2.72659
-5.34808
-4.22232
2.00885
8.93875
6.45924
-7.31645
2.04731
-10.55519
-2.56681
-2.47031
3.09094
0.69452
-0.99706
-2.43899
3.16706
3.16558
-4.36994
-3.01927
1.65522
-8.49874
2.18080
-1.18730
-11.40444
-4.26269
-2.78545
1.27362
0.38953
-13.70057
-5.26322
-3.76122
10.08728
8.76766
2.50015
-3.02370
9.75048
-1.70043
1.06819
4.55529
6.79036
-3.96142
0.68993
4.54054
-7.50135
3.31285
-2.24240
21.70246
-2.18874
-0.63887
-8.81928
12.55252
-3.25869
-5.97993
-5.85333
1.45011
5.01833
1.95489
-10.78068
-10.78997
-8.95101
2.11031
4.04675
-0.77902
8.79078
-1.73243
-0.84596
0.26107
-5.94374
-1.23219
5.17822
9.25493
-2.41150
4.91826
-7.79360
-3.89563
-4.66908
9.30958
2.87437
-11.25033
-0.05012
-9.39266
-1.34696
12.75311
-1.38477
-12.55290
-0.01598
6.24088
-4.59503
-2.53960
9.67438
6.17536
3.10437
-1.78737
-7.66196
5.44520
10.04638
9.38630
-5.87780
-3.52061
-10.31768
-5.32013
-5.39073
-6.07857
2.13890
-5.58673
-1.41931
4.76801
1.47265
-1.67304
-7.71433
-8.64916
5.91056
3.62249
-0.83252
12.38549
0.08389
1.17586
-9.59688
-3.25740
-1.05865
1.12223
-5.11493
2.79225
4.26818
4.06694
1.14390
-0.52513
4.61975
7.69526
5.50171
0.69350
4.41892
0.16341
3.14520
5.93735
-7.33635
-0.33958
-3.58852
-18.22843
-6.12713
-3.24822
5.01459
-3.66499
4.21769
-3.71976
3.05735
-11.43719
-0.76550
3.09937
4.56095
-1.28851
-2.24891
-5.03012
-3.38976
3.44484
8.56936
-10.14867
0.65073
21.52130
3.83451
-9.34318
1.72192
8.32394
7.47039
3.10026
-5.91354
0.28613
-4.06307
-4.80698
-7.22502
5.01924
-1.80152
-3.19991
-1.20473
3.90891
-6.61355
3.14539
1.23087
1.29813
-13.05858
-11.30681
-3.60917
1.98689
-1.52883
-0.91707
1.28432
5.23522
-2.19176
4.48352
5.24777
-11.35912
-7.13331
-0.25112
-4.92069
0.82050
4.85280
-1.30541
0.09074
-6.04590
-6.07115
1.09855
1.55036
-8.88282
4.65730
4.65639
7.25790
-7.02419
-3.37996
-6.87594
1.86541
1.73702
-0.62357
3.69438
-3.50681
-5.02191
1.17078
-6.18994
2.11296
1.00026
6.56963
6.80914
-8.42434
0.31336
2.53908
6.70997
0.70430
7.67627
2.10674
4.49070
-4.25138
-8.24469
-6.11942
9.86439
-4.30840
-3.47283
3.14374
-2.47225
9.40573
0.63140
3.52196
3.77190
2.84071
-1.02024
-5.69939
-3.24566
4.12577
-15.31300
-10.55113
10.47077
1.94701
-4.49681
-0.48217
7.62499
-3.11923
-11.68893
7.27460
0.35154
5.50262
-2.02283
-0.02335
0.10408
7.96166
-11.74306
-6.14882
0.21808
8.81178
5.05634
0.77419
-11.53655
2.74236
-2.44201
-11.16802
3.79161
-3.65509
-2.22987
12.37245
8.07634
-8.24229
7.40016
-3.50548
0.98332
-3.61661
7.48429
17.34658
4.91665
1.00445
-2.08349
-7.84902
-4.24341
-1.02294
-13.57564
3.23301
1.82761
2.04651
4.66814
-2.26802
9.83628
-5.69275
3.58459
3.36989
7.41749
-9.95542
13.06381
5.37488
10.84003
-6.37348
5.63580
0.96282
1.76204
4.06640
-6.47129
7.02730
-1.85081
6.74626
-7.31384
7.65592
-0.76220
-1.55738
-0.85463
-3.18583
0.44803
3.68435
6.25294
-1.27328
-2.90061
-3.24108
9.83852
0.66175
-5.76366
3.70943
0.41254
2.43403
-1.09357
-0.79927
-1.71867
-5.94305
-0.26415
-5.16378
0.62981
-1.45805
-1.88070
8.37756
-6.57576
-7.88874
3.31811
-6.07232
-7.37239
-10.65603
1.18355
-6.06346
-0.70986
5.00508
2.84190
2.28721
5.53405
0.21397
-0.99190
0.04266
-1.14328
-3.08974
-7.68517
2.76224
-1.92445
-2.41589
1.97215
3.27502
6.29712
-1.85354
3.19165
-4.64633
-2.75703
-0.45955
-1.42200
-4.17507
7.75698
-8.97654
-1.39431
5.27354
5.00481
-0.52014
-4.48220
5.88230
2.71541
2.72094
-1.81960
6.19846
10.83947
4.38119
5.15730
1.83573
1.21389
-2.91696
-2.73912
-0.42025
-6.04605
-2.98497
15.09578
-9.43935
-7.74283
6.00456
8.78907
3.56987
2.53413
-0.93961
4.37473
5.34542
-3.19994
-6.53507
0.71116
3.14109
0.05334
4.76610
-9.39645
1.81883
2.98342
7.52171
-8.11767
-3.65242
-4.04771
10.37627
-6.13423
10.37920
-2.31011
-7.38666
8.76793
15.61495
-1.99844
-7.36014
-6.75994
0.58961
5.56005
-7.38963
5.93414
-3.36359
-3.15770
2.22445
-6.07933
-2.18858
-3.61415
6.24151
5.06827
-0.93580
2.21802
8.04422
2.87778
-1.30211
-9.31393
-0.55212
5.60868
1.54362
-5.87593
-1.72698
-7.30814
-5.44651
2.18690
-13.65811
-2.90620
0.39936
-0.31340
3.00343
6.78664
6.35398
-3.50817
2.15020
-2.29657
-5.45679
1.37323
-3.18777
-0.47843
-1.46294
-3.50616
0.39420
-2.59308
3.08746
7.35073
4.87300
-1.42183
-7.67163
-4.35580
1.06787
11.48971
-3.97240
3.85621
-1.11428
3.62397
10.23234
3.23696
-0.15103
-2.98266
-9.34215
6.81108
-1.44098
-5.25110
1.53947
-7.25229
1.58671
0.91078
-0.19004
2.61816
0.31894
-9.14670
6.26772
-3.42029
-1.86313
1.11042
-0.81294
-9.50390
4.51398
8.26732
-6.03528
6.15438
2.36160
-5.68589
-3.36558
-7.71676
6.52697
2.10903
-2.48677
1.64793
5.50040
2.09055
5.35445
4.03059
0.17901
-4.74968
-0.25991
5.05640
-0.06389
-1.52516
0.93050
3.24167
-6.86247
-1.97710
-3.54100
-5.25518
-6.07065
-1.55775
-6.37990
5.62129
5.21680
-0.34345
4.08056
8.11388
-7.62410
3.39074
3.86849
-1.55462
8.00980
-2.71623
3.15041
-0.68260
-6.80978
9.49635
-0.59277
16.10314
1.09102
1.40843
-2.14834
-8.21037
-5.19479
-6.03440
-3.32976
3.90401
-5.76995
-3.26115
-8.42679
-0.28481
2.72288
1.78201
-5.70822
-0.99948
-0.11998
-8.38114
-1.36384
0.97758
4.14004
-1.92213
-4.21133
-5.25046
-7.81092
-13.63431
-1.31680
-3.71040
-6.64771
-9.74369
2.54753
8.72187
-3.57106
0.07528
-2.87285
-7.04505
7.44782
-10.13575
4.60375
-1.88927
0.95436
4.14301
-2.94038
1.57948
-6.01559
-3.65689
-5.70285
-9.60536
-4.19570
0.45112
2.50485
-4.39254
-1.93744
-5.02533
2.47733
1.53868
-2.00350
-2.81597
9.83764
8.77824
-2.20143
8.73631
9.00819
-0.94050
-3.73745
0.10781
2.01594
5.99841
-0.26432
-7.97952
0.80040
-2.87695
11.42143
2.77513
2.18914
2.52695
-3.29016
-0.54970
1.62227
11.57708
-3.23564
-2.65709
-0.26708
-0.55356
4.25110
-6.13544
-2.12931
5.99185
-6.21568
1.20074
1.73709
-6.91833
-4.82210
-7.66755
2.10294
-2.31592
5.60795
4.52096
-0.92118
-3.14631
4.71831
0.18189
4.64885
-4.88046
6.57834
-3.28872
-9.35833
-6.95122
-1.88333
0.21424
3.17554
-1.58776
11.06032
0.71027
9.36472
1.61448
-5.14192
0.03569
-2.95575
4.24073
5.66143
-9.98780
10.47781
1.97148
-9.01787
-4.25910
-2.97916
-4.67124
4.90431
1.77713
-2.12521
-8.29856
2.93698
-3.66455
8.32215
6.37863
-4.07512
0.72713
-0.36013
-1.40070
-2.00763
4.08569
3.31409
9.21083
0.83648
0.78444
-8.07044
1.82211
8.02447
3.81422
0.95570
0.72093
-2.17420
-1.13462
-1.40134
8.18192
-3.51872
3.69043
-14.31751
-2.94631
-2.00645
-17.06335
3.33077
2.15941
-1.45436
9.76521
8.83255
7.90175
4.31931
2.61517
-2.00296
13.33064
-1.16290
-3.42080
-1.07271
-1.24281
-1.41865
1.04077
1.58281
2.96970
-8.75504
-0.54497
-2.99808
3.58673
-3.41514
0.46905
4.46286
4.60620
0.65487
5.82250
6.89020
-0.12853
3.91125
-3.36241
-1.01945
-5.40017
-1.47062
3.08919
-1.14086
-1.70874
-0.62074
1.82146
-5.48490
11.00859
9.07602
3.06827
3.24601
-5.49899
3.42239
-11.24837
3.81796
-5.06757
-4.41349
-3.66790
3.62646
-1.58439
-6.88397
6.78436
7.79028
-6.04071
2.37002
7.93826
6.61931
2.25623
5.47525
8.09337
4.05394
-6.42774
-2.31883
2.89725
1.14463
1.95652
4.58099
8.98666
-2.82143
4.90176
-3.72358
-9.54948
-1.92162
8.63699
-1.83663
5.35887
1.71423
-9.48614
5.37749
-8.53998
-1.81908
-0.60521
-3.15052
-7.98716
4.21539
1.53986
-0.76314
4.89586
0.69143
0.73556
3.23067
-2.04319
-6.11183
6.53225
-1.57059
-11.89739
-9.70900
5.08549
-4.51072
2.07471
2.09917
4.79328
-4.80655
-9.60784
-2.00814
5.75794
1.86119
4.79350
7.10540
10.81628
6.76200
-2.26239
1.25047
5.20015
2.94197
-3.03339
1.75243
-0.17093
15.90348
3.41427
2.72830
2.16846
0.96450
0.65926
-8.21697
4.46256
-5.77366
-4.03760
1.44644
5.48587
-4.94816
-1.34414
6.49848
-0.55176
-2.87532
7.99698
-9.47571
5.50877
-8.23746
-2.07793
0.56026
-8.68500
-3.75512
3.09222
7.37503
-4.77802
-6.73117
13.19773
-8.40703
-1.45228
7.86298
-0.29931
2.14496
-4.77056
2.43982
6.54973
1.58767
1.18593
-0.54779
2.22653
-2.35067
7.49073
-4.65659
4.44668
-5.38625
3.12401
1.21907
9.36310
-1.16115
-1.50315
-18.96081
5.38037
8.38282
-0.27029
-3.97075
8.20204
0.94448
0.20407
-1.50135
6.43129
-5.79805
0.68847
-1.66903
7.13070
-2.98338
2.09489
-1.28386
-1.95464
1.91661
4.41323
-5.00998
-5.70332
8.70576
0.48793
-6.95892
3.86827
-3.92273
-11.09951
1.20433
10.99544
2.23320
0.18858
7.19842
-2.41992
-4.22506
6.16666
1.55656
-4.44777
-2.97139
-10.05965
-0.19260
-1.10628
7.56734
12.06608
-7.30502
5.92241
-4.29726
6.11968
1.39610
-8.40934
4.30012
-3.59073
0.54557
-5.50853
-6.08911
-2.60001
0.88109
-5.47528
-2.69613
-2.93798
-4.75638
-1.32204
1.22338
-4.54527
5.36734
8.61401
-9.32844
4.45823
-3.60951
6.19519
3.18563
-8.62494
3.80272
-4.00542
4.62385
-4.03997
1.18485
2.43916
-1.16519
3.12140
-5.38809
7.32969
-2.55690
3.27985
1.57400
-6.12213
7.87341
-1.13643
2.13255
-5.63137
-2.40108
6.51262
-1.77517
6.92234
6.48096
9.65263
3.43355
8.93064
1.94734
-9.38927
-4.25051
19.44067
1.35731
2.04990
-5.97099
3.15979
0.22875
2.84107
-4.98506
-3.55483
2.07442
-6.39320
-1.23867
-3.31531
-2.02610
-3.19905
7.55132
-5.45254
4.91173
4.22460
5.42009
-16.06702
-4.50015
6.01741
-3.12512
-1.11258
0.18737
-3.21796
1.77171
-3.30731
8.67935
3.35734
6.95270
8.84685
3.90647
4.19884
5.71971
4.14472
-4.32946
0.54114
-8.23675
-8.21063
4.33498
-9.53437
-2.89402
-1.16536
7.54172
0.62169
6.35358
3.67420
-7.23930
0.53502
-4.51006
8.70736
-4.07710
-6.76729
-0.56318
3.10010
-6.76799
-8.60907
11.74595
3.69613
5.87369
-6.08088
-0.16662
0.73224
-5.88053
4.06272
9.07221
2.84380
-2.96620
-0.33559
-0.46174
7.11334
14.79274
-1.30257
-3.70364
-2.30843
-1.58575
2.77300
-0.40423
0.97282
-9.18708
-5.28507
6.53592
2.20334
4.35725
-0.25161
-7.13229
-7.60074
-1.27512
-5.50533
-0.41882
4.75114
6.82071
3.09441
1.32389
-0.98333
-1.94306
-1.23794
1.48344
-0.29203
-0.78234
-5.16148
-0.86933
1.36556
-0.99020
8.24143
2.31195
7.15271
6.91829
-4.65547
0.14579
-1.77591
-9.29361
0.17696
-1.12476
3.94324
-9.29808
-10.86985
6.27494
-0.85811
-4.16068
15.23231
2.20185
-4.74600
1.08728
8.89473
7.98677
-0.14596
3.45099
-2.45962
-0.67259
4.59632
-1.73314
1.97442
5.12677
-8.09917
3.93415
-1.41361
4.38142
-0.84181
-3.23630
-1.17106
0.80794
-1.87316
-2.73523
11.31061
-0.61214
4.65146
-0.21548
5.97569
0.69868
-6.27882
1.26562
1.18478
-7.61742
-1.37257
-1.85778
1.96990
0.85996
0.58973
3.19130
-7.01730
-0.79910
-3.21192
2.20231
6.56678
-2.44285
-9.11232
-2.85796
-6.04927
-6.77693
-4.82645
5.83297
4.71711
3.67920
2.42147
2.01305
-1.82295
-7.53359
-5.18717
-7.59761
-5.44175
0.74267
-0.61852
3.02552
-4.05775
2.83537
0.37711
-3.03757
2.38093
-0.48957
1.40572
1.72755
1.90604
8.72695
-5.99528
-3.88154
3.59941
0.40804
3.79689
1.42967
2.19036
5.34770
-6.27269
1.79048
7.18004
2.55581
-14.20861
6.54583
8.45366
0.97491
2.82159
-4.53289
-9.64522
2.68470
-2.24327
-6.22652
-5.16286
4.41755
5.62293
1.63621
3.65425
-7.20832
-1.31588
3.11418
4.50977
-3.44930
-3.50073
4.93080
3.50517
-5.44173
-0.08315
3.53639
-5.17994
5.50889
-11.39964
0.71996
-2.09864
5.77181
-3.06339
5.20265
-3.38325
0.12599
6.50436
3.04054
1.46412
12.15307
-12.89117
1.83301
-0.59338
-9.38673
-0.58826
-5.27920
-1.91371
6.78837
-1.57002
3.54912
-0.25389
-2.36100
-4.56759
-3.26543
-2.31420
-3.68422
5.06740
0.40076
-4.65743
-1.73510
-3.31014
0.56436
-4.55478
3.58137
2.06227
-9.33361
-0.81874
4.28299
-3.04125
-0.00928
-0.82895
10.40797
-3.74044
-0.74665
9.45652
-4.63725
1.01211
-0.29688
3.21505
-13.57750
0.92616
3.04338
-7.29597
-7.20617
0.72605
7.72168
-1.73515
3.91493
4.07445
5.73308
7.36970
6.34391
-5.93656
8.31536
-3.45896
0.49427
6.34534
3.00264
7.17250
-4.49890
-3.94012
12.66073
-3.57435
0.85956
3.11505
-3.83196
-0.22272
-5.66802
1.61445
-1.29987
-5.08650
7.00125
1.63009
8.57209
-4.41930
-2.14037
-0.49921
10.96758
10.85710
2.37034
0.73034
-3.60590
-7.27658
-8.60756
4.12923
4.84691
7.72630
2.25473
-1.30613
0.15170
0.50600
3.22963
-11.56784
-0.64703
-8.31462
-0.94900
2.58348
-5.26770
-2.93354
5.18883
3.03682
9.15973
-5.31353
-3.71156
-6.84685
-8.83497
0.49345
-0.95839
4.96261
-3.30745
0.02246
1.89502
-7.28480
-0.31590
8.53720
3.53925
-6.86368
3.68125
-5.60111
1.73160
5.44243
11.24754
1.09708
-0.64440
-1.22170
9.64726
9.97706
-13.37180
-5.55492
10.88561
-2.93719
-2.46180
-10.61299
10.26116
2.48830
0.58421
-3.73311
5.57570
4.85568
-4.22833
-1.57976
7.24762
-3.73088
0.99398
-2.19940
-5.66179
-7.67546
2.98968
-13.24282
6.07951
-10.03584
-14.41786
4.06285
7.98076
-3.71836
-6.14665
-5.58562
1.40800
-4.00378
4.75802
2.77873
5.81443
7.44887
12.30352
-11.66422
-6.40405
-2.60358
-2.36301
-2.69007
-10.11599
-1.82737
11.65767
-1.19683
6.45890
-2.54376
-6.32967
-1.55749
-1.95940
5.75208
5.88609
-6.95939
-2.09260
1.59230
-3.53280
-0.82481
3.90598
8.52149
3.39228
-0.42462
5.06202
0.13507
-8.72012
-6.66479
-3.18491
8.79482
-1.80776
-0.32498
-5.70422
-2.89250
-4.34403
0.70526
-7.46169
-3.29660
3.05256
8.65832
1.53126
0.76062
4.66267
0.56339
4.55912
-1.25276
1.22077
-0.06312
10.80881
-9.06390
-2.95363
4.61329
6.11807
