-2.66246
0.90395
0.13318
-1.90703
4.25099
-0.90536
-3.66022
-5.79488
1.98953
4.18865
7.16078
25.55357
0.69424
0.15446
-2.54356
-0.86341
-5.35544
-4.88581
4.07276
8.95452
-11.49760
0.54305
-0.03904
9.72506
-3.80723
-6.22365
2.88646
3.86318
-6.42836
2.30874
9.03065
6.90690
1.15785
-3.02591
3.75238
8.28940
-1.46324
3.25550
5.26624
11.66818
7.58181
-9.14278
-1.95837
9.71888
0.78603
8.75995
-4.95503
9.63790
-1.31315
7.44393
8.13976
4.72025
-0.46510
-9.58926
-5.37068
-3.25000
11.33217
2.61586
-0.78533
-0.47762
-3.41816
1.56162
-1.23161
-8.85427
-3.32475
-0.95709
-5.37821
-0.67490
2.96609
3.29678
9.24873
6.81576
-4.42385
-1.27122
-3.89248
-1.29116
5.20685
-6.37812
4.53505
-12.11810
1.69145
6.91934
-1.87487
3.08530
-1.70141
-1.67498
-10.35232
9.40124
-3.68431
-2.18479
1.61348
2.00379
11.56375
15.61087
-9.02440
2.29050
-0.93027
-5.21875
1.23812
0.25664
13.40430
-8.31537
-4.42487
4.14401
6.60527
5.18630
4.59159
-1.25072
-9.31576
-3.09890
10.09406
-5.84145
1.19489
2.64582
2.73950
-5.15639
2.30496
3.34032
1.27482
-10.58728
-8.49051
1.51326
-2.63336
16.56298
-6.54064
0.46624
-3.95512
-4.48711
-2.29326
3.25998
-8.52781
0.04775
-0.50293
2.75509
-8.58395
6.99837
-13.79460
-2.81103
8.73236
-4.15182
-8.01162
0.84018
-12.57326
3.10891
-1.92468
-2.77134
5.12952
-4.37111
-3.10322
6.50505
-13.68344
-2.56302
-11.14368
-4.98257
2.38137
-1.54948
4.28932
8.63013
20.81194
-0.80773
-0.94375
1.00522
-5.61491
-2.61077
-7.96802
-4.47467
6.59138
-3.47964
1.67472
-0.56905
-7.09566
-1.74759
-5.17451
-1.58016
2.88570
-0.39743
2.82914
-12.55079
-5.16212
-6.84033
-1.15549
4.40058
5.79161
1.70757
7.85731
-7.48787
-3.25550
2.99404
11.65260
-8.41965
-5.25053
5.18756
-0.55497
-3.64320
-8.86272
8.38161
2.47331
-0.49773
6.82077
4.43079
-3.81354
7.70601
7.56473
5.41367
-3.56521
-3.46052
5.45770
-5.93805
-8.80919
1.84178
-11.07753
-6.54960
-0.01942
-0.54193
-1.21328
-0.60951
0.80172
2.78165
0.06432
-0.62020
-0.04959
4.61596
5.33591
3.28525
-3.08591
-3.46285
-0.04507
4.92091
-14.63367
10.02366
-1.01019
-3.90612
9.22832
-4.34924
5.86761
7.05068
-3.13373
2.04964
5.24829
-1.01275
2.43341
5.91698
-11.02992
11.66545
8.40046
11.35404
-5.37605
0.90470
-7.91321
-2.28265
0.44688
4.77225
0.11119
9.67017
-6.70196
-6.68123
-6.38419
-7.61457
-7.58927
0.31513
-1.96734
6.41246
6.59813
2.87521
8.66779
6.59723
8.89039
3.27076
-0.12138
-1.44079
-7.47726
3.39334
-6.83821
-9.97006
0.84766
-6.67236
-0.22261
7.70840
0.84586
-8.44106
0.98214
13.43800
0.77842
5.80777
-7.12139
11.60606
-4.73082
15.05698
-6.07569
6.72727
-5.32705
3.71592
1.93948
-10.36825
5.29621
-4.18560
-9.19858
3.14634
8.71000
2.00737
-0.27503
4.85996
-3.62511
2.55412
11.83532
1.42968
2.28257
0.34571
0.55058
-1.90848
5.55395
1.60883
1.69052
-2.84759
8.09464
0.89209
0.23375
-0.18053
2.41893
2.53743
0.07262
-8.81964
3.43661
5.95169
-7.66955
-5.38266
3.51611
-4.80588
9.60855
-2.89497
-4.41299
2.94438
-1.37131
-4.15943
0.89578
-3.89716
-0.61534
2.83729
3.52471
-10.40679
-2.43890
-4.77107
-16.65667
-5.02599
-4.56249
1.03692
5.87984
-6.09265
7.35366
-3.86353
1.06067
-2.86813
-0.72718
-5.75866
-4.69536
6.35992
-7.60498
-4.32304
-1.45021
9.97286
-8.59031
3.92410
10.07857
8.55133
-9.01712
-1.12893
-9.66778
0.08444
10.51169
-1.28826
-7.82365
6.44568
8.94533
0.83158
13.03427
4.77406
7.36783
5.36417
7.44006
3.92800
-3.62766
0.94082
-1.97922
5.61194
-6.12532
-1.41964
6.21919
3.77976
-0.42855
-0.14370
-6.48066
-1.21901
2.07074
-3.56064
-9.59806
-11.52032
7.01132
-9.52940
-1.69566
5.72260
-2.81822
-10.39036
-5.15662
-4.57172
15.13723
-3.95657
7.01897
0.49242
8.00803
2.21898
1.61451
8.05555
-13.71055
6.19401
2.22645
-4.68532
2.31284
2.27826
5.75554
1.83906
-3.62012
-0.94977
-3.55758
-2.41973
-1.20307
7.08714
-2.44213
-9.58950
-1.27083
-1.03873
5.48062
8.29605
-4.42598
0.27418
-6.91818
-4.66144
2.27284
-11.50568
0.52365
1.66802
-0.85006
5.70210
-0.24573
1.59469
0.05030
1.61597
-0.84563
4.83246
-7.42972
-1.24989
0.00935
-9.05313
-8.53228
3.82073
-6.03433
-7.86306
-3.60278
6.20440
4.51086
-0.09118
-6.79620
-3.75964
6.10701
5.90387
1.13910
5.53901
3.71208
-1.47527
3.29747
3.68699
-7.29489
6.55507
-7.12528
-2.40744
-0.84185
2.96701
1.25488
-6.51759
6.61465
8.86722
4.47030
-1.86972
-6.65961
4.93683
-1.59177
-5.19713
-2.82238
8.35841
-7.49834
-5.27491
4.25015
8.75554
-8.95697
-2.52297
-5.58631
4.71287
11.06426
-7.62237
0.99057
-8.12260
-3.16913
-1.82112
-8.57011
-9.57700
-5.29540
12.28920
8.52237
11.95413
-10.08967
3.87368
2.51876
5.56591
-11.75758
0.71798
-7.96358
4.62339
7.14167
-5.63684
3.63316
-5.30757
5.63730
-3.94763
-6.97644
2.72617
-12.63221
1.94424
-1.77392
12.66353
4.98342
-5.48041
-9.18637
3.48784
8.99480
3.86899
-1.25584
2.17348
-6.95128
4.05222
5.62950
10.25406
7.44093
0.39507
3.19750
-3.96867
-12.92910
-3.45090
2.15135
1.21953
-6.28014
-1.87820
-3.46642
-0.76211
-4.06238
-5.71469
11.12808
0.24578
-5.68738
-1.04730
-0.43505
-10.43993
-0.40738
6.74837
-8.33005
2.63666
4.12338
-3.11987
-4.84655
-2.80764
-0.72955
-6.58912
-4.31186
0.69446
7.01328
-6.19415
7.92850
-0.80781
4.08570
-1.01594
-3.75114
-11.32765
3.36670
3.11510
4.79729
-4.17131
11.54610
3.64298
-5.26136
4.18726
4.13585
6.81148
-15.87763
3.21725
1.70066
-6.61589
3.91888
5.45842
0.48994
0.90418
0.34683
11.45864
-7.07818
0.62025
-5.21150
6.50846
5.80014
-4.66795
5.22810
7.69075
5.80490
0.80822
0.42408
0.95745
-10.60989
0.71498
-10.64411
-1.12688
-2.53729
9.11923
6.69362
-1.36748
3.34884
-3.98077
-3.47373
-8.43320
-1.28954
4.23739
4.57963
-2.60223
4.60284
-0.33142
4.47466
4.18687
-4.26007
-6.85127
6.12705
-2.67548
6.50411
3.37276
-11.56603
11.69442
8.50642
6.80815
2.13500
-4.00292
4.60524
5.59317
0.99528
-15.25311
-4.35527
14.37217
6.69932
-0.14633
0.58693
4.22799
1.46241
3.23552
3.42325
-1.94564
-3.68111
7.17748
3.40472
-0.71471
-2.06114
-10.51811
0.38482
-1.93634
6.98084
0.92929
-6.36191
-3.36344
3.61161
12.42527
-7.39376
8.18939
-2.41389
-6.19667
11.92857
11.59722
-1.64268
-3.86807
9.24988
-0.14542
2.60395
10.26726
8.81082
-6.67462
-2.85169
-4.97579
-1.76258
9.14345
-3.60437
7.09164
8.32929
4.05905
-9.36331
-0.04877
6.48468
3.39140
4.00459
0.60770
-2.79364
-8.39627
-5.97984
-3.88724
-9.49806
-8.64370
3.24866
-8.16954
2.49164
-0.96407
-8.94570
6.64895
3.16881
3.08028
-9.69996
-14.89955
9.30491
10.59602
6.23356
3.89859
5.16576
-2.42546
-1.40039
2.97042
3.72921
-1.42116
-13.12684
0.99262
4.06784
2.31582
3.95224
-5.34180
6.39041
5.55461
2.36186
3.99931
7.07475
-2.68192
-1.26635
6.37645
-3.44234
3.89297
1.01898
1.50049
-4.25041
2.76588
5.75639
-5.81561
0.40193
2.96848
-1.48715
4.08771
7.71714
5.03552
-3.80752
-6.38526
13.89873
-1.81646
12.02193
5.53878
11.85886
1.09997
-4.25779
-1.70445
1.59118
-0.39238
3.09463
-4.68995
-6.73214
2.37215
0.26334
3.22038
-4.81218
5.40596
5.07689
2.53370
-6.61308
-4.74751
0.20939
2.42161
7.21504
-3.18432
6.49867
-7.69082
1.86383
2.10446
-4.81963
-0.67990
9.29138
-3.92640
2.99906
11.47773
15.22410
3.84745
0.33269
-6.86943
-0.72032
11.49263
3.58475
7.47767
5.45554
6.68277
6.87514
-10.15697
6.15566
-3.07200
5.56955
6.74739
-9.83804
-10.44034
0.68290
2.96287
3.99554
2.96593
6.09149
2.23270
12.89333
-6.52493
0.49183
7.95893
-0.85485
-12.07207
-2.70931
-5.81387
8.26478
0.69156
-5.92103
-3.96863
5.91406
-7.66914
0.78756
0.47791
11.58646
2.90557
-0.27801
4.65990
3.54591
-2.75360
-1.25821
-0.93554
13.67049
8.29706
14.15763
0.33950
-0.27059
2.78181
2.66215
3.10763
-2.94777
6.22707
-5.20231
-1.79494
-14.30461
2.25045
-8.58961
-12.46183
2.03946
7.95827
2.20185
-13.81761
-11.42454
-11.02228
-6.28616
-4.35419
-6.89308
-2.48155
-13.73994
1.97395
-12.69587
0.96931
2.52694
5.42468
-1.88481
-0.97945
4.07887
3.15966
5.86300
-3.83669
-13.18308
-8.36605
-9.67799
-6.94267
0.06388
1.73179
4.23657
-0.32811
-6.29815
-1.06946
-10.79540
2.69873
-2.73460
6.98481
2.25465
3.25873
-2.67691
-1.87121
-0.93270
1.58276
-7.35936
-12.73343
10.42262
6.35409
-5.65181
-0.42395
-4.85369
8.67481
-3.24330
-4.64765
9.00753
3.08037
0.69942
-5.26091
-1.93773
-4.19039
2.39439
-1.28795
5.45549
-0.31568
-5.95353
4.60234
3.16744
0.93597
1.41024
2.49452
-2.19303
-4.81295
4.83661
-5.66974
11.45369
-4.48365
4.42815
2.32374
-6.66568
0.24998
8.74976
2.64534
7.87251
-5.02104
-1.41166
-1.87306
-0.84342
-0.29868
-1.94506
-5.65323
-3.39636
3.44492
2.15372
-4.97282
-14.36127
13.71536
1.12066
3.85979
7.70218
2.14892
3.48160
-5.53713
-11.05054
12.59142
3.96890
-2.41054
-2.88333
-13.03585
1.31350
-3.80677
-3.81611
3.60747
-6.74684
0.97848
-0.23425
2.51317
11.01990
-10.56620
-5.38608
-14.22659
-0.09385
-8.36519
-3.04249
-12.49677
18.55825
8.55592
-13.16950
-4.05093
-3.85363
8.05535
11.04637
-2.92423
0.29762
-12.53289
9.83285
5.96029
0.45474
-7.35057
0.06614
4.42883
10.24917
-4.77016
4.78352
6.79809
12.37729
3.63191
-3.75592
-0.52784
-18.55087
3.89471
0.02498
-10.93108
1.84779
10.32005
9.40904
-0.05361
-3.26053
-1.81857
-2.08293
2.81405
0.24966
-8.92647
2.49038
-10.15497
-7.19449
0.93200
14.01492
-5.25905
7.87475
-3.42994
3.24534
-3.94914
-7.29181
-6.44967
5.22574
-9.53261
-0.87808
-1.08065
-10.46066
-5.64529
-10.45638
-4.04159
2.93239
-2.44716
-4.07359
2.79174
1.68512
-3.81755
-5.62156
10.20990
-5.72846
-12.05695
-9.81082
-4.54917
0.01839
-3.19278
-4.04579
-11.43376
-3.34285
-7.29942
-5.07164
9.14776
6.46133
-0.40296
-4.34259
-3.66309
10.31252
-5.17561
-4.50123
-6.14249
2.18149
-5.45806
4.55557
-4.07994
6.69044
-4.65609
-5.64822
9.27911
4.22564
11.82219
-0.69348
-0.23999
-0.76814
0.45239
-2.24156
-1.45043
-1.35634
0.53839
-6.87219
0.47933
-7.15712
2.74268
-9.95479
13.02256
-1.42023
8.45939
-2.53853
1.12825
-3.89937
8.76189
-0.95615
0.69121
4.21811
7.52832
-3.33357
-11.40721
15.87711
-1.62338
-14.69056
-1.95409
4.99839
1.18837
-19.23588
-5.13300
7.69469
-0.57369
2.59121
8.49959
9.40971
5.36798
-2.68280
7.81974
-5.60973
-9.99542
6.12082
-1.71680
1.65133
-0.93473
0.59134
-5.20869
-13.25773
-9.85143
7.69572
8.63706
2.72391
0.37146
-4.09728
-1.49838
-8.37489
-3.70219
0.07964
-7.82000
1.12312
0.05933
-6.78757
-10.36785
1.28017
-3.98754
5.82406
5.22569
4.32123
-8.68031
1.47115
0.87739
3.03146
-2.59777
5.00421
-0.93933
-4.32769
4.82172
9.97956
10.42439
-0.37486
-11.60051
-1.30467
-2.83247
-3.27298
-3.37634
-13.35691
-0.48121
0.21946
-1.23481
-4.29818
-1.74637
-8.73427
-0.33080
0.43849
-5.40628
6.18877
-10.12975
2.40263
3.46879
-6.48260
-4.31914
-2.16551
4.21859
4.25977
11.69036
3.52273
-12.75181
4.61722
-2.09074
5.84471
-0.46109
-4.50357
-3.22103
2.18079
-4.47344
5.41112
-5.24972
-12.62809
2.49412
9.98559
-1.60368
-11.73121
8.33737
-5.16274
8.11361
-10.46178
-1.99759
4.87001
-12.36422
4.36578
0.45872
8.94355
-4.30223
-0.94388
-2.19252
1.55805
-5.71376
0.53558
5.29885
13.50568
-4.36711
1.13532
-10.28670
-4.26843
4.00988
4.32637
0.30165
1.24780
-4.22752
-8.78861
4.54113
-0.48485
-10.82832
-3.72412
12.56979
1.64432
-0.34090
-0.20014
-8.83129
1.06163
7.98048
2.68336
-9.62784
4.64613
-6.27375
1.54766
-10.74894
-4.64928
-1.02790
-0.50530
11.56469
-5.98756
4.24537
7.87849
-8.87170
5.13663
6.20799
0.44092
0.57993
-6.32010
11.67527
-6.76463
4.86049
-4.04094
-5.99918
12.70586
8.06283
8.78514
1.78171
10.60443
4.37697
10.01025
-1.82646
-13.76415
3.53393
-3.71822
2.26456
-2.00998
-1.42205
8.35976
-7.01061
-0.69633
-2.01359
-1.78232
-1.37523
-10.33952
9.40058
-0.92588
0.59865
3.29676
9.10046
-5.12159
-6.93190
-10.17019
-5.58212
-5.89024
-1.18723
8.83411
-6.46871
-6.21383
1.67615
-11.75964
5.24108
-1.30958
7.52572
9.23906
9.16943
-9.77376
-1.12043
11.91201
-7.73904
-1.57622
0.82520
1.22636
-0.49037
3.98496
-0.87986
-1.26739
14.89377
3.97342
0.24049
-5.15943
-5.39570
1.42066
3.60359
2.14113
1.32913
-4.10790
-3.86609
9.15182
-2.32044
-10.82815
0.52577
8.42525
8.12878
-3.01911
2.90825
3.06954
-1.48172
7.18483
1.26208
-1.50579
6.14028
-6.37612
-4.87595
4.53260
0.75208
7.57879
4.88036
4.59267
2.02258
0.37533
10.90049
14.98807
-6.34867
1.15459
-4.33239
-1.59873
9.55162
6.08573
-0.46559
9.40008
1.24958
-8.18300
3.28675
-3.02683
-2.27043
-7.98150
-3.27288
0.45655
3.41107
-6.40858
1.33609
1.84024
11.73442
16.59705
6.45945
-0.24268
-5.26587
-3.30901
-0.63600
-2.63437
4.67866
-18.48749
-1.81403
-1.72472
3.67661
6.67852
0.04195
-0.13869
0.77091
0.83824
-4.65787
-4.17645
1.33480
2.02137
-1.45866
-5.59558
2.25914
4.95328
-1.82901
4.83682
4.29120
6.90188
6.21547
-1.36761
0.30240
10.21829
-1.50248
3.07575
-3.52009
-4.30109
-7.22641
1.01228
-4.30354
5.13187
7.39967
-4.69062
3.07158
-7.68691
-3.15463
10.24830
-1.42435
5.90207
2.15478
2.93666
-0.35475
-19.43960
-7.58026
-0.52864
-1.75802
-2.42165
-1.56193
-7.32040
6.11968
4.29126
14.92829
-5.57193
0.20872
-9.19779
0.50342
2.43449
7.24049
6.98520
3.10420
-5.44407
3.34481
2.65435
0.60999
-0.23857
-11.59472
-2.40275
-8.95330
-11.31097
6.52293
-6.12390
1.76910
1.49718
2.37341
-13.51886
-0.38282
-6.90145
-5.37815
-2.12713
2.20637
-3.03107
-3.81554
-0.56138
3.53513
-4.16683
-2.13041
5.88861
6.35494
0.62633
4.52535
-1.47056
-8.41447
0.95665
-8.41803
12.26972
-2.72790
-6.62745
6.07941
-5.98782
11.01421
5.20146
-5.85814
1.38782
-10.12503
-11.11160
12.80537
-3.56669
4.49210
9.68654
-0.10078
5.43054
-4.52896
-8.13018
0.40208
-5.19515
-5.75948
3.09669
-14.39666
-2.27695
-0.52458
-2.50220
-6.71713
4.71625
-19.93896
-2.75498
0.17457
7.18592
-8.52797
3.40097
-3.55133
-3.96708
0.10789
1.55221
-0.97455
2.50309
-2.44440
-6.53500
13.68564
-12.25347
4.20187
-1.23050
5.38596
-1.63128
0.94322
5.24391
-6.89114
-0.72985
-4.43342
0.17884
12.22331
1.16841
1.52202
-7.40651
-5.32884
5.30752
3.45739
-1.07325
-6.12358
-5.74272
4.53648
-10.37470
-7.46389
-5.00841
2.77938
2.48479
-0.83320
-11.98781
-8.21675
-5.91189
-1.36318
-5.05834
3.03978
-1.03234
0.19728
0.05137
4.85170
5.26395
-0.43440
10.61312
-2.44076
21.55995
-3.29743
-4.64459
-9.62487
10.49159
-2.86035
2.29877
3.07336
1.20574
12.89226
-4.75162
-6.79242
-1.83017
0.96179
-1.81862
-5.64601
9.66806
-15.15884
2.70046
1.42907
0.53759
-12.39505
4.08892
-0.42910
-7.04473
-0.48319
6.81309
0.00934
-5.21695
-11.25223
1.10485
-0.76914
-6.63598
-2.53963
-1.76846
-3.86475
-0.21066
9.61630
1.19140
1.39397
-3.12235
-3.63280
-3.39396
-6.97694
0.44420
-2.45443
-2.76944
-0.27634
2.68385
2.20338
4.25461
3.07021
-5.93971
2.20674
-2.35767
7.16882
7.51484
-7.76510
-2.20506
3.99614
-0.56215
3.78854
-3.51295
-14.87287
-13.56649
-3.56281
8.78068
-4.00963
-1.19788
3.32827
-3.47400
6.58017
-4.15744
8.58145
-3.28795
8.49787
4.08964
14.14598
-6.91004
-15.93169
4.43608
1.03723
-1.09411
5.69233
2.59810
-0.39056
3.73411
-9.96972
-0.36612
3.34225
9.03360
-8.79858
-6.42509
5.69163
2.07456
4.36442
-0.70213
-8.67315
-3.84775
4.55317
-5.86846
8.00628
1.10508
-6.12477
-6.58744
-3.04088
0.95901
-12.65050
4.09730
11.41799
-5.64766
-5.46655
2.51625
-7.00939
6.34049
0.77669
-6.25940
-14.23602
-2.79439
-10.37113
-6.09304
7.32821
-7.94774
-0.30280
-2.30702
-7.50113
-4.36998
4.05898
-6.60037
-3.04506
-9.74315
-9.55512
8.27545
-7.23656
-6.07409
-5.89091
-2.83147
-0.16488
2.63373
-8.81591
-7.15742
-6.36941
-3.57571
-4.30932
-1.28897
-3.83474
-3.68419
17.05011
1.29930
1.55286
4.18373
13.71286
2.65785
4.12717
-0.79902
-10.05364
0.56871
-1.45886
-5.71617
-6.29678
4.62011
8.87103
-6.11038
2.43721
-6.38499
-8.13210
-0.07502
-18.45300
1.32325
-11.25865
-9.35392
-1.75068
-2.27973
2.13697
13.80633
-2.39360
5.88009
-0.90663
-0.50576
5.91808
3.13205
-4.67267
2.40628
13.73458
12.46647
2.57395
-5.40634
-5.30001
-1.33851
-7.70999
8.46922
-4.52483
-6.01347
15.78372
-4.01671
-2.76369
3.33964
-11.80165
-6.08225
-3.49339
1.79634
-0.54031
-3.62395
-7.07815
-2.16138
3.48355
2.66318
-2.21518
7.26295
-4.36893
5.77848
-0.22107
0.11730
-1.22679
-7.29717
9.06447
-12.45477
-0.93522
-0.06564
-0.68399
1.97169
-6.72006
-9.04906
-0.77458
-1.39312
-9.31198
3.10445
-5.92893
4.56273
-1.51332
-3.97592
-0.21265
-12.94830
4.11009
-3.05317
-1.89848
8.99868
-0.12714
4.29631
10.41715
-2.66978
6.11831
-1.96749
5.09090
5.26119
-2.78742
-0.36013
6.57470
3.29018
4.24956
-6.31764
4.33634
2.78478
-7.36267
5.16712
-4.58711
-2.98208
3.38543
-1.09561
10.21380
-0.28490
-8.11719
7.84741
7.34108
3.84867
-3.97165
0.51363
1.30869
13.46410
-7.90373
3.77574
6.44246
-5.53838
6.96857
-4.45928
3.32610
-2.95847
-3.46845
5.79519
-1.09127
5.69825
5.90673
-0.02137
4.37487
-1.39110
9.94256
3.69646
1.85391
2.74888
-4.27829
-9.61930
6.60160
-0.90096
-7.60994
-9.39603
5.74028
-6.36887
-4.75799
-3.29661
-7.07433
1.88540
17.55389
1.92456
1.25974
-0.39269
-0.02459
-4.78362
2.96268
8.87846
1.49770
5.88459
-0.61792
3.22138
-8.24865
-10.45622
-6.45858
-8.28812
3.92314
-0.47934
-9.25751
3.35413
0.34762
1.87399
-8.07715
-7.13797
-2.78803
-17.21128
-8.82926
-6.98120
-2.63483
2.44971
1.31672
-3.56180
-2.56122
8.07786
-2.26730
-1.34045
2.77813
-4.75758
1.53858
5.65068
-3.07657
4.03594
-5.31086
-5.64798
7.66558
-2.42066
-9.52111
-12.52031
-4.69440
-5.91342
-12.99623
2.08731
9.81571
-0.19516
0.61263
0.02438
2.11818
-1.42906
-3.23008
-1.45290
9.77750
-7.72055
-7.09028
-1.44763
-8.58625
9.45464
-2.64911
-13.00891
5.44661
5.08832
-0.62680
2.02224
3.30284
4.90931
-0.55074
1.48880
1.60987
-0.60693
-4.08706
4.39828
-2.01744
11.35366
-1.91944
4.53713
-6.95489
-6.14414
1.57305
0.21559
-1.58897
-1.44680
-4.79171
0.85709
1.49224
-4.02498
-11.25836
-3.15046
0.53746
0.84039
6.66896
-4.59914
-4.16746
-0.47284
1.09119
6.60051
-5.87981
8.09244
10.18419
-0.31570
-15.52579
-0.26052
-0.90256
-8.90236
0.39047
-1.31609
2.38007
-0.07993
-11.48814
3.84284
2.70095
0.02893
-3.18865
-7.90651
2.54242
-2.46749
5.43010
-4.05344
2.01425
-3.04440
-9.39404
-2.62076
5.16854
-2.10975
-5.55556
-7.89488
5.67095
-5.47736
-5.30801
-4.14058
-10.31025
10.71571
-6.13729
8.69024
2.62110
6.92137
-3.76434
-4.17867
-1.12031
-18.68158
-3.58860
10.94483
2.85086
3.41721
-0.41609
-8.74237
4.73117
4.12276
1.25476
1.42204
-2.08925
-1.38103
9.68668
1.38949
1.40161
-0.56884
-7.13534
-1.13897
-2.94107
-8.01801
2.49877
-14.69367
-5.15567
0.46192
-9.95053
-0.03510
1.05294
-3.08105
5.45286
-6.33210
-0.83597
8.11159
-0.75814
-5.81375
4.90605
7.97698
14.76745
9.91026
3.24555
-6.62782
-3.32673
-7.49948
-5.95465
12.30963
1.79826
2.67039
15.66063
-2.44027
0.72288
2.19856
-8.51014
5.91815
0.77080
2.49076
-9.31801
3.00983
-11.97653
-7.19157
-3.70829
11.19705
4.86696
-1.97238
3.14325
11.65253
2.61671
3.64713
3.47093
10.90927
7.51036
3.98476
6.27892
1.14427
6.42071
-8.22830
-11.57466
2.28272
5.94140
2.24038
-3.98067
-6.21401
-2.64177
-5.43279
-1.18166
-5.92067
2.77180
7.38552
-1.12251
-0.04051
2.91876
-2.14656
0.85794
-3.83680
6.06597
-3.68119
-11.60824
-2.48711
11.51721
-5.35634
-6.20798
-6.05183
7.97724
-7.17045
0.86915
0.21898
1.58056
-3.73403
-8.97732
-1.08620
1.02791
0.98816
-1.67429
10.09594
-2.19639
-1.86601
5.52810
11.40820
-1.07878
4.96607
-6.76300
-7.28325
-6.18896
3.98742
-7.01433
-9.28796
0.42614
-7.33268
-2.80266
-2.85462
8.79007
7.64166
-1.48983
-1.41976
15.61138
-2.67184
-0.18569
11.41323
5.65406
-9.14877
3.42743
7.46341
5.97085
5.20693
-10.78197
-8.40666
1.00823
0.27522
-3.33578
0.27438
-5.52356
0.27355
-2.34726
5.70012
0.19231
-6.00870
-2.34339
-5.74546
3.48359
-3.57760
-15.85272
4.15428
-1.34361
1.83366
-10.29951
7.90346
-2.46905
-4.32588
6.34449
-1.36911
-2.12526
-0.28900
-0.57705
-9.99459
-0.06852
-1.80940
-10.96262
6.80844
3.70440
-4.21527
-5.93026
-5.34694
-5.53322
10.73827
4.94277
7.11297
2.66804
-3.05634
3.05715
-2.41663
-9.44197
14.51230
-8.05733
-7.32912
-1.36285
-3.27415
0.11652
-8.19906
6.09420
-2.99622
6.94437
10.08848
-14.77433
2.41762
5.03825
6.68830
4.95089
1.07255
5.19543
10.87480
-3.45156
3.76041
9.14603
8.06968
8.91634
8.15755
-0.41361
3.80407
-1.72715
13.50002
-0.22624
3.38001
6.34809
-2.26638
1.49622
2.59244
-5.48020
5.89009
-0.40776
-10.10637
1.20466
1.42877
-3.24780
0.31084
0.69047
-4.32585
4.71783
-8.74006
9.70450
-5.37208
-0.63274
-8.15341
3.10110
-4.74735
8.09601
6.12465
1.66848
20.61314
6.70666
-1.49598
-4.80241
-2.78544
0.98873
-0.46748
7.61190
-7.48128
1.94916
-5.43897
7.79122
6.58051
1.59419
1.56520
-9.24061
-2.08932
3.01680
-4.03995
-2.29618
-4.93665
-2.58535
10.97863
-3.17892
1.57806
-9.23515
-4.17390
-3.08126
-5.46305
4.39862
-2.25176
-0.54865
0.07679
5.74302
3.19779
4.75256
5.10116
-3.60541
-5.97884
2.64138
-0.06069
0.05573
4.89206
3.76840
-3.84001
0.20589
4.81557
1.31843
13.89693
-15.82950
1.15075
-4.02535
-9.48586
-2.19018
12.74698
-0.34966
-3.43786
3.94705
7.08334
8.02692
-0.45155
0.12481
1.51737
1.04746
6.41862
-1.95219
1.17335
13.86664
-4.77287
-9.73018
-0.16353
6.81678
2.49335
-1.52278
-7.97317
2.55929
-7.48597
3.36374
-4.44793
-4.72338
-7.93651
-15.55396
3.94323
-7.32782
8.18339
7.61804
-5.49471
1.48920
-5.80452
-2.67220
-0.13126
9.85666
-7.15182
7.65647
-4.40148
4.85746
1.61680
-3.58708
1.96549
-3.73882
-1.66262
-3.50494
-5.54200
4.44720
5.17061
3.60441
-6.14374
5.76942
2.03695
2.17945
-6.31091
2.29777
7.77895
-10.45751
-8.96226
9.76369
7.01313
-5.71283
2.76604
-0.38582
0.62182
1.33344
0.76298
-6.68023
-4.98850
-21.14905
-2.24991
8.41677
0.90408
-0.26652
19.96436
-2.76960
13.81186
1.20831
18.57526
8.15046
-8.00328
-1.04031
2.46046
-2.66934
-5.96833
-1.52343
-8.12357
-4.06436
5.65184
-1.43400
8.60877
2.05658
-7.43115
-3.94077
5.84396
2.13891
-6.39742
-2.01583
-3.98134
8.53273
1.71997
-5.65644
-6.41953
0.54911
0.92230
0.92696
-1.34131
1.22994
-2.64621
3.91319
-5.62241
-1.70039
-1.06570
-5.86596
-1.45727
-0.89154
2.06727
-4.01174
7.84068
-9.54483
5.80536
0.96650
6.51166
5.46219
2.98998
8.02548
-9.61222
1.36922
-0.44058
-4.63433
-1.02476
-0.94173
-1.51374
-8.48595
-2.28519
8.99410
7.59745
4.16500
-0.88941
1.59785
3.96477
-15.62303
-7.14924
-6.25953
-2.19379
-2.78560
3.37999
8.98198
0.52756
3.69160
5.04485
-8.89323
6.39398
2.42943
-1.19558
-4.39721
-1.90146
-0.58356
-8.75836
-1.93022
5.68891
3.38023
-6.65314
-3.71759
3.60777
-10.43342
13.83519
-3.48457
0.81661
5.40717
7.84497
6.04828
7.90282
4.56865
1.06124
-4.10572
8.07791
-14.41059
2.62376
4.68053
8.66467
-4.66824
-3.54532
-8.52516
7.94161
-4.88581
-4.99009
-11.59426
-11.10692
-0.74588
-1.59000
-7.55598
0.79161
3.23101
0.12664
-0.62824
10.55403
1.65797
-7.54912
7.94271
-6.12107
1.11438
2.21821
4.89379
1.93595
-1.34131
3.94732
-11.02690
-3.10145
-0.42799
-6.28809
3.99541
-1.93622
-2.00311
-9.59499
-4.63000
1.40371
9.15966
1.73605
-6.07397
0.72388
-0.54696
-2.19767
3.29314
2.61540
-0.68851
-1.97622
-2.27978
3.54120
-5.36728
-1.25528
5.66581
-7.12814
6.98622
8.38009
3.78731
-15.72295
-6.93276
2.51467
4.19917
-2.15115
-3.04239
5.80417
6.25728
0.65310
-5.33589
-6.56464
-4.14735
7.51255
5.42051
-5.15511
-3.11323
-17.60276
6.82584
2.28904
-7.18244
-2.13852
-5.05757
-5.77871
7.02608
-8.81143
1.39501
8.12913
-0.50361
0.62483
3.95184
4.40675
-6.30917
1.90771
9.08723
-0.59573
-0.07404
9.30695
1.24512
2.52029
2.74230
9.71733
4.00820
-3.58666
1.41658
8.77016
-3.26389
2.19332
-8.88313
0.49471
0.76454
-0.93208
15.46061
6.34586
-1.35399
13.90239
-0.43129
4.37933
1.41473
6.66902
4.65263
1.06682
-3.07782
1.80718
0.19755
5.86625
1.57381
-5.04021
0.68554
-0.36204
-1.83948
-8.88125
18.97975
4.93522
-5.70553
4.31057
11.90618
1.75121
-7.45501
2.89786
-11.45634
-3.20850
0.86821
-3.69808
6.06872
3.88310
-4.13529
0.73651
1.01049
-4.11808
-3.72859
-3.72381
-9.87246
6.31355
2.05275
-1.68897
0.18097
6.34925
-5.91688
-8.40395
-4.37269
-0.65983
6.04252
1.54625
6.85738
-7.13212
-0.62741
5.27806
-9.13391
-7.49064
2.10033
0.41883
-1.27468
9.03451
2.67552
-2.31461
2.61879
3.51510
-2.97861
2.54057
-5.49249
-0.35704
6.75096
6.45674
10.93080
4.34354
3.24523
7.08064
3.32857
0.66713
-12.56717
-7.57249
-2.32081
2.20399
3.81244
-0.18246
8.77081
-0.16760
-11.03158
-8.04210
10.73167
7.19748
-0.89320
6.43044
-2.15104
-2.50809
1.97359
-1.71583
-5.24680
-1.18814
0.25898
-14.04257
3.35723
-0.59084
-1.66819
7.12293
6.22452
7.24194
-1.84021
-0.03412
5.89320
16.76774
3.98970
10.92333
-0.83185
9.47976
1.63228
10.78439
3.25241
10.44340
5.21044
-3.51496
-5.09589
12.35565
-1.94153
-3.29479
-11.09358
-0.48070
6.37401
-6.35237
-4.04317
-14.10959
3.04997
0.54282
-3.09092
8.21526
5.82186
4.11927
-4.27739
10.68817
5.40790
1.26123
0.97594
-3.18860
-1.21702
-2.31562
-3.63933
-8.33890
0.40931
-5.15156
1.81174
-7.06117
-6.33493
3.89692
-12.39845
-8.83532
-3.79201
-1.32064
4.60662
6.52127
-3.75536
7.49250
-10.23707
-0.94493
4.58537
-4.37990
3.72130
-2.47454
-2.10043
-8.95342
-6.95605
10.24045
-3.51497
6.97705
4.21997
-6.75717
11.49616
-7.66639
10.90853
-3.82906
5.38899
3.87277
1.80793
2.98850
-5.41986
7.84544
5.88485
12.71215
-1.99643
-5.13760
0.88984
-2.72267
-0.85027
5.47480
3.47332
-16.63810
-8.94747
11.16226
3.66039
-2.73616
3.11070
0.47535
11.13171
-1.54956
0.94050
-4.66154
16.61450
-3.14337
14.37458
5.37779
-2.00703
-4.45678
0.22681
11.56739
7.28561
-0.15748
10.14655
-1.33119
-5.50988
1.61723
-2.22147
3.66244
9.23499
1.66340
-5.23377
-4.03878
-1.60070
-3.02163
-2.12308
1.88265
-2.99439
5.95512
-4.42569
-7.95914
-1.70755
3.52310
-13.89287
9.53720
-1.40491
-5.96358
3.12000
10.95613
0.18841
-9.11799
-14.01674
1.35944
1.72641
-0.08118
-5.37102
-1.91827
5.32071
-6.88411
-3.45281
-8.99451
-5.74772
3.68418
-1.03053
-12.84688
0.51772
-12.02784
-5.51872
-5.75332
4.48230
0.34331
-4.97401
2.39928
-6.99298
-1.60580
13.29193
0.67365
0.05520
0.52825
-9.05110
-3.15988
-6.64807
2.72251
-4.68422
-3.49964
-1.06359
0.13696
3.06901
-2.85372
6.42059
-6.61945
0.71304
1.67254
5.81316
1.99112
-7.41139
8.75234
-6.70652
2.37970
1.20694
0.54072
-3.09823
14.13227
-4.59531
-4.43745
10.04015
8.97849
-1.68091
3.07434
-1.19952
4.53747
0.50893
3.06671
6.58726
4.08010
-1.86236
-1.79601
5.00656
5.06215
0.20578
1.87635
3.68507
-9.80230
0.66480
-1.06601
-6.80756
-3.51984
1.01789
2.55866
2.79642
-5.15494
0.25122
9.29191
2.79543
-1.53933
-3.56107
6.41852
0.52456
-1.00065
-10.69597
3.04340
-8.70709
-10.56343
-10.18726
-1.37946
1.95020
1.39982
1.83885
-0.30868
-1.88894
3.76463
6.27777
-2.07011
3.05967
3.79638
8.54802
-2.82746
6.55741
1.59380
3.24655
1.89759
6.39221
5.99945
-3.34604
10.69290
-6.73538
-8.65955
-8.35959
-6.63086
1.18013
-3.35733
6.99660
2.71005
2.24571
-7.12395
-0.26814
1.53946
5.75365
-0.96842
14.80784
-5.53654
6.40507
1.28470
-6.99562
10.06953
-5.76103
7.62244
9.97760
-2.41200
4.71754
9.46985
-18.94082
-0.63630
6.61303
-6.11776
-0.71409
0.61836
1.11493
-4.51124
0.33165
-6.07774
-8.13180
-6.57616
-13.08511
-8.07228
-3.65372
-3.17057
10.64202
1.96565
4.47886
22.12178
10.12500
-6.09297
4.98342
-5.66768
11.46356
-8.88614
0.34553
10.32321
-0.70081
-0.09069
2.55013
2.00637
4.14192
2.37827
3.66139
-0.48509
-7.56392
7.07339
-3.34255
-9.65615
3.29707
-1.64789
-7.73354
15.99116
1.35469
-4.73957
-0.49403
2.09870
3.01258
-1.20160
-12.46432
-5.29879
7.21022
-0.69348
-2.33904
2.37790
2.56387
4.89297
-0.90965
2.87532
7.88697
-3.49420
4.54862
6.02080
0.96672
-0.44893
-2.60511
0.71516
3.51801
3.32699
0.33026
9.33853
3.46407
-1.88875
-7.63350
-2.35071
11.25261
10.98395
5.64721
-8.00078
-2.88933
0.95153
7.15361
3.90484
-4.61938
7.68059
-1.86756
6.91866
-9.13273
-0.81097
0.12368
-2.43246
-9.15904
-0.84293
-11.41392
1.03992
4.86384
-2.88742
2.17383
3.59443
1.79472
4.72137
-8.78778
4.62276
-3.03831
-5.45889
-8.64753
-7.03958
-5.27924
-8.71146
-4.47778
-0.96323
-3.24931
7.86992
-5.60627
4.08360
-4.84335
8.76112
-3.08057
-3.42860
-12.60955
-0.77201
-3.79690
6.00341
-3.22259
-0.44759
3.98316
-13.65655
-6.67591
14.08628
4.19993
10.58968
8.18684
10.21462
-2.52041
-0.61333
-1.92899
-0.36856
8.32853
-3.84288
-10.71017
2.33521
-2.14977
3.17940
-2.65620
-13.09544
-1.95592
-5.66065
2.00923
8.56625
-8.24033
-19.92640
-2.53397
2.29726
5.12209
10.41495
-6.95229
4.21919
4.56416
-13.16818
4.82065
-9.70168
10.50783
0.49234
-14.75080
9.21076
-8.91114
-6.12160
3.06606
-4.32299
3.67789
7.39606
0.20059
6.43901
-9.13467
6.53172
-2.01566
-4.90226
6.91361
-2.28828
1.40391
-0.43974
1.39314
-4.87774
11.71393
6.40582
2.31243
1.35317
3.04311
4.66941
-13.91739
12.47098
6.95796
-1.98829
-5.21963
5.53806
-7.48981
-0.57804
-7.01019
-2.70060
5.80214
16.35390
-3.68345
-4.22858
3.52716
-5.45709
0.74113
3.24096
-1.60820
4.40882
2.50973
6.20001
5.39925
-3.38360
-0.29945
7.97639
-0.09111
-2.03825
4.91366
2.37430
-0.52002
13.59061
-6.40846
0.13354
-1.76095
-7.09622
-1.55001
-8.08022
6.09510
12.08789
5.89493
3.15658
-7.18506
-1.32845
7.92180
10.09756
9.88584
-0.78329
-3.22482
1.66848
2.62031
0.12370
0.17861
-2.94608
-4.66657
2.58971
6.28744
6.13018
2.51270
-6.07548
8.93007
1.01334
1.92651
-5.41933
0.96059
-2.17700
-9.24261
-2.71795
-0.09281
-1.58337
12.05899
-0.09964
2.37173
3.59907
0.36572
-6.56815
1.82055
-1.94270
3.41131
-9.87079
0.23588
-1.15995
1.98284
-1.84068
-6.90384
1.34254
2.77241
-7.49768
-5.98480
-8.11435
-5.41708
0.31258
5.88165
1.48710
5.43563
6.24095
0.98816
1.41638
8.26638
-6.72156
-3.47760
0.13745
3.41520
-6.88865
1.13578
-6.29905
-4.95987
-0.25525
8.79138
9.41750
1.90012
-1.91759
2.51894
-17.16171
1.86235
3.40619
-2.54640
-2.69607
-7.69951
-4.73544
2.87002
6.32899
4.98359
-3.06855
-2.67815
-1.10150
-0.11929
2.87715
-8.24148
-2.10461
3.63161
0.57873
-1.11972
-6.55053
-5.15035
-1.51873
4.15295
-2.39982
-11.83330
-14.95863
-4.75375
3.30003
-5.33092
-0.73567
11.47593
1.37960
-3.57727
2.43449
-3.33681
5.02256
11.99717
-3.40353
-8.62510
-6.05456
-7.83784
-1.73929
-0.81375
-10.06686
6.67908
-6.83488
-9.37837
-0.39758
-4.42736
-3.32359
0.83880
25.27830
-5.88014
1.75674
-5.09072
3.33770
11.04795
4.89764
-0.19139
-7.62594
-8.19082
0.61114
3.06194
2.78159
6.43816
8.85781
2.13317
1.46093
0.21477
7.20761
5.30937
-0.54834
-22.50295
0.99038
6.20179
16.57767
-9.37290
-5.34599
6.43778
8.50558
3.83982
-1.80308
5.96392
16.14056
-1.43581
13.47130
2.98050
0.75970
-4.89511
-2.08215
-2.49221
2.44597
-11.76882
-2.68182
-7.34940
2.49998
-7.00452
-5.72712
-1.31705
-1.08430
2.71181
8.63964
6.75717
-4.29873
0.26169
-7.75081
7.95279
4.87455
7.58671
-0.48944
-5.59773
-1.46914
12.46313
-7.64429
2.02576
12.87424
2.60875
-3.94005
-3.64360
-8.50001
-0.68872
-3.47485
7.29829
-11.91377
-1.76377
4.79964
-0.20093
-9.07574
2.89253
-6.87912
8.18506
1.14816
-2.66058
2.28164
-8.88702
3.07662
-0.34753
2.34920
-3.38324
-7.28286
4.28955
14.07455
-8.81587
-4.18090
-2.90668
-1.20711
-6.93286
-12.43865
4.24494
1.55918
5.60199
2.19703
13.61907
-4.49321
0.92242
6.94413
2.93367
-2.83851
-11.80762
5.42842
3.81180
5.47002
-0.77664
12.17783
-7.83767
-5.01115
-2.72755
-3.64351
0.87317
-4.37738
6.68586
-0.01033
2.44136
4.30850
2.73233
4.23646
3.26802
-4.35264
0.21765
5.11912
-2.72984
-2.52347
-0.49834
-1.20976
-2.88775
-3.39237
-8.61104
1.36656
-2.72814
5.07625
8.47608
-2.74721
0.58951
3.54516
-5.04183
1.60206
1.66055
-0.23373
9.25169
7.64253
9.28190
-9.30912
-11.32378
11.48815
1.72049
7.48888
9.15584
-7.52917
-9.84996
-3.11280
-13.50549
-1.90335
-13.42435
-3.92648
-0.52130
-2.98129
2.64937
10.20652
-2.37313
-9.17976
8.09967
4.90463
-0.06025
13.51017
-4.50690
-2.26850
-0.90762
3.79417
8.49911
-4.65702
0.35158
-4.04888
3.11117
-5.32344
12.61541
-1.35584
-4.57174
-2.84807
11.64449
7.02084
10.13173
2.15623
-1.37321
3.02446
-6.93707
2.32069
-6.67023
-5.40606
4.27583
-6.59181
8.63806
8.03417
-5.65287
12.48882
-3.24290
8.23114
-2.89358
-3.84947
-4.10653
10.55460
7.79441
-6.40014
-3.20101
0.09809
-15.26994
0.86230
2.72013
0.52677
4.31083
7.18464
-6.62869
-4.60333
8.70464
-1.55371
4.49722
-9.01652
0.33379
-1.55503
8.10649
-0.09911
3.21404
-10.00355
0.24422
7.21047
3.76751
7.34574
-5.26300
-5.67545
-9.60167
-2.93979
0.55507
-7.08270
3.05000
-4.35536
2.45649
-2.80836
12.42408
7.40884
0.72681
-1.05765
-0.72393
-2.06307
0.03635
11.39140
-0.04546
-12.65905
-5.99331
-0.34803
-9.18665
8.25119
0.72303
2.65867
0.47522
-0.07596
3.25169
-2.34489
-7.48128
-15.73911
4.64221
-2.59963
4.60824
-4.99399
-6.94066
8.33565
4.02370
0.42087
2.46715
-1.52933
8.18628
-5.90486
-7.14586
1.64997
-4.84148
4.68124
10.19141
-14.30115
-13.54736
-0.75443
0.04525
-8.77562
-0.27370
-5.74351
-6.49788
-3.98149
4.61525
-1.64565
-0.00651
-4.76474
-5.76874
-4.80326
-3.49422
8.54518
2.36836
-4.85224
-2.87630
-7.54286
-9.71565
2.20595
2.29321
8.00959
-0.95661
-0.81414
-1.72514
3.63052
2.53625
2.26112
-0.56366
-0.68518
-0.33780
4.06650
-9.21196
-0.14423
12.87593
7.42310
1.31921
-10.36743
-6.15685
-7.58377
2.21825
-2.18893
-2.33009
-1.24651
4.93835
2.90759
-6.73797
2.48300
8.25100
3.56415
-1.01492
-8.56482
1.90458
-2.19503
-8.98774
-1.58558
-9.76827
1.33833
1.97779
3.95107
5.85262
6.08706
-6.15034
6.14064
-3.07420
-3.41562
-4.35984
-1.29816
-7.51093
-0.56775
5.60176
-3.05574
-7.05693
-2.60756
8.15371
-10.15698
-0.71842
-6.94071
0.34392
-11.70357
-6.30148
-2.19694
-2.12599
-4.50303
9.59714
-2.46382
1.03723
8.81328
-2.17407
4.69837
3.20478
2.63061
1.25745
4.98809
-0.22140
-12.10823
-12.11615
-7.21355
-7.94217
-2.07322
2.77655
6.66716
-3.89695
-0.41720
-1.55705
-6.43146
5.04879
-13.36675
-0.10134
1.40994
3.63965
14.93520
2.45254
-2.43300
11.53030
3.51261
6.99252
-5.62087
5.30855
2.05290
0.64238
2.27235
-5.89171
9.75651
5.54836
4.94272
-0.58842
-1.84154
-0.05452
-2.77241
5.90763
-4.90301
2.07087
4.04599
0.33659
4.33137
-2.19223
4.98227
2.76632
-2.51158
-6.23028
7.09042
-1.49231
-7.23523
11.57996
-4.50139
-1.49446
-0.74716
-0.91356
-5.64526
2.28491
-10.14673
-7.64998
-11.18857
-0.27682
5.34858
-1.57684
6.43025
-4.97717
6.91698
-1.49224
-7.42729
3.87837
-8.34876
3.80557
11.81289
0.29609
-8.76808
4.67564
2.12843
1.00136
-17.21491
3.68565
-2.33338
1.43096
2.73151
1.23450
-0.69588
1.41565
-4.08204
5.72018
5.10289
16.12669
-7.55673
4.53052
-3.45387
-1.26011
1.06245
16.31576
4.70071
1.70517
-2.34657
3.56028
-6.37340
1.84414
-1.79534
-7.35321
4.19069
4.54353
11.15672
-11.59445
-4.71874
-4.16245
-4.14876
5.30684
6.75789
-8.32812
0.94559
-1.29222
0.16705
-6.12625
0.43377
1.67817
7.21032
-4.63926
3.96738
5.88553
5.39622
-4.46439
-0.85304
-1.52302
-0.88268
-5.16987
8.21642
1.53509
-6.42621
-3.49687
-1.46272
-11.15259
8.83206
1.47228
-2.36879
-3.76694
9.12622
-5.99544
3.28643
9.05751
13.70494
-0.22147
-3.05114
2.03427
4.78682
-3.06907
-3.33043
4.04548
0.37455
-4.38258
2.18416
2.53593
12.11316
-9.09497
-12.88125
-9.92825
2.42298
-3.95372
-6.28259
1.58794
-7.02060
1.21536
0.84755
5.37718
-2.81163
8.02090
11.73249
1.70449
-1.26933
-6.35275
5.17142
-0.86026
5.23468
-3.03983
6.90936
-9.43515
0.04068
-11.14705
-5.66566
-5.37411
-0.93071
-10.83666
-4.19247
10.00445
-5.82455
-3.81588
-0.57580
0.11584
-2.45989
-8.30599
-0.79085
3.23488
5.05647
3.40534
-8.20758
-6.44721
0.82282
-2.08549
-2.22240
-6.35574
2.90111
-1.45540
1.73789
-8.66912
2.41085
-2.67516
7.63518
12.72423
-11.55183
-7.49752
11.11335
8.68745
0.11408
-3.72755
1.68975
-3.77407
-2.83086
-0.00638
-7.14731
-2.13757
1.33182
1.94844
1.42739
-3.86937
-4.56410
-2.41871
7.73122
3.67748
2.69020
3.50612
-0.15988
1.53215
3.23978
0.40897
9.17510
17.18461
-4.97931
12.60009
4.98220
5.00005
-9.61531
1.82027
-10.87199
-7.35329
-1.49633
8.91782
5.27132
-4.09909
0.71316
5.09198
-12.44601
7.49113
-7.72814
2.72994
2.80444
-1.11950
-8.00985
-4.23100
-4.40852
-9.90266
1.21945
2.05215
-0.79755
10.80176
-12.38030
-12.48802
0.95166
-1.95965
3.00829
-5.69886
5.45196
-0.39313
2.30106
10.59644
4.51519
-11.16639
-1.49367
3.67270
2.56253
0.88171
0.02579
-12.15493
-4.19710
6.47008
16.69451
3.58664
5.62282
10.16232
1.63300
-7.69459
11.07487
-0.96927
-3.79164
-2.16040
-9.39702
2.67939
-7.46193
0.74144
-4.52549
0.46180
8.14311
-1.93718
-0.53763
7.75063
-1.19865
3.30583
4.21078
-1.98431
8.12683
0.46349
-4.37329
3.38256
-9.32675
-5.71620
-3.65406
-5.79835
-12.13868
-5.24850
2.71465
8.36331
-7.68806
0.36294
0.22739
-6.99035
1.91133
-7.29694
-10.49140
17.92487
14.53214
-0.80914
1.25852
-0.35047
-1.83386
-3.28794
5.37393
0.96185
2.13594
6.08282
-5.55728
6.31497
-1.64160
-4.15758
6.10987
-6.63525
6.36039
-1.46589
-5.00978
-1.98684
2.86722
-3.46890
-1.70298
5.19468
-4.64855
2.14283
-9.01431
-9.40972
-6.94101
6.48905
4.51055
4.93426
1.61791
-5.92721
2.74037
-9.62019
0.03429
3.03029
-9.96404
0.25717
-1.22298
3.47298
-6.38353
1.81143
1.70704
-5.22812
-2.48670
-6.00600
2.27756
8.32249
-14.89200
-1.36909
-8.26484
2.59718
-1.91769
9.63596
2.80879
-1.31990
-0.55105
-0.05529
0.94310
4.07519
6.71675
-10.98944
-4.10874
2.68506
-5.37622
-9.84020
6.33916
-1.41004
10.61133
-1.52855
3.42282
-3.33645
-8.40999
-4.49944
3.10427
6.30967
-5.90367
-10.14118
5.38016
-5.33260
2.07642
-0.07518
-6.61825
1.30277
5.89442
-0.41897
-0.57259
7.28627
2.16968
-6.76184
-3.61666
3.96437
-5.47605
3.99421
-6.75409
-8.08430
4.72028
2.83901
2.03612
-3.14544
1.46461
-5.16098
-3.39315
-0.92657
-1.07081
7.11855
-6.63814
0.56452
6.60429
1.11948
7.30257
2.27498
3.44915
4.54438
6.62643
1.33764
-4.41163
5.23422
-5.97872
-1.31049
2.89502
3.05380
-6.40652
4.38438
-1.47373
-5.56183
6.74146
2.18334
14.98446
-0.62541
2.62313
-4.43577
4.11217
0.20098
-2.91953
-2.38616
-15.45304
-6.53442
2.46397
0.34837
4.34687
0.41918
3.68939
-9.62705
0.04621
4.70321
-8.51442
10.39568
-0.45019
1.93095
-6.64692
5.25902
4.20569
1.81153
-2.10685
-1.23475
3.17332
6.53236
0.85689
1.86007
8.10632
1.64237
-6.20720
6.51693
7.86560
-3.82818
-6.53150
-0.68737
3.25501
-3.11600
-12.43048
13.40810
-7.25218
19.43773
2.73937
-0.53625
5.17370
3.48984
-2.29101
-5.43166
-11.43675
0.67010
-0.89962
5.88864
0.63480
-8.16521
-2.46732
12.81045
-7.40842
-1.46832
-0.28838
7.15899
-0.12653
-7.59632
-1.54054
-4.13735
1.54097
-14.69126
5.27588
3.78668
-2.27896
-9.08127
1.40829
-2.50768
-1.37393
1.39241
-3.08626
-0.38503
-4.57897
2.07173
3.09836
-3.88539
3.07434
8.67576
-10.42513
-3.78471
6.76729
-3.30843
5.65451
7.84174
-2.50914
-1.69451
-9.71046
-14.47395
5.77681
2.06570
5.45770
-1.20858
-0.74422
-5.31558
2.82031
-2.25124
-9.17335
2.19086
9.03285
-3.27716
5.38554
7.46268
1.55952
4.42654
-2.11710
-9.96853
6.56975
3.51770
-7.77294
4.70133
3.49964
-5.54317
-8.15917
-7.39131
-1.60999
-1.33211
2.57196
6.42788
-5.69320
2.36384
6.73762
-6.23375
-0.43707
2.64202
-10.61930
-4.61265
3.20746
-2.36515
-2.70360
-8.93811
-1.84735
4.03246
-6.30994
-2.28559
-7.20979
-6.49663
6.67732
-0.74009
8.36306
-5.52010
-8.32553
6.17987
-5.62058
-1.11709
-3.05691
-2.81083
-4.93574
13.46372
1.80369
-4.91016
0.37693
11.57443
5.11878
-8.35774
6.34557
5.39081
4.19238
-7.55767
-2.28963
-0.76713
-0.22295
-0.97510
5.89206
-0.01848
6.49463
-5.67852
7.64844
-3.63542
2.76210
5.27341
8.16598
-0.67596
-0.17084
-7.18091
4.91728
0.95088
-11.34300
-6.03999
2.80763
4.69901
-7.84064
-0.57345
-13.60618
-4.58752
-9.10238
-3.70247
-4.24858
3.56914
5.78971
-6.91007
-6.03151
6.00161
3.81464
5.77930
8.99268
1.50908
-2.84052
-6.65595
-7.74804
14.32400
-0.49792
-9.88419
2.39561
-7.23599
-0.90169
1.88929
-7.72682
-3.80617
0.89443
-4.58038
-1.16002
0.99782
-4.80928
-3.60480
1.40761
-4.92257
-3.35133
-1.21264
4.98711
6.56980
-13.99626
-7.74254
2.85683
-12.95491
3.90517
-0.19200
9.28278
0.62431
5.30394
9.45281
-3.57669
7.05873
10.61748
12.68639
5.13764
-7.29226
-0.24734
-11.46569
-4.62656
-8.40155
-3.82499
-5.84234
3.21163
7.16485
3.27323
-2.12605
-14.39448
1.77396
1.89279
-10.07447
9.36996
5.14366
-0.57151
1.25034
2.02096
1.46062
-6.41179
10.45468
-6.40209
-5.34431
-4.26681
-6.93559
-7.10998
-0.36596
-0.36730
0.54520
4.33961
-2.85870
-10.06004
-2.08806
5.82604
-1.58994
-12.98615
-2.30144
-9.67448
-3.66435
6.22063
5.29668
4.67870
2.89797
1.45998
1.92742
10.12218
3.20226
3.98258
-2.71810
4.60836
-6.58684
2.20916
-4.59347
-8.30840
-4.33190
2.91051
11.23495
0.97197
-2.82441
1.66920
-4.30565
5.73663
-2.77813
4.74753
2.69921
-6.77485
-1.30011
-1.14901
-3.49681
1.17052
-6.90243
-9.71007
-10.90974
1.77034
3.65223
7.75055
-1.67547
0.57256
1.39909
5.93830
3.55401
-3.07450
-4.76172
-2.19474
-7.05005
2.18394
-9.98608
-19.76001
4.07292
-11.92405
-3.92625
-11.74487
0.25887
-3.08568
1.06678
-9.34103
-8.80872
9.42001
-3.15185
-1.20083
-13.89474
-2.66782
-3.11603
5.96767
4.88729
-8.11228
-1.33585
-6.68948
5.85925
-2.85572
-5.28424
1.39161
0.36382
4.50018
-11.88008
-11.60283
-1.43959
-5.13187
3.10452
-4.96669
-4.40870
-2.41740
-1.78340
1.25181
6.08065
2.20465
-9.13695
-18.13595
-5.61561
-0.48691
2.64173
6.77721
5.31699
-6.52452
5.63489
-8.74597
-5.31263
-13.20616
-1.61405
10.08197
-0.17349
-1.90013
-6.41538
4.82347
-4.37971
-3.52701
-11.34317
1.35971
5.91162
-5.09939
-5.27174
6.54518
3.18789
0.14567
-3.39856
-12.63352
2.17287
-1.48157
10.33525
-8.42077
-4.63180
3.43996
-8.02616
-3.69015
-5.45383
1.30268
7.21950
-2.58211
-10.14053
4.70751
-8.53982
-9.00058
0.84420
-8.84077
-7.69978
0.97712
-11.31208
-2.82851
0.28944
-0.60033
-4.24191
3.66655
-1.08500
-0.63799
-0.16535
2.43706
-6.21245
0.04655
8.54954
-0.10558
-3.40801
7.41090
-8.77882
-6.09150
2.07404
-11.51790
-3.46412
3.97247
3.07497
-6.96509
5.07734
-7.37424
7.45146
-4.28269
-5.82927
-3.39829
17.83296
4.22347
3.84198
6.35635
-13.90982
3.82685
-3.54906
0.35685
-0.73609
5.27768
4.67573
-3.73449
-8.95050
8.73445
3.73605
-3.11834
-8.31507
-5.06606
3.28462
-6.47042
-14.75687
-1.82060
2.13558
3.79225
1.21517
5.60060
7.24380
2.47108
-2.23579
0.31177
12.66404
-3.12797
8.18147
-1.26742
-2.65639
-1.95747
10.48272
1.45602
0.06525
2.87487
13.88140
-6.69127
5.06040
12.40327
6.38038
-4.63953
-12.03326
0.69511
6.19711
5.43335
-13.00020
-3.68733
-10.05852
-3.74447
-6.09598
-13.93160
1.32304
1.95580
-3.67092
-0.55587
-16.68996
4.27279
0.15143
-15.60614
1.23601
-7.56963
-2.32020
-2.95006
-4.37261
0.17831
-4.61534
-10.80616
-0.23617
-5.67766
12.57589
0.00073
4.27196
-1.39930
-6.27130
-10.96170
1.86766
15.14920
-2.57371
9.06401
2.61401
1.14287
-0.56239
-9.28541
0.79315
-5.22813
-2.22004
-1.45824
2.24305
-2.72337
1.72449
5.04290
7.09750
3.95838
12.90740
6.07881
-7.38820
-4.29418
9.72517
-3.42054
-1.37228
4.23274
-11.27992
-0.81781
-16.52711
8.53011
6.74790
0.93534
2.33820
-6.57602
4.27789
8.94539
0.46557
6.23553
1.15932
-3.16154
1.80505
3.27689
-2.33552
-3.91566
0.59639
3.00120
5.29344
12.19482
5.84416
-16.77331
3.21243
-11.11552
-4.27850
-0.32331
-0.75427
-6.78425
5.21206
-2.20723
10.05833
3.41186
-3.37376
4.55806
-3.05312
-5.79508
-0.37959
0.92641
-3.45088
10.15346
2.05812
-2.11556
2.02469
2.99041
0.98781
3.75122
-7.96362
1.39654
1.92440
2.28583
1.15238
6.30513
3.63699
1.68762
2.16844
-5.67505
4.12248
-1.19436
6.89803
9.50890
-0.63518
-2.25946
0.15884
-7.89725
10.13903
-6.90876
-3.33852
-5.95985
2.42291
3.38513
6.97158
6.57932
1.93968
-1.75548
-3.27935
-10.43804
-7.13970
-4.59970
2.15760
-6.36497
-0.80918
2.41141
1.26662
4.11349
-1.66917
-6.33047
-7.00820
-9.39973
-3.46951
-8.58427
-1.93931
-6.18782
0.31518
-2.09457
-10.60727
-4.30700
-8.33764
-4.94828
-2.01010
-0.26565
7.37888
7.14417
-0.29688
4.93369
-7.06096
-5.54173
-6.57930
-12.54124
2.66746
-2.36255
-7.61510
-1.46894
1.48452
0.12593
-8.73917
-0.82538
6.25890
7.67708
-6.50462
4.83140
-12.26519
3.22331
-5.54740
9.56084
11.43930
-7.64540
-1.72175
-9.89858
2.49078
4.40695
-6.23392
6.52068
-8.48760
1.52613
-8.12680
5.81055
1.53757
14.25321
3.14900
-2.55671
4.80266
-3.50574
-0.80129
-8.63158
1.24234
-1.47040
-0.67467
-7.00245
-5.82710
-2.12479
2.19327
-3.31132
-1.72703
-3.51216
3.38354
12.91900
5.12111
-2.36557
2.61428
-0.09946
1.42420
0.20374
5.00732
-3.86065
2.83038
-11.46741
-4.36742
-7.82545
-0.36767
10.13323
-16.97533
-4.95854
7.46436
-4.28920
2.73140
6.28154
-5.42747
4.47961
4.58250
7.16288
3.01033
-2.58655
1.54255
4.07828
2.02343
0.12977
1.17846
-9.61605
6.72524
6.34326
-4.45899
0.91986
3.64162
2.36670
-10.34485
1.50835
9.25280
3.08875
13.89037
-0.38490
6.16789
-2.21968
7.32430
-5.72938
-7.73405
8.08239
3.51196
-10.65982
2.63362
-0.68473
-4.78346
1.35852
4.41244
7.33519
-6.52002
0.92497
-2.40674
12.29140
8.08174
3.06263
-3.92973
-2.06898
-5.23794
1.33909
1.77640
-2.93182
5.07166
4.39979
-6.81255
-6.09272
-5.74924
7.58328
-4.17071
-2.96440
2.33899
1.42143
5.72001
-6.39423
2.54568
-8.69981
-0.65429
-2.82732
0.18169
-6.22906
-4.21078
-4.07519
-14.23169
6.92681
5.59113
4.64634
-7.12354
4.42291
-0.82218
8.70053
1.37784
-6.08753
-8.95993
-2.62062
8.06654
6.43208
-4.85666
-0.32883
3.18639
10.10824
-3.97211
2.26160
-2.38364
10.93940
10.07640
-5.79604
5.65421
6.67899
-10.00749
-6.19989
1.20188
1.98395
5.10034
-2.68053
-3.45383
4.03537
5.35234
8.99939
7.29753
4.92885
5.64813
7.54372
-4.44544
-0.39462
1.86967
0.84293
11.44240
0.00188
10.17736
2.68745
-0.74183
0.37122
-6.21723
-4.31529
4.45785
-0.42434
-8.04423
6.38102
1.02941
-2.72649
-7.28445
-7.42556
-7.66569
0.09824
9.01781
8.15187
7.88808
-1.58733
-3.78179
7.78943
2.68318
6.87309
3.87118
-3.42556
4.59054
-0.46966
4.07158
-3.44887
-0.28806
-11.56429
-4.56573
1.99693
0.77439
-4.37887
-7.35928
9.75965
1.96604
2.49770
-2.51155
6.14003
-0.54634
1.09048
-9.39193
3.82405
-1.84609
9.22962
-0.40178
-8.35780
4.55701
1.65276
-3.31585
-9.96096
0.60212
-1.79646
1.37547
2.71936
4.23023
10.18348
7.61397
10.72832
-2.66017
10.06015
-4.46273
-2.73131
8.23567
1.82346
-3.95732
-6.00569
-3.73958
5.88331
4.18570
0.94566
-14.35765
-1.82221
-11.63838
-2.03788
6.82247
0.60725
-0.69653
3.78496
3.31263
0.33418
4.91379
-0.06137
-5.98636
-0.10835
9.03505
11.94697
5.97443
1.62484
1.98977
-2.92448
5.39668
-0.17895
-1.83042
-1.16725
12.03985
12.54396
-6.60658
-2.70515
-1.19531
6.77711
-0.27691
8.15132
4.40485
-8.60009
-4.79848
-3.72016
7.98599
6.36472
8.11700
3.15019
5.52528
8.94535
2.00326
1.18329
4.33102
1.07122
13.50827
-0.76271
9.64741
2.45167
3.80536
0.33670
10.29554
3.69017
-4.86960
-1.23803
-7.32652
-10.41179
8.48003
4.54672
6.50454
-6.74934
4.47615
3.12099
8.05379
1.13510
6.06752
-5.43647
-0.30409
-4.97396
-3.03888
7.19655
1.86413
-0.93949
-5.58089
0.95216
-10.19753
7.96896
-6.41345
-1.71056
-4.54283
1.12458
-3.67792
-5.41459
1.97777
4.00447
-0.89763
6.24703
3.31566
-4.28222
5.30537
10.69851
8.09597
2.05753
4.01188
-0.59597
-5.00079
4.52510
-9.68066
0.09461
7.39556
5.73869
10.05700
-1.08747
-2.91670
6.85399
-3.14720
0.21278
-3.99683
-2.12428
1.17738
0.22561
-0.89271
1.39517
-4.18347
12.35200
10.26900
4.13174
-3.43375
-2.70062
-12.90464
1.40686
-2.20063
11.57598
-1.10499
5.48955
3.23734
-14.00291
0.65744
-8.24348
1.50236
-3.24912
11.03813
-2.82737
-4.69452
-9.84267
-3.33303
-1.52567
-6.37898
-7.38983
11.04888
12.09736
-5.47773
1.90479
4.42769
0.21369
1.70702
4.86670
2.14076
0.20625
13.72902
12.29547
-3.50447
0.92898
-4.59132
0.88699
-3.09983
-1.34501
-1.47547
-6.72373
-1.54093
0.17378
-3.06800
-4.91432
0.39714
0.21633
1.72267
-2.36547
7.85213
-2.69871
-1.13067
-4.58417
-3.59144
5.52987
7.29076
-6.67107
6.63125
9.07532
4.23853
4.09301
14.44369
-1.78584
-4.08480
-13.55977
14.09317
-0.66393
-5.01361
9.64748
-2.74590
1.49360
-5.02986
-4.73240
-0.15942
-3.26332
3.84037
10.13001
2.99857
2.89264
-0.96516
-3.97059
8.69575
-4.47910
-8.75920
-8.11786
11.78603
-1.05845
-3.93666
3.25335
1.12934
-14.15432
-1.18783
1.38474
5.62735
-3.29644
12.34044
3.81429
0.87798
-4.47294
-4.82559
1.33572
-4.49752
10.57955
0.42360
8.38753
-0.03479
-7.52741
13.70251
-7.60142
4.05293
-0.34807
-5.03855
-4.55141
-3.69750
-2.28584
-1.48071
10.31507
-6.15372
6.89013
2.06528
7.24130
-5.01436
-0.37367
-14.15178
-1.21776
-2.07654
-3.10586
1.14563
6.50708
2.37671
-3.29064
0.03205
-7.38546
1.30616
9.00614
-7.74937
2.43144
0.03660
-6.56352
-9.26044
-6.25971
2.00111
1.52583
-3.26807
2.38107
-3.57044
6.23865
4.09333
-1.24505
-16.13871
-4.12479
-0.16793
-5.93191
3.32857
0.79964
5.58226
-0.11902
-4.92708
-3.69848
1.79102
13.07297
-8.41192
4.08274
-2.57659
-1.45829
5.02724
-2.11290
0.71898
-2.22159
1.09377
3.92760
4.93669
-0.21560
10.11469
1.63817
4.99871
-3.20651
7.97075
6.54305
-2.07098
-10.07166
4.78541
5.44246
0.00417
-11.22484
-6.06604
-7.57937
4.25010
3.03384
2.34845
-0.14061
-1.74300
-3.79396
-4.15222
3.05162
-5.54809
0.28634
-1.26112
-9.48532
-0.25727
0.46479
2.54293
4.05523
-4.39327
-2.62918
-3.47385
-3.69691
9.61996
1.83294
5.82603
6.65316
-3.55875
-1.58118
0.06591
6.30445
4.17266
12.21386
-6.04350
-0.17404
0.31592
4.88479
7.73999
-3.07893
-0.40420
-5.10467
-3.07972
6.93120
13.14059
-8.66199
-3.92601
1.66655
-0.64735
0.73445
0.75265
-7.02776
-7.81398
8.42846
1.59597
6.75436
4.08368
7.23592
8.29023
-1.39709
-5.90897
-2.69273
-3.99738
-3.36152
6.50141
21.32287
0.70573
-5.85976
-4.14089
-13.34299
-2.97108
5.50167
-1.12153
-4.59392
-4.34201
0.18650
10.51679
6.38253
0.86078
-0.59088
6.50256
8.39608
5.46468
9.84406
-3.61201
0.64468
-7.18602
6.56190
-3.08332
4.08971
4.10315
-8.41814
6.41702
-0.38853
8.18916
6.32842
-5.14840
10.41413
-6.20249
2.01026
1.08507
-1.93496
2.54166
-5.47836
6.44285
4.35212
-3.93969
-5.67357
8.06540
-0.55573
5.90426
0.10001
6.43933
-1.61056
2.92647
-2.72453
2.18175
-1.29326
8.08919
3.61721
0.41241
-1.75782
1.64980
6.44994
-4.15111
-2.85991
-3.16470
1.31065
15.06765
-3.31510
1.21466
-2.70301
5.17095
6.36870
-1.00248
-11.51510
-0.78906
-0.66107
-10.27072
7.52056
-0.94531
-3.62248
2.81725
5.80116
-1.83823
6.67446
8.62562
12.19580
0.23437
3.65578
-3.34748
-2.49350
-0.22720
-8.26944
-0.32968
-7.32360
3.23724
-4.58114
-0.64699
-4.39492
3.33043
-3.92555
3.63942
0.31808
4.88986
9.89579
0.19859
-3.48998
-10.68350
4.26294
-1.80872
6.04823
7.38180
-3.94215
0.54577
-1.66594
-4.00728
-11.69720
4.80779
-0.21430
2.48038
-2.98250
-3.51238
-5.57084
1.52679
2.96195
2.39361
8.59619
-9.19023
-5.41377
-5.13998
-1.32319
-8.55166
6.28221
0.56705
-0.36692
-2.77818
8.33159
5.59352
-1.99952
-2.56267
-6.13057
4.10375
3.08724
-5.76127
5.77578
-0.19496
0.98666
0.05202
-9.11846
-1.61238
7.95483
-6.49320
-5.15470
-3.92920
-4.21796
-5.37416
-2.51819
10.13000
2.59115
-7.71592
-4.66969
-0.36793
-3.04384
-11.08469
19.76495
2.10062
3.99151
-2.23334
4.51696
-0.58914
-12.20593
-2.57832
2.67069
1.35447
-0.11165
1.20327
17.28999
-1.84099
-6.92036
-5.77210
-3.16795
3.32680
4.38587
-7.60663
-2.09836
-13.47415
15.20505
5.66619
-4.09525
-2.08932
2.63311
-2.35013
4.00518
1.18042
6.64412
-3.13252
1.92887
-2.13069
6.74502
-7.51591
-10.79934
-1.58119
-5.37113
-4.76976
-2.71821
0.88260
-8.19134
0.59586
-2.60237
7.08755
-2.89953
2.62781
5.26640
0.99104
-4.11689
-11.26679
-11.60202
-2.82554
-1.66761
3.55745
6.77090
2.81513
-4.08178
-9.91640
-12.14742
-6.99010
2.85671
0.19305
-1.50436
1.75171
-7.25554
1.80952
-3.69162
2.68679
6.35346
7.48990
-4.01313
0.99129
-5.76659
1.32025
-4.25237
-1.60324
2.85277
-3.93791
2.25320
-3.36700
2.18164
5.94384
-6.26955
9.17701
-2.46921
1.25737
1.16726
-9.46117
1.35189
11.16610
4.02681
-5.03883
-7.83182
10.56348
-0.40332
4.55251
1.35669
-5.38250
4.21362
3.73286
0.53211
-1.67605
4.42272
0.43014
-0.19778
-2.29893
5.27549
0.58749
-4.43439
-4.70422
-3.26647
0.68707
0.32136
-8.60630
2.63315
-4.88244
-1.32110
6.05608
5.98007
4.65467
-3.04722
-2.82594
-5.29225
-6.97463
-3.81155
-0.37644
3.95607
-1.54655
-3.43934
-5.16620
12.13484
6.93411
-4.10755
0.24315
5.48805
-15.30560
6.94385
-1.51988
-3.82418
0.17994
0.41104
12.16407
-1.36251
1.68129
-1.26404
-2.20302
-5.39257
-1.48910
-3.82976
-5.83457
-10.68810
2.28321
5.27421
-7.40585
1.92621
9.95812
0.17169
-3.53160
-8.62819
-5.76281
-1.02392
4.26022
-6.41149
-8.62652
0.22031
-12.89544
-2.50203
0.43840
-5.23912
-2.22089
1.00979
-2.64724
9.21588
-1.80974
0.56625
-7.34770
-1.23533
-0.80945
6.10780
7.31996
1.27752
-4.63056
9.51159
-9.61401
-4.21438
-1.98845
7.60146
-4.25047
6.27316
2.85754
-3.34385
-10.90352
-1.83522
9.12170
-0.36335
-10.30209
6.75334
-3.35263
0.20577
-0.19239
-1.02807
3.18793
-7.91135
1.84145
-1.67198
-1.76134
2.76618
-5.66447
-9.97459
-9.50575
0.89759
-5.91364
-4.01011
3.22012
7.62465
2.04687
-2.36157
6.82637
-3.50160
3.86904
3.72003
-9.06280
-8.10780
-7.55115
2.80821
8.05577
2.95865
3.57229
0.97122
0.26014
1.43733
5.04549
0.26100
-0.91399
-2.54145
8.85968
0.58501
1.04594
3.19228
5.93390
-4.24953
7.00574
-5.96332
-0.84604
3.45851
-11.79922
4.22663
4.05204
-4.27670
-2.09985
0.36217
-10.22760
-5.38789
1.74053
-2.71603
-4.51799
-4.88557
2.00548
-7.45404
-8.33153
5.13600
-2.40193
1.32568
3.39617
1.70786
1.91442
-0.67676
4.43096
-1.23236
4.48291
-3.51343
-6.55746
9.44775
4.66795
-11.13775
-9.87739
-2.63133
2.56010
-4.42207
2.87068
-1.64365
-7.27645
5.31223
-0.98852
-1.93565
-1.05182
0.79860
3.37523
-3.23393
-4.13165
-0.30765
10.30536
-6.21800
0.82623
-4.91856
0.65383
10.51634
0.03400
0.45670
-7.45286
-7.46273
0.81111
-0.73179
3.28962
2.95668
-11.06340
-6.07385
1.48247
8.11321
0.53703
-7.29452
0.65297
12.17571
5.26899
6.19062
7.26620
0.48608
-3.55337
7.12323
-2.36167
0.86731
-10.26827
4.71792
-6.84697
-0.52824
-1.13107
8.02790
-1.35515
10.45752
-2.15947
3.80117
3.99004
-4.02556
-11.22551
1.83852
2.51871
1.02603
4.84816
3.44847
2.09259
9.01903
-4.03148
10.47609
-2.39696
-0.73525
-10.25036
2.80246
2.95963
4.62442
-0.49194
-1.75367
-2.29963
5.48271
9.91112
10.81385
10.51339
6.46971
9.19773
1.52990
1.14975
7.57372
4.47459
-2.72398
7.40311
1.55065
3.09223
10.17830
-1.47915
6.59559
7.29517
-11.92709
9.56145
3.29658
-4.20514
11.30079
0.28925
1.14849
2.57195
-0.07069
-8.53919
3.31825
-1.99630
-0.14134
6.96806
-1.58947
-10.01129
0.42669
5.02998
4.91618
2.08563
-9.44954
8.41569
-7.53018
-10.20064
0.42539
-11.92137
13.69866
4.10390
-3.73785
6.73267
-7.29452
7.94229
13.30013
9.37491
-2.76851
4.53373
-3.46815
-10.45682
-5.65031
-3.99715
3.66596
4.01436
7.70989
6.91924
4.81332
4.39254
-6.38428
9.70452
5.90974
5.03583
2.22635
-2.68549
14.67705
7.63394
-2.75344
2.42939
6.38650
-4.46733
4.82846
2.20660
1.77569
4.52127
4.93382
-6.56218
-1.31056
-7.44575
7.30197
0.11424
-4.09527
8.07725
7.17929
3.23060
-4.79759
-6.96457
-1.59610
-5.39484
0.92898
5.29554
5.94730
6.89805
1.91468
5.77375
1.74544
8.53421
12.53526
2.86512
3.19670
-5.51713
-3.75914
-2.13762
7.15337
-0.29305
-1.44178
-3.61198
-4.59842
4.67535
6.34826
-2.93324
-4.16521
5.87633
7.57389
-14.40056
-4.16699
1.38402
-1.38741
7.39031
-3.26434
-8.71520
-10.29140
-1.00881
6.91659
3.54883
0.76385
-3.23418
-9.63319
-1.23333
11.08515
-0.10404
-5.91212
-8.74541
4.76495
-10.18856
-7.30557
4.28107
-5.90483
6.86215
-1.05050
-11.25824
-4.37625
5.97536
-2.50711
1.47364
-4.03890
-5.84175
-14.24179
3.58719
3.34868
-8.42278
-3.45293
-5.84325
13.39524
-8.31500
-1.67313
1.36515
1.54977
4.21247
-4.23016
-1.46828
0.41214
5.57975
3.89306
1.89848
-5.77311
0.01225
-0.04334
4.43312
-1.94322
-3.67793
-3.12650
-3.41931
2.48599
-18.38423
-3.44854
0.58629
-1.84133
-0.06050
-3.38789
1.53943
-3.65544
-1.96152
1.29679
-1.16870
7.32794
6.59770
-0.22626
6.66216
-12.12118
-0.71729
-4.08623
-7.08997
10.71770
8.27232
5.88191
-5.81096
7.67474
4.08340
-8.32594
18.98526
3.35245
-3.81183
-0.61264
-3.28934
2.92181
-1.27075
14.83531
1.24022
-2.90990
-8.06771
-8.00894
2.67589
-14.51542
-14.26509
-4.66785
-2.31216
-9.03263
0.42167
-3.62997
-2.60196
-7.42130
-0.32623
3.56044
0.64896
-3.39641
-7.29847
1.23185
1.45473
1.04606
8.76548
-1.78269
-2.14669
-7.32123
1.52834
2.37185
4.82660
0.02909
6.00450
10.08919
2.91094
2.39869
0.80316
1.88958
-2.39229
2.33378
2.23084
-0.76151
4.30955
1.82298
2.55495
1.13664
-4.64148
4.73973
-2.07310
0.11025
8.39872
5.40422
5.30742
-6.42258
-4.50430
3.45951
-1.70604
3.55815
-3.18048
9.54178
-2.64194
-1.62817
-3.32425
-2.52147
5.38693
-0.32044
7.98201
1.59258
6.88318
0.33600
1.32994
-5.72510
-4.55069
8.22979
3.99540
-4.98776
-0.36151
-9.39137
-1.41373
3.36058
-3.27643
-8.69265
-1.48387
2.36139
1.90474
5.23159
-16.61446
-0.11597
14.17669
4.31709
-3.87014
-3.64595
-4.17831
5.27866
2.63625
5.56760
-1.94740
-3.82963
1.56965
7.11081
14.39075
0.70530
12.49556
-0.65409
-7.47967
-2.08778
-6.43485
9.50169
7.89718
-1.32001
3.10222
2.98895
7.67143
-1.63359
-8.26329
-3.67026
-1.93422
-14.73423
-2.05964
1.08447
-6.71054
-2.79526
-4.34956
0.64251
3.12360
3.64849
-2.44508
3.31454
9.81149
-1.93796
4.06328
2.52463
-9.27682
12.19772
-5.11673
7.05836
2.66688
-6.20113
1.28214
7.39281
-5.91367
8.26950
-3.47973
10.62381
-9.33847
9.28034
7.24847
-18.79514
17.09096
8.27811
-1.85979
1.48886
5.87687
-7.25461
0.70327
-1.02677
7.39490
6.73238
-6.74464
-5.10889
-8.66169
7.34069
0.45282
-1.69924
0.72748
-12.76906
2.23614
14.44619
0.94480
10.26810
-5.98647
1.38710
3.25659
2.15023
6.21660
2.29937
6.37225
0.94083
1.28984
-0.59340
4.14886
-1.81713
3.28359
-9.77658
-1.60124
2.46013
7.85340
4.68688
0.28605
2.30178
-13.48344
4.56663
-2.98871
4.50675
3.10979
0.17233
4.53645
4.45053
13.02776
2.13799
-3.21228
2.84275
1.03711
1.78159
7.75705
1.38063
-1.39344
-4.80681
10.78787
0.09522
-0.68870
-11.71318
8.37182
0.88429
-8.84086
5.48528
-4.17568
5.59785
-1.23391
-1.96229
-4.33299
12.43314
-8.84183
4.50504
-6.48401
3.99445
3.43015
0.41207
-1.14929
-5.21083
2.20641
1.23447
-12.66067
5.41332
6.12268
-0.10385
-8.59703
3.62372
-6.68692
-3.18254
7.46192
4.50303
-7.44124
5.20993
-6.37471
-5.07385
1.07304
-0.18587
-11.48894
3.78282
6.67721
4.65526
0.28114
-4.70118
-3.53162
-3.96583
-0.85229
-1.59050
-4.91098
-0.62449
7.39160
5.17740
7.76319
-0.92044
4.91227
-3.04444
3.53749
-6.30290
-2.42240
1.54494
-4.57460
6.99152
0.33046
-1.36728
-5.84340
-4.63396
-0.94996
10.84963
-6.46790
10.81192
2.61448
8.82975
-1.50992
-7.16547
9.17247
-1.37740
-0.24866
5.56176
1.27872
-6.89586
0.68715
-2.78934
-7.45469
4.09558
-0.17161
-1.70030
1.45487
-6.76401
7.73221
6.14432
9.99078
5.81945
-4.37444
-1.11886
-3.67610
-1.09781
-9.12728
-11.19260
-0.94241
6.36727
-1.66553
-15.84809
-12.14785
5.76972
-5.08425
6.61108
-1.47969
-8.40978
3.73655
-9.52260
-5.17717
2.62486
7.63544
6.29550
2.54122
5.36483
-2.90958
-4.09944
2.74006
-0.25441
0.97604
9.00481
-6.62890
8.31700
-2.47354
2.93316
10.30929
-5.96585
7.80301
7.88635
9.13792
-5.72848
11.27787
-6.70801
1.27236
-1.68804
-0.14277
0.62497
3.46454
-2.73809
-4.17764
4.24922
-9.27186
-12.46997
6.15489
10.60349
-0.61405
11.61550
3.04304
-9.92962
5.20790
3.56795
-4.87835
-8.14261
13.20157
-2.28258
-0.46420
-10.08871
-4.21272
16.42335
12.51080
-7.76296
-10.67629
1.08732
9.20707
-6.95474
-11.80928
-1.62911
-3.02122
8.83570
-3.27103
6.77214
-0.14684
-1.29829
7.25977
-1.16631
-3.04103
-0.16697
-0.30584
-5.92207
2.91223
-11.81110
-3.73768
2.62762
1.12682
1.95249
4.09747
2.60801
3.73835
0.99936
11.59106
2.65913
2.52245
-5.30976
13.27450
0.01656
2.39747
5.62365
-1.28271
-0.17482
-11.43355
2.05822
-1.45437
7.66784
6.75563
-3.05842
2.51312
6.82490
-6.02496
-3.83690
2.61913
6.86464
-4.02043
-0.77970
-0.61379
-1.79574
6.21056
-1.52972
-3.36126
5.91535
-2.93407
-14.14263
9.63967
-11.06486
-1.41593
8.98488
-9.07174
5.23023
-3.12040
-0.39031
15.37243
-1.77524
-1.81946
-1.61017
8.52726
1.98399
-1.41229
-0.15132
4.14374
4.42994
1.99843
3.55323
-9.20553
3.23538
-0.03598
-7.12673
-3.81283
-6.68525
-5.06397
-7.98792
-8.67406
10.12331
14.08650
-10.64057
1.50988
-3.87791
5.94045
-3.73329
-4.55237
8.26723
-1.98472
12.74490
7.04189
1.97858
6.36782
6.76101
-4.80007
-6.91140
-2.21502
4.62230
3.58051
3.00963
-8.08794
-1.72792
-9.20119
-3.79544
-0.04759
-0.04113
-1.88673
11.61857
0.70790
-8.94902
3.28148
-2.61957
7.27702
-5.47025
-0.40614
-0.83267
-2.12830
-0.47141
-8.82849
8.49904
1.66926
-3.31187
6.36609
-5.71145
-6.56365
0.48339
-6.43299
-0.60949
-0.65608
-7.39363
-5.25835
-3.78204
14.36410
-0.80218
1.96052
0.04588
1.16113
4.43768
-11.28617
12.18332
-5.71858
3.06739
-0.95073
1.07587
-0.78302
6.08296
3.19278
1.08725
0.18496
2.20464
5.62667
-0.54068
5.41707
-5.32549
-4.90925
0.01031
-5.90814
-3.83847
-3.02740
-2.18536
-3.76617
6.47851
-6.31115
2.73176
2.50046
-6.16201
1.65159
-1.93895
-5.87317
-0.20569
-2.94061
-2.37756
1.50151
-0.63684
-5.55250
-0.85677
3.11338
5.19020
-13.67815
5.93457
-5.53643
-0.63698
1.91658
-3.31841
5.95377
-2.43574
-3.75215
14.82165
2.32234
0.29665
-8.01398
6.35854
-0.81138
7.16301
-7.79677
3.26813
9.44992
1.25474
7.21642
0.06315
-3.15747
-7.18792
5.67570
0.71416
1.47368
3.27543
-5.19466
12.40797
7.27663
3.58041
-16.26026
-3.19727
-4.89339
-2.67494
-14.88600
-3.82177
-1.14896
-2.17201
1.71316
-4.67482
2.79869
-16.83386
0.36332
-3.54951
2.08883
-12.40016
9.87281
0.78845
-4.83742
1.63606
-4.93806
-4.91081
-6.18216
2.41018
-3.17738
6.71819
-1.68110
-2.87918
-1.29655
-2.68965
2.12546
2.49206
1.33295
4.62019
-3.23961
0.34058
-1.44974
-2.70255
7.04922
6.52151
2.89500
3.04061
5.79065
-0.56734
1.98394
-5.04946
5.39896
0.18309
4.91924
0.45230
1.62649
6.00433
0.06202
-10.10588
-8.59329
-0.57392
-2.67158
2.29801
1.47327
4.39954
-6.49166
-12.58990
-2.15637
-4.74344
0.77638
-0.95717
-5.86946
-4.84584
2.85060
-2.09305
-1.49155
1.34398
1.86973
-7.73679
-12.23607
-6.18698
14.90757
0.50505
6.42588
-4.61768
-7.20315
1.84075
-13.02672
0.54655
4.56890
-3.27801
2.97176
11.69595
-6.95833
2.49517
2.83178
13.01301
5.08939
8.92187
0.99012
-0.96055
2.98109
1.60598
0.98751
3.92078
-6.33038
2.16309
10.15968
-13.39283
14.60874
-6.04619
1.09546
-7.43310
0.61293
-7.05944
-7.13962
1.80754
-11.80226
8.23988
5.24285
11.27179
5.43298
-7.53151
-7.09905
-7.67308
-8.58891
0.96108
-1.28131
10.25608
-1.53022
-1.77136
-1.98648
4.46253
-3.35274
2.82019
10.66013
2.25642
4.11927
-5.64212
1.30396
-6.02891
-1.03597
-2.86869
-4.51907
-3.81225
-10.71430
3.35155
-7.45663
-0.46755
11.50993
0.36092
5.42393
-2.62762
-3.03899
1.12458
-4.42377
0.58718
-9.26007
-1.39008
3.71470
2.93392
2.32661
-0.55398
-3.15589
-3.10076
-7.85362
5.79517
-1.64799
4.48471
-6.98278
4.42920
3.41281
-3.83723
-12.72092
10.72604
-6.16674
5.44224
10.80215
-3.69707
3.25909
15.38994
-12.10479
3.97719
-0.42460
0.24264
-2.97689
-4.09395
-2.81290
5.79164
-4.86454
-5.66662
-2.67364
10.88691
6.92474
-5.63634
-4.02429
-1.12552
8.56856
-3.00830
-5.38281
2.31315
-3.87602
-5.87940
2.68521
0.92723
-3.69039
0.34157
-2.44370
-4.90158
1.65039
4.21283
-1.95844
5.16530
-0.74097
-3.65244
1.47191
-13.28470
-6.85768
-9.68917
7.97871
2.71545
1.92786
4.57125
-7.28445
5.81754
2.44612
-2.21611
4.82831
1.66860
-7.35047
-2.43051
-7.35255
-3.41742
-1.32807
0.30896
-2.84350
3.81645
-7.78088
-4.10112
4.02670
7.83982
-0.07389
-0.73321
4.37656
-8.82734
8.14079
-2.07698
3.62755
5.20793
-0.59491
-8.26504
-1.18797
-5.25421
4.33866
0.68389
1.67993
4.39964
0.42707
0.35699
10.13158
0.81578
4.73543
15.69170
0.74949
12.24102
-0.59920
5.00298
1.45481
5.89654
-7.20203
1.38381
-3.79655
4.82676
12.25468
4.93891
6.34823
-1.95707
7.32284
-0.89066
-4.81051
-7.97385
-5.16422
3.35436
-0.10671
-9.47108
-11.41301
6.52591
-1.77474
1.74231
6.06396
1.50927
-7.48916
1.38089
-2.09960
6.32861
4.88583
1.61658
2.61321
-4.77500
8.45610
7.25955
4.30519
1.74264
0.23008
-0.40814
-8.43729
4.27651
-7.00017
9.07439
-4.36820
0.58202
-9.99474
2.02549
1.55398
9.69278
0.31908
-3.78974
-6.78937
-3.94706
-6.12642
-0.79451
-7.43912
-2.55005
9.19086
4.89001
-6.06587
1.52457
-5.61721
-7.55026
0.75141
6.41509
-4.12634
-0.25256
1.59226
-0.38222
-2.29093
2.43329
-4.37877
12.29102
6.82215
6.19226
-1.63569
11.47920
-0.66060
-4.19940
-15.65483
-1.13018
-4.42556
1.73709
7.07357
-5.23113
-2.62218
-12.60872
5.52749
11.31181
9.26977
10.65840
-8.81579
-0.08859
2.23616
-3.59742
-1.38378
2.50595
-7.65511
-1.77340
10.18434
-0.09825
-11.39161
1.19270
-7.92893
3.35527
4.44432
2.75667
1.58339
-4.58450
-6.91059
5.59839
-0.23659
6.60447
4.38038
-4.17436
0.04663
-3.29630
14.45852
-3.66718
-0.47537
-6.42595
0.78204
-0.18638
6.47966
-8.44428
0.33779
1.05626
-5.85829
0.62097
3.97079
14.94389
-2.76741
6.82613
2.66792
-7.95201
-4.71836
-6.10008
-1.31076
-0.31040
0.76775
-1.49096
-5.54457
5.77224
-8.38544
0.93198
2.43755
9.75470
-8.17704
-7.65984
-0.54806
-5.57418
0.16927
3.52471
1.64216
-0.80099
1.57127
-3.37595
10.21420
-6.09928
8.01427
-2.15147
4.26514
-1.98214
-5.99389
-8.24270
0.37239
-4.25745
-3.36439
5.00779
2.22812
-3.86804
-9.64533
-11.39639
0.50949
-1.81128
1.93235
-4.85652
0.55731
2.93227
5.27084
4.82742
-1.15835
-5.51166
-2.98760
9.47305
3.95556
-12.19419
-5.83010
-0.13485
-1.25494
-6.06567
-2.38874
-5.38361
1.90960
-9.67150
-1.19986
7.36983
-8.28707
-0.23330
-4.51325
-4.90961
3.50596
6.10563
4.06318
3.95049
-11.99407
1.43134
-6.72760
8.16284
-0.25512
-10.12618
-5.42321
-9.06422
-7.42279
1.53737
8.80528
-6.78140
-6.59197
9.32728
5.53667
-2.69908
-0.51638
7.00492
1.10345
6.17124
-4.79143
4.41815
-4.27625
5.89537
-9.29305
1.40932
0.74628
-11.85862
-3.53937
-3.27260
-10.26541
11.83306
-1.62384
0.57247
-7.39759
1.91950
-0.67289
3.88547
11.61549
6.88638
-4.10226
7.85449
-8.35031
-1.85696
2.62366
4.47681
0.67063
-3.37951
0.06953
-0.87385
0.29408
2.41088
-2.75530
-4.94003
6.02818
0.99265
-0.37060
5.19627
3.49024
3.78257
-2.24518
7.23676
-12.09504
3.02703
1.68760
5.90709
-6.00721
-6.80772
9.92195
-0.80355
0.12688
-0.23818
-7.37469
6.62062
-10.42477
2.26429
0.25752
7.76576
1.74636
8.64995
-2.38344
-8.95974
7.35173
4.61893
-4.17110
2.57570
-3.26996
-0.02070
-3.87695
14.16225
1.34110
-10.63875
0.26136
-0.08904
4.66801
1.73209
1.53411
1.67032
-0.14510
-13.49618
-5.10615
-6.80633
-11.27318
2.93688
-1.46903
-3.92525
6.83954
-6.90234
8.51931
-1.53974
0.17368
5.65805
2.34904
7.75633
-11.98149
-7.58374
-1.64625
-4.85309
14.13292
2.54696
4.21158
-8.19156
-1.70816
-0.63036
-2.08928
10.42458
7.86627
-3.59164
-4.29901
9.34068
19.41249
1.53255
-7.50059
-0.11764
0.82373
1.98625
0.50960
2.36170
7.98306
0.80551
-14.88452
4.38651
-1.72738
-10.21019
6.21724
4.68893
10.42321
-1.85076
-2.12781
0.90385
-0.62775
2.27996
2.92049
-6.51521
-9.77415
3.07512
6.93241
-0.68882
-10.94462
3.62005
2.41454
-2.75161
-4.77913
-2.31124
3.87343
-0.09861
1.56388
2.09229
6.14302
6.43102
-1.20636
-6.22673
4.68061
-6.42108
4.82414
-6.01255
5.25266
8.67644
4.25046
1.08895
-0.69962
-6.79378
10.43094
-4.21810
2.34396
-11.78220
18.39998
-7.01732
7.70803
-0.14698
3.40890
5.52899
-2.12701
4.19509
-1.03555
1.47930
0.86556
1.09619
-10.65745
1.68796
-9.25043
7.07837
0.85143
4.55062
-7.80341
-4.60253
-0.86332
-7.79934
5.36103
2.00585
1.21618
5.40898
-2.05652
-2.24523
9.84324
6.66910
11.09604
4.48978
-4.08015
2.43959
-3.79387
-1.34422
1.80246
2.03333
-2.58319
3.09821
-5.77219
-10.88362
1.33245
-1.94116
2.44195
1.57152
-5.93696
-3.58137
8.24006
3.43503
5.65683
2.34136
3.75324
2.11613
-0.23965
-8.06922
7.82036
-2.61985
2.65880
1.10993
-8.20630
-2.64601
0.24270
1.97736
0.70762
7.44642
-3.86569
2.69437
-9.61963
-4.92656
0.96281
-0.06012
5.12642
-3.88235
-3.06812
4.46526
3.04067
8.47435
-4.80602
-3.91211
-0.45048
-6.39738
4.36530
5.74763
2.42945
5.48518
-0.65479
-4.07060
-5.27823
-1.17812
-10.07204
-3.34494
7.30273
4.78059
-2.76354
-2.71776
6.22598
9.15875
1.95528
-13.96873
4.19679
-4.47233
3.24246
-4.39873
-3.21956
-4.40776
-8.61971
-4.64664
1.60083
-3.25651
2.85083
-3.75970
0.78121
0.42914
0.31879
9.38830
-1.96904
6.26032
-1.22934
5.16208
2.81180
-6.20170
5.78389
12.98705
-1.70518
-12.12012
6.89633
2.78852
4.84386
6.74578
-3.86367
-0.77515
-1.73223
-5.32013
5.71326
-6.45379
-5.70190
-9.72479
-2.40431
-12.05080
0.91257
10.89347
-4.33202
-13.14390
11.10543
7.58607
7.85226
2.41657
0.60491
0.74130
7.00521
-1.55499
-0.81351
9.55032
0.93629
-1.96923
-0.17886
0.85630
-2.91366
-1.49073
-0.40780
-2.36689
4.17678
-4.20640
0.17507
-3.01982
1.51244
-1.65081
-2.92637
-10.10044
1.86865
9.00177
6.34990
0.80671
-4.52921
4.55177
4.17831
-6.82212
-2.22405
-2.89822
3.70214
-3.35132
2.04241
-1.24039
-1.80837
-1.90797
2.36617
6.87708
-9.72625
-9.51940
2.88737
-2.19340
2.23398
7.16230
10.11663
0.75921
9.46429
4.54566
2.68339
5.44750
-2.56501
-5.12054
-5.41216
3.66068
-3.65678
-9.00849
11.89860
-3.41399
-3.93332
-0.26224
0.44153
-13.41214
0.08335
-9.70938
4.83377
-9.63644
-5.68079
5.69019
-7.80575
4.97795
0.01935
13.16603
-5.88529
8.99075
6.17979
8.33902
10.71225
-20.85983
-2.59421
6.03232
1.56472
1.78652
12.51288
4.33762
2.55342
-0.14263
0.64655
-1.45803
2.63131
-7.63967
-2.90034
-2.19245
-6.67516
-0.26504
-4.88454
10.21297
-0.79459
10.48994
-4.98503
-5.83412
-3.91278
-5.88550
10.45858
-2.59276
1.45501
0.67861
-4.85424
5.29215
-2.65450
12.72614
-0.10593
-10.31720
0.27847
10.11169
0.01800
-7.36643
-2.04645
-2.82318
6.49272
-4.77440
5.34572
1.02574
-3.05787
-0.37886
4.69754
-2.20173
-1.74568
3.11209
4.68826
2.77982
-3.89577
3.07346
3.14909
-5.25407
-5.58970
-7.65985
1.10424
2.23381
6.44892
3.15122
3.50857
-5.15580
-9.99069
-1.39834
-0.56147
6.02113
-1.03043
1.91569
-0.88771
-0.42614
-1.31661
-9.01444
-3.73029
3.36911
-8.30695
4.64084
-4.55395
-5.63290
8.36835
-4.51049
-1.52260
-0.30330
-9.70751
-7.56193
10.06406
-0.13081
9.77366
-6.76679
1.36849
5.17868
-11.93005
0.12447
-13.71563
-2.15169
-1.93888
-6.70585
-2.27873
5.38419
-8.83782
1.72063
0.29180
0.61764
2.02161
-0.94692
-10.96820
1.64346
-3.36013
2.92530
-4.09300
-9.52386
0.57365
-2.17225
0.70325
-6.70352
6.26406
3.21780
4.19831
0.74041
3.11336
-3.66453
5.79074
-3.75456
0.83455
-7.50128
4.01513
1.38924
-10.34765
1.28468
-3.33430
1.81959
11.34250
6.10898
2.99587
1.77095
-1.05642
0.96462
-4.97399
6.78993
-0.97210
6.09018
-1.06993
-4.31306
3.09400
-5.07825
4.80497
0.28481
2.25267
5.39088
-6.87388
6.21113
7.64052
18.29527
11.13911
-8.38392
4.29713
-1.80980
1.27323
-2.11393
7.19961
-13.56169
-11.81127
-3.80951
-9.17167
-6.03051
-5.19597
-5.82817
-0.94975
12.76895
-4.76288
-8.86802
0.38443
-3.99911
-4.46951
-1.42821
-8.32096
2.31406
-4.75920
4.66417
4.36301
6.82007
0.63201
-0.38168
-2.16843
-0.17397
-2.32302
-3.09577
-1.58508
11.05779
1.43038
3.94765
4.67024
-5.80686
-7.33262
2.12036
-1.13897
0.33921
2.20541
1.18448
6.33681
-5.18810
5.78546
7.13306
0.65833
1.39646
-4.48127
8.26336
3.94104
1.76134
11.34952
0.61627
1.88541
6.59875
4.03745
3.68985
-4.75382
-1.06085
0.64601
2.93567
3.51609
-2.22877
10.42075
-1.79567
6.34897
-4.83899
9.90027
0.17964
-0.11687
0.91697
1.13944
3.21188
10.36664
-1.08261
-1.09497
-1.22396
-1.72478
4.62937
9.03289
-3.81783
-2.54636
-3.81309
6.55264
-4.82909
2.62342
3.41327
7.94744
-1.54947
6.09355
1.55917
-6.85341
0.79161
0.75678
5.42042
1.33661
-1.73750
1.52561
-0.41502
1.86883
-5.61549
-2.20437
-7.29520
-2.81615
-1.88530
11.99122
-5.10971
3.15800
-4.53189
0.44744
-2.00705
-2.13967
7.78372
1.72782
-0.64184
-5.67296
10.62662
3.47813
9.60444
-8.52078
3.15013
0.98565
-5.98359
1.21540
-5.35968
6.43739
4.01052
5.07423
3.81998
5.26794
-17.36157
0.43646
0.27004
0.79085
2.03301
-11.59805
10.00485
-4.78500
-4.38041
-6.94576
4.72887
-1.69294
-1.79249
8.20109
3.49218
-4.95554
-1.50795
13.62288
5.35186
-8.56163
1.99083
7.09237
0.19326
-5.70923
3.05355
5.44729
2.59839
12.42210
-2.12799
-0.38746
-0.33521
8.86598
5.31074
-0.21273
-5.25070
12.53343
8.31597
8.16776
2.92905
1.76936
-4.51558
4.62946
-4.17058
-1.69106
2.90822
-6.10490
-2.50665
-8.01577
0.04892
-3.39375
2.24753
0.40531
-10.53581
14.96012
-8.89405
-4.78137
-2.09733
-2.08450
-7.33883
-6.64251
-4.21233
3.76206
-6.73407
-1.94861
-11.75343
4.96999
-6.91900
-1.01995
9.82335
-5.53986
-2.50737
0.39875
0.58410
6.50395
-2.21782
1.11177
-5.20714
-2.39594
1.48170
11.41467
7.52166
-7.44427
-1.28898
-7.07227
4.40633
7.00498
3.38058
-2.80088
-7.17472
6.06345
-2.09844
-20.94078
-5.69456
-4.38624
-5.24501
5.32324
5.26625
-2.77818
-1.63335
-1.63885
3.32941
-1.22530
-0.95191
3.36117
0.99402
2.39093
6.28154
3.41297
0.06750
-4.43248
0.40134
-5.31937
-7.19435
-1.48814
5.13642
-0.55394
-5.12091
-1.89558
1.67967
1.46835
8.76839
-0.07517
3.73107
-0.56677
-1.68503
1.76784
0.09364
-6.03664
-3.81660
-4.98702
3.56657
7.29621
-10.66069
4.92207
-13.38014
-2.45175
12.29594
14.51380
8.37486
-4.79489
-1.59053
-6.55012
-0.41442
3.79964
-2.82005
-0.97235
-3.98557
-1.80705
6.29115
5.32339
-0.74693
-4.52431
-10.45499
-0.99835
-3.48394
1.11310
-5.38874
-12.99667
1.49476
-9.86990
5.29777
4.95919
8.81511
4.15109
-2.70141
3.26715
-0.53762
1.77442
5.89635
-5.86363
6.21022
-7.35425
1.37570
0.81781
12.79660
16.11093
-6.40096
5.01040
-0.53689
-10.86336
-0.66844
-3.30946
-1.02191
0.48402
-0.89513
-6.33512
1.20448
-3.06308
-0.11233
8.94111
6.60836
6.64891
1.57759
-2.70079
-4.71906
-0.65443
2.00716
-2.21691
-3.41957
-0.14931
3.30684
4.74889
-5.52153
10.07256
-3.18241
-2.46902
8.09659
3.48867
-6.94081
8.29298
-5.10407
2.61449
-2.77547
-2.77228
0.94524
-6.17823
4.18584
0.22868
0.01833
-2.39705
-0.30888
-3.64425
-7.61507
13.62017
-3.82712
-1.57765
-3.68571
-4.50814
-2.00114
5.61533
-3.92891
2.91712
1.71044
2.17182
3.98396
-5.53816
0.90073
-7.88843
-7.72502
-9.26165
1.65618
9.93812
-0.21872
2.23705
-2.88184
-2.91934
4.39486
-7.20326
0.44125
-2.53871
-1.48509
-5.65651
8.45513
4.20714
-0.18903
1.89361
10.90684
3.13347
4.13544
-0.35671
-0.35526
5.90817
6.22898
-11.88988
3.09514
-6.90717
0.54977
5.84062
0.43789
-0.49298
0.90961
10.86469
4.10541
-4.34877
4.07293
9.23077
3.32101
-2.62594
-6.40329
5.98160
0.95532
1.67984
-5.01448
1.57945
7.26171
-1.49434
-0.43674
-2.36793
-7.73658
7.33588
-0.91860
-1.10651
5.59151
-2.10117
4.85302
-5.27088
-9.75629
-9.77950
-5.24543
5.34291
4.67498
3.03990
-8.50439
-7.89325
1.71407
-2.90233
-3.01084
-6.25182
2.51473
8.12236
10.63726
8.45608
3.92587
2.62024
5.41666
-1.92142
4.28525
3.79624
12.69818
-2.55251
-3.65729
-5.82874
-3.95663
-5.89680
0.37488
4.59272
-1.65042
-6.14949
1.83005
0.35351
-3.31528
3.05555
5.86497
4.96711
-2.82570
5.57216
-0.81742
-5.24646
7.31522
3.70175
-5.94189
-1.04621
4.70250
-3.61542
1.88309
9.25498
4.21685
4.82649
6.22604
5.13846
4.17188
4.29340
2.82225
-0.53715
5.66242
-0.55473
6.46767
3.07824
-7.22498
-0.06413
1.84636
-1.96768
2.94038
-1.96073
3.14739
3.74079
4.80166
16.09272
-3.74001
2.12751
-3.61739
-3.17277
-0.63542
-4.46075
7.08459
2.50531
5.75866
-10.11199
-4.78868
5.13458
5.45363
7.53218
-1.20642
-9.20631
-3.73159
-5.77761
6.94909
6.67066
4.04593
-0.43940
-7.46552
3.26127
6.92732
-2.84769
8.37568
15.28218
-5.75132
1.08660
5.32529
2.92065
-9.82543
1.91760
7.94454
2.64144
-4.37709
5.02104
-1.64674
-7.23832
8.14543
-9.95314
-3.91717
-4.96343
7.56709
-4.81672
4.18421
-2.89177
4.47094
-3.70081
-3.79590
2.75729
0.15509
-7.17285
10.88125
-0.60596
3.30675
-8.83724
-4.17256
-12.30651
-0.82482
-2.83849
-13.48438
-4.78617
4.15356
-1.88538
4.82258
3.02094
1.92946
11.78792
5.08155
-22.48649
-2.25946
5.62213
-6.42393
1.41799
-4.30133
17.44572
7.70800
3.30738
10.85786
5.93076
-1.57058
9.86874
-7.46656
12.75350
-4.58988
-5.52245
1.15888
-1.96845
2.09728
-3.25361
-1.15094
-3.04634
-9.80738
-13.34536
0.69451
-0.59376
-0.49824
-3.16028
-10.62611
-2.60296
5.44704
5.11830
2.25501
-4.71313
8.16276
7.26463
-3.42313
5.43527
-4.87689
-1.07750
-0.38937
3.44583
-2.04363
2.15808
8.40112
-4.71161
-0.96509
1.61727
1.54351
9.19531
-5.17476
-2.11733
-6.16605
6.62084
-0.02752
11.33268
9.77455
-6.28725
6.04221
-8.14644
-3.28719
-10.57568
0.12636
0.41270
4.32550
-0.04689
8.05290
-2.76012
3.37272
2.74728
-4.25297
-7.61408
0.36813
-2.43761
-0.89082
-3.65446
-14.67411
4.45448
-2.89808
-3.67949
2.84260
1.17791
-2.19526
-1.84190
10.94439
-2.09731
-4.36766
2.38955
-6.19186
-1.20489
-2.59143
-0.73088
3.96038
-5.64806
9.27751
2.22156
-4.37496
7.29940
-2.23015
-1.56004
1.05482
6.38148
3.22204
6.26605
3.95139
1.15476
-4.46323
0.96097
0.33104
0.58243
10.69059
-0.41165
-1.13018
5.74598
-1.02926
-7.47735
0.87621
-8.24673
-6.47094
-1.46213
3.27341
-4.60949
-6.25263
-1.73569
4.33478
2.60052
-10.55774
4.09664
13.28828
6.11032
3.16018
15.10140
-1.41904
-0.23320
-2.61146
10.16738
9.71363
4.95775
-1.65979
1.29634
0.30836
-5.11515
-4.36653
3.31826
-1.41805
-1.39196
4.45736
4.82687
-3.29378
2.27206
-4.54347
4.75827
-6.45893
3.82523
-7.33055
8.59494
5.07251
2.12042
8.31459
-2.73331
-7.51946
-9.08195
2.14161
1.74706
-8.14681
5.59127
11.39921
3.53630
-4.28949
-1.79654
10.72110
4.64482
-9.03968
5.72987
3.82803
-1.21028
-6.25710
-1.49354
7.39741
-0.01860
4.05552
0.51948
1.80979
7.01450
9.92067
-2.73995
2.19349
3.76284
-0.49774
-3.20386
4.67667
0.47680
4.48347
4.70466
1.52587
0.18858
-7.71205
5.78163
-8.55548
-6.64033
4.94943
-1.22630
9.09816
-1.02018
2.34082
0.40108
2.18487
-2.68979
3.95454
1.03732
-6.67863
-0.02836
-0.18161
8.33522
-4.32831
-9.18353
2.82922
6.19558
-0.22254
3.85390
0.41870
-5.85696
-1.94888
-6.48825
-2.89933
8.93913
2.09232
-1.05757
5.25928
-4.91107
-8.03296
4.25641
-0.87750
1.98938
1.88405
4.65517
-7.63373
-2.63732
4.16665
-4.76050
-1.49834
-6.13317
2.38397
-7.32552
-7.68672
-0.33043
-0.33212
5.60192
0.74692
-5.80449
17.08492
-6.07171
1.08206
2.22496
-3.86252
-11.29410
-1.30626
-4.58637
2.30290
-0.40819
5.33100
-9.40312
2.67894
-15.34844
-3.01467
-0.17968
-11.76496
1.87297
8.14119
-2.26246
-7.66988
-11.27742
-2.43379
-0.29651
-4.20983
1.29465
9.91715
0.12678
-11.75125
0.93498
3.25329
6.32568
-17.49098
1.87835
-6.62697
3.28521
-7.96103
-7.35844
-6.97577
3.50182
4.95649
3.31204
-1.00735
6.35085
8.22209
-3.51097
13.83680
-2.11704
3.10218
1.67661
7.19258
-2.63773
4.41564
0.50113
-4.43747
-0.11374
6.65375
5.32800
-1.32171
4.41642
2.34222
-6.00575
-7.00025
-3.98979
2.48316
-13.47836
-0.04512
5.57675
2.24781
6.96360
1.51746
-1.23238
-15.31100
-4.01933
9.27841
-7.72889
2.22029
-0.00350
-1.55778
-5.22364
-4.54173
3.80677
-2.35862
-0.18284
-2.98723
5.78627
-0.77737
-9.67487
2.94210
-0.28874
5.01725
2.45457
5.56249
-3.08784
0.00934
-0.96668
14.63350
-1.54384
-0.44995
-2.00428
-4.44396
-3.48254
-6.70435
0.49064
-12.92338
0.74220
1.86906
4.29598
-2.88257
7.30443
-2.55533
-0.52152
3.15648
-17.44482
-4.33682
5.61454
6.88179
-1.28780
-5.25266
-7.82701
4.45314
3.31406
1.76859
0.75281
0.51252
-0.37416
9.08407
-5.15305
-19.13897
-0.29684
-0.09908
11.37873
0.47421
14.04252
5.82488
0.12991
8.37903
-5.97912
-9.57705
-13.47914
-1.28834
-3.37853
7.80801
10.09206
-1.19514
10.51050
-3.09801
-0.41101
0.16215
1.46190
-6.35127
-2.20904
-0.44022
-6.80822
-1.66357
10.36944
-6.04533
3.36219
-4.83384
-9.94247
-3.16474
-8.47282
0.24895
7.67171
-1.12746
-0.69502
0.77988
-4.50291
6.62261
5.03130
-5.90209
4.80754
2.37638
1.16813
-2.25548
-2.08299
7.26186
-4.36417
0.49757
-8.16492
-0.46781
5.59092
1.61277
0.20724
4.26642
-17.01555
-3.70725
-1.28418
-1.94398
-2.78724
10.73402
5.67100
6.00647
-5.97109
3.36082
-0.49951
14.31273
7.80013
6.26720
6.53042
10.33259
-4.37237
-7.79736
4.65491
0.80394
2.64963
-8.49093
-9.99098
3.94514
-1.69197
-1.56957
4.40575
1.71180
8.88758
-2.24386
-1.17185
-8.30312
0.05229
-1.75774
6.44803
-7.81953
9.49256
-9.17744
-3.03398
-0.68262
6.54726
-1.49031
2.71092
-0.16897
7.41757
-5.03496
3.78365
-4.29563
-4.63439
4.03746
4.11518
-2.18550
6.18877
-7.81332
0.13582
9.06457
-4.32412
-3.43416
-1.99317
-0.93944
1.06497
-6.22222
1.83662
14.82972
1.73458
2.68983
11.34182
-8.62066
-6.83781
12.93549
3.24596
-3.41204
9.16366
-2.72144
12.11296
-5.38535
7.72870
-7.55759
3.96398
12.46637
6.85198
-8.03536
0.96953
-3.37515
3.42521
17.26112
-8.24943
4.94605
7.37483
-2.30723
-5.45552
-3.69668
5.71687
1.11632
3.78943
0.35170
-4.44290
3.88818
3.04418
-4.96232
9.15403
-0.54081
1.30266
10.37695
9.48281
-4.92382
-0.11982
-6.00192
-2.06286
-9.41049
4.14335
5.71026
-6.37237
-5.18035
-6.70705
-0.85973
-7.20875
2.11570
-6.80128
-6.65339
-2.91851
0.91057
9.33335
4.05761
7.80306
5.35234
6.52609
-10.65655
-5.59128
-2.68759
-2.36878
-5.18163
2.02670
2.16706
2.07107
0.19731
3.37401
-4.82932
-0.62457
-6.34846
-5.65416
-3.40265
7.68291
-1.67301
3.21150
7.70678
1.45521
-6.07533
-6.89955
1.32447
3.25259
-5.32609
-7.37376
5.66918
4.63546
-8.14417
-4.03703
-1.60188
-9.23676
-14.45185
-6.91802
-3.05969
-8.97759
-0.69086
3.64798
1.65896
-15.15825
11.60198
1.53576
12.78546
2.34646
-0.46335
4.49136
-3.61176
-13.60279
4.26788
6.40642
2.22251
-0.46423
1.74556
-2.02640
-0.08644
2.31759
2.09955
-8.72176
-0.01903
2.67947
5.15697
-3.06785
12.02174
1.62963
2.35326
1.30945
-6.72764
-2.26036
-13.63752
3.38083
0.69533
-2.80466
-8.55747
-0.49997
-0.21602
-0.39410
-6.80433
4.81107
8.45116
-10.75689
-9.22231
3.99175
0.06393
2.64454
-2.20508
4.20511
17.19254
-2.39072
2.26574
10.63854
9.65460
-0.71757
-5.30953
5.49365
1.01504
11.36712
7.74162
-11.05987
1.02575
-6.88584
-0.74342
-6.96290
5.98761
1.95481
2.43366
4.54117
4.36047
-3.87739
-3.07220
-3.24667
-7.56870
3.06116
-4.08136
-5.90366
-6.31815
4.96262
0.20970
7.00478
2.46649
-1.98541
-0.96007
2.89141
-3.37781
-9.45714
-2.66925
-0.03558
5.03647
-0.90017
-0.74974
-3.59790
-0.85949
0.25526
-8.32507
0.36862
2.50963
-5.72416
-4.30853
-4.07391
-2.85246
-17.18564
-1.33573
1.78053
-0.80469
1.19782
-7.27910
-9.13999
2.85972
0.64210
3.63340
-4.16449
-2.60325
-1.96714
2.40295
4.83515
-5.59736
-1.87333
8.00690
-3.92692
-3.28777
-1.17371
5.26684
2.82704
-0.66857
7.52859
-3.44331
4.41531
7.74021
3.19161
-10.71092
-3.33213
15.11515
5.20666
-2.47621
4.60356
-4.78551
2.92130
5.13793
-0.42007
-5.81733
-0.48877
0.41877
3.40877
6.44726
3.66093
0.21974
-1.73058
-8.52372
-6.32638
9.90357
3.35473
-1.04459
2.12322
5.82780
3.88286
3.93577
0.52998
-8.71770
4.63197
-3.17384
9.56926
3.28536
4.08413
-2.13294
6.53050
9.96163
-2.25235
9.17049
-4.67727
17.93490
-2.86121
8.21791
-3.68735
-5.75057
-4.17541
2.24722
-2.77136
-3.70088
7.54809
-2.33140
-4.37952
-7.17759
-0.11540
-0.99109
10.03271
8.83502
-2.76613
3.38859
15.67025
-4.62833
4.37769
1.72670
1.58236
3.30769
-1.60765
-0.72746
-3.70303
-5.46195
1.96652
2.12139
3.07437
4.39054
2.46361
-1.39874
-9.76995
3.24163
-0.67633
1.07863
-2.22226
-2.34170
-11.57030
1.16533
-3.46153
-3.39132
9.95769
3.29680
-0.23052
7.16651
11.15412
6.96213
-5.48048
0.30871
-4.17325
1.88395
-6.71879
16.00288
8.47211
4.80480
0.48837
-11.94310
-4.26215
2.39857
2.74470
-6.78869
-4.33370
0.81241
5.75415
9.10592
1.85326
-2.05064
7.02745
-1.01102
0.59120
7.19509
4.60767
13.92167
3.02114
11.59628
1.22749
-9.28222
0.33982
-3.05779
-5.17164
2.01450
0.97288
-4.30555
1.12345
-3.05834
0.29833
4.57575
7.99665
-0.52014
7.56403
15.00196
2.22899
-1.17758
-8.44440
-3.81536
18.65434
-11.11977
-3.47345
1.45199
3.39726
2.71206
1.98060
3.93068
4.70599
-3.99299
6.05357
-1.77408
-2.32130
-1.10047
-7.13947
1.15646
-5.63767
-4.39760
0.61878
-5.10077
-0.68081
3.10224
-3.34899
-0.79932
-9.60023
3.30221
-4.48401
8.06378
1.80498
-7.98487
2.56292
6.09684
3.70579
-9.08332
5.27441
0.03196
7.32325
-8.67362
-3.47333
3.26511
3.52745
5.68184
1.58055
-7.03110
2.24952
-5.34443
2.60449
-1.75879
5.56135
-3.50161
-0.94765
8.25818
-1.28838
-9.41548
9.12304
-2.28410
-4.02577
-2.91177
3.13100
0.21182
2.46001
0.05795
3.95366
-11.09627
1.11185
9.22289
-9.37877
6.74106
-1.66637
6.36970
-0.71066
-1.65296
-0.02515
-0.08931
6.73941
4.28124
1.81799
-0.44143
4.76799
2.31848
-6.67064
0.88611
8.65026
-8.56273
-2.47333
-7.76606
-1.02452
4.36568
2.66419
-0.29826
4.31554
6.42890
6.80634
-8.85749
-3.07450
8.13296
-10.48175
5.16694
8.71897
-4.22789
11.27850
-1.53482
5.95746
-6.90554
-2.18010
1.28005
-1.03675
6.53144
7.62788
2.45845
3.62717
-2.90615
1.54680
-1.59346
-0.24731
-2.21630
-3.92057
3.97668
-10.61438
-9.01455
1.57510
-0.62551
5.89016
1.52004
0.98872
1.95609
-0.87324
-2.08814
3.51909
-0.17435
-5.61480
-3.36006
6.49356
4.43347
-2.33182
3.52070
-7.98426
2.77705
-2.51542
-3.98212
3.35277
-0.95648
0.78202
0.10287
13.31182
6.84105
-6.96808
-0.83385
10.69679
-3.63798
-6.91091
-4.89746
5.02447
0.53595
-4.34780
-4.45237
-6.48650
8.30577
-0.47424
-4.72666
9.98986
9.65432
-5.74205
5.88962
-0.49254
2.81282
-5.53400
-0.17224
3.49646
10.38774
-2.85047
-5.14829
-2.20392
4.31231
0.85376
1.34694
0.48684
-3.82841
-11.47353
6.52931
3.07396
2.14965
-4.71856
11.42273
-2.91930
-8.09746
-4.39277
-1.17140
-4.04400
-2.03432
2.00210
-2.56176
4.76274
-2.43415
0.28435
-5.20804
-1.99040
-5.09944
1.16628
-1.01078
0.03900
-1.45204
-8.15947
9.46993
-5.17169
2.92812
-7.34223
1.21916
2.25849
0.49606
10.54570
-4.63999
4.97122
-1.20474
-1.66583
-2.25074
-2.28802
12.73864
2.56501
-10.25948
6.79786
6.61153
-4.76654
5.57102
-3.66062
9.03170
2.27581
-4.24226
-1.84947
5.35112
3.20902
4.50313
-4.68169
6.22941
6.44652
-0.77385
7.46283
5.44686
0.64607
3.45691
-2.10781
8.74408
-3.97257
0.71787
-2.40269
-7.32612
12.20830
-12.26858
-4.41221
-0.65632
4.80601
-2.58757
7.78350
5.03171
3.64284
0.67991
-0.18907
-2.00800
-10.01323
1.32611
-2.06269
1.34428
-1.38248
0.02052
10.71158
-6.50609
0.79867
2.60859
-5.19113
6.01795
1.34573
4.80380
3.62287
4.54504
7.49698
0.80468
-3.58082
-0.63127
11.97470
3.54811
5.28406
-2.39666
-2.90358
4.77998
3.03195
-1.26934
-3.32215
-4.03739
-3.00065
-1.19936
6.48296
4.54790
-6.53955
-2.02518
-3.06096
7.51053
2.18694
-3.87843
-0.21310
-2.33270
0.80016
7.29198
1.21749
-8.95734
-3.99436
5.97608
4.60383
-14.08189
7.79052
-2.58161
-1.65546
1.25793
13.45864
-12.85484
1.17441
-13.74344
-3.62432
2.38950
2.36067
-4.80720
-1.47307
-5.39549
5.24152
3.74637
4.59113
-2.71342
-9.91569
-0.70138
-4.19180
-0.60862
-1.36392
-4.40191
6.05305
-0.40433
0.37702
6.00208
-5.98582
1.13982
-2.58272
-6.66623
0.82605
-10.21466
-11.10426
2.58111
-9.54856
-8.15612
-8.47632
0.76557
-2.55359
3.91676
-6.82044
-5.94338
-7.96568
1.55838
1.28422
1.66654
-4.86678
0.01396
-5.24125
13.14882
-1.88164
-0.46607
15.74256
-4.67985
6.28260
-4.16268
3.18012
7.68246
7.64820
2.95758
-0.52775
6.12415
-5.63507
-7.72684
-6.09180
3.84945
-5.46560
6.73002
18.85561
-2.53209
-3.71670
4.10685
5.60294
-9.75529
-1.22387
5.04374
-6.27122
13.20071
-4.13892
-0.64148
-7.52147
10.68508
0.44419
4.98909
3.52931
-2.56202
-14.60806
13.75384
5.66690
-6.64589
-3.82154
7.87125
-0.40739
3.48919
-3.79625
4.41372
-10.35042
-8.45907
-9.12664
1.69446
-0.55198
2.25323
2.79995
-1.44869
-6.59443
-5.70521
2.10702
5.27001
1.90985
10.20064
1.45677
6.74711
19.26907
7.30347
-7.26843
4.10801
-4.26002
-5.01039
-3.73393
5.31683
-5.49786
1.02182
9.09303
-2.29179
-5.59165
5.98896
0.04753
1.87028
-3.29147
-3.41103
-2.60222
3.63846
1.79979
-2.97108
-4.47174
-8.07861
-14.20434
-6.94177
-4.36689
-4.98599
-4.94192
-7.69372
-13.16657
-3.42859
1.57014
-0.59406
-7.34615
-4.61012
7.50522
-6.08506
0.43762
-10.29561
0.24637
-1.59603
-3.63675
-7.09639
-6.63486
0.46537
3.09238
0.34290
7.14520
3.45008
-2.79707
-1.57373
10.01751
1.01154
-16.32731
-2.82267
-4.07319
5.81384
-6.92386
-0.07330
-1.43706
-5.74040
-2.88566
-2.02113
-8.36741
4.13213
5.83276
-5.25907
-0.88343
2.89029
1.79444
2.18579
-7.06124
-6.59408
0.25467
8.32553
4.40412
-9.33507
-8.39099
8.06206
-5.18902
1.55053
-1.12494
7.09823
15.30662
0.73514
7.20100
-3.83015
6.75185
3.80535
5.53017
-6.59035
1.73631
-7.32341
-0.54907
3.21892
1.39489
0.69429
3.72458
-3.42579
4.30773
-0.31531
1.33255
0.79100
3.87477
-3.21479
-9.44193
-0.28316
1.61075
11.85110
-4.21713
2.15436
3.44382
-1.63714
-1.52944
4.74213
1.23646
3.04377
1.31490
-2.51902
-7.03372
6.76787
1.22252
0.05033
5.73368
10.88040
4.92336
-2.82206
2.61679
5.01235
1.79937
-10.03381
0.00431
7.71931
-3.43439
6.84305
-1.89249
-1.03692
3.81036
-1.64141
-0.87562
0.83083
3.94316
-9.09962
5.63304
-1.99864
7.97688
-0.66762
1.30680
-7.92285
0.70095
2.67856
7.15593
4.78158
-4.65063
-4.07956
3.17150
-11.09943
-5.78932
4.50860
-0.15134
10.63759
4.16866
5.17452
5.87898
-3.50005
3.65866
6.07638
5.97758
-0.73219
-2.01855
-10.56499
-3.47747
-0.76980
-2.23950
-2.10206
4.15109
-4.86567
-6.46075
-0.51774
6.00386
-3.09521
2.89570
6.51424
6.14921
14.26814
-1.18779
3.65924
2.70870
-8.44856
-0.05443
0.96419
-1.68403
-5.64075
-3.77480
-4.24530
4.76743
9.80254
5.95773
8.78133
6.05508
3.21205
-1.78295
3.75606
6.73677
9.75201
-13.77232
12.96842
12.47643
-0.41558
-8.94879
-3.97797
4.46651
7.23559
-6.81440
0.86457
-7.55609
-0.19404
6.13977
0.25220
-4.35621
6.70965
-5.22826
1.90288
2.89823
3.69124
-2.41753
6.14663
12.18929
9.98671
2.03433
-2.05535
-0.93596
-1.48518
-7.10352
-1.59202
-3.49151
-4.91252
6.63934
1.10455
8.93399
-5.93421
10.37287
3.95426
-5.45144
6.12848
9.64672
-3.43451
0.41928
-8.31494
3.37242
-3.08576
1.51866
-3.59223
-10.54932
-1.37456
-2.68301
-5.77874
-5.13298
-0.34520
-13.05055
-2.03490
4.38544
0.12388
2.10197
-2.20675
4.76684
10.17740
4.45676
-1.01044
0.64954
-9.20488
-0.72630
0.56118
-4.08381
6.50632
-8.21308
6.44421
-6.66542
-6.77467
-11.42424
-0.76673
4.58547
5.94053
1.89369
-2.57862
-5.62940
-8.04180
5.34294
18.20057
-5.69951
6.35438
1.99190
-5.83413
-7.09969
-2.58163
-9.80126
0.12660
-5.99685
-2.43549
7.63621
1.77254
0.27679
-3.26644
-0.67921
3.50120
5.01226
6.37220
8.14470
-10.30318
-2.62525
-5.07796
8.63844
