-5.56694
2.77945
-3.86098
-1.62980
-5.78413
-2.52581
-2.03186
-11.90819
-3.06338
-4.12741
6.44892
-1.40901
-14.51506
2.06117
-5.38640
-4.04280
-3.65538
-5.20200
2.38740
-1.10816
-0.10590
4.23941
-0.29303
4.29318
-4.97393
-3.50214
3.54229
-3.10469
-6.13548
3.96567
0.61568
-16.89317
-1.31357
-5.41075
-10.02023
-4.95801
5.67468
-6.71127
0.44321
8.31892
-4.77323
4.12666
2.55320
-3.15654
-3.35175
0.92707
4.00299
-8.00535
3.96199
-0.69742
-11.87301
-5.05858
-0.09801
1.49378
-2.32762
4.38565
-1.87571
11.06066
-0.48283
-7.50423
-2.46390
2.51149
-7.92738
-3.24832
-4.30238
-1.50495
2.89668
-1.70988
9.41369
1.38576
4.66635
-8.44844
-2.65181
-0.82174
-1.51028
8.86187
11.81402
-13.93431
-0.57826
0.72605
-4.24974
-12.36284
4.80720
2.02194
-4.87457
-7.44954
-2.50341
-4.92380
-1.47685
0.62657
6.72945
-0.95939
6.79781
-9.53518
5.14325
-7.35129
4.41906
2.20871
-2.68260
3.94315
2.70144
-6.20062
5.59008
-0.46755
-3.81190
-4.73354
-8.36076
-3.99170
5.75170
3.11993
-0.73181
1.59181
-3.90126
6.68337
-4.34125
-2.40420
-3.99003
0.88428
7.04317
0.26615
7.91792
-6.86684
-14.21893
2.07336
-1.81402
-3.17666
2.11754
-2.85573
0.12888
-2.31609
2.59883
0.94604
1.25360
7.57961
2.90427
-3.83547
-9.19599
-2.38470
-1.09463
4.55146
3.63341
-1.00879
-0.41400
10.28733
5.41760
-0.00713
-0.45790
2.44358
1.23784
0.82757
0.43046
-4.05708
1.65189
7.31802
6.30998
-2.47395
-4.59670
0.06075
1.89669
-0.77109
-0.57369
0.32050
-1.44843
6.80424
6.35725
-5.67492
-5.83009
5.25635
-5.65339
-1.67820
7.59137
4.76477
-2.99096
2.09990
-1.28333
8.32623
-0.60241
4.02338
-2.65447
1.51163
6.41917
6.67686
3.97489
0.99149
0.16513
4.07876
10.56370
-0.68549
9.57798
-2.75418
-6.12440
2.26217
-6.65568
6.14344
-1.21886
-0.20217
1.94068
11.29897
5.82071
-7.82431
1.75111
-0.43912
-1.85534
-8.67034
8.08584
11.33839
6.22729
-0.45922
0.07711
-3.31434
13.48914
7.45960
-4.18594
-3.05475
1.55656
-6.08083
-5.09228
3.08850
4.20074
5.65926
-0.21564
-6.92774
4.11986
-6.01119
-2.29052
-7.55172
-0.33855
-0.22594
-5.21889
4.42977
-1.32915
2.14818
1.27852
-2.27827
4.67052
-6.77634
-1.39421
2.61723
3.27699
9.13171
-3.22660
4.03315
-6.36763
-0.97491
10.27059
-3.21650
-2.53607
-0.73973
-4.42827
2.73814
-1.20819
-3.47766
3.72813
-1.75627
-6.83213
2.94813
-2.88500
-2.43980
4.13518
7.26685
-1.03259
3.77324
5.53281
-3.79072
-8.64292
16.34156
-6.71394
6.12313
-7.59897
-4.34298
-3.36938
-2.70876
-8.46643
1.41442
-1.96985
-2.44359
-8.72258
3.24832
2.74942
0.22689
6.71996
-2.09587
4.35709
0.45008
6.16511
-0.78293
-1.35353
-6.51873
-1.65911
-5.24605
-7.26231
-8.82888
-8.57235
-4.45441
-10.91427
-4.29153
-1.82208
0.81844
9.23661
-12.83257
0.08214
5.42455
5.79168
-6.07392
9.15456
-5.37740
5.25567
-1.87104
6.08176
-7.44121
-2.51309
10.42817
7.54632
-4.65538
1.33382
1.95862
5.52567
-4.62221
-0.37311
-1.80006
3.46252
2.17552
-2.13837
-5.55010
-6.04171
1.99489
9.42828
-0.90390
-5.43178
3.24531
-5.64031
6.85136
-2.73909
-0.10045
-8.75737
1.01318
1.52134
4.03503
4.15576
1.47513
1.34553
2.59591
-0.04643
4.38015
-1.41439
16.64392
-7.99224
-2.45897
8.19619
-2.08121
3.98163
3.64273
9.63109
5.35634
-3.45802
-1.67285
-2.82013
7.21438
-0.37648
-10.38009
0.83498
-5.78546
-0.09435
-10.06023
-7.40741
6.60090
10.89996
-8.61091
-2.34082
-4.54438
7.41748
4.21146
8.37140
-3.13143
3.18595
1.11681
-4.41800
2.21304
-8.79450
5.21347
-0.19697
-6.07081
0.74193
-4.63485
-2.58939
-1.10489
10.00178
8.75409
0.97008
-4.59174
3.08697
-3.05670
4.18184
3.97157
-7.04609
3.66121
11.30929
-9.22511
-2.73343
-1.56222
-7.11747
4.44034
-1.06670
-5.10865
1.33741
-3.23074
0.07702
-7.13695
-0.48893
12.93106
-8.15045
-14.27600
3.84294
4.65058
-6.03765
-0.16388
2.37838
0.48096
-4.02627
3.07173
-6.70722
5.23367
-3.95487
-1.06338
7.34027
-1.55848
-0.34445
2.04188
4.53522
10.01128
-0.50980
-8.36708
-3.93889
-6.11879
-2.75204
6.40728
5.22345
9.79828
3.27036
-5.30285
5.86314
-5.50887
-3.59131
2.87597
3.46459
6.14947
10.17302
1.07315
3.28476
2.29815
0.96126
-5.06534
6.64969
3.04104
-1.33074
-8.70893
5.33007
3.36529
5.59842
4.02762
-5.45632
-1.53558
7.78517
4.63143
0.72258
7.11116
0.59733
-1.40097
2.18367
-2.09007
1.52975
0.48256
-4.90810
-7.82376
2.50022
-2.35612
5.58234
-2.62605
3.66573
7.99761
4.32703
3.94636
-10.54279
4.99322
-12.06503
-4.12714
6.53198
1.74063
2.68060
-3.15937
1.89758
2.83418
-0.20931
-3.46494
9.08267
-8.33861
-2.08086
-7.99562
-10.56980
-9.95449
1.87270
6.10423
3.46600
3.07503
8.87869
1.80081
3.51516
0.01163
6.13159
3.64960
-2.35171
3.52148
5.00307
3.78857
-2.62663
6.69555
2.40493
6.82961
8.77030
5.34376
-2.40177
-4.68495
2.15795
-0.81740
-4.15404
-0.59490
2.76272
1.65877
-1.20614
-0.57804
0.22773
-10.66465
-0.76567
7.81295
-1.08870
2.42098
-0.68831
5.10662
-0.46665
-2.93186
-4.93832
-7.26610
-2.67495
5.35884
-4.38641
3.57148
-0.54644
-1.96812
-0.69170
4.66932
7.57100
0.46824
-2.68386
1.68866
1.06351
6.82820
-4.78641
-4.40319
-5.21917
-3.58870
6.33911
-4.11376
4.74853
3.15649
-1.20805
-4.98251
-0.59692
-2.99352
4.56889
2.08358
-3.01009
10.96454
-0.33932
-0.22547
5.62969
4.07446
-1.56574
-9.77296
-4.29608
-3.48128
-1.91120
-1.71275
0.25759
3.26755
2.68670
6.76609
1.08803
-0.19128
1.82617
-1.34944
2.76928
-3.07798
-7.02114
4.21354
-1.45951
-11.16072
-0.66228
2.89346
2.22773
2.06912
3.55293
-1.26205
-4.07928
-6.24277
1.69541
6.57025
1.30772
6.54716
-0.78276
3.17014
-0.33595
0.08786
0.12482
-4.98044
3.07644
8.98389
-3.53107
-6.26126
1.17238
-0.56700
4.30615
-1.28635
0.66071
7.29663
1.89212
1.52771
-1.56102
7.67409
-4.92672
0.66962
4.53901
4.44721
-0.55707
-9.43920
-2.93685
-2.83588
-2.66410
-5.30356
-1.08371
4.17004
-5.75480
3.31653
-0.07193
2.14414
-7.40815
7.10309
3.68426
0.95796
-2.96055
1.99747
-3.86699
0.92125
-3.12936
-4.09010
4.24556
-1.79779
-1.98691
-6.70668
-0.15139
-5.37677
6.62858
3.04443
-2.07894
2.43236
1.20944
-0.40209
0.99510
-1.08068
-7.57534
0.26276
8.51033
-2.28693
-0.99753
-5.38008
3.75732
12.37774
6.17600
11.88085
-3.18099
1.21461
0.44002
-1.56688
-6.71764
-4.98852
8.02752
0.03613
-3.58256
-2.04215
1.03504
1.77354
5.64499
0.39793
3.24087
-1.88989
1.19352
-3.82752
3.37513
2.88156
-7.40672
-4.64058
-6.21105
2.15793
-3.37431
-1.79819
10.49383
-2.49614
-2.38634
4.04819
-1.47008
7.33923
8.07218
0.66849
2.83533
-2.15934
7.56120
1.28244
0.51589
-0.51710
-0.62785
-9.89178
3.09236
1.31203
-0.41267
-1.20032
2.90671
-10.77246
-4.80401
-4.14694
5.61239
-0.99367
-6.29550
-3.12224
9.11673
-4.54140
1.35846
5.34979
-10.79155
-4.04000
-7.27750
-0.38369
-5.81743
-2.70080
-5.59147
-0.83649
4.74913
4.36850
3.74356
0.79339
7.48672
13.94431
2.35647
12.99635
-0.21498
3.18931
1.81792
3.84470
6.33746
-3.60784
3.94789
0.04946
-1.11659
4.17609
0.09589
-9.50385
-6.80647
2.71705
0.16436
1.37725
3.65012
-2.90566
-4.66541
-2.17946
-5.28881
-4.64910
4.18744
7.56442
3.07780
-1.40369
5.83125
8.52942
2.74243
-2.39373
-1.01501
-4.20252
4.91051
2.61204
-4.83854
-3.86558
3.67479
-3.77021
-4.79621
-4.38163
1.50542
10.23766
7.52384
6.15975
-4.43688
-4.38754
-2.13445
-5.72601
-1.16225
5.14484
-8.49725
-11.14337
4.04944
6.18951
8.34843
1.99703
-4.68762
-2.66475
12.11220
4.85459
-10.97734
0.72229
1.63690
4.15882
0.01654
-0.39194
-2.28664
2.51298
-3.14024
9.03139
12.21281
4.54694
1.85060
-9.55538
7.67231
5.28654
5.15028
-5.54761
5.94406
-0.29980
4.89330
-5.30220
-4.72860
-0.54090
6.27593
-2.82751
-1.58972
-4.02580
-4.10301
5.42130
-2.99188
4.22537
5.21911
-13.36170
-2.21434
-4.08155
-3.39389
-5.19516
0.96233
2.59835
4.47857
4.75739
3.44082
-7.27256
8.28380
-0.70573
2.71452
-9.79792
2.82374
1.43282
0.77098
-5.92862
-4.61719
1.94468
-4.06150
4.71846
-8.21215
5.67604
0.89514
4.41680
-0.31132
0.22194
-0.04218
6.07201
-11.11721
-5.97677
-0.91714
1.17918
-2.05674
-11.18691
-1.91008
-0.85655
-5.76675
6.29665
0.10435
1.96065
7.67726
2.14583
-4.17393
-1.80960
-9.40257
10.35224
-5.89443
2.53190
10.49725
0.48860
6.03203
1.86837
-11.85479
0.70431
-4.16671
1.73019
3.14260
-3.55586
-2.27436
4.10413
-3.27018
-3.45691
3.31871
9.47185
0.02287
-3.38842
-6.02877
3.80139
4.21192
0.66477
0.44895
-2.26819
-3.53327
2.85685
1.44890
-4.90199
-2.75976
9.36719
4.69210
7.47531
-4.01136
4.92120
-0.49531
-1.15736
5.69017
-5.35535
4.50556
-0.00530
-3.29631
4.80509
-3.36496
-7.64082
-0.28664
-6.85031
0.44462
4.78757
-9.90977
-0.71680
2.33483
1.18791
-4.34545
-5.62640
-1.03061
4.25138
0.92032
1.36722
3.95953
3.50309
3.31146
-1.06644
-6.81383
3.93345
2.90430
1.22288
-0.42656
-0.41276
-4.53633
-17.45995
-11.84624
-1.71367
9.21606
1.57103
-10.29240
0.94415
4.09958
11.43576
-1.20112
0.91922
7.00411
6.34957
-3.12513
1.47835
10.66992
-1.69671
6.01879
-9.07667
1.61031
-4.26340
4.42507
-3.56456
4.26845
-11.79009
6.96685
-4.80595
5.95727
0.30378
-3.08063
2.81700
-0.30308
-1.36664
-3.12660
10.24404
5.53235
-5.53509
3.13892
4.07520
1.55950
-2.37729
1.95564
-2.35859
6.25741
1.09591
6.42170
-0.14974
-5.11658
6.01933
7.78837
0.33405
1.18045
0.62447
-3.05232
-1.44903
3.06165
-3.22547
-0.21859
0.80172
0.07665
-15.61693
5.24562
-0.21124
7.39726
-8.03957
1.50114
-3.64734
-4.04853
-4.97886
-4.50888
-1.62693
-4.62254
5.23543
-2.15915
0.09919
6.22316
5.14842
1.00256
-6.35832
-4.04641
4.81979
7.36049
-5.78394
3.10748
-4.68456
-2.31676
4.68193
3.34344
0.66568
5.39244
-3.66324
5.61279
-4.91811
-1.44364
-0.79163
6.87866
3.64210
16.40195
-1.31197
9.34181
2.28106
6.72460
-0.65818
8.74958
-5.62831
1.99133
-5.85954
1.95998
0.34081
-6.55301
8.73711
-6.17326
-0.52676
-4.16599
0.09327
0.40479
1.43600
-1.16707
1.44587
4.01009
0.39756
-0.86552
-6.29423
4.26769
-1.95677
11.95764
-1.02332
-5.03508
10.27032
0.10751
1.72986
6.39787
-1.64204
-7.02854
-3.39260
11.01291
1.87519
-7.86200
0.95992
-1.20626
5.01986
-11.30084
-0.75182
4.68557
3.13088
-4.85027
-1.31691
1.14783
2.67223
-7.18712
-0.48760
-0.73574
-0.83503
1.82640
5.05527
4.92349
-4.43267
-6.50712
-3.07828
11.03175
-2.94495
-2.59686
-0.91544
13.80534
0.07960
-0.69737
5.42180
-1.10568
-5.76084
-10.54035
-0.92055
-5.13762
2.65121
0.54615
-4.53720
5.32906
-1.50572
1.57816
2.62557
3.16138
2.01800
-7.79722
6.56762
2.96284
5.84177
13.00195
0.49357
2.58660
-4.86610
-1.57778
5.76996
-9.78858
-4.81069
6.54885
6.51065
0.76467
1.32703
-6.02874
-1.11449
-1.48111
4.84141
13.04774
4.31893
-3.99930
-1.94427
-1.87993
1.60270
0.29590
5.63852
-0.34917
-3.43137
-0.50147
4.14856
-6.41212
0.91669
0.03967
3.50167
-10.61097
3.67481
-7.85320
-2.24120
-6.67923
-3.54856
8.55713
2.43850
-1.36851
-2.88201
3.17820
9.71124
-7.42168
-1.40054
-4.57805
2.83680
-0.32642
6.13745
-4.00814
-5.80129
5.82612
5.96242
3.89520
2.28730
0.88797
-6.83810
8.51238
-2.24402
-1.36694
-8.98062
-2.26505
-3.85854
3.40138
1.38265
-8.13789
4.28885
-2.69201
0.30541
-4.09077
0.40813
5.08657
-0.28456
1.71076
0.37716
8.31503
1.52551
6.64438
-7.81330
-0.93971
-3.17079
-7.37564
-5.63482
8.01759
6.06539
5.16993
-5.04527
2.13932
-7.55718
0.17533
-0.73576
2.26917
-2.28656
10.61170
-4.45464
13.59253
6.18329
6.33105
-6.68437
0.50663
-6.94117
1.61354
-9.44369
-4.48330
-4.00732
2.82955
-3.37734
2.89128
2.00850
-11.85256
1.22202
10.24842
0.28539
-2.05859
-3.38155
-12.55835
-6.91924
-3.01449
-0.08107
-2.07695
-7.56675
4.29666
1.42754
6.79489
4.16149
2.43911
-2.70741
-1.96395
-3.74771
-10.74240
-0.93252
-2.22176
-0.45667
0.02958
-1.24848
-0.31465
3.81342
1.71689
9.61586
-5.94288
2.49037
3.34760
-1.31932
-2.51366
4.92746
12.11556
-1.67688
4.75613
-2.83289
10.36455
-1.03474
4.11436
-2.71614
7.89520
-1.61033
9.22567
0.51279
7.64512
0.98966
4.15929
0.54416
4.29197
1.43720
11.79205
0.11203
4.96308
17.72840
1.21085
2.36940
-0.90751
-8.04662
-0.72328
-10.64950
3.19034
-2.71334
-0.02260
4.02838
-4.54555
-11.55245
3.74193
-0.12046
2.91967
5.66715
-0.16913
-2.04757
3.70567
-9.30681
3.89284
-5.46389
-1.87916
4.38617
-4.60940
1.92738
0.66911
9.72764
6.91161
-4.88234
-9.00091
-8.52561
-4.92270
4.18886
-5.64586
5.04901
-5.58895
3.39606
-3.08356
-0.38959
-3.18749
-12.33885
2.01954
-4.40563
-0.40082
10.84724
1.35096
-9.87209
2.75172
-1.76432
7.19711
-7.75514
3.67915
5.32951
1.06124
1.57256
5.13443
5.74873
-2.55881
-0.34060
10.47077
-1.06618
3.48541
-4.69145
1.00027
-1.22772
4.45469
-3.06557
4.03474
-6.57791
5.95144
0.21005
1.49569
-2.32305
-0.23165
2.92285
-0.64538
7.08178
-5.38660
5.61372
-4.11622
-0.83837
3.72322
7.70262
2.03235
2.55407
3.58111
-1.60263
-4.01123
-0.51144
-1.46815
-3.08462
-9.28776
1.07751
4.10966
0.76274
-3.73503
-1.71659
-6.20029
2.06136
2.93249
0.33222
-3.69977
11.04850
-2.30534
6.04506
6.04498
-5.37919
-7.97341
-1.75661
-5.23464
-11.08859
-6.18824
7.56957
-2.45451
1.14866
7.22237
1.19777
0.45860
1.13063
3.77151
0.21501
-1.69676
3.90665
3.54399
3.79994
1.98574
-1.04973
2.85203
2.29000
3.14487
-5.90820
-9.84795
7.64666
5.35378
0.41019
-1.60509
5.25333
-7.13382
-1.08744
1.31717
-6.65074
-4.97078
-5.58281
-0.76584
-8.33924
9.25049
-1.67326
2.22649
-3.51106
-3.90878
1.05364
-1.12176
2.76440
-2.69528
-6.20995
4.05428
-1.06900
3.19999
3.26311
2.21302
4.46441
-5.33589
6.19916
-7.41698
-1.10134
-3.77156
3.49007
-3.20450
9.05714
10.64951
-3.24989
9.36133
6.67054
0.39290
1.27874
-1.79998
-0.79814
-4.36649
-2.23180
-0.56868
-1.66758
1.12956
2.31852
-4.84926
-14.77546
5.23011
-4.18872
-3.64138
-9.45413
9.20180
-6.72313
1.58836
-11.97100
-4.29387
-6.86238
-4.31322
-1.73934
0.02018
-4.60844
-8.56615
2.85413
8.73901
-1.80618
-10.75428
0.55697
-0.36953
3.10059
10.33987
2.04118
3.21976
4.93786
-2.78805
-0.96997
-0.28727
3.39431
-4.26922
4.70004
-0.08840
4.47157
-0.75660
-4.90370
-6.53582
-0.78893
-4.41037
-14.21706
-1.08869
-2.46603
-5.92592
6.66662
-0.79865
5.82809
3.89892
3.93276
-0.05031
-6.05247
-2.63547
-4.43559
4.53028
-4.48961
0.13926
-2.73865
-1.91969
3.86466
-4.53017
2.10646
-5.21844
-2.39124
-0.88105
-0.80614
0.70386
7.62825
5.73110
0.97748
1.76717
-10.39402
-0.52893
5.37347
7.59178
-2.61052
-4.90288
8.78628
-5.18292
0.91480
-10.50580
-0.88035
16.08797
5.68548
-2.16619
5.41824
12.54647
4.48888
-3.14824
-7.71495
-0.14104
11.51529
-3.67621
4.06202
2.62805
-7.52886
0.27481
4.21684
-5.06256
1.20579
0.58362
5.63576
7.07320
-2.76350
-0.66773
6.20830
-8.69639
-13.19042
0.69375
-4.26600
2.92644
-3.75414
-3.76995
4.58331
4.66156
8.85163
2.15142
0.96597
1.03147
-2.30170
-2.42212
-3.57186
0.50706
4.17690
0.87914
0.16608
-5.03550
-3.36046
-2.83654
12.24332
3.75139
-5.05094
10.01155
3.97066
2.35122
4.24156
-1.42981
-4.41161
-2.39073
-5.12275
3.62055
-2.35366
3.71057
-0.23625
-6.21284
-6.42163
3.13629
0.48247
2.54760
0.70662
-7.88862
-2.22937
-3.17961
-0.92524
5.84371
-0.81398
-3.72664
1.99400
8.75254
-6.44252
-5.54031
6.11200
0.95570
-9.71150
-6.76054
-1.89262
7.98385
-4.71543
2.64287
1.65102
0.36623
1.60096
-1.78063
-12.39240
-0.90506
9.42878
10.42482
-0.66239
4.18068
2.27207
-3.03920
1.73085
5.11245
-7.91279
-6.32608
-2.26517
3.84145
5.23185
1.42574
4.99925
-6.52757
5.40017
1.73517
2.47068
3.78776
-14.44852
-5.62765
2.12322
3.91744
-7.68003
-4.71136
-3.98083
0.89152
-1.56250
-1.33258
-3.20445
0.02533
-4.72414
9.16351
6.43736
-1.21579
5.88107
8.34662
-3.12152
-7.68424
6.53786
-4.93842
-11.31729
2.01749
1.91591
0.17845
3.86941
-4.82222
4.80641
-0.63066
-3.14628
11.56910
4.28245
-3.65005
0.08077
-6.59727
7.84465
-1.59233
-0.04422
8.05794
-1.82164
2.58224
2.06667
4.01315
2.44392
-0.09956
-1.21635
-4.62012
-3.53263
-5.66677
-0.98327
3.88546
4.16128
-4.85395
-2.25600
3.08187
3.08714
-5.96088
5.73403
2.31843
5.93603
0.04932
-0.08262
5.65962
5.37466
4.24359
-0.76166
-1.65800
-3.32915
6.38584
1.24374
-7.43650
-0.69549
-4.30327
-4.99793
1.90513
-2.29327
2.99945
6.86352
2.88537
-4.44561
-0.55080
5.51132
-0.33034
4.12467
2.71861
-0.35578
1.12593
-4.17440
-2.86645
-0.24431
4.68861
6.50109
-2.95987
-6.44019
-4.21507
-2.83528
2.94378
4.11625
9.65579
1.06993
2.31083
5.90319
1.86704
2.55564
11.54413
1.38060
-3.33376
-3.28543
-0.74863
-3.60939
-3.46056
-2.73821
-3.69238
3.52235
-2.23669
-0.77336
-6.54665
1.04063
4.53161
-4.48907
1.85150
5.14432
4.42233
1.00386
-1.50318
1.91932
9.34257
-3.56583
-4.20233
-3.28452
1.74153
0.69316
7.50966
4.58525
-15.62366
-2.18952
0.93063
1.27267
-10.27296
0.52485
3.58671
-0.07128
-4.70604
5.47627
-0.00051
-1.65882
4.26863
9.25005
3.12124
8.53969
-1.64597
0.75495
4.13867
-0.74180
-5.06116
8.64891
-3.69846
-1.40553
-9.34795
-17.69648
-3.56649
7.69098
2.78848
2.22195
4.15970
-2.19291
1.57318
8.28294
6.08179
-1.26625
-2.05334
4.89504
-2.37476
5.98643
-0.16125
-0.70936
1.07170
1.88360
-5.86386
-1.90136
5.52042
3.59347
-10.41389
-4.60905
-3.15001
2.87345
-0.22534
6.13510
1.48327
-4.55546
-4.72355
8.62149
-4.08904
-1.80280
-2.97772
-0.37473
-0.30629
5.74609
-12.32770
-0.47027
-9.40254
0.97869
-2.64618
3.88252
1.77810
3.25877
-3.22792
-0.65467
2.40841
-0.78914
-0.29080
-7.08051
1.62197
-1.56486
-6.02407
-19.35644
-0.49365
2.46591
3.33852
-2.92359
-1.27450
-8.17475
3.23877
-6.63796
0.55815
-1.64247
-10.04702
-2.56836
3.48176
0.39967
-1.59370
4.23598
3.24261
2.38914
12.88474
9.65348
3.95219
-4.69764
-3.72110
2.88657
4.02658
8.04783
-4.00297
-3.74931
4.32390
3.08655
-6.32723
-1.50829
0.30997
-4.63554
-2.94847
5.47415
-4.02744
-4.06416
8.97630
1.47611
10.93953
-1.35532
4.73131
1.28375
1.64889
-3.82873
-2.70703
-9.45347
2.86776
-2.55825
-2.75648
5.73124
5.93381
2.96812
-1.12104
-6.37974
-0.57368
-1.25254
9.42645
-2.29275
-4.97770
16.17009
-2.84198
3.45077
-8.83829
-1.81778
2.44974
-0.88412
-4.15608
-9.09027
-1.36078
8.41497
7.94265
1.43617
0.27041
1.00191
2.37462
2.16648
-0.38959
-9.11714
1.66577
4.46226
8.89227
-5.43344
8.31278
0.97383
-0.80448
2.38167
6.12038
-1.92813
-5.74486
1.58950
-1.28637
2.64432
4.56054
0.52258
8.84712
-9.56349
-1.58372
5.17624
3.95384
-1.75882
1.11404
-3.78963
2.42801
1.49637
-2.33556
3.81043
2.31242
-5.91051
6.01810
2.98643
7.42533
-0.47825
12.19889
2.84815
0.41641
-5.55566
5.82043
0.71032
-4.58462
-6.72359
-4.13936
-1.67781
4.42070
1.14258
-3.28077
1.48205
3.43058
1.61627
-2.86967
2.88619
4.64071
-10.84041
-0.47326
0.84490
-7.19602
-1.80100
4.50089
8.88757
8.58785
5.22280
3.03416
4.31775
1.53856
2.10872
4.57432
-6.82616
-0.09637
5.27002
1.52409
2.72346
0.72827
-2.97968
1.36548
-1.75568
-4.53965
2.47131
3.09131
-6.44543
7.12252
8.42574
1.02608
6.23977
12.54730
-3.45351
-0.58233
-5.98947
-8.36814
-0.21523
-4.85630
0.39172
3.04261
5.50175
1.28831
-0.73422
0.24913
1.29444
-1.08986
0.91480
-0.08898
4.34728
-1.37021
-3.13780
3.44865
-2.62871
-5.90599
0.44537
-0.72893
2.45172
-3.82620
-3.15306
-1.65675
-7.17775
-4.50794
-10.20797
-5.11578
-2.93506
-3.20957
-1.21207
8.98929
6.05329
-4.67950
-4.58524
-9.64593
-6.19547
0.37968
-2.40831
0.06781
-6.15037
-7.20536
8.01304
3.38209
1.95725
1.60951
4.44111
6.72435
-2.83384
-17.46427
6.28302
-6.99019
1.90718
4.01149
8.07295
-0.37915
-2.69022
-4.93910
0.26496
3.84331
2.55423
-2.87233
-0.85510
6.74853
-4.12260
0.74780
8.19496
0.31292
-4.22225
5.82755
5.36721
-4.88762
0.26507
6.61581
-9.06281
-0.95942
-3.02349
-8.37872
4.22258
-3.65692
1.79288
2.76564
-4.18517
-0.97526
-4.38264
0.84522
-3.33031
2.44424
0.43039
-6.56748
0.35217
6.76655
-1.31139
-7.38406
5.13911
-1.28033
7.00190
-2.91841
1.50902
-1.56446
5.89509
-6.08582
6.48076
-0.07964
-0.60748
2.15555
-2.76407
-2.53315
-5.89218
1.44102
6.97991
7.94957
-1.08611
9.26741
-0.76274
6.26604
-0.85075
-0.55104
3.78092
8.15007
5.84552
-6.04420
-3.01187
-0.56508
1.42564
2.08567
-11.36120
-7.31028
-3.57905
6.88659
4.46495
-4.16458
-6.73595
0.97422
13.67831
4.47297
0.47165
-7.57518
-3.75087
7.92109
-1.06548
5.44911
-6.73480
1.36541
-4.20508
-1.87450
-4.17648
6.85319
-9.83376
-1.56782
-4.93648
1.26760
5.13994
-3.27238
-14.40236
10.80735
5.39401
2.73691
2.49590
2.39973
-5.19779
2.43876
-0.16051
1.42944
-4.66647
-1.80284
6.28623
-6.68919
-9.34188
-0.77956
1.63328
2.20828
-0.42500
7.30492
0.53194
3.05635
0.72012
-8.23314
4.21653
10.43718
0.34213
-16.24425
3.24467
5.65717
-6.66198
3.47955
1.44953
-6.04882
-0.11715
-0.56311
2.65403
6.80889
-1.12806
-2.38247
0.57865
-1.36245
-4.96666
-1.63771
5.27027
9.70766
2.18331
-6.06689
4.35021
4.06599
-5.85905
-4.56002
-0.12644
3.96921
-3.20487
10.04951
-1.21185
3.15880
-1.74082
1.50819
0.89225
3.57482
3.90202
2.34279
3.40314
-1.09664
-1.47948
-3.32137
-2.88488
4.06940
-2.87880
1.50805
14.37889
1.80799
-1.15447
-6.60664
1.31591
-2.49156
0.16945
-7.33538
4.25231
-2.10804
1.89858
3.96335
-6.32458
-3.52893
2.12839
-1.17104
4.73894
0.51034
-2.85063
-8.42063
1.33019
-0.07048
0.36162
-1.86556
7.27118
1.35921
2.47599
0.93424
-0.76353
-5.56628
-4.47196
-7.18160
3.40701
-2.33491
1.88611
-2.70626
-0.23798
-0.77494
1.32077
5.81395
4.50730
6.17705
-7.50783
2.70956
2.87611
2.15372
7.96599
-7.71926
-0.64615
4.38122
4.73067
-1.32667
2.77390
-7.04151
1.84173
-0.60856
2.79390
-2.14831
6.04093
1.57380
7.56677
6.21771
2.26154
5.57654
-2.47300
-1.50151
6.77924
1.61549
-3.58543
-1.68356
5.53915
-5.49640
0.96810
-0.89406
8.17159
-3.51022
-11.68417
-1.94717
3.43340
-8.55782
-5.06120
1.69190
4.59272
3.24496
2.33263
8.53450
4.61325
2.15177
0.41492
-2.97355
-3.39222
2.47925
2.74293
-0.42580
-1.39057
-2.40209
6.43507
-11.05937
-3.98730
-3.12072
2.93327
1.80831
-2.66431
-7.80155
3.41307
6.93712
-6.24116
9.16990
-2.02238
-1.22941
-1.35329
-2.72668
-6.31311
6.25301
-12.03494
-4.66205
-8.82779
2.94771
6.87465
5.09092
-4.81488
-11.17935
-8.08403
-3.33791
8.00260
-0.34493
1.97294
-2.61166
9.23815
0.74621
-4.66159
-1.71183
0.81626
-0.02962
0.27684
2.40030
-4.41683
3.62917
1.89468
-4.61166
2.54631
-3.77844
7.51561
-7.42021
-5.09476
0.23672
-6.21323
-1.84149
-5.88951
-3.78488
-2.36337
-5.91032
0.60303
-3.75187
-5.71764
-1.53748
-4.82913
1.61942
-6.08557
-6.50717
3.01536
-6.55625
2.77372
4.96252
-5.30641
-1.39273
-4.04327
4.20252
-1.05315
-1.94535
-2.13035
-1.12971
-3.92981
9.54506
-8.55734
-1.40184
2.76880
1.99360
-4.94681
7.22574
-7.05724
0.14059
0.64132
7.31019
2.63858
-0.32254
-2.64557
4.23651
-0.68904
-3.85145
-1.09890
1.59479
-1.50742
0.84031
2.72617
-1.60679
-10.06644
3.37915
0.46612
-6.87456
-4.44734
-1.16678
5.01124
-4.85808
-1.59732
-5.49028
-5.16588
-1.04681
-2.82810
-6.65952
-2.73501
8.68722
-10.90053
8.61759
2.92738
3.43996
-2.02829
-4.18990
-7.49386
-1.04319
2.69454
-4.61270
1.65871
-1.54948
-0.01347
-13.46638
-3.68797
7.38578
2.73376
0.35289
7.13230
-2.30372
-3.37501
-10.13108
-3.38769
1.36097
-2.41910
3.41632
-4.53505
-9.23865
-0.76283
-0.40309
-10.03808
-0.15620
7.20282
-0.54993
-2.42118
-5.35050
-10.65105
-0.90420
-2.68211
0.70990
1.15655
9.73553
-1.73521
-3.31271
-3.30554
5.08725
4.96367
-2.45135
3.97054
0.08172
-1.72817
5.30554
0.34128
1.77646
5.22617
4.44928
3.45730
-5.74514
1.90739
-4.51274
-4.56857
-9.80567
2.38195
1.20019
-0.22906
-6.52797
-11.07189
10.96742
0.04996
-3.92842
-4.28939
-3.87417
10.51919
1.88210
-10.18515
-0.28526
3.36778
5.70845
-0.29300
-0.99855
-2.83295
6.83233
-3.68470
3.30150
-2.45975
-2.48339
3.52769
-4.30688
4.53076
-3.61391
-10.64865
-10.76846
-6.49428
-1.90965
0.62798
-5.85044
-2.43352
4.59537
0.20614
-1.07152
-1.86878
11.59370
-10.91248
-2.23298
-6.41294
2.16889
-3.03016
-3.90310
-5.24765
-6.32746
-4.61515
-0.59208
-0.50724
3.12170
6.92865
6.77860
2.39532
3.43097
-0.06508
-2.72102
-2.35917
8.16931
3.25710
3.59176
4.27708
-2.83171
1.45101
-1.79394
-5.56044
-6.57391
9.43904
0.32558
-1.14440
-6.07256
2.89056
-2.64517
-1.06167
2.69280
-12.30378
6.14883
0.17627
3.21481
4.54869
-0.57368
6.42921
2.23253
4.43318
1.63567
0.22257
-1.48592
5.63249
0.16785
-5.27306
-6.97545
8.35549
0.14078
-5.94724
5.41493
14.63945
4.27111
-5.35503
12.17895
13.02405
-6.15319
2.92509
-2.67431
1.69127
-9.05005
9.30052
-3.87011
-1.75808
4.32597
3.77264
4.77134
1.38999
4.38781
-6.86016
9.49182
-2.82289
7.98402
-0.20314
-3.43723
1.00051
-4.58977
-1.77691
4.30668
6.13593
-2.05753
-1.86883
1.34895
4.88894
4.61412
-0.32718
2.55693
-2.99048
10.15449
-4.67630
6.40184
-3.39783
2.08626
9.21071
1.08682
0.74144
-2.16840
-7.00063
-5.01114
-6.38744
-9.27773
-7.20512
-2.41607
0.39971
-1.03310
1.52531
-0.07840
1.36238
1.66353
-0.76590
9.05299
-1.43330
0.81799
5.84094
-2.52700
-4.18121
-2.93616
-2.22732
4.35177
2.94373
-0.82389
-4.51387
5.19920
2.54916
2.17495
-1.12628
0.52785
3.20225
-4.71281
-1.01403
-1.06372
-1.98747
-3.27446
-5.08967
4.95152
-3.47324
1.98657
-4.74122
-0.04099
-7.59704
1.36125
-4.72890
-0.31734
-6.65935
-8.46664
2.26203
0.81657
-6.02338
-9.34767
6.25626
-7.49570
-1.50342
6.27206
-0.16049
1.23181
-1.60586
3.61723
10.16450
8.44225
-5.26323
-6.48410
2.45809
-6.63485
5.46849
6.56120
-4.05374
-2.74152
-5.73281
3.94772
-5.96596
-2.27106
6.12805
5.43465
-1.27470
6.64341
4.74765
2.37407
-1.23388
3.22815
-6.22664
4.25385
-3.03115
-2.89305
-1.45781
3.50273
11.40692
2.61793
-4.05975
-8.96020
-10.08763
12.19135
-2.38539
-1.97424
8.48272
1.96774
-6.14242
-8.12220
2.61615
-3.42106
-2.42534
-7.89833
-8.75382
6.72633
4.43610
3.46880
-9.82408
3.94267
-6.77186
-1.74934
1.11117
-1.19437
-1.16851
0.45923
-0.47886
-2.39579
8.11580
2.29600
0.20143
-1.72479
-1.49434
-3.55007
3.92169
0.61792
3.36394
4.17438
7.35335
2.63603
-0.33344
-7.83363
7.35375
1.66619
9.73901
-1.78894
3.20671
6.37706
7.28659
-10.60112
-1.62780
-5.34750
2.93675
-0.54294
-4.22148
0.25513
3.63081
1.42929
1.97431
5.82494
6.92853
3.97702
-0.61305
2.93671
0.95249
-10.73015
4.31484
-4.92776
-2.09348
-2.01510
-6.42789
-4.30625
2.08263
2.23565
-5.85519
-3.97506
6.67385
7.03668
5.98457
-2.27901
2.29882
9.12798
-2.01275
4.56624
-0.22727
6.71715
1.05288
4.47184
1.61486
7.51414
-7.80454
6.29090
-1.34862
2.41804
1.71061
8.66567
-10.32341
-5.64957
1.53754
-3.38686
4.23481
7.65199
5.67471
0.60063
-5.75455
1.62601
-4.13187
0.99145
-9.71246
4.78169
13.94007
0.91934
3.07960
0.63215
2.33419
5.91613
-5.42708
7.40339
4.83689
0.84222
2.62629
2.91174
-0.07185
2.18711
-6.12754
9.22588
-1.82845
-1.35661
-3.30015
-1.45430
12.74754
2.76389
-0.51564
-1.66385
6.68783
-2.83453
2.48038
8.12804
-4.60882
-3.43288
-10.26881
-11.99474
1.79101
-6.41442
-5.21421
5.63485
4.50715
-2.83179
-7.31899
9.83861
-1.58150
-2.08782
-0.78700
-5.67415
-3.65478
6.44575
2.83390
-6.93939
-1.71793
0.31376
-1.84530
4.00347
2.05217
-5.35052
-2.17278
3.27892
9.65474
-1.51248
-7.25625
-6.80391
-11.40677
8.71861
-1.26640
-1.87235
-2.28754
-1.96731
-0.63258
-2.45799
0.09467
-5.25390
4.92430
-8.47944
7.28726
1.93221
1.02338
13.33787
5.70102
-5.51675
1.28711
-3.72975
-0.95809
-2.08879
6.11522
-0.43711
-0.81722
-2.03367
-3.24034
-7.79531
5.29320
12.68212
2.73030
2.38020
3.15250
3.72772
1.67856
7.64054
-5.80298
8.21554
3.63256
-0.72603
-1.44361
10.57145
6.42633
4.24794
-1.82761
-1.09035
-4.41397
-9.41198
1.02648
-5.65568
-3.96952
1.51107
7.75907
5.17854
0.05707
-4.55396
2.75570
-7.79759
-0.71160
7.16076
3.59913
-3.97896
2.61948
3.60231
-0.37297
4.60317
5.81212
-3.72562
-9.24473
4.09940
-0.28514
-0.99745
1.55256
1.79406
1.63981
0.81353
-1.95309
-0.58079
-1.45236
-4.45872
0.31239
2.30824
-14.05407
2.25343
-5.50938
0.89887
-3.84331
-1.10482
-3.80531
4.76270
-1.20325
1.91973
8.91706
-11.37047
5.18841
3.96066
2.03522
0.96902
4.57424
-8.48679
-5.70037
1.91178
-0.53289
-1.84129
11.29047
-9.04739
5.10093
-5.63654
-1.72829
8.79721
1.64303
-7.64669
4.08455
5.11538
4.21728
-8.90484
1.26323
2.23624
-3.30480
0.97373
-4.41091
0.66917
0.85662
9.51092
9.43644
-0.52776
1.37750
-2.28406
5.74763
4.41939
2.48117
2.79337
-10.12546
5.82431
-2.47621
3.56637
1.17990
10.48648
2.62714
-1.26468
-4.29445
2.97247
7.86625
2.05090
0.29805
0.70684
1.94309
-3.25152
-5.65949
-7.74388
6.09401
-1.70332
-3.79159
-2.37347
6.76360
10.54660
-9.23465
-4.64374
4.28683
-13.49038
-2.65675
0.29866
-1.62400
-1.58619
-0.68584
-2.64512
5.81758
1.93565
-9.77037
0.40251
-3.09903
-2.47066
-4.37572
-0.84478
0.61494
-8.31525
-1.56205
-7.90126
2.28709
-2.64455
-4.81201
6.04327
1.15325
-3.37402
0.50232
2.04927
-4.71887
3.99717
-2.65505
5.89779
8.46903
-4.06845
-2.77900
4.25194
-0.93381
7.70730
-1.57271
1.37846
2.39398
-0.40325
1.12669
-7.63098
-2.84395
1.31840
-2.91010
0.38232
-3.27345
-3.40235
6.87295
6.86134
-6.78861
-15.08901
2.28306
-5.05645
3.51982
1.80284
-1.47130
3.00359
4.83204
-0.45338
2.57184
1.26079
-3.17483
-7.29676
0.86064
-0.57256
-6.13669
-8.26011
6.84701
-4.16854
-2.12673
-2.51718
5.95121
-5.14849
-0.94676
6.00757
-1.69404
-1.62046
-4.57798
0.60646
-2.99124
1.83926
-11.37013
-2.29613
-6.63319
-3.96536
-8.87708
8.35876
1.33592
6.27330
11.45067
-5.58204
-5.61913
2.04242
1.62491
2.11950
1.85882
7.29352
1.37345
-0.50017
4.85259
9.66095
3.29352
0.38858
-5.47188
-4.39780
-0.48774
-4.81274
5.99349
-3.10135
-3.20486
-5.29939
3.32269
3.07431
2.30816
7.28211
0.13191
-0.82768
1.26201
-9.16337
2.06321
-1.49272
-5.34912
3.64759
4.29946
0.86996
-3.57990
-4.57503
3.46181
6.26997
-0.83267
0.00453
-0.64828
10.20362
-0.60374
-0.86398
4.91950
1.53057
2.09682
-5.67684
3.68149
0.26608
-7.16134
7.44815
-1.17237
11.26833
2.79189
2.54868
1.98021
3.00327
-0.24419
3.39369
3.42443
6.95491
-6.50665
-3.25353
4.66358
-6.19385
0.78859
1.14362
-1.80677
-2.47133
-6.35437
-0.38402
-0.11500
3.67019
-0.15060
3.22043
-0.66255
-3.08261
-1.16932
8.81472
4.72137
-11.25183
-5.50941
1.21315
-0.46051
5.40563
5.71212
-3.53054
-6.10375
4.34560
-3.97655
5.49719
-0.49337
-4.98592
5.02008
-7.24038
3.16643
6.48652
1.36136
-4.20957
-0.40637
4.92118
-5.87064
-1.63649
-0.94575
-1.60834
12.00327
-2.37863
1.91768
10.48787
-8.03623
8.06600
-9.06167
-8.38153
-3.94855
-0.56358
-0.44306
-3.95223
-3.28442
-11.72340
-4.14362
-5.07351
4.90497
9.10158
0.32608
9.55293
-2.53661
-5.54264
-0.68175
-3.17917
5.15582
2.21723
2.07415
0.42370
6.86550
6.00092
7.46700
1.87595
-6.26121
-3.20117
-5.81439
-1.96825
4.94819
3.46830
4.67331
2.00157
4.63473
-0.30802
-4.16214
-0.53745
-13.50272
-0.87436
2.62547
-3.32382
12.26931
6.91385
0.07050
2.51073
0.19952
2.76928
3.16086
-5.21175
5.72622
-3.55983
2.94723
4.74798
-4.89797
6.12987
2.58235
5.14151
-10.01380
-0.89261
0.38553
-3.84225
-4.53157
3.39966
9.48185
-7.61497
3.97784
5.63782
4.29191
-2.86131
0.94809
-2.55368
4.51717
-7.25833
-9.83724
2.39863
-2.49434
-7.85165
7.80486
5.53513
-0.08944
-1.22631
-4.34952
5.64501
-1.12952
7.18133
8.05527
-0.63236
4.62395
-1.60470
-1.99001
-2.59658
-3.43502
4.83081
0.53164
-5.71379
-2.88136
0.00486
-7.60346
1.41363
-3.36728
13.00047
4.72652
7.20538
-1.36603
-0.76674
1.16080
-6.54217
-10.87208
-0.60304
6.49857
1.78598
-1.14849
11.88610
-4.16516
-4.73446
-6.68649
-4.89723
-1.86441
-0.13713
0.85082
-8.32597
-2.87661
-7.20400
7.85465
-7.43267
-7.72349
-4.40051
15.63279
13.11521
-4.93124
4.37779
2.49456
1.16248
-0.35259
0.87300
-5.72453
3.97498
-4.79960
1.84513
2.60180
-2.63582
5.13411
-2.19322
1.49920
0.76153
-2.54874
-2.03225
-2.64114
3.19034
1.90136
-10.05376
-1.56508
-1.52809
5.64823
2.56402
-1.25414
-3.99836
-3.86869
8.06720
1.23461
3.91103
-6.28733
-1.93973
-8.98146
0.15808
4.09880
1.12860
3.38053
-4.43664
-8.74808
0.82146
-8.22270
4.05584
-4.25514
-4.45758
0.39712
7.54327
-2.84882
-0.48512
-2.35784
-2.66354
3.40794
6.02080
7.52064
7.57748
5.82951
8.15979
4.48572
2.04771
-2.61616
6.12627
0.04474
-3.79017
3.24447
0.92355
-4.37726
-12.33207
0.96754
11.28428
-2.82389
2.29097
7.12715
-1.56499
-1.68692
-1.39458
9.26855
10.84095
10.15678
-3.75786
-4.79191
-0.47890
-3.90819
-6.57682
5.23717
-0.40685
5.12002
-1.11279
-5.79863
-2.93554
-2.24836
11.38739
4.02333
0.32869
1.00533
-3.48225
2.96706
3.07884
-1.95815
-0.03320
-0.26708
0.07208
-0.51994
-2.95878
-3.92554
0.82550
-1.37133
-0.51500
4.78226
-3.11143
-6.40061
-0.88556
-8.36152
8.92135
-9.16451
-0.03657
-4.46038
-0.23812
4.36584
7.69305
-4.47969
1.39866
2.29828
8.80865
4.15764
3.88451
2.07472
-2.83360
-1.05939
6.83012
-2.13889
7.54754
4.40833
-0.81026
2.22692
-2.52412
-4.50887
2.91239
-4.88422
1.79950
-5.44790
-10.38324
-6.85792
-2.39305
-5.76518
6.47777
-7.97829
-4.70405
0.80541
1.24370
5.02004
-9.01691
-0.59719
-2.77118
-0.53733
-9.11619
-3.70044
13.37382
6.33936
7.30634
4.12123
1.52398
-0.08006
-7.11252
2.10068
9.44487
-7.07430
-2.05661
-0.70538
9.16484
-5.49051
2.30201
-0.80908
2.07402
6.37971
-6.93474
-9.99328
9.45540
-4.38141
7.84359
-2.58174
-7.95811
-2.63309
8.42815
0.42581
-7.76169
-5.01052
3.49563
-6.46470
1.90742
4.40650
-7.21585
0.69145
-1.07922
4.72194
1.56827
3.31846
2.97001
-5.96764
14.85437
-5.83625
-0.95038
5.17018
2.18560
-0.62398
-4.25404
1.72531
-1.38549
3.19439
-1.42738
-5.55748
5.97089
-7.07951
-5.88739
-5.83624
5.29601
-10.26330
-9.56611
1.03480
-1.17043
-6.09043
12.91198
-7.28806
0.55785
0.99615
4.04555
-9.78419
-0.71060
-9.96440
-2.72289
-2.48134
-6.26650
-2.13625
4.24953
10.54495
-0.40541
4.52622
5.84093
8.42752
-5.27648
-2.00709
-3.05256
-4.02959
2.59603
1.85513
1.32321
-6.86751
0.20094
-2.97962
3.28813
-4.47442
-3.82032
-0.03637
2.77702
13.66291
-4.47960
-0.99750
0.11045
3.22111
4.31313
-2.39533
1.25095
5.13922
-5.15943
8.18983
0.20260
5.00639
1.60406
-7.62448
-7.48083
-8.20744
2.97103
-6.12621
-6.52235
5.94371
6.40112
-7.39224
-1.23889
0.15979
5.50275
7.98832
1.02472
3.97250
-7.24362
1.42982
-2.93950
-3.90953
0.77276
-2.31158
5.99831
-1.71751
-2.48255
2.21782
8.17000
1.69932
-3.88834
-1.42536
0.57027
-11.85630
2.14419
4.01191
-5.13415
4.27392
11.25486
1.51736
-1.27807
-2.76187
1.00461
4.18365
4.28847
-2.17649
1.18699
1.65722
-4.82351
-3.45215
-3.24175
3.42602
5.71126
8.00366
5.84499
1.44470
2.81251
3.45565
3.00391
-0.92712
0.88151
7.16892
0.14812
6.68763
-3.45785
7.36931
3.91348
0.71137
3.52458
-1.71048
5.58297
-0.98153
1.63749
-0.19457
-2.27157
6.31242
-4.88730
7.27041
2.05364
-0.82173
-0.84323
-4.34970
-2.27001
-4.57573
5.27155
-2.89723
-3.26665
-3.29681
2.47073
0.76902
9.25736
8.55523
-0.59057
-0.88103
-3.83506
-4.27301
-11.29435
-0.17622
-5.35238
5.39441
-1.53379
8.19986
4.32744
3.48694
-5.52154
1.75099
1.90989
4.84952
-1.96834
4.36056
3.21140
3.15678
3.78057
-3.44814
-0.70413
0.82559
-4.40594
-4.25457
2.77329
-10.45102
-5.30337
-7.00801
-4.96373
2.75276
4.87604
1.80213
-8.36761
-8.40219
-10.43301
-5.77719
3.79117
8.19646
-1.77879
-0.49906
7.03074
3.68738
-0.25925
4.55526
-0.40013
1.12806
-1.10648
-7.25932
3.74865
8.25029
-3.39507
1.80663
-2.47355
3.14852
-4.46161
-3.77512
7.15613
5.73448
-2.33944
9.72373
-5.68466
0.88952
3.47047
3.73776
1.23934
-3.58402
7.57898
1.46776
2.30208
9.99985
4.55307
-7.12431
5.45709
-1.29540
5.76292
6.32977
2.29424
-0.11325
-1.42078
2.98416
-1.59291
-5.03579
4.43475
3.88767
6.21928
1.96126
1.92029
2.55095
-1.66364
2.43009
0.68739
1.86334
4.19392
-3.27645
4.91388
-0.15528
-7.63802
-1.34049
-4.88004
-6.41157
-4.14154
7.94948
-4.68378
1.81329
-0.18333
-3.09611
-1.87880
5.83933
-2.89787
3.52087
-4.12060
3.84817
5.37705
8.72122
-1.89149
-5.15125
-1.42945
-11.30850
-2.27226
1.52498
-1.13586
1.00275
-1.69358
-0.67133
6.90772
-3.56560
0.36199
1.70065
1.40758
-5.39682
-2.19809
1.13853
2.95456
-0.72806
-8.07202
-0.34398
-0.91012
4.31855
4.75730
4.52193
0.10297
-0.76869
-4.83795
-0.69797
-2.27078
-1.81417
10.61077
16.97180
-5.68600
2.03475
7.54280
2.54882
-4.86269
-7.63198
1.50850
-3.32122
-11.94103
6.12035
6.54115
-1.57956
-2.05109
-14.39266
4.16058
-3.72826
-3.95165
-6.26391
2.55327
3.28993
0.20340
3.04946
-7.40774
6.66948
2.71056
-0.62003
2.22096
-4.22905
-0.38079
4.81531
3.57539
-7.47718
0.10783
-15.29322
-3.93456
6.45803
8.74389
-1.27347
0.35592
-10.90605
18.73368
1.63136
4.98525
3.89170
-4.18461
16.32972
0.12161
0.66114
-2.45173
-8.53271
-5.40555
-3.42991
-4.98954
7.17027
-9.04635
-7.48029
12.19987
4.57851
3.46267
0.23560
3.16884
-0.39155
13.12686
2.35786
-0.90867
0.53981
-2.31144
-3.29185
-4.98239
0.50765
-11.93766
-2.79605
-0.84759
-2.26971
-3.55727
0.42085
-6.75728
2.12936
-0.68228
-2.91974
-1.51957
-0.18492
-8.42320
8.81261
7.20509
-9.73826
-1.99685
4.37680
-2.10667
2.98745
0.37400
-1.73597
12.76680
6.71415
-4.24780
7.95598
-4.40015
3.69645
2.30365
-1.21263
-5.01582
-0.41576
-7.51999
1.42842
-1.17404
-3.47125
-5.71242
1.69262
-7.45458
-7.83356
-6.21835
3.86219
4.67680
0.94867
-1.74748
0.76070
-5.77649
2.28780
-10.03098
-3.96120
-2.23719
1.68786
-6.35398
-6.91304
-7.27009
3.02208
0.84817
-0.22982
-11.77510
-1.66413
3.77989
0.79760
2.29961
11.89112
4.93704
3.21658
6.85616
-1.39237
-10.13272
-7.73131
-6.69965
5.05659
-4.51762
2.91023
-2.17309
-7.33009
-8.43501
-2.81612
2.87821
-0.64868
-5.83791
10.28829
1.80731
-2.98089
13.88157
2.69195
1.37721
-3.28191
0.47319
-3.66890
5.23444
-10.42437
-1.07345
2.23208
-4.84418
-2.73989
-6.99988
6.71233
-4.34250
-1.87541
3.20228
3.12828
1.02747
2.38520
4.87399
6.08117
2.72496
-4.60849
-2.87591
-4.70250
-5.11172
-18.26452
-12.22870
-4.62955
-12.29927
11.55500
-6.82039
1.87750
-1.01538
5.07437
-4.21515
8.34526
2.12919
-3.98242
-4.09436
-0.43287
-14.32235
3.13047
0.68796
3.38306
-1.60630
2.25000
11.56126
-5.05322
-3.89903
-10.23423
2.96653
-2.51471
-2.76237
-7.15837
-3.86306
-6.60411
4.93706
-0.61005
3.16003
2.06649
-10.48109
-5.73729
-0.18932
-4.42609
5.98776
-2.22808
8.80531
7.76337
0.60259
6.96829
-3.05997
0.07674
3.84721
-3.42461
6.93179
6.49661
2.43193
-5.76714
1.74382
5.19463
0.53849
2.28602
1.73116
-9.16347
-3.02264
8.54370
7.58778
4.84598
5.60869
-3.12485
-5.68684
-4.40751
-3.93768
0.74718
0.60041
2.78993
11.00186
1.63138
11.33117
1.22200
1.77648
-0.06853
1.30396
4.23459
4.94431
-5.68851
3.81176
2.19936
2.90131
-8.17196
-0.81719
1.22363
-4.04145
-2.24874
5.36011
1.12959
-1.44200
-1.93980
-2.41455
9.49118
1.77991
3.90285
-7.45202
7.17803
5.03828
3.57028
3.11609
-1.37944
5.68374
-7.17044
-9.32718
2.61056
1.34565
4.88489
-5.10019
6.24549
2.25490
5.62735
-2.90452
-6.37426
9.32819
-4.36992
-3.14480
-5.84659
-4.40763
-3.87047
1.17848
-6.37727
-6.55975
5.81610
1.32711
7.32220
-12.34916
5.18280
-6.58955
0.89747
-2.72748
-0.04782
0.51807
-9.50455
5.94024
-8.86031
-3.43447
5.02497
-3.23767
14.28769
-0.16574
3.27032
-3.08254
-6.87137
-0.74959
6.82078
0.62870
-3.76226
-1.77141
-8.51013
2.72084
3.86766
8.99943
0.93807
12.53986
-0.52026
4.17258
2.72280
-3.58166
1.49357
-9.90583
-2.16314
2.53726
9.09708
-7.39476
-4.74510
2.98973
0.97597
4.86843
-2.32109
0.13652
-2.04644
-5.57648
-1.35552
-8.40745
2.83577
4.97877
-7.98459
4.33227
10.17904
-5.09533
-4.38889
-9.68885
-3.62336
0.76004
12.06406
-5.99424
-2.50570
-0.77253
2.92100
-6.35644
0.43579
2.55655
-1.07687
-4.00047
1.26105
-4.76170
4.35312
-3.71604
0.46450
0.37718
8.14806
-6.16974
0.19501
-9.67975
1.42950
-7.64314
0.52204
-6.01232
2.22433
-1.80670
-6.02143
4.28198
-10.90715
2.87492
0.88393
-3.31745
1.88422
4.91736
5.35124
6.72982
-0.41888
2.16348
3.30318
1.11640
-9.04209
0.82518
-2.79447
0.31386
-0.05581
6.51453
-7.20253
-10.09637
-0.20307
0.10084
-3.95356
5.04350
-13.07369
2.86564
11.73098
-6.06260
3.25023
-5.38687
-1.37417
-2.69523
1.87582
3.57816
9.51110
-7.19876
-2.06155
1.75862
3.41691
0.75584
3.29956
-5.45652
-5.44616
2.28562
6.12145
-0.39174
-8.55339
1.07735
-4.16112
-2.84197
1.29971
-0.24770
3.71568
-4.53176
-0.71761
-1.57492
-2.90008
5.06940
-1.51590
-5.77453
4.58158
-2.73238
-0.42680
2.43247
1.75098
-5.26264
2.02435
1.19304
1.27493
0.92291
-7.03513
2.80764
1.63974
-0.47175
-2.42421
7.90572
-8.82393
6.70661
4.68518
-1.65937
-2.24603
-0.97391
-2.02915
1.95555
-2.71731
-9.99300
-10.17638
1.67725
-2.34491
-6.30533
-0.97395
2.11927
1.57509
1.06743
14.94599
5.61259
3.24019
6.53570
-3.45433
3.10261
-1.53561
-2.80576
3.32424
9.04628
-4.68430
5.35336
6.40310
9.93946
3.64881
7.54368
6.97930
5.76854
-9.01569
0.94177
5.24863
0.28251
-6.11326
-4.88110
8.80212
0.04188
4.32908
-6.80225
-7.59454
2.49168
-14.06452
13.40875
-7.97475
6.53470
7.83811
1.59048
5.97979
4.09829
0.58732
-10.01144
2.39820
2.90783
-13.82765
-0.02354
3.66579
-0.30446
-8.71766
5.24076
1.15612
1.68219
-0.87878
11.28953
6.28298
-4.03336
5.55835
-7.73485
-7.65928
3.51135
9.06856
-4.00636
0.18882
-3.05722
0.73623
3.12505
-3.20216
13.66407
1.41078
-7.00911
0.46737
-2.86360
6.90856
3.77776
5.10188
-5.58328
-5.28263
-1.86729
1.72661
-4.21589
1.19476
-1.35546
13.79139
3.34576
-0.73236
3.35470
-4.67622
-7.52617
2.90991
-6.25232
-0.57915
3.71675
-1.20770
2.58854
0.97314
-2.76443
2.03677
4.98869
-2.44113
14.24868
0.05051
-0.76103
4.75029
0.92200
13.88348
3.26806
-9.54606
0.85769
-12.14969
-7.33405
-2.75594
6.73519
4.41727
-9.26078
0.44385
9.30343
-5.66645
-3.16656
2.36581
3.92258
-0.76916
5.30590
-1.37512
0.11654
-6.28684
3.27735
2.91534
7.49461
-1.62543
-1.47574
1.25301
-0.33751
1.65206
-3.94477
3.08793
2.92432
1.78677
4.74934
4.54321
-7.91128
-1.40886
-8.10670
-0.29992
2.90146
-4.66673
0.77817
1.00045
4.07233
-3.57293
-1.27920
6.87923
2.09167
-3.59363
1.81191
6.90569
-6.61069
8.01423
-4.99937
2.86114
0.08416
4.61765
0.17980
3.55683
-0.86029
-0.72379
4.66679
1.33452
3.01258
-0.74093
-2.60205
1.53431
1.76915
0.19875
0.69381
2.08951
-4.69577
-6.96240
-2.56353
2.35648
-8.38157
-2.02035
-1.26642
9.50532
7.38572
2.17304
-0.68031
4.50929
-4.04104
-0.14414
-2.77776
-2.05465
-5.54431
3.09537
4.85600
1.55923
4.79022
3.36360
0.44792
-0.71428
-0.58406
-4.85264
-2.44375
-1.49851
4.43481
4.26429
3.99358
2.82299
6.79238
4.10652
3.90821
5.04729
1.13273
-0.13110
-10.71358
-0.34180
-5.11765
0.12475
-6.24503
-2.43405
10.44939
3.54241
3.02039
4.02231
11.69772
-12.62940
0.05656
9.45925
1.39243
-3.74497
-6.62324
8.77017
-0.33830
4.57310
7.34232
-0.42924
4.38594
-6.39411
-9.74778
10.32417
-1.76057
-5.42111
-0.54617
-5.64192
-1.38280
1.03394
-0.19993
-3.82124
-2.27924
-0.69762
2.41743
-0.59215
-1.59873
11.51474
4.74529
-0.44495
-4.93995
1.34682
0.01125
3.85173
6.65483
-1.03211
-3.19446
-4.68214
0.11846
-6.12758
-2.12835
8.67383
-7.80599
4.95900
-3.01452
-2.30397
-1.37649
-1.23808
4.12483
1.72709
7.68743
-3.54568
-5.78816
3.97642
-5.63563
10.20373
0.37507
-3.93884
9.44570
0.77611
0.91504
-7.29176
-0.55487
-0.75446
-5.96901
-4.91261
11.77199
4.36759
3.54101
-5.67863
-7.53536
1.37685
1.66005
-16.61637
2.57561
-0.05390
1.53792
-0.11433
-0.92633
-5.01384
-6.01944
6.48706
-6.93033
-6.41850
1.03301
4.95497
2.21503
-3.98825
4.16535
10.49090
-3.62324
4.34961
2.02681
-4.41345
-7.27823
-7.21510
3.33743
2.04581
-6.94116
-4.21035
2.20898
-0.62984
2.61161
10.18478
-1.39502
0.44292
8.50750
-7.53055
1.28340
3.99652
-6.72251
1.75332
-3.01529
15.41337
1.91844
5.17915
-11.37051
6.46301
7.02058
1.32675
1.14928
0.83241
4.24386
5.39116
-7.98283
-4.98783
-1.29569
5.96560
0.08615
1.61325
2.07604
2.38989
6.84382
0.24354
-3.64173
0.85047
4.27883
-0.58355
-2.44094
-8.76495
-5.76947
-4.57242
-7.46248
8.94123
-4.77472
-7.79768
1.34160
1.70212
8.62787
7.07647
4.35575
-5.83578
-2.26128
-11.82940
3.64313
-6.13877
-0.55471
-3.09903
-9.27558
7.13881
0.66195
-2.89118
1.77783
3.65179
-6.28449
4.59492
7.86134
5.21309
-3.20235
-10.92497
-0.13826
-5.20534
8.72046
9.19168
-3.98629
0.28359
5.73561
-8.98948
-6.56389
-5.50546
5.17354
-12.70483
-2.69552
1.66515
-0.97438
4.52223
5.68796
-2.50151
1.54208
-2.03688
-4.19092
3.81797
5.82228
1.93232
0.88388
-5.00390
4.64889
7.54388
0.73881
1.40571
-7.96251
-0.07555
-0.02079
4.62880
3.01735
1.41473
3.85287
-3.77849
-1.73079
0.97840
-1.67498
5.56867
-6.91819
6.18628
-3.32162
8.65148
-2.29964
0.62383
2.14882
-0.46600
-7.35504
-2.96532
-1.76275
1.74254
6.58559
0.80316
-7.05719
7.35992
6.01245
-4.09861
-0.46383
9.04101
1.39086
-3.66166
0.58175
-11.20935
5.36177
-0.94567
-0.90882
-0.13485
4.96316
7.30229
-4.87092
6.81079
-5.49557
0.91569
-4.27307
-2.29617
-4.03192
6.00617
-0.82078
2.89648
2.21501
-1.52624
0.30387
-9.25225
-11.00470
-0.94959
6.44783
-4.30882
1.74070
-7.14751
-7.99859
6.95363
-2.62514
-0.71475
-0.65692
5.24875
1.13278
3.51840
9.69855
-0.72390
-11.47270
3.28310
-11.49953
3.61053
2.24638
-1.27069
5.63673
4.41673
-4.35436
6.06985
4.04062
5.68128
-2.77838
0.55697
6.69007
6.74792
1.74087
-6.12262
-7.22185
-14.77112
-13.21445
2.02616
-9.49284
2.62107
-4.17792
0.76500
-0.84086
-6.96018
-0.40453
-1.01921
-11.51871
-2.11844
1.37916
1.55175
9.02342
-6.52858
-0.38451
10.15329
-8.75800
-1.32884
-6.76142
0.40676
-1.16108
-3.33357
-4.87801
3.59178
0.35147
-0.30304
2.76842
-2.14320
1.17247
4.53172
0.11442
0.49530
-4.08893
-3.70408
6.84322
5.40380
-0.20923
-1.90340
3.56841
-1.14610
-5.21130
5.97037
-8.95360
-1.99513
0.17886
-4.90079
10.04823
4.50160
-13.08201
7.84420
0.68960
2.53991
-0.76897
-0.44874
6.21629
-0.26258
7.56512
-1.43408
4.45403
7.32303
-0.82152
-1.07749
-5.15575
1.93909
-5.36350
-4.39079
-6.66835
2.41769
0.33037
5.41973
-3.37634
-8.36908
4.38760
-2.29051
-1.40720
-1.26962
4.60090
-2.96066
3.17308
-8.88647
1.89293
0.61995
-0.74556
5.82254
0.28901
-4.57198
10.76760
4.65642
5.88199
7.72245
8.37838
-1.75048
-10.71243
-11.40577
-5.20649
-2.75938
1.02936
-5.86004
13.19991
0.72686
0.44207
4.17735
14.71139
1.06808
3.15031
-6.13533
4.78492
1.80695
-1.81356
0.08704
1.20038
5.23149
-0.92933
-0.30045
2.07364
-6.11738
-2.08709
0.13986
-0.67007
-1.62152
-2.06131
3.32158
-7.05354
-8.05781
-2.64758
4.75703
-1.84740
-4.13686
-5.74213
-1.96874
7.59178
5.97609
0.20433
-9.30744
6.68737
4.63375
-2.71990
-0.63640
-2.65052
6.58359
-5.23045
4.50098
1.20517
-3.84631
0.31340
-2.46755
5.11639
-6.08047
0.20673
-3.44932
5.02287
8.06837
-5.02990
3.80401
-2.92919
-6.10842
4.19984
-1.01254
2.58407
8.05667
-1.85114
-3.25779
0.21337
-11.61975
2.37533
8.31855
-0.88039
-3.70406
-10.84455
8.96868
6.83795
-0.91900
1.20392
1.38659
-7.15386
2.77420
-1.80911
-1.85562
2.01377
8.17002
-0.78052
8.31965
-8.77679
-4.49643
1.44471
6.75715
-1.51389
-3.16551
0.60979
-1.27237
-2.76386
-0.62310
-8.11941
0.57991
-6.86375
-4.25954
-5.04547
1.62032
0.42263
3.29017
-3.47462
-8.86289
1.72361
-0.16969
-5.21610
-3.51110
5.30151
6.30447
-5.85572
5.98849
-0.67422
-4.18288
1.81439
1.88151
5.11653
-1.42904
-12.39376
-3.75695
-11.06077
6.62066
-10.41604
-2.64793
4.03228
5.54244
-0.94093
4.08865
3.19840
-1.25472
-5.24743
-2.73995
-6.64972
-10.48610
-1.19239
5.97831
-1.37302
-1.31183
-0.30042
-0.46679
-1.99025
-1.58999
-2.77030
1.84765
-1.80061
-3.81979
6.33668
-3.62539
3.97374
2.33747
2.25253
-7.51984
0.98234
-2.80700
7.09544
8.58504
-11.96349
9.44316
-0.14450
0.34603
5.23475
6.64644
2.88896
2.96295
-0.96027
3.91055
2.32848
1.53106
-5.66266
-3.17129
-2.11609
-3.25692
2.00559
5.24510
-2.15695
0.29754
-4.94082
-7.46595
-1.04720
9.48893
-9.01711
-1.67770
2.37449
1.87897
4.90747
2.83358
-2.07679
-7.05456
3.63699
1.71961
1.19353
3.46596
0.36555
0.77719
-4.30651
-3.02913
10.23290
5.09775
-10.62017
3.07953
-2.56194
-1.23979
-10.48898
4.29819
10.40239
2.45320
6.00137
-0.00198
-3.60403
-8.60602
-6.65000
4.78877
-5.45535
-4.13706
3.49193
-7.00639
0.01515
1.30467
3.20263
1.45625
7.15015
0.25809
-3.75597
-2.04425
0.27632
-1.06700
2.53577
2.05502
-4.67978
-1.63508
3.06921
3.99306
-5.61834
4.91070
-7.34092
-3.64356
13.72476
0.36553
-0.85429
4.27777
-10.08529
-7.77667
0.36482
-2.74945
-4.10366
6.35438
-7.36710
5.34595
-6.77123
-1.03321
-3.87573
0.85184
1.23782
-5.37104
-9.19930
-7.30837
-5.29241
-3.92635
5.27144
-3.17949
2.86948
2.50086
-1.56008
6.77435
-7.88699
7.55753
-2.73316
2.27718
8.22821
6.77510
6.88864
6.58944
0.07187
-3.52255
6.61463
6.12908
4.33356
2.00778
1.11197
-4.75193
0.10112
-3.45158
4.04013
0.49146
-9.19728
-7.03330
-2.06724
-5.25498
-6.16854
-3.34861
2.31288
9.69632
0.49969
-2.73957
-1.33410
-7.94914
1.80165
9.56854
8.03180
-6.63095
-1.32289
5.59589
-1.01703
3.14621
-7.38964
4.57060
4.16498
0.67186
2.52855
5.02034
-2.28469
2.72335
6.21981
-2.09366
-2.62836
-5.82834
-2.49798
7.40455
-4.16930
0.00827
-8.15298
-3.56669
-1.77077
5.61802
-2.81970
3.10651
0.64090
-5.79521
-8.84381
-0.02867
-0.95837
0.32437
6.01900
-1.41841
2.90483
9.13357
4.66693
-3.32007
0.60759
-5.77340
8.25745
6.57460
2.93945
4.43773
-1.26038
-0.73602
0.12577
0.19256
-5.85665
-1.62471
5.65149
-3.12634
2.28457
9.72205
-3.40299
5.37847
-1.55051
-0.66014
6.35940
-3.85199
4.02690
1.66164
-13.77518
-5.77678
1.99595
1.30905
-1.11181
10.60226
-7.76974
-4.12896
10.79075
-0.96774
8.26339
6.66921
0.01523
0.99231
-2.70483
-2.46897
-1.79145
-1.89209
-1.14189
-7.17416
-3.69604
-1.22828
3.41923
0.35643
-5.75226
-5.90257
6.12747
4.10007
-2.91064
-3.82246
1.61157
-10.80780
5.93810
-5.75768
-9.02463
-9.33047
0.11577
-11.38322
-1.32470
2.59880
-5.54689
1.17012
3.32393
-2.44823
9.06455
2.21920
6.75273
-0.42270
-6.30201
0.35244
-1.52501
3.84469
-5.14063
1.88911
1.34618
-2.26439
7.10669
10.90408
-0.63172
-1.38234
0.91736
-3.88402
-1.74001
-0.33353
-3.52968
-3.77851
0.44969
-1.38634
-4.86426
5.19794
-7.60538
-3.89698
2.43174
5.87226
0.11170
7.57389
-0.83136
10.41626
-4.06972
0.65827
0.33361
-5.50646
-10.74058
3.97713
-2.68466
-10.37771
1.06643
-0.92720
-2.02817
7.54733
4.85761
1.99226
-0.21445
-4.61973
3.12161
-10.64223
-3.09009
8.96545
-3.94984
-7.75208
2.30735
2.59968
-0.43337
4.56987
-4.47311
-2.31184
1.77094
5.84636
1.51976
7.85393
-12.82562
1.77625
-0.22027
2.03627
-4.60594
5.85393
-4.86808
2.95614
1.56684
0.66582
-1.64493
-0.52402
-3.00204
-5.18468
4.10887
0.14624
5.42929
-3.33773
4.04859
-0.35903
1.58856
-7.20608
10.02695
2.34323
-9.45306
-2.36490
-2.81428
2.41188
-0.05289
6.54452
3.95815
5.20075
-2.03402
-4.12416
-5.46217
-11.41974
-3.63147
-3.49145
-8.71537
1.35928
-8.96567
-6.41243
-1.54714
-3.54628
0.61178
5.83904
-5.85468
5.20204
-1.54471
-1.62596
-2.07864
-6.09658
-2.32871
0.25187
-8.15528
3.96767
-0.40487
6.24070
-6.19232
-1.48040
-0.04596
-4.02504
2.80996
-1.46120
2.46163
-2.46155
3.32389
-13.07983
13.34580
4.55009
-0.50376
1.74172
4.80278
-5.48953
4.07487
4.02855
1.44163
1.76120
-5.53271
-0.61592
8.20695
-5.70054
3.40434
5.60390
0.06165
-5.19095
-11.84599
3.79614
12.32498
-12.04145
3.42254
-3.12871
-3.81926
-3.27868
8.88718
7.76990
4.70081
0.19860
0.45072
-7.71366
-0.80344
-0.04526
-1.49824
3.49716
-10.08667
2.80863
2.74488
-3.65629
6.31501
-6.33314
-6.73368
-4.04501
7.39380
2.04357
-1.45432
-2.42450
3.61730
-3.87142
-0.76886
3.39282
-6.49819
6.39700
-1.95132
-0.23389
0.45379
-1.79603
-5.44344
-4.90809
4.92958
-2.04619
-6.29192
-9.19301
0.71176
0.68522
0.43887
4.26135
0.37515
-1.88538
3.51352
-5.15005
-8.39508
2.44522
4.10634
1.97767
-6.58898
9.06751
-6.41174
2.99295
-0.12746
0.10083
-7.78378
-8.00031
0.59444
9.63039
-14.09985
-3.34906
1.72694
-6.58765
6.66413
-2.28915
3.38010
0.72654
1.78465
-1.53514
-3.15923
-3.02121
7.09559
2.51289
6.80121
1.05610
1.66757
4.64789
-3.20627
1.97141
11.67475
5.89969
-5.08355
-1.67797
-6.71322
-2.54347
-7.62848
1.09078
3.63893
1.20152
6.32565
11.74410
10.00331
11.53802
-2.34682
-1.34249
-3.66994
-3.21973
-0.15812
-4.48889
2.76168
5.90857
5.72275
1.90183
-3.02496
8.56514
-0.23869
-1.87063
0.75317
-3.57831
-1.52844
5.08123
11.49801
1.74480
-8.29296
3.57630
-0.81156
4.82921
3.39411
0.88854
3.87581
1.02518
-2.98130
-0.66434
5.52364
5.37381
1.40324
-3.08546
-5.57236
-2.00500
-7.67634
-0.89052
5.15561
-8.53082
7.83871
-8.97492
-4.92856
-4.44518
2.94664
5.89689
1.99540
0.86563
7.29181
6.06522
-6.20036
-5.66868
0.91095
-2.20970
-7.17716
-5.22951
-4.42494
-3.66180
2.03363
-1.15017
-0.21607
-3.25998
1.93551
-6.68225
3.19593
-11.01204
2.37442
-2.85912
0.32979
-0.68202
6.85402
-2.37385
0.81083
-0.80634
-5.54934
2.47716
0.19049
-0.87054
-14.79562
0.33894
2.70979
-4.87097
-0.72744
-1.34522
0.18505
2.98970
5.71857
0.67823
-2.84325
4.83962
-3.24639
-0.67913
0.77471
-0.91962
-0.86807
-1.28028
-5.49045
-3.47385
-7.96239
-0.95392
-1.53790
2.77302
-1.59510
2.24182
5.79741
-2.56696
-1.69283
-4.02380
10.31499
4.72157
-1.71810
-14.84347
-0.27171
-2.11719
1.70733
-0.51009
-11.30072
1.45524
2.31295
-6.38813
-5.37537
-3.05964
8.81148
-5.76045
-0.26290
1.19341
-2.86623
-7.08912
4.55201
2.59387
-2.34702
-7.67614
5.80202
-4.37132
1.51523
-0.49068
-2.75413
1.97329
-0.52862
1.55580
-3.43055
-0.71197
-1.09367
14.38538
-13.03685
-11.51644
4.57315
3.51630
-6.17503
3.61762
4.44354
-10.79352
10.37798
2.44711
2.55762
-2.13197
-3.92875
-4.86065
-3.76125
-3.35080
0.11366
-0.22449
9.27853
-0.89770
-2.61530
0.39113
-4.36243
-2.98523
6.60493
-13.54232
9.36704
-6.93245
-2.50823
-0.23337
-3.12490
-11.69887
-3.94795
-1.51178
-6.58215
-7.49674
-0.58417
-3.95647
-3.61962
-5.59478
-3.51032
1.86538
2.93519
0.53018
-12.03644
8.05575
3.26222
1.91984
1.66213
4.46559
0.52486
5.31166
-8.41198
2.14700
0.55904
-9.33370
4.37946
-1.91151
-16.33771
2.26751
6.40242
2.65573
-3.56943
2.73414
-1.38620
5.86139
0.47420
-0.56046
5.69541
-0.03936
2.44564
4.22089
-2.93645
0.56210
0.43881
1.94924
3.75910
-5.86688
4.95387
7.02256
-6.44972
-5.80340
10.50014
8.97446
4.29403
-0.34119
1.36133
4.19857
-5.29507
2.19403
6.19329
-0.10073
-1.61703
8.51978
3.72141
-4.10003
9.92049
0.45206
-0.39306
-1.59827
-2.48728
-8.12580
-1.14213
4.04261
-3.53437
-1.18141
10.13561
-4.92258
6.84105
-3.02683
6.93087
14.70878
0.40025
8.46703
-6.91269
10.94282
0.46446
-3.52823
-4.72090
5.73649
5.20489
2.73641
3.18976
-3.12313
5.40216
-0.13037
3.18928
0.44613
-0.64616
4.54054
9.11189
-2.39883
1.60157
17.63302
-2.15573
-2.46747
9.27442
-6.96850
-1.15141
1.65735
-6.99749
0.16904
-5.88179
-1.65263
-6.44047
1.45901
-6.17615
5.89734
8.93206
1.38917
0.73278
-1.54208
3.76444
7.86896
-1.42447
-4.31418
-0.57126
2.49984
-0.73674
4.78363
9.78840
1.88632
2.84729
-3.93700
7.46611
4.37905
1.55441
-0.63318
1.33259
6.86654
0.13383
-5.35629
-1.89254
-7.75546
1.44218
0.67767
0.22534
-2.74140
3.69074
4.77002
-0.01837
5.32364
-7.90678
3.81232
6.93585
-0.18968
-4.71772
6.26382
-3.69200
-1.51608
-7.83121
6.29462
4.09534
6.31266
-4.42874
-7.31234
1.89859
-7.19882
1.32050
2.85442
-8.13340
9.35001
-5.90416
1.37210
1.76441
7.51139
-4.77936
4.72739
-3.20093
-9.52043
5.75634
-6.30132
-3.67989
-1.87253
-11.71438
-0.61066
-3.44979
-2.38380
2.93457
2.73962
7.44583
1.05833
-0.81695
1.79507
1.78348
-0.38338
-1.35109
6.36457
-0.19729
-8.01278
9.03847
-4.80984
-2.47638
6.92930
-0.34266
3.62024
4.13244
2.90663
0.04207
5.13459
-1.65568
-0.09560
-0.39626
0.02904
-5.05061
1.98439
2.18452
10.58112
4.93048
1.92619
-5.16970
8.49617
3.26348
-1.04194
-0.21167
-1.41469
-7.85207
5.17290
2.46663
-1.40245
8.91207
2.22085
3.81177
1.97620
-1.86061
7.72965
6.56790
0.05966
1.96276
-1.03256
-8.28993
-3.93888
3.22078
5.76283
4.82466
-3.28146
-3.44415
4.02024
-0.93428
-2.96326
0.90722
-1.82222
8.74265
6.29634
-7.35238
-9.56878
9.00640
4.27150
2.31626
-1.26227
3.96345
-2.74699
-6.46966
4.69073
6.83949
-0.53566
4.36922
-4.71449
-13.69792
-3.66037
-8.68456
-4.64983
-2.47179
-11.13286
1.04264
3.71630
7.96469
0.79232
-6.18858
0.99356
-13.46566
-4.30135
-1.88106
-11.73386
-6.50115
-3.33730
6.90104
-3.98112
5.48951
2.14169
-11.12578
7.32516
-2.66913
3.13202
-9.33727
-1.48331
-3.55917
-6.66934
-1.63529
0.18502
-3.91547
-5.03870
-4.52319
4.12903
0.90244
-3.14131
-7.67623
-5.98676
-0.34124
-8.77903
7.89075
1.66756
-1.91818
3.21479
-2.51118
-3.68355
-4.05382
3.10707
-4.12590
-5.70067
-2.40011
-1.26907
4.21370
-0.74967
3.64382
11.73365
1.11605
2.76341
1.94726
-11.24498
2.17712
-8.96283
-7.60809
-3.80169
2.67617
1.21719
2.42023
-4.64916
2.67406
1.33666
4.92293
-2.40687
-2.16538
-2.24281
-6.20186
-0.84297
-7.10025
1.86507
0.57524
4.12833
2.21078
3.07651
1.55091
4.13945
-2.16293
4.13616
0.75022
2.03874
-2.58779
-8.93472
4.47969
-8.29690
-4.89549
3.92120
-1.52208
2.47376
-0.16524
4.58514
1.51625
6.34646
-3.44848
-8.13337
1.80102
8.97117
1.78885
-6.35747
0.34596
-6.69248
7.33661
8.04144
-1.37239
1.94869
-3.10870
-3.47522
-3.78589
-9.91898
1.90697
6.71114
-0.68017
-1.43391
-0.45538
4.52488
0.81520
-1.76439
0.82394
4.12297
2.42368
3.35619
-3.97473
3.92347
6.24149
0.12067
-4.69294
0.14808
1.54140
-4.49128
-3.56661
-2.82697
-6.15244
3.66039
-1.29750
6.40999
3.60939
6.52182
-1.19015
-0.17426
-1.87275
4.66308
-1.89961
0.33579
7.82677
1.41815
-1.95716
-2.71929
-0.76972
2.29408
-9.05309
-6.66910
-1.09357
-8.37217
-7.93267
1.22018
-5.03992
4.90387
-3.13692
-7.38910
-6.98871
0.02381
-0.61468
0.09449
-5.51490
-5.76757
-1.12528
5.68563
5.06387
-7.77227
-1.75306
1.64067
-6.40874
-0.80634
-2.62135
7.48890
6.62252
-2.36995
-6.82619
-7.35942
4.46024
-1.40798
8.54012
-4.60920
-4.70382
-1.17096
-7.25777
-5.68220
10.69471
-2.63350
0.26554
-1.89829
0.14478
-4.59964
-2.50928
1.78940
-11.82081
-1.56183
6.58479
2.76274
-4.72765
7.75637
-2.78622
2.30380
8.97786
-1.84410
-0.49951
-9.57471
3.27834
-5.76111
-6.47261
0.47067
-1.47693
1.08638
-3.06334
7.65926
-6.99222
-6.72413
3.43864
-2.06517
6.17537
-4.32171
2.47551
12.29205
-1.55436
-3.31945
5.79272
-3.16989
-11.19500
-2.56449
1.83142
-7.83648
-3.93022
-4.62325
-8.29197
-3.23638
10.85280
-3.88324
5.71428
1.58193
-5.16903
-5.42806
-3.68928
3.90291
3.77554
-0.97359
-1.18477
3.21268
-0.55481
-15.03078
-6.45243
0.76447
5.82274
4.62397
-0.15260
3.35854
3.36223
1.98792
-2.28260
1.09240
0.83068
-1.04244
6.18231
3.91411
2.36694
1.25941
-3.22162
-2.83199
10.64372
-6.43816
-3.79174
3.96992
0.39506
0.77180
-6.25468
-2.81673
-6.44583
-3.27335
-9.56838
-3.55705
-2.44533
4.05280
-8.66197
6.98703
9.73655
1.18194
5.14399
0.60681
1.40258
4.29415
-5.36032
-6.56002
-3.63897
2.94970
-10.33752
1.17231
6.87791
-12.55088
-4.36926
7.53883
7.52687
11.88000
-1.51913
10.02469
11.13264
0.47074
1.01737
3.19672
-1.34679
10.33084
-6.97353
-7.76457
-6.90980
-8.22997
-10.37330
-0.58029
-8.62662
3.24342
-3.83550
15.62739
-2.93464
6.57298
-2.39297
3.05436
-7.53543
8.27791
-0.66107
-1.89542
-2.50108
4.38210
3.17938
1.21488
-5.03228
0.15467
-3.33734
-4.18093
4.54503
0.32416
5.22387
-4.90165
3.58102
-3.20930
3.34040
-7.02429
-3.09659
4.28901
0.33263
4.98330
1.97751
-0.25902
-1.19202
-5.66233
-1.38899
4.22153
9.25308
4.81013
-7.87870
-3.85542
-2.37423
4.02607
-1.92317
-3.35185
4.39175
-8.70636
-5.97459
-1.56764
-4.49908
2.62251
8.19315
-10.83622
2.28584
5.68843
6.02007
-0.12896
-1.74486
5.15777
1.32633
6.16306
2.23401
9.16963
6.29879
4.85322
4.04431
-8.55756
-2.55739
-4.91556
-6.56020
-0.01694
-6.48804
-1.64420
-2.75261
-10.85007
3.80683
6.99223
7.02278
-0.10402
-4.20015
-3.48268
-10.02701
-2.84180
-6.12598
12.04125
-6.97759
2.24996
1.96631
1.51018
6.75175
4.01642
5.54671
-4.12438
-13.84714
1.94147
6.32923
-0.93230
5.59716
9.38116
-1.40535
1.59499
3.54742
0.35797
-7.61335
-2.62043
-2.47195
-2.17720
-9.66602
-3.42084
-0.67259
-2.26412
5.66704
-3.47689
-1.97458
7.39849
-3.02943
2.78154
-1.58402
2.29281
4.56562
-4.75859
8.51816
4.20085
-1.76096
-6.87927
-4.55835
0.63081
6.47877
7.12910
7.66602
-0.56049
-0.80499
0.83653
-1.81855
3.77047
-0.20811
-11.56530
-9.50448
-10.63994
0.20544
-1.96104
-2.33240
-7.02788
-1.83389
11.19301
8.55943
-4.41548
5.35897
-1.79881
-13.32840
4.74707
-2.39162
0.11036
5.28588
-3.05841
-1.35256
4.70840
-2.11790
2.19163
-4.30987
-2.35922
2.53480
5.31922
12.76437
-3.74551
-2.66395
5.24524
8.53666
-11.67335
5.27879
-4.32793
0.79049
3.78450
8.86482
3.93310
1.76345
6.16960
3.14252
1.58620
7.49429
4.52039
9.49502
-5.99273
9.38896
-3.27179
6.00837
6.23668
5.19903
-11.28543
-0.68358
0.79893
1.35783
-9.36464
1.86401
3.15567
0.74004
10.01243
0.14123
1.30452
-1.67963
-2.56956
2.59233
-1.41340
-3.76813
-2.61221
6.34884
-0.88996
-5.39487
-1.23607
-7.88267
-5.68881
-3.98484
-2.47559
4.63419
1.41148
3.06129
-2.46546
6.49074
4.68677
-5.15269
9.25724
0.54865
4.21191
-5.77601
-2.41676
-11.72296
-1.99516
-9.65722
-3.12071
1.93304
-6.11181
3.43952
7.76079
7.52862
-2.74916
4.18935
0.48286
-0.85673
0.03417
2.94606
8.70924
0.12791
-1.14674
-0.84409
6.83028
-5.17180
10.96898
-5.34286
6.28195
-4.08468
-3.38395
-2.03456
-3.26856
1.22400
2.88904
0.57547
7.99535
-7.60047
4.73171
2.97582
0.10111
8.23108
-0.61439
-5.00392
0.84822
-2.43431
4.76286
2.82524
-10.69464
0.73937
3.75787
-5.18405
4.22513
5.40073
-5.11784
-3.16956
-5.96748
-8.51725
-6.80145
9.04527
-5.59995
4.28819
4.14789
-1.50802
1.24438
1.59621
6.19286
-4.11714
-7.69618
-2.77609
8.60349
5.43681
-2.88182
-4.25698
0.41944
-2.19061
0.72597
12.07409
-3.26826
-2.56616
-0.77918
7.75298
0.73329
-0.54587
3.60188
-4.05629
0.46769
-1.39606
-2.23761
2.26608
-0.56077
4.33366
3.21503
8.79824
-8.17420
3.78217
2.91723
-8.20133
2.19340
-5.56329
-4.08810
-3.40890
-3.22405
-2.94607
4.69809
0.27963
-3.84673
-10.07083
4.61231
-5.51938
-0.40562
1.37215
-1.76547
2.91964
-0.12377
-4.53865
1.27445
5.06164
0.57526
-2.32741
3.35395
-1.95615
-1.42170
-0.55338
-4.12951
10.55757
-1.11239
3.15447
-2.02608
-0.14586
-1.25938
-11.59308
-0.57236
5.76943
-7.06302
-0.52494
5.26066
3.31020
5.97509
9.67072
2.63158
0.54289
0.83428
1.55132
8.06705
1.87027
-5.83212
-1.24974
-7.27013
-3.92105
3.18454
-13.64692
5.34744
2.52295
-2.94076
1.22317
-5.88287
5.61897
-3.87028
0.39721
0.65633
-2.65877
2.00318
-11.99999
-11.18794
-2.25737
-0.13388
-2.47720
-6.67564
-3.23793
7.84120
2.15138
-6.07451
-1.85979
-2.34092
-3.09938
-0.07332
5.92819
-3.25386
8.30570
-0.33045
-1.60928
-4.62362
-7.05835
-1.04073
0.72662
-1.95454
-8.40539
4.60969
-0.93942
-3.61179
-3.94820
-1.62522
-1.82464
1.18543
-8.09016
-5.61170
-8.94980
3.55037
9.64597
0.26843
-1.15023
-6.79009
4.89250
1.53745
-5.48336
0.46042
2.14470
1.96007
0.90737
-3.25976
-1.21017
5.33607
4.95953
11.96832
-6.24883
0.62003
-7.13522
0.66076
4.52344
-2.31896
-2.51091
4.54677
0.86359
8.55567
1.04415
-2.64174
5.09552
-5.56548
1.73923
1.24737
-2.36819
3.58998
-2.96641
2.67207
-7.76205
3.40022
-3.37553
-12.42234
-9.25873
-5.42331
-4.46065
7.06004
-1.96175
-6.10925
2.54944
0.24983
5.82622
-5.88155
5.45262
-5.63317
-5.59269
-1.07059
5.25286
7.34188
-2.52193
-3.00514
-0.92775
1.95510
-8.83012
3.94506
2.87715
-6.43205
1.29944
-2.91079
3.83322
3.95049
-0.00160
2.15435
2.42151
3.37305
4.31966
0.88069
8.72073
3.81429
-0.77981
2.80667
-7.65999
5.33643
-2.43275
-2.59842
3.23054
5.06057
10.52110
3.87484
5.70192
-2.34991
-0.46088
-5.31959
2.38933
10.28395
12.14117
-4.23986
3.08731
4.38101
3.74289
-6.18213
-0.56277
1.15320
0.61805
8.68824
2.77255
-3.53028
5.07976
-2.64569
3.40570
1.08774
-0.44191
3.13979
2.08399
-4.40884
1.24576
-7.25017
0.35772
7.00369
9.06971
1.73110
-0.01143
3.34407
8.49807
4.01383
-10.92836
0.47267
4.54705
-2.81202
-1.13065
0.06129
-4.06213
0.28085
-3.22620
-0.49823
-2.65400
5.05475
-4.56315
-0.06934
-3.49014
2.63548
-0.39114
3.20783
5.26029
13.11308
0.76825
-4.90025
13.52395
-6.01341
-4.20716
-0.37205
-1.46179
5.48230
-7.93056
-0.29474
-3.21133
-4.86924
-8.47883
1.35450
3.73749
-0.10144
0.51091
10.76079
9.64700
1.42921
-2.58529
2.39063
-1.61082
2.39036
5.47296
4.09039
-1.95544
0.80166
0.74179
4.01160
-2.28833
-0.95353
1.58712
1.24365
1.31787
2.67909
-5.63426
-0.16106
-2.04177
-3.95506
4.70476
-3.51777
10.67041
-5.38502
-4.10422
-6.03116
2.24455
-4.70759
-0.00400
3.09989
2.70655
-0.38902
6.97510
-3.76706
-4.12156
2.82341
1.45991
1.16338
-10.27757
5.76398
-6.47464
2.60796
-8.75312
6.38609
-1.76608
-0.88314
-0.48665
-6.61462
-0.48796
-0.15979
-8.86083
-2.60926
-0.22991
-2.72359
-2.23579
0.46371
-0.37179
-5.64546
6.85054
-6.08128
-3.21200
-4.12904
-6.73716
0.92705
-0.69757
0.34870
-12.16103
2.54176
2.00504
1.31738
7.56324
-5.86173
5.21105
-5.24579
2.82241
6.12870
-0.89182
1.46556
2.53515
4.57213
-1.58486
1.08940
2.94855
-0.82112
2.85981
2.81823
-8.50540
4.17218
-4.41334
-0.84595
0.90595
-10.89157
8.09275
-7.05597
-2.27538
-6.72497
1.35722
-3.48076
-6.27960
-1.83858
3.91069
-2.17297
-8.39888
-7.52510
5.39965
8.09297
-0.79954
11.86372
4.03732
2.32539
2.81934
2.22887
8.98388
6.82036
-0.60857
-0.81490
-0.25342
-11.22928
0.61484
3.29618
-0.85069
0.41542
1.25151
1.48041
0.77199
-3.15488
8.70075
10.50159
3.58674
-0.75720
-6.01972
-5.35506
-1.36118
1.94329
-0.97639
-1.42330
-10.56213
-0.05357
-4.49395
-6.39570
-2.45965
-8.82723
0.51439
-3.34673
-4.28051
5.29549
-0.54757
1.77628
-6.84217
2.33873
-15.29399
4.28683
-4.33966
1.45771
-1.58782
-3.03378
6.94080
-4.57987
-8.18934
-0.19437
4.23128
-2.28591
0.24845
3.89526
2.15318
3.75866
3.71822
-4.97355
-0.80016
-0.55700
-0.64278
-5.10277
-7.90557
3.14554
-0.42584
2.84434
2.84983
1.57112
1.92745
-5.62389
-4.97138
-0.38721
-0.91969
6.41176
1.07278
0.21375
5.53155
1.10123
3.78875
-3.62528
-2.35049
-5.97482
-0.24761
-0.90616
-3.18623
-0.50478
15.24785
2.58809
-2.34980
-0.25402
4.50009
2.91482
2.39397
5.85084
1.65019
7.57933
-5.60608
-7.53814
6.78196
-0.87866
4.63087
-1.81274
3.94008
0.17490
0.07876
3.96723
5.65895
-4.06001
1.42854
5.94781
0.99755
5.40059
-10.41156
3.05061
8.08891
-4.35866
3.19020
-0.48700
-7.52119
-0.00009
3.88488
14.60381
-3.15316
-0.17010
-3.47613
0.80326
-1.23728
-0.78411
0.04840
10.68800
-5.69034
7.00764
-3.62178
1.20323
-2.91452
-7.01755
-5.69270
0.58302
-0.88764
12.50950
-0.62608
-0.00884
-3.62104
0.69612
-2.63456
7.57865
-6.42564
4.33647
-3.49628
3.04946
5.67256
4.82855
4.26508
1.32342
2.40048
3.31048
1.04863
-10.08572
7.89477
-2.44686
3.77493
1.30526
-0.89128
3.13257
10.02628
5.89742
-3.46406
0.48805
-2.49799
-7.92350
-8.04497
2.71156
0.94058
-2.62902
-7.71615
1.86024
5.04984
-5.24244
-10.12481
-2.20470
-2.36038
-2.33210
-2.78165
-4.92305
0.76736
1.11374
0.10733
-2.21146
-0.91631
-2.44515
-0.93789
0.52141
4.10246
-2.30303
-0.13826
2.76704
-5.43950
2.49733
0.79732
-1.93315
0.72849
6.23964
3.63266
-4.22346
-5.71227
2.58503
4.11680
-3.30646
-2.22069
3.83035
-2.03273
-0.51649
-5.40516
-5.65809
-3.31326
-3.77506
6.90950
-1.48657
-0.50718
0.92294
1.78949
0.65066
2.34854
0.09776
1.11452
-9.25390
6.54133
10.57762
6.46512
7.51619
-7.19373
2.53168
3.80081
-1.64246
11.30263
-6.46182
-1.83875
-4.11820
2.71306
-10.86709
5.83640
10.56011
-2.04112
4.51895
7.45887
-1.82616
-0.98099
-3.37634
1.57686
6.07173
-1.34146
1.91663
-0.89638
4.92805
2.13419
0.25954
3.19711
-4.24243
-2.74409
3.69881
-3.37902
3.48743
-1.93598
4.22785
0.93898
5.35092
9.67022
-0.75561
-0.56856
0.87187
12.70738
-1.19100
3.54075
-0.61951
-5.84297
1.72414
2.53810
2.07144
2.24857
0.18620
-3.07627
-0.41022
-3.95608
2.19771
0.43856
1.38871
2.64907
-1.27581
-9.74768
0.13708
3.41872
3.84837
1.94294
2.08772
-6.20733
4.73263
-2.23304
-3.19173
0.09762
-2.62979
2.61991
0.93745
7.07709
-5.00865
-1.13669
6.04586
-6.66073
-1.38257
-6.29432
7.92735
-0.58659
4.07833
2.17401
-5.58632
-4.50688
-1.28247
-5.22636
6.74639
15.04755
-0.75715
10.31715
-0.78273
-4.32907
-3.41692
-2.13483
4.05578
0.35193
5.66670
-10.76302
2.62506
-0.47339
5.68557
-0.51820
0.08094
-3.18400
6.21945
-1.62204
-2.98220
-9.16079
4.52164
-13.45697
-4.78835
7.16458
7.06906
4.90507
-0.54661
10.94527
-1.91417
2.40993
4.98761
1.16286
-9.01631
-13.89524
0.75625
0.11915
-15.29257
1.37749
-4.59705
-3.30851
-5.19182
1.49204
1.72734
5.12630
3.33216
2.53760
2.20234
-3.10860
3.22635
0.73805
3.73862
8.81020
9.07941
-3.08165
-1.73634
5.61842
3.30713
-12.08122
-4.07980
4.77061
-9.55517
2.56730
-1.63818
1.20683
0.11042
1.58947
-0.89727
-5.37078
-4.44699
3.90085
-0.66648
6.23225
-8.34830
-1.58732
4.80271
-2.92430
0.85746
-4.09343
3.35479
5.67589
-2.70746
-1.87645
-4.21827
-2.38546
-5.69405
-0.34089
4.37897
-8.65350
4.10082
-3.08046
-0.77216
-5.33476
-1.07108
-1.27630
-0.80167
1.37074
5.04761
2.19780
2.31492
-2.02610
5.20645
-8.40920
-3.41809
-3.35585
-6.84210
1.05605
4.32914
-1.16929
-2.49494
8.93141
13.58293
-6.82719
11.46040
3.01060
-9.31716
-2.32684
-8.05988
-6.26162
1.90208
0.62443
3.95634
-7.21660
-3.73971
4.83489
-2.59116
8.39421
5.55976
-2.90167
3.38771
-3.17948
-1.06106
1.37721
2.38453
2.24070
-4.63286
2.43769
5.82809
-8.02808
-1.15598
-1.68078
-4.16983
-0.20085
-8.69554
8.67876
4.92979
5.21192
1.05092
-1.81101
-2.01739
-4.33792
-3.23065
7.44663
3.34849
4.08233
-6.13868
7.47918
2.78744
3.92494
0.99124
2.47900
3.33390
-3.44400
6.92905
0.23242
-1.91448
-9.65216
6.63328
-0.35939
8.55102
2.74000
2.38344
-2.18436
8.64051
0.54238
0.06470
-1.51206
1.29414
3.86429
6.31803
2.41154
5.99542
-6.80905
-4.14296
6.23794
1.50007
-0.94328
6.69179
-1.97584
4.21662
2.17043
2.56840
-5.56267
-4.72475
2.25678
4.67330
1.79559
-3.93782
1.37854
0.64112
1.72725
-4.87941
-0.55691
-2.09297
-9.02108
1.07938
-8.99936
-14.93905
5.36070
0.79798
4.36569
-1.55534
-3.88611
-4.05809
2.20208
-0.99522
-2.61812
0.91750
-0.53495
11.36693
-3.85693
-3.20783
4.15959
-6.95249
5.04125
8.13889
-3.06050
-7.36603
0.53196
5.67978
5.11151
6.98248
-6.30796
-6.24578
6.98092
-8.81662
8.02777
-10.84464
-14.43458
3.46642
4.55722
0.63083
2.28829
-5.29802
2.93452
2.88354
-4.06176
5.38104
6.00731
-5.54651
5.68020
-1.97188
-1.90367
2.98607
6.81212
7.82213
2.72264
-0.22710
-2.00001
0.98952
1.62090
3.32907
-7.61403
0.74600
-0.90762
-5.24347
3.79455
4.35229
-5.69622
1.28848
3.42159
1.27562
-6.05869
-14.26272
5.86225
2.65150
-9.19313
-1.80153
-9.67591
4.49209
-5.82712
2.74080
0.91119
4.81809
6.54374
-0.89633
0.33141
2.00016
6.99713
6.64872
-1.96742
-0.45102
5.65062
-2.03380
2.91987
-1.08700
2.47947
15.08324
0.46217
3.96795
1.56163
-3.97348
7.12680
3.04095
4.03366
-1.91343
-0.88737
6.22621
-2.10631
-4.55235
-0.36561
3.24492
5.56146
3.39807
-4.46453
4.37751
-0.36015
-1.57945
2.21060
9.15972
-9.27472
-2.80569
5.01506
0.82320
6.83622
-2.06633
1.89382
5.01558
8.21863
3.24564
0.72926
8.58832
0.79064
0.78922
10.98505
-6.67886
15.68454
0.85775
0.69053
2.01479
-4.20535
5.48913
3.18390
0.12997
-9.99256
0.21974
-1.15988
3.10827
-10.67351
0.83812
-15.51370
2.78903
-1.17404
3.41248
1.47164
9.64283
4.57970
-7.10029
4.11106
6.57404
-9.78621
1.76198
-4.47837
-2.27388
2.29724
-0.18480
-3.19199
-2.83315
-3.71046
5.63385
6.79914
1.89202
0.53884
1.86748
8.32762
-3.69831
4.84655
-9.07782
3.73971
3.27688
-3.38263
-8.71609
0.49718
0.70365
0.91442
-3.78736
3.46004
-1.19245
6.71967
5.60122
1.79432
-3.50413
-1.86861
0.28313
-3.05987
1.78553
-1.36056
-0.90358
1.35050
5.75616
-13.51718
-1.86867
6.65637
-1.32511
4.88597
7.03892
5.06358
-5.02392
-4.96315
-2.54670
-3.90794
-2.63614
-2.43542
3.37507
-0.80053
-6.27994
-1.85710
5.39817
-2.94856
6.31565
-2.40467
6.45435
3.21043
-6.01093
-0.17320
13.82751
2.69691
-1.19836
-4.98328
-1.79888
7.37372
-1.53139
-0.04248
-3.34637
-3.41929
-5.85752
12.76688
4.91871
-2.51390
7.34589
11.29962
-11.71471
-7.47456
-10.60886
0.42825
-3.00068
2.07635
7.04306
2.71465
3.65353
-0.35839
-3.44884
4.90890
-8.98843
-1.32146
1.07502
-1.90140
-6.24146
1.81280
8.08554
14.73963
-3.44142
-0.87069
-3.13575
-5.20127
-5.77052
4.98842
-5.95223
1.84001
3.16021
4.12974
1.55094
3.29654
4.51455
-0.12058
-1.83106
-4.97099
-6.84870
-9.47540
2.00837
-10.78986
1.78289
-11.74083
-3.42683
6.65599
2.69325
-1.40165
8.21409
-8.35752
3.21973
-1.65804
0.02278
10.39567
-3.32146
2.58840
-6.61641
-2.05363
2.33407
2.22441
-10.21236
-9.18370
3.38869
6.63079
2.22554
2.92322
2.89646
-7.80807
-2.54409
0.74240
1.72603
-0.10268
1.45850
7.25212
-4.17772
7.16745
-5.74793
-2.32716
3.95061
-2.88449
5.16690
-3.59464
-6.93210
1.39203
-0.94910
5.50613
6.90326
1.34867
4.15202
-0.75840
-0.27523
3.17962
8.09636
-2.55343
5.96499
-2.97027
-3.65307
-6.31799
1.61654
-4.02393
3.00982
-7.21671
3.98600
7.21924
-6.63794
2.64785
-0.42908
6.99661
10.62069
4.20608
-2.04638
0.40844
-10.17997
-7.51890
-11.74704
-6.33918
-0.03133
-4.05767
-4.38195
-4.53558
1.96422
-0.11761
6.58503
-5.66842
-4.98304
-3.06925
-3.74811
2.17958
0.63675
-6.17629
-5.47819
-2.91114
-2.61383
-9.00858
-5.81370
-3.36366
2.81280
-4.20128
-5.35034
-13.00616
2.89281
-2.39711
3.45859
6.25521
-1.54282
-0.87206
-9.28839
-4.08809
0.13900
9.31321
-5.14349
-3.63030
-2.71459
5.19212
-2.92060
-0.29359
3.04301
-8.11395
1.15649
4.48043
-3.91680
-7.06745
-7.45717
-2.10049
1.65010
-4.69919
1.58561
0.08908
4.89757
5.49827
-6.05071
1.97004
-1.96007
-11.32954
6.95335
-0.93179
3.95604
-6.08670
6.76457
5.88687
-5.38063
-5.08597
4.63994
2.25894
0.98838
0.32958
-1.29474
2.64584
1.68892
1.88558
1.39121
-1.64119
-6.56238
-9.37796
-2.54249
-3.76549
1.74385
-1.48050
1.62231
-0.52767
5.13994
-5.51540
-6.72922
-4.13981
8.03364
-1.61267
-5.13507
4.46196
-10.12464
1.06164
-1.73741
-8.71689
3.24499
0.87797
-10.05601
-2.52120
-1.05536
-1.67148
-1.51325
-3.01845
10.56458
1.27614
0.52860
0.46205
-5.08800
6.97553
-3.11100
-1.63329
2.77759
0.08936
0.21853
5.50816
-9.40893
-0.87636
2.89820
8.19872
2.51142
11.73011
2.44309
-6.12632
2.10100
4.01763
0.87978
8.07529
4.87303
5.11725
4.70050
-0.65495
-7.60815
-6.59498
-4.39318
-1.66922
-8.12745
-0.88703
5.81574
3.15246
-1.67304
-11.64972
4.15263
2.97875
4.06173
5.78105
-5.01431
5.12466
-5.71856
-0.74287
3.46764
1.32881
3.00178
5.36582
3.35671
5.49013
1.79269
2.69336
6.13959
2.65446
-8.84036
0.12269
-5.16183
6.46211
0.53803
-2.18507
4.10392
-6.73590
-5.44017
-6.76707
-4.29654
2.87707
3.25713
-1.29444
2.92252
-4.55146
3.58405
4.06518
-7.08468
-1.47917
-1.72824
-5.04241
1.65989
10.55703
12.10760
-6.51816
6.36627
6.54991
6.14659
12.85276
-5.31124
-1.47624
6.00468
-1.52474
-3.70729
1.45880
5.29284
2.57721
-4.85744
2.13252
-0.16024
-0.97189
-3.63940
2.16471
-2.18803
-6.13226
6.00426
-3.66924
11.20529
4.99277
9.01262
6.36955
9.39942
-7.42277
3.25936
-5.53446
0.68737
-1.93423
7.01100
0.25746
-3.52139
2.64139
1.50339
1.51515
0.19667
-0.07415
0.00290
-6.48551
-5.21014
4.73287
2.53508
-1.83237
-5.72199
5.01490
4.95818
1.54265
1.26240
-0.66401
11.68471
-0.83815
9.82274
-11.24464
-2.56066
1.23227
-1.19898
-6.08920
-6.69936
-9.60648
-7.11125
2.22104
0.93027
6.49744
-11.19929
1.28322
-8.28561
6.39658
-3.96863
-4.54605
2.21247
-4.16659
0.47749
-3.60823
2.97100
-3.55582
-2.66826
-10.57752
-1.54729
-0.19001
6.40352
-8.70415
-7.92242
-2.82167
-3.60927
1.04327
-10.58349
-3.92585
-4.98285
-1.56117
-1.19193
6.99121
1.94265
0.54834
-1.31764
5.61865
4.73990
3.81725
6.89713
2.95430
4.18845
-3.09746
-3.31117
1.18460
13.16673
0.47564
-5.05394
2.97092
-8.63017
-3.25683
0.85060
5.07478
1.78738
8.97690
0.49389
-2.18900
-2.11029
-4.93144
7.30349
5.18810
0.29863
1.32753
1.99425
-0.08730
-1.65966
-7.32259
-0.34092
-2.67616
-13.16092
7.05623
0.85051
6.54875
-0.79363
0.78235
0.66917
1.24299
-1.32109
2.40884
3.35914
2.85314
-9.46582
-3.32443
5.80591
-2.34989
-4.37582
-6.09639
-5.84597
-5.67851
-3.29930
2.94314
-3.79157
1.14885
-4.72486
-3.49400
0.25905
-2.53970
-1.74173
-8.66820
1.74851
-10.51884
2.26407
-4.99918
-4.46020
-4.58481
0.79217
3.49710
-5.32321
-1.68711
0.64337
4.48976
7.20424
-2.32663
-4.21607
4.42772
1.18146
-2.62774
4.45291
3.17440
-2.07229
6.45019
0.98465
-9.64287
-10.51788
2.64520
-7.22662
1.52252
5.80603
6.25333
-0.06289
4.94182
3.75994
4.93002
1.57659
-0.53827
4.30454
-3.69506
-13.81937
-1.76427
-2.36775
-5.91192
7.40925
-10.90944
-1.27142
-1.07107
-3.34196
-4.42513
0.57248
3.79418
-5.14736
4.22334
-7.77125
-1.15422
0.39452
5.80101
-5.16627
-0.98653
2.72376
7.24032
8.73551
0.00281
-4.71087
-4.61638
-6.58067
-1.72944
1.82689
-3.22358
-2.22793
6.31762
-6.11431
1.01318
-9.28614
4.49263
-2.35313
1.50152
4.73196
-6.69395
-0.44606
-0.18586
9.11105
-8.32194
5.62812
-10.64932
-3.92882
2.67687
-6.33055
-3.55313
9.74803
2.44173
0.41088
1.95679
2.38268
0.41693
7.13042
1.66117
-7.81755
-8.89293
4.74329
3.16934
-0.64142
-3.22574
4.32819
8.30094
-5.52710
6.79423
3.33310
-10.61110
4.50368
0.61140
6.54024
6.00075
1.47947
0.70607
3.23601
-0.56567
7.01323
-3.46061
-4.74705
4.81858
-5.13335
-3.07009
5.94920
-1.96426
-0.57503
6.05414
0.87767
-2.77800
12.70052
-2.58081
3.22108
0.48310
-10.66064
12.68198
6.61248
-1.52475
2.29877
-0.03396
-0.29536
-6.30658
2.08404
1.78069
6.62481
-1.02886
1.35407
6.97540
-6.77152
0.22923
2.67007
-7.81042
4.25878
-5.91927
-4.28238
3.18897
4.48984
-1.10219
8.24903
1.82536
4.24970
-1.52076
0.77961
2.28065
3.69324
-3.11426
10.58363
4.46664
4.62336
-1.69109
3.33753
-11.47920
4.89275
10.57183
5.45500
0.71966
1.75779
2.39812
3.98727
4.22433
2.80138
0.20593
4.31760
1.50198
5.43232
-0.58532
-0.08870
-5.41010
4.95126
5.98721
5.75427
4.01278
3.71989
-0.58917
4.69487
-4.38784
0.30901
-1.83588
4.83800
-8.00329
-10.39802
-0.95870
2.99693
5.29171
-0.42997
0.93553
-2.40547
-4.67823
-8.72142
-0.22986
-1.05491
2.72724
-3.14286
-6.11822
-1.66745
0.34682
-2.71309
-4.07853
3.58082
-4.57789
-4.78328
1.36205
1.34181
-4.14211
-8.91699
3.78407
6.86625
5.32985
-4.67143
3.56180
-1.93242
3.67057
7.09564
1.06653
4.18924
-3.07905
-2.06566
-7.02553
13.06495
-0.01177
-3.27335
2.64449
-7.28869
-10.98013
5.14567
-1.56525
4.53157
3.64919
-1.71559
3.47952
-8.64200
1.01228
3.09914
-1.79495
-0.22284
3.03124
0.07735
-8.17518
3.80763
-3.19685
-2.46219
0.43402
-2.81526
-7.11181
-7.91411
-0.99812
-10.29445
-9.45489
-5.22984
-2.58226
2.34163
-2.14238
5.81935
-7.64245
-2.91665
-3.34137
6.15977
4.34953
-0.75139
1.00475
-13.19967
5.12516
-5.52621
6.59947
-0.38609
2.54382
3.45754
3.14518
0.49217
4.34676
3.07338
-0.74181
2.38574
5.81164
-3.71676
-0.66036
0.89628
-0.34250
-4.41874
0.39719
-4.12698
-4.76177
7.78487
2.95781
-14.89114
7.91803
-6.25892
-3.01705
4.32610
-4.04331
6.41348
0.55079
-0.42061
-5.58787
-3.66982
-7.83837
9.83353
3.49159
3.80781
2.11685
-0.32049
-4.09647
-5.63194
-0.55031
4.20477
-16.92099
1.42850
4.75273
1.89396
8.82955
2.90039
-6.49843
-10.50835
0.60077
-1.74721
-3.15131
2.46753
-2.57983
6.82905
-1.12063
-4.38371
0.30367
0.40905
-4.44135
1.50463
-0.32243
-4.68196
8.30769
-4.75493
0.51908
-12.09566
-1.57821
-7.96120
-4.03169
-7.08123
-7.19518
-1.06725
1.21183
2.88009
-4.89476
0.49392
3.81957
-8.67358
5.61627
-6.12432
-2.30879
-2.76310
8.02985
6.82502
2.99649
-4.82709
-7.88306
-4.08105
-2.72433
8.99451
-1.10528
8.91370
-7.30231
7.41136
-13.40002
2.80136
-5.59956
-0.42431
6.43588
5.26208
-8.24989
4.03136
7.67635
-2.32480
-5.60623
6.82535
-2.09983
-3.66149
-5.77238
3.00035
0.38227
-5.66501
-3.25160
3.55189
-3.57903
3.06118
0.99522
6.86195
-1.10470
-7.50276
3.28596
4.09257
-3.69750
3.13906
-12.35945
0.27716
12.28964
-3.87452
-4.66155
-0.77180
0.80285
3.96207
1.18966
-4.96953
0.57897
4.24592
1.07784
-3.67427
-6.12490
3.58952
-2.81734
2.77614
-1.02673
3.50345
-11.45890
-2.96696
-8.35335
13.52774
1.63161
-3.31292
7.03716
5.51082
1.33718
1.74725
1.50270
-5.21606
15.95692
-1.86980
6.51742
1.66182
-7.84208
3.43006
-4.74895
-5.20757
-5.98098
2.53707
-2.15729
-4.32969
12.79161
1.54961
-3.36042
-2.29099
4.83606
-0.43311
-5.47020
1.60179
3.47646
-8.68361
17.96159
-4.41652
3.81576
-0.66430
-6.76051
-5.41670
-6.53585
3.36467
-7.70808
7.78508
-11.74985
-5.04621
-4.24107
1.73135
-4.36520
-3.30990
4.86575
10.98560
2.37083
9.63059
-2.16983
-1.85031
4.38316
-6.02740
1.93812
-6.02371
2.24702
1.52809
6.37430
4.81313
-4.09797
-1.32015
2.48662
-2.18991
3.31469
-6.79446
13.43903
-1.56217
-1.17730
-1.76247
1.88912
-1.78215
-2.16154
0.41796
7.78250
0.09934
-1.88226
0.72683
4.54955
-4.28197
-10.43181
-2.48223
-1.39204
8.44773
-3.41529
-3.46602
-6.62884
-1.72783
4.94203
9.14756
-6.09466
-0.25407
-10.13294
2.14751
0.19480
2.18883
-1.17719
-0.09552
-2.16981
-0.13668
6.99255
4.30164
10.45317
-3.73620
-0.90603
8.42830
-0.30844
6.84338
9.20414
-0.21875
1.75862
-2.92450
6.82126
-8.31359
0.74741
4.05169
0.76187
1.73895
6.12279
-4.35463
-0.91816
-6.83805
-2.31217
-1.48768
-7.05443
-3.71074
1.39463
-5.83452
-0.45165
3.81202
7.85429
0.73863
6.67304
3.61394
-0.15698
-0.80866
-5.75238
-0.37075
-1.23708
1.09427
7.82162
-8.42717
11.19139
4.66721
-1.39389
10.86763
-2.73709
-10.70650
-7.04670
0.65021
-3.08623
-7.28342
8.84108
-4.40807
-2.90235
-8.20307
-1.91657
1.48756
7.97716
-11.71153
-8.96720
1.29575
-1.52325
-2.33868
-2.02914
3.68315
-2.97276
3.19223
-1.07832
9.14679
3.50685
-4.63492
-2.54170
-1.08485
-1.02095
2.68221
4.25142
-2.05340
-0.38433
5.08909
-3.57817
-4.03437
-1.05261
-3.19948
-6.37553
1.79729
8.43481
1.36882
0.06512
0.98940
-1.69364
-7.37816
3.99683
10.52057
-4.84552
3.19340
-3.13347
11.06202
-1.95365
-1.99384
2.59534
0.43333
3.74949
5.36618
11.33458
-1.15686
0.99269
0.60782
3.41805
1.68856
3.16534
-7.09801
-0.57056
5.28863
-1.26261
8.55735
13.73547
2.36712
-5.75285
-4.97610
-4.83164
4.04143
3.19161
0.05214
2.44449
-3.40262
-2.97143
5.22463
-5.12307
3.22271
-0.82983
11.33456
0.99939
-2.47402
-0.04840
7.13280
6.44966
2.44025
-7.57975
-1.96108
-4.46248
5.19427
-11.55596
10.73094
3.07416
-4.05012
-14.90340
1.14415
3.47730
-7.60109
-2.40841
-1.34879
5.59301
0.09875
0.72617
-0.93802
4.45314
4.13126
2.80320
0.16978
1.12621
-3.04555
0.02065
-1.91604
-7.26947
4.16048
-3.98989
0.03145
-7.88666
2.92574
6.74378
0.16654
-3.82959
3.80449
1.86964
-0.67107
-0.06529
-5.83194
1.23660
-3.21473
2.80972
-5.05341
1.41760
-7.14154
-1.14790
-5.74103
-9.48641
10.27822
-6.28122
5.61009
1.30889
7.79342
-2.83912
5.85234
9.58833
-9.21335
-5.00160
4.68225
-0.49987
5.49844
4.35943
-0.59780
1.43192
6.68350
2.13988
5.97581
2.59620
0.61185
4.52399
-2.49125
-0.96196
3.31483
-6.12796
-0.82046
1.03893
6.28402
-5.49873
-2.60883
-0.12485
-6.70945
2.81920
-1.21737
-0.83308
4.89457
-5.65048
-3.18738
8.40529
2.70013
-2.05473
-2.37707
5.27061
-1.72023
-8.92963
1.16341
-4.95773
-3.72428
3.33417
-1.90105
2.38151
-1.90480
4.35817
-6.21302
2.43779
6.79349
-1.65793
-2.80411
-3.24335
2.57040
4.61986
-3.93456
1.19878
-7.81222
4.03768
6.48269
-1.77773
-7.67232
-10.04529
2.49314
3.15491
-4.92761
-2.37430
5.32661
4.31902
2.84530
2.92942
5.10786
5.84889
-3.38917
-6.83834
2.77033
-5.50128
3.36706
-5.01022
-1.21941
-6.94650
-4.48561
5.45837
-4.76517
2.69525
0.41220
3.70193
-16.86156
0.12803
-4.79776
4.19911
-0.73618
-3.22465
-13.97407
2.57196
2.16525
-8.26535
2.97442
-3.13588
4.68962
-0.83204
3.02559
6.22341
-0.58791
-1.44866
-4.60336
-8.38007
-3.24937
7.76169
1.14312
-0.09049
0.07790
-9.30512
-2.08396
-7.09344
-2.74191
-2.64212
1.52048
-4.86527
-6.95206
4.72980
2.89139
-2.30591
-5.63211
-4.80829
-2.09079
-4.06006
5.66683
-5.61752
-7.64023
-9.28568
2.28118
0.15945
6.32472
1.83516
-14.63010
-6.51192
0.13963
1.88302
10.10647
-2.34810
-4.86512
-7.96827
5.28118
2.15777
-0.38579
5.22751
4.11135
0.16550
2.23282
-5.00804
-6.92811
16.52379
4.60491
-4.27190
-9.15311
10.61408
6.89383
-3.42609
9.40344
-2.26687
-2.80908
-4.48056
-7.51683
-0.89022
-6.76007
-1.45478
-2.19753
-2.19128
-2.62298
-2.66636
-0.26784
2.79249
-4.02360
-1.57910
0.48028
17.28334
0.62248
7.36501
-3.04130
-2.32464
1.17735
0.34390
6.02649
2.24564
6.89532
-4.31196
4.60018
3.85018
-11.16152
0.49833
0.38597
0.54871
-7.93058
5.52475
1.08646
-2.01892
-0.98908
-4.93889
4.04909
-2.08393
-2.37626
-6.81560
5.60191
-5.20311
3.53766
-4.16019
6.84948
-0.02970
2.93681
2.73945
-3.97889
4.01851
-2.18678
6.24210
0.09014
-2.15099
-3.25991
3.09898
5.59015
-7.76727
-6.97691
-14.82259
0.91818
1.60132
9.59934
-5.47068
0.84935
-9.35590
-6.24366
0.10822
6.25615
15.11040
0.86609
-2.66216
-0.72938
5.49126
-3.66194
9.05944
4.37927
2.76116
3.69159
3.18970
-4.85397
-0.98557
6.75594
-4.57934
-4.48391
-0.30810
2.41764
1.24164
-9.61015
-5.81338
-4.64315
-0.06710
7.42563
-0.20405
3.27815
-7.87602
-3.83212
6.57712
-8.88943
-2.13108
-3.63352
-2.31927
-0.44286
5.17454
1.73512
6.45647
2.70096
3.28766
1.81112
-5.02451
-5.29252
-2.59147
5.34644
-5.63706
2.90269
-1.19600
-5.52132
-2.84283
-0.78918
-4.67573
8.17622
2.53360
5.45124
-1.75835
8.18608
2.22350
-4.28137
0.94724
-0.13413
6.04061
1.15726
-4.14259
-3.19301
-3.30821
1.16301
1.47973
-4.87416
1.98215
-0.47127
-5.81983
-5.49827
0.24539
2.93728
1.51580
4.41504
6.32808
3.72368
-6.25452
-7.49568
6.06005
0.15029
-4.25767
-0.43926
-1.26865
2.92531
-0.43676
3.55573
8.61849
4.52239
5.50804
5.65721
-1.12503
1.12382
-8.77506
2.57197
3.52766
-4.11559
6.69732
13.37975
3.98433
-0.51965
7.02132
6.21163
1.02673
-3.38981
12.49434
-3.88768
0.87857
4.26820
5.96173
9.43306
4.72793
-10.58935
2.33188
1.54768
8.97401
1.37792
0.96914
-1.49391
3.37433
15.45381
1.75726
-7.06451
8.09825
0.91015
4.20090
8.24991
-5.87553
-6.56530
0.94967
1.07818
2.79605
-13.05577
1.82761
-1.66795
6.37809
1.29812
-1.95747
8.21127
-1.08224
-3.72819
-2.29020
-7.30664
7.06033
3.76651
3.07566
-2.19895
9.11757
-0.59967
-0.19547
-8.33879
7.83332
-12.42779
2.47732
-2.39053
1.63151
2.86688
-3.43030
-0.89763
0.76477
0.39292
-4.21309
0.23699
3.59680
-2.45007
-5.10472
0.55149
-2.17103
7.85917
-3.83027
2.31659
1.94309
4.21681
6.69130
9.26909
-0.96107
-1.43964
-5.77482
-1.68759
-2.87235
-3.72737
-0.63471
6.29393
-2.61201
-10.12614
8.12167
3.83390
-4.28484
-0.40621
14.13512
-4.73451
4.31871
2.75092
-5.63177
3.38730
-0.60357
14.88674
-2.51906
4.77291
-4.35671
2.25079
0.89562
1.13780
9.02591
-10.91204
3.32655
2.01133
-5.46566
4.18743
-3.69732
4.26988
-4.60338
-4.39281
1.90020
-0.84214
0.94127
-3.09851
7.52883
-1.02780
-1.58061
-0.34335
4.37046
3.94360
-2.76603
12.08383
7.52047
7.83374
-2.61470
11.99097
0.50423
-3.28588
1.78741
1.73156
2.22578
6.73224
-7.48423
1.62384
2.93957
-7.25000
-3.58440
10.91711
3.78971
5.47674
11.83121
-1.03777
5.76844
4.11797
9.91667
2.55786
-1.96186
-1.76046
4.92719
1.31395
-6.60827
-1.57253
-7.70153
10.18931
5.32891
-1.61670
-6.29231
-10.94084
-1.97593
2.82166
4.47298
-5.09733
1.43509
-2.95968
-3.71755
0.11389
2.22107
2.46903
-0.31025
0.42264
-5.32754
-1.51910
9.54551
-1.48836
2.50853
1.50621
1.73616
-7.15010
-3.00627
-2.78269
10.99722
4.09607
2.30516
0.25082
7.84974
1.70776
-0.62943
5.63137
2.72103
-5.24250
-3.51404
-5.25155
1.47178
7.58199
5.53676
0.49818
-3.81976
8.47959
3.27100
3.09277
-4.15865
0.41198
-9.88961
1.64648
-2.45816
-1.04934
-2.68673
-5.92255
3.09585
-1.29087
-0.15140
-8.02101
2.69272
7.70838
-0.96958
2.85230
-1.23382
5.28551
-1.77904
-2.08893
-2.08309
-2.98857
-2.32681
-11.60198
5.98510
-4.58264
-1.44221
6.54519
8.79018
2.45301
-5.77522
-0.08509
1.88110
-9.24430
5.84258
-2.69289
-2.34058
9.36858
3.00626
-5.01237
-5.41424
1.27235
-3.02404
-2.21123
-9.76658
6.85659
1.32675
8.14637
-9.01594
7.45021
1.30346
-1.72913
-11.03811
-5.43070
5.03500
-2.31232
5.66952
1.16249
2.40102
3.02249
-3.74014
-10.82277
-1.38533
7.08551
5.31898
5.00975
-4.29674
8.92579
-6.57390
-0.22889
1.92738
-8.35964
-6.23183
-3.96849
-1.50851
5.74342
-1.73927
5.40704
9.34469
-7.11982
-0.38420
-5.92381
-0.90887
1.91991
-5.02654
-8.21411
10.25236
1.90985
5.35118
7.85721
-7.08456
-4.08463
-8.39913
0.21896
-4.54305
1.28263
-0.12746
-5.90702
-4.50514
-7.67466
-1.89221
-6.07843
0.87275
-3.42296
7.30584
-3.20131
-7.55261
-3.39440
-0.31989
-4.07496
1.18317
-3.65680
-0.93188
7.04890
1.35804
-1.34118
0.13808
4.44242
-2.66247
1.17530
-4.21553
-8.94031
-13.26949
6.86328
-0.03545
-8.42576
-4.89184
0.46463
-2.36205
-1.38728
2.04544
-4.50487
2.61701
-2.98052
1.42292
11.54052
6.07105
2.57185
1.99352
0.77036
6.48980
3.24291
4.35397
-3.12742
2.26198
-0.01938
-2.41968
3.99077
10.86541
-7.40391
-10.95459
-0.55526
0.55337
-7.15621
-2.61208
0.50284
-5.78547
4.62536
5.51447
-4.28972
-5.29849
-2.25902
-1.58147
-4.05215
-2.77955
8.67504
2.37779
0.76147
-1.63769
-1.31216
-3.62545
-2.33432
-4.71714
-0.05509
7.52487
3.05300
1.53917
-0.00532
4.29116
-0.56625
-2.14274
1.97448
-3.56003
2.16097
-1.72744
0.02731
-3.51924
2.49874
-0.18671
-2.15631
-6.29956
8.20447
12.00955
2.98400
1.92525
3.64858
5.63167
2.90853
0.62893
1.59650
1.10996
-2.92009
-1.19948
6.16952
-2.46744
4.98904
-1.93141
-5.08925
-2.01993
4.52523
3.13126
-4.20494
12.65607
0.02520
-7.82413
-1.00188
2.48912
-8.27310
-3.17776
-5.03540
-1.92616
-2.04888
3.11939
-1.76886
-10.52260
3.12803
-5.62182
-2.92105
1.58305
-1.81423
0.94387
-1.85269
-0.53342
-4.40837
-0.31395
-13.02683
-2.80940
-4.48577
0.28087
-7.21436
-18.61181
0.34407
12.06223
-9.74772
4.08586
-11.92986
12.54859
-8.84420
-1.43420
-0.27585
0.85392
-1.65982
5.58772
9.99165
-1.33862
2.90000
12.39079
3.93950
8.91883
-6.74186
-7.79934
0.00210
-2.74270
-2.48998
9.61996
-7.75009
10.66747
2.16287
-2.97944
2.90657
2.71583
-3.38985
-2.64060
-11.67798
-0.36341
1.02349
-8.63407
-1.02155
-4.45750
2.77782
3.85360
7.05607
-7.95566
-3.30630
-2.06998
-9.26754
-6.63093
-4.24473
3.41917
-0.07084
-2.99221
11.84567
3.56105
-1.29496
-0.24519
5.04449
6.31465
5.93970
0.41277
1.63113
7.41816
-10.24537
5.22086
0.01553
-10.11818
7.82403
2.35705
-2.69213
3.40140
-0.39043
1.84672
-3.69612
