0.553190
3.039210
-1.016930
2.243680
0.144210
0.144210
1.126880
-3.439800
-1.916180
-1.567990
1.079820
-1.129030
-0.358440
0.730430
-2.268600
1.409650
2.116190
-0.015750
0.076140
-0.796120
0.536990
3.846140
-2.047850
-0.204690
1.206220
1.082800
1.023810
0.524270
-0.950950
-1.734010
1.699210
-1.691000
1.962140
1.196730
3.296450
-2.117080
-0.198380
-1.902670
-3.113980
-1.244860
0.941870
-3.982690
-1.454830
-1.683350
2.674070
-2.938220
0.144270
-0.258630
-2.454880
-3.451300
2.422680
-0.583900
-3.086030
3.434890
1.503730
2.778570
0.333310
0.446050
-2.613320
3.936670
0.032960
0.128770
1.415440
1.755770
-2.496950
1.125370
-3.355750
1.582080
-1.049580
1.539350
-0.650040
-0.146200
2.681450
0.237990
3.428850
1.083270
2.910680
-2.051650
-0.143140
0.775170
-0.268230
-0.556470
-1.685780
-0.995750
2.255180
0.099730
1.682680
-2.079370
2.427330
2.944020
0.212540
1.033550
3.443390
-2.021900
-3.922330
-1.095310
-1.269660
0.340450
0.925180
-0.252330
1.939000
-1.122340
0.906130
-0.266080
1.721520
-1.994090
0.773580
0.252570
-1.525700
-2.018330
-2.543840
1.355970
-0.336830
2.931360
-3.502970
-2.446810
-1.575270
1.679240
-1.408710
-0.157730
-3.812450
-4.020860
-1.252010
-2.839280
-0.659470
0.740320
3.416720
1.537870
1.945980
-0.530370
-1.503890
2.012940
0.164770
-3.225410
0.601360
2.319440
2.244180
-2.840950
-0.735830
2.625400
-4.126660
0.738200
0.593980
-1.352120
-1.386870
-1.148280
-1.970890
1.302300
2.282940
1.802600
-0.248310
-2.128560
-2.682300
-0.199380
-1.580330
2.822800
-1.169770
1.192940
-1.689160
-3.118420
0.321520
0.587440
0.777760
4.500580
-1.873720
-1.912600
-0.647080
1.338900
0.608570
2.055490
-2.241610
0.352090
-0.181240
1.541210
0.332920
0.387920
-0.811010
-0.936860
2.831620
3.969570
1.539350
-5.578180
-1.507180
-1.059270
2.543290
0.512270
0.332920
0.205530
3.459400
0.616740
0.076510
-0.223590
1.030770
-1.476110
-0.715010
2.918800
-0.070060
-0.900750
-0.674290
1.506990
0.707390
3.479650
-1.326350
-3.611110
-3.214970
2.354830
-0.865150
1.556740
-3.923070
1.648670
-1.145310
0.412270
1.101500
-1.820360
-0.437000
1.113530
