0101111001110001010001001111101100110110011101100101000111100101
1101110110110110100111000011101111101000101110010100010101100110
1101110110001000111000110101101111101101100000110100011111101110
0101111000010010011000110011101101010000100000010011111101100110
1101111010110101101100100101101111110000010111101001111111101100
1101111001111010111001101001101100001010001011110010101101101100
0101111100100010101101110001101101000101110000000110111101100111
0101111001001000111001010101101111100111000001000010001101100101
1101111111001110110000010101101111011011001011111000100111100110
0101110000101011111110000001101111111010110010000111111101100110
1101111011000110110100100111101110101001001100110011000111101111
1101111010011001111111001001101111111001001100001100110101101100
1101111010101000110000010111101110010111011110000100101101101110
1101110001110101101001101011101101100100111100010100001111100100
1101111111010111100111100011101111101101010101111100100101100110
0101111100000011111000110011101101001010001001000101110111100111
1101111010110000010111101111101110110000011000010000011111100100
1101110100011001000110111101101101010010001110101111101111100101
0101110000010001100110010101101100010111000001011001000101100100
0101110000111011001111111101101111101000110110100010000101100100
1101111011011100000110101011101101010010011110111101111111101101
0101110111000010111100001001101111111100110010100110001111101110
1101110001111111110110001001101110111000010101110011010111100101
1101111111111100111000001101101110111001110010110101100101101100
1101110000010111100100101001101111011000110111001010101111100111
1101111101001001000011101011101100101000001111001100110101100101
1101110101100111100011111111101111111001100011001010110101100101
0101111001101000011110110111101100001110010010110010010101101101
1101111011110111110010000001101111001100101011001110101101101101
0101110010100101110101111001101101000010000000100100110111100101
1101110001000011001000011001101110111000111000001001010111100101
1101110010111011011110000001101111110001000110111001100111101110
0101111101010111111100100011101100010110100110000101011111101101
1101110000010010100111100001101110000111000110111110110111101100
1101110100111011100110001011101110111110010010011101010101100101
1101111111110100101100110111101101010111111100000110110111101111
0101111000111000100111011001101100001001010111101101011101100111
0101111001111111101001011011101111010011100111100001011101100100
1101111010110111101011100011101111000100110110110111000101100100
0101110111010010100010001011101110010101100000010010011111100100
0101110000011010111110111011101111000100110001000001000111101110
1101111011011010000101101001101111010000111100101010101111100100
1101110001101010111011011101101110101001000000000001000101101111
1101110000000010001101111111101110101001001011001101110111100100
0101110001111001011011101101101110011111001000100011101101100100
1101110001011011011011000101101111101100010111110100110101101111
1101111000111111100101000111101111000010011110011110001101101100
0101111011100111010101000101101110011100011101101001111101100100
0101111000101110000101100011101101111111111010011100101111100110
1101110000111111110100101011101101001111110111000110010111101100
1101111010111110111010011101101111011101011000100110000111101110
0101111001111111011010101111101111100000011101100011110111100100
1101110110100001100111101111101101010110000011010010111101101100
0101111011000111001101111001101111110111111010100100100111101101
0101110111111010011101011011101101110011000000110101010101100111
0101111000111011110111010111101111011111000000010110111101100110
0101110010110001110011100001101110011100011101000010000101100100
1101110010010010100001110001101101011011101100010000100111101110
1101111011100010011111000101101110001111111000101010010111101111
1101110000010100001001110011101101110100011010100000100101101111
0101111100110000010000000111101110111000100110110100001101101110
0101110011000100010011100001101100000111101111111111110101100110
1101110001000101101001100101101100000000101000011101100101101111
0101110010011111101011011001101110110101011011011111011111100101
0101110101100100000000110001101110100100110101111010110111100110
1101111011110100001101100001101100010101100110010101101101101101
0101110011101011101000011001101100111100000100110110110101100110
1101110011100010011010001011101100111011000010111100001101100111
0101111010001101110000111111101100011000000010111010011101100111
1101111110100001110000110101101100001011100011000100100101100110
0101111001001101101000101101101100111011101111110000000111101100
1101111000011001100010111111101101100111111000010111110101100101
0101110001011011000110111101101110000111000100110101010111100111
0101110101001110001011000001101101001011000101001010110101100111
1101111100000000111011111101101111100001110011010001000111101111
1101111011000000010001101011101100101101001111110011101101100110
1101111001000000101001101101101110111111000100111010001111101100
0101110011110100111011010111101101010010011110111011011111101100
0101111010011000101001101111101110011101110111110000001111100100
0101110111001000001010110001101111100111100101001010101111101101
1101110100101101110110010011101100000111000111001000000101100101
1101110001011111111000011011101111011101000010000001001111101110
0101110100110000100000100011101110111101101111100111011101100111
1101110001111111100010000001101110000110010110010101000101100111
0101111100111010110100011001101110111111101110101001101111101111
1101110000000100001000010011101111100001000011001100011111100110
0101110000011011011110110111101100000110010000111100001101100111
0101110000000101011010111001101111010000110111010010011101100101
1101111110010100110000000001101100100111010110001000010101101100
1101111001111000110100011111101111011101011100001000001101101110
0101110010101010100100110101101110100001000111010101001101101100
1101111001000101011010000101101111100101110110011100011111100111
0101111100100111010101101111101111111001100100010011001111101101
1101110011011101010010100101101111111011010111110100100111100111
0101111111010010101000001101101110001110100001100100011101100100
1101111001001011111111100001101110111100100111011100001101100111
1101110000110001100001011101101100100010100101000001001101100101
0101110100110000100011100011101100101100000111111100010111101110
1101110111000110001011010001101101000101000000111001011111100101
1101111100111011000111111001101100010100101010111110011111101101
0101111000100010001000110111101100110100101000110011100101100111
1101110101001110001110111101101101100000001001010101100101100100
0101110010110110001010011101101111111101011110110110101101100111
0101110000101101100011001101101100101100011011100011011111101101
1101111000100000010110110011101111110111111101001101111111100100
0101111100011100101100110101101111000100000010011111011101100110
0101111011100001100000011101101100100110011000001110110111100101
0101111101100001111000101101101111000100101100010100111111101100
0101111011101010001111111101101101011000001010000101110101101110
1101110011110101101100111011101101101010011001000000011111101100
1101110111011100010110111011101110101110101000100001101101101100
0101110001111110000100010011101101111110010000011100011111101111
0101110001000011000010001101101111111000101100110001001111100101
1101111101110110101011101101101100111101101110001100011111101100
1101110010100010000101000111101110101000110000011010101111100111
1101110000111010010010010011101101001101010100111011100101101100
0101110010001011100001101111101111001100100101001001111101101101
0101110010110010110011000001101101100110101000100100001101101111
0101111111000010001011010101101101110010100001010001111101101101
1101110101111110100001010001101100101010000111101001001111100111
0101111111101111110100101101101111101000101111100010110101101110
0101111001011001100110100001101101110111100101100001011111100110
0101111011101001001011011011101101101110011101011111101101101100
0101111000010101101000010111101101101001101111110111011111100111
1101111001110111010000110011101111001100110000010001000111101110
1101111001100001011110001101101111100110100110111010110101100110
1101111011000101000010010011101111111111100110010010001111100101
0101111001100011100001000011101101011001001011000100000101101111
1101110111101000010000110101101100010101000101001011101111101111
0101111110111110011110111101101101000101101011000111000111100110
1101111101010110011101111011101110101011000100110110001111101101
1101111000001111101100110111101100101011001100001000111101101111
0101111100101110110101011101101111001100011110010111101101101110
0101110101101101100110010111101111101111111111100001011111100110
1101111011011010111111100011101101000111101100100011010101101111
1101111000100011110100011111101100001011010101000001111111101111
0101111010111101010011110111101111001001110110100111110101101111
1101110100100000001100111001101100000101000100010001110101100101
0101110110000011000101101101101111011110111011000100011101100111
1101111100000000001001111111101100110111010001010110111111100100
0101111111010101000111100101101101011100100110101110111101101100
1101111100100111000011011001101100100010000000001101101101100110
0101111000000011011101110111101100100001011100000100100111100110
0101111111000101000010100011101111010110100110011101110111101110
1101111101101111010010100001101111010000110100001001011111101111
0101110100111001100001101101101100011010011101110101011101101101
1101111001110100011111010101101111000100001010001110010101101111
0101111111000011110100011011101110101100011110010010011111101101
1101110111100011011100101001101110101101001111100100001101101110
1101111100001001100110101001101110111110011100111101110111101110
1101110011111011111011110101101110000011001100111111001101100111
1101111001001010001001111001101111110110110001010001010101101100
1101110110101010001001110101101100100100001001001001000111100101
1101110101110001011000110001101101010110010010001110110101101111
0101111100011010110011000101101100100100001110000000010101100101
0101110010011001000110110011101111001111100100101111110101101111
0101110111001011100000000101101111111001110011101100100111100110
0101110010001001011111010111101101010000101111010100000101101101
1101111001000100010011111101101100111001100110001011100101100100
1101111100010110110111101101101110110110000111000011101101101111
0101110000101000111101000001101111111000101010101000000111101110
1101111010110101001000110001101101011001100101100101011101100100
0101111011011011001110100101101111101010011001111101101111100101
1101110110100101110000101001101111001111101110100110100111101110
0101111010011100110001100011101101011101111101001100011101100110
1101111110001010010101111001101101110010001110011001100111100100
0101110011101110010011001011101111100011001010011001000111100110
1101110000001111001110101111101100011011010001100100001101101101
1101110111001000001100110001101111000001100111000111001111100111
0101111000011010101111110001101100001011110100000010101111100101
0101110010000111011010011001101101001000001101001011100101100100
0101110000000000001011100101101100111000000110111001010101100111
0101110011000001010011000001101101010000010010111100011101101101
0101111110111110100000000111101101100111111110110000001101101110
1101110100001011110001011001101101000100010001001111011111100110
0101111010100100101001000111101100000100100010111010110101100110
0101111100001001001011110111101100111100101001101011101101101101
1101111000000000000101010111101101101110110111100000111111101101
1101110011010111001010110001101111101001001100101111110111100101
1101111101001101110110001101101111100010000010110000001111100111
0101111010000001010010000111101101011101011110010011111111100110
1101111100110000001100001111101110001011000110100101010111101101
0101111110011110111110110001101100001101001001110001000101100101
0101111101001011100000011011101100010111001111110100110111100101
0101111011100101110000001001101110010011010111111011010101101100
0101110000010001000001101111101100111100000111100000110111100110
0101110110011111010000111001101101010110000011100100101111100110
1101111101011110001010100111101110110111101000001111011101101110
1101110011111101100101111101101111000011110010001010010111101100
1101111100010111101100111101101111110001000101001000101101100111
0101111101110011001101010011101100011111110010111111111101101100
1101110110100110011011100101101100011111111101100000100101100110
1101111100100110010101111001101111111101000010001011100111100111
1101111100010000110110000001101100011000101000100100010101100110
1101111001010011011000100011101100110101000000110010001101100111
1101110111110000011010111111101111100111010111010010100101101110
0101111000001001111110011101101100011110011110011111011111101100
1101111101010101100101000111101101111001101001001010001111101101
0101110100111000011100101011101101100110001110100100101101101111
1101110001100110011001001111101101111110100011001000100101100111
1101111110010001111110100111101111011100010111101000100101101110
0101111101100010011100101011101111111101001000110101010101101110
1101110101001000011001000111101100111100111100000000010111101110
1101110110010010000001100101101100111111111101110010000111100110
0101111000101010001010011111101111110111101010010011111111100111
1101111100110110110001110001101111001100100110110100111111100101
0101111011101000101000110111101110110001101011101001110101101101
1101111000001101101101010101101111111101010001001101011101101101
0101110010001010011100000101101110100101100101101101101111100110
0101111011010100100101110101101100010111110100001000110101101101
1101110001101110011010010011101100011110001001100110100111100111
1101111010010100010101011001101100111101101000111001010101100100
1101110010101011011100101011101100111001011001110010000101101101
0101110011000000100111111101101100111011111110110101111101100110
0101111110010101001100001011101111111010110010100001100111100101
1101110110000110110001111001101111110001010010100111011111101110
1101110011001110011101101001101110001101101010000101000111100110
0101111101110000010110111001101101010101011010110010101101101111
0101111011001101001111101111101100111100010101010010101101100111
0101111110000000011101101001101101000100100010001010000101101110
1101110010001101000011100001101110111111101100101000100101101110
0101110100011100100110111101101111000010111000011110001101101110
1101110111101011001100110111101101101100111001111000010111101100
0101110111111010000001000011101101100111011100000110001101100101
0101110011111101010010001011101111010000011001110011001101101101
0101111000101110100000111001101100111010011101101001011101100101
1101110101010100011010110001101100100000011010000100101111101110
0101110100001011011110011011101111001101100110011100100111101101
1101110000000000000100011001101111100100101101100011011101100101
0101111010010111110101011001101101000110000100000111010111101111
1101111111001000111110010001101111000011110100110111000111100111
1101111001011100011110000011101110100011110101000011110111101111
0101110010001100000000001011101101110001101000110001101111100101
1101111111111011010001001111101100100101101001011110001111100100
1101111100100000100101010011101100001001111110000110011111100111
1101110001101001100001000111101110001100100110100011110101101111
0101110100111001001010101001101110100110101110100110000101100110
1101111000010111011011011101101110000000101111001010110101100101
1101110000101101110101011101101100110011010001010111001101101111
0101110111101011001000010111101101111110101111001010001101100110
0101110001111100010011010101101111110110111000101010001111101101
1101111010001011101110010001101101001001101001001100000111101111
0101110111011111101111100011101100011101110010100010101101101111
1101110000000111110001100101101101110011011011010101001111101101
0101111100101111101101011011101111010101101101110111111101101110
1101111001100111100101011011101111100001010010000111011111101100
1101110011101011101111001101101111110100000111110001011101100101
1101110010010110011101111101101101000111001110001101011111100101
1101110111000101101110100011101100100001000001101101111111100101
0101110110011110010101001011101100100000011110110111110111100110
0101110101101100010001110111101110111001110000110000001111101101
0101110000110011100111110111101110110001001001101011011111101111
1101110010101100001010011111101111001100101100110010000111101110
0101111010001010011010011001101101111100001101000110001101100100
1101110011110110001010101101101101000100011000110011001111100100
0101110001010101110010111001101110011000110001000010100101100110
1101111001000100011111100111101101100110010100000010001101101101
1101110000000011111000111111101100011111110100100110100111101111
0101110101110000010111010111101111010001001011101111110101100100
0101111011100001110111011011101110100101010111010100010101101100
1101110011100101110110011001101110111111000011000101111111101100
0101110110010011100010000001101101001010111101110111001101100110
0101110101001011100100100001101101001111110011000110011101100111
1101110110100100110111010011101101101000001010010111100111100101
1101111110000110101011111011101110010000000100110111010111101111
1101110001110011111100001111101110001001001101010001110101100110
0101111111001111010011100001101111010100111010001101001111101110
1101110111010100010001000011101110111101010011000101100111101111
0101110101000110111010100111101100011101101110101111110101100100
0101110110011000110101110111101101100101000110001111110111101110
0101111000111000011111011011101101110001001000111001111111100100
0101111010110001011111010001101101100000110100011011011101100111
0101111010010110010100111111101111101111100011110101001101100101
1101110111000010100100110101101110111110000001010011110101100110
0101110110110100011001000011101111101011011001111100010101101111
0101110010101011110110011001101110111110111100010000111111101110
0101110100011001101111001001101111000111101000001101110111101101
1101110111101101101101001101101101111100110101010110100111100111
0101110110100001100111001101101101101011111010110110000101101111
0101111101010101101111011101101110001110101111011011111101101100
1101110111001010011101011001101110111110100100010110101101101111
1101110011110110011101000101101111000101101010001100011111100110
1101110001000100000000010101101100001100100110001000001111101101
1101111000000001000100101011101110001010001011111010010101101110
0101110010110011100110110101101110011111110001001000110101101111
1101110001010010101001110001101101010001001110110110000111101101
1101111001000010111111110011101110001101001000000111101111100101
0101111000110010000010110011101110111110110111101011100101100100
1101110111011010010110111101101101100010110111100101011111101110
0101111010101011101101011101101111101100011100100001111101101101
1101110110111000000010101001101101100101000001010010010111101111
0101110001011001100011011111101110100001011011010011011101100100
0101110001001010111000010101101111001100100111100010010111101101
0101110000101111011110100001101101110000011010010110011101100101
1101110110111101010000101011101100111011101001101000101101101111
1101111001000011010100110001101111100110001111101001101111101111
0101111100010011111000110111101101010110111000110001110101101110
0101110110010111011000011101101111011100001111000101011111100111
1101110111110101011001001101101111011010111101101100001101100111
0101110001110111110101010001101100000011111011011011010111100110
1101110101001111000101011111101100010010101111100010011101101110
1101110010111110010110111001101101101101110010100010001111101111
1101110111010000101000110101101100110111010111100110011101100100
1101110000001100001111011001101110001110011001110111111101101100
1101110010111011101110011111101101111011001000101100101101101100
1101111110010100110100011101101100011100000110100101001101101110
1101110010001010100010011111101111011110110010100110000111101111
0101111000011111001111000001101100010010111000000100111101101111
0101110111100010110100101011101111100101010011100001011111101100
0101111010000111111001001101101111100001100001010011001101100101
0101111110011111001001011101101100110101100001001000001111101100
1101111101100000110001011001101101011001101111010000110111100110
1101111001010101001110111001101110010111101101000001100111100111
0101111111101000101101001111101101000011001001100100011111100110
0101111100010100000110011011101111101111101110000011111101100111
1101111110100001100111101101101101111111000000100001101111100110
1101111100000000000101000001101101011110010001001110110101101101
0101110100010001010010101101101111101011111110001001100101100110
1101111001010101010011000101101100110111000100010001000101101100
0101111111010001001100010101101111100001011001001000010101101111
1101111000011111001101000001101101010101101000001000110101101111
0101110010001010000111000111101100101101001000110000001111100101
1101111011100111000001111001101100011100101011001011011101100110
0101110110011111111101000011101111010100111010100111110111101100
0101111010111101000101101011101101110011001010001001100111101110
0101110000010000011011111001101111100011100100001101000111101100
1101110111011010010101000011101110110101100110111101001111100100
0101111011000011000110001101101100001011011011010101110111101111
0101111101110010011011011001101111110110110101110111100101100110
1101111100010010101100000111101100001110001000101000000111101110
0101111010011001100101110011101111000100001000000010100111100111
0101110111100100100010101011101101111001111111011101010101100111
1101110111111010101001111111101111110000001101110010110101100101
1101111100000100010010001101101100111111001100000010101101100101
1101111001111011001110100011101110011000010011000101111101100110
1101111010000110111011111011101110010110010111010101110111100100
0101111010110111001110110001101110010000101000011100110101101111
0101110111010010110000101111101101011010100011011110101101101111
1101110001001100011100011111101111101001011010011010110101100110
0101110110110111011000101111101101110000110011111001111111101100
0101111101001011000001110001101110111111000000110000111111100101
0101110011101011000111011011101100000110110000111000101111101110
1101111001110101110101001111101100101010110101111011010101100101
0101110110011111011100100001101111010110110101010000111111101101
1101110000011111101010011011101111111001110000100011101111100101
0101110110110001100100111111101100010101010110110011001111101111
1101111110001011001011010001101101111010111110001101111101101100
1101111100100001011111011111101100110000000111000111110111100100
1101111111111100000010011101101110011101100101110100001111100100
0101110011100101000111000111101110111111011001100010111101100100
0101110110101110111000011111101111010011001000011011101101101100
0101111000011111101000000101101100011111001101011100111101100101
1101110011010110111111000111101110111010101001101110011101100111
0101110000011011111010000101101110010111011000001001111111101100
0101111111111100001010101001101100011000110011000100000101101111
0101111100110000000001001101101100001011101010101101111111100101
1101110101101110100000000001101100111100101010010100010101100110
0101111000000011010101011011101111001111000110101010111101100110
0101110101110101110000111001101111011010010010111100000111101110
0101111110010111011001000111101111000101100000000101100101100111
1101110111011110000010111111101111000001101100000111011101101111
1101111100110011101010111011101101010101111111011101010101100111
0101111010001011111110101101101110001010111100000000010111100101
0101110110111010000000001111101100011110001111111010100111100101
1101111010010101011111110001101111010110010001010110111111100100
0101111111010011010000000001101100111010000000111111001101100111
0101111101000100111001101001101101100101100011011110010111101111
0101110101011101100111110001101101110110101101111111101111101101
1101111111010000001010000011101111110100100000101011001111100110
1101110011000111010101101101101111101010011111111100111111101110
0101111101010001100111101011101110101000011011111100001101100101
1101110010010010100011101011101101110011100101001100010111100101
1101111100000110110101110111101110110011010101101011101111101101
0101111110001001111111110001101111110011111100110111010101100111
1101110100111010000000011001101111010001011110011000000101100100
1101110010000101100101101001101101010111011101111000101101101100
1101110000011101001011000011101111111010111100110100101111100111
1101110100100101110001010111101100010000010010011000110101100111
0101110011101101010010010001101111000010111110011110110111100110
0101111000001100010111100011101111111101000110110000010111101101
1101111111110111001100111001101101110100000100111101100111100101
0101110101011111011101101111101100100111011110101011100111100101
1101110010010101010011000011101110101000010100001110111101101101
0101110011101011110001111001101111001101000001101000111111100111
0101110101001101100001001001101101111110000011000011110101101101
1101110011010011011010011001101101110011000011001001011111100110
1101110101111010001010101101101100001000010001111010010111100100
0101111010100110000010110101101101011001011110101100010101100101
1101111000111111101011111111101110000000100110101000110111101110
1101111010011110010010100011101110101000000100001100000101100111
1101110001100110110000101011101110000010000001101100101101101110
1101111011011111000010111111101111101001001111010111110111101101
1101110110010101110011001001101101010010000000011101011101100110
0101111010101001000010011001101111000001111010001101110101100111
0101111101001110110010011001101101000101011001011010101101101111
0101111111110111101110011001101110100000100000001101001111100101
1101111001011001001110000111101110110010101000010001111101101101
0101110011111011001111000001101101110110000100001100111111100111
1101110110011110011011001011101101000001101001111001111111100111
1101111011011010011111111101101110011010000000100001100111101110
0101110111011110110100101001101111010010101111000101111111100110
1101111111010000001000010001101100111101111101111001000111101111
1101110110110110010011110111101101010101010111100100000101101111
0101110001100000000010000011101110010000111111011110101101100100
0101111101010000110100101011101101010101111010110111100111100110
1101110110011001011000011011101110111011101110101010111101100100
1101110011000111010100100101101111011100000101101001100111100100
1101110110101101101110000001101101000101100011000001011101101101
1101110110010001010010001011101110011001000001000001000111100111
1101110011001000010110000111101100010111100110001101001101101100
1101111010010110100011011001101110111100110001100100111101101100
1101111000111110001000111101101111100000101110010100101101100110
1101110110100000101000111101101100111101111101001001100101100111
1101111111110100101010011101101111010000110010011101100111101100
0101111001001001101010101111101101100010110001100111010111100111
0101111111110110110001101011101111010010011000111100001101100110
1101110011101101101100111111101110110110101101011010011101100110
1101110010010110011100100101101100111001111101011010010101100101
1101111110101010100111111011101100000100000101001101111111100111
1101111111000010011101001011101101100000010101101011111101101110
1101110000101010001100011101101111100001001001101001110111101110
0101111110001100001101101011101100101100111111010111010111101100
0101111010011001010010100011101101011110010100111011101111100100
1101111100101001010110010011101101110011011111000101110111100111
0101111010111001001101100011101111011001001111100010010101101101
1101111001100111100000000111101100110111110010111000010101101111
1101110101111101110100000001101110010001110011111100100101100100
1101111000001101101100011011101111010011011101100011000111101101
1101110100001010010011010111101100101011110100010110110101101110
0101110001000000110011110101101100011001100010111110011101101100
1101111010100000111111010001101101110110111101011101001111101111
0101111000010000101001010011101110101110011001010100101101100100
0101111110000111111000010011101111110110101000111111100111101100
1101110010011010011001011001101110011000111100111101010101100100
0101110111000001100101111011101101111110100010000111110111100100
1101111011110001001101111001101111011111011110100111110101101101
0101110010001110111010010101101110010011100111101111111101100101
1101110000001110111000101011101111000001110011010110101111101100
1101110110011100011010111101101101010111000100100011010111100111
0101110111001011110111000001101110010111111101010110100111101100
0101111011010010110001100111101101101111110101111111010101101110
0101110100110001011111011011101111101001110000101101101101101110
0101111101101101001111100101101111100110010001110011001101101100
0101110110000010110011100011101111110000011001101111101111100101
0101111101011000011001011111101101011100001111100000001101100111
1101110111110101101011001001101111001000011111111000100111100101
1101111000001101010110110011101111011111110011010100000101100111
0101110100011111111001100111101110011100001010110000001111101110
1101111110101101100110010001101101010000001011011001001111101111
0101111101010110101110011001101101110110101011101110100111101101
1101110111011000011100101111101100100111010101010110001101100100
0101110101100100011110010011101111111011001000101000101111101101
1101111010101111101000111101101100110110100001100001000101101100
0101110001011010111010111111101101010000101111000101100101100111
0101110101101111001011111111101100111111111100011001010111101101
0101111100100011101100011001101110111101110000111110001101101111
1101110000000101111000001111101110000011111101101011000101100100
0101111111011110111010101001101110110111110000111000110101101110
0101110010110001000011110111101111001001000100111110001111101101
1101110110000010100110111101101111111100101110010000101111100110
0101110010100100111111110111101110011100111011001111001111100100
1101110010101101001001100001101101100100010110010010001111101111
0101110110110001101100011101101101011010111000011000010101101100
1101110000101010110010011101101100011101000101111000010101100101
1101111100000111111100001101101100100101101110110110110111100110
0101110111011100010001000001101111001000100110100100110101100111
1101111101001010000111110111101101001111110101000111011101101101
1101110010110110101000011011101101000001000111011010011101100101
1101111100101110011101001111101111000111000100001010000111101110
0101111111100111110100001011101111000011001001010011110101100110
1101110100110101011011000101101101011100000100011011001101100110
0101110000101000101011111001101101011001101110000001101101100111
1101110110111100010110110101101110000010001010010101100101101110
1101110010100111110110101011101110000011101001100011110111100110
0101111110010111110101010001101110101000101101110010110111101100
0101110011001110000100010011101111111001000010001001111111100100
1101110011111100011000101011101111111011001101000110001111101101
1101110101010100000000101111101111100000000111101110011111100110
0101111100100111001110111011101100011111111101110110100101100110
1101111011110001000001010111101100010000100101111010111111101110
0101111110011010011000101111101100010011100110100011110101100111
1101110010101001000100001111101110111000000010101001011111100100
1101111100011101010111001011101110000100011010010011111101101111
1101111100011101001111110111101101001111110101010001111111101111
0101110101111110001110001011101110101101010110001110111111101110
1101111110011110110111000111101100000010011110101110000101100101
0101111001111010001001011001101100001111110101111000011101100111
1101111010111000000000001001101100100010010101101010010101101100
1101111110010111011111001111101100001010001001100110100101100101
0101111000000001000101101001101101001011011100010100010111100110
0101111110111110100111101111101101110101000111110011110111101110
1101111100010101010011000001101111100111100001000110111101101110
0101111100000110000010001001101111100110010001101110110111101101
0101110010010101101101000001101100111100001010011110011101100110
1101110011101011011010110101101100010101001000110111110111101111
1101110110001110010111101001101111111011101101101101101111100111
1101110101100111110000010111101110101011000011110001101111101101
1101111101000011011001001011101111110001010010111101010111101101
1101111111110000000000111111101101100100011001000001111111101100
1101111100100000011110001111101101100101000100011111010111100110
1101111110000100101101111111101101101011011110101011011111101110
0101111010100100111110010101101110101001000111100011010101101111
0101110000110011001011100001101100000001100100011100010111100100
1101111010001001000000100001101110100100110110001000111101101110
1101111011110110100110001011101100010011100010011101100101100101
0101111000011000000011010111101100100100110101001111000101100111
0101110011100011010101011001101111101000001000001111111101101110
1101110111110001100010000111101100000111011100011110000111101101
0101111110110000001011101101101101010001100010111110111101100100
0101111000100000100001010111101111100001100000101011100111100111
0101111010111100000001001001101110010000100011111000001101100100
0101110101000000100110011001101110001111110101100100100111100101
1101111001011011110011010001101100110001000101001100110111100110
0101110110101010011101011001101111101011101001111011000101101110
1101110100101111010111001111101101100000000101101001000101101101
1101111101000010100000000001101100101010111011101100010111100110
0101110110011101001111001001101100110001000011110110100101100110
0101111111100011101111100011101111011001001111101011000111101110
0101111111101011110011111111101110100011000010000101111101101110
1101110010011101010110100111101101010101011111000001000111101101
1101111110001110101110000011101101100001100000000110011111101111
1101111110001011100111100111101110111010111101011110101101101101
1101110100010100111010010001101111110100010010100001001111101101
0101111000001111111001011001101101011111011011110101110111101110
1101110010001000000100101101101101110101001110111111111101100100
1101110111011100011000100101101101000110010010111111011111101110
1101110100010010110001101011101110111100111110001001110111101110
0101110010000001001111100101101101100001111010101110011111101111
0101110100011110011000000011101111101001001111010101010101100100
0101110011001000111010000011101100101110101011111011011111101111
0101111101000101000101100001101111000011110001100010110111100110
1101111111100001000011001111101110111001010011110101010101101110
0101111000111001101110110001101111100110100010010101110111100111
1101111101100100101111000011101111000111110010111001001111101100
1101110001011001010101001101101111000101000001110010001101100100
0101110111011001100110000111101101111101000001011110000111101100
0101110110101101001110010001101101000001100101111000010101101101
1101111100100010001100011101101100111110010001011001111111100101
1101111001110101001111001011101101010100011011001100110111101110
0101110101111100101011110011101100000111001100000011000111100110
0101110101000001010111100011101100000101111101010011010101100101
1101111100001001101100001011101100010111100010110101001101101100
1101111011111101011000011101101101111000101110001101100111100101
1101110001011000111001101101101101101110100101011000100101100111
0101110011001011100001100111101100110110000100010111110101100101
1101111000010000011101101101101110111001100000111000111101101110
0101110011001010001110100001101111011111010111111111001101101101
0101110011101110011101010101101101000011001100100001110101100111
0101110011111110011000100011101110011111100100101011100111100110
0101110011000111110000011111101101111101001100000000111101101100
0101110110010100001011011011101111011111000111101001000111100110
0101110010011101001011100001101110011110000111100110011111101100
1101111111100100001000111001101111111110110010001100011101101101
0101110110111011111000010011101111111001101010110111010101101101
1101110000010001100111001011101100011001110010101011110111101111
1101111011011100110011100001101101001011000000001110101101100111
0101110111000001100101111111101100110101100100010000000111100110
1101111111011111101000111001101100111110111100111100110101100111
0101110111001101001000100111101111010100001000110000010111101101
0101111010011011000111100111101111000010001110101000000101100111
0101110010011110001010100111101100100001010010001101100111101101
1101110101101101011001000001101111110100011100110111000111100100
0101111101101110110110010111101100100000101011111110010101101100
0101111100001110101101100011101101011111110000010010010111100100
1101110101010001001000100011101111010100011100011100000111100110
0101111111110010001010111101101101000110101001010000000111100110
0101111110000001001000111111101101111000001011110101011111101100
0101111111010100110110000001101110000010011111011011100101101111
1101110011011101001010001101101100101001110111011000010111100100
1101111100111110001000100101101111110110001101011011111101100111
1101110001000110110011001101101110010000100001000010011101101100
0101111101110110000100101011101111100011000010101010101101101100
0101111000000010101001010011101111100100100100100110100111100111
1101111010001100000101001101101110111100110101011111110111101101
1101111000101011111010111101101110011101010011100000111101101101
0101111001000011010010100101101111111011000001111010001111100110
1101111010010100010000010101101101000001101011000110010101100100
0101111010110001011100110101101110000001000001011111000101101111
0101111100101100011011101011101100010010100110100001101111101101
0101111110001110111101011111101100001001001100000101101101101111
1101111111110011110011001101101110000010010101001100001101100101
0101110010000001010011010001101100001100011011100100110111100111
1101111101001011000110110001101101110001000100101100001101100100
1101111000110100010000110111101111001101101100001100001111100100
1101111110110010111111111001101101011000101000001000000111101110
1101110100111011011000000101101100110111101111111000001111101110
0101110111001101111100010111101101000111100010100010011101101110
0101110101110100001010010101101101110000001101011100111111101100
0101110111001110110001000011101101001000001000010001010111101111
1101110100111100111000010001101111110100101100110110011111101101
0101110001001010001111011011101111101000100010010111011111100101
1101110111111100100110101001101100110010001101101010101101101110
1101111110011001101111100001101100001000001001000101111111101110
0101110001101000011000100001101110100110110110111100010111101100
1101111010101100011010001101101111110100100110011111111111100111
1101110010011101001100110111101111111101100010010111110111101110
0101111001000101111111000101101110101101000110110111000111100100
0101111010010010000001101101101101010101011001111101111111101101
1101110011001111001000101101101101001010000001100100101101100100
1101111011110000000100111011101101010001101111101010011101101100
1101111000000111000101111111101100001001000111111100010111100100
0101111010101001010001011011101110010100101000011111111101100100
1101111100000001001011100101101101011100011101010011100101101110
0101111110101001101111101111101101011110000011001111001111100100
0101111000101111100010101101101100000100100001000101001101101100
0101111000110001001011000011101111000010011100111100101111100101
1101110011001100001101001011101101001110000101001111100111100101
1101111011100000111111110111101101111110000010100100100101100100
1101110111111101001100100111101101101110110001101110011101100111
0101111101000011011101111111101110001011111100011001001111100111
1101110101000011001101010101101110100000111011100011011101101110
1101110100101010100110100011101110100000111111100111110101101111
0101111000100000001001100001101110101000100111010101101111100101
0101110101001110000111100001101101110101101111000101010101100111
0101111000111011001000110111101111110101011001100010100101101100
0101110001011101001111001011101100011000101011011000111111100100
1101110011111011100010111111101101111101010100010111101101101101
1101111100110000110000011101101100111010001010011111010111100111
1101111111010011110001000111101111010000100011001011011111100110
1101111110011001100001111111101111100000001011011110011101100100
1101110100001101001000010001101111001110110010110011011101100100
0101111110110001011010010001101101000011010011101010001111101101
1101110011110010100111000011101101100001111011100010010111101111
1101111001110001111010011101101101001010100000010010000101100101
1101110101100001110010000111101111111101111001100111011111100101
1101110010101101001000000111101101100001111010101100101111101100
0101111111101000001100011001101101010000111101110101000101101100
1101111010011101100001011111101101011110101110001111010101100100
0101111100010100101111000011101110100000100010010010001101100111
1101110101001010100100011101101101100000110110111000100101101101
1101111001110001110110001101101111110110010110000011100101100100
0101111100010111001011111101101100010101010010101011011101101100
1101110000010010111001101101101111100010100111000000000111101111
0101111001101101111010000101101100000100111000000110000101101110
0101111100000100000100010011101101110010110101001011111101100100
0101110011000101110011110001101111011000101110100110111101101111
0101110111010001100111001001101111111100110011010001100101101100
0101111100001101110011001111101110011011101101101101101101100101
1101111011011001010001010111101110001000100101011000101111101111
0101110000010101110100011101101100000101111101110111010111101100
1101111011100111111000000001101110010111010011001101011101100100
1101110001100011011001111001101101100011101111011011111101100101
1101110111010011110001011011101100011111010011110111010111101101
0101111100111111110110101011101101110011100111011001001101100111
0101111000001100111011011101101101000111000011110001001101101111
1101111010111010100011000111101111001100111011000011010111101110
0101111010000101010011100101101110001110010110001000110101100110
1101111100000011111010110011101111011111111000011011000111101110
0101111100101001100100011101101100010000100101111010010111101110
0101110001000101101110100101101100101000111001101001010111101111
1101111101111110111011001111101100110001001000000110110101101100
1101111001010110010100111011101111000100011111001100000101101111
0101111001101001001010101111101100001000101101011101110101101101
1101110010101111000111100001101101111111000110111000011111100101
1101110001100010001011101101101101011011010000100100001111101101
1101111000110110001001101111101100011010110111101010101111101100
0101110001111100110110000011101101001011100101000110010111100100
0101111110111010101011101101101110010010011100100110010101101100
0101110111000001001100111111101111111010000000001000001111101101
1101111101111011100001001111101100001111011000110011001111101110
1101111100010111110110011101101110000010101101100010100111100110
0101110011100100011100100011101101110111010000110010000101101100
1101110100100101011000110011101100111011011111110000111111101111
0101110101100100000100000101101101001100010000011110010111100111
0101110100100001010011000101101101000010110000100111011111101110
0101111001111110110001111011101110100011111100100001110101100101
0101110010001000001001111111101101011011101101111001001101101110
0101111111000110011111100101101101101000111010000001000111100100
1101110101000101101111010011101110001011001100011001111111101101
0101111100011000010110111011101101011111110000111011001101101110
0101111001010100011110111111101111101011101101101110111111101101
0101111001101000010010010111101110001110110110110011001111100111
1101110100101011111011111001101101101100111101110100001111100100
0101110001000111100010100001101110000010101110100011010101101101
0101110000000000111000101001101100100011001001000010100101100111
1101111111110010101001011011101110101101111100010010100111101111
0101111010110011100001110001101100100011111001111100001101101111
0101110111110001101101111101101110110111111111010100101111101111
1101110000011110101011111011101100011000001011101010110111100101
0101110001010111100001000011101111110000111010001011111111101111
0101111100010100110100110111101101010000111100100011100111100110
0101111111011010101111011011101100111111011010100001001111101111
0101110001000011101100011011101110111010101010111011010111100111
0101111110101000111001001011101111110011111110111001101101100111
0101110011011100010100100011101101000011010011110000101101101111
1101110001111110001110001011101111011100000010001111111111100100
0101110011101111000111110001101110000001000110110011011111100111
0101110010010000110000110011101110010011001101101110100111101111
1101110001111101101110110011101110010101011110001000101111101110
0101110101011101111011110111101110100001010110000000100111100110
0101110011010100010010001011101101101010100110100010000111101111
1101110110101111000011100111101110001100110001111111000101100110
1101111001000101010110111011101110111100110100011100000111101101
0101110001110101110100100011101100001001110101011100000111100110
1101111000000111101010001101101100100010110110111011001111100101
1101110101101111110111101001101110010000101101010101101111100100
1101110011011100001011000001101100000100011000011111110101100101
0101110111110101011111001111101110000111111111011000010101100110
1101110011101000011110110011101100010110110101111011001101101101
1101110111101111001100111001101111100011011011001101000101100101
0101111100001101110110011101101111101110101110100110000111100100
1101110110100101111111000011101100110110100000110111000101100101
1101110001000101100100111011101100100100001001100101110111101101
0101110000010011100110011111101110111011101111001111001101100110
0101110111011010010100011011101110110001110111100011001101100101
1101110010000111110000110001101101011011110000000111101101101110
1101111011100111110010000011101111101011000011111111010101101111
0101110111011001110101010001101101111011010110110101101111101110
1101110011110001000001001011101111100110011100010010000101100111
1101111000110100001010100001101111011110111010001000000111101111
1101110101010100111100101011101110101111101111101111011111100111
0101111011010111100110111001101101000101010010001110010101101110
1101110111101010101001100111101110111001010111111111010101100101
0101110110100100001111111001101100010010110101011011011111101111
1101110011010010011010010111101101111000100111000101000111100110
1101111101001001110001100111101110001111011110100111111111100100
0101111100000111010000101001101110111000000100011011101111101101
0101111111110101111101001011101100000001000010100111000111101110
0101111011101101110111100111101100110110001001101001001101100101
1101111100111010011110001001101100001010000101011010010111100110
0101110101111110101101100111101111000010100110110010100111100110
1101110000000010011101011001101101110010000011011001001111101111
0101111110100110000001010001101101101001101000101110110101101101
1101110011101011010100011011101110111100110100000011011101100111
0101111110011000010000101111101110001000111101100111011111101111
1101110110101100100001001111101101000111001010101001111101101101
0101110111010101111011100101101110101100100000011011001111101110
0101110111010010011100111101101110101111110110101001110101101110
1101111001011001011001101001101111100011100010010100110111101111
1101110001100000100111010001101110111111001000010000010111100100
0101110111010000001010010001101100011110100001100100000101101101
1101111100101110010110001111101100010010100110111001000101101110
1101111011010110110011011011101101011000010110010110001111101111
0101111111011111111100101001101110000001000110111111010101101110
0101110001001011001010000011101111001011000100000000111111100110
0101110011010010011111110011101111110000101101000001101101100110
1101110011011100001011010111101100100111011010100101101101101101
0101111010101000110101111001101100111010100110010111010111101111
1101110110011100000101001111101110011110010101101111001111100100
1101110101000100010000111111101110110111000111000110111111100101
1101110100101110110010000011101100111011000001100000110111101111
0101111010101100111010110111101101001001110000100000000111100101
0101111110110101111011111101101100100011101001000011111101100101
1101110100000100101011001011101110000100001110010011111111100110
0101110110101101010011110001101101010001001111101011001101101110
1101111100110110011000100101101100110111010011101110001111101111
1101111110000010010110110001101111111011111001010101101111100101
1101111010011001000011011001101111000011100000011000001111101110
0101111100111001000101101111101101010111100001001001010101101110
1101111110101111100000000101101111011011110001111101010101100101
1101110010111100111010011101101110110100100110010011101101101110
1101110110101110101111101101101101101110111010000111111101100101
1101111111001101000111100111101100110001111111101110001101101110
0101111101010001101101101011101100011010110111000011110101101111
0101110101101111001101011001101111100000011101011111011101101111
1101110011001101011111010101101100110111111010100110001101101111
0101111011011011110110101011101111001000010101001000001111100101
0101111000000011111011110001101110101000001010111001011101101101
1101111001000000001000011101101111101000111101010011110111101110
1101110010001111001100110111101100010111101110011100101111100110
1101110011000101011001110011101101011111111111010011111101101111
1101111000000000001110100011101111111011011000101110101111100100
1101110001100110011010100001101111110001100000000010000101100111
0101111011101001111101100001101101011011110101100100010111101100
0101111110011101010000111111101110110000001000100110110101100111
1101111101001010010001110111101111101101011111010101010111100111
0101110011010000000000010101101101011001001101100011000111101100
1101110101010111000011111111101101000101110001010100001111101100
1101110101001000000110001101101100110111101011001111101111101111
0101110100111000110111100111101100001001111101001101000111100101
1101110010100001101011110101101100101000100111101100111111101100
1101110011101111011010001001101101011110000001110110010101100101
1101110001111000000000111101101110000010001100101001111111101111
1101110111010110100001001101101110001011010100100100101101101111
0101111000000010010100110101101101010110011111011001111101100100
0101111100001100010110101101101101111010110010011000010111101100
0101110110011010110001101101101110100111011101010001110101101100
0101110000011001111111101001101110111100001111111010011111100101
1101111111100000011011110011101101101110000111011101100111100100
1101110001110011101110110101101100011101011001100010000111100100
1101111011000110011011111111101100010100110010000110011101100111
0101110101101111110100010101101100001101000101100101011101100101
1101111011110010110100011111101100111010000100110100110111101110
0101111000100000110111011001101101010101111001000101111111101110
1101110110100001000111001111101101110010110011110101111111100101
1101111010001111110110001011101111100110111111011001011101101110
1101111100010101101111101011101100000000011110110011000111101100
0101111101110100011000001111101111100100011000001111110101100111
0101110111100010011100101111101110011011110011010101001101100101
0101111011111000011111111101101111000011010011101010010111101111
0101110111011100111001011101101110011010111111111101101111100110
0101111100000010001111010111101110010010001111010001011101101100
0101110010011001011100001111101110000110111011111000100101100101
1101111100000001110100000011101111100011111101110111001101100100
0101111010100011000110000111101101000010111001100001100101100110
1101111100110010000100010011101101110110111010110111011111100111
0101111010001001111001000111101101110010101001010100000111100100
0101111111010111110010110011101111001111000111110011111101101111
1101110000001010111001101111101101000110011010101111101111101101
0101111001000010010000100101101100101000100110010101010101101111
0101110011011011101100011101101101110001110101010101001101100111
1101111011100000001111011011101101100100011101011110101101101111
1101110011100001111001101011101110001001100010011110101101100101
1101111010100000100010101001101100101000000000111000100111100111
1101110100101110010001100001101101000011100001100100000101100111
1101111100100110011100001101101100010010000100010011111111101110
0101111001000111110110011111101100000101101000111101111101101101
1101110110000101101000110011101100100110110001111110010101100100
1101110010100011000101010001101100011110111111010000001101101111
1101111101111000110010110011101111100001110011001011011111100110
1101111001010000100100001101101101011010111110101000101111101101
0101110100101110010101111101101100111101011100111011111111101100
0101111100100111110111101001101101010011101001110110110111101100
0101111110101011001101001111101110000110000011110000010101101101
1101110001010010101100001011101100101111111011011101000101100101
1101110100001000111001011011101110011100110000011110000111101100
0101111000110100111010101101101110111000111011111110100101100101
1101111011001000111100010111101111000010010111011000110101101100
1101111011001100111000110101101111110010100101000011100111101111
0101110110000111000010110001101110001101111110011010000101100111
1101110000110000100100100001101111001111000010110011110101100100
0101110010110011111100111101101110100001111111010000011111101101
0101110000011001000001100001101100101000001101101100100111101111
1101110001100111000100000101101100110000111001010100010111101101
1101110110000111100001111011101111110110101110111011110111101111
1101111001010011101001100001101111111101011100011110100111100111
1101110111001011110111001011101110111110111110000100000101100111
1101110101011110000100101101101110100111010011000000111111100101
1101110110100111011000110001101111010111110110001011110111100111
0101110101000100110111111001101111011001011010101101100111100111
0101110111100101010010110011101111010010110100000011010111100100
1101110000010101110010000001101111111001111100111111011111101111
0101111111110001110110001001101110001011110101011010110111101100
1101111110011010100010100111101100001010001110011111100101101101
1101110000001010101001101011101101100100110011001101101111100100
1101111111010001001001110111101100111011000000001111011101101110
0101110110100111001001111111101110100110101110000010010101101100
1101111110010100111100101101101101111100110001101101000111100111
0101111100011101111111001001101111110110000001110100011111101111
0101110101011110100010000011101110111110100001100001001111100100
0101110000101100000111011101101101100111000101100011100111100100
0101110100001011010101100111101101011010001010010110000101100111
1101110110000100000011101011101111100001110011111000010111100111
1101111111100101011110100101101111001101111111101111110111100111
1101110001111011000111100011101110001001101111000001101111101111
0101110010010101011101011111101110111010110000000000100111100110
1101111001100111000000000111101100100011000101000100011111101110
1101110011100100011011010111101100001111010100000010110111101111
0101110001011011010010101011101111110000000010000110101111101111
0101110100101001011110101111101101000110101101001010010111100101
0101111100001100001001100001101101110111001111100101110111101111
0101111101010101000000001101101111100000010000100011010111100111
1101110111101001111101001101101111000101010001011001100111101111
1101110001011100010001110111101101001001110110011111001111100110
1101110111101101000101100101101100000111110100101001011101100100
1101111000100101010001011111101110110011010011001010111101100100
0101111100110101111110111101101110011100110101001010010101100110
0101110001011100011011111111101111000110111101100000111101101110
1101111000001000101001100101101110101010001101000000100111101111
0101111000110101000101010111101110110111001010110111001111101101
0101110010101000001010101001101101100011100100011111001111101111
1101111010101110001111100111101110100110110010010010001101100111
0101110000011100111000010011101110010001100110111011001101100111
0101110100101100111000000001101101111001100100111110100101100100
1101110111010001110101100001101110101010011101011111001101100110
0101111011110101100010011001101100001000111010111111010111100110
0101110010001111101010010111101111101111100101111111000111100101
1101110100111111110000011001101101011011111111010110101101100101
1101111001110111010110011111101101011010001010111101101101100100
1101111011001011101011010111101111001000100100010000110101101111
0101110111111111111101100101101101000101011000000000111111101100
0101111001001111110100001111101111001111100011110110101101100111
0101111111000100101011010111101100000111000101011011001101100110
1101110110101000110111010011101101110101010111010110101101100110
0101110111100101000110100101101100111011101000101101011101100110
1101110100011110100010010111101101100111100010111010100111101111
0101110100000000111100011111101101011111011110111110100101100110
1101110111101000001100001101101110101110001100011011110101100101
1101111001110001000100110011101111101110110001100100001111100111
0101111111001000101101000101101111101100011000001100100101100111
1101111100110111010001110111101110100001001101010110010111100110
0101111101101110100001110101101101001001101111011100000101101101
0101111111001101011011011101101110010001110111010011011101100111
1101110010111101001001111011101101011100111000011100101101100111
0101111100101101101111001111101101101100111000110010001111100100
1101110001100001100010001011101110001010111000101110000101101100
1101110101000100011000000111101110000111001100100000010101101110
1101111011010111000111110001101100101100001101010010001101100110
1101111100000100110111010111101110000101000010101010010111100100
0101110001010100011011011011101101011001101001000101111101100111
1101111111111101111011101111101101001000011101010111011111101111
1101110111011010101101110001101100101000001001011010111111100110
0101110111100101000011011111101110001101000001011010000101101101
0101111100111101101010110011101101010011101100111110000111100111
1101111001001011100000010001101110100110110010110001011101100101
0101111101110001111011111111101111110110100010010011011111100100
0101110111000111000001101001101110110100110110111001101111100110
0101111111110101110110110101101110001001011100001111010111101101
0101110010101110111001011111101101010111001101010101001101101110
0101110110010011100100110111101111000111001000011000001111100100
0101110110100111001100000001101100011011001011000101010101101111
1101111100111010100011111001101100110000000111000001101111100111
1101110111010011111110010011101101010100000010011010001111100101
0101111010101011111101011101101100110111000101101001111111101110
0101110010011011110000001111101111100000100101001001000111101100
0101110101000101010011011011101110100010110101011000100111100101
0101110110101010110001011101101101000101000010111001010111101111
1101111100110101101100010111101101001101010001000100010111101100
0101110010100001010101010111101111111010111010000110111111100110
0101111000111011001101010111101100010111111100101111111101100111
0101111000001110010101100011101100001011100111000110000101100101
1101110000011101111010011101101110001001111011010111011111100111
1101110100101101000000101101101100010001011011011110011101100111
0101111100010000100110111001101101101010000010000010100101101100
0101111101000101000000110111101101010100110101111000111101100111
0101111110001010011100100101101110100100000101011001010111100110
0101111101001100011111000001101101010000011110111010001101100110
0101111101110010111010000101101100000101110100110101110111101101
1101110011101001000110001111101100100111000000111101110111100100
0101111000111100001000000001101111110000011110001011110101101101
0101111010000111100110101001101101010100000101001011001101100100
1101110010010100111011011111101101010101100101000101000101101111
1101110000110100101110110111101111111110110011011001110111101110
1101110001000010000011110111101110001111100101101011111111100100
1101111111001000010100100001101111110111110010100100011101100101
0101110011100001101111101011101111000011001111010001101101100111
1101111000010101100101100111101111100111000000110111110111101111
0101110111100101101000101001101110011010011001100101001101100101
1101110110110010011011111011101101001010000100101011001101101110
0101110001100101100100111111101101100110110100101111110111101100
0101110001010000101110110011101101101100101000000000101101100101
0101111100110011010101011101101100001110100001000110010111101110
1101110001100101111001100111101101101000011110110010110101100101
0101111001000111111001000111101111110011010110101000000101101110
0101111010000010111010111111101100011110001001110011110101100111
1101111101100101111000110011101111001101000101111111001101101110
0101110111001101011100111111101110001111101001001011111111100110
0101110100010010001011001111101111111010100110111000100101101100
0101110111100001000101010101101100111110111000011001111101100100
0101110001001011110001101111101101100011011101001111011111100100
1101110001111011001100010001101100100000011111111100100111101111
1101111101010100100001101101101100110111110000001001000111101100
1101110100010000001100110111101101100011100101110001010101100110
0101110010111101001001010111101110110101100110110000110101101110
1101110000111011000100011111101101101110110000110110000111101110
0101110110000000101110100101101100101111110110011100001101101111
1101111101011010010000010111101101010110011001010000001111101100
0101111110101010101111100101101101110111111000011100011101100100
1101111000000101011101000101101111000110100111001101101111100100
0101111011001111110111000111101110010110010001010100000111101110
1101110110001111001011010001101101001101101111001101011101100110
1101111010010011011001111111101101100110001010100100010111100110
0101110111001100001001100001101101110011000111011000000101101110
1101110000011100001101111111101100010111101011111101101111100101
0101111100101101001101100011101111011010011111100011010101100101
1101110100011110101000011111101100000111100010100100011101101111
1101111000010011011111110101101100010100000111111100111111100111
0101111000100111110101001111101111101010111110101111000111100110
1101110101111111111011100001101100010001101000111111000101101100
0101110100110010000000000111101110010000001001100111010111100111
1101111101111000000100110101101100101011001101100110001111101101
1101111101010100000001000101101100000111110111110111000111100100
1101111001100000111001011111101101101000011011110101011111101110
0101110110001111010111001101101111010001111011110110110111100101
1101111100010010100111001111101111111000001100000110100111100111
1101111010101100000100110111101110000001001010111010110111101100
1101111110010000101001100001101100000101011100010100110111101100
0101110101100111100001000011101110110111111110101001000101100110
0101111101111001010010011101101101111110001111011011100111101111
0101110100110111010111010011101101000010010010000110100101101100
1101111100110011000010001001101101100001110100011111111101100100
0101110100111101011111101001101101101001111010110110110111100111
1101110101110111010000100111101111110110000000001001011111100100
1101111100001111010011000001101100010111101000001110010101101110
0101111111010111110101001001101100000010010111000000000111101111
1101111000110010010101100011101100110101000000011011001101100101
0101110101100010111111011011101111100001110010001111100111100101
0101111101010010100000011011101111000010000100010110111101100111
0101110110101001101101000011101110101100100010011111010111101100
0101111110101001111010101011101100011001010010110111010101101111
1101111000000110110111100011101110000000001010011100111111100110
1101111010100111100000110101101101010010001100011110111101101110
1101110110111101000001101001101111001101001000100011111101101100
0101111101000100110001001011101100000100101110101101011111100110
0101111111111000100101000011101111100101000000111011110101100101
1101111101011011111100100001101101010010001101011010101111101110
0101110010101001000000101111101100011010011111110110101111100100
1101111101111010101010000011101100110010010000100000100101101100
1101110111010010010000010101101100100100111111111110011101101111
1101110100000000110010111111101110110010111000101101000111101111
1101110110010001001010000111101111000000100100111101111101101100
1101110010011100011001000101101111101000100111100010101101100101
1101111011111001011111100001101110011011001111001010100101101110
0101110101011111110101111101101111101011110100010100010111100100
0101111011010100001100100011101101000010010011010100011111101111
1101110011010001001000111011101100111110100100110010000101101110
1101110111010011001010000001101111100000111000011110101111100101
1101110110011110000001110101101100001000011000010001010111101101
0101110101111011111001000111101101000001101011010100001111101111
0101111010110000110000110001101110011101101010011011000111100110