3.97511
-12.77907
-5.02408
-13.80326
3.23925
4.19269
13.74611
-14.78699
-2.33739
-8.01990
2.91248
-9.65105
-5.91584
3.63431
-4.95731
2.46947
2.35655
-17.92741
-9.26796
-4.85122
9.89314
-5.05110
13.97268
6.84634
-2.41178
-14.37576
6.28222
1.48555
-7.01736
20.34971
9.86480
0.61457
13.22535
5.47710
4.40141
-1.29521
2.12575
-6.92178
7.52496
0.66735
-16.52084
3.69851
9.60399
-9.15596
9.36632
4.39491
-1.89901
-11.09932
0.11625
12.58379
-11.75115
-2.82119
-2.39050
6.95129
-1.54282
-5.87000
-18.05473
-10.84152
16.47171
17.22520
-9.43958
11.76044
-4.63274
8.33301
-2.02658
-9.05765
-8.47902
3.23303
-3.98283
-4.87530
-18.73649
4.48414
10.01434
-12.16204
12.98663
4.11523
-11.09143
12.57139
-9.74857
-9.24744
-17.97465
-10.52055
-2.85611
5.26275
-7.40117
-15.65370
-9.09995
-7.38685
0.46648
3.40975
-2.06284
2.19483
-0.18387
0.95531
-0.88106
-1.57145
12.33054
-0.17017
-9.87076
-7.38301
11.56685
0.70418
1.38491
3.01560
-3.43120
18.53310
1.94925
1.61103
-2.73269
3.33104
-7.85438
-12.62650
-0.39961
0.40614
-0.84069
-0.05247
0.30581
-6.60765
-7.24730
2.03938
-3.25799
-6.70657
-2.56880
2.68407
-3.63979
-2.15095
11.71034
-2.81664
-9.23110
5.61953
-1.69056
-17.11365
6.77376
8.82917
-2.06017
-3.76639
1.80091
-14.02709
-2.88804
8.17732
13.59479
9.51568
1.11530
0.69485
12.48647
-1.27172
14.23371
10.65914
-9.29941
-1.15360
-2.45821
-5.99261
5.54570
3.13820
-15.60312
-8.63990
-9.59602
-9.24406
-3.30094
-10.30130
10.89878
0.67009
-4.94351
2.52610
-10.86252
10.72696
-0.28075
18.87918
-9.99400
10.15296
-16.05162
-7.39656
-1.76839
-4.92178
14.25447
-6.84233
-3.26615
-7.59324
2.05989
-5.10587
4.81496
2.06598
-12.12285
8.05298
1.10913
-11.21875
14.82724
-9.58226
-3.28829
1.58961
11.94240
2.64642
-4.66305
10.12545
9.16415
3.96526
-11.33413
5.37584
-12.68823
6.89310
2.64518
-0.61581
7.31915
-3.50057
-1.90124
-10.77435
0.92856
0.52228
6.71503
7.16871
3.70470
-1.37396
-0.64041
-2.74505
5.04025
-5.38289
27.42471
-9.43894
9.44639
3.66533
4.22247
4.84734
-4.84604
1.41301
6.49994
-2.82542
-7.99893
-14.14108
-8.56737
8.54135
11.10876
-7.03752
7.22385
11.63587
-3.27049
-3.75474
4.13899
9.89047
-10.34579
-11.06915
-15.23661
-19.77500
-3.11498
0.59219
-5.76005
-0.38608
1.37877
5.87292
0.36062
9.17995
-9.85801
-14.16020
7.10864
-5.29487
6.71639
3.06144
9.64931
11.26450
-3.25195
4.70949
5.71325
7.44062
15.34728
-1.57424
-8.86067
8.75941
8.56410
-6.69475
-3.45172
-10.30776
-3.38893
-9.82637
-8.66593
-10.07973
15.84621
7.52966
1.76628
-3.99625
2.98258
-2.54159
-0.28922
0.06216
-5.29033
14.33451
9.11221
-9.18788
-1.01949
-11.44336
0.20462
-0.46076
4.80706
0.52804
-6.83311
12.40725
9.43305
4.66889
-5.55978
-3.46598
1.80093
-1.03796
7.32074
14.65534
-7.28142
-18.57529
5.85364
-0.62493
-18.98813
-12.10962
0.27961
-3.24104
4.93011
4.39154
-1.57894
-0.97894
10.45086
0.68873
3.57009
3.26481
-10.14543
9.97316
-8.43884
3.18149
-6.06303
-2.22652
9.14054
5.47475
-3.81352
-14.74443
-2.09711
-4.58255
3.29992
16.30666
11.69169
-1.76698
11.16112
-0.86831
2.49784
0.84999
17.89736
1.53926
6.25652
-18.73943
-3.94505
7.45760
-2.99683
-7.25774
-7.24239
-6.35273
-5.94726
13.76696
-15.40678
-9.98947
3.83813
-18.05067
-6.18550
-4.88866
1.12755
9.06958
4.90138
-7.67852
-2.84213
3.06392
4.16495
2.94512
12.40728
5.78776
-3.72033
-5.05074
-11.30152
-9.90820
17.56885
-7.07296
-20.30865
-6.52247
-13.29140
-11.31218
-13.53419
-5.35356
-10.70083
3.83869
-2.34421
-2.18469
-3.19800
-9.84819
-3.18691
10.26370
10.47140
-4.01123
-3.08507
-5.87751
1.13142
-3.87219
-5.75012
2.85135
-2.43714
-6.90335
0.75521
-4.16326
-11.10203
7.62309
5.66575
8.75564
12.20754
-5.95592
2.61462
-1.67466
0.72445
-12.36116
-8.87688
-4.89142
-1.95227
0.62234
1.11027
10.10614
-7.45884
1.94164
-21.08794
10.78771
-7.54644
-5.73605
5.36071
5.05958
-12.42875
-1.80326
-4.38212
5.15346
-7.53779
-8.95993
6.78964
5.74639
3.78246
0.63946
4.05130
9.97057
-2.71115
-4.17344
-4.14092
-26.01573
1.34265
-11.70008
-2.43401
-14.89263
-7.73574
3.99341
5.59122
-11.25924
10.20601
0.43550
-11.82922
-2.46698
8.59392
9.45319
3.65685
11.14005
-0.31721
8.71388
24.00445
-3.41667
-4.97401
-5.45690
1.27979
5.38067
17.38115
-10.95802
-8.18997
-2.70379
-1.60932
11.36429
3.96175
-4.54609
-12.46207
0.07434
-7.73683
-13.72199
3.93948
1.57358
3.66710
2.09707
-3.37726
10.91876
2.71788
9.02284
-0.96582
-4.39396
7.50968
8.60924
-0.40366
-2.84782
11.49392
11.24105
5.54189
8.86842
-0.48967
-13.45053
6.65668
-2.34312
9.62866
14.65346
-7.93458
-8.05761
10.54761
-2.18453
0.13071
6.62482
-4.49722
-10.97321
-1.16647
-10.89165
-3.55911
19.79726
24.30714
17.66153
4.38765
4.83983
6.52534
-10.94488
12.20852
3.32859
19.49236
-4.23050
-2.79866
6.17528
2.75638
8.95986
3.16213
7.91571
-1.14202
-6.07644
-1.01104
17.05432
5.70311
9.53037
2.38663
5.87678
-5.78127
0.93814
-0.76008
2.40885
4.25671
12.54242
1.65250
4.45856
10.07954
9.93223
8.00249
5.97305
15.67102
1.64502
-6.99130
6.56961
2.04651
-8.43248
5.01925
-10.44562
8.65421
1.01396
10.31903
-8.39652
-2.99700
-4.42112
-3.26562
-2.94783
2.02942
13.07853
0.86562
-1.75835
-13.16732
3.26219
-2.21483
4.54458
-1.88270
4.59900
8.55342
-1.33605
3.86495
-0.09890
3.29891
8.88655
20.31784
9.44267
-8.71715
2.95419
-11.71816
-4.74489
-11.31021
7.56352
-8.91869
-5.28541
14.01423
-7.07778
14.54617
-0.20560
17.01017
-2.76274
5.68433
-2.84123
-11.92846
1.82168
3.75072
-1.36123
-8.04420
-11.41203
19.06850
-9.43539
-5.45070
-0.97516
6.31941
0.60803
-9.25473
16.29435
9.57557
15.98537
4.76885
-0.19444
-4.00076
5.78979
-12.34284
5.52231
-4.83468
-5.01560
-1.57478
1.16103
25.53786
15.95571
10.67172
-8.35911
2.09814
-8.39473
-1.34072
7.22998
-7.21151
-8.49605
5.36922
-7.87178
-5.36982
18.78968
-1.06351
-5.14045
-0.46144
8.78583
3.41443
-3.24729
3.11754
9.81192
1.46343
-2.60495
8.31876
-10.32232
0.10099
-7.85282
-1.10463
2.65665
-7.25192
3.09847
18.06146
-5.18881
-1.75729
-5.03952
-11.11922
-0.70172
0.63617
-3.46007
-2.27349
-2.27808
0.77952
4.43940
-1.97229
-4.14862
-13.76330
14.88263
-11.16621
0.24976
-2.60111
2.83697
5.05281
18.80387
-0.38097
-3.97018
1.89737
-3.40168
14.79738
-5.13064
-1.33192
-4.02661
-1.18227
7.13434
2.16156
6.25713
8.80661
-5.78918
-6.19699
-0.26239
1.88579
-5.05292
-5.52738
14.65608
-4.19556
-6.01441
2.23376
2.82331
-0.41823
2.21653
-0.08214
5.04109
-12.15393
-0.81504
16.18441
1.93552
4.33370
13.12478
-3.93493
-3.47065
-1.40859
-5.11060
-1.81014
24.98968
15.83995
3.21907
-7.49356
-0.46669
-12.83527
11.09845
7.22965
3.64788
6.20565
-13.87012
-5.05901
-4.29767
-1.11921
-4.16848
-13.71687
3.75601
-6.90169
-16.56320
-12.01361
8.84481
1.08548
4.26187
0.42649
-2.08518
2.80599
0.51161
19.89549
8.51618
10.70750
-6.41078
-4.36669
-9.55168
10.72440
-11.69546
5.98571
-6.66422
12.04151
5.54037
-6.98280
-3.00843
4.53196
7.31575
-3.19716
10.98840
1.69763
-2.80346
7.86415
-3.74238
16.82652
10.42253
0.40672
-9.25442
4.03415
-6.27075
1.77312
-27.20790
-3.89775
1.44270
2.16133
-5.69045
10.47261
0.71425
0.28307
12.47575
-1.42229
-12.62609
6.57689
9.47263
-2.64524
-8.08915
8.82061
-5.95698
-8.63746
-1.33019
11.73527
-12.57506
-12.02587
2.17793
-21.46026
8.07717
0.40705
-7.70192
4.72150
4.01858
-14.20139
9.28015
-7.47821
-14.47106
-21.45713
-14.70388
-3.15802
5.19346
4.08593
20.60986
18.83362
10.88899
6.70470
0.20579
-7.17643
-0.69646
-2.95202
-3.93469
-10.64958
12.62705
-5.15791
2.28934
5.96839
2.85351
1.61814
-4.29209
-0.04523
7.36524
-19.31669
8.90621
6.59147
-6.60023
-1.17525
1.82637
3.37840
0.84944
-4.30934
-5.93065
1.18335
1.51953
11.11600
18.05615
12.09050
2.42279
-1.13143
-6.48910
10.44794
-10.43943
9.89619
1.44176
6.93815
7.46886
0.07037
-5.99711
7.65046
-6.68699
6.00644
2.30354
-4.25531
3.17117
-3.32493
-0.97715
3.81898
3.50929
-10.34900
-3.76009
-2.73499
-1.36759
25.79294
15.56857
9.25379
-0.71318
3.17933
12.43915
-16.10594
-6.06503
7.77371
-5.88443
6.03586
-1.37162
-1.17139
-1.81629
-4.74831
4.97136
4.04806
17.22483
-2.39626
-9.26453
10.38966
3.55683
0.57282
14.79808
14.99965
-8.68144
6.30475
8.01967
7.05967
8.02868
-9.84813
4.74093
-13.94286
8.11719
-5.86790
0.72588
-0.06700
-10.76176
4.29342
2.80318
-2.00158
-2.31022
10.26112
-3.28476
2.83618
8.93617
-9.89196
11.62575
6.88330
-1.35524
1.73493
-1.51259
0.06991
-0.33374
6.61245
-0.74393
-1.66542
5.07740
-10.68459
-5.68970
-9.24484
-14.55788
-5.09888
3.12365
-0.48634
-17.96465
6.56533
1.02959
-2.57189
-8.39116
3.06663
5.04465
10.32969
-8.02770
-8.55678
7.04949
-10.39791
9.41793
-9.47875
1.10646
-8.59007
-11.02789
2.59099
2.60659
0.20336
4.68428
5.79661
3.71596
-0.62663
7.04688
-2.41637
-17.30072
15.60654
5.00109
-8.62687
-5.69370
6.63652
-3.27173
-16.46063
-0.85380
-1.56183
-3.05200
-14.95592
-3.16282
-4.19362
25.19886
16.96627
0.09259
11.78133
-0.89791
7.98102
-4.26983
-2.69993
1.70343
-0.89039
10.03252
5.10713
3.33358
-1.26392
-4.11869
-6.26009
2.30334
10.69648
-1.86782
3.26074
15.60393
-2.92916
-1.51429
8.67944
2.43204
3.35482
12.11121
-9.05571
3.11168
-6.64946
1.19749
-5.69634
10.06601
4.65186
8.87711
-2.19530
0.25472
-3.51920
11.58781
-2.28584
-0.69609
11.48423
1.78720
-3.07938
-1.58942
2.16561
-2.42084
1.42920
-0.26357
7.31962
1.81647
14.58800
-2.79322
-2.94878
1.49619
1.44334
-2.28661
1.54840
-19.46176
4.00319
-9.83185
-2.34144
6.41000
1.53005
3.25207
2.29807
9.49577
-0.88536
-0.31206
1.13493
-6.90830
-7.87845
6.11136
5.29675
6.72080
2.15851
-5.78854
6.53567
9.79902
-9.52663
17.79650
-4.71166
12.17600
-2.05236
-2.37614
-6.82402
-1.73482
-2.76492
2.43459
-15.78235
-2.70510
-1.12950
-10.98420
-12.84838
3.34141
9.20510
-6.85114
-3.28172
-8.16607
8.08487
12.46416
17.85805
-5.26204
-8.42328
-4.79830
3.96417
1.77232
3.19769
-7.49738
6.21774
15.80196
-1.35058
4.48394
-9.85444
4.73059
-0.82001
6.57193
13.18182
0.23498
22.13422
-6.93075
11.34006
8.62931
15.49830
-5.26610
-6.85916
-6.20490
1.37919
-1.70613
8.92136
4.53360
0.27763
11.56600
-17.31320
-0.64425
14.78911
-6.81154
-0.93420
-3.93709
-1.55537
-12.62207
9.70919
7.80542
-10.83157
-11.50485
8.41433
-0.07115
4.33036
-4.23307
-5.10288
-12.04699
-8.55254
2.98000
-12.28052
6.09358
8.44751
4.09194
7.51906
-2.46836
4.75884
1.35676
-3.05175
-5.22272
-8.82125
7.81569
-8.17971
-2.11668
13.52733
-4.39135
-8.32319
-1.13861
14.40735
3.52500
6.37032
-12.46876
7.94580
-10.01049
-1.45923
12.44061
2.91518
-1.25512
-1.88296
-3.36566
1.12273
6.38073
-6.40226
9.15069
-14.41434
-14.71334
12.74034
11.34687
-7.16497
12.70866
-0.46100
0.86267
3.86450
6.80900
-2.60897
-6.66063
0.77240
11.12175
-1.81294
-7.15019
-2.17023
9.06256
0.84389
-12.57299
-7.23469
8.19636
-3.83385
6.08846
-6.70171
7.41048
1.04601
-1.59636
-1.60733
-0.87789
15.05226
6.07759
5.60046
7.50575
-13.25641
8.99953
-7.65262
14.20960
-8.59600
-0.30280
1.09043
-5.18356
15.95673
8.11796
-18.95446
-5.47794
5.26174
-14.37069
5.38552
11.05121
-2.92335
-7.72883
-0.60117
0.46799
-6.94047
-21.15372
10.43146
2.98155
-3.94701
-14.55894
10.60118
-3.90006
1.74628
2.52080
8.09541
-2.96317
0.24334
6.94044
-1.67439
17.29701
16.10004
-10.97101
4.55233
-15.64822
-12.36497
8.53241
2.64376
16.37829
-6.18385
-2.16349
-10.79293
-1.90447
7.18357
5.34536
4.23118
3.23795
-14.47709
0.68996
-2.62829
4.62922
-14.01237
-6.29624
5.33904
-0.97523
-2.80026
-27.78712
8.85098
-11.01378
6.70465
-10.64285
5.60750
8.47261
7.27807
-5.26013
-3.96738
1.31794
0.82855
7.94645
12.00705
-3.27196
-2.03638
-16.93559
3.09526
8.48030
-4.18808
3.70656
3.87836
22.57088
-5.68260
9.20031
1.92459
-0.05372
-1.51830
10.52822
-7.49017
3.72227
1.70715
-3.91808
5.24434
-11.89748
7.60280
-0.93855
4.53131
5.26151
7.73606
-5.15046
15.53217
-10.55622
-6.40620
-1.70123
-0.19754
10.83899
9.33787
-16.08429
-4.69887
-0.81313
-9.38853
1.24535
12.37240
-12.91539
4.73083
-1.43097
-0.74330
1.65236
-1.57705
10.89103
-20.10772
4.97383
7.74862
8.64251
17.27894
-1.32829
-10.78967
-2.14915
-2.40959
-5.03056
-15.84207
-0.18251
4.72668
1.40013
2.27251
-0.21795
0.61240
-14.11944
-2.87094
8.82397
2.97059
11.67752
-1.13400
-2.05688
-9.59422
20.14458
-0.88541
3.92845
2.70892
-15.47107
21.66233
-12.82073
10.01664
14.40335
10.87190
12.03088
8.47207
1.39138
7.25467
-6.00764
-1.03956
1.04574
-1.48445
-9.61615
8.08975
2.78440
0.93630
10.78399
-16.28456
7.47097
-4.55390
-2.15447
0.13890
-7.54908
6.14697
-3.63743
11.69297
6.33762
-6.16562
19.56919
9.31554
-4.80771
-0.06458
0.11929
2.54231
-0.54336
3.70316
7.12029
0.20865
16.80780
13.40575
-1.31568
4.71928
-0.35104
2.79739
8.23666
-4.51282
-10.39723
0.78070
-0.78262
-2.85622
-0.28314
9.31255
14.32064
-1.00380
-1.31950
-1.85457
-1.92289
-15.51188
24.39882
15.42647
8.74542
-10.36890
-1.05642
13.61831
14.78516
0.21475
-0.89070
2.50536
0.78668
20.06144
-3.67960
-1.66841
-4.92399
-11.68105
-9.57293
-1.76172
8.39211
11.42831
-6.55296
-6.94402
16.16714
18.96819
5.49064
3.39199
14.77560
-0.54710
9.13228
6.24403
13.06905
4.87906
12.26130
-2.00373
10.67391
-6.31824
-4.15668
-5.12977
2.26513
-5.05281
1.94524
-13.11662
7.03016
2.86036
0.05873
-13.58035
9.44713
2.26104
-9.06168
1.65763
-10.66076
6.92714
0.27376
-2.83373
-12.43263
3.41101
-2.30931
-1.40895
-7.18653
0.35460
-8.38854
-26.25598
11.24048
11.06755
-3.13820
-14.38280
2.12548
3.85684
7.57009
-2.42858
12.96982
-3.70364
2.29925
4.19081
0.74984
-2.19668
13.90666
24.40978
6.81087
-3.66120
-0.04083
2.53873
22.26216
0.24683
4.88969
-35.29746
12.50192
7.20287
-14.57408
-8.23847
-13.20176
4.71508
-19.87376
7.88077
11.32305
13.47127
16.91527
1.42706
0.22923
-1.85471
13.04983
-6.75347
6.84791
-18.17872
-5.36741
-7.59481
3.39228
0.34727
-7.40913
12.92724
1.47191
-20.58624
2.61757
5.18547
15.59548
17.91675
11.23482
-9.39763
-15.71467
-9.77290
0.26091
9.41421
5.93924
1.68998
5.22534
-8.95933
-5.48897
-9.96673
15.03374
15.93323
11.33487
4.25839
-1.03389
9.17312
12.05678
-15.22057
-17.48117
4.38429
22.85875
6.43777
4.16168
0.11434
5.19437
-2.28646
-15.66886
5.94978
-2.52670
-7.84146
-6.60897
7.07608
0.29009
4.18829
-10.47484
-16.85911
-5.61097
-8.31697
5.33925
3.71198
7.72017
-1.76089
-1.57612
13.86141
-5.59229
-21.12521
-9.86420
6.62338
-2.49916
17.05258
-14.03008
5.44286
-5.84298
1.44540
3.80762
-1.77737
-1.18793
4.28991
3.56651
6.55137
-19.55968
-11.26733
-0.70362
-13.44707
-4.55223
8.41750
4.21634
8.62295
-8.13932
10.05924
-4.05941
-2.28543
0.71528
-7.85040
12.59970
-1.59457
0.84631
-16.77694
-0.71443
-9.50520
6.63179
7.83618
-5.83556
3.05624
-1.92392
-4.58131
-0.10839
3.14008
6.08403
-0.17881
3.81829
-4.20652
-7.37142
-11.65156
0.98530
2.85593
1.31949
-9.69724
0.83005
-2.58857
-2.44499
-2.42869
0.33521
13.14881
-13.16276
0.50302
-11.60754
7.57348
2.39086
6.10828
1.05259
-4.29216
-2.93299
-9.78302
-4.59513
-1.62195
-3.76961
17.29497
4.85907
11.59400
0.56189
10.29455
10.52082
-3.08666
8.57824
2.46904
-10.75060
1.63153
14.85670
-6.17605
4.50893
1.54112
-11.63397
4.78253
-4.13773
25.03103
-5.48097
7.61075
6.66831
1.57330
-0.14915
-9.01877
-6.39776
13.71240
5.22021
4.40986
8.34226
-4.55718
13.21361
-3.52827
-5.81011
-5.70211
-4.94142
-1.05688
-14.68881
-10.81534
1.63977
1.29845
8.09365
25.65104
2.97745
5.93934
18.53253
-9.90912
10.52309
-0.42792
12.67194
1.14392
-1.18764
17.29222
4.73103
-12.39659
0.61508
17.76219
-0.25758
12.97890
-0.13894
11.52450
-3.97509
-1.20991
14.67954
-3.43678
-15.58916
-5.26813
-5.81203
-3.66878
9.09931
4.07682
2.69042
11.03846
11.19646
-1.62453
-8.44856
4.37347
8.35504
2.95028
-4.80559
-4.43744
-0.29800
9.53648
10.04042
-3.63262
13.45775
12.59627
4.17609
4.60380
16.47948
12.56397
-5.17025
6.22839
-5.94728
17.32568
4.18362
0.58008
10.07801
2.45449
-13.38435
-3.76806
-1.79353
-10.13351
-12.66443
12.25204
-13.74077
-1.26218
7.56083
7.49255
4.52911
6.06406
-2.15834
3.97975
3.46144
10.62024
4.23358
5.81312
-4.71487
-1.43923
-13.41017
12.14279
6.68928
-15.18334
12.58235
-1.19475
-2.23990
-5.45144
-11.30899
-0.35369
9.01891
-1.53058
7.19092
-7.67050
-5.75507
-13.97866
-13.12839
16.55093
22.11608
-4.22705
13.97396
-2.88112
-12.30452
1.76830
7.66922
5.89231
9.45193
-6.59931
-2.65534
-3.06462
9.01860
-9.59190
-0.10379
1.73591
-9.44941
-2.46305
3.63351
-1.49901
4.94698
-4.70312
3.41767
11.85626
-8.93314
-1.30344
7.71669
-14.97547
-5.15807
3.75266
-6.63880
4.42264
5.87337
-14.95916
1.75711
-13.04577
0.19134
2.63334
7.74769
5.55865
-3.49359
-10.31381
7.36871
6.90145
4.23469
-22.98848
4.00787
-10.54517
-9.90007
2.29233
-1.11886
-12.01022
-5.78250
3.55907
0.28994
9.93720
0.89239
-4.61269
-7.57084
-3.15722
13.48436
-6.02219
2.34075
-1.68738
1.21557
-10.76075
-9.52235
-0.92586
-10.65297
-2.51920
-0.62172
-4.08910
13.71166
-2.70414
8.54887
7.22951
-17.08284
-5.75576
-2.69165
-15.82778
10.83352
-9.98642
-9.70351
7.20432
-1.79874
10.42585
-1.57359
10.34407
0.57723
12.22030
-6.88684
6.24551
8.46129
14.71466
-3.84517
15.98638
8.49858
-1.66901
5.03503
-1.66450
6.49750
-8.32356
15.50188
-0.88127
-2.37077
-7.81976
1.74934
20.70857
-8.12127
-2.91195
-3.67424
16.61156
17.05614
14.86098
6.29793
6.78751
-14.67427
-2.00846
-8.83590
-3.62296
-0.18003
-1.52361
-0.96012
2.46087
1.00065
7.13209
-3.27720
-3.71470
-12.90261
-11.17657
7.63511
3.79545
15.89774
14.10848
-5.37676
-3.42792
8.32488
-2.27107
-14.91391
4.79526
-19.46278
-10.80658
15.04743
5.88818
15.10944
14.09266
9.30865
17.51804
22.23122
4.29629
2.28243
-14.38558
-7.18801
14.41174
2.87501
-5.88623
11.98353
3.30267
-5.11490
6.28521
-6.92292
2.55765
-0.99411
-2.03910
-16.54762
1.59239
5.71906
11.49192
3.29903
-13.83013
3.92322
-2.03697
-3.94661
-0.22793
-0.06430
-2.39608
-5.29007
-2.08777
16.53749
-1.12039
5.85072
4.65975
-14.04684
-8.06543
-2.36035
4.91922
5.39320
-3.89272
6.46158
-6.60319
-2.93848
8.12251
-0.20785
-18.53654
9.39330
-3.86083
0.49511
0.48671
10.45837
-15.60087
-3.14469
29.77525
12.95498
1.42122
5.93196
-6.20004
-2.73898
-6.31795
14.50032
-2.80196
-8.94689
-5.53581
3.12293
10.07805
-3.23441
-11.13114
7.50571
-12.17455
-8.33819
-1.01322
5.71672
4.59602
-3.04532
3.99325
0.02877
3.29032
6.23195
11.84376
5.34072
-13.26209
11.07616
10.44655
-9.58012
11.60650
7.68710
14.24549
3.52461
-2.29960
3.57721
6.46602
11.32150
-2.35160
6.22876
1.90224
-12.66934
-9.79659
16.70671
2.92221
-4.13710
14.79311
2.07177
0.25879
6.50496
-9.43102
5.07425
3.89891
0.18947
6.97535
-1.32307
-3.32107
13.01707
-16.22653
5.91133
-4.13549
-8.90788
-13.57671
-1.33094
-6.73704
5.32570
7.55294
-12.00977
8.64326
-7.15138
-4.51345
5.63870
-2.24077
-14.60709
7.88238
2.80414
2.00778
5.75361
-11.79296
-1.87880
-11.16608
-0.33919
-12.85566
15.49454
-19.29181
-1.31884
-6.64588
2.42088
7.89607
1.01132
-4.31127
-0.44500
10.94175
0.13802
7.37812
-0.83932
-19.99742
-7.17970
0.25997
3.19882
2.40935
-3.99489
21.40201
-0.31662
-6.92172
-6.06102
-9.46397
4.49854
11.56268
-15.75052
5.09191
-7.41342
5.38790
-11.77731
6.97813
-1.41577
-4.65922
1.45661
-2.04947
-4.88122
-1.60754
-5.16805
2.25611
4.32104
-19.50292
-9.49728
-1.65257
5.45998
-2.79457
-0.81365
-10.98628
-2.78370
-3.32742
10.82905
-5.50657
3.08115
-7.21333
7.73248
5.11533
-15.89898
2.83071
4.73377
13.35394
-9.24226
-0.53047
4.53495
7.81092
4.10617
-7.98695
-3.27336
0.18049
-19.09251
10.09085
6.14301
0.67958
9.49103
0.75441
-9.67653
1.14170
-12.32297
10.73374
-9.63828
-5.72731
5.03395
2.65100
4.65740
14.49025
-3.37828
7.45843
-16.87494
-9.75297
0.72868
-7.58951
-6.22130
-11.33299
9.15050
8.59818
-9.04273
-3.28796
-3.39227
5.49768
-10.32203
1.09848
-4.36246
-6.33682
-2.86655
-13.90659
8.25139
-14.88909
-3.80586
12.83015
-6.28911
-7.24053
-9.38882
6.59504
11.90081
-2.30352
-7.08730
1.15173
-4.86902
13.66770
4.33614
9.59285
-7.58562
0.31518
-3.81629
-0.43512
-13.54230
9.57465
-7.64622
-2.88234
10.07000
-3.37850
0.12153
6.16989
-7.38918
3.89883
-2.46239
9.80617
8.43720
1.87609
4.56941
8.99757
5.40742
-5.68295
-11.83809
4.46819
-2.39007
-5.87934
-8.62186
-24.15988
13.13134
-6.32992
-1.13341
0.50403
-1.61222
-3.99873
-2.26794
8.52485
4.74218
6.93874
12.18888
7.58208
11.93292
-4.61476
7.27616
-6.58792
-3.00619
12.94866
-6.45552
2.39864
-13.15720
-12.99211
13.84381
16.48397
9.58607
2.03982
7.47194
12.39339
-18.86571
5.30427
0.67567
1.15591
-2.12001
1.05937
-12.94029
-4.62841
-20.52904
-10.38947
2.16411
11.98327
-16.02257
-0.38475
-18.65164
20.75350
-8.84368
12.84493
-10.27844
-14.34511
7.16999
-3.07869
-11.08444
-6.56931
-18.20151
2.23083
5.04815
6.07909
-5.93541
15.23271
-12.18814
-7.26954
-15.05659
7.21465
9.48181
-7.72316
7.58196
8.87767
4.82801
-5.79131
0.86887
-0.37004
-3.66758
-5.08423
6.47939
0.34733
-0.04212
0.36475
-7.90577
2.16587
-11.21884
-27.95013
-8.15862
2.95312
-14.57321
2.24280
0.51157
3.88209
3.87559
-1.19267
12.53445
0.02702
7.76073
-0.92334
14.41876
-0.61536
-2.37314
2.47066
-17.04541
1.21111
2.47501
-5.66753
11.13386
-2.03705
8.74474
10.50475
13.10247
-1.22395
9.35051
-1.00150
4.72597
5.05692
-6.46228
-1.79721
-9.30990
-11.81157
-11.76426
2.69181
-1.04182
-8.62809
5.53833
0.44547
-12.48573
-8.41516
4.55917
-7.24583
-1.34526
3.98938
-0.93970
11.92804
5.76725
24.51824
15.46803
5.94617
-3.81681
-15.92333
13.75815
-13.72621
-7.65680
-9.24554
-9.44528
-9.33149
2.98339
-7.45608
-1.47013
1.11389
11.76476
-12.07936
8.58067
10.01836
13.11142
-3.63152
4.20912
3.86473
-2.59842
-12.98376
3.50407
12.80579
4.04991
-4.28417
-0.79495
1.33136
-1.80211
2.50669
-6.88944
9.22855
13.32305
-10.08204
-2.59007
0.38575
8.17417
-12.13952
-6.76472
-3.83262
7.45892
-1.61003
7.24686
-12.45438
2.75462
-4.34608
13.11340
-9.11254
2.04879
-1.20110
0.97290
-7.06998
-0.36426
-6.48012
-13.71534
-5.02601
-12.02188
-13.02468
-8.48054
-0.26209
9.35411
-3.68588
-18.88535
-3.85841
-0.15438
-14.85262
3.55306
-2.84053
-15.27874
16.78604
-1.10640
5.05220
15.23165
12.77375
5.88557
4.68327
1.88964
-7.12999
2.00420
5.43267
-8.03430
3.63894
0.30790
7.97816
9.00785
-10.34921
1.52831
2.12045
3.95761
-0.48169
0.31978
4.24966
5.04643
6.26349
-15.25014
-10.90569
-2.16245
5.66913
6.16121
9.17348
10.63735
-14.35082
-1.37782
-7.17929
9.26200
5.35158
1.85643
-8.58244
11.84987
-3.64333
1.86446
-1.78444
-9.35896
1.57179
-1.48133
6.21386
-5.46788
-2.56196
-2.32495
-4.55697
-7.29150
-2.95271
5.27337
-1.62074
-3.89322
-1.17226
-2.85621
2.75279
-5.78001
13.64150
7.97003
-4.13318
-5.65279
-7.03627
4.26719
-5.09120
-3.43769
13.15298
9.80187
2.64370
-6.77027
10.64362
1.26963
-8.99352
11.54550
9.74262
4.84519
8.18234
12.65789
12.07280
0.38714
0.81309
21.44522
-2.44089
2.63230
1.41882
-6.21291
3.82145
-4.05540
9.22044
-11.11605
-4.70305
6.98116
5.89988
-4.54250
-8.75825
-0.38936
-14.95699
-3.51311
-9.00540
-4.23366
-1.62354
-3.39092
12.41624
8.71867
9.97132
0.28506
8.92793
-8.19624
1.10114
-0.49046
17.49362
9.43154
-10.64552
1.49263
0.30661
1.23994
8.69366
-7.85171
3.14230
-10.57137
1.79972
10.09043
-4.02637
-10.15399
-7.97402
7.16285
5.11307
-14.69991
7.68658
3.37658
-1.98299
-3.57544
-8.25972
1.71061
4.84372
2.68946
-9.39442
-8.84747
8.50042
-3.08331
5.33372
9.06279
-1.52356
9.44692
-2.33990
2.16039
2.99698
5.08788
-4.50363
1.98815
17.56750
2.25546
-0.56967
-2.87948
-0.39790
-9.77555
4.60350
1.55954
-3.55674
7.66225
-8.61965
-4.23198
-6.87929
-6.08710
-0.06801
5.15892
-4.49867
3.33620
16.07336
6.76347
6.22956
8.27495
-13.00546
-3.43421
-9.63170
5.79232
10.95696
5.23337
-12.74946
-8.81693
15.20803
-17.33388
-5.65318
14.06686
-11.77456
10.64153
-7.12725
1.92034
-6.57362
-0.06772
0.10446
10.09265
-1.28787
-3.81011
-5.00779
7.45573
11.93497
14.15302
18.63977
-1.73512
-1.03316
-9.43718
2.33013
14.07811
-7.35965
-4.39426
10.14010
3.13943
5.77283
2.29494
-7.47003
4.54655
10.74857
-7.04726
1.11383
16.40260
-2.36068
0.89457
-12.63373
6.02446
0.00849
3.22296
9.81154
1.15613
-8.99857
6.73360
-4.28239
-0.14242
-16.02108
1.08166
-6.09678
15.30255
8.98270
-0.56311
-3.13833
6.95517
10.37020
5.45504
-5.82583
-2.24826
0.29857
20.69219
-2.37883
5.32078
3.99298
6.44204
-0.10650
-6.84651
1.96471
-9.34340
-10.45304
1.13451
7.14545
-10.87706
-10.57596
-5.53224
6.97943
-1.77756
-7.12910
10.53088
-1.20310
5.72305
-7.35380
4.07905
-6.04892
8.99217
-8.04557
-0.10149
-0.68651
5.61871
3.47967
2.03475
1.44153
8.95131
-5.63065
6.21690
-11.23815
4.92896
2.74242
-5.28600
-2.62439
-1.75200
-10.01656
3.89001
3.48114
-1.59426
9.67540
-10.80969
2.11587
-11.20332
13.18669
-15.53212
6.45894
-13.16718
9.97365
-10.99115
-15.32003
-1.09553
1.24040
-8.36228
2.49217
-5.09747
12.54058
-22.39993
1.04651
-10.42758
-10.76893
8.29412
-9.16010
-5.09284
7.04133
13.80775
10.32216
9.22190
-4.58275
-16.86072
-2.30576
18.15984
-15.58207
0.70898
8.05974
4.64858
12.18857
0.30965
11.08954
-3.48661
-7.99255
-1.12609
0.36346
-17.88780
3.90304
-12.46215
-7.02797
3.21387
-6.52351
10.90454
3.62077
0.97836
8.63416
-0.39905
-9.91006
-2.09855
-1.06113
-4.26496
1.07549
4.87343
-4.47156
-0.81087
-0.25216
-3.46896
9.31259
7.14454
-8.91621
-1.15972
-9.27950
-7.06413
7.11785
-3.34943
14.91479
-9.77668
14.54610
4.76648
-3.12375
2.09183
13.47019
4.02438
15.45327
2.65706
6.23172
5.13606
9.99764
-7.03431
-14.17966
17.04672
1.87620
5.04554
-15.34709
-8.04487
-5.88496
-1.40869
-0.75492
-16.97870
2.65514
-9.22912
-5.85266
0.89123
-4.08852
3.73849
17.87896
6.20963
4.77160
2.76434
5.72750
-0.45181
-4.32290
-15.66077
5.78459
-12.69095
11.52157
-2.02520
3.85489
-1.63316
13.73731
-10.66437
0.68956
2.23950
1.66041
3.51647
-11.38352
8.36119
10.02209
-3.23416
-0.41899
6.39040
16.08451
-1.07644
-7.22466
12.26847
6.13294
-9.46452
0.76301
-0.10690
-4.75287
1.75965
-14.27728
-1.71618
-5.08888
6.89534
-5.08241
2.73797
-1.49146
-0.96135
11.70494
-4.61896
-8.05237
4.54054
-6.94492
-1.69328
-0.04127
-0.89362
4.62855
10.54343
-13.25076
-1.58139
9.99418
-14.87909
8.33659
-5.05153
-4.36252
-14.67854
8.26617
-7.59762
-1.27386
7.67151
-10.03726
-7.93921
-8.24179
6.51133
1.35637
-7.85292
-6.95670
-6.27049
-2.30756
-2.64535
-14.72814
-11.49402
2.01204
-2.74261
-10.98608
0.13247
-3.35643
5.57608
12.05170
-3.67635
-5.60929
-10.67038
6.44058
16.15960
0.28024
5.65207
-3.88759
-13.43294
9.35761
2.59022
8.73165
4.30790
1.97110
8.48131
3.43589
7.68983
-5.10220
10.91683
3.19895
2.61696
-7.37402
-3.11760
-5.92643
-2.61942
4.33879
2.28653
13.14640
1.55089
-22.74108
-8.15608
5.82557
5.38999
-7.14762
12.38636
-7.22365
-11.95412
-10.39743
-10.96096
-5.88291
6.23845
2.42661
4.40816
-18.65724
7.51812
-5.48557
-4.06079
22.14905
-16.44987
13.82173
-10.48595
2.05192
0.34716
-2.33357
-0.66200
0.76364
3.04952
2.38007
1.53789
8.65512
6.94725
6.25037
9.81201
4.77522
-8.12464
-14.79499
6.23397
-12.47264
20.13877
9.88391
-4.63591
-4.54553
-5.98231
-8.01590
9.92831
-8.20484
-1.48409
13.14199
-1.34251
1.82489
-3.34028
-9.30796
19.72307
-16.56019
6.28104
-0.85534
13.49161
-6.92540
7.93969
-0.48082
-0.48122
-8.13430
-7.86674
-19.04747
-3.50774
-5.60364
-2.27013
-2.37099
0.66845
15.22583
-5.24928
-10.61420
-2.00485
-0.11002
4.01029
-10.55879
-11.35644
-1.57262
2.06238
3.63531
7.84753
0.17004
6.38337
4.38442
-5.97985
9.95221
13.35051
-5.07433
-4.21153
-5.09382
-5.49248
-9.86509
-0.66613
6.47963
-0.19938
3.90951
-1.00598
-5.69955
-19.57638
-8.34750
-1.75484
-15.35156
0.34694
11.75569
-11.56101
2.46907
-4.40310
20.08259
5.76054
3.63234
16.63836
-8.05361
15.92263
-5.40156
5.12688
12.43264
11.90673
2.31178
-1.30988
5.89337
0.47275
5.80688
-10.51637
12.68955
11.06717
5.13129
-8.20093
4.67061
-6.06008
10.03244
-7.15943
-4.79612
7.57032
5.74163
6.27237
4.15236
-10.22451
-10.01112
2.30320
-12.56445
-0.33335
3.32601
8.01833
1.45786
-5.72696
-5.26167
-7.28234
12.12438
9.15322
4.09984
-7.23903
12.39566
3.49432
1.58147
2.10138
4.50627
-19.25778
-20.35644
2.03673
0.00708
3.33442
-0.59344
-0.93949
-6.70051
-11.60085
19.04473
0.05378
2.29996
-3.78401
3.87369
8.13046
-10.71774
4.69438
14.75726
2.96698
-2.85550
0.62409
-7.34601
-11.70733
-1.36126
-1.12338
8.71021
12.93064
-5.71684
-0.37044
-2.85863
1.47075
26.96835
-7.59504
-9.86027
-0.38437
19.27623
16.85695
15.93997
6.76093
8.02114
6.07724
4.33250
3.32755
-2.76293
-3.03870
3.95108
-2.40079
13.79416
11.62812
-11.22037
3.06546
-2.62635
7.23733
-2.38557
1.15095
1.65874
-10.05647
-0.54872
2.52581
-4.81036
-4.79848
-4.87953
9.97115
2.76396
10.47439
-0.76903
3.37809
-4.37785
5.05673
-10.68252
-2.98439
14.72372
-1.99563
-5.58845
-1.41373
-1.07461
7.15025
-14.04932
0.26417
7.22855
-7.86361
7.29721
-2.47704
1.85812
7.09920
6.58905
4.77034
-8.05565
-16.62636
3.60224
2.77132
-1.74225
5.23378
-10.10866
-11.09445
-7.91827
-1.47803
-18.75065
-8.07970
1.87324
3.63446
9.31577
12.67898
-0.15622
-1.29620
3.58887
-8.35452
5.21893
9.71338
-11.17522
14.77251
-4.13638
-3.26167
10.11009
-15.80240
1.67921
-5.55460
-12.71067
-5.16901
9.96325
-6.98506
-1.43399
0.91506
-4.94803
-3.28803
-2.98078
-5.25926
-2.32519
-1.88863
-0.54208
-1.89353
-3.26362
-7.14393
-10.64594
-5.67986
1.53747
-9.24004
-9.11609
2.63312
3.92296
2.83675
-18.31736
14.28918
3.37987
7.84910
-6.54416
4.98378
-4.92221
-9.30052
-18.07830
-1.46754
-8.06678
8.43153
1.45261
21.13941
-0.20558
-9.24898
8.39588
-11.23461
-2.28470
8.04303
3.17484
-25.37442
-1.44176
-3.49080
-2.64235
5.74496
-3.08199
-4.32488
-20.67542
0.62415
-0.76389
1.31916
6.74823
-6.21037
12.53790
-8.94003
1.97711
3.05627
3.90334
-10.04895
-1.60053
5.90540
-14.48121
-6.15272
-7.82636
3.55684
13.15602
-9.24431
-3.30960
6.10478
13.35052
16.39128
9.21134
7.53488
0.71391
-9.58953
-15.25684
-1.82423
3.90223
2.93549
-6.26293
9.73539
-15.34915
-0.36641
-3.17200
-0.41962
-3.95757
-14.30054
-3.99232
7.90854
-11.03426
4.87924
-6.51386
-15.93239
-9.12065
3.42699
8.16834
-10.03651
-2.64928
3.89490
5.09326
-5.34920
-6.54916
5.51993
21.42363
-0.52215
-2.14454
-0.24647
-4.12381
-1.31552
-8.71979
23.79072
-6.24685
6.26287
-6.11688
-0.14940
-0.89064
0.06488
-11.74922
-6.20003
3.38447
-8.70217
-1.30032
7.64308
4.53990
0.45154
-15.10157
0.67886
9.22290
-10.02790
-8.38971
2.44077
9.24759
-5.30722
3.86661
4.01404
-9.68617
4.29441
-1.47365
11.76736
6.54244
22.40622
-12.88030
-6.96573
-0.73786
-16.00773
-6.84685
-7.67918
-1.18126
-3.23706
8.51239
26.97472
-16.03846
1.37092
3.33480
20.66744
-3.57884
0.79570
-3.56668
9.87376
-8.60269
7.03132
4.36326
9.90504
10.43464
-0.95447
1.25105
-6.65876
-23.01910
-8.21980
9.39523
-1.47379
-20.38372
-20.93219
-9.57561
7.16111
-14.94216
5.30239
2.68465
-0.14386
1.66428
7.44738
1.71837
-8.22559
-20.81266
11.88016
7.41421
2.34252
10.60730
-3.31951
6.20480
-2.42606
1.86635
-7.28452
-7.63677
12.23180
5.68546
-1.62354
6.24772
-9.18414
-1.61212
-2.20179
-2.47190
-1.71818
-2.93359
-16.17482
11.60422
-3.76378
2.05410
2.85552
1.12811
1.67782
2.19731
-20.03435
-0.76311
-10.50268
4.68461
2.52923
-7.90116
-9.05142
2.65658
-9.38295
-13.80547
-5.84596
1.81005
1.57202
16.83474
1.89974
-1.64781
-11.05025
-11.89496
-12.42120
-2.46578
-5.36807
-11.70903
12.08985
9.60514
5.47525
-8.64238
-6.00025
-5.90744
9.96852
3.13468
15.41534
22.00652
9.91888
6.21608
-3.60086
12.00376
6.85384
-10.83451
8.76852
-2.04605
23.82231
-3.32876
4.33850
1.63077
4.67012
4.26351
-2.65540
6.53777
7.70918
-4.41622
0.28935
8.12716
7.61492
-3.81859
-0.91796
-3.63435
-3.19082
2.28078
7.27702
-11.82787
8.01141
-4.91464
3.26671
-19.18283
-9.68639
-10.34904
5.78067
8.49605
3.29809
9.27641
7.28039
-4.06697
14.92409
-0.98678
-11.09982
17.52382
-6.19097
10.82259
-10.15311
-10.67929
-2.22491
0.81361
-10.64110
-13.90953
3.48806
-0.52573
9.89362
6.45965
-2.96512
-4.43609
4.34209
-16.04220
-1.95539
-1.45916
-4.01507
4.14055
-2.74160
3.39199
-12.15441
-6.30037
7.56815
-0.55983
9.38733
-1.60647
-0.27239
5.14238
19.57612
11.41486
-11.18064
-7.64211
-22.99672
-3.77566
-18.51850
-3.54241
-7.94873
-10.05931
-3.64804
13.98074
-8.87224
1.35202
-7.10287
-0.31041
4.58480
0.66613
8.39756
-6.94558
-4.06806
9.44374
-2.12958
-3.80353
-7.04285
-9.28170
-2.42211
0.28655
-9.04335
-1.26450
-0.34132
9.77754
-8.62676
-6.58015
2.45071
-4.19584
4.63959
-1.97698
-0.67350
-6.12049
15.84827
14.74265
-10.44779
-5.33576
-4.70512
3.68602
-0.98641
0.50143
-3.73965
0.65131
-4.73232
-5.71363
-3.61885
14.01620
4.87029
-4.54481
-13.50693
-4.62444
1.93634
-7.74815
-2.44156
8.32871
-5.47746
3.79330
0.83361
-14.25946
-4.05801
8.15509
1.36488
4.45605
-2.22758
3.02622
-3.27860
17.99551
14.08134
-3.72184
22.20693
11.22511
-11.62595
-4.07119
-16.61614
-8.32294
10.27500
-6.72824
-0.04417
11.90747
15.06360
-0.26030
13.52029
-0.20567
13.39076
-6.63258
-0.37378
-16.15303
-16.48909
-13.00753
-5.44967
-5.53158
-6.76202
-0.56998
1.03553
-8.39970
3.04480
-0.49277
-12.84297
-11.85278
-12.50323
0.27446
-6.44160
-16.42230
-2.46561
-4.36837
6.02104
-2.87384
4.80276
-0.08328
-1.80829
9.81973
-2.77333
-2.13665
-7.50498
-17.49715
0.71837
-10.92637
2.64964
2.60434
0.48255
2.92387
-1.82695
-7.30550
-2.83831
-13.25544
-6.82636
-8.16967
-3.98253
-11.85973
3.31067
10.15357
1.02827
3.20172
9.02573
3.62247
-2.66770
6.57483
-4.58896
-5.85285
0.85424
9.79382
1.10604
3.89148
2.83750
11.51230
14.54268
4.64896
-0.11135
-0.04319
-5.64944
-13.70854
-20.65713
-8.68684
7.92292
-6.00298
8.64782
-6.66661
-5.23328
-1.55179
-0.55911
-1.70922
3.30431
10.68791
-20.95113
1.90274
4.38777
-5.77938
2.22662
5.24950
7.25007
15.82876
-7.03474
9.47153
-15.94179
0.19788
7.05927
-4.10829
-2.40973
-7.80498
-9.52101
-6.94408
10.29340
5.85916
-13.11517
-7.65361
-10.70629
-9.92549
-5.72631
-0.91309
-6.89696
15.70874
3.88679
-1.05980
4.21820
-6.23290
13.35184
7.67572
3.39986
1.43243
0.27216
-3.83124
3.79822
6.05211
-14.66386
2.97470
4.29469
11.11693
-2.83743
17.58717
5.04289
-5.58737
9.14976
-2.05942
2.26477
-15.11931
18.43266
7.10400
1.10789
-15.98107
-2.70177
2.75821
7.06900
6.63229
9.01966
-5.24930
3.53512
0.85813
-3.93346
4.87902
13.54090
11.66815
-6.05866
3.92638
-5.41209
12.72620
9.23697
-13.93196
10.79395
-0.06996
-13.37022
-2.68071
-1.09959
3.65444
12.27794
6.62664
-7.42253
0.71520
2.86125
18.19507
-3.26544
1.62968
-1.11108
-7.40232
-17.91885
-9.11104
-6.03345
-9.98585
12.32410
-0.28868
-14.68287
-12.70956
-8.11315
-4.06005
0.82262
0.16857
-11.42772
-1.83602
4.24501
-0.82888
4.93762
-3.74218
-5.51864
6.13462
9.39006
12.41436
10.15201
-12.12058
-10.59189
5.25362
2.24704
5.05455
-2.90979
12.38498
6.99441
-4.67564
-9.58557
1.31970
-5.23421
-7.81230
8.67753
-10.43345
-2.42219
8.12333
15.78899
5.10137
-0.67115
-0.36621
-3.17335
8.93187
8.28922
-8.78822
4.81021
-8.57390
-3.01835
-10.16038
4.00246
2.33937
-5.80631
2.16577
3.10969
-14.03136
2.69759
-5.30750
-7.01340
-1.95744
-1.14848
-10.88617
7.32697
-1.12867
-4.97592
-0.57405
-4.83631
0.77825
5.77262
6.99062
5.42261
6.58589
11.05511
-5.78878
8.22778
6.99495
-4.83956
-14.44455
5.58077
6.25183
-4.43687
-6.90991
-3.14475
-7.03135
-17.22555
4.02798
4.67388
3.24326
-9.41315
3.95022
10.10903
-12.01476
1.84092
15.34078
-13.41209
11.79476
8.68928
-3.13380
-7.29960
7.32483
-9.18974
1.66966
-26.02170
10.04786
-4.02969
0.14242
8.41857
1.93476
13.91456
-8.10865
0.22550
-3.19835
2.59336
-4.60461
4.34792
4.56462
-5.09715
-13.96867
-5.43686
0.34788
-3.51081
-7.06122
2.67275
6.80152
5.21877
-7.09942
-6.02985
12.48538
4.93457
4.91855
3.34512
2.23367
-7.11967
1.30022
13.42934
-8.76099
-1.82282
1.73778
4.83229
5.94370
-3.36948
7.09823
-0.10933
-1.22255
3.19640
13.35801
-9.90898
10.51308
-9.63169
2.60532
9.64716
-8.47017
-23.76127
-6.94146
-8.37324
-13.85285
-3.94579
4.56394
-8.41275
-19.23093
-5.97319
-7.84769
-12.60373
6.07863
5.17805
-24.59090
-1.01682
-0.72759
-10.35660
8.06799
-1.80808
10.63980
-15.68716
-4.50446
-1.00565
-4.63021
15.49765
5.01905
-7.91521
-16.01530
-3.38930
0.12060
-5.52704
9.65183
-6.01050
-3.54396
7.53743
3.44365
-1.37657
-15.07767
-3.09302
-10.10247
4.22302
-12.25644
-3.82840
16.09408
7.58784
-8.90359
-6.79687
-2.49899
2.86522
2.15155
-2.09607
10.42958
-2.36236
4.35916
-7.90915
-1.28707
4.81175
1.31467
-14.94704
9.34423
-9.04368
-0.94826
-1.43380
-10.50560
10.64813
-1.53883
-0.61112
0.26970
7.64048
7.43987
-4.14910
-8.42353
5.22393
3.52113
1.72289
10.96984
10.56890
4.79142
-9.46330
-5.34981
7.09591
-7.59868
12.89848
20.49926
-11.47573
11.84463
5.84790
15.48584
-7.42296
4.16276
6.89020
-12.46856
-5.73833
3.50166
-3.86144
5.48833
0.37893
-11.94930
7.34264
11.72191
-12.72856
6.82259
8.36073
-1.23844
-12.55978
16.67967
-5.77596
2.54390
17.63213
0.86496
8.62059
10.74911
7.90429
9.54144
-5.36293
8.63209
8.63273
-10.07741
7.72301
-12.91119
1.84215
0.43207
2.77461
-11.57412
1.89920
-10.03301
9.60414
6.91314
-7.21594
13.18536
7.99677
-27.09931
-5.49520
11.67869
9.34535
10.86098
-9.55088
-7.09904
-16.97865
8.59077
-7.63580
7.26704
-3.98509
-10.40901
-7.08143
-12.53809
3.95309
4.05740
-0.34724
-3.57719
6.04274
-9.38829
7.00541
8.96813
-11.50642
-1.24470
2.06365
13.14346
0.36332
0.93579
-5.18565
1.77620
-1.54373
-2.06015
-4.89083
-1.81053
3.90102
3.31406
-2.69564
2.87140
-3.66859
-9.01296
-1.60157
-3.43696
6.47413
-9.88663
3.26746
-0.67719
-10.92687
6.37278
2.99201
-6.75231
-8.15569
-15.67924
-12.23306
9.43082
-2.27116
2.61506
-9.51344
6.18559
3.47980
8.96854
-2.86990
11.05051
12.09524
-1.36586
-1.98384
5.65083
-2.17708
11.21730
5.55757
4.80398
-3.71849
-1.04194
-20.89559
-5.59313
-17.70277
12.48878
7.32366
-12.47227
-4.75483
0.81732
-1.82977
-3.12854
-10.08408
5.42613
18.36978
-18.06923
-8.07948
-9.68895
-9.19262
-4.49753
6.27001
8.06873
-3.61908
-11.20005
0.01366
17.68468
2.44747
6.02802
-10.23472
5.75599
-2.76360
0.41725
-2.17419
10.17442
7.33538
-17.49878
-9.49582
-17.60570
7.92897
0.87166
8.69908
13.78634
-1.69520
1.58032
-5.92372
9.43250
6.52810
8.39719
2.82969
9.89566
2.77354
1.72726
-9.65974
2.05435
7.36083
16.64069
-13.61548
-3.96227
-0.73985
6.85800
2.61348
2.24536
3.98020
10.42169
12.66522
1.02007
3.47043
-3.78265
-2.66587
-5.60874
7.76652
0.85808
6.80060
-3.78614
9.83997
-6.04671
2.92865
4.38968
-4.41855
6.60521
23.63921
0.82495
12.97385
-4.63811
-2.36526
16.52751
-5.52116
-9.44148
9.77617
-0.90907
-14.31904
9.38817
-1.59479
-2.37717
2.53285
-22.56295
-11.28934
-6.17296
-3.93001
-3.31660
-10.23406
-0.28149
-0.21301
6.96263
-10.68741
-13.38610
-6.76242
8.96080
0.12194
-1.98380
17.72084
0.35323
-1.22364
9.50343
26.44886
14.91592
1.20165
3.63219
-7.66305
1.94039
-14.81951
8.69969
23.71026
16.00156
5.21317
0.01569
-7.25285
3.57612
-8.96231
-0.43121
-10.85477
17.49134
9.05708
-7.62710
-1.15519
11.88437
19.23490
4.14472
-9.19136
-15.36779
3.21047
12.47696
-8.00265
14.34534
1.77456
12.71924
-1.36869
0.62591
8.89938
-13.86222
1.21788
-9.93277
-9.93105
11.85682
-7.60353
-13.38371
11.58915
-5.71418
10.93946
0.79254
5.13852
7.81529
-10.79534
-3.66971
3.88199
12.41759
12.53420
-5.19802
-2.59231
-9.04553
0.63985
8.20497
3.88499
-10.26785
4.94469
-28.40817
8.22606
-6.41630
5.01722
-1.51577
11.61288
7.54158
-0.16899
-0.89849
-3.17273
-0.61633
18.36262
-0.13199
2.64731
5.57312
8.82157
-1.63731
-1.36795
-9.82238
-11.39619
-1.72761
-19.67248
-10.00853
4.11885
-0.59804
-1.06720
1.72952
6.26526
-4.96523
9.83389
-1.36622
-16.56692
-2.26038
-9.14172
-9.02037
6.93907
-5.10629
0.68323
-6.43141
-17.88608
-5.86885
4.79365
3.00975
4.60954
-5.44802
3.11234
-1.34674
17.94932
6.29137
-3.52666
4.37089
2.46603
0.45519
8.11120
-11.86473
5.14389
9.17201
18.23814
-2.65124
-12.40299
13.52021
6.97506
-3.99969
4.62678
-6.57272
-8.43722
5.49164
4.48768
-4.14423
-6.36143
4.98350
2.52132
5.43678
1.72894
-1.24110
-4.10486
-19.79540
-7.93533
18.58591
-4.17024
3.48934
17.11630
12.78395
10.66349
-3.51767
8.94465
10.74422
9.28684
-8.30557
-4.97071
-2.81766
5.53094
6.17990
-2.54591
6.84314
6.93921
-6.44320
-0.60066
7.86217
4.25704
-9.30892
15.77472
3.83764
-4.95372
-16.37658
11.13732
1.60912
-6.20782
-4.03208
-8.21136
-5.40494
-1.87249
1.54299
-2.35181
10.66146
10.88019
-2.56732
-7.85205
15.71238
-9.70190
6.38245
-2.51495
-3.76380
-14.07024
-6.15167
-1.80305
-13.77420
17.86227
2.75520
2.14924
8.85097
8.24872
-0.66464
-7.63052
-8.42917
-11.15564
-3.57954
4.12126
0.45512
1.60289
2.70741
4.79606
10.70635
8.01755
-1.07026
0.90584
7.78065
7.33601
-3.19308
-6.19228
5.54385
-7.42543
5.61547
8.37632
-7.46489
-7.24100
-5.42486
-1.25407
-2.15352
6.38232
-6.79215
12.85101
-1.64629
-3.35622
-5.63539
0.69773
11.50560
3.27551
3.52741
3.68639
-1.78682
-7.33130
-17.14846
7.68038
7.57771
4.33576
7.21067
-2.39880
-7.77129
2.44601
-10.61697
1.62510
11.37441
-2.21479
4.59615
7.78092
12.49899
-7.60176
-3.11543
18.92229
3.43023
-2.91502
-6.04328
1.11572
-7.17728
-6.17399
5.74613
-8.09891
-6.26351
-9.49203
16.46991
-0.90189
7.09562
-10.05441
4.90438
1.82554
-17.36588
-21.63054
4.79567
4.70895
-7.41170
-23.86900
13.66781
2.80230
-4.46367
-10.46994
-11.07240
0.39458
25.41215
-0.68920
-18.08472
-9.02960
-10.85485
7.27713
-0.33689
4.50256
-1.34724
1.11491
-1.95795
-8.31502
13.82425
4.64869
16.07065
-17.58001
-3.07438
8.69606
4.41215
9.58971
-12.29212
-7.96516
2.97736
9.54472
-12.44356
1.02015
9.55835
5.59207
-6.34697
4.78841
2.76729
12.23617
7.45635
-4.01332
-4.52209
3.38501
-6.94149
3.08269
-2.59579
9.40335
4.10407
6.32613
-3.92500
4.08012
5.76197
10.69252
-5.45287
0.84111
-17.86479
-7.61856
-5.96511
4.98355
-13.45392
-0.65717
-1.41394
-4.25437
-14.10896
-5.44425
15.95037
-13.30526
-6.03949
-12.05427
-7.25310
16.89006
3.39406
5.06234
-6.81468
-1.43765
0.98654
13.03228
4.10362
1.55143
12.25146
11.04756
9.25676
9.04830
10.24257
5.14915
-0.28253
10.51327
-1.12767
5.79494
-15.26872
-2.07458
-8.31657
3.86316
-10.05278
1.01875
4.61965
-4.99869
-4.10493
-2.24234
7.12836
-2.77083
-11.56700
2.38417
-8.02593
-3.59222
17.11492
-5.73598
4.73667
-4.30817
14.51880
8.08093
-3.18058
-10.50706
0.76365
-12.13909
-0.15301
-7.27672
-2.71817
11.50468
-7.52625
-5.00770
-1.08304
-6.09301
-7.54154
0.67181
-0.56000
4.08488
-7.59739
17.97340
6.22579
6.83793
-6.29185
-9.13848
4.71021
3.99361
1.27579
0.84563
9.71029
5.83216
6.73643
-1.41703
3.74949
2.61176
5.85000
10.48337
2.81634
-4.97418
11.34316
-5.55919
3.80230
0.18166
-0.25655
-9.35341
-14.26100
15.07537
1.11972
6.63136
3.99866
-4.63079
13.56506
8.97387
9.03444
9.39355
-6.24897
-4.14992
-15.91847
6.51227
4.85193
1.43151
-8.62073
-4.19683
13.72558
-6.01052
-11.78854
13.04035
-2.19874
1.49966
-3.36384
-0.83334
8.33773
9.34444
-10.01547
-5.06990
7.63909
-7.29703
8.86085
-9.13352
-2.00251
9.68547
-0.49225
8.88868
0.67384
12.51269
-7.77880
12.64076
-16.88313
-4.77814
-8.32975
0.73736
-4.14334
-0.16739
-9.98987
-4.79178
18.25125
-6.57229
-0.62736
12.63153
13.27114
-3.87615
1.48920
-4.40644
-5.06039
-6.21426
-30.53856
17.87677
-2.12945
-0.17851
4.90896
7.01029
-4.28101
7.08948
-3.49990
1.46832
3.87294
-3.81292
4.84201
-9.66145
6.35216
-5.68612
7.87357
-10.09570
2.46100
5.53360
-6.71577
3.92816
-9.41063
-10.72066
-1.03855
-10.44804
-4.13246
1.01564
16.17918
-6.36661
14.12637
18.78539
1.98123
-2.49226
-8.94278
-5.36398
7.04074
6.98255
-14.10051
6.62254
8.74984
5.81113
5.75416
-0.32777
-5.98334
7.38373
-3.97082
-8.28748
14.01543
11.59617
9.78437
5.10267
2.93063
-10.70899
-8.14312
-5.25629
6.80576
2.49524
9.95581
-1.17093
20.13537
-10.02180
5.45068
-9.84120
0.69042
5.50729
2.16284
4.60553
-0.81853
-3.84733
-0.51162
-2.40502
-8.23771
12.83585
14.38235
10.97907
-5.82585
-6.90332
-1.75561
-9.86219
-6.42837
-8.04984
4.29403
-13.14635
-1.42201
3.04729
-2.16515
-11.89263
16.67682
-5.55545
-5.14187
-4.17901
4.68804
9.43905
4.08824
-0.95994
0.80560
4.07564
1.73334
-7.44421
-22.39845
-1.25544
14.86736
4.27297
16.31462
-3.48474
1.26406
11.38749
-1.01995
7.56090
-10.03512
4.51349
-13.43648
9.91667
5.28474
-11.96304
-2.49926
2.97706
-4.84203
1.78587
8.07839
11.94539
10.39282
-5.73636
14.05382
16.63556
4.95825
12.58542
-2.34994
-2.39898
1.28175
-16.48313
-3.16999
10.70436
10.06390
-10.73917
-12.94933
4.93637
-12.33889
3.76512
-4.40464
5.95626
-1.71682
18.71893
4.75913
9.17798
11.48031
16.08668
1.60889
8.38001
-6.82639
-10.01008
3.73973
-14.32550
-3.81137
10.14127
-1.46306
-7.77897
-4.55446
4.05655
0.76333
10.27716
6.72920
5.33957
-13.16399
2.56244
17.03926
10.05700
-7.57207
1.66350
-13.26891
1.10665
-1.55718
-4.58573
10.10393
-2.53635
3.08047
-8.87941
1.80322
7.56309
2.93497
-3.46892
-2.06579
-1.57124
-4.61800
-1.10236
14.05205
8.15281
17.38322
-16.18255
10.99194
6.28310
-7.68950
3.78713
13.72926
7.15222
6.24421
-2.54607
1.14067
-7.90703
-6.49253
-16.13903
-1.98907
-1.48581
8.15078
3.56511
-14.52848
12.04684
-16.12546
-9.70307
-14.20278
-11.57536
-2.59819
-4.14460
3.75928
-4.34322
9.02858
-2.27626
3.65570
6.11623
-1.54254
-3.46920
-0.59046
0.59839
8.12624
-16.77568
19.74149
16.79454
1.11162
6.98679
2.36321
4.48542
9.73221
-11.42616
-12.28183
4.37949
1.52361
-6.57885
-20.32225
-16.93038
-0.01363
-0.02209
-11.41926
10.73332
-8.21358
3.57366
-1.82718
-0.38082
2.39658
14.74888
-7.19455
-7.74049
-13.53194
1.67338
-16.69663
13.18222
12.18389
-1.77280
-17.09594
19.27945
-0.99376
11.73341
10.55156
-9.99990
4.05040
-4.43656
-7.94740
3.41848
2.67533
24.44237
-7.85391
22.69344
-0.27296
11.20272
7.67565
-12.50508
2.28669
15.42864
10.91645
7.61731
-6.53319
-3.89800
27.91705
3.04993
-7.10961
-1.36401
-5.47518
11.91924
8.41819
-7.95294
-4.52245
2.61431
5.88960
-12.06712
-7.11886
-2.90348
-5.50999
-1.92063
3.85245
7.81074
-7.49115
4.92031
0.25839
7.27009
3.94603
0.41521
13.12114
13.81037
1.93469
-3.89491
-5.28241
4.65065
7.30474
4.69422
8.77310
7.16542
1.30797
12.54465
-4.12130
10.83583
8.71215
-4.50810
-7.37614
15.65213
-1.07361
3.20196
-12.28503
1.31463
-5.21570
6.04043
3.29868
-13.95850
1.65391
-9.59484
9.61212
6.03798
-7.41850
3.29836
-0.64328
-0.06839
-12.98925
-0.02535
-12.98394
-3.46314
4.29021
-2.81495
18.11056
-6.67470
-6.81052
2.73987
-8.33734
-2.36656
21.11556
-10.29857
-13.48174
-6.49428
3.56458
0.46899
8.64926
-10.82379
-4.48376
10.39883
7.47782
13.47880
-23.77355
-13.28612
-15.28880
-5.49760
-6.12637
2.21201
-4.75067
2.35735
-8.08527
9.09409
3.58810
14.53504
7.02762
-7.26763
-6.99604
-1.16294
10.10033
1.88591
3.57318
3.71459
-10.02585
-6.70382
8.01632
14.11852
3.77599
1.69916
-2.89903
0.93094
-5.99710
-22.04046
-3.03289
10.16806
3.18466
-4.83985
0.13941
-4.71111
7.47220
-6.13135
7.11772
14.30679
0.54726
-8.31672
5.05097
-8.98908
-5.62804
4.00187
-0.02469
-6.34804
7.43493
-0.68696
-6.51944
5.98050
5.01534
-7.39755
-15.57263
5.81642
13.41291
-2.53530
3.26597
10.94088
-0.35785
15.35310
-10.33102
-7.60813
9.68278
9.56725
15.46062
1.86863
-1.04957
10.64318
-9.35650
-5.45497
1.01293
-0.10183
7.75124
-12.19564
9.51765
1.60544
12.79547
-11.70479
-24.70713
-7.66520
-2.73689
5.58049
-1.91109
-15.88049
-5.23455
1.94316
3.68487
2.62196
0.76284
0.19714
2.14683
-10.13156
-3.71413
6.75828
1.52982
-11.06750
-20.34116
-15.53963
2.11809
-14.47887
0.69069
7.69667
11.48318
-7.15674
7.05355
17.02340
11.39699
-4.31318
-1.49883
10.41774
4.45123
8.05002
1.75599
5.52040
-12.47985
2.71156
13.64473
-4.65839
-6.62949
-1.92941
7.14914
-17.07801
-16.14048
3.74102
6.82571
6.54345
-2.26471
-11.36731
13.11568
-7.57083
-0.30657
-2.40714
-6.15581
8.82424
-3.89558
0.25805
16.77130
-11.44624
3.06519
9.43594
0.93255
0.36485
-7.21091
-0.45406
4.12425
4.91802
-1.11924
-1.78807
-0.27364
-16.86056
4.25224
-2.48988
18.18967
-8.61123
5.01297
-0.26048
-4.34557
11.32548
1.46584
-5.41413
1.26923
-4.62245
7.95174
0.75613
-4.82395
14.42992
3.97602
4.13253
-5.38916
0.15208
-4.98890
1.20891
-1.45957
9.64920
-2.51643
1.12787
-4.89151
5.19698
3.69089
1.67970
-4.91343
-10.44100
-1.37566
6.77434
5.27634
-14.16217
4.84550
8.55878
5.89578
15.71424
2.39369
-0.31854
14.83902
15.88882
0.03029
-1.89697
-1.52315
-5.12598
3.82052
-1.26934
6.22728
3.94892
1.81705
-4.77574
1.65372
-4.64690
3.57520
-5.85839
9.25859
12.76108
-10.78150
0.03690
3.76426
-9.59734
-0.29058
-1.91404
11.02621
-1.16066
-7.53277
6.18827
1.86117
-10.04918
1.68221
8.17975
-4.59484
-0.99073
8.52841
13.87308
0.24968
4.39753
-3.17263
-6.67610
2.22530
16.70572
-1.80773
-18.14113
-7.70728
-1.38710
3.53762
0.36661
-11.31748
10.54992
-5.92132
10.19946
-1.02205
2.61628
-6.74956
-22.57172
0.95180
14.65327
-9.53488
13.97465
-4.68957
-16.87162
3.41312
-15.35251
-7.55761
12.21664
12.22640
-5.39434
-1.04884
8.84972
4.21910
5.54072
13.24158
0.97526
-5.60098
-12.38294
10.11211
0.37053
-17.93522
5.59767
-3.41555
3.19768
-2.10490
9.49782
-0.38469
-8.04068
4.78704
4.99706
-4.11010
2.07055
-13.98722
-4.76685
-8.31538
9.63216
3.02407
-14.74106
4.61761
-1.28576
2.71927
-10.47534
-2.78274
-10.65358
1.35436
-1.07072
-3.24121
1.44023
0.73160
2.98922
2.54788
-2.36031
-11.80878
-24.34738
-9.87955
-0.06891
6.27276
1.05183
5.91812
-14.24131
-10.62620
0.87796
11.08791
20.00121
2.95854
0.73777
0.04414
14.54484
-1.49955
6.48219
9.16286
9.57612
-8.67210
-4.65342
2.95750
-12.74461
-1.09514
6.75975
-6.11357
-5.59591
6.86631
4.66636
-2.19651
-9.61019
0.28405
4.75467
-1.30272
1.08332
9.75504
2.88136
-9.86735
-5.80542
16.96641
-9.13498
15.11544
24.63203
-12.70626
10.94504
-0.00141
-1.81428
-10.43433
-9.35083
-3.26410
-0.48202
-7.05099
5.97736
2.47577
-13.54694
1.63263
-3.43218
-5.26817
-12.50613
16.90078
12.57711
-0.17339
-7.79891
-0.77464
3.27859
7.21544
2.51637
11.03803
6.11457
-0.86011
-9.94821
-6.79180
-2.32384
3.05574
3.96484
-4.92709
-9.61441
-8.07218
-8.79108
6.64889
-13.28792
14.34462
-13.49742
22.81476
-6.99855
-14.14170
-0.27724
9.67124
6.30453
-3.51928
-1.82774
-4.47402
3.97170
-0.83855
11.83308
18.76725
-1.63937
5.05577
20.26782
-1.58435
-13.43577
4.47403
-9.71530
1.76954
-2.43234
2.29346
-11.43839
7.66917
-4.94052
6.52093
2.06934
3.04025
1.77553
-0.20419
-6.36929
-1.92529
9.31788
-5.18036
16.25809
11.55894
-6.26809
-2.51417
0.47088
-7.65147
-10.57506
4.42934
-7.76621
7.23028
-2.32176
2.55174
4.45457
1.33718
-3.34113
-6.18823
-5.51344
-3.16353
-8.80030
-8.44066
0.13856
-4.86803
1.79086
17.62950
-8.50881
-0.06343
4.42260
-13.32365
-7.82259
-6.50369
-3.59829
5.42878
-10.50875
-3.48407
-11.94466
5.84972
-3.05691
-12.36653
3.34289
-15.20228
0.49634
8.20193
-8.46670
-2.36226
-1.41322
17.99825
4.24112
-5.16499
-10.14035
15.87299
-10.39077
-3.31465
-0.05753
5.01156
12.00749
9.70132
4.17817
-11.57357
11.44255
-1.40357
13.87706
9.35886
-6.03144
-9.61727
-4.15441
7.50389
-0.29340
1.61124
3.94549
0.05123
-4.18840
-3.66273
1.35439
-4.48741
4.06582
6.11418
-0.83050
-3.63714
-6.42035
-11.71800
-16.76196
-1.02550
-2.59373
-2.48031
-10.97736
0.41705
0.76315
0.30524
-3.79410
4.28464
7.18435
-4.87138
0.56684
-3.20612
3.78801
6.43122
-4.14636
-2.99285
2.30575
-1.65131
-3.10984
14.53223
6.38737
-6.07978
-2.87407
3.36191
6.75306
-0.49654
8.85929
9.92859
-0.29969
1.86005
6.83863
12.75520
3.50129
-4.88087
0.95092
-0.40233
0.14280
-2.16725
-2.28717
-1.38818
-3.74502
-4.69422
-5.32263
2.90368
0.95523
-7.23939
-2.41203
-2.01418
-3.17612
8.17424
-16.15992
8.33395
-8.22880
-2.10544
1.46709
-4.75937
-10.33404
8.65917
8.15411
8.69238
8.28879
9.76160
-7.00626
-4.20276
-4.42694
3.04662
-7.22401
10.56094
-3.01468
-3.74160
-1.76428
12.96298
-1.89073
1.63699
4.12927
7.43126
0.99916
-1.00671
10.76822
2.27541
6.44416
8.52525
10.75646
-4.70964
6.75358
12.18243
6.20277
10.49730
-9.17927
17.61758
-3.20920
10.94854
-3.25948
8.28889
-3.86933
-9.27728
5.27372
6.80333
4.57503
4.87633
4.38969
12.12754
-1.97474
10.82132
2.59235
-6.59414
-3.43313
-7.43276
20.93520
-14.50804
4.63423
-14.82983
16.30584
3.77291
6.10949
8.07130
7.81535
-1.39064
5.27565
0.46866
0.82032
-7.97454
-10.06491
8.34693
4.20519
5.92089
-6.40042
5.50137
4.76094
2.72001
1.75219
8.12600
0.57035
-4.87717
7.67766
-2.75410
23.14154
19.27413
-4.31924
8.09385
2.03637
7.35045
4.99928
12.27350
-6.03015
-10.15985
-9.26048
-2.02956
-21.09350
-0.53068
-0.35408
-0.97836
2.71810
7.93878
4.57160
-4.25735
7.48899
10.57302
-3.78038
4.23211
-6.70577
3.71009
10.38722
-7.68614
7.31871
-0.37580
3.11578
-1.36310
0.16098
-19.61035
-10.32518
-4.31446
4.31883
-8.73060
-9.22715
10.46014
-11.32641
0.99956
15.32349
-5.57489
1.47067
-2.89908
7.80137
-0.36244
10.82841
2.58121
11.43908
13.18178
13.24644
-10.35409
-5.52588
-4.03871
4.34069
2.65259
6.75267
-18.26096
20.24946
-0.83461
-5.90052
1.38727
10.74628
-1.03287
2.51348
3.88914
-2.97206
-15.38949
11.19564
2.66933
-0.31253
9.22371
-3.61675
-11.18750
5.10398
-4.85796
19.33623
16.55530
-12.12706
-10.02818
-7.26319
3.01287
-4.37167
-0.99269
0.89985
1.97128
0.62762
-0.34095
-7.27435
-20.06890
-0.90528
14.96568
2.00580
15.80219
-8.44394
-14.66462
3.49474
3.28011
7.94650
-1.95178
-7.38221
-13.44913
-6.01970
20.38012
-3.35298
-1.69081
6.41277
2.80810
-2.48722
-1.57798
-0.50398
3.98959
6.39642
8.84205
1.72037
0.30686
-5.65657
8.77261
-1.37503
-6.68411
-11.78933
-9.11863
20.68174
25.82778
-7.64560
7.80450
-11.51158
1.49523
-6.20055
5.36965
5.16818
11.55717
8.08801
-9.65626
11.48626
4.75511
7.04508
-15.53827
-5.99890
-10.22714
-5.40675
2.60423
5.65341
-0.44533
1.25656
-17.95673
-15.27397
12.23644
6.64447
-0.23187
-2.68399
1.44586
4.85492
-8.66619
-0.33542
12.17606
-9.57190
4.47479
3.71272
-12.28152
16.06972
-9.08690
5.63814
-5.94374
4.72350
11.47954
2.75179
17.89377
0.44922
13.00383
10.05764
4.80065
8.21711
1.73942
3.61519
1.79108
7.98649
-7.04997
17.93592
7.58108
-11.54073
-7.99155
-11.39710
7.90080
3.19322
-9.12181
-4.96335
-3.93991
-12.85347
5.84119
6.23187
15.26592
5.16731
1.35817
-0.87919
4.57592
7.04843
8.51829
-3.89518
19.55167
6.34341
-4.01104
-2.10067
9.56775
-3.20679
-1.97775
-15.71408
-12.57867
-24.56749
-4.11074
5.81473
0.03152
-5.72706
12.76194
-5.84475
2.81652
-1.73932
1.85182
2.13721
-0.84018
6.60830
-0.11905
-7.88951
3.13286
-4.42615
14.40841
8.19783
-1.46730
15.80538
-11.02967
-18.56271
-9.01830
6.16441
7.33865
-11.62419
-4.33645
-6.22967
-1.94157
-21.59525
17.67185
3.82395
-1.61756
-2.38155
2.33689
-1.38170
-8.42894
-9.27705
20.48115
3.32734
-3.18075
-2.11747
-4.90812
0.33553
0.41652
8.17803
23.50602
-0.83459
-5.08141
-4.68246
-4.92151
-5.20863
-2.25970
6.40802
-17.16051
4.05854
14.15973
1.90070
-5.80645
-10.20794
17.72893
-3.27055
1.00542
-11.83453
-8.46495
-6.70720
1.39875
-8.56403
-6.16018
1.65785
4.45554
7.48203
14.20771
13.80662
7.12718
-14.51620
9.35065
11.79320
-4.40228
13.49896
-3.45908
-16.87558
-6.50683
3.20386
-18.39636
-5.57431
-4.01749
0.30274
16.97915
7.66337
-1.83176
1.50895
-0.10133
3.95359
-22.04682
10.42095
4.82840
-15.75420
-8.33323
5.00088
16.79338
4.77519
-1.91412
7.76349
6.25408
-6.84490
-1.98004
10.84936
-5.23371
15.37335
-2.83949
-7.96239
-3.12748
2.49952
4.88536
-2.47712
-6.69675
-5.92313
8.77868
-1.02150
-1.86369
-4.37083
7.88651
2.88906
6.77300
-8.95213
-6.92594
9.78776
2.74174
12.02925
9.34123
1.99513
-7.72172
-5.03930
-7.35533
-11.18781
7.52047
-4.36360
-2.34824
-9.04780
-1.38827
9.25099
-6.99179
-15.10378
-14.61810
1.60328
5.12740
-12.95799
8.70043
2.55358
5.29281
5.96181
-5.01193
1.35878
5.67236
-14.42388
-1.29606
-7.95669
4.18192
10.04907
12.87463
1.12807
-5.55207
9.16460
0.66560
-0.44017
23.06463
13.40513
-1.73775
1.62595
13.70253
13.38906
-3.09092
-8.87589
-5.61945
-6.12153
-4.96610
-7.60663
-4.16415
0.84476
-12.22828
-4.95620
-13.45326
-1.07125
1.03117
-12.06288
1.53704
-13.83678
9.53464
4.85770
2.16991
-0.27806
9.54717
3.76302
-8.43523
0.84766
3.57206
-12.58544
-2.04376
2.49651
7.07400
7.18825
3.40555
1.51340
-3.01616
-3.62155
-13.52182
-8.73639
-1.72350
-17.45159
5.01884
-5.91792
7.33346
-5.17546
17.48849
-0.05459
-1.18548
-11.37166
-4.23551
-15.26267
5.80404
-25.32495
-4.34346
6.88965
5.57072
-0.58688
-16.78318
8.83511
1.81952
3.23334
-3.78664
-9.87639
-5.42235
14.80304
3.27910
2.73719
-5.56248
-12.52936
0.89410
1.24257
-0.90318
-13.44422
-9.05954
4.29501
-0.18305
-17.58129
7.44172
1.60827
4.69033
-3.41453
13.16533
23.77899
1.04397
-9.22554
-5.90503
10.27447
17.79225
-1.45621
3.00725
-0.46911
1.63295
-7.25320
-5.32048
-16.31967
-8.56651
23.92229
2.55426
-17.06812
3.25046
1.36566
-4.11915
-3.70267
-7.32874
-9.15514
-0.77719
-4.68094
8.01389
-5.25888
10.11163
-13.19129
23.50992
-14.22621
0.19858
1.19924
0.09855
0.56908
-10.25555
11.20065
-0.34030
-4.81577
-1.29438
1.64923
6.52877
0.45501
13.78774
-1.03108
-6.54514
-7.17496
-9.87774
-13.11693
9.61514
-5.99897
11.32728
-10.68915
13.01701
0.01255
-12.84140
3.27484
-1.60374
-1.51983
-4.39944
-3.58359
-15.86357
-8.91078
-3.95248
-2.30643
-11.35683
-0.59266
-15.87035
-2.88301
-1.96033
-4.15804
-3.14165
4.47712
-3.17861
-2.51045
-6.53245
-6.31024
-18.69978
3.77243
-20.01379
-8.92571
-9.39111
-10.07340
1.16227
0.45084
-3.61293
-5.77333
-12.66236
-7.88855
-3.43245
-2.32967
1.30594
10.14502
14.25895
8.93791
-11.77064
-12.16442
12.90815
-3.23896
4.52057
13.90374
5.78152
-12.53686
5.07744
10.81804
2.85311
9.47127
2.75854
4.23119
14.49690
-8.09406
-13.91488
9.90152
10.80160
-0.01997
-6.70505
-5.79099
11.90706
8.56847
4.76169
3.81813
-4.93987
2.19086
-9.21748
-1.86916
-2.80514
-2.51579
7.26673
-31.72577
-2.02273
14.62417
0.75039
3.13663
-8.06527
-2.81622
-15.49937
0.68176
-17.18526
-6.04042
-2.77030
8.96994
4.29528
-6.30396
3.74636
-0.46042
-14.52439
-0.08573
-5.84418
6.74726
4.20480
4.00677
2.08954
-5.23219
4.54591
3.97600
2.48918
-0.02100
-11.93936
1.69926
10.84978
1.06518
-0.57892
-9.83315
-12.77933
-0.25640
2.06561
-7.59588
12.58439
5.79215
-1.91254
6.44714
-2.32238
2.60194
-2.86762
3.36103
17.83614
-3.62720
-7.45670
-4.68415
-7.28422
0.84589
7.88529
-0.31138
2.68883
3.71769
9.60070
-0.52279
-0.72257
-0.50358
-15.31101
3.75918
-2.74741
-8.35318
4.53789
-7.64027
5.83655
7.28393
-5.77343
-9.99070
2.98733
-7.15654
4.38786
-0.51541
7.89682
-10.91865
9.43628
-10.01526
6.89519
-11.06904
8.83761
-12.53464
1.15188
-11.78032
-3.30064
2.75433
-0.98677
-2.46645
12.57667
4.11959
8.53647
5.70325
-11.29688
-7.91865
-13.58632
-7.00968
3.98544
4.73452
1.98570
-19.84989
1.68058
1.76336
-2.48996
-1.68334
-2.76368
1.26026
8.75660
8.67589
6.39389
-7.42200
-0.37978
9.47592
-10.62990
-18.20521
1.99167
7.13310
18.25447
12.75809
-6.99994
0.92994
-3.21540
-16.40326
-3.91108
-2.63391
-14.94238
6.58390
-1.30403
18.50968
-11.41053
2.74836
-11.42180
15.78741
-0.64773
21.54790
4.22742
18.49160
-7.92809
-5.44022
-0.97351
3.76373
7.94377
15.26101
5.48304
5.40935
6.81045
-20.06325
-16.46527
9.25113
13.40202
-4.24229
5.11918
-2.99531
11.76282
3.43729
-10.31633
-11.68845
-0.64012
-6.02561
-7.01762
0.69423
8.08380
8.23510
-13.38065
-6.39140
7.96267
7.02779
-3.83464
0.69681
3.12008
3.12275
-6.04550
1.03398
-11.11276
2.08840
-6.28740
12.63132
0.03360
-6.53920
14.74676
3.42999
-9.27984
-0.22879
-2.72092
4.20461
-7.30168
9.87106
13.25608
14.07179
-8.87194
-13.05536
-10.37597
-3.91033
-2.30164
-27.30387
-11.31842
19.82574
-3.63198
-0.60283
-0.52770
4.44947
1.07461
6.08561
0.92516
5.23554
-13.01741
-1.83675
-4.91015
-0.62941
-0.05410
-7.93726
18.10626
-5.28193
7.70171
8.70538
11.56000
-7.19617
0.10331
-3.14548
0.82317
-6.14788
-7.54868
-2.14302
7.18985
1.30632
7.75558
4.04166
-7.16831
-1.20027
-11.36371
-13.24401
7.53822
-4.03706
22.89645
8.30287
-11.33037
-2.20871
-11.63393
-0.37843
0.83636
-19.32741
3.06676
14.75906
-0.11500
1.07372
1.54313
-0.20227
15.57060
-2.45403
1.99170
3.10583
3.09508
4.89012
-1.07382
4.09390
-18.92971
-13.75954
-1.45955
1.16174
-1.08907
-0.64302
-5.50692
-8.31369
2.48408
12.16781
-3.66724
-4.20973
-17.82393
-0.81067
-18.89470
-2.76520
-5.97997
-3.70759
-4.56760
-5.87190
4.04367
0.29313
4.55213
4.89420
-5.09723
-6.72325
-23.33322
2.76379
-10.17036
-1.33755
3.03008
-1.28632
-2.74831
-1.96274
4.25507
-5.73356
5.54972
17.03375
4.22786
-19.28372
21.23189
3.37841
-9.14567
-14.30454
3.60716
-10.03356
5.28065
12.09638
13.11226
5.06412
3.42113
1.02461
-11.88930
0.05412
-2.79398
-11.67005
4.87616
15.15483
0.21967
2.12730
-2.15025
-9.93408
1.89669
9.11160
3.71799
2.09113
-14.93249
7.32265
4.33563
0.27843
-2.32999
-21.96778
7.98279
1.51065
-4.51560
23.41776
12.43647
-7.46186
-20.78048
-5.08525
-7.88781
16.95956
6.95286
-2.48835
3.74747
6.04321
12.21182
-5.04638
0.53267
-12.74873
-2.72277
-0.02170
-0.03870
-13.36042
-2.79256
-0.00944
5.19370
-10.99413
9.30699
5.72170
16.90381
1.78431
3.35770
-3.11487
-14.12091
5.21965
-2.39573
-9.40109
6.50762
-6.00871
8.02290
8.58927
3.55497
-19.23662
-22.14174
-2.73318
-1.06554
-4.38393
20.22924
15.09936
-9.92742
9.35211
-4.92744
8.74526
-11.00748
-10.13975
-3.49368
-6.90542
-2.98142
-3.02177
-5.08854
-0.29865
-18.54666
5.63196
7.13588
1.94443
-5.98145
7.98933
4.47212
-18.97476
0.88357
-5.77503
-0.76709
-9.77909
-2.27886
-17.97462
15.44752
-11.93087
11.54401
-1.72847
-10.32997
12.33322
-9.71532
-18.87958
9.22876
1.23365
-17.94319
6.56349
0.00132
21.23588
0.45161
6.97159
-3.13797
7.29700
-22.26381
-2.39697
-3.05749
17.92937
-0.05009
11.95323
7.45915
7.43228
-13.23465
4.51001
5.97510
-12.47341
-8.85893
3.62417
-12.16282
4.62330
4.26071
17.27839
-6.01833
6.92001
9.49223
-1.07421
2.35712
8.24420
4.21864
-12.16219
-2.39657
-5.14102
-4.54411
-5.75238
-4.94351
2.82259
-0.84799
11.11423
-8.56995
-4.64970
-5.14362
-3.42588
-2.09455
4.83916
-7.41280
-21.28091
-10.79001
-10.86920
14.22755
-2.55983
-6.12195
-8.27346
8.30184
-1.49977
-0.84468
7.21845
12.19843
-12.12457
-6.85204
3.80028
-8.35045
5.87016
-5.06488
-13.57584
4.65161
-11.31024
-2.57549
1.01907
2.03389
-2.53705
-14.38902
-4.57308
-2.17572
6.11514
13.42301
-8.90548
-16.33111
-1.07085
-5.85131
4.92614
15.78543
-7.10826
-3.25307
2.49627
-15.21536
3.73827
-15.03181
0.63692
-2.84928
-9.01233
5.33673
1.41243
2.93742
-7.60108
-0.80730
-9.70945
1.82207
6.57807
-0.71222
15.61016
-3.27879
2.75264
7.07371
-8.23253
5.78621
4.24936
-4.35464
7.49256
-3.00487
9.10762
-0.59200
14.33035
0.06325
-5.22053
15.35660
-12.09929
6.66541
-5.30983
1.75646
-5.77274
3.45908
-7.87503
-5.19017
-9.42974
-5.86831
7.31881
9.47777
-1.34002
-6.37245
6.88782
-4.24539
-4.67175
7.20533
-11.46680
2.51508
1.25241
-0.47870
5.11046
-5.06782
-1.72160
9.84276
-1.55509
4.20996
-10.25592
-3.49492
-0.01670
2.31081
-6.46562
5.43243
-3.86587
0.57416
3.12781
10.66755
-12.63300
-1.24687
-8.63487
11.20378
-5.98543
3.63770
4.01335
1.81760
6.59939
1.95650
11.28680
-5.14495
6.52589
-8.24441
7.22590
-12.40928
-15.62384
1.28182
8.70754
-9.09728
6.68399
-0.13570
0.76622
-2.21370
-13.04801
5.11283
-8.18006
-7.18032
8.24159
1.24598
-14.07744
-3.19808
6.93338
-9.10459
-5.21298
-8.06641
-1.77608
-18.05803
0.08926
16.05907
-13.15101
10.23037
16.05337
-1.17557
-1.34846
14.47261
-2.70274
-3.08517
-5.31315
3.41498
4.29267
-13.05169
2.02031
-3.76240
-0.67138
6.76834
-3.05573
6.28402
-4.48754
-12.76260
13.69974
19.07216
1.75961
11.31313
3.02986
2.81952
-0.22771
14.94723
3.13485
-10.41915
-10.92130
1.71568
-13.50932
11.32122
13.26104
-11.30941
-5.99226
-2.89357
2.96834
2.45249
-3.99248
-4.61392
4.78246
11.60092
-0.29331
-0.81541
-9.63971
-7.42803
9.75256
0.82141
-13.96735
8.89744
2.28871
-8.77304
17.18669
22.25515
11.24575
7.90944
-1.47469
-5.04214
11.12066
-0.65064
4.11199
3.58553
-0.26447
7.78879
-6.77547
2.00514
2.67561
6.75226
23.50783
0.98934
-0.48798
13.28898
-2.34299
-17.05126
14.66442
6.01021
11.59896
4.68902
8.86866
8.62790
0.70299
-4.67559
-3.09824
-6.67533
-5.00885
13.45495
-0.65617
-1.70739
-10.73785
-0.85748
-5.33839
11.88029
9.97456
4.38234
6.02052
16.60913
4.07734
2.15740
-0.25362
-4.01122
0.43589
-4.88637
1.37498
-11.60478
-1.68222
6.04816
6.51473
-3.23970
14.10805
7.33919
0.75007
0.70977
-0.05260
5.33380
-10.78769
0.20169
7.03296
-7.13947
6.53700
-2.24640
-7.45551
-1.05617
-2.64440
11.85155
-3.87635
-3.54503
4.21119
8.96399
0.93197
3.29485
1.02004
12.62351
-3.35876
1.96708
-12.42574
-4.93949
2.00712
2.74392
14.51684
1.88963
-1.15127
-11.51593
7.40043
1.98994
-8.81417
-3.08358
-2.39947
-4.42595
-9.40729
-0.10096
8.83904
-2.61171
8.03680
6.61571
11.23824
-8.88380
9.73287
-4.61259
-2.44466
1.35427
4.60222
2.58316
1.21327
2.13898
-0.08655
3.69993
11.98559
-3.70717
14.29326
5.27610
5.97761
3.76361
-6.43218
1.43344
1.30047
18.98549
-1.49482
4.07389
3.08261
6.34355
-0.13468
-2.72215
9.25539
-15.44483
19.62889
-3.76446
-5.81483
-3.64437
-2.14350
15.43441
3.57944
-11.73933
-13.12451
-0.54055
3.25607
-4.50699
-7.68476
-11.90898
-13.64251
6.93376
-26.46603
-1.36632
2.83008
1.62706
-11.33589
10.60159
-17.69280
-2.67811
-9.53613
-13.81108
0.33551
-10.11697
-13.60587
16.98507
0.55831
1.58912
-2.15100
14.03842
1.09360
22.83805
0.17950
-9.00577
-9.41406
5.14105
-7.17450
-3.34873
1.90899
2.28791
-15.66440
-2.79392
4.18171
11.10489
12.08078
-1.06843
-7.44959
8.95449
21.87960
-6.57878
-2.91681
13.54454
-7.10247
2.13549
5.25129
-5.17413
13.99677
9.16496
-2.65833
2.03894
2.35864
6.80531
7.98959
-0.15726
23.23558
8.96520
4.39966
-1.10191
-8.59637
1.41196
-2.76913
12.72031
-4.19370
-1.62967
-11.22726
-1.92272
6.34623
8.62609
-5.33969
5.24383
-0.19320
7.62028
1.27801
-0.14528
-11.17774
5.23134
-7.28362
2.18357
-9.31394
3.92058
-2.76288
4.25976
9.73396
7.44111
6.76750
13.95519
7.90914
-6.36253
9.80897
13.39027
-8.40962
-13.70612
-11.19971
-0.38180
2.04990
3.18228
1.64143
-9.78525
-15.07975
9.09203
12.31568
-11.01288
-12.35164
14.01636
-11.16613
-4.63712
-5.52024
-1.99044
-0.43208
15.14018
7.79093
-9.47192
3.34024
6.31893
10.67122
-9.68804
-9.36593
9.50776
0.82320
-1.32324
6.11203
1.81202
9.51266
-7.69481
14.70653
6.30859
7.84344
5.19642
0.80589
2.59837
-9.14344
13.63616
-22.23641
-1.99415
-3.74749
2.90243
-0.87116
-16.99153
-11.65008
4.67962
-15.31510
4.55934
14.45369
-9.14019
-14.07735
0.48182
3.04008
1.93496
-3.65992
-4.06445
5.30164
-9.00681
-1.96496
12.12747
2.67912
-4.36034
-15.37568
8.58588
16.97141
-1.11414
3.08191
-11.20426
-13.68690
-15.86695
14.96627
-2.95291
-8.75929
-7.82171
-2.35844
-12.48863
5.67977
-15.79212
-2.69773
2.05015
3.24707
-1.66493
-8.52086
5.58369
0.70656
5.59725
4.69596
0.38522
0.22575
-3.90331
9.96891
-15.73664
-8.54545
0.90468
-15.49962
0.62677
11.70610
-15.04476
-6.24844
20.16540
-3.66816
-3.94897
13.99866
15.39971
3.54508
1.72181
-2.18973
0.49916
7.21348
-1.94712
0.19063
-3.61875
-2.37401
7.43108
-9.19846
-4.06815
13.14614
-1.88914
-4.76569
-3.70106
8.16008
12.64242
-18.48278
11.45223
10.97265
8.67688
-9.88431
0.13344
0.47728
-9.57522
4.57685
-6.46137
-2.38851
2.70973
-5.06436
6.78474
4.81570
-5.29189
-5.66625
7.41154
6.61863
-13.23941
2.21975
9.06341
-3.37653
-6.55067
-9.30616
-7.17111
-11.15158
0.85841
-4.94579
-7.77569
-11.80732
-1.07260
-7.75451
5.63759
-12.11297
-2.65763
3.66744
-14.23853
-2.92490
-1.45162
-7.82289
2.02353
2.58901
-5.02056
-5.87026
9.27588
-15.74079
5.30370
-8.57773
-3.65935
7.86337
6.22003
-1.08813
-5.06699
-7.98472
-5.48450
-6.88518
1.64844
-14.85398
-2.77562
-10.66096
-1.24897
-7.01291
5.16532
2.46681
11.78738
18.34087
-0.49865
-2.98393
-1.27943
12.05552
-10.71361
12.59670
-9.43645
-7.58670
10.75077
6.44347
-3.63723
2.13812
-4.37191
-1.18435
5.42530
12.73323
-9.89192
2.01518
-5.39273
14.86077
-18.01257
17.89099
3.90876
-11.51759
7.59673
-7.68600
1.02585
5.63948
0.82348
-7.87318
3.66592
-6.49955
-12.67513
13.87323
-6.25725
7.23727
-20.96923
1.32585
2.27172
-4.32930
1.05669
-17.27244
-14.25742
-0.18509
-6.49993
2.15822
4.62126
-1.10248
-3.47083
-8.77680
-3.18497
20.45724
4.15750
-8.77474
13.23986
-25.66128
-3.95108
1.96674
0.63101
-1.70236
2.93294
1.66661
5.04613
-3.21560
-10.55562
15.14181
-8.72476
-9.54592
2.98543
8.40232
-8.01492
-3.80329
2.91856
0.44672
-10.29936
-0.87769
0.18473
10.90274
-3.29246
-6.72257
11.00969
6.97280
-0.31385
-9.68373
-11.93698
-8.31042
3.21724
9.36329
0.75056
3.48032
9.14800
6.29043
4.11100
23.58950
3.63692
-9.66671
-14.09100
6.24287
-5.15352
6.54913
-4.38156
8.56258
3.62206
18.51903
-1.90302
-11.69494
12.26103
-0.09512
0.35385
6.36923
-0.00289
3.44791
9.44737
-19.70543
-15.89951
7.94148
-13.45010
-15.30336
-1.80186
5.95717
11.07066
-4.75495
21.21408
4.36234
7.88663
-3.28933
5.81624
10.71356
3.73920
-4.43949
5.96568
10.04630
7.27979
0.62641
12.16657
1.19160
0.99691
-2.64070
-4.57397
-6.61280
7.69696
13.52678
-20.87824
-13.19425
0.70867
-15.71348
-6.01761
0.07879
10.75967
-0.03747
11.08713
1.71592
6.03766
4.91948
4.84300
8.33685
-7.30018
-1.09434
-9.57354
-3.87933
1.64486
-13.30961
-3.42355
9.08413
6.58751
-4.37153
-2.78243
2.97410
7.55376
-7.66663
1.96667
-1.43758
-10.98239
1.60164
-5.21878
-11.04754
3.37397
8.30603
-0.35540
-2.50236
3.77790
12.10466
-15.36614
-7.14650
4.94673
14.54569
7.63939
-10.93670
-14.01323
-6.06666
-1.40797
9.00604
15.77548
-2.38110
0.62322
-2.60845
5.63805
1.98251
7.37880
-9.91472
3.19016
8.87240
-0.16184
-4.85945
-5.01482
5.20940
19.55533
-5.69787
3.85384
-8.97855
-0.15452
-10.85724
0.38001
-5.07997
4.72546
-7.56201
9.18553
8.89461
-2.13148
-1.74016
1.13370
9.43187
-8.53290
-6.60341
-3.81224
-1.10683
14.78844
1.49840
11.61502
-4.66167
-5.29863
-2.38795
1.58219
-2.97604
1.71255
-1.10738
9.55098
3.83376
1.96167
7.41664
-10.08386
-3.06385
-7.42207
-1.43395
2.83277
3.72609
11.13164
2.20875
7.26910
2.32726
-4.73528
0.90109
-6.82976
-13.62421
-6.88971
6.80662
3.81415
1.44790
2.84314
-2.82815
-0.35397
13.58402
5.40184
14.70172
-34.08022
8.54431
3.90301
6.03743
10.59467
-10.17221
4.10672
-11.57921
-0.24975
0.03159
-4.64129
-0.25353
-3.28792
-8.95179
1.52428
-3.44404
-2.12314
8.67293
10.72021
5.52746
2.44032
2.96741
0.71652
3.85945
2.71891
-3.02791
-1.51183
6.15912
3.33631
16.48398
-0.20804
0.97139
18.66591
3.80626
19.48274
-1.27677
11.53591
-3.59365
11.62899
5.07750
14.57046
-4.76299
-1.37847
-10.25297
11.49555
-2.99067
-14.08784
16.62439
4.36902
12.43294
2.63000
5.18464
13.45095
6.43746
-3.08998
-1.69144
3.70866
-11.18252
-0.82852
-4.72205
-3.40530
4.90054
4.80603
-6.84347
1.12378
8.90244
10.31999
-1.38903
4.91026
-6.92207
12.84500
-4.37063
9.84756
-11.34532
-6.38677
2.75131
-10.20550
16.82079
-5.52508
2.26605
-6.33908
2.15667
-0.73436
0.66182
8.76598
-15.54014
2.33360
-15.85813
-8.05504
-5.45141
3.75826
-2.63478
2.22251
9.23963
8.87012
0.90082
-0.95942
0.14414
12.34403
3.70876
3.76669
4.03503
4.01836
6.06267
-17.04647
-8.47241
-4.57921
-5.51129
5.23525
6.58332
15.13146
-7.92321
-11.71758
-7.19726
19.01056
10.09479
0.65027
-6.18309
2.87711
10.89229
-3.38847
-3.46621
-5.33070
10.77703
-3.78178
9.39575
-7.44255
-5.26212
13.71974
3.79149
16.11989
10.02777
13.17330
-12.89403
1.83170
-6.91598
10.54008
-13.31661
3.93492
4.27913
7.59507
6.66994
-3.65094
1.93318
-8.35676
-8.07353
-5.98422
15.77940
19.29288
10.56137
9.36566
0.41139
4.11635
6.02823
-2.44667
8.88306
13.60038
11.98261
-5.53572
15.67454
-15.77179
7.72310
-8.76297
-11.22876
-13.57592
7.36457
-3.84379
-4.47892
15.64009
-0.85854
-5.63715
5.56092
3.73355
7.38225
5.23283
-16.00083
8.75070
-5.31440
-3.70481
6.50923
14.29824
10.03212
-8.80539
9.73764
-2.64658
-3.47024
-3.50317
-10.23171
7.26653
-1.04617
-7.67815
-5.80329
-4.67891
9.74898
-26.09827
0.95314
7.18473
-9.52410
3.57150
4.05046
2.93261
-18.91797
-14.03996
8.94639
-5.13979
-5.57718
3.07855
-2.64702
8.44681
0.01140
-10.34534
-6.29239
-14.51531
1.31954
-15.64516
6.96210
4.07110
18.23175
-8.25243
-8.08009
-7.52032
1.41009
-11.45233
0.74622
-9.38694
1.75803
7.42178
6.08338
-6.30846
-0.59351
1.21555
-1.57584
2.33958
-4.14028
8.52205
0.36469
-13.55128
-1.66628
-2.64816
5.51550
10.03947
-4.15592
8.51163
2.54715
-4.17722
-8.25679
9.04314
11.03744
-4.15132
13.94442
0.79025
-3.29377
2.60163
-6.27073
7.17968
4.41185
-5.46159
-8.43764
-3.48529
8.01690
3.00219
-0.00352
2.37356
0.27231
20.33803
-16.79885
-8.87821
6.48125
11.21402
-3.28851
-1.56163
-5.33100
5.62288
3.50716
-2.35767
1.56547
-0.20394
-2.26588
-8.57315
-12.36050
-1.64164
7.84042
8.50888
-5.80112
-9.04492
-2.08488
12.83249
1.51091
9.62360
-0.29753
26.69418
-4.36119
3.20789
-2.71582
-7.12088
6.32525
-1.00115
-3.65447
3.58240
-7.93746
2.90771
-3.19507
2.37506
-8.09020
-2.11906
10.31178
4.78368
-4.24336
-14.87607
0.48444
4.46332
0.60253
-1.71435
-19.45315
3.26833
10.87985
3.03268
-7.54190
2.56222
-5.25733
1.62852
1.09859
-3.24422
-5.14915
-10.72160
13.80082
-4.57887
0.22007
0.23292
3.67058
-15.23481
-4.28451
-0.88383
4.09644
5.13070
-17.65145
3.28948
1.33442
0.06231
-4.70741
12.00738
0.01826
-11.50228
7.28115
-2.20520
-0.94591
14.02940
-8.69828
-13.86087
-4.13455
3.26200
3.35950
-4.24448
-10.72061
1.37416
-4.92319
-12.68335
0.28616
-5.46991
3.71338
1.42432
9.96561
-9.72762
-7.88357
6.83765
6.08740
15.51957
8.63404
-0.25799
10.51254
13.37685
-1.23848
1.16105
0.72904
-4.05884
-6.15471
-12.28821
6.11413
6.06903
10.04213
-0.24892
8.52484
4.25893
0.53815
-14.69416
6.45207
-2.04652
14.26458
8.72107
10.41061
-3.69988
23.05618
8.53198
0.49433
-2.09216
3.80712
-5.51958
12.44124
-6.79917
-11.66711
-10.13701
3.46878
-9.48454
-5.78489
-8.32489
-1.32892
-2.83295
-3.59517
12.20348
-3.49553
-10.60816
1.54941
10.25251
13.99693
0.23819
5.12496
-19.27597
-6.48997
-6.72584
-0.89672
7.32641
-4.10885
-1.57363
-12.42471
-6.31751
-1.94541
-5.97483
6.11959
1.26647
-3.92248
3.56590
-5.39387
-5.65147
-21.36278
8.05284
15.76972
3.30454
-3.03430
-9.81356
-11.34852
-12.25130
0.09710
9.16713
10.91660
10.88199
-0.34210
-11.29172
7.84396
-7.47309
2.07112
5.91237
-9.76500
5.28627
8.40186
-1.70387
-4.42872
2.99689
6.48336
-0.96390
-3.56525
-11.36650
9.85245
-10.58083
-0.46962
-1.40845
-0.05711
-13.43697
0.48345
-0.66543
-0.25754
-7.78522
-6.71476
5.06733
-4.81028
-5.05663
-3.27410
9.56062
-2.68565
-5.83226
-1.88215
-2.51902
0.09557
1.27578
-16.97528
-12.20365
-13.72861
-7.44307
13.34452
-12.20471
3.13081
14.60692
-16.79865
-8.42842
-6.46750
4.70768
5.48776
11.75617
3.27983
-1.70468
-11.15294
2.76901
-0.91417
8.12174
-11.42798
-4.91769
8.01031
-8.59457
-9.87372
5.09287
-4.18536
-15.67654
16.87346
-12.01623
-7.17177
-1.26618
-15.89968
-1.87683
-15.22862
0.28371
-1.41669
-10.56896
8.43023
-7.89901
2.51468
-8.22148
0.51664
10.03907
2.97398
12.12240
-15.83776
12.31305
-4.48526
-11.41370
0.53893
10.25344
-0.33840
11.10515
-5.81439
2.05105
-0.74692
2.97752
-0.32158
2.71151
-3.04826
-1.92725
1.24986
15.59238
-5.71927
-4.54928
-0.55089
3.43695
12.28084
8.30114
-11.44957
-10.31983
13.97634
-13.74757
7.26673
-4.33607
8.39794
-7.50308
2.92671
0.29049
-2.64773
-2.44620
-16.70339
-1.22287
-1.70378
-1.22000
9.78537
-3.69540
-6.71140
-13.36837
-8.70326
-4.83421
-8.41437
6.38056
-14.28428
-9.71408
11.54032
-0.87692
13.61884
-4.67278
20.07495
1.01908
-1.12457
-2.68654
-6.73717
-3.61326
-18.42657
12.84364
11.35854
-12.16735
-12.53244
-4.21325
6.98569
-8.31636
-6.52088
-2.04785
10.51341
7.58411
7.43615
17.28036
6.59003
4.76608
3.35274
11.01711
7.15067
-4.57585
2.76897
-6.03488
0.25484
-9.85728
20.37297
8.70682
8.69218
-14.48894
-5.48835
15.07626
-3.54542
13.28129
-4.36669
-4.90662
-8.18882
-5.42318
-2.92978
-14.72018
-1.53343
20.81147
5.68861
1.23935
-4.89382
-9.44805
16.36712
-13.90489
-4.68565
2.76656
-2.58254
14.12456
-2.40365
-6.28428
0.18135
1.76441
5.81040
3.09420
2.17303
-5.50471
4.33227
-3.03560
-19.98884
-5.14216
-4.58307
-1.67444
-1.11658
-3.60775
7.92719
3.65062
1.22137
-8.53648
-5.78736
12.03564
-5.33875
5.34662
-13.69220
6.90587
1.32103
6.00561
14.04707
-0.48995
6.40639
-3.21822
-2.35456
13.84092
3.04473
-11.87347
-12.86909
0.45769
-4.19796
-8.73592
6.35506
-1.58295
5.33031
5.73426
5.60799
1.11860
-4.56469
0.70534
1.97218
-10.56977
-10.51375
11.73365
-6.66385
3.00961
0.22723
-8.72640
9.21647
-14.57559
-1.91888
-7.35767
-15.66758
10.76324
-16.47949
4.60374
-2.70206
-1.82486
-3.02039
11.88732
1.97833
9.56095
-2.75487
4.77311
-6.20786
9.68681
14.64530
2.61025
7.05751
-0.95235
-4.70622
5.15108
1.53888
-6.26703
-10.33714
16.30749
-7.08885
9.56174
4.91474
8.74149
-3.27799
15.76186
8.31815
-16.17667
2.17305
-9.87864
1.29032
-6.84595
-12.80190
6.17168
11.49558
8.53766
-7.62480
11.06844
7.16958
20.16053
-17.25156
-0.40483
7.28697
-1.96486
-13.89246
8.40831
9.11054
-7.37101
-5.57954
-1.42809
-3.92075
5.25304
13.12203
18.21086
5.31781
0.07067
-7.54052
3.95623
-7.68683
-8.60025
-13.28364
-4.04862
-1.06021
6.70952
3.93851
-11.81828
-13.94984
10.26879
1.51383
2.40428
-1.35204
3.01996
13.12956
3.61594
-19.75459
2.38163
4.62587
-10.21468
4.27569
-12.28428
-9.98544
17.91633
-15.83758
-21.63500
-2.26408
-5.97037
2.08909
-5.64031
-1.08046
-28.02256
13.73092
1.87684
-5.74841
4.37742
-5.98038
16.05463
-2.63614
0.67272
6.79840
10.55014
7.37949
-4.87225
1.43375
5.13529
1.89225
10.23897
4.98190
11.40644
5.41344
3.74666
7.29845
7.40613
2.63323
9.02984
4.27404
26.44096
1.94858
13.94514
-7.25847
-2.12579
-3.94477
3.06622
1.74612
-0.51676
-6.23214
25.01690
8.11376
3.58191
-0.59958
-3.01046
7.19509
-1.63602
-2.89830
19.24094
-4.76538
28.16020
-0.10092
-13.35576
-12.45174
12.04388
-16.37287
14.15619
4.89816
-19.04936
7.50713
7.85712
-17.53924
8.61064
-3.77239
-16.32646
-1.52349
-0.90979
3.24571
-9.51284
8.14820
-2.37015
-17.54553
2.88176
12.06597
-0.93000
-9.06634
-3.66892
-4.30365
-4.60364
9.76276
-3.03297
-6.26959
-11.16567
26.04181
-13.64997
-4.92780
-12.85645
10.54645
-7.47497
-0.43235
-1.51471
14.37778
11.20485
12.99605
-13.96534
3.98588
6.53098
4.89734
2.02932
-19.71153
-0.07740
6.17224
-6.65812
-1.16346
-5.90414
-7.63227
-0.17080
3.51098
1.03862
-3.16737
-2.60709
-6.70972
5.85973
8.97596
5.01150
-2.84515
-6.09616
5.16279
-3.59505
-3.93162
-11.23947
9.19839
5.64720
-5.62500
7.49869
-12.36166
-16.91307
5.01433
-5.10283
-3.53192
-2.34042
-0.09105
-4.89828
17.45263
9.21312
15.42853
7.27910
-16.57803
-6.23068
-11.77749
-0.55974
-7.54290
-5.49536
-9.67433
-7.66856
-13.23645
-6.90652
-3.82514
3.90379
-1.28694
-7.02970
4.91738
-1.76107
6.58759
-14.68430
3.40140
8.52113
2.70750
-7.26247
5.97934
-7.88604
-3.47260
-9.30043
-5.64199
-1.22363
9.20502
-3.85425
-9.24982
-16.11347
-2.14066
-11.93520
19.58026
6.78485
-6.15708
-5.41997
0.53374
-18.33451
-14.11554
-8.31713
10.01101
-0.34876
18.70812
2.23131
7.18453
10.54084
-4.06144
-5.90029
-14.10249
8.18790
6.70327
5.29609
-16.60904
-3.33056
7.42814
0.10076
4.17551
4.18632
10.89023
-5.30479
-0.19411
-6.17559
12.91863
8.26979
2.54819
1.21184
-3.34168
-1.51865
13.45368
-2.78261
0.21440
-5.86311
-1.63980
13.05725
0.27172
-1.17125
8.60597
5.83639
0.11409
-11.66736
10.18203
5.98142
6.48699
4.71556
8.86500
3.79958
7.44414
-1.98362
-10.81193
1.06642
1.32424
-14.19660
-4.49280
-4.67827
9.45759
-2.41823
-0.17878
-1.68407
0.77139
-0.30500
-1.21020
6.16732
4.81202
-15.06885
-7.99073
-7.76673
-12.44380
-3.59877
2.46715
-2.18052
9.23204
-2.68155
2.53573
-2.39296
4.83838
-11.25560
-4.25450
6.10195
0.28246
14.26103
-11.37178
1.52186
7.67397
-10.44661
13.25447
-4.43706
-0.61066
5.54026
8.35025
-10.69398
-9.65075
8.94066
-14.91373
-3.10869
9.57570
-8.33756
0.99147
-1.92204
-9.49205
-2.31775
11.07448
-0.98048
-15.15789
5.62863
9.65851
-9.48904
26.59161
17.29988
-10.17368
-5.70956
4.49159
-9.50639
13.49580
-9.38099
10.34102
15.62239
10.16983
-11.94606
-16.26086
-0.45308
-1.46875
-6.60257
8.89285
-2.48459
-6.18832
-6.93418
22.17413
19.20589
-18.42657
-19.49802
-15.31079
0.86313
9.42531
5.44785
8.85299
-4.07401
-2.11555
10.41194
4.92617
-7.36009
-8.49629
7.62305
12.96349
0.40886
-0.01698
14.51287
-18.39581
9.81284
4.82751
6.08536
-17.66712
2.45475
-9.76028
11.70855
-4.62393
3.85558
-2.94546
3.61398
4.10763
1.71167
-1.80207
-3.72353
-9.15261
4.51985
-11.29191
-21.12691
-6.71776
-1.94561
5.67630
-12.53819
-0.30986
-8.67509
10.26662
13.02586
-11.37642
0.37797
-2.13437
11.06632
4.17797
-6.37167
-0.47379
-9.11091
8.18300
11.88363
-2.58690
-4.88634
3.32729
-0.34319
4.16469
-6.13438
15.01635
-17.20928
-6.14761
-5.07105
-15.82039
4.54117
1.01289
-3.97473
-7.36776
4.31011
-2.54761
5.16694
-9.41881
2.26914
-2.29795
-5.86921
-12.54977
-5.35537
5.92056
-9.94933
-12.16510
2.51269
6.46679
7.26242
7.05325
16.25123
-11.31898
-5.27622
-4.18028
-5.87800
8.83510
-9.76914
9.83176
-4.54510
-7.21111
-20.19678
-9.95611
-0.49118
-12.15841
-0.02109
5.39656
6.61580
6.88728
1.39510
3.60938
7.58952
3.80213
8.12143
-17.38336
-3.62409
4.92732
-9.56847
3.84821
21.14821
0.58927
5.56718
9.20696
-15.76615
-1.60965
14.36358
14.95505
5.97725
13.46551
1.56597
0.59594
-1.72730
1.19305
-6.43131
2.92362
1.20625
12.45136
0.00540
11.08120
3.45710
-1.70695
-0.58516
-8.25934
-0.04681
-0.22537
-2.39895
1.12311
-0.60502
-6.42812
-8.30045
5.98430
1.70417
-20.64352
-19.44897
10.61475
-9.13605
-4.82621
8.85453
-4.47573
-15.56598
-3.55387
-1.86928
6.67053
8.72780
-14.98495
-4.78113
5.56843
5.09737
-5.79364
3.22990
-2.54839
-3.12449
0.43451
-3.40436
-1.42136
19.96041
1.77588
-12.07442
-5.18448
5.22357
-5.09438
0.45839
-1.83111
-6.52086
2.54213
-6.20393
16.59199
2.41728
13.00661
-1.72546
-5.78033
-1.16060
-3.38163
5.37180
-4.73242
16.97715
-7.87435
-15.65726
2.35171
17.59079
-3.18217
3.62059
-4.91378
-3.26328
-8.15314
19.54791
14.36292
-4.30734
9.59365
-6.17858
0.16723
7.30360
10.05765
9.35476
15.64065
7.40475
-6.70757
2.92076
4.64881
7.02316
6.16099
8.37017
-10.41456
-1.82992
-10.25888
-6.17130
-6.14641
2.81087
-12.19165
1.81485
-0.49333
-6.50959
9.90961
-9.75624
-11.43748
12.63364
-5.78912
-3.32336
-5.71706
6.82297
12.33391
6.31553
-12.20110
0.44399
0.81221
-4.61499
9.05952
-5.45622
8.47152
8.43183
-1.13778
8.57238
3.23157
-4.00715
-7.86540
-11.17129
-5.09512
2.53146
2.56846
17.17246
8.77096
3.66840
3.71687
-8.96866
6.11670
12.56445
8.15301
-1.06397
-8.44541
5.24718
6.45666
-8.64842
-0.55175
-9.35838
1.19174
-18.30438
0.99314
1.48116
-7.08108
-10.60723
-2.29835
4.19655
18.68771
0.07756
-7.61511
-30.27921
4.86626
2.43978
3.82716
1.67817
0.52513
0.07115
0.10375
2.77868
-2.83267
6.54907
2.64873
-16.90556
0.38805
-3.21242
-3.08662
-1.48551
10.44040
-9.16319
-0.18743
5.15017
-12.97798
3.56754
-3.39169
5.69771
-3.54726
4.54566
9.72901
1.39015
-0.60851
6.22332
-14.55915
-12.26543
-2.84757
8.86755
-1.16849
-8.88398
-12.63791
-4.70085
-2.72901
-0.56675
1.54766
-0.22035
-5.65859
8.97262
5.19822
6.88942
6.99644
-13.55567
7.62531
6.41170
1.02177
-10.35820
-10.40357
-3.40236
-9.10735
-4.29341
-2.07896
-2.15785
-6.81929
-1.20215
2.87818
8.08133
-8.22557
-4.93281
19.19429
4.48299
2.94760
2.24636
-8.32360
10.80823
-10.64806
7.19107
4.74714
-12.90759
9.50581
5.47958
-11.27574
3.28084
12.67012
-1.67702
11.67567
-8.05466
4.50226
-15.59555
-8.23561
1.06036
-4.15868
11.32382
-5.35586
-3.97727
-2.12628
4.79711
-7.91032
-4.03215
7.33187
7.64916
6.46745
-6.53920
22.07526
-1.39550
-7.45940
-10.11568
-2.38310
-9.96179
-11.74435
-7.74120
4.97988
-2.57390
-2.93340
-12.82170
11.55437
-10.00398
-4.08940
-10.33510
-8.05226
6.46478
-9.97343
-9.34297
2.49683
17.54963
-0.35777
1.30797
10.19036
-11.20350
-3.91097
-2.56042
0.25455
-5.48367
-11.89846
13.85333
-11.58742
-9.60617
6.74830
-1.53844
-7.69650
-11.21513
-9.30584
-3.35947
5.31951
13.99873
5.17370
6.69982
-17.55984
11.41304
6.27641
5.90035
2.95310
15.18774
7.98706
-0.48524
7.01187
0.18372
-6.52494
5.34468
0.15688
4.90667
17.80068
-2.84161
5.19865
7.14780
-1.19323
-3.88755
6.11836
10.64180
2.55941
-1.26075
4.01487
-5.21837
13.67072
1.50056
-13.85818
7.74496
1.62997
2.47185
-1.75799
-5.95429
2.75099
-1.67557
3.75870
11.52971
1.54398
-0.06827
3.23657
6.59837
-0.81533
0.08924
-2.78559
-4.37248
5.28740
-12.14355
-2.26800
2.41820
-12.44398
4.47903
6.53659
17.85359
-29.42295
10.36629
7.45797
1.82268
2.03669
4.85133
13.24766
-1.54910
18.75698
-10.28110
5.08405
11.74742
-4.98511
-15.37789
-11.15375
3.59059
1.93478
-5.47063
-19.23579
-9.50746
-7.93705
5.35487
5.90908
-8.52162
-2.45359
21.52051
5.22930
-13.67148
1.00229
1.52522
-4.04925
-13.90172
9.58682
1.44265
-5.50624
-1.27265
-10.41423
-0.13514
-6.52826
-4.62501
2.28967
-5.78711
-2.93317
2.94607
-18.98544
-4.87006
-17.15095
9.86485
-7.13388
-4.01920
-0.28749
16.10468
11.49563
14.43448
-8.42463
7.32532
-4.76653
4.37522
-5.60583
-6.87863
-6.12462
2.98179
8.09646
5.14706
-1.17863
-7.39615
4.55493
11.01544
13.02550
9.66162
-4.49287
0.38103
-8.62056
-9.15668
-10.23761
-1.87568
3.42506
-3.99513
12.88445
1.51648
-3.04051
-4.42412
-11.28167
5.48397
3.74119
14.82561
-5.90113
-4.45096
6.24993
-2.88552
13.24142
-1.67279
9.20194
6.84233
-16.47790
1.19782
-16.91114
-11.58987
-8.50652
0.80178
6.96088
-1.91592
9.12656
8.22549
-0.25841
5.52618
7.01258
-1.50181
4.74610
-5.07368
-3.49209
1.64619
-1.61765
2.10093
20.09402
1.45878
-1.39656
6.71829
4.28267
1.02887
2.25519
3.20356
2.60863
15.58916
-1.24305
4.42218
-1.81835
-10.84674
1.47564
8.63553
6.32010
-4.62811
9.02737
-4.29621
-2.55863
-2.81692
-9.77896
-0.12984
24.00422
6.70328
4.59755
-4.73883
0.64244
-2.38019
7.10867
-0.91080
8.68395
16.98155
3.37070
13.84274
-2.83716
0.77421
11.25327
-6.33443
-9.04700
-16.15152
-13.11773
-15.84420
2.61992
14.43137
-5.73096
4.47516
0.01141
-13.52966
2.68062
-0.50156
-6.28260
4.09143
2.43902
-8.46402
5.69887
-15.96080
-6.01815
9.88583
0.31528
2.32139
0.60009
9.33068
-2.85142
12.41916
3.64927
5.52253
-17.93833
-6.93363
0.88920
11.01816
13.33058
13.53927
10.47394
10.28519
-1.90688
12.54820
7.39944
6.72179
1.69237
11.62023
6.86858
1.86347
-7.43033
12.29816
-6.59563
13.86153
0.63650
5.69405
-4.01306
18.42197
-0.41709
1.07863
6.43243
2.65441
-5.83564
-15.35554
1.47486
1.93003
-14.98001
6.41481
6.74447
13.12582
-13.31274
-3.26347
-10.29523
19.62770
3.88000
23.33592
0.59070
2.20913
-6.68257
8.12112
-2.35920
10.72825
-7.13245
24.42150
-13.04593
0.37717
15.42348
5.54800
-4.46046
-7.59847
-9.72936
-5.29289
7.28874
-21.94109
0.71479
3.68665
-3.09200
-0.62381
-14.43700
-13.02388
-0.18600
8.87019
2.50767
8.78153
6.70008
29.74848
-7.02332
1.86674
-3.75590
-8.95305
3.86615
-7.99812
1.74464
11.45232
25.16028
-2.87137
4.84891
-7.16634
-0.04359
-2.38709
-3.68188
10.75036
4.74663
6.57727
2.55023
-7.84457
2.22857
-13.93562
11.43265
-0.46457
-19.90484
10.20819
-11.86108
2.23241
-3.49997
4.95990
-1.72203
16.41827
-5.12223
3.21998
-3.19954
7.45230
6.36250
-4.02107
-2.72358
0.86147
-12.04771
-2.23846
-4.55247
-13.72619
1.37845
-5.16885
-2.76071
-1.58928
0.72714
3.68078
9.65347
-5.43391
2.85316
-0.60209
-2.15175
-1.56444
6.31802
3.06133
1.83462
-12.11198
-0.26759
-16.53139
-0.57353
1.72239
3.47464
-2.05474
-12.10300
2.41043
5.96182
-7.68036
-10.15880
-16.92036
-2.10140
-4.84590
4.59953
-2.96961
7.95989
-4.49319
-15.77241
-10.74895
2.08413
-9.11996
5.80022
1.30819
-0.39171
0.49648
-14.42990
-6.13874
-8.28926
-12.73214
4.80572
-0.29982
0.64532
6.19024
15.76320
23.15751
-1.04074
-11.47943
7.32398
21.95159
-3.14540
16.80656
20.53221
-4.84373
1.62498
0.96854
6.67119
1.59906
-10.61248
3.18752
14.73712
-1.21926
-2.21907
18.60315
-0.79683
2.33444
24.35750
-7.22244
1.14517
10.70422
-9.76261
5.25839
15.55057
7.34642
2.14628
-1.98466
5.74856
15.45869
11.23569
1.93528
-5.57474
0.35266
-2.05146
9.08016
-1.34514
5.80352
16.45419
6.85298
4.16297
1.29275
-9.82914
8.57246
9.68647
7.04560
-5.82225
-15.55216
3.61755
-2.34797
1.58804
-5.01465
17.43524
-16.77878
-6.61362
-5.46343
-15.79360
10.19314
-9.76980
-14.46342
6.67520
1.57201
9.27888
12.86653
2.99820
11.58408
-4.59041
-5.78061
-25.07443
-7.40186
3.50890
-1.21153
10.96944
6.37859
1.44445
-5.48178
-14.17703
22.40412
-0.57236
-5.78712
3.87627
-6.96041
3.37971
5.99941
2.88464
-8.96670
4.18083
-19.56689
-12.75829
7.32881
-3.31890
11.99970
0.94469
-3.11359
-1.95509
-1.74695
3.25448
-0.62080
9.85734
-11.03730
5.31226
2.89762
9.63973
5.19441
-2.41644
-8.75983
0.11776
5.68619
-0.25395
15.49444
4.87480
-2.21277
3.80335
-0.84815
14.26371
-4.35944
-5.31376
-4.92972
-5.49495
-3.06177
14.22328
-4.80443
-2.60428
8.01214
0.04582
12.57466
10.27160
-4.36331
-7.63687
14.97066
4.62064
7.66042
-15.67021
-21.43884
2.96172
-8.41757
3.02785
16.74412
3.06506
4.24284
-5.84080
-9.10853
-2.70898
-18.67173
13.23158
-6.65702
14.38874
6.97883
25.04001
-8.71407
7.96932
-21.57044
-3.13963
8.32043
-1.89714
16.20473
9.76270
4.94216
-19.92336
1.73107
19.65773
-0.28217
8.48698
9.69018
-20.67658
7.88390
-2.74626
-1.93092
-7.12527
0.80620
-8.73101
10.40835
5.88552
13.96884
-5.62792
0.19847
-7.83264
13.46041
-4.91463
-2.91260
4.50572
2.63473
20.12571
-0.56189
2.50744
12.04350
4.72159
-2.76785
-6.76938
-27.79419
3.28048
-6.06413
0.43471
-13.21560
5.54749
11.39392
-3.22252
8.37208
1.23051
-5.44620
-4.16346
-2.23734
15.21227
5.49298
12.10177
4.36736
-5.15847
3.63030
-1.37717
0.37202
9.23544
6.59615
1.55463
3.29609
24.46055
-3.12983
1.32368
-2.94711
-2.02084
9.79564
-6.58435
-4.29220
-1.31162
12.94657
-6.77782
-2.85886
8.62222
4.30431
-5.29899
-15.67059
19.83747
-5.84477
-2.39664
-10.94929
5.70732
-2.54218
-5.07155
-3.36947
-20.38634
8.29675
-7.32815
-4.67076
11.67108
-5.48054
-5.03323
5.50669
1.68901
-0.73815
3.93521
1.67863
11.00938
4.55411
8.95580
-7.38274
12.50744
6.36681
5.69076
1.06779
3.26658
-4.86349
6.51021
-1.44315
14.29425
-14.31834
10.72662
-9.93433
6.33710
1.45383
-9.99409
8.21720
1.22607
9.24356
11.92652
5.69460
-0.24543
-4.46726
-0.93565
1.13196
7.63039
-3.08940
-3.16376
-15.10190
3.28908
6.49874
-3.26307
16.18052
-8.09362
8.97527
-1.08688
-11.74694
13.53579
15.32123
-2.52332
-0.81991
12.15388
9.16577
8.10001
15.46797
-10.07604
-6.07065
-17.69156
-8.56778
8.26638
13.75272
0.76555
-1.65700
-13.59557
11.52190
-5.01840
7.16835
-7.20409
-2.77143
10.57105
7.87557
-11.44667
7.27454
1.12835
-4.58217
-3.50490
-2.82836
10.98403
-1.45431
-15.10457
7.38521
-6.59931
8.09982
17.81951
14.26866
12.78216
9.68072
3.05497
5.90113
7.15758
8.51588
-1.61056
10.44650
-12.26660
-17.03572
-2.95568
-0.52902
6.75466
12.86167
16.24556
0.54301
-0.43977
-3.07961
4.27927
18.04899
-8.44217
-8.98683
-10.52827
1.02881
-5.86879
2.77059
-1.80408
11.13932
1.21321
5.55035
0.53633
10.10762
4.62800
14.11825
-2.71339
-14.95623
-1.32659
-14.28791
-15.55143
-3.09254
-1.62285
-13.26108
-0.64220
1.28446
-7.44830
11.41774
-10.79305
-4.30824
9.97828
-15.10257
6.81213
5.52825
-15.86814
-3.53518
0.52504
-0.94167
17.55852
-11.51526
0.56416
-1.01524
-10.47846
14.23872
5.80510
12.91595
-5.82353
9.11368
-1.61893
8.88100
-8.45890
