-3.40189
-1.94533
1.73424
-6.08079
1.32824
0.56407
-3.17858
-1.45898
-4.90934
3.49149
-3.80290
0.16530
7.25140
-0.04279
-4.43112
3.26920
5.09024
3.08329
0.82001
-6.96672
-2.42355
1.21326
2.22102
-4.75518
-0.79742
1.20172
-1.51562
-4.86742
1.48098
-8.06781
3.69677
2.88309
2.32980
-2.50084
-2.98819
0.60869
-0.22084
2.72615
-1.97130
4.05940
-7.09306
-0.81721
4.52911
-4.48326
5.51758
-0.33950
-1.40828
1.81506
-6.02564
-1.39293
-2.92164
3.11009
5.89964
-7.33865
-1.02872
2.92140
0.03413
0.35293
-4.99865
-2.05512
10.10481
-6.77560
-0.48254
-3.02702
1.79919
-5.95792
4.42662
-3.01898
1.02592
-0.16525
-3.23902
5.80996
5.32834
2.70834
-2.44586
1.98067
-1.89204
-0.11279
-3.06210
0.77574
-3.76176
-3.09399
-4.91223
0.35701
-6.75493
-1.96740
-0.80395
-0.77546
-5.52562
0.25080
-1.32223
0.18961
-5.02241
-3.17768
1.04138
1.78819
5.23804
-2.61355
5.42145
-0.39637
0.01555
2.94653
-6.23518
1.90844
1.36234
-5.18484
1.39166
2.90461
-0.33254
0.58964
-1.17063
-4.16411
-1.07615
-2.48771
-1.55888
-0.03128
-1.55048
-3.54840
-1.59549
1.69349
3.57238
6.60854
-4.91268
0.25812
-0.15147
-0.48296
0.35897
-1.89915
0.59617
4.08127
-1.47404
-4.40923
6.69432
0.49182
-6.51704
-0.82614
0.98243
-0.13070
-2.93665
2.25723
-2.02358
-0.60641
-1.01322
1.70744
5.10667
-0.62358
3.69136
0.67879
-2.53135
-3.80876
0.31533
-4.23493
2.13078
1.62208
-1.67850
3.22570
0.25508
3.17662
-3.70963
-1.92150
-4.16488
-2.35159
-3.24560
-1.66133
1.23941
-1.76786
0.03149
-3.87448
5.44698
-4.43229
-1.68374
2.93044
7.62875
1.12873
0.12276
5.32485
-1.61882
2.21198
-0.94877
0.33800
0.16184
-4.79637
-4.50634
-0.58182
0.77850
-3.00067
7.25606
-2.21183
-2.00708
2.11419
-2.16422
2.45467
0.19971
-2.09266
5.20965
-2.79702
-1.98765
-3.09909
-2.77102
-1.30708
-0.99834
0.02695
-1.39675
-4.89556
-0.29407
-2.28381
-2.21164
1.32204
-0.06465
-4.80614
-3.48963
-2.53245
-0.08059
-2.86927
-6.20236
4.39748
3.83870
-0.82457
4.42475
-0.69118
4.21181
-6.01052
3.18406
6.75167
2.76138
1.81290
-0.63397
0.27383
0.94638
0.27334
0.51430
-3.63029
3.41397
-2.12680
0.70955
9.19065
2.49171
0.46942
0.95559
-6.52430
1.11097
-1.16890
-0.76438
4.99985
-4.67836
-2.84763
-5.20329
5.89888
0.63881
-3.56344
-7.39126
5.03555
5.92499
0.18772
-5.52521
5.09873
3.00996
3.29364
0.54679
-2.04715
0.12899
-5.93892
2.96467
-1.43391
-0.41838
-4.62785
-2.91528
-2.06133
-0.13087
1.79096
2.93991
-0.59592
0.64321
-6.00456
-3.04690
-3.13542
-1.32713
-0.34616
3.50525
0.32593
1.64509
6.31202
-0.35183
-6.11771
2.91081
-3.08544
3.77677
2.51660
4.22793
0.87501
0.72558
0.82096
9.25886
-0.93800
0.80610
-0.62260
-4.03831
0.00570
-1.84777
3.97637
-1.16655
-3.32377
-0.36116
3.15155
2.76219
1.28939
2.14385
-0.72558
2.49913
3.44636
8.75091
-1.09676
-3.62460
2.47923
-2.17966
-7.61941
1.25790
-0.09881
-4.71849
0.47149
-1.63350
2.02709
2.74514
1.51529
0.62744
-0.93871
1.44120
4.32527
5.26656
-1.20605
-8.67370
-1.75234
0.19103
10.48509
-4.92588
-1.08112
-3.52946
-1.43597
-5.27381
-0.49455
2.26296
3.87061
5.87319
2.13749
-1.50706
1.39811
2.92891
-4.29647
1.54714
7.67699
-1.58443
2.48550
3.37226
5.44669
-1.72763
-1.23779
-8.64409
1.24687
4.47693
-1.14967
-3.88873
1.95336
4.76209
5.24245
5.99961
2.08972
1.53809
4.33510
-6.26345
-2.15563
-6.12100
2.35627
-0.96945
-1.69055
3.26526
0.43398
4.31401
-0.16466
0.16410
-3.55552
-0.18257
1.11216
-0.67465
3.17344
1.10292
1.15595
-0.16341
-1.53594
-1.37673
-2.28916
2.94869
-1.29398
-0.12628
5.56066
-4.58215
0.94174
-2.89953
-2.77360
-0.79217
1.66075
0.88832
2.47946
-1.59476
-1.17749
0.04762
-2.48257
4.18629
-0.65244
-1.75093
-6.55777
0.79402
-0.21569
0.21231
1.68061
-3.37929
6.60260
4.27920
4.53408
1.10387
2.23174
-0.73184
0.65863
1.75577
2.49100
0.56040
-3.05440
5.24287
-2.25199
6.27700
0.76227
-2.66934
2.04663
0.25639
1.65758
1.00069
1.25842
-2.73558
-0.40487
1.18343
-3.79423
-3.55201
-8.42006
2.14098
1.40897
-2.20190
0.91131
-4.36594
-1.73010
5.28009
4.32058
4.63184
-2.23440
-7.39475
-2.33877
-6.04834
2.30848
3.66253
-4.82705
-1.09908
-1.18671
-1.29514
-1.49726
-3.35516
2.83363
0.09896
-0.75347
0.38284
5.84953
4.55833
0.58066
1.42377
-2.17994
3.46798
-1.23523
-0.55165
2.88837
-0.58557
-1.34897
-0.83299
0.98941
5.65808
-1.97887
0.15279
0.80828
-3.86759
3.05875
-0.07650
-3.63854
7.64269
-1.26811
0.61920
5.63907
3.47504
-3.46462
3.64357
1.59174
1.62061
0.89126
-1.30475
3.81169
-5.44482
-0.18836
1.40468
4.29042
1.47230
-3.73187
0.70106
-3.57591
-2.27620
1.29565
2.00030
0.90147
1.42832
2.41954
-8.75289
4.54529
-2.38488
-2.39284
0.22775
1.93201
0.88766
-2.72384
2.04718
0.34612
1.40865
-1.62507
5.16806
-3.68713
-10.30478
-4.01501
-0.72882
7.26637
1.44144
2.87087
4.48858
-0.63086
1.83866
-0.07397
-2.44000
-0.38665
-0.45852
0.00542
3.85730
2.22093
-2.30013
1.78395
-5.29309
3.89490
-2.23055
0.50192
0.36078
-0.48342
-0.06827
-0.38269
-0.77924
-3.05506
0.31695
1.42385
4.74566
-1.73994
-0.49870
-3.39879
1.54523
-1.96150
4.35632
2.83330
3.56183
0.01273
1.36613
0.45735
3.76596
3.64700
0.57736
5.52431
-1.03945
2.81977
-1.51548
1.73257
-2.31189
-0.64092
7.97383
-6.04852
-0.65569
-3.41503
-0.81086
-3.92207
-2.74439
0.26870
0.32362
-0.95959
-2.91516
4.76282
-4.64832
1.25741
-1.01422
-4.88929
1.07484
-5.67611
-5.25283
5.48233
2.01828
4.46487
-1.42735
-0.46769
-3.23099
-0.34888
10.50948
-2.56279
1.84495
-1.34822
1.92783
-2.31542
-0.12746
-1.10810
-2.47375
8.35740
-0.72058
-2.89732
3.72488
-0.00255
0.87474
-0.15938
-2.64764
-5.41909
-1.64737
-0.48047
-3.24307
-1.28477
-1.85159
-2.86489
-8.97749
-0.98176
-0.09789
-3.02489
2.34665
-4.05826
-2.66327
4.41252
3.58870
1.78134
-4.90392
0.96699
1.69697
3.81176
-4.10495
3.52268
2.55336
-3.50074
-1.22495
-1.73329
-4.10320
0.32273
0.32264
1.98822
-3.96900
6.06609
1.37626
-1.35296
-0.86171
-1.03217
-2.04861
3.05348
-2.52926
-4.21487
0.20272
2.22635
0.66279
-1.72231
-1.15321
-4.74533
1.63386
2.91746
-3.54863
-1.49209
0.29007
-0.83957
0.48511
-1.54605
-2.20784
0.45492
3.25513
-2.08455
-3.46031
-0.02926
-4.10314
2.01202
1.81014
-0.24549
-1.07917
0.69193
1.78184
-3.37312
-3.17490
-7.39334
-0.41810
2.57934
0.22771
-2.47204
2.79450
1.37185
2.94063
-0.23661
3.09793
4.52553
0.51666
-0.28158
-1.06600
-0.16044
-3.77937
2.25971
1.48592
0.33279
-3.09934
2.39786
0.02293
0.33596
4.03647
0.34810
-0.31451
2.49064
4.43784
0.82975
2.34376
-2.95844
-3.24374
0.21398
1.40297
-2.25881
-1.91761
-5.86723
2.98586
-0.31971
-1.41091
1.93089
0.52845
-2.10579
-1.79792
3.77452
-4.59802
3.82470
-0.85114
2.75990
4.59067
5.86345
5.95409
2.86826
-2.49568
1.38834
-3.92476
-3.81270
-1.20754
1.28538
-0.26700
-0.46123
-0.33618
-4.74197
-3.28475
4.08863
0.43509
4.06229
-1.48884
-0.42267
2.22098
-0.29057
0.81048
4.46046
1.20453
-8.82766
-3.02724
-3.70394
1.46651
-4.96817
-2.21104
0.54318
1.94747
3.11242
-4.30912
-0.58928
-0.74648
1.60317
-3.54446
4.86547
-2.20537
-2.30960
-2.10470
-2.77631
1.63015
-2.76120
-1.29151
-4.63959
6.61466
0.03935
10.01642
0.17742
-0.43952
-3.93680
3.19682
-2.62919
1.12296
3.28738
-5.07729
-0.88304
-1.55976
-4.88199
0.58385
-4.78165
7.04159
-1.66441
1.18932
-1.96668
4.25192
2.73255
-0.61295
0.91951
0.93215
5.29348
-6.74997
0.51016
1.95114
-5.48747
-2.75932
0.40552
2.44042
-2.18527
-2.41101
-1.00031
7.61443
2.38883
4.59893
-3.54037
-3.27151
-2.79582
-1.87421
-1.33278
6.29113
4.33680
-5.13408
1.83619
-2.29220
-2.69061
-0.83386
2.37112
0.58714
-5.77257
-0.84178
2.43575
2.78536
-2.55752
0.10560
-1.65484
-5.47694
-0.66390
-0.86059
3.55178
3.13083
2.63177
-2.27925
-1.40069
0.88818
0.74377
-3.74459
3.26578
3.11223
0.41083
-0.39343
-2.03565
-1.01556
3.67131
-0.86434
-3.07274
-3.78972
1.17822
-2.69848
-5.47196
3.91179
3.18095
-4.41882
-0.34068
4.33061
-0.76521
-0.38762
1.80546
-0.60714
0.55434
-0.34353
2.23127
-0.94021
-0.25642
2.53290
2.38372
3.09906
0.17841
-2.28787
-0.15155
-0.33340
1.69067
-3.80340
-0.33451
4.61058
-4.45282
-3.61693
5.17395
-1.83749
-0.87550
5.79360
-5.21546
0.96472
-5.04043
-0.55216
-1.67204
-0.85655
-4.06849
-5.59024
1.78993
5.12915
-2.14503
3.62214
0.64576
6.32495
-2.81059
1.96490
1.46764
-0.51598
2.65923
2.79921
-3.58285
-0.67592
0.26041
-1.55831
5.31605
-2.36272
-1.96482
3.16338
2.49485
-1.74560
1.38043
0.40557
0.38471
1.77354
4.83943
-2.16434
-2.39678
1.74224
-3.62513
3.73406
0.04491
-6.20868
1.35223
-5.33350
-1.31455
0.18596
-4.80286
2.90294
0.09220
5.03170
6.04796
3.00297
-1.81390
0.15219
1.28321
0.68342
-2.97019
-0.33972
-0.52503
-0.75359
-6.03218
0.25019
-8.56120
1.77940
5.60841
1.18651
-1.83264
-4.54615
-2.68787
-2.01042
1.26545
-2.51650
-5.20567
-1.84227
-2.18699
0.91015
0.78097
-4.46326
-6.96136
-10.39608
-3.06683
-1.80787
-1.65884
0.47563
1.64613
2.66233
0.88697
1.35679
0.28268
0.20464
2.84744
0.68093
3.54132
2.95979
6.16206
2.31300
-2.26350
0.60515
-1.98166
1.48666
1.81056
3.53899
0.02201
2.60668
1.22190
0.60533
1.97224
-3.96537
0.30475
-3.92189
-2.86822
0.36943
0.83729
-2.78018
0.12946
-2.82387
3.76092
-1.45637
0.23804
-3.21532
-5.40903
1.99555
1.91845
-2.01659
-6.76599
2.33807
3.99932
4.18941
-2.76937
2.02323
0.36848
-2.41844
2.63276
0.50589
3.59108
-4.37576
3.63999
1.22174
2.47939
0.27515
-2.40091
0.05170
3.15370
1.06232
-3.61998
-1.05393
1.13147
1.87114
-1.79375
2.66889
-0.23134
-1.80525
-5.57961
-0.55710
-1.06947
-3.02845
-0.15521
-0.31667
4.28017
2.94420
-0.45507
2.29463
-10.39341
0.09010
1.78336
-2.22289
-0.74848
5.25466
-4.26649
6.79782
0.24776
0.34210
-2.87616
-0.14191
1.85518
2.40101
-3.82807
-1.43608
-0.22162
-3.97277
2.24888
1.43010
-0.28170
-2.19839
0.77787
2.00422
-3.41340
-2.89920
1.56859
-5.62235
1.68584
-0.56815
-1.29037
3.07730
2.27593
0.47746
3.32276
-1.93436
6.50359
-0.71938
2.72770
-1.69011
3.92173
2.17062
2.74038
1.54882
-3.34488
4.22593
-0.60414
-0.50348
-1.97775
1.59937
1.97086
1.86973
1.91401
-4.95970
-5.26932
-1.15936
-4.82178
-0.07303
1.08508
-1.86148
1.64024
-0.30916
4.39975
-7.02094
2.57752
0.84353
-1.39804
2.21194
-1.75522
-3.29161
0.82797
-8.77706
4.46263
0.86159
-3.56387
-2.85196
0.40872
-1.57373
0.42167
-0.35100
2.47532
-2.04745
-2.02181
0.08255
1.13596
1.60214
0.83262
-0.41631
4.92975
3.33483
-0.98055
-0.02631
-4.19163
0.54209
-3.81280
4.96613
2.26393
0.81900
-3.20564
-5.84101
2.20630
-2.23726
4.58575
0.32006
-4.02132
-4.76570
-3.35151
3.53405
2.19866
-3.50858
0.25077
-2.81258
-0.64336
-6.60444
-3.38251
1.51888
0.31506
-3.01352
0.67028
1.42837
5.58129
-0.83182
0.01898
2.71135
-0.38191
-2.02424
-4.80129
3.73869
-0.48289
2.78063
1.32005
0.35996
2.00203
-2.72621
-2.41518
-1.10419
0.74726
0.75402
-5.15086
-0.13474
-0.83649
3.35645
0.69739
1.20172
4.13521
-0.62314
1.76354
2.15253
3.18271
0.16744
-3.19567
2.13684
-0.69121
0.31161
0.41617
-2.41308
2.69081
0.22931
-7.82971
-3.92596
-1.52902
0.54687
-3.61545
0.91178
-1.98932
5.14828
-3.24328
1.32198
-5.51561
-3.71601
0.07669
-1.86550
1.04801
4.97333
-1.40496
1.37236
3.27536
-1.70801
0.52104
-1.96564
1.69924
-1.06147
1.57473
4.37729
1.12400
-2.18254
6.29657
-3.52472
-2.50462
-0.54440
2.49696
1.25422
5.43519
-2.57281
-2.58782
1.57769
-3.50683
-0.81040
3.09835
3.72043
6.58903
-3.85820
1.90956
-0.13960
6.02069
-1.05246
2.76796
5.33669
1.24017
-1.92529
-0.12556
-0.28702
-0.23654
0.20166
-3.60796
1.40863
1.35515
-4.92709
-0.39389
-1.09634
-0.52591
3.48121
-0.95662
-0.22718
-1.31513
5.58817
2.11538
0.72372
-2.89329
-1.34143
-1.77154
-0.78813
-2.98622
-3.13448
-2.55802
1.05198
-2.63680
-4.68498
-1.42311
3.01315
-4.53254
6.50736
2.60016
1.83027
-0.54571
1.57176
-3.05282
6.26968
2.34829
2.64278
0.41736
-0.42306
1.79827
7.21037
-2.80230
-0.55138
-5.59769
0.55517
4.26795
4.70091
-0.24049
-4.76420
0.66026
-9.21095
2.22293
1.71138
-1.77905
3.95750
5.51458
0.70346
6.52581
1.51200
1.46437
2.12808
-0.99394
2.09844
-1.96826
0.28780
3.66681
0.62158
-1.69335
5.80163
-2.93985
1.82826
2.03819
-7.62357
-1.14368
-6.88229
6.62619
1.60807
-0.18906
-0.99454
-1.10827
3.42207
-1.33487
0.30483
-2.65948
8.86308
-2.78409
-2.44024
0.68328
-4.29432
-1.40162
-1.16653
-2.48829
-0.39897
3.36362
-0.09351
2.91293
1.39468
-7.46640
6.45025
1.77642
2.37394
1.59482
-0.08075
0.97941
-0.04078
3.92589
-0.60253
0.40147
2.18343
0.39349
-1.23683
-2.68572
3.16732
0.38140
-4.51321
5.06872
2.56859
0.30253
-4.59195
-2.28150
-1.06326
-3.89710
1.58333
2.01168
-2.09835
-2.92982
-8.21888
3.05830
-0.89171
-5.07461
-1.96969
-0.60662
-2.93689
-1.00534
-6.77098
-1.91507
0.79201
0.79649
-4.92839
-5.33168
5.08419
3.00316
4.13585
2.00041
2.13810
2.75672
3.62341
2.02756
-3.67230
3.41417
8.50313
0.16140
-2.00753
-0.55905
3.05097
-1.15718
-4.73080
5.29321
-1.61415
1.90184
3.30370
1.77189
3.77623
-0.62832
-5.00216
4.62304
-4.28075
0.94364
2.43053
-4.17494
-2.21780
1.15626
-0.80219
0.67247
2.05335
-0.45482
1.38733
6.05579
-1.29781
5.63966
1.25019
1.75679
-4.13854
-0.79102
5.51709
2.55429
-5.35881
0.39592
-1.29290
-2.66962
-0.45972
0.40290
0.43964
0.04546
-1.89031
0.13638
-2.02663
-6.25616
-0.16242
1.06916
-7.21078
1.89787
-1.99411
-0.39080
0.49742
3.86254
-0.01257
-3.69066
-0.72072
-5.36261
-0.08120
-5.64777
-5.92941
7.05683
1.45417
1.36535
2.67959
-0.95790
0.13669
-0.74421
-0.56012
2.09570
3.31888
-2.03091
1.64142
-1.91276
1.10414
-2.31199
4.94733
1.43298
1.42467
-0.79346
-1.14065
4.29446
3.40922
0.92043
-3.03081
-0.23828
-4.95762
3.10050
-3.33586
-0.79436
-4.21322
-0.30619
5.06960
-1.89906
0.22973
-6.97924
1.28573
-3.27643
3.56044
-2.20193
-3.26801
0.94669
1.77442
4.46557
1.43823
4.17797
-1.18864
-0.39580
-1.30315
0.79735
-0.54581
0.66798
-2.14709
-1.77759
2.16750
-3.30072
3.29966
-2.31766
2.58303
6.01593
-3.28725
-1.51388
0.33894
-3.96680
2.39936
-0.97581
1.53231
-1.83990
-2.32187
-0.41111
-2.90748
-4.02334
0.80832
1.72076
-3.41794
2.54340
-0.22804
4.81508
3.44683
1.79922
-1.45280
3.95062
3.39200
0.95254
-1.86094
0.64965
1.52391
-3.24134
0.65602
-1.21193
0.03720
0.81842
-3.09643
-1.88677
6.91827
-1.55136
1.64511
2.26869
-2.24126
-4.22354
-1.32755
7.47527
0.21753
-3.19034
2.29161
-0.55247
3.68749
3.09763
-1.76717
-3.89699
-0.82180
-4.81286
0.19720
1.08287
1.41669
0.62575
2.50976
1.20902
-0.23158
-6.18034
-0.06334
0.65164
-3.34415
-0.14814
-2.52818
0.23766
-1.81940
-0.40627
0.54980
1.87361
-0.80223
0.19993
3.97111
1.77649
-1.07765
-4.28937
3.39560
-0.76942
3.56475
2.06395
0.80351
6.33120
2.23367
1.56786
0.66808
-0.84593
-1.26340
-3.43388
-2.97471
1.02545
2.54087
0.83644
-0.45793
-0.98996
-2.72537
2.17254
-1.08187
-1.95885
1.91966
-4.11437
0.56144
-3.08823
-3.28879
1.70464
0.01910
-3.74321
-1.74228
3.42054
0.64390
-1.61224
-3.59226
-1.46388
-4.12940
1.42097
-0.11824
0.39096
-2.99808
-0.16485
0.50381
0.09652
3.40478
0.46635
4.65780
1.00791
-1.07452
2.28025
8.56164
-2.72057
4.55965
0.30667
-4.92342
-4.09327
-5.51751
-1.55433
-4.58249
8.27067
1.72500
-0.09863
2.02721
-4.65140
0.42393
-5.05100
-2.95306
4.32991
-2.99789
1.06167
0.62304
5.66248
2.37783
2.68863
-0.57323
1.69711
-1.60608
-11.49123
4.91848
-2.47270
-0.34814
-1.47382
-1.40458
1.36875
3.10277
3.56209
0.90910
1.13097
3.93808
1.30899
-3.01715
0.61743
-2.25846
0.17216
-2.43180
-1.45935
-0.04240
-3.48560
-0.21310
-2.97550
1.97085
1.85091
0.58587
-1.86432
-0.90051
0.56888
-2.97595
-4.14063
3.69562
2.92587
0.71645
-2.22246
-2.03597
2.21383
-0.95863
0.49171
1.91656
1.16147
-0.39059
-0.91112
-1.24059
4.90373
-1.22411
-3.58092
-1.21954
0.06704
-3.67860
-0.89085
-0.32712
-0.02276
0.84325
-2.57590
1.98056
3.23289
3.06573
2.15323
7.39363
1.92737
-3.82382
2.47809
-3.83436
3.98172
-2.08673
1.03722
1.97506
6.40087
2.58946
1.74911
2.26031
-5.71940
-3.46532
0.90852
-3.19322
0.53759
2.61928
-3.68279
1.12293
2.46114
2.93748
-1.29938
-2.84878
5.47191
-1.98413
-1.50338
6.54963
-5.15519
3.10690
-1.75199
-2.29404
1.28632
1.37847
2.06069
3.34359
0.42089
4.85674
-5.00538
-2.42775
-0.05382
-0.80802
-5.33935
-1.89771
-5.31819
-3.53803
4.33056
4.42435
3.16517
-0.78124
2.71327
1.05850
4.13845
0.68131
0.39296
1.61557
4.39278
0.63716
1.14108
-0.41520
6.90389
1.07257
3.62798
-2.72450
0.21293
3.68424
2.29088
4.14055
1.53296
3.06430
3.52068
6.54255
4.83029
-0.25828
-1.65159
-3.92697
4.65742
-0.49322
0.35509
4.06835
-5.19458
4.70116
-4.55050
6.44435
0.26366
2.10772
-1.63832
-4.38277
1.92091
-7.38387
-4.71539
0.69071
0.40538
-2.45585
-1.94941
1.00679
2.66944
7.97151
2.30025
-0.97989
-0.54598
-2.51459
2.95957
-2.39132
-0.37243
0.58935
2.10437
2.88173
-1.09226
0.25838
-1.95724
0.62304
-0.58455
-1.60448
-3.16504
0.92013
-1.02429
3.23528
-1.03623
-1.61033
1.11907
1.09735
-1.63607
2.02426
2.14081
-0.74606
3.60604
-3.84118
5.86555
0.56834
-1.32247
1.66972
-1.84532
-3.06254
6.39495
0.35717
4.59250
-0.55377
-4.62687
1.80266
-3.90599
6.86132
6.40849
-5.08662
-3.43821
3.04008
3.50580
0.75388
-5.71889
0.61164
4.51980
3.21184
-0.15701
5.88252
5.10518
5.45726
3.50027
-0.78080
0.74984
3.01239
1.99689
-0.95844
-3.91022
0.81287
0.48640
8.76450
2.31866
10.36540
-0.06344
-3.92193
-3.02459
5.23071
3.76556
-0.53276
0.81731
5.39537
-3.07773
4.43181
3.02280
-2.36298
-2.55235
-2.46244
-1.02781
-3.43672
2.69854
-1.03175
2.38063
-3.31243
-2.06811
-2.78123
-3.41453
-2.39194
-1.13992
-1.31286
3.81198
-1.85659
2.94192
-5.72924
-3.95374
-3.05391
-0.75737
-1.81337
-2.62831
-1.48271
-1.05516
-3.83223
-3.29804
-5.78766
-6.39545
-4.97570
-3.83582
-2.17766
-4.92196
0.41055
2.87743
0.80022
-2.04656
2.74022
-6.69560
1.10218
5.86691
4.15134
-1.38020
-4.11983
0.62973
-0.42862
0.02729
-3.08647
-0.55135
-0.34862
5.07515
-4.68004
2.64158
-2.42889
0.48551
3.16862
4.05971
-9.17290
-6.23773
4.81065
-2.91506
-5.63551
-0.38370
-0.42371
1.51841
0.06832
-3.92250
-6.39554
1.07773
0.28135
-2.02717
0.10701
-1.48237
-4.90862
-6.46651
1.33455
7.17757
-0.88513
-1.14516
3.61033
-2.84338
1.70017
-7.91694
-0.22650
-4.29069
0.70980
-1.22977
-1.88797
4.36194
-1.83153
-3.96587
1.56841
5.54066
-0.81749
3.64225
3.36225
-3.76089
-1.26636
-1.47835
3.34065
2.68932
0.63819
-1.45641
6.70800
0.65171
-3.81118
2.04046
-4.63694
4.04424
4.13872
3.44436
0.53872
2.93697
1.73099
2.74125
-2.48144
4.15218
0.02724
0.63190
-2.46293
-2.83560
2.94178
7.53498
-5.71023
-3.88854
-1.99975
1.71241
-0.82278
1.74456
-4.78831
-1.01738
-1.92904
-1.07813
0.66100
2.28058
-0.37774
-0.47343
-1.22182
-1.72441
4.03260
1.82763
-1.40757
3.34109
2.02291
0.24873
0.81083
-5.60652
0.45242
-1.93119
1.52033
2.23989
0.57628
1.06129
-7.07776
5.68879
1.68319
2.44019
3.06337
0.08672
0.75694
2.97489
3.72091
-0.24390
-3.21845
3.00487
0.02722
-1.83564
3.55500
-3.53973
-0.20466
0.00846
0.16677
-3.83238
4.82420
1.06295
0.50133
2.88595
-0.17591
-1.69591
-2.59618
4.36948
-2.02417
2.86350
2.79442
5.80040
-0.08039
-2.33557
-1.72915
3.94156
-2.44097
0.56487
-3.27661
-0.00198
0.23864
-3.44277
2.73863
0.16047
-2.02634
-0.88163
2.86973
-0.66554
-1.14552
6.62710
1.11197
-0.42909
1.66913
-1.05975
-4.69464
0.34376
-1.05557
-0.35154
-0.80556
-0.86994
6.59359
0.49855
0.27279
-8.41292
-3.10693
-1.87395
2.47747
-3.68934
-1.84220
0.05951
9.02639
3.11978
0.70312
-1.37967
-1.33855
-1.54018
-3.58626
-0.05973
-1.80117
4.60456
2.16964
-5.71408
-0.61585
-1.92425
1.61809
0.16803
-3.64276
-4.93640
3.32490
1.29497
-0.95259
2.51815
-5.51706
3.34603
4.42675
3.00765
3.51820
0.66167
5.49750
-4.90008
3.43375
0.20527
-0.99932
-0.90475
4.40961
3.31926
-1.31950
6.25093
-0.20862
3.89621
7.38721
2.02794
2.14334
-0.23841
2.90310
-1.97893
-0.89634
1.06974
2.11131
-0.25991
-0.76930
-2.25153
4.98911
3.54179
2.84064
-1.58772
1.08483
0.81323
-5.17495
-2.36355
0.36160
6.35418
-1.37178
0.60696
2.09983
-5.17475
-1.23186
6.91259
-6.28016
3.89912
-2.91573
-2.03064
-9.98958
1.08721
1.76999
-0.68346
-1.93237
1.67384
-3.33113
3.98346
-1.62794
7.71785
4.48693
-1.50812
-1.66533
-1.58738
1.53213
-2.78269
0.51241
-5.90622
0.21597
2.19459
4.63672
-1.28674
-4.30385
1.01713
-0.86573
-4.49855
-3.62149
-0.42055
-0.95461
2.28349
0.99260
-1.86232
-2.49932
-3.66334
-3.16736
-0.44367
3.21504
-4.35614
2.47892
-4.15563
-2.28396
-2.48652
2.71387
-0.31058
1.99342
-1.83447
-2.58108
-2.31006
1.24216
-2.00758
-0.10770
-2.33205
-3.30327
-2.31600
0.14825
2.75379
3.71806
-4.61952
-5.65844
1.12167
-3.33305
-2.53066
0.06246
3.57989
3.71677
5.48098
-0.46387
4.10314
-0.04599
-3.76774
0.84834
-1.53781
-4.14870
4.35313
2.52234
-5.90854
8.05419
-0.16338
4.53779
-2.24970
-1.82239
2.47165
1.55132
2.30074
2.90814
-1.37903
-1.62725
-4.99121
1.83464
1.00895
-1.90376
-3.95777
-1.39854
-2.02116
-1.47950
0.10373
-0.07198
0.28073
0.28622
-0.80895
-4.11846
3.06920
5.57152
-2.56908
-6.82102
1.13583
2.00838
2.56786
5.16696
7.34631
-0.93674
2.63733
-1.72468
2.58453
-5.39281
6.77228
-3.69335
-4.24127
-1.27900
2.21493
-3.74041
-1.94365
-1.54956
-2.17538
-4.55301
-2.25634
-2.61148
-2.96421
2.21387
-0.11692
0.44722
0.41232
-0.03649
0.98113
-2.32396
2.76127
-1.37334
-3.63495
-3.38544
-0.76326
-4.05044
-4.18781
-1.68177
-1.03796
-1.68253
-0.46425
-6.01468
1.79204
0.98099
2.05494
1.79538
-3.46594
-1.04026
-0.50700
-5.82344
-0.59032
0.77310
-5.18008
1.62972
-0.17889
0.64238
-5.53068
3.35162
3.75917
-1.60471
3.22262
-9.27385
-2.57778
5.61743
1.24805
-3.83182
-0.07359
-1.20158
4.05257
-1.04827
0.13109
-6.99783
1.80005
2.79731
1.43864
-6.02558
3.77332
-8.82482
-3.39155
-0.59297
-0.48433
4.84895
0.05383
-5.62965
-3.99809
1.44292
0.55921
-5.36506
1.16136
-3.90349
-0.36621
-1.33713
1.39475
3.45749
-1.26232
6.94531
0.17754
3.78699
5.08221
-2.10364
1.99081
-4.74621
-0.13386
0.16265
0.55742
-0.89779
0.65503
-1.03438
3.91245
-4.48237
-0.24868
0.74999
1.99989
4.91776
-0.48330
-0.87734
-3.14348
0.52945
0.63036
-3.09052
-2.84130
0.08263
3.30963
-1.58224
-3.65471
-0.79843
3.74091
2.66668
-0.73442
-4.94645
-6.34284
-2.10391
0.00421
-2.45035
-0.71037
3.58609
-8.49401
1.62436
-0.95931
-0.38945
1.54261
-2.50906
-2.84694
-1.75768
2.19351
5.26998
7.00479
-2.59059
-2.28037
-1.16802
-1.22404
-7.00208
-7.19283
1.38865
-3.18343
-5.71270
1.93916
-2.47977
3.73570
5.09442
0.29956
-2.42424
-2.54378
-8.70733
0.86309
-1.47871
1.70365
-4.95484
-3.08092
-2.49786
1.62030
0.67784
0.43138
3.59072
-5.45765
-1.88483
-4.31390
5.98306
-0.54290
-3.88621
1.10527
2.50548
-3.21217
1.18352
0.60436
0.49861
1.36701
0.26782
1.04624
-2.72087
1.17724
2.07931
-1.24529
-1.41603
2.19742
-0.53322
-0.08686
-2.78109
-0.18034
3.97488
1.29722
-0.23225
2.35614
-4.50361
-0.41502
4.57659
5.50288
3.25867
-4.90310
-1.81763
-0.84172
0.29117
-4.49526
1.72623
1.97806
0.85096
-1.13473
4.52474
-2.52889
0.67977
0.32624
0.62733
6.88819
2.71513
4.76080
-4.60281
2.22162
7.49752
0.26549
5.17735
8.14868
-2.02878
-3.35186
-1.46536
4.06433
4.25305
4.09245
-4.69084
0.98058
5.65852
0.86697
5.50114
3.99192
-4.92752
-2.16801
-3.90608
-2.69781
-1.96025
-0.97375
5.86874
-0.71556
2.35529
2.06350
5.41976
-0.91689
1.49575
-2.63614
8.00472
-3.61053
3.32805
-1.17355
2.08190
3.26117
2.79824
-1.00758
2.99322
-3.06821
-3.97047
1.74450
-0.90556
-2.45786
3.41812
6.35498
-1.51927
0.63019
-1.56933
-0.21383
1.23057
3.23411
1.58191
0.48589
-1.38640
2.93513
3.09477
2.04054
-4.69071
3.21001
-0.39686
3.70680
-0.87355
-1.85669
-2.17711
0.35883
2.83662
-1.42171
-0.66387
-1.09458
1.57257
3.97622
-1.83996
-0.00778
-7.06858
0.25139
0.88923
3.38754
3.02504
-1.89202
-0.70761
-0.39768
-5.03137
-1.73284
0.56705
-4.56840
3.09790
-2.93587
-5.55684
0.93903
3.74453
0.87157
0.30922
1.08645
-0.53077
8.83789
0.09871
-1.40375
-2.46074
0.69358
1.44892
-3.24983
-0.32008
-2.27072
-3.22239
1.12570
-1.53135
-3.73589
-5.34865
2.38899
3.85158
-0.55016
5.14417
2.71679
3.19346
-1.59434
-3.54607
-1.02728
1.58827
1.67619
-2.87905
-3.28938
-4.30890
1.80464
-2.25208
2.78614
-1.24443
-2.81185
-1.25494
-1.32991
-0.70703
1.64037
-1.37093
-2.36534
-3.29015
1.37073
2.16472
-0.82983
2.88241
0.09240
-1.78374
3.48249
3.98559
-3.08481
-1.59254
2.84921
3.33596
-4.82808
-0.19463
-2.14460
2.61643
2.72038
-2.09641
4.42432
3.03553
-1.55226
2.17244
-3.89940
-4.34700
-0.78628
0.02875
-2.76945
-4.01136
4.88802
-2.06292
-4.39322
2.20702
-1.92651
-3.70768
2.07221
-2.34374
-1.24957
-1.52739
1.30888
6.90578
0.71908
-0.39396
4.76790
-1.19744
1.91543
1.10723
-0.66558
5.78475
7.44550
0.57190
4.82454
1.48226
-2.42469
4.19579
-3.95670
-3.67665
2.07620
1.55712
4.41393
-2.91173
-0.61601
-0.55160
-2.84684
-0.95329
-5.71768
1.72408
2.08525
3.92063
4.22122
1.45776
-9.69900
0.35360
-0.24324
-1.62469
-4.23270
1.28040
-0.49462
-0.82006
-4.39817
1.17140
3.21946
-4.27454
0.28483
2.43781
-3.97914
-3.44082
-7.55642
-5.79810
-6.09307
2.59567
-1.87665
0.49453
0.88577
1.20336
-0.00973
0.79308
2.09962
-2.07241
-0.24097
1.04384
2.64750
3.77526
3.21422
-8.85471
1.18162
0.41092
3.66765
-4.22090
1.23380
-1.55359
-0.20255
5.21666
-3.84588
-0.58085
2.37304
-0.75276
4.79953
2.21786
3.32038
2.99938
-3.27742
0.08282
7.18367
4.38381
-2.94252
1.57012
0.09057
2.58446
-2.13423
4.37038
1.26961
-5.08775
-3.71135
-0.20858
3.35945
2.24416
1.90889
2.02172
-1.07627
1.58570
-1.84747
-3.09927
3.67878
1.44571
-0.90868
2.83457
-0.99734
4.02752
0.32143
-2.98697
0.84471
-1.41360
-5.61505
-2.49814
-3.00048
-4.38262
0.84215
-3.76916
-1.60102
3.18009
-2.31056
-2.83912
-0.33632
-0.82678
-0.11184
-1.36058
0.94160
-5.09096
0.42040
1.69153
2.30234
0.79397
2.58803
1.00915
0.52602
-0.25688
2.19789
-5.47635
1.98776
-2.11989
-4.20082
0.52280
-4.57597
-3.21730
-0.52479
-3.75670
-3.12175
-1.84451
0.07428
-3.07363
-0.12420
1.60361
-1.75340
-3.43168
-4.40839
-2.34244
3.02755
0.27915
3.78465
0.96764
4.01710
4.48843
0.29295
-4.76607
-2.61226
-0.95968
0.84666
-1.85340
-0.45098
1.83924
1.22966
-0.35775
2.32706
3.92629
1.42445
-1.61826
5.46932
-2.62884
1.11502
-0.68672
5.65057
-3.74717
0.64943
2.05512
0.21018
2.73669
-0.40649
-1.12674
0.54841
-0.48855
-1.12912
0.18704
3.36144
-1.70913
4.16733
-2.20117
-0.64968
0.30992
-0.11279
-5.01859
-4.87728
-3.28581
1.08855
-0.93874
3.47760
-1.21892
0.11475
2.30080
0.15681
1.07241
-2.40782
-4.17539
2.87096
-5.75703
0.75995
-2.32107
2.39069
-3.28245
0.20679
-1.61774
4.30309
-1.20542
0.32627
2.03169
6.58277
1.68508
-0.16021
1.14202
-2.17213
-3.67522
6.24583
-0.75466
1.77520
1.46101
-2.43074
-0.37530
0.46834
-2.94867
-3.98740
-3.62687
0.47807
-2.57902
-3.25799
-4.02475
-0.54482
-6.72220
-3.05990
6.44147
-0.32295
-4.44048
-2.47498
-2.12158
-1.10344
-4.54738
-0.80724
1.81852
1.61277
-1.14959
4.67227
-1.61340
-3.57865
-0.80562
2.49039
-5.25795
-1.76402
0.59000
-2.38724
0.74463
6.16539
-3.92444
0.64524
3.10433
-1.27367
-0.32036
4.51968
1.73319
-0.82156
-5.08770
-0.65936
-2.25131
3.93316
-5.48827
2.26823
-2.87114
0.20016
4.11943
1.89348
-0.79198
1.81268
3.36272
-1.53004
-1.06515
4.52981
6.39786
-3.02404
0.42178
3.96516
-0.96008
0.24674
0.37103
3.24361
-2.68213
-3.85172
-3.15616
0.06842
0.73156
3.17017
-6.24021
4.33941
4.22596
2.01497
2.01179
-4.50399
-1.58366
-2.10046
-4.78542
-4.70184
4.02202
-3.66567
7.01697
1.84062
-5.28900
-2.10597
4.12697
4.07360
2.35576
3.24378
2.70763
-1.22635
1.90507
-1.19203
-9.20881
4.36644
-3.79412
3.57178
-2.87672
-3.95288
3.67598
2.42463
2.39008
2.36846
0.17466
3.35009
-0.09084
-2.68160
2.20237
1.22325
4.43442
0.68464
-5.82308
-1.41340
4.24654
4.10891
5.61526
2.73945
5.49311
1.52054
-5.28970
-2.45759
4.05987
-0.62309
3.22241
3.17063
-0.09378
-0.99767
-3.35034
5.27085
1.68425
-1.81350
1.31533
0.53675
-2.26884
-2.60413
-4.05831
-3.43085
2.10975
2.27101
-0.21732
5.31738
-2.94967
0.64098
-0.71328
2.31260
5.45526
-1.64900
-1.46919
-1.68029
6.29869
-0.43399
1.23286
-3.94777
-1.36701
-5.08633
4.27180
-1.70036
0.45489
-0.11909
-1.64934
0.87149
0.59393
0.79293
5.92247
1.36331
-1.00606
-0.36853
1.70153
0.01487
-4.44564
2.69626
-1.67344
2.18178
-4.23346
2.68202
-0.20713
-0.76136
-1.30552
-0.44474
2.35703
0.87685
0.44710
-4.75127
-0.44691
0.13026
0.64786
6.02371
-0.41454
1.12620
-0.37691
4.89294
-0.05626
6.23621
-0.36403
-5.53717
1.99497
-2.97591
-0.34578
-4.75205
-0.92700
0.75236
-7.27182
0.41082
-2.40288
-6.33692
0.50019
1.69348
-4.76338
2.96376
0.49913
-1.16380
-6.26986
-1.33128
-3.53257
1.27739
-2.28097
-0.55866
-0.85338
-0.31547
4.96488
-2.03951
-3.05314
-4.83603
6.39367
-1.40921
-0.50813
0.37276
-1.84214
6.54177
2.40164
4.28164
1.07105
1.75357
-0.57196
-0.93082
-4.95501
-1.52743
-3.56139
-2.50574
0.88268
-2.65865
1.13663
1.94329
-0.67639
0.28409
2.43225
4.26738
2.55043
0.83283
4.06656
-2.48641
-0.93047
-1.05890
4.13887
0.44681
6.13871
3.83078
-1.18048
3.81949
1.74062
2.44583
1.43025
0.87677
4.43361
0.47321
0.19939
-0.74244
3.53080
0.41989
-2.74295
-0.78712
4.79599
-5.39682
-6.35869
-2.69921
-1.06535
-2.12728
2.51141
-1.04323
-1.05241
0.25933
3.00157
2.69717
-0.97534
-1.53757
1.98208
-2.53158
-1.27109
-0.95700
8.98245
0.07349
-4.35676
3.19897
-0.95322
2.65242
3.39216
-2.51404
-1.44998
2.63539
-3.24939
-5.69138
0.56850
-0.81915
-0.45590
0.47821
9.08308
-1.89923
-3.13637
5.07658
0.40838
-1.14169
0.93183
0.56718
0.65223
-0.18013
-0.74370
2.89801
0.16398
-4.49994
-3.18664
0.89320
2.56098
-2.22124
-0.30272
4.04256
-2.61897
1.05449
0.39267
-3.52556
-0.86795
3.02946
2.56347
0.46886
2.36055
4.53067
4.73383
-0.54404
-3.91088
0.14774
-0.67991
4.28641
-3.14153
0.21043
-1.99941
6.51631
4.96338
-1.56372
1.61929
-3.96254
4.78723
0.90953
-6.30217
-4.21452
-0.80476
-4.63693
-2.79434
-1.68645
1.05006
1.18926
2.94898
3.60476
1.89187
0.60872
1.26875
3.41232
0.47565
-0.88416
5.87000
1.20766
3.34611
0.37064
6.93200
-1.68268
-1.87415
7.45071
1.76619
-0.98671
-1.36376
0.37664
1.58539
-1.27983
3.52690
0.61984
-2.40146
-1.55902
-0.21051
-0.48516
-4.63325
-2.29062
1.54558
-1.78766
0.39553
2.19155
2.35008
4.06072
-3.30428
3.54919
2.49783
-5.10789
-1.33648
1.01985
-7.18810
-4.65682
-5.19686
0.56073
2.99825
-0.54605
1.32676
-2.50623
-1.89299
-3.44627
0.42706
-0.82073
2.36626
0.28885
2.80684
-1.01306
-1.40600
2.15485
-3.80525
-1.58529
-1.75042
-2.44301
1.00745
-1.09829
-0.75921
1.79462
-2.03099
-0.93329
0.27875
-2.20409
2.78862
-2.33680
0.15296
2.93256
-6.00188
1.55603
-0.03268
2.21055
-2.30195
1.23619
-3.00554
0.30200
3.41952
-0.87241
-0.24873
2.12876
2.62275
-2.82185
-3.10677
3.80869
4.78217
1.24182
-2.52075
-2.46399
-2.08040
0.59144
-4.04305
0.85652
-8.27673
-3.18688
3.54193
-0.99179
1.63781
7.98305
-0.33090
2.81810
-4.33180
-0.79175
1.95373
3.21603
-5.01357
3.54594
-2.09023
1.32973
-2.61422
-1.98591
3.24908
-3.73070
-2.72856
3.98446
-6.50495
-2.93352
-1.10292
-2.60768
3.06338
-1.70735
-0.56939
2.07728
0.67314
0.23904
-0.13614
0.91525
0.66120
-6.86627
2.35191
-4.68284
2.98806
4.92181
0.06783
-0.12122
-2.61837
-2.46585
4.03023
0.86526
0.89295
-4.54073
-2.82333
2.64621
-1.72965
0.39395
2.85973
-2.36874
-1.85714
1.42731
-0.03930
1.11244
3.03875
1.36231
-2.28410
3.59205
1.27520
-1.81155
-1.01162
-0.13360
-2.52493
-1.27667
-3.38313
3.84097
5.49089
0.74686
-2.80199
2.31224
5.40703
4.61534
-1.29923
-1.25192
1.72943
-1.46519
1.33701
2.81481
4.15317
5.82303
3.20665
-3.81792
-0.12694
-3.90916
1.10842
-1.22342
-1.61532
-1.83635
-4.64612
3.26014
2.73057
-1.17724
-0.83529
2.92055
-1.74836
3.48077
-0.94571
0.01112
-7.27405
-1.13200
-0.36592
-2.26031
-3.92375
-1.06831
3.96026
-6.52779
-3.77461
-4.15974
2.23957
-3.37112
3.71112
1.16357
0.96851
2.19722
-0.84810
-3.33853
1.16911
-1.84593
0.00413
-4.03817
0.26187
-0.56661
-1.71568
-1.76597
2.90805
-2.97190
-4.89390
0.90822
-5.56220
-2.99844
-0.32911
1.02547
-1.33025
1.18264
-0.31377
7.66794
1.01763
0.61385
-1.12946
2.43751
-0.62208
-4.01383
-0.05146
2.70435
3.34518
3.34412
7.00764
-1.78085
-2.19516
-1.90550
0.25470
-8.07214
0.00562
4.73121
-4.01188
-0.26638
-2.86921
0.37829
-1.04048
1.85116
0.59093
5.92613
-2.52565
2.09255
-7.03472
0.37372
-1.22119
3.74701
3.58430
-0.33672
-3.11213
1.64195
3.41507
2.65497
2.72460
-0.64047
-0.47632
2.74001
-0.43785
-1.69045
2.04588
4.18059
-4.20585
-1.80067
0.49121
-0.40638
-1.88689
-1.22415
1.23207
-4.80124
1.25973
4.66826
5.08507
-4.65421
1.18510
-2.07964
-3.74544
-2.82204
-1.16194
-3.37599
-1.11738
-1.89833
-0.57810
0.57383
-8.65532
-2.13570
2.87745
-0.68245
3.23852
-2.13560
1.53601
5.03918
-2.42963
-3.29150
1.37620
-0.79555
3.45915
3.87793
3.20191
0.61788
3.64066
2.86597
-2.77611
-3.62230
0.49707
-4.13364
-2.59735
0.18140
-2.85577
1.08395
-0.08428
2.64668
-2.83959
-0.00700
1.60098
2.19176
1.84243
-0.50750
1.31890
5.70293
0.35384
4.56984
-4.56618
0.74681
2.00302
2.89469
-1.62437
-2.54815
-2.31534
-0.56616
-0.08361
1.87206
-9.07098
1.01146
8.12613
-3.47186
2.95794
-4.49185
-2.55211
-9.16650
0.73207
-0.35478
-0.47848
-2.31358
1.09902
-7.12881
2.83037
-3.71498
-0.71075
-0.34858
1.86748
-2.02074
-7.44285
-3.24164
-3.79713
-4.60182
3.20802
1.30001
5.46538
2.54551
4.50247
3.50397
-6.50132
-7.77724
-0.79008
3.03568
-0.39779
6.30577
0.07197
3.12002
-0.92970
2.90418
0.80976
-0.41202
6.97021
0.46330
1.38670
5.96819
-1.38179
-0.35683
1.60621
2.65433
-2.73168
-3.81538
-2.83553
-4.45023
-5.06189
-2.98311
-0.96208
-5.15758
3.91889
0.02835
-0.78723
1.70241
4.98514
0.28808
-8.23461
-4.09997
-1.19321
-2.80085
0.41986
3.82965
-6.47133
2.85564
0.86950
6.45227
-3.36206
-10.03367
-4.34449
-1.86233
2.35427
-5.52348
2.02619
1.24676
-0.75865
-5.97902
-1.41961
0.88813
-1.13820
-0.44378
-7.09949
2.12466
-4.31248
0.59549
-1.05297
-0.84660
-2.18277
-1.57140
4.18784
4.21905
2.57014
0.53284
-0.22473
1.80007
-3.69892
1.98340
-2.32746
2.76703
-0.02219
4.23352
-2.90042
-0.21647
4.85046
3.81871
0.48411
2.18509
1.68957
-1.46865
3.42698
0.94759
-4.51968
0.55278
-0.70565
5.48821
2.60907
-1.02546
6.11681
-1.53776
4.87048
3.17143
0.68588
0.60049
5.08507
-0.18820
-2.55170
-0.80251
-3.16071
-0.74883
-5.37364
-6.17739
0.85244
-4.39662
3.29287
2.57251
-2.87829
-5.73627
1.74839
-3.49294
-1.16748
-0.13458
-0.14442
-5.21193
0.37280
0.58521
1.07560
-2.52624
2.30980
5.02875
1.52374
-2.25448
-2.76874
0.82487
0.71645
-0.59077
-1.87297
-2.63372
-5.81736
5.60141
1.02505
-2.96458
5.73138
6.42402
1.00700
8.80831
0.83636
-1.10573
3.18432
8.23739
0.87896
0.06765
2.36980
4.72456
-6.49519
-1.43678
-1.86604
-1.64353
1.64799
-0.33917
1.07590
1.20880
1.19435
2.72956
-5.03976
7.33059
1.70939
-1.30585
3.51767
-1.25792
-0.25674
0.65784
2.90978
-1.60134
1.86427
-2.06379
-5.38640
-2.52208
-1.63036
-0.26494
-1.74458
-1.76043
5.29233
-0.06588
-2.85335
0.25985
-1.03909
-0.20920
-6.50019
-4.31776
-5.70806
0.01122
-0.41350
-2.10392
1.74590
1.79384
-1.66374
-2.86827
2.52057
-4.16205
7.98629
2.14769
0.46201
3.22464
0.71348
-1.73827
-7.95297
-4.79016
1.27211
-1.08271
-2.74125
-2.07667
1.70358
-0.84191
-1.48600
3.49802
7.45188
-0.30805
7.28048
-1.26734
-5.55130
-1.10622
1.25584
-0.60690
0.30301
-6.48547
-1.44822
0.21086
1.22150
-2.90318
-4.30645
2.65767
-2.81800
0.78611
-1.48195
0.81529
0.46832
4.40664
4.29933
-6.44893
-2.01553
1.94594
-1.92722
-4.60694
2.36937
-2.46999
-0.93205
-1.54415
-1.29726
4.22458
0.40548
2.09288
-2.00566
0.40697
-1.20476
-2.46062
-1.27488
8.42201
-1.25102
-0.62999
-10.01577
2.34390
-5.46966
0.69565
0.56281
-1.07305
6.32137
-4.63478
-4.47074
-1.05171
-0.49086
2.13187
0.56308
-0.74972
3.95298
1.55638
3.99660
-0.28721
5.02141
-2.40786
-5.03640
-0.84353
-2.81445
2.07654
-1.41426
3.77954
-2.78352
1.11866
2.97385
-0.75952
2.22055
1.31210
0.10893
-1.01986
1.80206
1.69499
-2.33433
1.87246
4.78944
-2.90917
-1.23190
-1.98881
-3.39150
4.07967
-1.96583
-6.21785
-0.34348
-8.12235
2.72662
-6.44334
-4.68424
-0.77165
-0.14080
1.66207
2.93534
1.96311
0.90989
0.63138
-3.78592
3.56304
4.18311
-2.38561
2.26566
1.36044
-1.48362
1.72141
-1.81375
-3.60193
1.99486
1.80875
3.27680
-2.83216
2.04151
-5.16183
-1.17559
1.74583
-0.57446
-1.50837
-1.84054
1.44010
-3.65759
-7.19626
-4.12445
-1.77800
4.11502
2.37037
-3.36816
-0.93927
0.57772
-3.94834
1.92935
2.73757
4.40745
0.84841
-4.86884
-1.91309
4.88705
-1.66629
-3.62072
-0.05221
-4.33920
-0.63310
5.93651
1.18157
0.31039
-7.77936
-0.21295
-2.01163
1.12095
-2.67085
-2.94926
2.25787
-5.45073
-3.56554
-4.62065
-0.13766
3.86222
-2.30122
-0.78251
0.38923
0.12744
2.05504
6.01377
1.80968
1.57901
0.99834
-1.79661
-2.64019
4.13247
-2.49514
1.96837
2.26740
-1.86138
2.36050
-0.30492
-0.26188
1.62719
0.15349
-4.61266
5.06827
1.84027
0.78122
-4.39779
-4.33100
3.09976
2.62748
0.21924
-2.90509
-3.76285
-0.63642
-1.19779
-1.92988
-9.48111
3.40983
-2.56799
1.83147
0.81955
0.46089
-2.06665
-4.21630
-1.77677
6.53109
-2.06996
0.75895
-0.56568
-0.39666
3.25441
4.34572
5.54821
-2.31042
5.77562
7.57858
-3.81180
3.74585
2.31264
-2.80813
-4.69297
3.54469
-3.95148
-12.03381
6.55594
-4.71863
2.08551
-1.38536
-3.95559
2.26587
-0.62670
-0.34717
0.22187
2.86390
-1.41094
-1.57546
2.35489
3.01555
-1.88985
4.69379
-2.37826
1.79377
-0.63393
-2.36602
0.18133
-2.30693
3.86456
-1.01863
7.49480
-3.82660
-0.08115
-6.87826
-2.57554
3.18034
-1.79941
1.63913
-0.72709
0.55518
4.71889
-0.65541
4.44631
-1.77214
1.56535
-2.80372
-0.42171
0.79486
-1.09389
2.31068
-0.26705
-1.93529
1.15882
-1.28972
-0.30861
-0.09470
1.57722
0.27548
2.20865
2.93224
2.99221
0.72372
-0.27541
-3.84367
-0.22932
-1.09031
0.36467
1.34047
1.27382
2.38196
-6.56378
-1.64139
3.21791
-0.68282
-0.50796
-4.80100
-2.13220
0.20121
0.15016
3.41694
-0.80795
2.53941
1.69380
3.39192
2.44891
-1.57534
-2.99356
-0.35249
2.55943
-4.83554
0.62189
0.41656
1.49504
1.84246
-0.47553
-0.39432
-2.54603
2.97408
3.31217
0.14629
2.78559
5.80387
0.64178
-4.43509
0.68878
0.51020
-1.41495
0.58016
-3.31520
4.31628
-1.00515
4.77237
2.08910
-0.81092
-1.65799
-0.34136
-4.03566
2.64761
1.43542
0.34130
1.77325
1.98276
0.79603
4.13472
-3.19982
0.09474
2.65777
3.51900
-1.36091
-1.42767
1.55880
-2.97312
3.65485
-4.27412
-3.51329
0.67546
1.82194
1.43834
-1.68243
-2.19989
-2.38948
-3.32445
-1.60782
-4.01972
3.28200
4.32357
0.11033
-0.05500
0.99971
2.28137
-0.18620
2.38612
-1.52981
0.46845
0.37901
-2.13390
-1.18914
2.14363
-4.45895
-3.93928
-3.64226
-6.77572
4.29633
4.15686
2.48143
3.78349
0.06474
4.65423
0.22810
3.55384
-0.29136
-5.36157
-0.59047
1.73544
-3.84903
-1.58194
2.03695
-1.66655
-1.60984
-0.04753
-1.73635
4.11985
-0.51347
1.20035
2.91459
3.02442
-1.82583
5.59646
2.57976
1.83947
5.35023
0.00104
-0.63165
3.21401
1.87966
-6.52705
-2.07444
1.97909
1.47291
6.51918
-1.86833
-4.39125
-0.51175
-0.62749
3.85700
-0.05274
4.06838
-2.95588
3.10138
9.05128
2.95114
0.47269
1.05926
-3.46567
-2.36687
2.59422
0.17808
-4.19389
-6.66470
1.05885
-1.94644
5.28556
2.05110
0.58507
-0.92471
1.38026
-0.60952
1.00457
-1.31834
0.66301
-8.75638
-4.49111
-0.86169
2.23314
-4.11680
-2.69329
-3.27287
-0.20524
-2.82301
9.05124
-0.76975
1.80230
2.89068
0.36767
-3.69367
4.23115
-3.03785
1.94289
-2.14921
-1.21012
1.65452
-5.18611
-5.07150
-1.88752
0.13200
-0.08407
1.38035
5.65741
-0.77364
2.43694
-0.97409
-2.24555
3.92020
-0.74841
7.73507
-1.74111
6.96573
1.13377
-3.07006
-1.72564
-1.35837
-1.21022
2.01782
-4.80433
-2.26021
-0.96181
-1.36336
0.46539
-0.58255
-0.74178
3.77676
2.08647
-7.29786
-3.31760
5.16961
1.32658
3.74781
-2.46955
-6.55405
0.99944
10.37819
-0.08640
1.27855
-4.18370
-2.42865
-0.90966
0.93525
2.85854
-2.70238
1.46762
1.45472
0.15149
-2.36517
3.02337
0.85478
-1.18803
2.57070
0.43946
1.99977
5.10719
-2.32816
4.03392
-1.88719
3.19141
-1.06093
3.89616
-1.48951
-3.64006
-0.72051
-0.18563
0.25619
-2.31383
-3.74242
1.61282
-0.99263
1.18720
-3.10237
-1.73884
0.03982
-7.53686
3.18117
-2.88561
1.32435
-1.97090
3.46369
3.09810
4.27250
6.82875
-0.38668
-0.37248
-1.78666
-0.82183
-2.66198
-2.72528
-2.08977
-1.02441
3.22964
-2.33941
0.53095
5.51634
-4.02239
4.75519
3.27570
-7.23006
3.53700
0.48786
0.50475
0.45297
4.37916
-1.03763
0.54695
1.92478
-1.81588
3.92168
-1.23482
0.86177
1.17329
-0.30297
3.46054
-2.12234
-1.12577
-2.46511
-2.98379
1.27793
-1.61823
0.45784
-0.43516
-1.19536
-1.35459
-0.28785
0.54654
8.52687
-4.30558
-0.94959
0.18317
-2.13340
-3.48300
3.95169
0.08935
-2.64119
-1.87580
-0.68109
-1.76313
2.03981
-2.31282
0.13660
-0.14198
1.69296
-0.56165
0.56689
3.51533
-2.29642
-4.69890
0.16814
1.65819
-0.51190
1.69686
2.18772
-0.22334
0.36502
0.87753
-4.61702
1.15156
1.28352
0.22127
-1.02800
1.59429
-2.74495
1.31932
2.97114
-0.16808
-3.92589
4.12621
-2.59194
-4.30487
0.21704
-3.00725
-0.17790
0.15440
0.86627
-1.58079
0.00724
-0.87602
-6.55407
0.98872
2.62026
-2.52710
-2.38291
1.36767
-1.07716
-3.75667
0.19882
1.64908
2.91478
2.88788
-0.97106
-4.02837
0.93904
0.81499
-0.63764
-3.02174
-4.76777
4.71528
1.09962
-2.37396
7.33241
-3.53387
8.04477
-2.57253
-0.98149
-1.72730
-1.50603
1.47587
0.88873
-3.45862
-0.21827
0.35688
3.96041
0.09842
7.52510
0.43382
3.79183
6.82100
0.65645
1.31356
4.93335
6.82276
-4.33537
2.93621
0.67258
-0.45494
-6.66714
2.18976
1.14088
-1.40213
1.54038
-3.77748
4.08119
-5.95660
-4.33958
-7.86948
-3.06740
0.54298
-4.23229
-0.64047
-4.04081
7.90237
2.71881
-4.49587
-3.76961
-2.27455
-2.33654
-7.36898
3.60923
-0.66638
-6.26634
3.23664
8.02618
-2.32895
2.20660
-0.27897
-3.81813
2.48425
-0.68690
-1.37558
0.45292
0.76368
0.54397
-0.78680
-1.72003
-2.68791
4.81750
2.47364
1.95193
5.42259
2.20244
-0.79939
-3.34576
-2.44429
-4.01542
-2.56247
-6.08491
-8.19010
1.65126
3.07137
-1.06883
-4.12394
-3.17436
-3.71199
-2.90927
1.97583
4.71775
-0.00999
1.87600
-2.33289
-0.26828
1.80129
1.16596
1.57340
4.24476
6.28529
-0.81019
0.33406
3.22965
0.48111
-1.49085
1.94473
-0.27043
2.13019
-0.96693
4.98375
3.46978
-2.60744
2.97280
3.34063
4.32918
3.92148
-1.01381
0.38797
-0.16862
-1.71709
2.58000
1.26434
5.62229
-6.83828
1.47662
0.34194
5.29525
-4.61136
0.00830
-2.23935
-1.38324
2.51512
-3.28728
0.43855
-1.10805
-2.39739
-3.83978
1.10372
2.19273
2.89673
6.01086
-1.53467
-4.44911
0.13870
0.49761
2.69052
-2.34731
-0.41693
5.23559
5.74543
0.48917
3.47902
-4.91151
0.93878
-3.74542
-4.42982
4.70582
3.12809
0.74930
-1.62831
-0.12973
-4.15777
-7.07035
4.00735
1.19418
3.95020
3.30205
1.49618
-1.21012
1.01124
-0.77664
-2.80904
0.09735
1.90492
3.20678
3.64369
-3.96800
-1.67233
-1.94542
1.62205
-1.81380
4.83270
-0.61845
-1.72990
-3.78467
2.03228
7.52753
2.76607
2.10436
2.90002
2.33976
-3.10781
-2.53743
-1.92272
-0.33008
-1.70775
1.99772
7.32846
-4.76171
-1.41729
2.12673
0.73273
3.79477
1.94658
-0.02711
-1.90327
2.09240
-7.57077
-2.48778
2.68474
-4.15077
-1.41184
-6.02311
1.85490
-4.14026
0.39414
-1.45191
-1.18217
-2.46582
1.67286
10.47266
0.31251
-3.10569
2.59975
3.23135
-1.89021
0.16536
-1.46503
-4.05557
-0.56959
0.56648
1.06545
3.16631
-1.97234
0.11696
2.43763
-0.36049
-1.13837
-8.25925
4.21226
-2.86601
2.94412
4.08890
0.25503
-1.88091
0.44321
-0.32900
-0.37611
1.13566
-6.67226
0.03442
2.05330
-0.54531
-0.90147
5.10462
-3.54818
2.49560
2.70967
-2.00316
4.20050
2.77919
-6.26763
-4.10142
-1.55190
0.55539
3.47357
3.53012
-0.10070
2.46663
0.86436
-2.34320
-2.50646
-1.06444
-3.75370
4.79099
-3.09085
-3.53991
-3.70570
1.71177
3.94209
-2.11092
-0.86490
-4.55646
-4.34824
4.26612
-2.20939
1.09744
10.24313
-3.65323
-3.87599
0.18107
-5.83061
3.85495
1.74888
-4.89673
1.56275
-3.49856
3.03724
2.44732
2.21282
-1.64225
0.47820
-6.66066
1.17013
-3.32897
1.64369
-1.07108
-1.13691
4.63661
-2.53468
-1.96189
-3.67533
-0.61987
-4.39582
-1.83737
-3.51478
-3.81552
5.32995
-0.87916
-2.56425
-0.61776
-1.71491
-1.28681
-0.51515
-3.67149
6.00528
0.27972
-1.70243
0.43943
-4.36872
-1.06587
0.72758
-1.28081
-3.76786
-0.94035
2.17068
3.73517
-4.45792
-1.52723
5.78863
2.20417
5.05729
5.84835
1.49864
-3.43119
-4.86839
1.02416
2.10913
-0.69747
-0.20587
-4.22304
-2.46822
1.35071
-6.59390
-2.06167
0.70760
4.35708
1.46755
-2.88004
-0.65089
4.25891
2.30937
-4.78865
1.54330
-2.38382
-0.72256
-2.93912
0.36292
0.82269
2.81974
-5.84324
5.29881
-2.47039
2.69921
3.52074
5.80052
4.97323
-1.29591
-0.75791
-0.98746
-2.41789
-2.84471
-0.97427
1.89915
-4.12119
-1.70710
0.41679
-0.58356
3.52516
-0.74729
0.82815
-5.45118
2.09615
4.60569
-6.48290
4.69914
0.12885
-1.31699
2.02886
0.29735
-3.65825
3.51170
0.74772
2.45751
2.75463
-4.63255
0.09174
6.36297
3.42810
-0.93317
-2.57865
-0.70820
-4.13165
-3.57472
-4.60407
-2.42594
1.32675
1.42649
0.36672
-3.03743
-1.65951
0.17914
-7.30841
1.78242
-1.75975
1.98357
-0.20116
0.80283
2.07070
-4.01250
0.50924
3.21898
-5.27352
1.62010
-1.20091
-1.61966
-1.50532
-0.84939
0.65958
6.38938
-0.92868
1.38052
-5.26619
-3.99771
1.83943
-0.39848
-3.36340
0.31337
2.37468
4.87003
2.54569
-1.19644
6.06568
0.74285
5.35533
0.34255
-2.84884
-4.54800
1.60014
3.15261
-4.35873
-5.12462
-0.88616
0.82965
-1.48306
-1.62579
-1.40654
2.05851
0.12414
-7.10219
0.09969
-4.75543
0.37995
-0.80652
-0.86639
5.93154
-1.05181
2.09176
-1.83926
-1.60740
7.74868
-1.79615
4.54758
0.40399
-4.99022
3.63846
-2.86363
-1.51199
1.35039
-4.04210
-1.37227
0.81519
5.49921
-6.16390
4.74569
-0.48902
-4.40351
-3.37343
2.68097
-3.33977
1.07132
7.27895
-3.56255
0.81757
-1.19218
4.41408
2.84270
1.06291
0.30322
1.32223
0.84273
1.53509
-0.85644
-3.43972
1.14999
1.78814
1.99842
0.15535
-2.07955
1.90429
0.60622
-5.20292
3.64044
-1.62000
0.26955
1.15188
0.48894
1.92026
-1.88821
-1.69589
0.48893
-1.12741
-0.93424
3.34339
-0.18369
0.82758
-8.15756
-1.69851
-1.26826
0.22579
-1.71621
-0.22864
0.02488
1.82547
4.19421
-1.08846
2.81465
-2.07530
-5.48584
0.04188
4.52875
-4.84942
0.15916
-7.47223
0.43535
3.50297
4.80792
0.94046
-1.52615
-2.33764
-0.39785
-0.63333
4.84226
-0.53095
0.27199
-0.91329
-3.29385
-1.99557
-1.36931
-1.18833
0.53538
-5.26283
4.38299
2.41147
6.33045
2.03075
-4.91725
5.52481
5.16835
-0.87504
3.01651
4.40811
0.79822
-0.32641
-1.33824
-1.87651
2.30012
-4.60927
0.04501
1.66287
-3.33107
6.89835
3.66154
-1.08008
1.12858
1.44927
-2.35991
-2.44791
1.15845
3.65441
1.86784
-0.34068
4.99792
-2.12720
-3.89061
-3.03329
2.17410
-0.07483
-1.70368
-1.23007
0.57815
0.28575
-1.97813
-1.45260
-0.21536
-4.66106
-0.24506
0.88074
4.87954
1.12816
-2.85212
-3.29645
7.64837
0.93417
3.69058
7.06167
1.11818
2.42380
-3.43682
0.14901
3.30154
2.63876
-2.82470
-9.73577
-1.39225
3.24708
4.14071
-2.76835
-2.19019
-2.78150
-4.75621
-0.29283
-1.28774
-1.23039
2.86971
1.49131
2.09988
-0.17452
0.94945
-1.67430
6.37688
3.08736
-0.53985
1.53679
4.44499
-1.59009
-0.42302
2.58006
0.93693
-1.07297
-1.60586
-0.58479
5.55501
-1.98193
0.56072
2.88883
7.19029
1.02263
0.41868
1.29399
1.28543
-0.66599
-0.12383
0.52369
-2.89097
-2.46832
3.44119
-0.30326
-1.05402
3.61166
-1.95143
-0.85784
0.28812
-4.05900
4.78807
3.08772
0.68815
1.57124
1.33077
0.42777
0.07372
2.68687
3.22394
0.99852
-4.08216
3.85065
-3.90434
0.26731
-0.05348
3.17114
3.07601
-0.64468
2.06432
-4.44768
4.48185
-1.58587
1.22103
-3.79004
-4.51862
-2.21598
0.70586
2.63565
-1.32347
-1.03822
6.26241
2.99447
1.22732
-1.85354
-3.97834
0.12189
-2.17792
1.06615
-0.71828
1.74937
-4.69269
-1.29531
-6.16021
-8.52917
3.09652
-1.87984
0.56988
-0.10042
6.61340
-1.65985
0.40530
0.28102
-1.45966
-0.68947
-1.41983
-5.95212
-2.20880
2.11439
-2.80538
-3.69400
1.80601
-1.25181
0.94034
3.20899
-0.65762
-5.66535
-1.47312
-1.81282
-2.45847
1.48924
4.20968
1.25222
-2.57129
-2.38935
2.64360
4.81138
6.40736
-1.69414
-0.17077
-3.52120
1.88294
-4.92738
4.03481
3.77120
-2.42032
0.68904
-2.34661
1.44985
-3.13249
-3.52404
-3.45775
2.07338
0.12280
-0.33390
-3.75756
1.95707
1.36429
-6.71275
-4.38704
2.21885
0.22897
-0.43268
-4.08886
-1.74212
-4.66789
-3.94698
1.28697
-3.04401
1.37519
-2.83803
1.52229
1.58081
-0.64423
0.62045
12.42442
-1.82492
-5.93475
-3.77141
-0.49758
3.92295
4.73477
3.94482
0.80496
-3.76747
-3.47710
0.44866
-0.64712
3.84121
-4.98163
-1.59900
-3.09575
-1.37112
4.06627
-0.92383
-1.44439
2.40531
4.10228
-2.39407
2.61472
-2.91950
6.84056
-0.28249
-6.56722
0.49478
-0.63342
1.75760
-2.95203
-3.21223
-2.64556
-1.25158
-3.19328
2.36471
-2.99814
-2.04694
-1.08337
2.11278
1.13681
5.78295
1.27381
-2.51845
-0.14554
0.22957
0.50374
2.29316
3.58328
-2.56639
-5.80663
2.40351
-0.20590
4.29676
-0.81962
-4.52140
-4.05498
3.36666
-5.43976
4.41400
0.78033
-4.54400
-5.63664
-0.87170
-1.93274
-2.20141
-1.22850
3.20402
0.99212
1.57628
-2.39931
-2.03326
1.53553
1.12860
1.23420
-3.55519
-1.45099
2.49982
2.08656
-2.99349
3.08586
0.68927
-2.10011
1.89804
-2.48562
-2.20351
1.15035
1.12116
0.72989
3.84087
-6.39470
-0.92605
8.21776
-4.61423
-3.82692
0.40256
-0.35816
-0.06620
3.34185
-3.48438
4.02218
-5.39772
-1.24246
2.22124
1.92950
1.50292
1.54598
-2.04099
5.85724
-0.01413
-2.82276
-2.97594
-1.26659
-3.86040
4.15999
-0.98603
-6.86360
0.75618
-2.68659
-2.54309
-3.92277
-2.83557
5.28185
-1.80894
-0.28043
-3.17315
0.01839
0.63720
4.39277
-1.05743
0.78930
-1.55856
5.21970
0.82357
1.66448
0.88756
3.33452
-4.28777
2.51481
5.15647
-3.41219
1.66048
-2.66674
0.30296
-5.65880
-5.54433
-0.97027
-2.37480
5.26496
2.82181
1.90308
-1.16350
0.41170
1.33764
-0.47437
-1.51076
-1.37534
-0.05738
-3.63247
0.46852
4.36899
3.56309
-0.80536
4.93770
-0.09238
-0.61922
1.19590
2.66597
2.37752
2.40319
-2.75674
1.07407
-4.47431
-3.36906
-0.09466
0.62577
-1.40046
1.42968
-3.04937
-3.75092
2.92135
-2.95722
1.07211
4.45081
-1.27663
-3.49729
3.36432
0.19994
-0.17490
2.88016
0.05722
-2.09786
-3.73482
3.78341
-1.43012
0.16902
4.70594
2.22351
0.18152
4.76382
-0.52514
2.28118
5.37466
2.69433
-1.40776
-0.07946
2.20319
3.78874
0.15450
-0.32435
-4.84604
5.71788
1.71199
0.63053
-5.13301
-2.03125
-4.54136
0.37073
-4.55903
-5.44509
-5.52161
4.13799
-1.46137
1.40219
-2.87324
-2.18091
-4.53774
-3.27730
-1.57803
1.67412
-4.78277
0.19918
2.89032
2.13244
-5.23817
-4.15709
3.17232
-0.75275
1.34316
1.13569
-0.83037
-1.51646
0.98662
0.25209
6.81569
1.90130
3.52667
0.62310
1.59324
3.20545
-0.36519
5.50107
-4.13701
0.46696
0.28880
-0.26872
-6.33964
-0.01236
-1.02052
3.23314
5.19661
-6.52751
-0.78662
-0.29841
0.35170
-6.64027
2.14314
-2.22505
3.36345
0.82588
-2.87557
-0.81679
-3.29466
1.83123
-1.25439
1.23156
6.61226
1.45962
-0.66028
3.83948
-0.33887
2.45639
2.49826
-7.80260
-4.56639
-1.58698
2.32781
-1.66045
4.63914
2.12043
0.38161
-2.70134
-0.85610
1.23151
3.52393
-3.40453
-0.58444
2.73611
-0.47901
-0.44481
-4.45528
-1.43151
-4.72214
-1.35861
-0.69069
-2.37150
-0.79812
0.79265
-3.02820
-0.76483
-4.20744
-2.88779
2.69944
-2.50682
-3.64996
4.92734
1.08525
-4.48704
4.84699
1.62781
-0.38816
-5.38584
3.47844
1.87548
-4.49545
0.02395
-0.53955
-4.07623
2.90348
3.34378
-4.41357
-1.75758
4.27400
3.94773
2.72446
-2.52903
-0.68265
5.30211
-2.34164
-0.43501
-0.37614
-5.11089
-6.84319
0.27489
0.47801
-2.89251
2.66577
-2.80153
4.09779
3.47233
-3.69698
-0.25710
-4.18424
1.60120
3.43901
4.72393
-2.64650
-0.31166
-0.49851
-0.03321
-4.78844
0.60747
-1.33895
-0.86738
1.58022
2.93454
-4.04265
1.07400
5.76513
-4.01823
-3.40257
-0.76988
1.68514
-0.77300
0.59600
-0.39811
1.80144
0.04760
-3.97753
-1.26881
3.90185
1.07048
-2.87980
3.79999
-0.28920
-5.95539
0.55419
-0.66160
1.68958
1.79463
-1.51059
-1.64831
-0.00293
-0.62092
0.19218
0.37771
-1.91996
0.20549
1.21624
-1.96187
-1.13166
-8.84400
2.38555
9.04227
3.05943
1.65400
1.05356
1.83996
0.57280
-3.41623
-2.44214
-2.22452
4.36597
-7.67785
1.02157
0.56555
-2.33715
-0.18819
-2.12235
-3.81142
-0.73620
3.28415
-3.39170
2.25785
-1.19957
2.33678
0.69970
-0.17556
1.56533
0.46095
-0.28175
-2.63934
-4.34099
-1.83087
0.52595
-5.38685
-3.65538
-0.71677
-3.85021
-2.44189
1.40506
4.44761
9.29335
2.23730
1.59921
-0.56218
1.56184
2.97612
-1.68945
2.23052
-2.45541
0.38464
-3.93148
3.10641
2.47948
-2.35192
3.17957
0.55670
2.68873
-4.89625
-3.77903
0.31889
0.19803
2.12716
-2.65458
7.97470
-0.65542
5.41132
-1.00936
-2.16119
-6.04180
-1.08048
-0.17171
-0.49172
2.24003
2.41902
-0.31599
-1.55751
-5.42599
-0.02709
-0.30998
2.95574
-3.11755
-1.76680
-0.05833
3.09813
4.24948
-6.91310
-4.08880
1.27917
-2.75536
0.01009
-1.06200
4.39234
-3.07283
-1.21893
-3.57615
-3.66686
3.93466
-1.95410
1.88910
-0.47938
-2.54064
-0.07253
0.78396
4.13457
4.41097
-2.69859
-1.28419
5.75403
1.86420
-5.68980
5.02224
-6.56422
2.45850
3.38829
-2.03575
-2.19392
-0.89302
1.53744
5.09768
-0.98956
-0.87806
0.63794
-1.28975
0.28783
5.09872
-1.10436
-1.62297
-3.22627
2.15094
0.98330
1.67134
4.08712
3.98840
0.02709
5.20556
0.49176
5.97682
-1.03626
-1.21817
0.78640
-3.02330
0.74103
-5.74819
-1.58881
0.19817
7.64292
-1.88607
3.47067
2.38597
3.12788
0.49912
-4.04407
-4.14218
2.50483
-1.17075
1.35677
1.20079
-1.66572
-1.03322
-0.49841
3.12442
1.11224
0.60094
2.55409
7.17665
1.83103
-4.93239
1.43264
-4.02004
0.20433
-0.31469
-2.11909
3.68618
3.60903
0.33503
2.64931
-0.92818
0.05829
-1.23212
4.03588
-2.34027
-1.40485
-1.73442
2.60624
-4.28097
0.42733
3.65445
-3.93416
-3.80323
-1.31728
0.50203
-0.20641
1.47801
-0.78924
-2.02780
2.63411
-0.64387
-4.16581
5.31236
-0.06057
-2.90225
-2.46005
1.05864
-5.20310
-1.24857
1.48307
2.35466
-4.45581
-0.43704
-1.64473
-0.31507
2.44283
1.41021
-3.82986
0.55314
-0.20115
1.20571
-0.22410
-1.30978
-0.64783
-2.38001
-2.85712
-3.02863
-1.13019
-8.54138
0.08801
-3.04162
-1.58507
6.53146
-4.71331
-0.32195
1.54366
1.33442
-0.08633
4.49630
-1.07696
1.01040
2.23254
0.78420
1.05760
1.53264
-3.04583
-3.33130
-0.64146
0.24310
0.82085
-0.99331
4.07349
-1.15902
-0.93942
0.73620
1.73566
-1.58052
-2.26236
0.73822
2.12861
-1.65353
-0.27749
0.24343
7.36170
2.92845
1.28761
-3.07758
-6.72917
-5.51093
-2.99503
-1.23187
0.33393
0.68254
-1.53155
-2.50757
-0.53675
-3.65197
1.79940
-0.41771
-2.47372
2.11880
0.11718
-2.02383
-2.69727
-0.85250
-3.01884
-2.20969
-0.33309
-4.57976
3.55079
2.88987
1.37969
0.91757
-6.74854
-3.88717
-0.25908
-1.28208
-2.01124
3.03105
4.54299
2.33257
1.22231
-0.19368
2.99095
5.23151
-2.66247
5.01395
-1.06683
-3.05668
3.01459
-5.59823
-0.28522
-3.90362
1.41887
-3.81726
-3.96942
-1.18846
-0.67343
6.79705
-1.26112
3.56651
2.57822
2.20768
-2.07843
-1.64747
-1.12761
-3.90488
-2.02588
-2.60647
5.76560
1.96129
-2.04813
-5.82140
-2.99480
0.02631
0.98066
-2.81471
0.16209
-0.26869
-2.51672
4.63393
0.61327
-0.33864
0.31912
-2.82282
-14.19590
-2.59429
-0.27429
3.10063
1.14576
-1.57782
-0.82271
-0.18829
-1.47687
2.97713
0.27450
-1.86533
0.89049
3.75372
0.51448
3.37111
-4.23775
7.81783
0.16918
-2.95835
0.45095
-4.49186
3.29087
-5.99174
6.75105
-4.61657
10.75076
-3.44102
0.86582
3.56945
0.72016
3.84676
-0.14082
-0.83679
4.88678
-1.30918
0.20480
6.63474
5.16206
-8.92767
1.10956
-3.87924
-4.17799
3.03416
5.66749
3.75199
-2.11274
8.28210
-0.29285
6.29437
-3.58220
0.83384
1.35897
-0.24472
3.16056
1.05365
-4.45574
0.41240
-2.83084
0.60056
0.35782
-4.43431
0.96603
-1.15556
0.25561
0.80949
-0.19895
-2.23960
-2.16499
0.07734
-3.07840
5.19399
0.53029
-4.40575
-2.41202
-0.15813
-3.99797
0.57589
-5.33061
-0.34737
5.12224
-0.11686
-3.59063
1.91340
-2.17232
0.45483
0.74784
2.41047
-0.33269
2.17159
-0.72313
0.02156
0.79795
2.86687
1.15977
1.59028
-2.35802
0.79703
2.55829
1.46147
-1.93682
0.16407
-0.24019
-0.78647
-1.81728
0.51328
-4.50953
-0.68382
-4.66323
2.36144
-1.83302
6.15945
-4.34029
2.44377
-0.74278
0.94943
-1.98637
-1.53415
6.80726
-1.91289
-2.26716
4.16794
-2.71976
1.52556
2.92377
-1.55047
6.65360
0.37326
-2.57895
2.70572
-1.51032
-1.45323
-1.74797
-7.37836
-1.34153
-3.99247
-2.60557
-1.04979
2.18704
-4.51691
-0.31420
4.94770
1.76453
-3.75501
-8.50080
-0.71217
3.08883
1.05705
7.13605
6.20009
0.52394
3.04989
3.65320
2.40374
-1.90805
2.38720
-1.66764
0.11344
-2.17534
-1.08558
-4.32171
2.37475
-2.39009
-0.19899
-1.10277
-2.96855
2.92708
4.17996
0.71583
2.54542
-5.20224
0.57962
2.83870
-1.96530
0.77795
3.56258
-3.22311
-4.36101
0.19063
2.08590
3.54250
-1.15748
0.62561
-0.08628
-0.65276
-4.23564
-0.69638
-1.07991
0.51871
0.49373
-3.16661
-8.60833
0.90091
0.57524
-1.70501
-3.51695
-4.20078
-3.55133
2.77036
1.13021
2.61295
-5.40442
-0.01956
-3.94403
-3.36572
-1.32157
-0.38785
0.86386
-0.55351
2.61620
5.06425
7.42581
5.75212
2.77018
-2.53928
5.65757
-4.59294
-1.32865
-2.53462
1.74124
-0.05725
3.86945
-0.97247
-1.25366
3.11893
-0.58606
-0.85655
4.14681
2.52248
-5.70838
2.41888
1.56370
-8.74214
-2.21140
2.04386
-1.81079
0.62326
1.00765
3.07116
-1.79359
3.99952
5.05049
-3.33995
0.09389
-3.49527
3.59806
1.70748
0.75117
-4.00639
4.11464
3.22111
-8.43233
-3.48656
1.41270
2.91171
-0.12257
-6.06828
-2.83209
2.99567
-4.14915
1.30594
1.17287
-0.87548
-2.24835
5.64170
3.16114
-2.41783
-3.76980
0.49826
-2.30067
-1.06363
-0.33520
-0.95277
-3.24036
1.82145
-1.19968
2.23512
1.82008
-1.98434
0.17422
-3.64774
-3.76981
1.12824
0.27600
2.92349
3.54571
-2.60024
0.13533
-1.71909
-1.24539
-1.44407
1.44627
0.98132
-6.60475
0.21596
-1.19881
-0.06703
-2.30283
0.00076
-8.05721
1.63798
-1.00028
1.36410
-0.04750
-5.07962
8.86948
-4.71052
-0.23623
1.71590
-4.02456
-2.53443
2.30153
-0.17494
0.47390
-2.54654
-2.61806
4.82507
-4.72947
2.46076
-3.80197
0.04684
-0.77939
-1.77248
5.61624
2.09371
-0.31641
-2.32383
2.76181
-0.33702
-0.72985
2.01309
2.59920
-1.14801
-3.01663
-1.50841
1.57204
0.41726
6.34636
2.02275
0.82810
0.75616
-4.75268
-3.55974
0.02178
2.67720
0.50124
-1.46089
4.47655
0.89696
1.71544
-1.35878
-3.31154
0.63477
-0.51495
2.77665
-3.67837
0.56013
3.69440
4.91828
0.54976
1.54317
-0.65772
-3.72906
-0.94841
1.26588
4.47212
-1.73978
-5.06660
-4.34491
-6.53848
-2.22478
-1.52914
-1.45265
0.01391
3.18111
2.14754
9.61505
0.62137
-2.20151
0.43130
-2.78095
6.72405
1.25057
0.21331
-0.20604
0.42545
-3.62152
-1.66916
-4.49087
-0.92693
2.68604
-1.48455
0.74582
0.37848
1.99134
4.06398
-5.51173
-0.98318
-3.07505
-6.05316
3.42693
-0.85477
4.57270
5.52016
0.95571
-0.41215
3.20942
-2.11151
4.00270
-2.90034
0.31563
0.84289
-0.97772
0.49951
0.69228
-1.91681
3.10637
0.75519
2.27346
0.35686
2.90751
-0.19487
-1.12951
-5.79184
1.03880
3.83147
2.20143
-4.28841
4.34520
-5.44518
0.26934
1.46069
-3.02963
0.11896
1.03774
-0.79527
-4.39613
-4.26346
-2.26502
-3.26395
-2.05203
0.57781
-0.68581
3.25640
0.17685
-3.58487
-0.25661
-3.62338
1.67442
4.51997
-1.49250
1.40751
3.12637
-1.14020
2.50029
-1.62497
-0.30042
-4.18585
-1.72571
-4.24300
-0.65590
0.57426
-1.81503
1.82301
-2.42226
-2.66399
5.16956
2.13328
-3.07136
1.01037
-0.40361
-0.76952
-2.37485
-4.07345
-2.95674
-0.63714
2.82319
2.31392
-1.56180
-2.55570
1.13465
0.59197
3.40105
-1.27212
0.48911
1.77640
1.69178
0.44935
0.27819
0.79204
-0.95303
-1.03668
-6.64834
2.67794
-2.19045
2.23544
3.61611
0.76701
-1.70006
1.57416
1.23976
1.44575
-2.92387
2.16681
-0.04715
1.32245
-9.06184
-0.37918
-0.99301
0.53325
-1.82799
-0.71754
-3.63077
-2.76881
2.81955
1.41053
-0.91748
2.16833
1.30712
-5.99996
3.85967
-0.09912
-4.67377
-3.24832
4.51784
-1.05977
8.09313
5.45175
-1.73686
1.06389
5.76822
-0.93125
5.32507
3.44778
0.29652
0.10159
2.50294
6.70739
-5.83806
-1.14738
-4.23180
2.25038
-3.18394
2.61936
4.81260
-0.42752
2.89416
3.60225
-5.07357
1.58381
-3.31192
0.09903
-0.98609
2.04378
0.94285
-5.56725
3.43947
1.32359
2.73621
0.36770
3.53163
-2.98365
-2.76966
-5.63303
-2.21279
-1.54063
-0.30602
-0.91542
2.68301
-0.35826
0.80594
0.23506
-0.27410
-0.30677
-1.97852
-1.27654
2.28072
-2.27417
3.11858
-0.20964
-6.64918
-1.99212
1.36422
6.71699
7.41345
-4.00954
-1.14773
-1.05769
-4.47553
0.49690
-4.42817
-0.05970
-0.29436
3.96081
2.74684
1.72285
2.83146
0.00685
2.98541
0.84322
0.49322
-5.60933
-1.86336
-2.14133
3.54865
-1.06060
4.93936
3.06286
1.28943
5.92714
1.54792
-3.53942
-1.69313
3.30325
-3.53577
-5.17882
-5.26211
3.63762
-2.57783
3.24377
-1.84230
4.40983
2.43811
-1.61040
2.96255
0.17005
-0.95554
6.80049
-3.19968
-2.36760
-0.55007
3.66801
5.86083
0.11721
-3.15202
-1.69816
-2.18603
3.30936
-2.06673
-4.84906
1.14707
-6.30428
2.02741
-0.94891
2.23979
0.60278
-2.01254
-2.40772
-3.50205
-2.60428
-0.15135
-2.64290
6.28966
4.39779
0.79897
-1.27982
-5.69781
-3.18551
2.09362
7.26528
0.24960
-0.84136
4.05182
5.82850
4.17976
-6.21538
2.12830
4.98465
-0.12492
0.70606
5.17893
1.69551
3.42845
3.10854
-2.82429
-1.85532
0.25488
-1.03636
-1.53618
2.65226
3.79634
4.52920
-3.21006
2.13228
0.82864
3.54547
1.24999
0.03873
0.71674
2.47883
1.30001
-0.17032
-1.65766
6.23907
2.90256
0.39055
-2.71288
5.74927
0.93841
0.01291
-8.11766
-6.20939
2.44926
-2.66770
-0.69101
-2.49811
-1.40419
-5.58887
0.39846
2.36917
-3.93073
-0.59948
6.89662
-3.49936
5.49021
2.31451
6.50748
1.55659
3.04873
3.50299
-5.49520
2.60386
-3.87027
-2.71158
1.16289
-5.56191
-6.45333
1.54874
4.79962
-0.02877
-1.58305
-6.04106
-1.77861
-0.01167
-0.58935
0.76283
-1.79045
-2.62011
2.99955
1.58537
0.91971
8.55287
-2.08438
5.03157
5.53092
3.29957
-1.47525
-2.91002
-7.88038
-1.81293
-0.45003
3.37614
-0.13600
2.13216
0.66649
0.63443
0.56316
-4.63953
-1.36630
2.10009
-3.13050
1.74104
-6.15650
1.35066
-5.06823
2.21650
4.57725
-4.32713
2.33904
2.68525
1.28013
-1.27922
0.02152
-2.40661
-3.45723
-0.91225
2.63324
-4.05875
-3.38773
-0.09854
7.13251
1.04085
-1.02442
-0.29982
4.74592
0.24056
4.83247
-3.98083
5.72513
0.25542
-0.83352
-1.76382
-4.57176
-1.18655
2.06155
2.70081
5.31206
2.53437
-1.90141
-2.00251
-2.16631
-3.90637
-2.50869
-3.33832
7.76211
5.91072
-2.03641
5.87074
2.06003
-3.07671
-4.86803
-4.23789
2.41927
1.89081
1.31602
-2.32287
-5.88443
-0.45076
-0.19436
-1.63461
-4.43850
2.64420
6.60484
-3.49244
-2.74335
5.86438
-4.90072
-2.53296
-0.29621
-4.71053
3.14709
-0.70351
-0.31526
3.23169
0.50117
-0.80572
-1.78114
1.70837
-2.33888
-4.00059
-2.27545
-3.81108
1.44713
-2.90869
2.20869
-1.83378
2.79925
-4.03284
-4.93684
-2.23255
-6.37678
-4.22027
-6.28814
4.36555
-0.93556
-1.36217
0.40870
1.33892
-3.17151
-0.89127
-1.66836
-1.65830
-3.55317
5.46949
-0.13027
-0.51662
-1.39007
-3.41288
-5.36329
-0.05017
3.84690
0.40825
6.35947
3.70751
-2.98294
-3.39058
-2.94839
-0.31129
-5.23711
1.60319
6.03800
3.72956
2.02926
-0.75690
2.62922
-3.28964
-5.13592
-0.88231
-3.33456
2.33846
-0.55173
2.85931
2.88007
0.02462
-0.00321
2.20284
0.88255
-2.20616
-1.82928
-0.12268
0.08123
0.80535
1.34978
-1.65138
0.20380
5.63712
4.03717
-1.03272
4.97503
2.83147
-2.31733
0.60009
-2.14426
-0.41769
3.57672
3.47731
-2.13773
-2.51058
-2.02158
-2.37050
-2.16734
3.41500
4.02927
5.97972
4.30728
-0.84251
-1.86321
2.08689
3.30150
-0.90554
-3.54851
-0.83516
2.80246
-0.74724
-0.74378
-1.84436
4.57365
1.64993
0.78431
-0.70600
-2.99112
1.66027
-1.10373
-3.17723
2.15762
-1.44464
-1.53970
6.89587
-0.18749
-1.76033
2.10146
-0.87764
-3.24809
-1.30436
-0.20448
-1.76768
-7.66639
-2.80244
-0.61419
-0.85720
1.70639
1.23617
-2.50117
0.71461
-4.53348
1.64812
3.42789
-0.98335
4.51270
-3.13556
-0.28507
0.32093
-1.20423
-3.23106
-0.12051
-2.98109
-2.37189
-4.73733
-1.87695
-5.23205
-0.20929
1.91599
-3.92855
-2.89453
-5.26737
0.33323
-1.00907
-1.34606
-1.67601
5.89779
6.13449
4.71510
4.17046
-4.15159
2.51818
-1.30805
-2.26503
1.32459
-0.72359
-1.77610
-2.50190
3.55229
3.16584
0.73289
1.89296
-1.53877
3.94916
-2.88858
-1.62407
3.77831
0.32904
-6.32103
3.30079
-2.85838
-0.14800
-0.42390
-1.98428
-2.58003
0.37478
-1.10368
-0.21472
0.34456
-1.52721
-5.51953
6.22816
2.92578
-2.93451
1.78528
-1.20614
-0.69048
0.65923
2.55956
6.44071
-1.68332
1.76289
0.23927
-1.34453
1.23881
1.90922
0.77968
0.37771
-0.93196
-5.58787
1.89662
5.62377
-1.91610
-1.25266
5.59981
3.32804
-1.52719
-3.86402
-0.54465
-0.30794
5.61446
2.89491
1.40881
-5.93397
-3.98377
8.65489
1.37015
-2.68936
2.52151
6.90150
2.58177
0.57974
1.28709
1.36631
3.98803
-4.39421
-5.49239
-2.86009
0.86885
1.51885
0.44470
-2.02373
2.87589
-4.37794
-1.21516
-1.17176
-0.38367
-4.54217
0.62014
2.31077
2.21398
-3.24169
0.45530
-1.93159
-10.69395
-0.13693
1.36804
-2.93769
0.04048
4.29377
2.06239
4.51726
-6.20341
-3.72883
1.28313
2.65355
-1.78622
-2.67679
3.03552
4.09715
-3.01181
-1.55481
-6.05452
3.48626
5.33718
0.26408
0.19571
-5.36834
-5.48692
0.62984
0.80352
3.19285
-3.54752
-1.34905
3.93201
0.45070
-7.37632
6.56873
-3.10733
-1.59368
-2.66253
0.65449
-1.61961
0.30841
1.11576
-5.53315
-2.69447
-2.03240
-0.59337
-3.50399
5.20624
-3.26965
4.95035
-1.96830
0.77944
-3.01143
0.03573
0.80801
-0.17395
0.77720
7.19815
0.73907
5.22520
3.74784
-3.47247
-4.64601
1.07507
-2.73931
-0.89989
-0.47707
4.53260
2.07854
-0.38415
-2.32613
0.54400
-1.20821
6.03661
-0.61003
-0.34351
-2.25456
-1.88126
-1.78652
-4.25061
-1.28660
-0.28040
-0.79376
-1.77595
-3.42261
-0.97605
0.28955
-0.58188
4.17086
-1.47516
-2.76605
-0.34844
-0.46153
-6.74971
-3.20895
-0.47112
-0.33922
-2.65352
-1.77446
-1.23241
-2.72668
-2.24243
2.86059
-4.93167
0.05621
-2.00790
0.08809
-0.23881
-2.57167
-0.40713
0.46138
-1.32000
-1.40170
-0.19346
-5.61313
1.08229
1.19421
-0.47118
-6.03879
1.42642
-6.59959
-2.04063
2.60677
5.18913
2.33658
-0.12304
-3.69300
2.35606
-2.58190
-3.51176
-0.30783
-1.90347
1.18702
-2.30671
-1.80178
1.59193
-7.79702
-0.92276
-0.77791
2.99618
-0.70639
0.08914
-0.39482
-5.27177
0.86557
0.06907
-4.36461
6.88686
1.86582
3.63078
-1.97129
2.14249
0.79081
3.06863
-1.34016
2.26403
-1.49900
6.66432
1.20202
-3.25592
4.11225
-1.31892
-5.59114
1.44956
3.30396
-0.41039
-2.48919
3.28684
4.17847
1.18596
-1.12689
0.70180
-4.49702
-2.27026
2.85557
-5.78379
1.73333
1.34378
-5.04964
-2.64179
-8.34034
-4.43516
5.15196
-3.66949
2.02820
-3.90328
3.15238
0.39046
-2.84115
1.08818
-7.43229
-0.38989
0.03562
3.11334
-2.43652
-3.61874
-4.17696
-2.07627
-4.54001
-5.71460
-0.64743
0.69989
0.95497
-0.36495
2.76144
0.14604
-2.85118
5.75330
-4.83994
-5.28306
1.30915
4.20919
1.12940
-0.25481
2.73467
3.76272
-0.81095
0.02520
-3.88414
2.25148
-3.40257
-5.02908
6.33063
1.47689
3.18123
-1.41521
2.90535
-4.78884
1.58510
-2.35322
-0.10760
1.64346
1.09531
-5.22872
3.65785
-2.29467
1.60770
1.38470
-2.79989
0.14325
-1.55803
0.05905
2.91430
3.55525
-2.13434
-3.42231
0.70247
3.20763
0.62460
1.03472
-2.27336
-1.94267
2.99826
-1.04009
-2.43162
8.68617
1.89004
1.99075
-3.00323
-0.96665
1.57463
-3.10283
-5.20948
-1.29696
-1.38163
1.88828
1.76710
-0.93747
-1.31718
1.41268
6.25070
2.69820
-1.03844
-2.30353
-0.10696
-0.19737
-2.20422
-6.12110
-1.81200
-1.67286
1.64037
-4.99865
-2.22160
3.74147
-1.86552
-6.04699
-3.25592
-3.87127
0.33806
-0.09374
0.26158
-1.58391
1.70570
3.47470
-6.26250
-6.98957
0.65018
-1.48502
3.27130
-0.43387
-1.94129
3.33539
3.09284
-8.59340
-2.86929
-1.53659
2.92758
-2.17028
-5.46427
0.03939
-3.57540
1.40511
1.56019
-0.32056
-4.02369
1.41364
0.79540
0.72749
0.87333
0.33707
0.24459
1.42810
1.63539
0.61002
3.17347
1.50406
7.10503
4.19320
0.13124
-3.99567
1.70339
-1.55745
3.98729
0.34212
0.11677
-2.73011
-3.75073
-2.41111
-4.84844
-3.42965
-2.82531
-2.03031
0.29560
-1.69725
-1.04348
-0.01624
-5.00454
1.81369
-3.76702
1.04407
1.08252
1.83331
-3.13437
5.75840
2.79084
-0.72112
0.02417
3.32870
2.72001
3.60002
-1.97838
-2.40862
5.66659
1.58427
3.06945
1.04278
4.46171
-1.38803
-1.99649
-1.05457
-0.24693
1.86390
-4.89090
7.20266
-1.15976
2.97713
-1.89293
-2.55418
-1.29112
-0.19279
2.39012
-0.34142
-0.64131
-3.53956
-2.07028
-5.10109
-3.14833
0.13889
1.43780
1.75294
-0.67377
1.11231
-0.93292
-0.55255
0.74007
0.98713
-0.97850
1.69495
0.91533
3.69817
-0.84628
0.77111
0.14781
-2.80785
-2.27428
2.88766
-1.14039
1.34493
1.65507
0.22872
-1.25673
-2.16566
-1.19901
1.32876
-5.20074
-0.81557
1.05324
-3.16184
-6.37098
-3.64273
-2.63549
0.32325
0.83116
-2.55992
-0.26139
-2.44145
-1.36624
-1.26692
-0.94800
-1.41045
0.49109
-1.78857
-0.77025
-3.78953
1.81411
-1.16734
-2.99880
2.03835
0.91989
1.40423
1.01480
-0.32225
-3.47633
-2.57964
-2.86839
1.48117
-2.47002
2.49619
-2.73485
-2.74569
2.97218
-4.52542
2.84979
-5.78461
5.92119
7.19523
1.26153
1.49148
2.08176
1.61101
3.28228
-0.91903
7.18619
-0.68344
-2.29573
1.25963
2.27442
0.97988
1.15575
3.91962
2.90484
-0.54475
-4.91401
1.09884
0.04306
-5.70458
1.78533
3.37603
6.61055
0.58302
-1.53788
1.51050
0.87605
1.78152
-1.72580
-0.42335
1.09562
6.63252
5.69849
-2.46662
3.04271
4.72651
4.63453
3.64497
0.08956
-2.64720
0.38744
2.03820
1.22296
-0.44483
-3.41051
-0.08991
1.33121
-0.55398
-0.12937
4.18097
1.58648
0.62002
-0.80456
1.93981
2.71657
3.65810
3.24877
0.69182
2.43054
5.65386
-5.42898
5.13613
3.21526
3.64743
-3.22362
1.91508
-0.73088
3.35147
-2.15656
-3.31121
-3.48270
0.11295
5.32232
1.30305
4.10190
4.51476
-4.39731
5.95138
1.22384
-0.96674
-3.36971
3.03510
4.15010
1.20901
-4.88859
-3.27436
2.16524
-1.89928
0.14820
-5.23694
-3.57238
2.02458
-1.83485
1.83392
1.97357
-1.34120
4.44838
3.70499
3.76418
-4.63903
-2.66080
6.10907
0.56058
2.59336
0.65252
-0.76941
-3.94807
2.31069
0.77299
2.72617
1.75211
0.92241
-5.43989
-0.79360
5.21086
-2.39175
-1.55007
-2.61543
-1.81495
-0.57254
1.64679
-3.82994
1.60263
-0.19994
-1.20586
-2.12287
6.45838
3.15477
-0.78122
1.74058
4.45238
3.57144
-2.17359
6.54789
-3.20939
1.55720
2.46804
-0.06757
0.86946
-0.67273
2.58627
0.51917
-2.77680
-3.12641
-0.15446
-5.30065
2.21668
3.95945
-0.72044
-0.20682
1.37568
-0.44797
-4.17803
-1.14406
-0.06351
0.17584
-7.53523
5.52406
-3.91761
3.90034
-3.96291
2.59145
1.61175
0.36244
0.97842
-3.07779
-0.35715
-0.04275
-1.25310
2.97088
-4.27120
5.36785
0.01955
0.96677
0.03761
1.18775
0.12617
-0.56122
-4.19368
1.37858
1.12582
0.70680
3.98050
-3.47501
0.98643
-4.49149
0.88089
-1.68654
2.50487
-0.44676
-2.46909
0.31307
0.71383
1.94387
3.89864
-8.03045
-1.34125
-5.81828
1.80979
-0.06756
1.70384
6.82892
-6.43998
-2.48401
0.01810
-6.78990
-0.79229
-2.99212
0.94566
-1.12880
0.94859
4.07299
-2.26080
0.87099
-4.04656
-0.04912
3.67256
-0.84550
-3.49784
1.47127
1.28391
-3.14832
1.02038
0.25471
-1.12441
-1.58375
-6.10026
2.61477
-1.09860
-0.28915
-1.46755
-2.33231
-1.45089
-3.53660
4.21787
3.16073
-6.03092
-5.70343
-1.27681
3.35746
8.24831
-0.42875
0.71058
-1.45824
-0.45042
-5.62257
0.12605
1.83870
-2.38741
3.34694
0.97246
9.13297
-4.36244
-0.68879
2.54953
-1.10281
-0.87797
5.45024
-6.17176
-1.14463
2.58712
0.08759
-3.08612
1.61841
2.84923
-0.07480
3.78314
1.30412
3.24702
-2.14837
-1.44149
0.63725
-1.59030
-3.92392
2.30991
-3.25064
-3.59007
-0.27119
5.50697
0.97526
-2.33891
-0.12212
-2.45851
-0.07372
3.63751
1.88339
-2.60024
-3.21307
-0.56334
7.94654
4.94266
-0.94976
-2.41467
-1.63074
8.11802
3.48615
-0.35251
-0.71581
4.04413
-2.49275
-5.24744
1.18254
0.29095
-0.04500
-1.10026
4.37779
6.12040
1.93228
4.33033
-5.63274
-4.46450
-2.02582
-0.04415
-1.71754
-0.47932
-3.13256
2.29206
-5.21710
-3.45895
2.40541
-1.31638
0.26334
0.49876
-0.25833
0.70588
2.57565
3.51925
2.19738
-1.72790
-1.55388
-4.88645
-0.11173
1.70372
0.45672
5.53628
3.72454
-1.30778
-1.90478
-6.14826
3.71274
-3.36763
-6.81301
-4.29231
-1.11835
-0.09221
5.60402
-1.50174
0.71045
1.86313
4.65798
-1.82156
-3.91541
4.85792
0.55348
6.05597
-0.58006
2.28682
-0.05021
-4.87940
2.93775
-1.86917
2.45701
-3.98477
-3.05543
-5.35009
5.60080
-4.41732
-3.45630
1.93340
3.13564
-0.00883
1.48021
2.28209
0.06391
5.26162
2.12719
5.45633
-2.37941
2.39619
3.92611
-2.12215
-4.01170
8.33163
1.15347
-5.49584
-2.15656
-6.40351
-2.37439
-3.19024
-6.10296
8.14087
4.50051
0.01987
3.90614
3.20479
7.82247
0.77710
-2.20941
-0.07717
1.32820
2.56261
-0.97502
4.58856
-2.02140
-4.05762
-2.44295
-1.46373
2.04869
-1.20828
-0.06958
-0.70309
5.49320
6.23106
1.64546
0.55065
6.13203
4.26269
-1.16890
-2.44522
0.25694
1.53061
0.96242
0.70618
-1.84473
1.39786
0.02280
-1.98982
3.05497
3.60292
-0.55985
-0.36143
-1.73627
5.32993
-0.72841
-0.06472
0.18953
-3.66442
-1.69772
-3.19778
-1.37243
-2.49781
0.55673
3.44358
-0.73865
4.42920
1.33219
4.80064
4.67048
-8.61714
-0.28651
5.84106
-3.40641
-1.84422
1.10007
2.24586
2.74940
-2.21530
-5.99784
-0.24000
1.12106
0.06661
3.32042
0.58141
1.60778
1.73052
0.05796
1.61078
-4.18178
-0.45394
1.38240
4.99359
-0.59537
-2.95498
-1.38054
2.38720
7.73031
1.82622
7.88405
1.53136
2.81201
-5.33383
1.86412
-4.28877
3.91127
-1.40479
3.60650
3.27631
-3.28566
2.05778
1.01117
-1.98698
1.67166
0.17094
0.55755
-2.26730
-0.24662
4.48473
0.64023
4.69416
-6.06291
-6.29841
0.10103
-2.83838
2.41146
-1.32878
-1.11719
3.49083
0.87937
-1.35388
-2.25259
-4.82139
0.41367
-4.21287
3.10241
0.15425
-6.89235
3.05966
-3.41612
2.45838
-0.98044
-0.19900
6.69376
0.72416
2.70046
-1.25998
0.90930
1.69530
-2.64763
-0.97071
-1.64044
0.22830
-2.85525
2.97108
3.99762
0.16515
2.11319
-1.39967
1.63814
-3.33620
0.56471
-7.69403
-0.45166
5.14500
-1.18208
-0.97469
2.93996
-4.36692
-4.55123
-6.87914
5.40513
2.52217
3.07081
2.18487
0.53184
-0.94111
0.36818
0.55098
0.96535
3.64539
-4.33951
2.71586
1.66345
-4.35813
2.73585
0.73472
-3.96479
3.60892
-0.58029
4.47817
-0.53932
0.19092
-3.60297
-2.95282
-1.86743
-3.17862
-0.80855
-4.38010
3.88644
-5.92146
9.99857
0.96033
4.87313
5.18208
-2.02960
-4.07440
3.01801
-2.27402
3.03333
-0.35656
2.59139
-8.59271
4.66137
6.03491
-1.28668
1.77996
2.89444
-0.56670
3.57518
6.59563
-3.63437
3.21730
-2.11694
-0.26321
4.99560
4.36077
-4.11120
-0.31404
-1.71275
-0.08737
-4.92306
-5.75354
-4.86197
-1.92736
-1.30317
3.23096
2.91544
-2.32177
-6.75544
4.15925
-3.86172
-0.79161
-4.87532
-2.32236
-1.92078
-1.04498
0.19061
-0.55549
0.29111
1.97858
0.60215
2.78955
2.45947
7.58704
-3.74528
-0.01915
0.72132
-4.50549
3.22241
3.14430
-8.26256
-0.52547
-4.67995
5.62255
-3.00488
0.24523
-3.57432
1.92368
0.08349
-1.03707
3.28726
-0.67107
1.77905
-7.05157
1.78992
-2.85642
3.65439
6.86583
-0.40734
-2.07370
0.86345
5.96351
1.23085
1.86812
0.60059
-3.12886
-3.96238
0.32079
-0.15602
4.02687
0.36682
2.72811
-0.20365
1.37919
-0.91345
-2.16919
2.49993
-4.04722
0.30616
-4.86523
5.30045
7.97136
3.51749
-0.92097
-5.72990
-0.33964
0.70409
0.46996
5.14100
-6.04471
1.22799
2.62166
-2.95841
-2.59622
-1.87738
-0.14563
-0.55091
0.21870
-0.77621
-5.33442
-2.52639
0.60826
-4.84792
1.06891
-4.45175
-0.64687
-4.47308
0.04704
-1.40894
-5.74525
-2.95441
-0.96339
-5.71380
-1.21508
-0.28480
-2.97393
0.60825
-1.12333
-3.26991
0.60560
2.24305
-1.85400
-1.68386
1.19740
1.59252
4.26050
-6.46512
1.52449
-2.22439
-2.06804
-1.56002
-6.07664
-2.70541
-1.67514
3.03122
3.24282
-0.84197
-1.25743
-4.66500
-5.36674
0.93565
-1.36743
-2.08094
1.92924
0.01911
1.63762
-2.77664
-6.72901
2.34484
6.21737
-0.98609
-0.92254
1.95780
3.05083
-1.18037
-5.10776
1.24524
4.03082
3.37295
0.20572
-2.88460
2.91765
-1.97796
-0.56297
-0.20728
-6.51190
3.14783
1.38715
1.49169
1.89494
-3.52326
1.48060
0.59725
-6.50095
-0.43212
-1.98647
2.99413
-0.49142
-4.89002
8.38777
-1.18361
-1.67899
1.64210
2.89276
4.81818
1.91118
-3.21989
3.14607
-3.25221
0.46624
-3.62460
1.47218
0.34559
-1.01090
0.84497
3.27672
0.87010
3.30364
-7.93757
-0.18420
-2.49410
1.25396
7.29448
1.82644
-2.85142
-3.67405
0.72502
-3.36652
-2.74890
2.68733
-0.65774
-0.43173
-0.48767
3.68468
6.85536
1.74290
0.10260
3.77041
8.50565
1.57647
-1.35505
0.43862
2.10620
2.95971
0.05935
-1.56728
0.51030
2.29984
1.70028
2.68139
-5.66121
2.23067
0.41276
-0.74775
-3.04305
1.80565
4.79418
0.67503
-1.41768
-3.11439
1.73755
3.47690
2.68969
2.81812
1.74078
-4.89723
0.74709
-4.93712
-1.21359
3.85516
-5.83906
-4.17015
1.36746
1.29000
-2.63109
-7.26233
1.31053
-2.94889
-1.32091
-1.53714
-0.02700
0.64201
-2.02735
0.39397
4.02758
0.45004
-0.84220
-2.92739
1.52958
-0.59056
2.49167
2.38063
1.00716
-2.67214
0.46839
3.21477
2.66964
-3.08750
3.06927
3.41678
-2.58905
-2.10748
-1.25377
-0.74920
2.23120
-1.27569
-1.73908
-1.46802
3.15845
-2.88727
0.89382
-3.79634
-4.60419
2.37430
2.43716
-0.33058
1.44261
1.57373
-2.65433
-2.18420
2.03020
4.61502
3.53424
4.01552
-0.26703
2.43857
-3.60112
-0.63522
-5.88757
3.94209
-4.22135
0.02479
-0.60314
-2.23014
-2.77789
-0.73261
-1.22455
0.21575
0.39863
-3.43755
-4.08548
-4.03579
1.58773
2.73794
1.79704
4.79787
-1.27064
2.61457
-1.29350
-4.11841
2.42657
3.99705
-3.45019
-0.92500
2.76600
-1.14590
1.11176
-2.85875
-11.10755
-1.45636
-4.23526
0.29891
3.22141
3.46349
2.00467
-2.99642
-0.16548
0.35478
-0.18846
5.73242
-0.27953
-0.21238
-4.05008
0.49295
-1.84088
0.87815
-2.03870
-2.07957
0.19265
1.36846
-3.86290
2.39730
-1.44077
1.98472
2.23896
1.12379
0.92158
-1.29900
2.05606
-7.17059
-4.78613
3.42011
-0.62091
-8.79712
0.94250
-2.35608
2.66714
-0.90867
2.74390
-3.05645
-8.44883
-7.78433
-0.77146
-0.99482
-1.22815
-8.52162
-3.19018
5.58173
-1.96642
-4.69982
3.59898
3.25010
6.60617
-0.81445
-0.85860
2.31400
3.38322
-3.47075
3.62924
1.55574
1.38242
3.27598
0.82692
1.44270
-4.34770
-2.68168
-2.16962
0.95872
-1.21444
4.57928
-0.19390
0.99054
0.38270
-0.50971
1.96122
-0.56474
-6.84732
-6.95184
0.95156
-1.25633
-1.88927
4.04153
-0.02298
-0.60486
-1.09208
-1.24891
-0.55925
4.69289
0.01354
1.18833
0.23387
-0.58839
-3.03243
0.07805
1.20737
3.41419
-2.84454
1.92658
2.93113
2.71618
-3.20944
-0.70289
-1.02914
-4.92061
2.59685
-0.12098
0.16068
-1.04719
-2.38981
0.22952
-2.98425
0.44417
2.41972
0.06523
0.02295
-0.40047
-0.69686
-1.16469
-1.90278
-1.88101
-4.52496
-1.90515
6.13893
-1.88681
-1.08765
1.56041
2.38812
2.43843
-1.47132
4.37113
1.16243
4.45461
-4.13962
4.64480
1.74265
-5.29874
0.34994
0.65552
-0.74854
-0.04387
1.38908
-0.10023
1.77162
1.91652
3.36196
2.42930
-2.41493
0.16797
5.35493
-2.55463
4.34096
-1.41516
-3.99340
0.04927
3.35825
-2.24731
1.70209
-1.92957
-2.49524
-0.04575
-3.34388
-0.19931
-3.95700
2.29439
1.38641
1.18722
-2.97318
0.77626
-7.32388
-2.63805
-2.32972
-0.75088
4.55702
-7.62402
1.21548
2.93576
2.15296
0.24437
-3.09661
4.99339
4.47016
-2.97755
2.10211
1.64696
4.72102
-0.45753
2.24054
0.44891
2.06668
-0.08892
-4.40764
-5.41004
-0.08844
0.17711
1.05666
2.44311
0.35723
-0.74454
-0.74031
2.38212
3.64273
6.22568
-1.07080
4.21188
2.56357
-5.89411
3.05572
1.28876
6.94951
2.32342
3.22424
2.50682
-0.75513
-1.98502
-2.40419
-3.13952
-2.62138
-3.87012
4.13565
-2.28837
0.34080
-1.55842
0.69868
2.77224
-4.26704
-3.15898
-1.64219
-0.03153
-0.50957
-1.68223
-5.08082
-4.76725
0.23082
0.52029
1.12998
1.38582
2.49247
-0.84101
-1.83890
-1.12142
-1.01825
1.18021
-1.46490
0.52015
-1.01124
1.42374
-1.43201
4.86335
-0.10285
-4.12111
5.20530
0.13890
4.53073
-3.27889
1.72567
2.15186
-1.22832
0.48655
-3.61678
-2.02423
0.95390
0.63834
0.23653
1.53244
7.39341
-0.59783
-1.49210
4.82307
-1.42819
-1.00160
1.69198
-3.60562
-3.40951
3.29497
2.19592
3.92705
1.22152
-0.57685
-1.26037
2.61422
6.59896
1.23147
7.26945
-4.43639
3.74800
-0.01652
-0.12336
0.48751
-3.23183
1.06209
4.72897
-3.17191
5.50283
-1.79732
-0.24458
2.90089
0.18679
2.18242
-1.62592
-7.29605
-0.76406
2.31695
1.32416
-1.80886
0.67614
-1.82488
-2.92182
-3.09063
-0.43637
-5.95042
3.64921
-0.97472
-3.61815
-2.31434
-2.67359
-2.51098
6.95416
-0.78837
-0.36527
-0.59472
-0.74130
-3.02515
1.51326
3.86566
5.12126
3.33874
0.07739
-3.12703
1.27821
-1.23930
-3.43991
-3.62788
3.69547
2.82120
0.19137
-1.43231
-1.30739
-4.56690
0.41333
3.70225
0.65849
5.39265
0.20520
2.48978
-3.65009
-2.24307
6.12249
2.62579
-2.02060
-1.73601
-2.34039
-1.88622
5.76894
-6.04719
-5.16083
0.91652
-0.35164
-0.01115
4.89091
0.39900
-0.44118
4.88899
-1.91471
0.78898
0.02117
-7.89600
-2.49668
1.71793
2.91366
-0.69299
-2.84899
-2.85978
0.15727
-0.48881
-2.20831
-2.03840
-6.04596
-2.98472
1.82208
2.79696
1.50678
-0.69282
1.87730
-4.25843
0.07912
-0.36366
1.48804
1.37016
3.45855
2.68247
-3.45564
2.23869
5.86506
0.27990
1.79300
1.97211
2.67262
-1.60353
-3.50543
4.07106
-2.84929
-4.15184
-3.40824
-3.55822
3.83150
-1.47142
3.62789
-3.94554
-1.93766
-1.66510
-1.67902
0.74109
-1.84986
0.02098
-0.16786
2.24612
-2.96204
-0.77033
2.80975
-1.90237
-1.46350
-0.98171
-3.12075
-3.47979
0.76330
-3.56358
-3.44432
-0.76531
0.17491
-2.44181
2.56323
4.05036
-1.08040
2.47343
-0.50108
-2.96271
2.16375
2.03937
3.67680
-1.15322
-2.59010
-2.07530
2.10296
-4.67352
-4.32841
-0.89314
6.61490
-3.73110
-4.44274
6.98699
-0.47916
0.37960
2.11475
-7.56661
3.62576
-0.63445
-1.99557
7.00758
2.76189
0.88752
-0.77438
-0.61459
0.82514
-2.73653
0.83075
2.69856
-0.16217
-3.80507
-0.54249
-2.79472
3.55844
4.60724
-3.82869
4.24007
-0.98538
-0.13150
1.06609
-1.33263
0.55558
-3.57188
-0.45899
-1.11309
0.24615
-0.41970
-1.52357
-1.97790
-1.80100
-4.14222
-0.15128
-1.27199
-0.21686
-3.99205
1.68500
-2.64276
4.43370
2.64913
-2.00128
0.07104
-2.61614
3.43564
-4.92922
-9.15396
-4.21284
-3.37892
-6.15601
1.54680
2.55360
-0.20111
-1.07627
2.00550
3.82108
3.70972
1.64242
6.81207
-1.50586
-3.69487
0.59552
1.33723
-0.92280
-5.18332
-0.69681
2.07221
-2.59909
-4.26616
-1.53015
4.12515
3.74424
2.31041
1.29720
-0.62545
-1.95033
-5.24802
-3.19885
-1.89151
2.89743
-1.67458
0.79570
0.39855
2.07039
-2.73231
4.07197
6.56345
0.33056
3.14715
2.02130
-0.59835
-1.95467
3.39041
3.12270
2.36842
1.13499
-4.43130
1.19901
-1.15095
3.89541
3.25432
0.25318
-3.55117
-0.41314
0.38082
6.29185
-1.68758
2.65732
1.19766
-1.09696
-4.01212
-3.62659
0.07623
0.69869
4.26403
0.28065
-1.04620
-1.18619
-0.19843
-6.68352
-1.34717
2.89978
-1.98340
4.27635
1.31496
-0.07216
-0.72251
0.91899
1.51370
2.47564
2.93663
-1.35327
2.01974
-0.02478
-1.11158
2.79482
0.36967
1.54819
0.02424
-0.80127
-2.30757
-1.50265
0.20108
7.25552
-2.75288
-2.96633
-0.99386
-0.28611
-1.62684
5.37259
-2.08780
-2.21774
5.31727
-1.07941
2.43095
3.42504
-0.73634
-5.58851
0.76572
3.06075
-2.15685
0.82355
1.85145
0.64344
-2.06409
1.14205
2.88848
-5.03102
-7.13495
3.84810
-2.51250
1.00055
0.77634
-6.27430
2.07928
1.89064
-2.02843
-3.95657
1.09381
0.43783
-0.04920
-3.25757
5.54957
-1.08512
-4.38918
1.59751
-7.93765
-5.50381
-2.92260
3.79043
0.25776
3.29997
-0.46019
3.21564
0.59320
-0.57647
2.07117
-0.76706
4.13452
0.78767
4.14930
-6.90681
-3.63897
12.41004
0.62439
1.23690
-2.71102
1.95858
-1.04840
-1.69359
-4.33153
0.44387
0.81976
-2.19365
0.86605
-1.60829
1.15795
5.52263
0.23451
2.02479
-5.51323
0.06772
-3.34768
6.37446
0.76832
-3.48999
-2.41956
3.11020
0.70884
-0.42689
-6.74664
-2.33432
5.52432
1.35006
0.65520
0.18525
2.99109
-1.59431
-3.09534
1.10768
5.70194
-0.65904
-5.28306
-2.38342
0.42384
6.59046
1.83768
1.54792
-3.66447
-2.24657
-3.80726
6.64438
1.58155
0.96638
-1.29757
-0.10477
1.16785
-3.99620
1.07774
-0.84520
-1.04815
-2.07366
-0.33666
3.85019
1.33466
-2.80098
-5.65510
-3.55193
-3.13366
-2.96340
-1.56850
-2.30841
1.88976
-4.45818
2.69381
2.79039
-0.60726
-4.52817
-0.01353
-1.52626
4.52636
0.81511
-1.48282
-3.05458
1.03595
1.15799
2.12798
-1.16222
0.76803
0.11898
-2.08590
0.49130
6.52424
-0.51246
-4.74387
-1.54498
0.94913
-0.19142
-3.68372
-0.76754
7.53313
-2.68380
2.47877
4.25936
-1.29378
-0.19810
-4.62739
3.50143
-0.38772
-0.75007
-1.85619
2.93431
0.59094
1.41582
-0.28414
3.38678
-1.38492
1.93714
-1.72836
-1.15104
4.05230
3.99138
2.64265
-5.68371
5.96475
0.94362
-4.58969
7.59468
-0.08282
-2.00772
-1.08564
5.08388
3.64319
-1.09413
0.21193
0.15181
6.14486
4.19464
2.74866
2.93766
2.33901
-4.25513
4.33323
-5.25586
3.18454
1.25890
2.59367
4.31352
-2.80918
4.35930
2.35272
3.49744
0.74452
0.85372
1.17226
2.27540
2.35659
6.92846
4.26304
-3.64511
1.85359
1.72774
0.36197
-5.49923
2.21535
-1.01248
-2.04032
0.25068
-4.78193
-2.32782
1.97425
5.15801
2.24841
4.32907
-3.05699
-0.75408
3.86804
-3.35850
-0.63231
-0.69492
-3.66140
-1.46245
-0.20972
3.18111
-2.89456
-1.49808
-0.08219
-2.84247
2.10233
2.45387
2.09707
-2.83761
-1.08758
0.27832
3.65696
2.40813
4.02897
-3.90861
5.74115
-0.64598
-3.47880
-5.10374
3.23872
-6.98911
-2.39001
2.50634
-3.74879
-6.50803
-8.79179
-5.69919
-5.23240
-2.76372
2.11889
-2.47319
-1.08386
-2.57316
4.16167
2.64122
2.23145
-4.57269
-0.63386
-1.68940
1.34560
8.93376
-0.61972
4.63118
0.53684
-3.60698
-2.03147
-4.52334
3.59912
5.52763
2.52231
4.48358
-1.28516
-6.61837
6.34032
1.78818
1.33744
1.31898
0.76800
1.03513
-5.39293
0.68055
0.96950
2.10619
5.67642
-0.11354
-2.54512
1.82206
-0.76199
-1.60793
0.03606
2.12349
2.63207
-0.90196
2.80368
5.04214
-3.67775
-3.35372
1.44649
-1.71285
1.55706
-1.83800
4.36595
-3.47746
5.47503
-1.25564
2.99617
-6.43377
5.91567
-0.08264
-4.44847
5.79721
1.15981
-6.46148
0.76309
-0.75751
1.84698
3.84977
-6.60781
-3.70880
4.41126
0.67977
1.10252
-0.87217
-0.74475
-2.18688
-3.94652
2.10670
-4.69597
-0.82147
-1.96868
1.42698
2.57200
-0.03103
-0.66129
0.30314
5.00897
-0.42642
3.81500
1.08408
2.02613
-2.58265
-1.72278
-3.11200
2.73459
1.25643
5.44156
-1.80720
5.17228
-7.44642
2.28967
-0.81683
1.66746
-2.29367
-2.94494
0.89830
7.02920
9.65585
-3.52231
3.74246
2.10272
-2.13489
-0.74846
1.46332
0.73540
-0.15502
0.48048
1.38328
-2.04268
1.63103
3.22804
1.72351
-6.26182
-0.85803
2.25367
-0.91652
2.20212
1.66369
2.09119
-0.28076
0.99448
-0.25576
-5.02459
-1.80511
0.90900
0.08138
3.26864
1.01520
-1.17443
-2.07686
2.98174
-4.63886
-3.88379
-0.97367
4.61053
2.96176
-4.05883
7.94821
-0.46975
-2.16525
5.27135
1.97393
2.80108
2.83743
-0.68425
-0.85092
-3.68538
1.27527
-8.74557
-8.01609
0.45670
-3.86356
0.20095
-4.31556
-2.16383
-0.52466
0.17910
-3.77517
0.59488
-0.64274
-3.81610
-0.89402
-2.52628
0.54581
-9.52120
-5.79024
5.70716
6.82819
-1.99038
-2.08519
2.67910
-3.13075
-0.61562
1.18975
-0.35558
5.21077
2.35845
2.60808
4.50509
-0.77550
0.69388
2.12735
-0.85624
0.88509
-6.90315
-2.78467
3.67572
1.38350
7.13633
-3.79365
4.00937
1.43862
-1.24233
1.31337
-1.54804
-3.32751
6.40030
0.31679
-6.64802
-3.96711
-6.87635
1.40085
0.13482
-2.07219
-1.83939
4.85559
0.12785
2.96222
-5.61632
1.20281
-2.39507
-3.34340
-0.36529
-2.95325
-1.09643
0.00199
1.40250
1.93625
-4.69941
-0.53478
1.49280
0.55868
1.14731
-8.54696
4.35358
-4.01761
1.94943
3.04574
-0.90487
-1.97402
-0.98146
1.74865
-4.95141
0.62054
6.17166
3.89887
-2.04605
-2.24902
-0.69641
0.31937
7.03773
2.35250
1.71050
1.32503
2.40093
-1.39924
1.35557
-1.69997
-0.18155
-0.79275
4.54692
-0.56083
-0.19262
-6.75599
0.17727
-2.98564
-5.27519
-1.90676
1.35876
0.48579
-2.77495
1.56938
-0.96856
-3.06939
2.58141
-1.20719
0.45800
0.11409
4.87520
-0.47276
0.29234
4.52435
-2.18382
-1.39280
2.54823
2.79842
6.15270
-7.07771
3.46180
-2.09740
-0.79327
4.97641
6.85470
0.39330
-0.59863
0.58485
-3.19469
-0.47939
-1.33708
4.16097
1.91156
2.29874
2.09800
-4.39194
4.95825
5.88780
-8.35242
2.98199
-0.80332
-2.68223
2.69298
1.43553
4.13836
4.22970
4.50357
2.54245
-3.11619
1.84308
5.48133
-2.22875
-2.90186
-1.29856
-0.09120
-1.30504
0.67565
-2.55019
-2.45540
6.33392
-2.27838
6.03706
-1.73800
1.54130
-3.92893
0.90813
-2.68733
-3.98319
-6.22982
2.34720
-2.15686
3.00223
1.35058
4.93465
0.15917
3.24051
-1.66906
4.47826
-0.93841
-4.57301
2.95969
2.62024
-3.95546
4.73240
-1.01782
4.03961
4.31873
-0.07954
4.08362
-3.01961
-2.07225
-4.61219
-3.21073
1.15180
0.79656
1.72477
-2.55774
0.92494
-3.19050
2.91522
0.92249
-3.98990
1.18215
-2.34532
-0.53502
-1.19790
-7.68984
-7.50488
1.64716
0.75763
-0.64967
-0.91081
0.96790
1.85265
1.84696
-0.12861
-0.76205
-2.55815
3.11234
-0.16183
0.28061
-3.11142
0.41249
-0.14567
-1.63195
-0.98634
2.48515
6.98795
1.74808
-5.05721
0.19600
3.28231
-9.48606
-0.83925
-4.05212
2.73660
-2.58792
1.53345
7.97672
0.95039
0.19955
3.57038
2.31685
1.66096
2.03130
2.86398
-0.04775
0.32448
-1.92626
-2.52704
0.40371
-7.37278
-4.34588
5.29545
10.44086
-2.14645
1.37081
-0.10385
-0.27336
0.19145
-3.33507
3.35068
3.20586
-0.60967
3.44250
1.54121
4.82905
-6.76681
-2.73360
-5.02548
-2.52134
1.11467
-3.09416
0.72354
0.19569
-1.76235
-3.71703
2.75052
-1.05560
1.06008
-4.36490
-0.27188
1.66971
-0.68871
-1.58206
-2.93282
-6.69854
-1.94799
-2.24977
0.46613
-2.58587
2.27953
-0.30399
-4.27577
-3.36315
-0.71847
1.34507
3.91346
0.13532
-2.54473
-2.25954
-0.14611
-4.47164
2.49135
-0.86879
-1.06101
-1.74401
6.46533
1.20575
-3.60520
-6.04887
-0.26657
-4.15333
1.52157
-0.12040
1.55157
4.31925
2.03738
-1.06685
-2.49054
-6.05267
6.49617
1.12797
3.90433
6.35610
0.62901
-0.53027
2.32367
1.02093
-2.60039
