6.27425
-2.33171
5.37133
0.60697
-6.87775
-4.25302
-2.73582
4.41043
-0.87833
-1.37205
-3.64081
-0.78425
2.90993
-6.75158
-1.95030
-2.86204
2.60826
-0.95109
3.84026
-1.27645
-9.20024
3.33858
0.19267
5.73499
-0.79147
-8.96275
2.30998
-7.60372
3.10669
0.67969
-13.60803
4.12987
2.65314
3.70447
-5.40572
5.71213
6.59261
-1.01015
-4.82709
5.15147
-4.21784
-3.92450
-3.82489
1.22192
-0.32864
-0.99744
-3.38342
3.12145
-3.47155
-10.30854
4.06764
5.06897
5.34293
6.11487
-3.10651
2.39620
-8.94927
7.07098
3.97817
-7.93170
10.01302
1.72655
0.07908
-1.92556
0.95169
-3.82228
-0.99614
3.56039
3.35875
-2.25762
6.61291
-2.31805
0.79777
0.13843
4.33061
-3.79458
-7.92555
-2.67992
-3.71074
-2.97484
-0.21898
3.71526
5.47164
2.24584
-4.53517
-2.32574
-5.89080
1.56170
0.40020
4.32232
6.73482
5.48787
-1.58958
-1.89671
8.50951
1.11207
0.13308
-3.89457
-5.64135
-6.60955
-2.00868
-1.09106
-2.84476
-0.49233
-6.70019
6.08242
-8.02428
4.46705
7.48947
-2.21210
2.11263
0.49947
2.78054
-6.45388
5.09823
0.18850
-2.17061
-4.15028
1.03421
-4.60583
3.44330
2.80443
-1.26420
-3.24017
1.64256
2.70307
2.08323
0.44179
-5.28670
-0.02475
0.87824
5.06547
3.46917
-5.92761
-5.96226
-10.40800
2.10404
7.82086
-3.23578
-1.63253
5.84103
-7.20347
-1.03451
-1.04143
-8.27640
-5.81095
-0.12849
1.41382
7.29662
-0.86725
-5.78647
-2.42119
0.21359
0.74689
5.52502
11.03221
0.47858
-1.28971
-1.17160
1.52551
-2.20548
2.92005
-3.51529
0.55482
6.40772
7.73297
3.36450
-7.70133
0.24498
-7.59656
2.42975
5.78989
0.21983
-0.33845
2.12189
-3.00526
-1.04649
-3.22489
-4.78854
0.10017
-6.21543
3.42594
-2.95944
2.61028
-1.92374
-3.55466
-5.43332
-9.54692
-1.39751
0.65516
3.97834
-8.86461
5.87993
4.04838
-2.83445
-7.36391
0.54629
2.60639
-2.96269
1.83649
-3.98412
2.44144
-3.43496
3.72530
4.11560
-0.06842
-1.53105
0.31902
1.71466
5.33826
4.23967
1.63153
2.94399
1.43981
5.52239
-4.97408
0.26239
-6.21902
2.90462
0.12404
1.21117
-5.74520
3.14964
-3.34831
-1.97163
5.70500
-2.93296
0.22564
4.68821
3.20140
-2.56353
2.41058
-3.43342
-1.79041
-1.00019
-7.03218
1.85510
9.06290
1.39845
2.30006
-2.27565
-1.68985
-0.06723
2.59779
6.42806
1.37666
-3.05034
5.64103
-2.01109
1.24201
5.52118
1.28214
3.95430
10.95599
6.18159
-4.05554
0.44000
-4.27792
-1.21870
-10.15940
4.62433
-3.11124
-5.26349
0.45728
-0.57427
10.76964
-3.22471
-2.04077
6.34554
2.58456
6.88579
-2.54282
0.81683
-3.92439
3.41228
-0.80539
-2.83344
8.08413
-3.96017
1.51087
1.67962
4.31566
2.59918
3.06473
-3.19047
-1.65902
-0.96328
-0.23769
-6.32983
5.98821
0.21801
0.93843
-3.13638
3.54214
8.89003
-3.70909
4.90337
-5.79185
-3.39455
-1.04382
0.65564
-8.66596
-0.84113
1.02997
-2.13474
4.77637
3.21816
-5.17407
-0.41460
-3.98836
-2.64691
2.62119
5.55288
-0.41877
1.84940
-3.77389
5.47874
-3.90099
0.11251
4.45560
-0.74827
-3.88547
-5.07790
-1.63219
1.57600
5.48389
-0.94227
1.12431
2.24191
4.99558
2.98264
2.35521
4.04360
4.66216
1.64066
-1.82535
-4.33109
-3.59410
-1.89038
2.37977
0.33315
-0.38811
2.47789
3.67539
-1.93810
3.87902
5.41157
-4.05582
0.57595
-4.23673
-3.03725
-1.05730
3.81412
2.25735
-4.87191
-5.06189
5.77493
-0.83276
0.67404
-5.19583
-1.75509
-3.94077
-5.13086
0.83697
3.60059
-0.28244
0.95780
0.14131
8.34439
2.59975
1.08265
3.27465
0.94438
0.25517
0.60326
1.11072
3.87692
-10.13681
1.59211
-2.29328
-7.52831
1.10070
4.03267
0.96512
7.69654
1.84472
1.03192
-7.26226
-1.52397
5.60826
-3.63482
3.11274
7.54286
1.11513
-1.19827
-0.88019
3.40124
0.83516
-7.06707
9.40240
-3.81195
8.18440
3.80982
3.58231
4.70493
4.27440
6.21046
-6.05326
0.73792
-3.26221
-4.31767
-0.58840
5.20621
7.53167
-3.62336
1.38072
2.54196
1.68025
-2.17044
2.62803
1.24249
-0.28486
-5.94600
-7.85000
3.14813
-0.20175
1.80620
-1.00843
-0.14595
-4.06777
3.80531
0.43623
4.69567
3.27640
2.71342
2.23642
-2.08652
7.09520
1.86480
-6.90822
-5.22273
-3.29834
-1.25228
-1.60077
-4.16688
1.22835
3.77559
5.62795
-0.80314
0.64068
0.89209
-3.98608
0.21985
4.25921
-3.50238
0.55449
12.81268
7.74126
2.41785
-3.23107
-5.90088
5.88420
0.27554
-6.09179
-0.89776
9.31311
4.28015
0.98064
-2.81910
2.63714
0.99371
1.93034
-1.87761
3.12633
-3.49052
-1.66088
-3.49558
-4.84404
0.66413
-12.64616
-1.41380
6.00890
3.32500
-1.26058
0.57124
4.91442
2.55373
5.30359
-2.23751
-1.16868
1.09433
-3.39703
-7.35372
-2.23103
-1.80326
-2.15998
1.78797
1.60648
-4.28893
-0.44654
0.62629
-0.97748
4.09835
4.49583
-5.15194
2.31452
-8.94237
-6.93227
-1.69025
-1.09287
3.57580
-6.02818
-1.02028
0.63940
-3.33948
2.02669
2.64273
-3.32823
0.84604
3.00388
3.45632
-0.68663
-3.52631
-2.63120
6.49445
-1.85973
-2.56170
-3.41358
-2.55995
5.28000
-3.56424
5.29079
-4.03936
-2.89808
-0.92092
-0.97492
6.61432
2.90173
-6.53541
-4.00788
2.37317
-5.28909
2.58949
2.15960
-3.92569
0.38303
-5.31081
0.49141
-0.43562
1.38691
1.06532
-4.86773
-1.04950
-1.26960
-6.58037
0.50393
-1.31438
3.08024
0.61082
-0.43792
-9.19267
-4.29715
4.35499
-1.01727
-4.25248
10.34260
7.33900
-1.85951
-4.27256
-0.99891
-6.94840
4.73481
-4.48548
2.73905
-0.31920
3.15001
10.37385
3.35336
-3.20818
-4.27149
-8.22321
3.30422
-2.81482
-0.25928
-1.30197
-4.43281
-3.09190
-0.04985
1.04529
1.76687
-6.39681
-3.94511
1.23152
1.30433
-5.12563
2.30722
-0.07687
-0.99272
-4.03969
-2.76280
-0.77847
-5.75811
-2.46024
3.13402
2.40510
0.32171
0.59388
1.43680
1.13302
-2.68929
-0.94105
-9.48318
1.13494
-1.76621
-2.23897
-2.47777
1.48668
-3.21704
-10.70311
-0.67202
1.86642
-1.14748
-2.48538
-4.46278
-1.30361
1.48158
-3.22525
-1.08097
2.21651
-6.21962
2.95914
-3.51474
1.29454
4.58738
-3.64442
1.39619
-4.81864
-0.16854
-1.92512
-1.18603
0.80754
-3.33930
1.57963
5.46572
-1.33446
4.38966
2.98978
0.19353
-1.72610
5.40418
0.99571
3.21490
-5.58982
-4.23598
2.79392
4.43835
-5.72215
4.25003
4.29460
-9.15029
3.13316
-1.09793
-4.66926
-2.46402
-4.00766
0.21867
-0.61924
-2.87846
2.55216
0.98236
2.24643
-2.98987
-6.92764
-2.89922
-2.35833
-1.38641
-4.65673
-4.78614
-0.79607
2.28963
8.26901
-4.40314
-5.62433
4.90675
-8.50291
-7.34953
0.00748
8.17115
-6.04780
-4.20609
0.33769
-3.93408
4.27834
0.81351
2.02997
1.35197
3.93831
-1.49533
-2.11599
-4.60899
-0.39982
6.08490
-7.58599
7.32316
2.73226
0.62776
4.04409
1.09049
-4.27577
5.66609
-1.44946
-3.79526
-3.91684
-4.96556
-0.87909
-3.14642
-8.63632
-2.80991
7.23571
6.87295
-5.30879
3.94560
5.02802
2.93732
-4.12548
-2.72482
-5.50932
-1.48708
-13.93399
4.63078
7.85075
10.56661
-8.24803
-13.32812
-1.07701
-5.18415
4.70184
0.64802
-1.48499
7.26070
0.74931
1.42988
2.71413
-2.70207
-2.02928
3.77196
1.57116
-9.34895
-7.63499
2.21071
3.15767
-3.77412
4.01563
6.57407
4.83180
-2.76031
4.02052
-1.85681
2.44424
-2.72541
2.82186
-3.34157
4.23612
2.48196
4.67731
2.31045
-6.18634
-3.96400
2.58264
4.47438
6.91459
-1.40704
-5.35727
2.45077
-6.16859
-1.36505
-6.71479
-3.95849
-0.33659
-2.03686
0.51720
-0.22368
-3.46579
0.13772
-0.84948
6.17993
-0.72183
-0.85503
-1.77003
-9.97548
-2.34969
-5.04877
-1.09631
-3.32506
-2.52845
3.27197
3.12886
-3.14234
4.53636
4.36241
7.13710
-1.54438
2.60943
-1.40057
-1.62907
-2.00656
-0.52320
2.05796
5.91331
-3.21555
9.15273
4.07258
2.59631
-3.46937
3.29733
-0.11155
-6.88932
3.87146
0.99614
-0.31594
12.35331
-0.08683
4.14304
-1.24242
3.54343
-3.03711
0.13132
3.03758
-8.89931
-0.26348
0.63443
-3.53808
-5.60287
-9.64182
-3.52865
1.04203
-0.84618
-5.81093
-3.24939
7.38347
1.74393
-0.35294
1.66419
-0.13082
-2.79983
3.83955
0.88621
-14.13648
2.14311
-0.40452
3.24536
3.32890
-1.19013
5.48272
-3.52120
1.11461
3.51222
3.93017
3.16747
-0.48705
0.31685
-1.74221
1.74029
3.12870
3.67164
-4.50935
1.07869
0.93593
0.79371
-4.62609
-9.65326
-3.76153
6.00575
6.63832
-6.76654
3.55241
-4.57540
1.18954
7.04297
2.01956
-7.28776
1.37044
-3.38259
8.29884
-7.27805
4.72827
4.25012
-3.05900
-1.11139
-1.16955
3.85997
-8.31455
0.56381
4.19571
-4.16647
-8.43568
0.63491
-13.24479
-0.20670
-12.30146
-1.38678
-2.43764
0.74310
0.88247
-0.58583
0.09152
-7.94091
-5.72287
-9.17230
3.93995
-0.34866
-2.43119
9.63477
-0.86913
-3.38912
-3.51438
-2.41061
2.64316
-1.44305
2.67716
-1.55806
2.75081
1.72443
-1.67999
-5.63136
-12.82825
-0.14758
-0.17700
-1.33879
2.26183
0.08579
-2.13756
-5.75516
6.96997
7.36771
-1.56393
4.71572
-0.45971
1.00987
1.20570
6.78892
5.18399
-8.67343
1.10015
-2.33150
-4.65784
1.41443
-1.58165
8.11906
0.55443
7.72508
11.64416
-11.06547
5.18288
2.60593
0.58768
-7.63540
-0.43473
-1.67643
0.51774
8.91798
-7.11867
1.00688
-0.53207
-10.03324
-4.05819
1.08370
-0.83843
7.64268
5.02402
8.16927
9.02182
-10.89386
2.02843
1.43871
1.21823
2.20438
2.93983
-2.67978
1.08937
-1.84838
4.08602
-3.51095
6.23049
-9.19529
0.58446
1.99975
5.45766
5.20190
2.17016
2.74551
-15.61960
7.95788
-6.99562
-1.34004
-2.23956
2.97678
6.45092
-0.67995
0.91892
5.71399
-2.59028
-6.97628
3.91852
-6.25951
5.44171
-4.76774
-1.68248
4.67792
-4.88817
0.19884
-6.89553
-2.73621
6.67957
-2.38826
-2.29709
-5.45675
1.35773
2.33764
-9.03499
9.13073
2.13357
-7.73176
7.25107
-5.05551
1.05631
-1.41176
-5.35327
-8.83755
-0.90387
-5.03049
2.85368
-1.92748
-5.41218
-2.42114
6.54189
-2.96984
-2.71710
-1.68594
3.35236
3.68672
4.60492
2.07157
7.37850
-8.70074
-2.54040
3.17717
1.35986
5.29303
4.65649
-4.73719
-2.82550
-9.30806
1.61945
-7.21341
-5.53738
6.57234
1.28898
2.64852
4.09309
-1.52396
2.16914
-5.96471
0.74835
0.41905
-2.81541
3.49045
2.18932
-2.14538
1.40248
5.66559
3.21093
6.30663
-2.25192
-1.93997
-4.64038
1.08391
-6.36216
4.34446
-1.11341
0.86457
4.09244
-3.93332
-0.12601
4.74616
3.90853
5.26741
-6.90026
-1.95290
2.22609
0.13533
-0.71632
0.78070
2.54842
1.99046
5.43172
-2.92139
-2.70712
-7.01769
-4.06286
8.74544
-2.70230
-0.13538
-2.75286
6.67933
-5.43466
-2.48043
-5.16239
-6.00168
-3.42363
-5.55091
-13.25769
1.45610
-5.56945
3.97229
4.84229
-6.23451
-3.38885
-1.11675
-1.40202
6.07799
-8.56681
-4.68865
-4.02096
2.46006
0.59117
5.15712
5.85316
0.12598
-3.34780
-4.07403
0.24687
-7.40735
2.24583
5.99828
-1.03027
-3.15347
-0.53277
0.67388
3.51389
3.92147
-1.15919
-0.43046
1.35728
3.94318
2.97413
4.82645
-3.81958
6.57419
-1.63878
-6.62493
8.20289
3.75320
4.24458
1.18814
-0.15240
-1.76684
5.96114
0.89423
3.42403
5.37822
8.71890
-0.54077
6.01036
-1.34199
3.62747
2.61978
2.17900
-0.91059
0.20226
-0.24161
-3.12895
1.47958
-6.31224
-3.85081
3.21691
-1.34645
1.12625
-7.72614
1.84473
3.18392
3.22588
2.89711
7.68190
1.79302
-6.70558
4.25765
1.58565
5.30216
0.79667
5.83397
-4.52667
-1.02920
0.41190
-0.16607
-0.86627
-0.12941
-1.05282
7.94897
4.25202
-1.05885
8.42864
-7.75044
0.67335
-1.45726
-2.57253
-1.05966
6.02325
0.99458
-13.47911
4.69921
8.56774
4.73954
-2.30149
-0.28515
7.32904
4.94673
5.19027
-5.19664
10.02677
-3.12785
1.81355
0.30861
-5.64830
-6.17017
-3.25113
0.89436
-4.71197
-1.58069
-6.00339
-2.96568
-0.14481
-0.87616
2.88169
3.21943
-2.61605
-3.67766
4.03408
-6.12183
2.04713
-5.38672
3.59029
-3.60894
-2.92362
-0.03067
0.58655
-3.06359
-7.74612
-3.35448
0.18885
-0.02391
-0.84976
-0.96940
6.49582
-1.14355
2.73305
0.56452
-5.54664
-0.93097
0.32311
-5.06071
-2.28493
-3.24184
-2.56382
-2.12110
-15.47605
-4.77492
4.85865
-1.20198
-4.06547
2.95475
-7.56073
0.50074
-6.13441
-1.67837
2.16958
-2.44273
-0.46115
-2.96720
6.10892
7.30284
0.12867
4.31928
9.15746
-1.75034
2.62595
6.08720
-1.63900
2.79601
2.72271
8.39912
-0.92832
0.84464
5.50382
0.19143
-0.64876
-0.29105
1.52022
-1.12417
-6.55509
5.69835
4.19288
0.41085
-1.39769
-7.53832
-4.52713
-2.67718
-3.89794
-8.09286
-5.54183
4.44781
-1.07497
-6.18175
-2.95819
-2.82629
-1.36399
-5.73030
1.28700
-2.13186
-1.52209
2.48200
-3.63718
0.16509
4.33754
3.60301
1.71825
-0.85923
7.66473
-7.98490
-2.84212
1.93165
5.29881
-4.74081
5.51491
0.47460
5.85208
5.84605
-4.25450
-1.20269
1.81015
1.61032
0.47156
2.69288
-5.01906
-0.84137
-4.53332
-2.31901
7.16295
3.19614
4.69751
0.65783
0.14563
-1.22733
2.10013
6.97081
-2.71661
-4.64861
-0.68980
1.83895
-1.77461
-1.46813
2.30533
1.70127
-1.97267
8.45184
0.35759
2.89147
-4.47069
-1.24392
-4.58349
-4.18169
3.20168
1.53568
-4.60969
5.48256
4.39068
2.15020
5.77292
-10.00683
1.72550
-0.64744
4.66821
-3.60341
7.30861
-7.49827
-2.85565
2.23413
8.40163
-7.23036
4.32318
2.22417
3.60647
1.80923
-2.69015
0.87920
-1.96880
1.55978
-1.84414
-3.86393
5.42578
-1.29003
-10.07812
-3.48093
-0.18699
6.99910
0.17064
-4.44336
0.11882
1.88112
-1.52464
-3.21764
4.44864
0.74305
3.17724
-5.75322
5.22992
-1.04193
-1.65423
7.39026
-2.89426
-0.87293
6.29706
-4.27194
-2.54969
-8.03835
-1.66673
-1.03000
-4.18258
3.98103
-2.89483
4.07323
2.84003
-5.63855
-0.23884
0.55317
-2.93264
7.23413
-1.26877
-4.23206
-2.51105
0.98100
-1.66030
-3.62766
-0.70341
-6.48859
-1.22652
-5.59693
0.69174
3.36795
-8.11000
-0.70725
-2.83214
-3.70010
-3.27740
-1.10579
-0.26016
3.98538
1.01256
-2.84734
5.61081
10.74355
8.27794
-1.99388
5.04540
3.80462
4.59652
-3.04884
5.08921
-6.39748
-8.33854
-0.81976
9.21307
1.87326
0.62109
-2.61316
0.19101
-0.49902
6.24296
-3.11874
-1.36604
4.86457
0.88804
-0.59781
-4.12068
10.57833
11.02313
-4.11379
-1.07641
-2.15078
5.40363
1.30916
0.29781
-6.46317
-2.09354
-1.14004
3.33341
1.83980
4.29269
6.60922
1.66510
-5.99828
-3.52788
-3.80499
-0.58617
0.63154
0.36596
3.33048
1.97786
4.11410
-2.31157
1.45262
4.90341
-4.12661
5.73421
1.40073
0.68491
0.56251
2.38707
-1.33102
-3.22776
-1.52025
-2.62982
3.39917
-5.41756
-2.76632
3.75572
1.65309
-5.11140
1.16671
-0.12327
-5.04852
-2.76510
5.62002
2.33046
-1.95956
2.90098
-6.10928
-0.02875
2.86458
5.60784
-0.86290
4.54683
-3.87471
8.07549
-6.43356
-3.44184
-2.95593
2.33765
-2.52307
-2.59946
-3.40800
2.57760
-0.24309
0.61195
9.46290
5.28710
3.17970
-5.50236
4.86214
3.24247
2.98468
2.78263
-7.85033
-0.48853
0.02993
3.92579
-2.21115
0.46732
0.97014
3.54206
1.50027
2.68184
-0.16781
-1.51946
12.47413
-5.88438
-3.35910
3.11108
6.61581
5.89842
3.60891
1.62257
0.38692
0.91688
2.33858
1.29748
-0.30741
3.55385
-1.57198
2.60552
1.36896
-3.70241
2.03464
2.14410
-8.76251
0.15492
-6.76720
1.10683
2.82612
0.83443
5.87012
-3.98101
3.38061
-1.89840
-1.23775
0.03091
2.28674
5.75824
1.08126
-1.12989
5.83923
3.55618
11.39379
-5.35667
-13.81347
3.14169
2.56200
3.71711
-3.31011
-5.64234
2.37647
9.16023
4.26497
-4.76220
0.87442
2.42541
0.22960
3.30919
0.39576
-1.54511
0.38712
3.66102
9.20637
2.74640
-3.41904
5.33645
2.24078
1.46025
4.85808
-6.03149
-7.63572
-2.97879
8.56424
5.89061
-2.35284
-3.63217
-0.90542
-5.86788
-9.31972
2.34069
2.85101
7.92884
1.64028
-2.09585
-4.60214
0.45952
2.78223
1.10490
-5.09832
-6.13081
6.68987
-2.44267
-0.06217
-2.19834
1.15793
5.89160
-0.26131
0.32503
3.92042
-4.07166
-3.77573
-0.36391
-2.69349
1.29327
1.58675
4.98885
-5.71422
1.45265
-1.94467
-0.10757
4.20712
2.72251
4.59208
9.13196
-0.54746
1.04275
-5.08960
-0.16215
2.26545
1.17660
1.74058
8.36205
-4.22665
1.64066
2.77667
-3.67824
-4.45393
2.35852
-5.87838
-0.00042
5.47085
-2.90205
-0.60547
6.73511
-4.22722
4.14577
-1.24301
1.57094
7.85839
-11.21308
2.98812
4.26216
-10.05062
-0.56995
1.36602
5.67877
3.56654
-0.09030
6.84497
-3.95612
-0.48894
-1.07758
3.59537
5.96206
-0.30878
8.01405
2.97202
2.19118
-7.17041
-5.78948
-2.06100
3.80613
-1.81684
4.61325
-4.61904
0.51794
-2.10115
-5.78835
-0.31912
-1.26246
4.16733
3.43418
0.58802
1.04454
-6.71755
1.63274
5.69625
-1.63855
0.13412
1.03939
-0.72586
-2.08900
-5.49774
0.50582
5.88320
4.56979
-1.63843
-2.76232
-0.89766
-0.50948
0.96495
-0.60626
7.59998
-3.72362
-1.53373
-0.07648
5.61675
-4.27467
-0.63760
-13.08146
2.55515
-0.06242
-1.31602
-8.82274
-5.52363
10.91283
0.03730
-5.03149
-2.67275
4.42364
10.46251
-0.14668
3.96994
5.69927
-7.40075
0.33053
-0.01363
2.21039
1.80284
4.75112
-1.11606
4.83797
-4.38864
0.74217
-8.01942
-4.81924
8.33538
3.22490
-0.20958
3.21415
3.52482
3.84742
-1.45451
-7.50700
3.64691
2.33222
1.05248
5.38854
-4.74026
0.63304
-2.45661
-0.36294
3.15211
2.58206
0.33288
-3.36432
3.67095
-4.00138
1.03166
-0.64595
-1.43192
3.91639
8.22929
-1.63693
-0.42710
-0.20107
2.35566
1.58705
-0.35338
0.94705
4.11122
0.55761
9.48696
-0.33013
-4.13161
-9.70805
0.12618
0.36717
2.03372
-3.40119
-3.72650
-0.34001
1.22030
2.54103
0.25407
-0.16461
-3.95537
8.24716
2.20151
4.03056
-6.78134
-0.11889
-0.66859
-3.47026
-1.04482
5.65047
-2.29320
3.70753
2.20655
3.46768
3.27501
5.64155
0.39696
-5.81639
-0.72943
-11.92017
-0.91590
-1.55441
2.51798
-3.27293
2.43632
-5.91505
-4.20684
-2.38426
1.74988
8.14901
3.90291
-1.31813
-6.26353
2.07243
-7.65639
5.16329
-2.61311
0.96468
3.97465
2.24377
-4.51385
5.18961
-1.88227
-2.62929
-6.31477
-0.97411
-4.67585
3.52888
2.92987
-8.40412
-6.07334
2.95881
-4.84098
3.84383
-2.00199
1.36802
1.16464
2.02956
6.22046
3.98870
-2.11354
3.80439
0.74466
-5.64311
-1.34827
4.84359
-1.42885
7.25841
-5.61551
5.33283
-2.08186
-4.20499
7.77492
-2.70289
4.95926
3.52157
1.60529
3.86374
-0.15291
2.27433
2.88699
7.24467
-0.04662
2.86244
4.63844
-0.83835
-6.83444
2.70904
-7.09928
-6.53991
2.99399
2.66988
-3.09986
-3.89861
-0.85759
7.77841
-2.76656
2.82311
-1.90830
-2.49540
5.29066
2.00996
4.53931
10.69290
7.87178
-3.76796
3.53779
9.19046
-0.33470
-2.72588
3.91683
3.69866
-3.15060
7.45650
-0.07681
1.73171
-2.39661
5.45349
1.57050
-3.31851
0.59040
-3.84323
-3.99521
-2.78031
-5.01787
5.49058
5.96651
6.84178
4.43750
-10.63487
1.41963
1.71272
-0.31343
3.31963
2.52236
4.44004
-3.00326
-0.12877
0.07256
2.25367
1.73177
-6.45493
6.01467
3.14974
5.07534
1.60089
1.47910
8.59389
1.12263
0.45294
4.67816
-1.21414
-0.38433
-1.73394
6.73212
4.75819
0.13309
4.03754
4.90489
3.59060
-4.66201
2.74238
-6.87547
0.01687
1.23178
-3.27239
1.11378
-6.55278
7.08503
-2.03719
-9.40339
0.49115
3.01788
4.84618
-3.48215
-4.35692
1.54060
2.60854
-4.52626
-1.38810
0.65303
-1.14415
0.19503
0.51211
-1.04270
-0.87344
0.15602
-9.02061
-0.32508
4.57835
4.05390
-4.56043
-4.21694
2.86813
-0.54263
-0.06101
-3.26931
2.14615
5.44473
-0.03429
5.95153
-0.48526
7.77564
-2.12009
-3.03138
1.75011
0.36717
-4.95115
9.33671
4.16163
9.00825
6.42413
1.41902
-0.72681
1.51482
5.82382
6.58843
8.23406
0.09085
1.34395
-2.67092
1.20089
-3.43211
-1.47713
0.30663
-1.25087
-2.56880
-0.04131
-2.96417
-1.34361
-5.55011
8.00828
-8.68712
0.97477
-2.78410
1.69372
-5.95036
0.78103
-5.71098
2.90003
-0.65960
-0.18878
4.94006
3.24553
2.18013
0.54080
1.10364
9.19537
-1.64293
-0.80818
-2.45989
-9.34067
2.31551
-8.63201
-1.56053
-8.39836
0.81799
6.45717
2.05201
-5.82107
4.66758
10.07917
-2.65081
-0.23348
3.41248
-9.83228
-0.65127
-1.40654
-1.43321
2.56877
-3.25978
-4.93762
1.86046
1.70408
-2.77997
-0.40923
-2.86229
-2.24471
-2.26289
-2.39022
3.07530
-4.88881
-1.12539
-0.35426
8.43744
-5.21292
-4.58097
0.54569
10.70179
3.84775
-2.05448
-0.58366
0.25391
0.11028
2.36332
-9.65380
0.44450
5.93832
-7.40260
-1.03745
-1.50631
1.21538
6.99525
-6.48325
1.49057
-0.20259
-2.66506
-9.24488
-4.89044
3.45257
-3.93046
-4.30030
0.35720
-4.56343
0.75583
0.33402
8.18523
1.40360
0.05984
3.56290
-1.22702
-4.17280
-9.37645
1.98215
1.51824
9.72290
-4.74765
1.49876
4.24856
-1.52307
1.02030
-10.41167
-4.06472
-9.38261
-2.09052
2.42959
-6.21884
-0.14550
0.33532
2.52423
-2.39380
-3.41685
-2.66216
3.88959
-4.17158
-3.35571
-4.54811
5.69255
-7.49031
-0.63478
4.04727
6.44402
8.24539
-0.89416
-10.50360
-1.82028
1.35411
3.83087
4.94490
0.31016
2.96677
-2.18078
3.55226
8.45172
-0.12221
0.92087
-4.21295
-4.41614
-5.74600
-0.22979
0.53367
-4.34487
-3.95346
1.58290
0.09636
2.00913
-1.57289
7.26125
-7.05447
-3.81797
-3.28411
1.54481
3.38049
-3.35720
0.30857
-2.58995
-0.86786
3.59215
-4.31503
3.66756
-5.83521
0.66131
-4.72683
5.48848
-1.15101
3.29267
-3.93875
-2.80541
3.03824
0.05469
0.11559
2.22446
-0.16995
-3.74766
-9.85994
-0.14101
-0.55144
-2.90090
-2.34867
3.70492
4.84387
4.03666
0.25910
2.06274
-1.01677
-1.25699
3.28230
1.71114
-3.98020
1.76421
3.10442
-4.71472
4.86581
0.22221
-2.69523
-5.93805
4.24798
-0.59846
-2.68987
-1.21685
9.74230
7.51422
-4.84149
2.30594
2.52689
3.51497
-6.78288
8.16420
-4.78381
-7.38359
7.61455
3.96280
-0.88533
-2.30292
6.89477
7.11107
2.20980
-3.70372
-5.67323
1.62181
5.18563
-7.68153
10.86545
3.09149
-5.33440
-6.01395
-3.46210
-0.48738
0.78347
-1.71292
-6.20485
-2.39174
-7.21958
4.68165
0.60678
2.84222
-3.06465
-0.18979
9.93321
1.55597
4.96909
9.33595
4.43270
-1.45280
7.70446
0.67119
-0.63478
0.33791
-0.50797
1.15467
-0.69192
-0.83084
-5.15843
-4.64557
3.46737
-4.31920
0.10508
-2.43017
-8.94661
-1.00105
1.13597
3.93169
4.49629
-0.25550
1.41931
1.50232
-2.51991
1.19087
-3.86707
5.97213
3.72692
7.07278
-3.59953
-1.04166
3.48109
3.51211
9.14426
7.77274
2.13669
2.06839
-3.06063
0.76184
4.64943
2.95561
0.91337
-0.72473
-3.68228
0.43377
-2.72344
0.31436
0.67405
3.76472
5.17173
4.26250
-1.56164
-1.22256
-7.15417
5.04781
5.56248
5.16180
7.46802
0.02552
-2.43425
0.58848
-3.09383
7.97643
-0.07765
1.36759
-2.82926
2.99850
-4.97207
-3.49496
-4.18055
3.54051
0.08263
-2.04918
0.45977
-10.13115
0.78765
8.95212
-2.35904
3.35215
-3.73349
9.73428
-1.35754
-0.75922
2.34829
6.98244
2.70828
0.94978
-4.20692
-1.18112
-3.95941
-1.72472
-4.75579
12.44135
-0.31926
-4.27165
3.92870
-1.68492
1.52616
-9.03318
-4.52766
2.93516
4.88715
-5.13708
2.09091
4.53838
-6.94677
4.19934
1.93120
-4.93277
-1.75202
6.09027
8.53598
2.73622
3.38996
-4.34635
1.00843
0.95542
-6.92073
-0.73595
-5.04577
5.81957
-4.27186
3.86236
-0.44554
1.57050
-3.10035
3.06212
3.94982
-5.16253
-0.80528
0.58160
5.92412
1.58427
-1.71608
8.99703
-4.66702
5.79986
-1.06161
3.04848
-4.57641
-5.06065
-0.67432
-6.73371
-11.09381
8.01915
-3.11036
1.70626
0.19075
4.77789
2.65363
-7.01532
4.65135
5.27478
-2.03961
6.10502
-3.55904
-9.16957
-0.36018
2.77449
7.40941
-4.09269
-1.72820
1.99028
-4.70757
-1.64505
-2.33155
-3.56842
1.53482
-2.08077
0.80290
-1.46174
-2.15571
-2.59114
1.89425
-4.13701
-0.11498
-0.06680
-4.66929
-7.47114
-3.69451
7.09299
7.77778
1.45738
-4.72900
8.93436
6.38780
-1.63404
9.49255
3.05710
-3.10209
-4.32418
3.12584
-0.67117
-12.32795
3.47106
4.52274
1.95295
-0.03457
-6.36559
-3.86292
0.43883
2.76582
-2.82222
2.90032
-6.61459
-0.31702
0.69396
7.53225
-3.73115
-3.95767
3.58184
11.99377
0.24234
0.67095
0.81403
-1.28432
1.02275
3.14172
-3.29261
-3.52393
4.57504
-4.93847
-2.47528
2.20951
4.04090
-3.62734
2.21563
0.43448
-4.22929
-4.44826
0.71854
4.32225
2.54534
-0.06486
-7.35834
-2.26050
-8.74559
3.63633
-0.83111
-5.34867
4.90325
-0.69884
-1.23748
11.85902
-1.76067
-1.99676
-2.46616
2.99196
-9.93713
-5.06258
-0.71288
1.43479
-0.88516
-9.52309
3.32680
6.17939
-2.71964
-7.69290
-1.19985
0.33875
4.77220
3.91336
0.26684
-3.64196
5.70489
7.24037
-5.09342
-4.98013
3.37724
-7.84039
-1.22280
-4.36817
6.35123
2.80012
7.55967
2.87919
-4.54103
4.42794
4.93368
2.65381
-5.76604
-4.42102
2.83327
4.43352
2.54700
-0.19798
3.38596
1.97263
-1.76215
2.17442
-2.35809
-0.39844
-3.03967
-0.47227
3.59177
-0.93306
1.50980
-3.18760
2.88933
2.10822
-7.69165
1.58577
-1.03001
2.07819
-1.34604
0.51211
-2.62549
12.05484
-5.78118
-1.59792
0.29179
-0.62323
-0.48607
0.56317
5.93065
2.73890
2.20529
-1.56335
0.25291
1.34684
1.65230
1.14176
-2.09490
-4.20561
0.35586
-1.99244
0.47088
-0.86602
-1.01264
-2.65844
-3.78624
3.62150
0.16154
0.18346
4.76902
1.21055
-0.83051
2.86307
0.76754
-3.40688
-3.41361
-5.02017
-1.91312
-1.63221
-5.30945
2.57563
5.06863
5.57853
2.25219
8.30474
5.82571
1.22176
-7.07635
13.79879
3.74722
2.04855
-0.42378
-1.99701
0.96139
-0.97748
9.39727
4.15500
-13.55456
-4.74834
1.89513
8.05684
-5.00917
1.02640
-2.65588
5.34847
-2.65737
-2.69244
7.48175
-0.67783
-8.75380
5.82876
-0.64519
-6.07366
5.60297
-1.33347
0.99202
-4.23154
-0.67100
-3.78109
1.40598
-5.16617
6.30016
-0.15695
1.29383
-4.30620
-0.32008
6.28310
-0.07748
-6.21527
1.87336
-9.92392
-2.17741
-2.39444
0.19593
2.99205
1.94371
3.45385
0.35969
0.21068
3.13696
4.76035
1.05476
-3.71849
4.78448
-1.80138
5.82219
-2.47413
0.99977
5.79733
-2.23840
0.35689
3.59471
3.56538
2.99852
7.55303
1.33730
0.11061
-2.98041
0.74672
-2.93444
5.70016
-4.26793
2.52878
0.62335
0.72675
1.41327
3.56420
-5.03325
-0.75656
-6.78910
0.72584
4.82374
0.69564
0.97113
4.32267
1.68006
-4.38198
-2.16071
5.17577
-2.56723
-0.65881
-3.27338
-3.29881
0.92008
-4.60184
7.41194
0.93767
5.68823
-0.23091
0.48714
1.50103
6.57854
-3.97591
2.00842
3.34133
-7.02975
5.19226
-8.94442
2.55566
-1.53912
5.53145
5.37742
4.47379
2.06504
-3.52266
-9.88974
1.45862
0.44951
-1.88072
-4.02404
-2.74970
1.05944
-5.28555
-4.61640
-6.65932
1.93355
-8.54841
-2.15810
0.31359
2.11942
6.46927
-6.36069
0.80779
1.39093
-4.41909
1.42772
1.57518
-13.57288
10.92470
4.76105
-3.22509
-5.74071
-3.19666
4.97503
5.69259
0.52411
-1.89320
-2.93971
2.18154
-3.86027
-0.32548
6.90915
-6.62420
7.54370
1.48787
0.91588
-2.22927
3.49663
2.74778
-1.24976
2.61155
-0.70225
-0.47601
2.39384
6.78052
-2.26223
-3.76152
-9.73534
-0.10330
-0.85484
-0.18099
-3.02886
-3.96992
-1.44126
10.83228
3.54131
2.09670
-0.46593
2.52404
-3.95898
-6.59781
3.97286
5.93507
-0.37561
-2.49512
-7.15542
0.20200
-6.71454
0.95981
3.58134
3.82855
-4.22218
5.06564
1.70949
-3.52427
-3.69368
0.50161
1.11284
0.09633
-1.66439
2.38619
-1.86342
8.19273
7.60715
-6.64279
-4.05325
-1.74667
-3.30899
-2.99320
-2.47095
0.01668
3.70215
-0.86912
-2.08675
2.10814
1.66078
-5.60386
-1.19639
-2.69033
-3.27602
-2.62964
3.15802
6.61106
-9.20819
4.41891
-2.59307
1.60948
-6.43337
-1.03565
-0.16423
3.01039
-0.60285
7.79967
-4.26078
-1.64591
1.88583
3.65073
0.10739
-0.78450
-8.93402
-3.24385
6.26423
2.44835
-5.46458
4.72620
0.70106
3.71604
1.99140
2.46659
0.51352
-10.08460
7.72316
5.03312
4.26272
-1.66071
-6.82108
1.68278
2.32222
-0.82594
-4.17141
1.89731
7.49850
0.68803
3.48350
-5.14127
-8.62459
-0.06287
4.95850
-1.96783
2.14558
-0.09927
-5.20677
-1.08596
-2.89274
1.12320
-3.12413
-0.03536
-1.86438
-6.48186
-4.05386
0.63398
4.37141
-0.99836
-4.73233
1.74077
7.05211
-8.92009
3.45097
3.31980
0.03174
3.16528
-2.07695
-3.19404
-3.42223
-5.20949
0.88705
-6.12541
3.41088
0.61360
-1.06956
-2.17614
-1.42545
-0.64101
3.66447
-1.31894
3.15402
0.54522
-7.11419
-5.28544
-3.89296
-7.12788
-4.89068
1.86818
-5.50249
-3.94502
11.39028
-2.23301
-0.75994
4.14286
1.14307
6.94207
4.20078
-2.83267
3.63882
-1.27158
-5.06464
3.04560
1.26883
1.66219
-6.09963
-2.87389
-3.47239
4.42099
3.72472
-2.34907
3.94298
-4.36000
3.90855
7.54915
9.39373
-0.72219
3.35050
2.65477
-2.61522
-4.94940
4.36695
0.47852
-8.41369
1.50802
2.98136
3.49092
3.05696
-1.56495
4.12296
-0.84186
4.39964
-7.60848
-2.39731
3.36319
0.45874
-2.65615
-5.12871
1.23389
-0.32160
1.45147
5.50594
3.79200
-0.69394
-0.71978
-1.26278
-2.14041
-1.46724
2.61397
3.10906
-1.29254
2.72984
0.36803
12.70416
-3.43372
1.14612
-0.99135
-0.51478
-6.82765
-1.06592
-8.66155
0.87652
0.02135
0.17215
0.37285
-3.57873
-2.30626
-4.32430
6.72938
-4.53900
8.70685
2.09135
0.17060
-4.58220
3.46274
-3.35311
5.18282
-4.02495
3.87516
3.78847
7.02294
4.31296
-1.69847
-6.76829
-5.27837
-0.36848
6.04749
-0.62546
-4.17423
1.83992
4.56543
7.62690
-2.16359
-3.59015
3.27082
2.43087
4.81018
-0.83750
-0.09083
1.39419
5.85042
6.01503
-5.64207
-2.39535
-4.69024
7.43313
4.12184
6.16665
0.40623
-5.55205
-2.64841
0.79042
-1.90218
-6.26750
0.87431
1.00327
-1.89264
4.22837
-6.71752
-1.19490
4.38215
2.70864
-2.15949
5.98161
-6.20583
1.74259
2.94971
3.35670
2.73207
-1.77067
9.54748
3.82919
2.00812
5.70541
-1.26826
3.95466
-0.06746
0.32594
1.39595
-3.42487
-6.67630
-4.93835
-0.46871
-0.63633
-5.04638
-0.78029
-1.55350
2.43473
-2.79353
1.34217
-4.00816
7.60687
-6.80913
1.41029
5.04046
-2.84434
2.02918
-1.24828
-0.09008
-0.18166
0.72956
-5.18280
-0.19376
-7.27495
2.39354
0.33098
4.68537
0.65697
2.90138
1.97110
-1.19030
-5.61487
-1.43788
-3.91952
-6.13601
-3.99352
-6.30858
7.65228
-2.05721
-1.22110
-0.22618
-2.74884
5.20390
2.31995
4.05335
5.73815
4.90791
-0.74585
2.82529
3.49621
4.10668
-7.76037
-4.92489
-1.89036
-5.62044
-8.66104
5.75769
-3.75654
-12.54559
-1.35723
-3.90483
6.43804
-3.58903
-1.04312
1.46335
-5.45910
7.34371
-0.31832
0.86871
6.00641
5.18062
-0.09619
2.46564
-3.16333
-6.25657
-2.86910
0.36643
0.41944
4.24298
6.72797
-0.80360
-0.33686
1.46214
1.52746
3.31387
6.25894
-0.75235
4.16921
-1.65263
-5.52129
1.04629
7.68004
-5.75644
3.20811
-4.55305
4.42562
-2.91560
-1.04278
-1.55773
1.43437
2.78577
9.75663
-4.08342
-2.99333
6.99140
4.25793
-3.44094
-1.76589
-1.35881
6.53179
1.76466
0.44576
-1.36550
-4.84713
-5.13478
-5.91275
-5.40721
-6.03007
-2.42643
13.73588
0.03307
-0.10128
-5.88051
-3.66761
13.77861
-5.10968
0.43412
-5.53147
-5.98777
-2.02404
-0.27055
-5.99844
-12.07287
3.65260
-0.80369
7.61139
-5.39221
-0.74954
8.28107
-1.58871
1.10479
-0.62222
3.08681
0.28890
-8.61271
2.81984
3.34668
-1.10754
-8.35217
9.50941
5.56398
8.98157
-4.71303
-4.85440
-2.25356
7.97002
-0.78633
0.49601
3.33334
-1.63294
-1.46914
-2.09884
-8.26014
3.52548
-4.13460
3.74228
-3.77600
3.57343
2.76509
-12.40847
-2.32733
-11.34961
-7.27813
3.61449
-4.25165
2.43536
2.22509
-3.52389
-11.00733
-2.76320
0.71573
14.58647
-0.35227
-0.31224
-6.12847
2.12245
-5.49060
1.10551
1.16922
5.25832
-0.59900
0.68124
0.47124
0.93807
2.92341
3.34805
-0.23327
-2.16076
-4.00406
-10.72680
-5.14296
-0.88476
-0.36077
2.06190
-1.47478
-5.03553
-3.85745
-6.69234
-0.55176
0.39098
-0.21436
-2.38266
-6.90558
-1.07649
-2.28766
-2.40817
4.77916
-4.33073
2.05261
2.81548
1.95170
8.63295
3.33050
-0.87190
6.39976
-7.64961
4.13966
0.57813
6.03310
-5.00403
-2.58136
-0.71795
-1.38905
-1.00583
6.44488
6.56473
5.46514
3.01562
8.12253
-0.80059
2.08723
0.13045
-9.99930
-0.43792
1.20501
-4.46145
1.31707
7.22071
0.20679
0.68497
-0.42309
-8.16830
-3.79733
3.68505
11.55472
-4.88786
2.89516
2.03141
0.62647
4.07773
-2.43378
7.20630
1.03168
1.73076
0.21836
-2.79385
1.98465
-2.27959
1.13097
-1.02575
3.78598
-0.10770
8.70431
4.25136
3.41688
-3.59439
-11.87137
-3.97579
-7.32864
6.99218
2.06961
3.86889
0.88392
0.23178
-5.40004
7.48921
-1.38654
-6.95287
5.06390
2.33139
-0.10401
-3.89280
6.51044
7.57130
3.48399
-4.98916
-1.41931
-3.00504
2.72631
-2.23373
9.57147
-1.36203
2.28732
4.00489
2.94855
-2.18281
-0.89960
3.77761
-7.67566
-1.26196
-5.06471
-5.81112
-2.54508
1.18378
3.22246
-1.17937
-9.02975
3.92938
-1.19800
-12.45375
-2.72780
6.95196
-0.43411
5.28350
6.29869
-4.65855
-4.00664
3.86249
1.36484
-3.18753
0.50976
-2.32977
1.88208
-0.29761
-0.45648
-0.56922
6.25710
4.97332
7.55725
-5.52664
3.94554
-7.05840
-4.47780
7.05786
-6.51972
2.66433
-0.16524
-0.50328
-5.11911
7.79283
-2.13263
-7.38964
0.13907
-4.29145
-5.69238
0.31813
-0.68481
6.10835
-1.31978
-3.01630
0.36267
-3.26859
6.16038
-8.11304
7.50464
-1.44950
-0.12980
1.02679
-8.20537
1.82137
0.76418
5.54707
1.71067
5.85769
-5.07312
0.97967
-0.24961
-7.65064
-0.87074
7.49396
2.70474
2.49518
7.56423
7.87000
2.90575
-4.99865
-0.91395
6.66583
-4.11115
-13.63817
-6.63455
-0.10064
6.00377
-2.38814
-4.39358
3.41667
3.60844
0.13998
2.03673
-1.59510
5.14090
-10.65362
-4.85544
7.44563
-5.41837
-1.60641
-1.83851
-7.58776
-9.69156
4.04620
-2.48744
-8.89464
1.40911
-3.23014
-3.35921
0.32456
-0.66242
-9.40260
-2.71712
-5.77794
9.31729
1.04682
-4.09140
-2.88589
-5.19361
3.72071
3.21705
-2.08566
-3.35202
4.94742
2.38622
-3.01846
-1.61549
-6.35395
-4.40206
2.28614
5.85565
1.29563
-3.33348
0.58911
0.46639
-0.46726
-2.69206
-0.94982
-3.57144
1.27183
-0.51899
3.26846
-2.96668
0.86703
1.79598
-5.31932
-6.81371
3.42980
-2.48725
-6.32953
-9.30908
4.74617
0.73899
1.06886
-0.53193
3.74735
-1.00539
-5.74388
-2.05685
2.77175
-3.40513
6.08037
0.74570
-2.75038
-4.51748
-0.88156
3.67764
-3.18192
-2.88406
-3.31009
4.97713
-4.68034
0.84812
-6.75397
7.14127
-0.59759
-3.44723
-1.82170
-6.65359
1.22672
2.61954
1.80942
2.46720
-8.36037
4.58865
1.29710
-0.05072
-7.65799
2.48393
2.59511
1.67020
-7.88104
-6.56836
2.95428
-1.22164
-7.09809
3.67312
-4.78543
-8.27407
1.49034
-1.48769
-0.10689
4.90298
2.73107
5.16792
3.17095
1.77575
2.03125
-2.11584
3.60244
-0.58818
-1.91901
-6.03539
-1.56420
-11.23787
-3.15300
8.03446
0.04665
-7.69761
1.94251
-0.50465
6.71188
-3.85768
-1.57257
1.97858
-2.30691
-5.75420
-0.35115
-0.70765
3.66071
-2.86145
10.58587
3.67032
3.85227
0.69268
-8.88473
-1.05584
4.83360
3.58514
-1.28891
-8.90133
-0.01091
-4.52187
3.20996
-1.41158
0.39068
-3.08378
-1.71297
-0.89846
-7.85057
9.09009
7.97486
-0.44968
2.79192
1.52876
-4.12138
1.29357
6.26085
-0.58426
-2.43216
2.89315
-0.16568
4.93810
-6.04144
0.26807
-0.37201
-8.18995
-5.52999
5.81697
1.39846
3.18341
-3.43922
0.76901
-4.27067
-1.55982
2.08157
1.92712
5.25423
-2.07241
6.90729
2.20905
-2.79101
-9.29531
-0.36896
2.08983
4.20233
2.86109
-2.17565
6.24114
1.22206
-4.69725
-5.05611
-2.21191
-1.44919
-8.58995
6.62681
6.17948
-6.21870
1.89486
-6.41825
1.18216
3.90957
3.11975
2.90590
-2.11830
8.22468
1.96614
-9.31673
4.23693
-4.32044
-4.10928
3.52495
1.94914
-3.08386
8.10866
-10.49118
1.50876
-1.10366
1.63871
6.68792
6.42231
-0.63594
4.06186
0.36101
-3.33762
-2.93249
-4.16444
2.03816
-1.03845
3.01514
6.12680
-0.42482
3.53867
6.85839
-2.60488
-1.81793
-1.14704
-2.18250
7.92380
-1.43212
-2.25779
3.98836
2.60160
-3.37080
-1.08699
1.14156
-4.70300
-0.20460
7.55215
-6.82110
2.43067
10.33768
-13.37865
-1.29137
6.30262
-4.33938
-9.27909
-1.27540
3.64269
-0.60651
-4.89783
-6.34530
4.66176
0.93563
0.55134
-4.19483
-3.72444
-0.04074
-2.88949
7.91546
-10.76871
1.82568
-0.91904
2.70993
-5.84721
7.16327
-6.34239
1.06066
-0.71621
4.57995
4.92919
-2.28689
-8.20838
-0.43404
1.05629
6.77492
5.10971
-1.56221
2.94263
-8.82058
-3.31366
2.16475
0.42226
0.13393
-1.71528
-2.96738
-1.92152
-5.25295
2.54299
1.36552
-4.89096
-0.72200
-3.03725
-7.40344
5.55055
-0.87697
3.02296
4.13745
6.73443
-3.10064
-3.48467
1.47300
0.96660
3.08672
3.66363
4.59172
0.48063
1.17476
7.75128
-5.87260
-3.33535
2.54302
3.99496
-1.86589
1.50494
9.92024
-0.79020
3.65549
-3.81467
0.41584
-2.90665
-0.64281
4.44657
1.35231
-3.74555
-1.90624
-1.78630
8.08029
-5.79888
-1.91262
-1.22450
1.00875
1.92084
-0.30049
1.28568
-1.35416
-9.14786
3.07763
2.28178
-3.29281
2.01870
-7.78076
-7.04495
-3.31739
1.52584
7.31404
0.70722
6.45641
1.50588
-1.58200
-2.14032
5.17688
0.36317
-2.79584
-0.57140
4.27909
1.44248
-5.16840
4.47869
0.33579
-4.47185
5.99749
-1.12141
-6.09476
-5.15392
-5.27251
-5.14093
5.11550
1.12208
4.81936
-6.65218
-6.95184
2.39176
4.07338
-3.58567
2.08186
-1.39944
-2.90035
0.56869
-4.66332
-1.76186
-2.81394
-0.72748
0.79943
-3.58549
-1.17564
2.22155
9.81332
0.85561
-2.25097
-3.92571
-5.89308
1.68979
3.47927
6.21853
-5.33480
-3.39879
-5.18271
-4.81947
-5.94032
-2.92359
-3.71756
-6.19001
-6.56558
0.88880
1.41824
1.69340
7.33462
2.84997
-2.48868
6.84579
0.32582
-6.98148
7.35483
-0.18591
-0.77848
3.95899
1.88102
-1.96745
-6.38478
-1.70787
-3.26390
-3.83590
-10.44077
4.66787
0.11356
8.49486
6.29794
-1.86322
0.97629
5.40308
0.57118
1.70436
1.81797
0.73666
-4.94392
2.76437
1.71772
-5.00751
-6.28612
-0.54803
0.50756
-2.61152
-0.35229
-1.26993
2.46235
0.74095
-3.12172
-0.36820
-3.28265
-1.28218
-2.39722
4.70436
-1.86712
-1.33700
1.56780
-4.88046
0.09924
4.44144
-3.86804
3.62781
-3.42895
-1.28493
4.77414
-5.70045
9.00471
1.66599
-4.07156
-2.49656
-1.48796
-1.60363
2.94107
5.22716
-9.29804
2.32298
-7.93119
1.13725
7.88884
-0.46119
-0.25673
-0.39003
5.80559
5.08036
9.47344
1.22763
-4.97053
-8.16394
1.73749
0.49908
-0.03982
-2.19213
4.19106
-0.59913
6.37090
-4.56032
0.50669
-9.78258
-3.21567
0.84350
-7.31262
0.50235
-11.45352
3.58967
1.59863
-1.97658
0.14273
-0.00977
-3.69205
-8.62425
5.60396
5.81010
4.39298
-3.82756
-1.60821
-2.95957
-4.65151
-6.22242
2.28752
-1.33207
-7.70152
4.04202
3.88483
-0.22613
1.56032
2.14310
2.01049
-5.72177
1.86705
2.28291
-1.14002
7.24880
-3.48969
-4.41297
-3.90010
-2.55765
1.51633
4.84228
-7.35551
6.38808
-4.79073
1.81898
3.11883
4.11908
-7.87895
3.46989
3.32441
2.01143
9.49536
4.85903
0.40406
-3.18670
-1.67403
-6.36728
-0.90661
0.16331
4.18009
-6.82552
2.04474
1.12513
-9.78573
-5.54581
3.37133
-9.65115
2.31372
7.37175
2.63647
-4.13690
-1.93298
-3.60224
-1.94475
2.15132
-2.45216
8.10947
1.27785
-0.36646
4.98629
0.70147
0.26168
-7.13702
-3.13921
1.39675
-5.44518
-6.78621
2.26072
4.17548
2.67314
2.80147
1.99106
-1.30225
-3.67510
2.64057
1.64353
-0.95009
1.11710
-1.89819
0.31109
-2.72782
-1.24594
0.00245
1.00965
-4.87064
3.32524
-3.07602
-0.46784
-2.42965
1.27067
-0.76999
6.91996
-4.85775
-7.98570
-2.05731
-7.30360
-2.63738
4.01954
-3.81216
-4.25911
5.59512
1.10828
3.88619
-6.13315
-4.23495
-8.54025
-2.37531
0.71857
-2.22493
3.39216
4.58135
0.21339
-9.23839
-2.29509
5.19926
7.78766
-0.55324
3.50599
-6.01638
4.11929
11.05594
7.65706
-1.67093
2.71952
6.69023
-3.79347
-6.62366
4.76964
5.70557
4.80179
6.14528
2.56479
5.60735
6.33803
-0.52404
2.73298
-3.65855
-8.16489
5.42515
-4.27549
4.12173
7.60803
-4.21753
5.12499
1.42310
12.00266
4.01773
-3.03982
3.81348
-9.18640
4.12809
0.75021
1.40434
2.19347
-0.10942
-2.52464
-2.71136
-0.97257
2.17126
9.47909
1.02235
-0.85056
-5.09007
-3.50791
4.43440
-2.75075
-0.24403
-0.93891
-3.12425
-6.85927
3.43075
7.49509
0.47846
-2.32292
3.04204
-1.35443
0.11961
6.28721
3.24834
6.63102
-1.78106
-6.48322
5.89327
1.40606
-0.20594
-3.60467
-1.60849
1.14277
5.92957
-2.88048
2.97522
-7.20849
-2.56367
-4.91927
2.52822
-3.36190
-1.15491
6.44697
4.55737
3.07987
7.68557
-7.65046
0.01720
0.62814
0.05247
-0.44963
8.98597
2.07545
0.59790
7.04217
-0.38956
0.71261
-8.35241
9.40316
-3.18130
-3.91021
-4.30021
4.18739
6.11569
2.14572
-2.31110
-2.99758
0.63027
-8.76349
-2.57928
4.37840
-7.09898
0.85663
2.04018
-6.50676
9.21634
0.73669
10.82232
-7.54587
-0.00236
-0.67696
0.02475
2.28134
0.28703
0.48876
2.66222
-9.63099
2.15076
5.38906
3.73557
3.46465
2.41463
-12.30812
-7.68751
-0.31515
1.24079
-9.19313
-4.29956
0.59158
-2.53685
-4.61432
-5.46920
3.90446
5.95468
-2.20985
1.08125
-1.28173
-8.87857
-0.50020
-1.99904
0.70959
-1.86261
5.95716
-5.83076
-1.30985
-1.33387
-2.36568
2.12930
0.54382
-1.16022
-3.29311
8.62347
-2.59071
-0.60152
8.20901
3.33665
4.16651
-5.04944
-4.06042
4.81724
-3.28943
6.56548
3.81222
0.11389
2.92113
10.05427
-3.12272
-0.17041
4.38200
-4.06558
-0.32227
-0.80616
2.63416
-2.26421
2.24300
4.26666
-2.53211
0.05112
0.77477
0.63887
0.97481
3.18772
-0.58556
3.32175
-0.90662
4.60317
2.40053
0.82434
1.61560
2.54241
-2.07141
-4.77872
0.96751
4.11400
6.18179
-4.11501
3.48351
-3.50011
-4.36173
-6.70096
-0.94509
-5.51564
-0.62504
3.79536
-2.46431
-1.47724
5.21675
-9.07152
-6.11070
2.23353
8.22214
-2.84238
-5.24725
-0.49682
-1.66133
4.09403
2.43038
-2.47648
-4.31338
-4.43712
-1.55327
0.86163
4.82432
-6.50159
4.44519
-1.78076
5.54164
2.49938
-3.41185
6.16066
0.73417
8.20160
-3.79513
-2.42118
-0.30169
4.80233
7.51281
-7.90091
8.76176
5.85760
-4.57318
1.04819
-1.59210
3.61697
2.98800
10.13427
1.59353
0.45787
-5.37446
-3.48706
8.30991
-3.18311
-2.42070
-2.73683
-5.26293
-1.32908
-0.13055
0.03110
-3.18472
-1.31043
-4.99611
0.37454
-5.91697
-6.55679
1.53123
-0.83140
2.12431
-0.91626
-7.77040
-7.83138
-2.85276
-4.52586
-7.24801
-1.27717
-0.27068
5.39772
-3.09295
-3.65286
-4.13091
-5.84784
4.77047
-2.04937
-1.26909
-3.01465
0.78254
-5.13164
0.10708
-0.10561
-2.96437
3.89691
3.54227
-3.90411
0.47469
-1.64924
1.88113
-1.31866
-1.43765
-4.91555
-3.83913
2.24556
2.14944
-1.51044
3.20299
-0.32308
0.27261
-3.53506
1.66908
-5.81591
1.10361
2.23253
0.11521
-0.71354
12.86310
-0.37493
-3.31771
-2.70817
2.78603
0.73059
-0.03393
0.16154
-1.45972
3.08061
1.00246
4.41828
-8.69580
2.59074
8.81745
1.33999
6.81740
-0.63597
-8.43074
5.90285
-0.00805
1.25109
6.75554
2.88602
-2.47464
2.27934
-2.30324
4.14049
-4.37894
1.36174
0.05065
3.15200
-6.43701
-2.28857
4.79840
-1.60558
-3.18469
-0.00838
3.20277
6.22536
-4.89341
-0.76823
6.48024
-2.94799
-5.24676
9.65637
-5.47032
-1.05217
-9.54236
3.36767
6.68334
5.22393
7.36090
-0.09518
4.20133
-1.42280
3.61389
-4.89807
0.30727
2.56908
-0.77540
-2.60123
-12.43365
0.45966
5.57554
-5.17917
-3.36761
3.68320
3.60881
-3.70112
2.60786
-8.29892
2.73466
-2.69952
-3.87271
1.04626
-2.27075
-2.08523
-1.49958
2.28215
2.45967
-2.52872
0.92595
-6.58923
5.82908
-0.33517
9.98151
-7.38414
1.38828
6.77245
-0.66132
-1.96574
-1.52083
4.95733
2.63948
-7.05418
6.40699
2.76025
1.93987
8.08519
0.96713
5.56145
4.02516
4.39473
6.70809
-0.34891
0.86740
4.51526
-0.29983
-2.50691
-5.43439
4.52231
-1.08396
-3.15039
-2.38362
-3.39779
-3.72636
-11.47995
-4.12674
-1.80116
2.40274
0.75183
-2.26391
-6.69567
-0.19676
-4.22746
-4.48654
-2.55346
-3.39258
0.12466
2.87874
5.52299
-3.29582
-1.30214
-5.26137
-5.24859
-0.37209
2.08249
0.40131
-2.52832
1.38390
4.86016
-4.64524
0.62228
-2.97236
-2.72253
-3.01639
4.92452
2.40787
2.78033
2.95025
-1.91258
-7.77319
0.26180
2.43138
5.48791
-0.95795
0.73086
0.77276
4.44498
-4.07304
-10.42602
1.75267
7.99202
-2.03982
-1.45906
-2.91270
0.69269
8.17966
2.77713
-0.39692
-0.55442
5.04141
0.95525
-3.56255
-0.56540
7.50456
-2.27523
-5.58594
6.76539
-1.36939
5.11827
3.13270
1.55913
1.31936
-2.00485
3.53978
1.99541
-1.82010
2.99665
-5.80509
0.33726
-2.83761
9.40963
0.09811
-2.89483
-0.62956
-1.52981
2.20439
1.28610
8.08181
5.03859
1.67701
-2.48975
1.01614
4.74603
-0.96857
-2.49587
-0.84279
-0.10354
-1.13023
-3.57960
-1.67058
-3.29445
1.92958
6.85447
-5.41000
-4.50720
4.13551
-0.75342
-0.21820
-1.24433
-1.70850
-6.61622
1.26116
-2.55815
-4.71072
-9.57894
-0.11224
-13.04840
4.97076
-0.35302
-5.44596
3.56918
-3.03913
-0.27182
-5.01246
1.60557
-0.71577
-6.52456
6.24821
6.02545
1.84268
0.73378
-1.22600
11.36961
1.54298
-0.91516
-1.76296
-0.99467
2.89351
2.85340
-3.24642
8.95537
6.20782
-5.04415
8.42934
9.80804
-2.24847
-2.05114
3.55308
-1.01198
-5.54846
-2.73650
6.24536
-5.19510
-5.14082
-0.58600
-3.93446
3.75797
-2.64424
5.77793
1.30695
-3.52874
3.79363
-7.08258
10.82327
-0.12296
-0.30627
3.66141
-4.79601
1.20831
5.79395
-2.70984
-4.98395
0.92061
2.74218
4.55517
0.74646
-1.70451
-1.03875
3.26112
5.11713
3.58660
0.42071
0.66814
4.49830
-2.44203
-6.09040
-14.65491
-6.36546
1.56370
0.70619
2.84257
0.87648
-2.97250
2.76846
-1.13954
-3.33885
1.51144
-0.70844
2.30466
-10.42756
1.23203
3.94781
-6.54282
0.85068
4.11409
-8.38737
-1.90706
1.91971
0.07133
-2.40994
-3.75227
-2.91350
-3.72639
5.80436
2.44507
5.15849
-1.22124
-4.24998
-3.95293
-2.80736
-3.14475
-4.83927
4.58847
4.06143
5.96256
-4.49330
5.12441
-5.09598
-1.92824
5.70866
12.36503
-7.69436
-0.73811
-0.45586
5.69650
3.64378
-1.81468
-1.71225
2.97195
3.32101
9.10690
4.37466
-6.26937
-0.35744
-2.36071
1.40784
2.61984
1.66688
2.24551
1.42389
3.12082
2.84103
6.58979
-1.23369
-2.46258
3.42183
-2.82317
-6.43652
-1.38122
-0.07474
-3.77231
1.84538
0.22450
10.30457
-2.36720
-0.69233
-4.99980
0.36633
-1.40526
-4.97001
2.55193
-4.85406
-1.25306
1.43734
2.79511
-4.08905
-1.45311
1.58901
2.47486
-0.27932
4.26414
4.25278
1.87948
0.26705
-1.70706
-8.78501
-3.16443
-3.79751
2.37691
-5.91011
-4.88917
-0.43803
-0.35932
-0.79034
-0.17461
-0.11363
-1.40960
-3.08887
-0.75969
-3.49242
3.94190
2.07461
1.91813
-0.47137
-1.02828
-8.77278
3.55417
8.93102
-2.37190
-0.70208
-2.20371
-1.31328
-6.42578
-4.96859
-0.16198
0.62735
1.45637
-0.20182
3.59648
-0.56959
-1.80924
2.50364
-3.89244
5.94054
0.16403
3.50904
-4.54442
12.41540
-0.74224
7.67504
-0.24071
-6.91502
-0.31164
-2.01004
4.55013
-1.36330
3.16360
-0.45701
-0.68778
10.50011
-1.42001
-3.14495
-5.21563
2.97727
-18.39850
0.47499
-4.48041
-3.41160
-9.02644
4.94016
-3.62618
-4.33337
1.91823
4.60459
-5.88501
4.78381
-0.87328
0.40046
-6.62058
2.00064
10.50882
-0.78772
0.31935
-4.74103
4.98458
0.16903
11.30463
-3.63417
5.05676
-2.08247
2.76415
-4.45830
-1.14427
2.31144
0.27619
0.03556
-9.56447
5.56577
1.90076
-7.78931
-4.13687
6.87223
-2.84120
-3.43918
-1.17646
-0.17706
14.13671
-1.72598
-9.04315
-5.66574
-4.60404
-0.12384
-4.51942
-3.45492
-4.35812
1.21827
-0.01237
3.40558
3.48711
0.36294
2.43130
-4.10341
3.88966
1.71298
0.77945
10.54606
-4.53928
2.79139
-2.06271
-4.00285
2.79025
4.10208
-3.22312
-1.84434
-3.33321
0.92090
5.41214
-3.01740
-2.90077
-0.17448
-5.02077
1.83129
3.02519
-6.44681
4.30469
-1.23774
0.98823
4.23661
3.02173
1.18965
3.73934
5.95839
-0.45280
1.77256
-3.65124
-0.79598
0.20849
-1.41695
-3.08050
-9.39533
-3.12205
-3.16905
-2.38472
-0.33823
-0.14247
0.61285
1.84913
-1.40580
1.71254
0.70891
-4.19707
-7.15140
-3.56722
-9.76731
8.92184
2.70266
3.11323
-2.68362
4.58144
-7.02789
-2.95818
-0.28958
3.97287
3.48174
-6.31042
0.76958
0.32041
-2.00687
1.43712
-0.37575
-5.76017
-5.17523
1.01478
-0.36540
-0.63957
4.23069
0.89387
-0.76842
0.04659
5.19874
-4.79039
4.69583
0.26552
-4.88590
-4.67756
8.25561
-0.84603
-5.37286
7.26429
-1.87363
7.89045
-4.40616
5.65401
-5.50845
-5.08000
5.21782
-4.04451
-2.96838
2.69869
6.56040
-1.63305
-2.62778
7.97667
10.20052
6.68712
4.45378
0.48335
6.74944
6.50342
6.21459
7.54860
-4.66136
1.12665
4.41219
-4.86975
-8.19150
-3.55127
-2.55636
-3.85509
4.86896
3.46176
0.42769
0.11403
-4.64912
-9.17175
-0.61199
5.17581
-2.22914
-13.15560
6.09385
-6.42458
-3.59185
5.11563
-4.67650
-1.29369
3.04378
4.49718
2.87551
-1.80880
-2.64562
0.44226
3.45551
2.89356
3.65083
-1.64453
-2.62251
3.88959
6.07189
4.98413
5.22162
1.59932
1.24081
9.80458
-5.28667
-4.98009
-1.25977
0.01394
-5.48435
0.93657
-2.33071
4.78409
-3.59611
2.45800
-4.49317
-1.76067
-1.13429
1.91734
-4.25335
6.15151
0.45246
-2.29036
-2.05474
-5.38403
0.11807
7.13274
4.44100
7.85661
3.11444
2.75120
-4.23418
-1.79625
-5.20489
7.09975
5.11098
3.42894
-2.34966
3.74210
10.68218
8.11031
4.32003
1.09166
5.29413
1.06126
-5.63073
5.16582
-1.99978
2.89438
3.31950
2.06332
-0.96726
-2.60466
-4.44832
0.57919
3.55110
1.90348
7.78742
-0.99020
9.22840
-1.41998
-1.17341
-1.25616
3.01098
7.29470
-3.43957
-5.16247
0.95684
1.07841
5.82329
-7.16623
0.25434
2.46905
3.43682
-1.68031
0.12189
-3.08470
-2.81136
-0.04829
0.79964
-0.82416
0.67072
-6.50585
-7.42854
-1.60495
0.47855
1.72192
-2.82086
7.01251
5.76782
-1.85425
-7.19910
-3.33233
-4.95892
-4.56258
-1.30037
3.28038
0.14467
-0.63407
-2.15033
5.45662
11.33267
-3.42173
-0.32918
-5.17606
11.70246
2.15447
-2.70482
-0.84003
-8.90656
-0.83266
3.18862
-5.15628
5.51010
-6.44548
2.44351
-0.02423
-2.43159
0.12818
-0.30235
-5.11351
-3.30826
-1.65519
2.83331
-4.55316
3.67389
3.60239
2.77633
-5.35686
-4.79967
3.45330
3.15711
1.46590
0.23355
1.14587
-2.20688
-2.47515
0.32366
0.62916
0.57189
3.98379
10.02573
-3.09383
-5.31902
3.53430
7.82354
-2.26250
1.68251
-0.91695
2.73851
-3.85209
9.52104
-4.32214
0.81220
-7.46958
0.61911
9.79828
-6.26322
5.34677
-1.84829
-3.26350
-8.43733
1.73261
1.31507
-3.73288
3.16372
8.10572
-3.06862
-2.03998
4.06865
-3.09070
-3.20757
-3.86310
3.21326
-1.86495
-3.15654
-1.37771
-4.08505
2.09735
0.35228
4.87555
-6.46824
-2.47240
5.51803
-9.96427
1.47291
-3.60353
2.78851
0.12443
-8.54036
-6.97567
11.21998
6.60518
3.62783
-2.53309
2.50103
4.02366
5.34442
6.09919
0.91187
4.32896
-5.00854
-1.26698
-1.06937
-4.08591
-13.40233
-2.24310
1.33235
2.13644
4.19599
1.66477
-3.79997
-7.01634
-1.36466
-9.44883
-7.10651
-2.30342
-4.50714
-5.83163
-4.11621
0.17951
-3.21047
-2.67928
4.36594
-1.25609
-0.69869
-0.51992
0.21406
-1.02197
-3.90512
-2.63513
-0.33234
2.71728
-6.14979
-9.60431
-8.34640
-3.63919
5.25203
1.47372
-5.24720
7.65731
-3.79797
0.35241
-6.25279
1.81090
-0.12687
2.84781
-5.07390
0.11118
-1.99561
8.26155
8.00423
5.79070
-3.21229
-2.29552
-1.88013
0.94571
-3.58455
-5.98019
-1.00681
0.21569
5.84051
-1.78423
1.02575
-2.49144
4.39244
-6.07838
-4.65209
-7.16142
4.85365
1.09164
-5.10827
5.90317
-4.73247
0.53448
-0.27643
0.67658
2.03287
-0.45127
-0.30733
1.25656
1.05290
5.12684
5.97565
2.48753
1.78787
-1.08779
-8.70573
-0.54960
-6.52072
1.55595
-3.85174
-2.18074
9.53862
3.46673
-3.25704
6.29394
3.14707
-3.67878
-1.69466
-2.64152
1.89770
5.99547
-4.85904
-2.89755
-3.34178
-5.05939
-2.17539
1.82171
4.47462
3.82450
-0.00410
-2.69479
-5.19881
-9.65575
6.56112
-0.02459
4.15498
0.07897
0.68964
0.19161
4.92110
8.82301
4.85780
7.29613
-7.31885
1.86248
3.80674
1.80097
-7.14675
3.01968
-1.24528
-4.69022
0.98077
5.27794
-0.06925
0.97578
6.62064
1.07255
-0.47174
-2.32536
1.69454
-2.69009
4.19556
0.00883
0.98825
1.90338
-0.04118
-3.48832
-6.04770
6.36696
-2.68878
-5.49664
-4.06986
-2.72292
-3.29288
14.20956
-0.09295
-7.60082
3.66464
2.61338
9.57624
-3.64980
-1.12404
-7.23019
-1.97155
0.23109
-5.74801
-5.17315
-0.42340
-1.53689
-3.50709
-5.30332
5.93852
2.34508
-4.21139
6.28006
9.10494
-9.51862
4.45630
0.62258
1.18162
1.98648
-2.82695
1.77833
-5.34394
0.58572
4.96378
-3.05263
-0.77819
-0.46107
0.66453
-5.50555
7.75681
1.12061
0.68268
2.15328
1.03996
-0.50577
5.31593
-1.59793
3.62746
2.57185
-6.87458
1.76972
7.35641
-5.62582
-4.60959
1.60932
6.38558
-4.98627
3.96071
0.60838
5.63588
-5.07296
2.05073
3.86722
-1.11728
4.96455
1.55427
0.05770
-1.52405
0.66174
-7.48102
-6.17034
-0.20217
-3.68553
4.80665
-1.75392
-2.66471
1.28554
4.06883
-3.57278
-3.36222
3.02681
-0.99639
-1.72707
9.39488
2.99377
4.17946
2.10134
-0.73047
-4.36116
-4.56021
1.14840
0.73770
0.52707
5.49316
0.06473
3.53569
-12.48297
-3.18360
6.10943
5.24333
3.60237
-3.54480
-1.65921
-1.50584
-1.11625
-4.85703
-8.95038
0.50649
-0.53005
2.98401
2.58702
4.92706
-1.14768
2.33887
-3.46145
-1.31548
-8.85792
-0.22769
-7.68126
-1.36782
-1.18464
-1.04728
2.30874
1.64195
-2.79508
0.84207
-2.44204
1.21546
-3.10202
3.18794
3.89855
3.80536
0.74597
-6.06654
-4.58657
-1.54902
-1.34218
0.19941
0.78309
-1.05742
-9.53658
3.81435
0.20973
1.29609
2.10317
0.68870
1.53890
2.29620
-5.04696
8.33060
-6.34445
-1.72342
-5.98642
2.82059
5.05632
-2.03876
3.88192
7.76458
5.59711
0.90602
4.24968
-0.19631
7.41837
-2.75008
0.54768
0.85035
-6.06733
-1.94094
-1.71470
3.81335
2.17411
-4.44227
-0.25537
3.18099
-4.23438
-1.69883
-1.20651
-9.69154
1.57842
0.37277
1.50596
-7.00267
-7.22362
-1.84569
-2.37111
0.32326
-1.38359
-0.11890
-3.29551
-4.12263
3.80029
-8.09603
10.18240
-5.60613
2.26130
-4.98455
1.07525
-1.52417
5.87585
-0.90855
0.91048
0.18406
-2.01905
-5.44762
-2.30151
5.57399
2.69554
3.44119
-3.91882
-0.45692
1.62077
5.41175
-8.76315
-0.74960
13.03553
5.64647
-4.70142
1.71547
-1.74803
-2.82603
5.91965
3.10743
0.96129
3.45763
2.75977
-5.83248
5.90911
-2.41598
-7.01572
2.12320
-8.31497
8.37561
-2.07362
-8.91839
-1.37222
8.64403
-8.29556
-3.05599
1.07475
7.79180
2.25957
-4.87655
-0.88051
2.20623
-0.64717
-7.72393
-2.38372
-0.47255
-3.65274
1.15188
0.54959
0.28087
8.18070
-1.00771
1.55973
0.73626
7.22796
3.52746
1.36371
-6.07801
1.50408
1.95947
4.33940
8.18940
3.02667
0.14617
-0.30566
-4.18810
-0.39528
-0.46716
-0.49079
12.19745
-0.32714
-1.72399
0.09766
-6.54941
5.87746
0.85050
2.99682
1.96585
6.92838
-4.01045
-6.46667
9.63088
-1.37447
1.22138
1.42313
-1.10998
6.79560
9.24828
-1.84058
6.58977
2.95808
-2.13048
2.25357
-7.09364
0.99605
-2.31064
-6.39594
2.05674
-4.63410
1.37870
-1.63980
2.57870
-3.61737
-2.41827
6.72837
2.45531
8.66280
7.09211
-3.09219
-6.52282
4.28604
2.06201
-0.49643
-7.67520
-1.04441
6.86488
-5.63622
-6.65663
0.02963
-6.09221
-5.29224
1.81655
-1.96030
-1.93233
2.46476
1.80063
-2.19704
2.05123
-0.56428
-5.81492
-1.47276
-5.33817
3.18537
-8.51712
4.90328
7.54636
-5.05545
1.82359
2.61189
-4.90583
2.65270
1.87474
0.18213
-4.28194
-1.18823
8.15089
3.79809
1.16087
3.63621
6.19491
-9.44521
-0.32890
0.41293
2.90779
4.65926
-1.70078
6.02125
0.61312
11.49426
3.65342
-7.41416
-0.91556
10.64054
-2.60880
0.52274
-10.21163
1.66276
-14.05606
-3.33949
2.03554
3.99747
2.40630
-0.15011
-2.22451
-4.23421
-1.32672
3.10213
-2.60750
-8.49871
1.89838
-8.37063
-3.79293
-0.78232
-2.03694
0.40632
-0.60234
-3.41840
2.28611
2.52634
17.42066
-2.57495
-6.25495
3.37930
-1.53716
-4.31539
1.39647
-1.49922
0.53891
3.31494
3.61320
-0.25167
6.56867
-10.00737
7.08220
-3.33422
1.97902
-3.82982
3.49826
-0.67278
3.13542
4.74854
-1.39777
-1.46997
-3.97061
0.51087
3.31419
-0.28393
-1.22252
-0.43863
-3.94841
-6.37055
-1.04883
-8.65276
-3.58660
-3.20281
-1.52895
1.99361
5.77910
-9.40008
-10.67883
-1.34112
0.21298
-5.07421
-1.09719
4.27691
1.80459
-4.05368
-2.01495
-0.08168
1.86093
0.51318
-7.97663
1.68436
-9.75982
-6.14978
1.73979
-1.62382
-1.83361
0.46306
-7.59721
9.33163
3.97534
4.42178
-3.01142
6.78338
4.84553
-7.54343
-1.57044
0.49842
3.65257
2.32158
1.50358
2.82665
3.62748
-2.44562
-3.17168
-8.68230
3.68107
4.83217
-0.77964
-2.00935
-5.69375
-5.12611
2.70189
-0.40674
1.19768
0.70660
9.51793
3.19167
1.25656
4.10712
-4.06573
-4.50424
-2.54809
5.25998
-1.89496
4.18250
2.25774
-7.06117
-4.58703
-3.40607
2.55483
2.44248
-0.48355
2.54734
-6.38477
1.28042
-2.91781
2.15782
3.38667
-7.66018
-0.03422
1.60729
-0.31686
2.89338
-2.59999
-0.36620
-3.30927
-5.70986
-0.53727
6.07165
-5.55711
-3.69327
3.14786
6.87240
-3.49596
-7.34350
-2.83811
1.00463
-2.29745
-0.49994
-6.21516
6.86554
-1.20462
-6.01403
-2.02273
10.67388
3.80172
4.38619
1.67156
-0.98366
0.35892
-6.40314
-4.67962
3.99040
-3.00149
5.76075
-1.10260
2.62953
-5.37423
-5.72309
3.91079
-3.72196
0.76177
-1.00955
4.12724
6.38908
-7.48561
-3.05200
0.52098
-0.47700
0.38757
-5.39560
9.14559
-1.38851
-3.60852
5.82336
-4.46859
3.45457
-6.30216
5.13816
-5.95081
4.15061
-9.97747
4.12699
5.00960
5.37495
-3.39721
-1.06238
-9.28781
7.57922
0.41736
-2.84892
-1.44046
-3.28007
-2.65679
-2.15370
-8.48300
3.87707
2.15902
-0.38813
-7.73499
-1.35977
-4.57049
-7.26931
2.84006
8.80190
2.33060
0.49567
-0.11461
-1.48268
-4.99351
-1.19688
0.64340
-2.51728
-5.24156
4.47847
2.25900
-2.29174
-2.01176
0.73824
3.43120
-7.22442
5.65095
4.09784
-0.12126
-0.73122
0.45126
-5.58845
-1.39928
0.84848
4.17512
-0.23432
2.60204
1.66296
3.11100
1.57764
-5.59333
-4.25817
-1.02582
-4.72859
3.32198
-0.62739
-5.07398
5.47673
-4.83291
-5.15102
3.94381
4.26066
3.08435
-3.73935
-5.18693
3.36447
2.76904
-4.74523
0.92670
1.14828
3.13310
2.05777
-1.94664
-3.20109
-5.03327
-1.57849
8.39129
-2.86751
-2.07347
3.69346
-10.03213
-4.13508
-3.56579
10.70035
-2.36280
0.71784
0.68352
5.33565
1.10224
-4.84924
5.28990
-2.68085
-4.07226
7.69011
3.79884
-1.69746
1.32103
1.86432
0.22155
-4.48029
0.84429
0.47637
1.76518
1.01014
0.47583
-0.74665
-3.74948
-3.92130
3.77890
-7.31239
5.45113
4.67964
-1.02623
7.18858
5.26671
3.56850
1.36454
-0.77940
2.51404
-1.25844
2.99499
-2.55077
6.18130
-8.59930
11.64514
2.01125
1.87518
-0.12521
-6.92571
-1.40268
1.02444
3.97067
-1.22058
7.32929
-4.70666
-9.01212
6.51404
11.19585
4.61295
3.02094
-1.60172
-5.32546
-0.85427
6.45032
1.23569
-3.66807
3.48726
-3.65923
-0.05098
-1.89705
3.11971
-2.94737
6.74978
-2.08983
-2.54895
4.03745
0.79237
5.39017
4.28021
2.53576
-0.31445
2.60170
-3.47453
1.61805
-5.71657
0.17214
-4.82310
11.88745
-8.66466
2.35827
2.66125
-6.65368
0.17402
-2.75410
-0.53853
4.11490
4.82527
0.46252
1.80576
3.03654
2.27250
-3.50900
1.80169
3.64682
-0.75852
2.01886
-3.32416
0.52153
-4.24541
-0.28713
1.08585
2.50999
-3.95428
5.95053
-1.44272
-4.75814
4.15312
3.45640
-0.38013
6.26077
1.14056
-2.49114
1.54057
5.40494
-6.30164
-1.48041
2.04983
1.28645
-2.43234
-7.50633
-6.08846
4.21253
0.77696
-0.56968
2.84171
-5.98901
8.09634
-5.01397
0.63839
1.17094
-3.75868
-0.52149
-5.68573
2.73718
0.14575
3.97228
-5.17317
2.21747
-2.50571
-1.02032
4.06485
-1.63085
-3.78880
4.04581
-3.38988
-3.20650
-5.20969
0.54353
3.04157
0.61952
-6.56284
-1.34832
-0.79741
-8.45869
-3.83250
-2.06092
-3.72026
0.06168
7.41970
-13.06397
-3.91801
-6.97989
2.55607
6.25722
1.95803
-2.50145
-1.17421
1.04291
3.64080
1.28358
5.94051
-3.19514
0.13277
0.85236
-4.22574
1.06264
-1.46396
1.58463
1.64510
-2.82030
0.67523
-0.50640
-1.32655
6.00718
3.17035
-5.36038
-1.97126
-3.44934
2.07131
-1.66123
2.48164
-11.62010
1.43114
4.31158
3.02478
11.36874
3.72179
-2.71289
-5.12165
-1.98403
0.13778
-1.50023
-6.70751
-1.80067
3.25779
-4.25355
0.70339
5.51427
-0.56702
-0.11022
8.57470
-7.24448
1.69663
1.83023
7.42895
-0.05727
1.37518
1.00937
-8.40260
-2.69057
-1.69904
-4.42725
-3.63781
6.85587
-1.25234
1.54160
-4.28233
-1.65231
-5.00799
-7.01965
-3.36542
-4.20413
6.05474
-2.91669
-2.62968
-1.58068
1.12974
1.46406
-2.84227
0.37283
-4.16469
5.32039
4.13552
-5.79692
-11.97897
0.84831
2.26602
4.47860
-2.20236
5.06386
0.34876
3.19925
-2.82828
7.82189
-6.42935
4.02802
4.54978
-2.49330
4.93127
8.45556
5.07796
0.49086
-3.19113
2.28007
0.62908
1.25218
2.02936
3.86147
9.75185
-11.11588
-3.32802
-2.71141
-0.24661
11.24997
-8.11103
4.51612
-2.71100
-0.74163
-1.49674
-0.69696
5.89925
7.72839
-0.67127
7.95201
-3.74165
-2.64589
-2.35410
0.44988
-2.34957
1.12006
2.87518
0.36496
-4.58139
1.80043
0.66559
-1.91963
2.87141
5.44437
-1.52122
0.67193
3.97739
1.54005
-5.88466
4.16472
-2.01722
-0.87077
2.38109
-0.98507
-4.78906
-0.29752
2.46407
0.35158
-4.31106
-2.37311
4.71255
-0.39722
9.37007
4.36599
2.34138
-0.88701
10.86570
-1.93378
-0.51821
5.30402
2.47798
-4.34504
2.75830
3.24541
8.82308
0.33679
4.11669
-0.74895
-2.60039
-0.16449
1.41977
3.95852
-1.75318
-6.75145
0.70311
8.93714
3.51548
2.38471
-1.44939
-0.55453
3.43272
1.21703
3.06535
9.32226
-12.22886
1.86163
3.63582
3.25206
2.63152
4.68618
2.09432
0.03560
-3.27498
5.81621
6.19675
3.19080
-7.56210
-10.27649
-0.95560
-7.19110
-6.51538
3.19189
0.88242
0.78372
-0.29547
0.17876
-1.36117
2.16804
1.76370
-1.78248
-5.01372
7.14348
0.09118
0.58158
-4.40198
5.34444
2.97527
-4.51551
2.74237
-0.13524
2.78411
4.71156
-3.75253
-0.93547
-0.65458
0.60635
-4.88954
-2.24588
1.51588
-1.95508
-6.05632
4.30766
0.51173
3.34387
4.19682
-1.35114
-2.45502
-3.88565
2.66030
2.97957
-1.97692
4.40421
8.20283
1.39874
2.00168
3.39061
0.96534
0.68972
-3.53416
-1.36445
4.67125
4.62686
-5.44245
-3.63089
-1.77521
4.60998
-5.72206
0.99335
-6.13198
1.05192
4.04202
-9.64873
0.19590
3.12215
-2.28107
6.51960
-1.54165
-5.81051
0.09205
-1.14610
-5.62273
2.67630
1.65373
1.00640
-0.29357
-5.30985
-2.63854
-1.96586
-3.08642
9.66661
4.23147
-6.16106
-8.54294
-1.62508
0.28572
-1.60222
-8.02787
3.71310
4.39921
4.05801
1.70991
-1.74976
2.53030
-1.02051
1.34123
-2.09921
-1.64471
-1.93288
-1.44674
2.34072
2.36680
1.64452
3.06211
4.06837
-2.85025
-2.08519
-1.62957
-5.17112
-5.28497
-2.56457
-1.88160
-2.44904
-4.10070
1.69864
-4.11802
1.25342
3.93478
3.60492
3.39777
7.77197
7.75234
0.72850
6.35955
-2.62907
-8.41911
-1.91532
3.21059
6.04594
-5.87888
-2.87982
6.96817
-0.96235
-5.18946
1.29633
-0.98112
2.88924
0.13376
-1.31048
4.93000
-6.52318
-4.52391
3.33524
1.27707
-6.42520
-2.60916
3.28562
0.33077
2.64667
-2.93712
-6.13698
-2.29033
-9.65131
-5.79439
-1.21969
-4.07426
-1.78614
2.88161
-0.69291
-0.71920
0.58252
-5.59016
0.85067
-6.44069
4.97858
-5.45575
0.83576
-1.92474
2.01316
-11.78835
-2.05434
5.20661
-4.60140
-4.87852
5.67306
-4.67931
2.07836
-7.62105
2.17976
6.67224
-0.09038
4.81687
-12.28276
2.60875
0.46877
-5.19148
1.58566
-5.81609
1.24857
3.28393
-4.16115
-2.71926
-2.98208
-2.33077
-0.68232
-2.96429
1.20485
7.35261
-0.54322
0.96128
0.31029
3.38729
3.21300
-2.83778
-2.17171
-6.97791
-0.00862
6.06385
-7.49238
-2.25066
2.88538
3.76389
0.01902
3.17718
3.05458
5.27848
0.83457
-1.55320
-5.86782
3.33210
-3.91303
1.43685
-2.99867
-9.60972
2.08984
-0.21283
7.61166
1.41518
1.22531
-8.74574
1.49757
-1.36669
-6.01295
-3.47959
-1.39754
-6.20511
2.43319
-1.48347
-0.89087
-4.50965
0.64217
3.33607
4.97761
-1.02798
-4.35668
-8.26430
4.54947
4.45016
-3.06868
6.98110
1.21122
3.64937
3.93032
-7.14312
7.62332
4.78877
4.47354
3.08841
7.80326
8.21143
7.82821
0.26495
-7.15951
-1.09681
0.63767
6.42872
3.56567
-5.06403
-5.53550
-0.78545
3.58371
-1.18918
-0.48512
1.79552
6.07106
-2.35507
-1.21896
3.46970
0.58085
-2.98766
-1.70410
0.75661
-1.48243
1.95800
5.22665
5.11483
3.03881
-3.24387
-1.94371
1.66719
-5.61183
-0.44781
7.27831
6.21824
-1.72095
-5.35928
-4.97652
-1.71779
4.89211
-7.79796
3.28064
7.67208
-0.33476
3.28974
2.55208
-4.39669
2.37851
-2.97965
1.89125
6.05958
0.86743
-1.64235
6.10594
-1.04762
0.41150
-9.02522
-0.06721
1.75845
6.57258
-3.31651
-1.46157
8.16922
-4.56959
6.05257
4.69135
2.07108
-0.65547
2.71595
-1.04345
-0.35624
-1.35354
5.37517
-2.80690
1.09574
-1.83740
3.08240
-3.31477
-3.34562
3.46067
2.23035
-4.59926
-3.87156
-4.20770
-5.86982
2.03441
4.13107
7.28466
2.51087
-0.46132
3.26572
4.95113
8.35165
-4.80461
-0.15516
-2.76193
1.28971
2.61274
-2.90128
-5.75350
-3.24402
9.98660
0.68379
10.08174
0.85041
-5.32411
-1.86137
1.25753
-2.51071
-10.18094
-7.11345
1.21825
-5.43366
-5.24122
10.02425
2.04004
-1.35022
-1.76510
3.47655
5.17758
-4.00118
1.31382
1.67880
-6.91740
5.09087
4.52526
-7.62791
1.27862
-1.15485
5.89495
-1.43892
0.42078
3.93038
-5.91002
-5.51963
-2.82394
3.62229
-9.62501
3.86604
5.65737
1.72135
1.04443
-0.07462
-5.15463
-7.34577
-2.91308
1.69530
-2.19562
0.58240
-3.75248
7.04609
-4.17582
-0.56222
5.06105
-0.95198
0.34986
3.79019
4.90338
-3.96254
-2.99896
-0.91834
6.16833
4.46903
4.73764
-6.66400
-1.75304
4.11438
1.82555
-1.71943
2.29303
-1.51156
-0.82838
-2.86367
-6.12174
-3.54124
-5.33048
-4.78735
-5.47085
-6.06350
7.56054
6.11366
0.12519
-1.55917
-4.84883
0.66148
1.58442
-3.00941
1.30841
-2.80297
0.71982
-5.23553
-4.87689
-0.38534
4.90059
-3.74318
-9.72987
1.70156
-6.10547
-1.31831
6.00798
-0.46458
-3.73030
-2.56731
9.41088
-5.58988
-1.47209
1.03560
4.44242
-2.20097
-0.80184
-7.33199
2.76943
0.29208
8.45698
6.20382
-0.18419
3.11672
-4.47001
-3.40299
6.99915
3.01201
7.74341
-4.66688
-3.49674
1.45514
1.58351
-2.76425
3.65666
-0.21624
2.03986
1.77759
5.58585
-6.33366
-2.63111
-2.40848
3.37459
2.73244
-2.34949
-2.46424
2.12611
0.48863
-7.71297
-1.54592
-0.15169
-2.13225
-0.59084
-2.86897
2.56756
-4.63549
-5.84323
6.79506
4.81161
-3.49765
1.37632
-9.40416
0.97078
3.41563
5.45977
-8.05108
-1.61851
4.55323
-0.40727
-6.45383
4.26072
-1.28438
-0.23490
1.28868
3.22052
0.70776
4.79852
1.44821
4.53481
1.17139
3.11819
7.23255
4.57422
-5.10757
-8.82347
8.66089
-9.74698
-4.64764
5.46593
-2.66122
-9.26342
-3.54000
3.26691
-9.13748
5.51908
-2.64971
-4.07857
-1.74789
3.89384
1.28205
6.35492
1.56024
7.79937
3.28371
4.11319
0.89125
2.24435
-6.64209
-0.37034
1.58471
-4.69791
-0.06253
0.06000
-0.65569
6.01265
7.88907
-4.87387
-6.40511
-0.03874
-0.76777
4.27437
-0.69520
-1.72344
2.56370
2.88950
1.87661
-0.00671
2.07137
0.63506
2.07851
-0.60147
4.53239
-3.35412
2.53807
-2.51204
0.98139
3.14398
1.18084
-0.24713
-2.35456
2.33835
-3.42542
-3.55083
6.22450
4.47796
4.71358
-1.98818
-6.28285
-6.03607
2.02576
1.19015
-0.78593
-1.51949
-4.51220
9.23104
1.49387
-5.87640
5.65430
2.34642
2.86402
0.80128
2.16343
0.99681
4.08048
-7.18147
1.55644
6.66866
-9.72750
7.37712
3.81713
-3.93062
3.48345
2.45347
-1.46529
-0.01191
0.56876
-4.95055
2.15428
-4.66546
2.91616
2.41077
0.26761
2.96996
-0.61370
2.69915
-0.91746
4.25419
6.64799
-3.12004
2.26723
-0.87947
6.53123
3.08674
2.04675
1.72949
8.13218
-1.13817
-4.60265
1.00718
-0.39805
3.74080
-2.28257
-2.38005
2.98373
-0.02267
7.87010
5.77722
9.50614
4.17544
-6.85517
4.93560
4.41070
-1.42469
-3.60623
2.09006
4.36457
-5.70453
3.27826
-1.65609
11.24122
5.45545
-0.11508
0.38445
-8.67771
1.42735
0.43321
4.25470
-3.54577
-1.54517
-3.18799
3.69318
0.10731
-8.18641
-2.56281
-1.66235
-0.44378
0.56895
0.27660
5.63686
1.44024
-4.01820
2.91153
-4.58153
-4.59521
-6.14750
4.95674
3.01065
1.26256
-4.29713
-1.95468
-0.10595
3.17512
-2.68748
4.23430
-1.95829
-1.96391
-4.83480
0.54259
-1.53545
5.89976
4.36190
-0.14838
-2.54226
-9.30184
-1.35476
8.11797
1.69110
7.23843
3.39494
3.38756
-3.92209
8.52462
-3.81414
7.80972
1.18965
4.02584
-0.35540
4.19961
2.54728
1.09925
4.70290
3.01428
0.49873
-0.60393
1.36458
3.31590
1.24103
-0.38236
-7.57295
4.59967
-9.19745
2.70495
2.98411
-2.29727
3.42796
5.92982
0.87351
5.39559
1.26632
-1.74757
1.39880
8.79400
8.75097
-0.51386
0.10708
-5.37754
-8.27772
5.25185
1.07059
-3.36524
-1.94953
10.12040
-0.58032
-0.20236
2.89101
2.85948
-5.52777
-1.00193
-8.60136
6.94440
-9.12279
2.55034
1.73240
4.16548
1.95666
-3.34481
-4.60198
6.55497
-6.44362
-1.42010
1.99693
-0.63366
-1.03978
-5.58461
-2.79837
0.73375
-5.33957
-1.29124
12.58497
5.73298
-0.01557
-4.27174
9.25386
2.59464
0.27199
-4.08335
-0.05420
-3.84348
-1.84746
1.03414
-2.82301
7.47172
2.14666
-3.09097
-1.95220
-3.71996
3.13751
2.54141
-6.59697
0.62480
-1.69729
-10.19178
-1.13207
3.53409
-7.20302
-3.09444
3.67999
7.76847
3.29547
-1.10855
-3.25754
-2.14554
-0.47417
-3.81107
8.02467
0.48439
3.74509
-5.52648
-2.72485
-7.45474
0.00104
-6.99669
-1.00988
3.61921
4.51494
-2.78464
5.73091
4.74405
5.68429
3.40594
0.06100
-6.36885
-5.93804
-0.62609
2.56150
-4.61899
1.20061
-6.90391
3.05547
11.16399
0.45150
-6.29714
-2.04953
-3.20044
4.34951
7.60851
4.90062
12.56024
-5.69015
0.24521
-1.53418
0.27952
-0.73361
-2.69099
-4.64494
2.16903
-1.66570
-9.65242
3.14977
0.30368
3.45133
3.33331
8.55615
-0.88411
-7.25307
-5.22528
-6.85775
2.15501
-3.84942
2.89312
0.59601
-1.14156
7.13032
2.14187
-4.82723
-0.49809
1.93413
-2.99728
-3.09886
3.85776
0.12212
12.88802
-3.24626
0.43848
4.98181
2.18218
2.52108
-1.18202
2.23892
4.03303
-7.40021
-1.98708
9.28027
7.98709
-6.86560
0.14508
0.75450
-0.29785
2.10925
5.16553
-5.26633
1.47373
3.47546
2.44102
-0.45020
1.06931
-5.36037
-8.07616
-10.52298
5.75088
-1.22149
-1.95051
-4.82302
1.34586
-6.34003
2.36680
1.05776
-2.17336
2.43995
-2.34603
-0.14102
4.03630
-0.84094
-6.79091
3.83837
5.23393
-1.17403
0.88423
-4.21814
8.72159
1.71686
-2.28148
1.89285
2.47419
-2.17673
-2.53919
2.64954
-0.14396
-2.67169
-3.85839
-7.17272
-10.14495
4.26692
9.52876
5.40060
6.09959
0.94343
-1.07884
-6.27728
-0.20698
1.92670
1.64943
8.98039
-0.09829
2.79856
4.76180
-2.72421
-2.34108
0.12467
6.86777
-4.81546
-4.90714
6.42222
0.93557
3.27798
-5.85303
-5.68017
1.39600
2.02057
6.38638
-2.78876
-1.09753
5.52117
-0.90638
1.68962
8.23348
-0.21557
12.08340
-6.13909
2.16525
-0.04814
2.23229
3.47097
3.24417
1.59416
4.88381
-2.60455
0.66690
-12.51180
1.94507
5.69816
-0.96827
-5.35847
1.24430
3.90271
-3.27520
-2.11501
-0.13635
-0.28929
-0.85904
-2.66983
-5.84132
4.01765
-1.86844
7.39605
-7.13591
-2.19734
2.42000
-0.23734
6.85619
1.63443
0.74401
-7.12295
0.65865
-0.32726
4.94965
-3.26859
-4.96746
-8.59201
4.25161
4.68931
3.76366
3.45416
2.14302
-5.23196
-2.45946
-8.87050
-4.30845
-0.10546
-4.57410
1.59993
7.22581
0.18484
3.17974
-0.78948
-1.51940
9.47868
2.62631
8.72441
-7.39879
13.72184
1.86845
7.04544
4.01053
4.62795
0.75081
3.20939
-3.63957
4.09826
1.90973
-10.74343
3.92156
3.54342
5.76247
9.17696
-2.99331
-1.90337
-1.38892
3.22279
3.63301
4.31617
7.24191
-5.48410
0.31260
-3.17726
-0.38385
-4.62956
1.74709
-6.29720
-7.05804
-1.04613
3.25204
-4.70507
-1.63132
1.88712
-10.74690
-1.47793
3.71066
6.75208
0.92055
7.53174
4.41975
2.46686
3.82802
7.59099
-0.25882
4.97929
-5.29850
1.91552
1.46252
8.65411
6.92965
-0.05395
-6.36425
0.16525
2.88867
-1.54423
-1.33581
-1.56481
1.23302
0.96989
4.21073
0.52236
-0.20163
-0.69506
11.96633
5.34750
8.35138
-3.56782
1.64469
-3.20399
-10.26493
0.01190
1.89093
-3.46667
-8.79760
-1.23080
-0.28456
0.58386
3.66606
-0.55604
-0.83924
2.67629
-10.58264
-5.39943
1.04416
-2.31951
-5.33570
-6.13410
-0.94272
4.41233
2.08265
0.98494
-2.55519
-5.43077
-2.53903
2.06417
-1.47417
2.55260
7.10023
-1.43181
1.18042
2.31991
-5.61909
1.78797
-2.02759
0.78936
-1.74983
-1.24870
-5.93194
0.01714
1.10463
-3.85447
1.53926
7.92775
-1.05240
-1.39786
0.44523
-6.87247
-1.47978
2.63733
-8.52493
3.86721
-7.38118
-1.87799
-2.16643
-6.59864
1.45173
1.65773
0.75014
2.83033
-3.75210
5.97271
9.36632
-0.98265
7.11041
3.77096
3.72382
-5.14746
6.15943
-4.31533
-1.56104
-4.06761
5.77492
4.31487
-0.70887
-1.95138
3.90533
-2.21135
-7.36288
6.76040
-1.04541
-1.19026
-5.56287
6.49935
0.73413
3.78712
7.09853
1.70878
4.47007
-0.37228
1.57609
-3.10201
5.26725
-6.61932
0.65906
0.01742
-1.07043
-0.79243
1.25855
-3.62951
-0.57919
6.43830
0.69440
3.06349
-5.06971
1.59434
2.40350
-11.27932
2.40547
0.61848
1.34074
-2.33045
-8.55814
-3.37728
-8.62519
-8.24580
1.56529
-3.94108
5.64913
-6.39196
0.12022
-3.15915
6.77902
-10.09222
-2.95042
3.34540
-1.11553
8.07254
0.70117
3.05483
5.10090
4.65958
-1.00896
-3.57992
11.74147
2.26142
-5.71309
-0.92881
0.84610
2.22887
0.01990
-6.77889
5.33298
-3.95466
-1.74036
-8.91269
-0.99013
-0.82789
1.06533
5.35945
3.20573
5.10378
-4.97095
-13.24777
0.42848
5.56449
4.52356
1.22481
2.05292
-12.39318
9.12858
2.00128
7.82421
3.73183
-4.52845
0.54530
-2.65551
10.29833
-2.83077
-6.28306
2.69483
-0.10188
4.95005
7.81820
-2.04630
-0.41968
-0.47239
-2.87753
5.85388
3.80049
-3.48661
-3.70051
3.10559
2.12919
-4.75010
-3.95024
2.13381
2.28621
-8.35676
7.90693
-2.33035
-0.53687
0.48068
-9.29110
-0.20531
-2.53129
1.43295
-2.35903
6.45958
-1.72646
-5.49178
-3.37298
-3.79751
2.44988
-6.95968
-0.72090
6.17526
-0.94629
1.65856
-1.57373
-0.51310
2.31334
1.08752
-7.57569
1.59956
8.22734
12.41521
-2.21322
8.04706
-1.81359
3.06889
0.95267
1.66592
-6.09956
9.56437
0.58096
-6.14296
-2.11776
-2.54818
-0.13500
3.84645
4.94723
3.98847
3.14344
-3.35155
-3.38063
1.95630
-3.73254
3.29660
-5.88266
-1.49608
2.38880
-0.05936
0.67443
6.08259
-5.44461
-7.83252
4.58513
2.72087
-0.50421
-8.78783
5.64104
-7.11697
1.73484
0.66552
-4.84577
-2.40877
5.66380
-2.58503
-0.26034
-2.44366
-6.70329
-1.08946
-0.60375
0.82537
-2.13775
5.26113
-0.96816
-3.20005
1.13849
-0.58848
-0.39730
0.06399
-1.15685
-3.97725
-2.24366
-2.75666
2.41125
-0.04616
-2.55118
-2.79580
-5.90419
-3.41839
9.45621
-11.45489
3.76969
3.48349
-4.50789
-4.23194
2.45027
3.60974
1.44852
8.61938
-0.76750
0.27163
-7.10884
-2.24888
-3.51837
4.15129
3.64274
-3.85616
7.26975
-4.80924
6.03811
-0.19076
1.23999
-2.66909
-0.77570
-5.70979
0.22802
-3.43594
0.97567
-2.30763
-0.11278
3.14305
3.95937
-5.33471
3.10299
-1.52315
0.26710
-0.13502
6.73053
-1.85545
4.49716
6.38566
5.45975
1.32570
5.05735
-3.26708
14.85447
-0.10405
4.07362
-8.87500
1.13901
-0.92283
4.76149
-0.78922
-0.01833
-8.60483
-4.74437
-1.69757
0.82092
5.52805
1.88200
1.79258
4.22919
0.37364
-0.25593
2.35805
6.83390
1.37411
3.36514
4.65213
-5.99545
11.44671
-2.29050
-4.39753
0.70875
-3.34432
-5.12322
-0.69713
2.16152
-5.14925
0.02352
-4.27893
-0.45078
-9.70477
1.21216
-7.01417
4.01780
7.81623
-7.36265
-6.01255
-1.62824
0.02568
3.97053
-7.17725
-1.86651
-1.86629
-3.17168
-0.60908
3.17984
-10.60002
-4.27406
-7.96849
9.31256
-1.56271
4.36151
-11.49684
4.24453
-1.42864
-6.70941
-6.30238
-5.98773
3.77569
-5.74075
-10.68390
2.31315
0.92138
-2.32688
-2.38466
-6.04745
-4.57693
-0.98089
2.51836
-3.82974
4.41800
-3.63044
-1.22901
6.90203
4.89597
-1.52913
-3.12762
1.04782
4.53882
-3.97661
6.48507
4.02406
4.21132
-0.25840
1.05090
0.43418
-1.14839
-2.53367
7.27355
0.09922
-4.51782
-6.71082
0.06594
-1.03910
-0.82942
-1.11122
5.33692
6.25347
0.35204
3.63136
-0.81945
-0.58385
-7.21134
9.71965
-0.78525
1.50346
-3.45443
8.25904
5.09962
0.08830
8.84335
-2.59064
-1.25960
-5.44015
-2.62928
-5.27415
6.49753
-2.42627
7.98475
2.47960
-4.19011
2.05508
2.18757
3.50977
-0.77472
4.45568
-6.81338
0.98645
7.41896
0.57355
4.96542
-5.39159
3.74573
-0.54167
-2.65705
-0.22853
6.32335
-3.22860
-11.42300
7.17968
3.32854
-1.49947
-0.37781
-5.91873
-4.05440
2.17740
-0.61104
1.50845
-1.41522
2.80668
-9.01656
-7.63127
-0.69483
4.84956
3.09312
4.43570
-1.07147
-1.98871
3.55810
-2.45511
0.75551
-2.13800
-5.52551
-4.30659
-1.77229
-0.61783
3.90688
5.77314
-0.57566
-2.32657
-7.38562
2.07006
-7.56938
5.23283
3.34465
-1.31434
5.04321
1.33790
-1.83600
-4.50635
-10.21218
-9.72620
4.10319
-4.79179
-2.33221
0.76117
-2.79823
3.56879
1.01963
-2.20081
-5.46453
-0.05697
10.66380
1.19663
-8.00416
-3.04611
-0.91721
4.59692
-1.88155
-0.55651
5.95945
2.67466
-8.00672
-5.36843
1.27841
2.55085
5.06297
-1.61872
2.19003
1.95126
7.37127
-0.97588
-5.97423
3.99966
-0.23787
5.74844
-0.05136
1.94649
6.62970
3.11221
1.06614
-0.23479
-5.45670
-3.05936
-3.18810
-1.40233
0.42692
1.95854
-7.18848
4.08657
-4.38987
4.25611
-1.68208
5.16711
-0.46686
-9.10294
3.27028
-4.89875
0.08820
-2.73466
-0.61075
-3.12275
-7.38820
-0.23531
-1.50283
-8.29049
2.05729
2.31098
2.32871
3.22655
1.62374
2.46557
-2.96916
-9.20730
-3.79199
1.17867
2.19762
5.15926
4.72795
7.72191
0.50418
-8.31902
6.68481
1.45631
-6.10733
-4.43166
3.50337
0.96193
-0.09532
8.10031
2.77261
-4.89833
0.73728
3.45968
-5.27301
1.64703
6.90887
1.17779
4.58553
5.35358
3.20998
-1.87135
-0.01461
1.07724
1.09002
3.89876
0.47455
0.90513
2.04613
3.44460
2.47051
1.11712
2.54886
-2.99233
5.66633
4.77312
1.46062
2.97570
1.06534
0.96050
-7.28685
4.11700
-0.41959
0.07743
7.63506
-2.39079
0.01503
0.33110
5.10763
4.84049
-1.10774
0.17778
-9.89187
-3.38571
-0.44444
2.09806
-2.88204
3.18913
3.66757
7.17105
-2.24649
1.37959
3.90778
0.61610
-2.00702
-0.67656
0.62077
4.21346
2.64454
-3.73637
-4.21194
4.16387
1.25098
-2.37852
4.87436
1.05628
-6.76186
1.70859
1.59950
0.83160
3.10294
-0.36022
1.71459
0.08155
-0.18121
4.97162
3.47355
-6.07703
-0.29580
1.19385
10.25460
0.83521
-7.89752
-15.77216
-5.80699
-2.03319
4.75832
1.81915
2.48388
10.15998
-3.12510
1.87431
3.66097
-6.25644
2.51405
-1.15314
7.01598
-11.19776
-3.32907
-4.98867
-6.94859
-0.38886
-2.83064
-2.39598
5.79953
-3.39205
2.94120
-2.09589
1.42241
-6.55718
-6.10893
8.47160
-3.01450
0.36037
6.02619
-6.88342
-3.55644
0.02943
-2.35906
-0.15500
10.33711
6.03112
-0.84369
-0.55100
-6.11758
-7.59110
-0.71275
2.96611
0.79689
-7.97748
-4.11787
-1.70071
-0.28512
-1.86592
-8.34049
-4.07424
1.00502
1.11844
-6.31784
0.97607
1.71329
3.64973
7.92218
7.48594
5.00500
1.04049
4.51613
0.37581
2.46090
1.32302
-0.51323
-8.11092
1.35680
3.20468
-5.61321
-4.68047
4.82205
2.15335
2.92276
1.48237
-3.80345
-2.09901
-5.70112
0.01203
2.96748
5.20484
8.35479
7.13808
-0.79364
4.27266
-2.53495
4.61872
-4.19642
-0.90824
1.75555
-1.06384
0.61152
-2.37662
3.62099
4.86166
5.84339
-9.24373
1.54371
-1.32957
1.26426
0.11611
-0.54225
-5.06186
9.95873
6.27863
-3.36350
-6.24769
8.62461
3.29949
1.84472
0.80069
1.70514
-1.89186
-2.21965
2.34921
-0.20214
-1.22342
-0.57055
-3.02065
8.12791
1.51675
-6.66648
1.02735
5.13895
0.05263
1.14417
-2.00665
6.70048
1.89396
2.87891
4.70171
-6.47095
0.62545
6.74048
-3.90759
-8.97454
6.64873
-0.93540
-3.64469
-3.34345
1.48147
7.69881
1.06554
4.20085
-3.84266
0.53581
6.46344
3.78639
-0.79870
6.48758
-0.90807
1.50758
-0.10807
-2.09301
0.12758
-0.14975
-1.45433
7.98586
-9.04031
-2.59380
-0.44066
4.93070
-0.90350
-3.93963
0.89651
-1.52566
-7.69228
0.20754
-2.55280
-0.50103
-0.79027
-6.76516
-2.40164
3.35625
1.61643
-1.74759
-2.29168
-11.00509
-2.32540
-7.43289
0.67582
-5.38167
-3.93779
-1.22116
0.65571
2.56446
-4.44711
2.72360
2.26843
-5.84464
0.61063
8.58013
6.47761
7.47979
0.80232
7.58952
0.24525
-0.81600
-3.64080
-4.04356
7.81364
-0.91035
2.07899
-4.96192
4.89832
0.68902
4.48716
-6.69406
0.04734
-3.37515
1.22585
-10.12799
-5.03147
-4.48929
0.18436
-1.78613
2.56322
3.34849
-0.94752
-0.62930
5.63311
-1.28724
1.60623
-3.04158
-0.58865
1.60267
-6.57509
-0.98878
-3.34767
1.54784
5.27509
3.99472
2.85173
2.13689
-5.97832
-6.36148
0.91054
1.92155
-5.78537
2.62170
-3.99297
0.88085
5.88865
1.86448
4.20486
-5.80767
5.02853
4.62902
-7.43425
0.53954
-4.33476
0.80709
1.16790
4.37819
1.36350
-8.39944
7.44536
4.45745
-6.04065
-2.48975
-4.10822
2.03858
-3.37980
-6.88146
1.85382
-2.77107
3.74132
-4.72827
10.78647
-1.39390
-3.32468
0.44032
6.49454
-8.54863
-1.54224
1.81823
4.80963
-2.78026
-6.35290
-3.74131
-1.52911
-0.31369
4.46651
-2.09209
-2.65002
-7.22468
-4.41985
-6.48871
-10.53051
1.32787
2.74507
-5.31005
8.42372
-0.68813
-0.86960
-4.86408
-1.96053
-1.85069
-5.14956
7.07841
7.11333
-4.29432
2.11234
-6.24862
0.06067
-5.06017
3.47684
-3.60601
1.88697
-6.74795
-0.73062
-5.28241
-3.91651
-7.70628
-0.05881
9.20164
-2.53695
-6.98536
2.22166
0.31431
0.79386
-0.46503
2.19960
1.90295
-1.07179
2.50996
4.35499
-0.30879
4.47059
-2.02606
0.85246
-3.64898
0.45455
-1.73085
-9.33130
-0.70129
1.44748
1.16993
0.54967
2.71821
2.11406
6.70296
-1.03477
5.75262
4.03026
2.45720
2.72251
-4.42028
0.44869
-0.10637
6.35205
3.91885
5.80337
-0.83343
1.63110
-0.06666
-1.86451
-8.93092
1.79708
-1.57455
-0.57976
-4.35909
-0.60097
-1.60702
-1.76219
3.41562
-0.98600
-5.16361
3.40319
-8.17322
-5.21895
7.37601
-2.16430
-3.25808
-1.06861
-3.05290
-3.29223
-0.57207
-3.10788
-2.58066
6.04901
-4.16233
-0.48802
-0.82008
4.04880
2.88219
5.92495
4.93190
-5.70704
5.96951
1.27997
1.32583
7.75852
2.43084
-4.14979
-2.19150
-1.18426
-3.51041
4.04821
-4.54700
-3.29548
0.95496
-1.70775
-2.13356
-3.42709
-3.20295
-1.64251
-2.26101
-4.22172
-6.26768
-6.82302
-3.04756
1.97472
2.09508
-9.03104
1.62406
-1.51625
0.03796
-0.35545
-1.61629
-0.95291
-2.72959
-2.47504
0.24249
-6.55447
-1.67331
4.77508
1.58019
4.91925
2.12705
1.53782
-3.62465
3.45674
1.53419
4.42115
-4.77872
1.34445
6.69089
-2.41909
-7.37130
5.65451
6.63659
1.39525
9.91217
0.14174
6.20327
-9.20683
-7.37249
-8.16805
-5.96442
-5.33539
-0.63660
3.25016
-3.83534
-3.61759
-2.29920
10.23020
-4.12304
3.74357
0.74777
0.74213
-1.58192
-5.54905
-6.52945
-2.03691
-1.81124
4.37316
0.09471
-3.11315
3.81436
-1.16502
2.02678
-1.42379
-3.12774
1.85580
-0.82607
1.76000
-4.05221
6.64718
9.70485
-4.63825
2.36862
2.34789
-1.11390
2.85098
0.50743
4.00777
-1.98700
-0.57038
-8.24388
-6.15991
-7.61583
-2.98164
-2.25235
-2.99495
-1.89457
2.79337
0.70654
-4.06803
-5.74374
-9.36782
2.83779
-4.13660
-1.99299
2.48401
-8.11594
-3.58967
-1.47383
-0.55083
1.72509
-3.58165
-1.99058
2.66504
0.56763
-1.96663
-9.84009
0.54337
-3.08684
5.39713
-3.86611
5.10902
10.10876
5.40249
-3.95723
-3.80345
5.16359
-0.78016
1.79346
-9.53084
0.80795
-15.67465
3.12039
-0.09184
2.55275
-1.63145
-2.84129
1.42301
3.23985
-1.06069
1.61476
1.78039
1.36056
-3.09140
-4.80738
0.15661
2.39526
5.53606
2.54120
-4.40730
3.69257
-2.71461
-0.05393
2.79031
8.65702
3.33312
-10.94494
-1.43496
-1.64195
3.19779
-0.87605
1.68093
-2.17629
6.08722
-3.86470
-2.99813
-4.30207
4.74456
-0.98429
-4.15973
-0.99760
3.91714
-4.04061
8.01613
0.95700
6.34130
-7.02557
0.71777
5.74834
2.59586
2.54852
-0.18625
6.19302
2.53814
-2.39128
-1.24640
-10.60385
-4.51855
1.17976
-0.18780
-9.61916
-0.09095
1.58114
5.23004
4.60050
-4.34401
-2.43032
-3.19072
6.13241
-5.01552
1.18333
-11.94333
-4.04128
3.81259
-4.91961
-6.27671
-2.99649
-4.80418
0.97334
10.21891
-5.05613
0.89690
8.39831
-3.07202
-3.41099
-0.26945
-1.00520
4.44671
-6.88373
0.44910
-3.09595
-2.33487
1.26456
0.10709
-1.58972
4.30029
-9.65258
3.31917
5.37041
-4.28104
2.84867
-5.46368
7.58749
1.11706
-0.90073
0.00946
2.95708
4.25533
1.04775
-3.20532
-5.65642
1.38999
-2.06876
12.80422
1.00711
0.27285
3.18896
1.61896
-3.82030
3.34146
-1.15324
2.12582
2.57480
14.48567
-3.10950
-11.85492
1.19000
2.34553
-8.14510
4.66439
-1.41682
-1.71561
-1.35910
-2.57513
0.48376
-3.40173
4.51133
2.55342
2.24485
0.68355
-4.84284
-6.54838
-6.36180
4.64674
1.16873
-2.30671
-0.65186
4.32857
1.52523
4.24673
-6.32783
7.00099
-7.65658
-6.12088
7.03407
6.51401
0.68999
-3.65965
5.03065
-4.39613
1.07622
-8.29030
-0.82972
-6.35139
-2.01767
-5.99958
-1.57979
0.44280
2.06703
-1.61228
0.62492
-0.88905
-2.18959
2.30634
6.48222
-0.06091
5.24246
-7.65080
2.65372
-2.73285
2.83014
1.40304
-12.09661
-1.50445
-7.20462
2.70620
6.83936
-0.46093
1.21523
5.04206
0.18692
-0.31683
-2.71141
11.78886
3.05515
2.56965
6.62301
3.92624
-3.59968
4.63048
-0.55481
1.72355
1.88389
-7.23183
3.15113
1.77329
0.94564
3.37354
1.00077
-2.02979
-3.40316
-3.17407
3.62751
2.66623
2.46587
-6.88586
-3.30298
5.87513
-7.03722
11.29077
2.36476
-4.61635
-2.54835
-6.42697
5.00971
5.69544
-0.66588
-5.04290
5.80740
-1.48070
8.69284
-4.53374
2.72595
-2.02196
-7.76436
8.04588
-3.44524
4.83231
2.46159
1.27520
-0.75506
-0.26239
15.23058
-5.90130
-7.69107
-0.67884
5.73187
-4.84638
-2.90785
9.48825
-2.50859
-3.81584
10.98676
-1.75612
2.79519
8.09810
0.17510
-6.97492
-3.79242
0.75118
2.80967
0.24966
4.50009
-5.58321
2.27575
1.72693
-1.47320
-3.32744
-0.42685
7.12315
-7.42696
-4.68446
-0.12305
1.22335
1.14508
-2.73533
5.50786
2.18192
2.97907
3.20060
-2.25738
3.44665
-0.63565
5.68859
-0.03660
-5.18160
-3.57785
-5.15068
0.94492
-9.81458
-4.88766
-0.89831
-3.93719
-0.51448
0.96327
-5.18216
0.97711
-7.28550
5.69838
4.08236
-2.79307
1.98483
4.63499
-6.68113
-4.29694
8.76950
1.83809
-3.52334
3.29354
0.30848
3.09378
-5.91869
0.59157
3.42333
-1.03769
6.04371
13.39435
2.72410
0.73008
7.43541
-2.22421
-3.30494
-1.19883
-4.00417
3.47513
0.97139
7.55822
-0.95835
1.10764
-5.02313
-1.81217
3.94927
1.43340
4.26182
-2.37576
3.84305
4.65466
-5.95145
-1.00952
1.14059
2.00989
1.06935
-4.52772
0.91962
4.04114
-0.36504
-1.82150
-0.70496
3.38358
0.74719
-2.76565
-4.11725
-6.45109
1.78642
5.72396
1.72048
-2.68599
-0.55972
-4.52194
-1.25115
-0.28590
1.66660
-1.01250
-2.27409
1.88224
-3.94239
3.26521
2.61441
1.06289
3.54508
5.93224
-2.13223
2.97938
3.61921
4.91845
2.31809
-1.00162
1.15079
-3.98191
-5.22785
9.49491
4.18457
-4.25604
-4.57899
0.14349
-0.01009
-1.27782
-1.08372
1.97852
-1.10877
-0.20914
-0.97792
1.00910
3.21646
-3.29847
3.45213
-0.11378
-3.65995
-0.06081
2.71685
-4.57081
3.48689
-2.45544
3.90061
4.94421
5.48030
2.63117
-1.52451
7.84238
-9.69375
-3.69006
-4.76001
-7.50038
1.79475
-3.24714
-0.96248
0.42164
-3.66987
-4.38964
3.06895
3.85117
12.40995
-4.55812
-7.49427
4.30896
0.97312
3.96071
-2.88972
-1.84507
-2.23032
2.03790
-2.68459
4.01953
-5.06702
0.72372
-3.10311
2.92602
-0.95360
-2.58746
0.15797
8.23504
-2.06459
2.35156
-1.89373
3.31052
3.55419
-0.33819
-2.05053
-2.99581
4.14742
-4.31987
-9.99179
0.10653
2.70901
-10.39741
3.22119
-4.04768
-1.51962
5.50214
1.83398
-6.40852
0.90622
-2.20393
2.70603
2.63270
2.06992
6.15020
-7.63542
6.14345
2.02508
5.01320
-2.66604
-3.19689
-5.86697
-5.69631
-6.24217
-3.53408
-2.06017
-1.51974
4.41513
-1.61661
-0.06148
-3.58615
-3.29489
2.71928
-5.52832
4.09772
-1.83729
-2.02896
0.30598
-0.14640
4.33027
-2.03274
-2.98303
5.79878
-0.90610
-0.84392
3.99465
-4.38228
6.14787
-2.91674
-1.12564
-0.00104
2.46590
2.63563
-5.66638
1.89812
-4.04300
-1.15769
4.55449
-1.76240
-0.14499
0.86623
-0.82781
2.40236
-0.05514
-3.14311
2.41586
2.88671
0.62161
1.46778
-1.29793
-1.58597
-1.50583
-3.05102
-0.80256
4.71112
0.90609
5.37620
5.29012
-4.70284
-9.15343
3.09322
-1.82978
7.92877
-1.39552
2.65754
0.18479
-5.03115
3.10407
5.44387
4.99753
-5.82349
-0.70419
5.70307
2.15610
8.74743
0.43183
8.09812
-2.07278
0.59728
1.13222
4.87421
4.79262
0.10196
-7.29954
-6.24054
2.18143
8.83687
-1.23900
5.78546
-0.46802
11.45972
2.28945
3.26816
-5.56633
-2.04663
5.78653
-5.48381
2.66074
2.17565
-3.56853
1.15370
0.51479
1.02092
1.78449
0.72711
3.79376
-1.00593
-1.80858
-7.58393
-1.56624
2.02960
4.74433
-0.19281
-3.58422
3.64632
-0.04944
-6.54288
1.24536
7.26827
2.20128
2.57142
3.64132
2.29102
-2.77313
1.07202
-2.93188
1.24845
-7.52364
-4.98897
0.90618
-3.41094
11.39769
5.43371
-2.19197
6.30328
-3.02836
0.20151
2.47985
-0.03402
-2.09931
8.02706
3.77117
2.29419
2.20079
7.11390
9.71641
-5.40493
0.03677
-9.71196
-5.98665
-2.72191
3.37723
0.12135
0.43028
2.66069
-1.75121
-4.37890
4.82865
2.16573
3.10666
-5.00510
-4.10628
2.09945
1.78470
9.19396
1.94570
4.69749
7.10413
-1.73278
-1.43490
-1.11645
-6.15610
1.45499
2.66079
0.06662
6.60790
2.89860
-4.83268
-3.26178
-0.05499
0.47334
-0.13667
-8.27301
3.56603
-5.32788
-6.77937
-0.49798
-1.38272
-1.58883
-1.43908
0.05149
8.74791
-0.78758
3.95959
10.69115
5.01978
0.08340
8.04956
-0.79306
-2.40065
0.43505
-2.34459
-5.79718
2.73590
3.05144
-2.14924
5.41353
0.39856
-1.64709
7.67023
-3.23365
-1.96687
4.88710
8.95155
8.81696
0.76457
-2.90189
-5.41321
2.20007
2.09802
-9.76783
-10.09595
1.45118
0.76309
-2.25213
3.73284
-0.49973
4.03454
6.68114
-6.38612
9.12920
-1.65538
1.26043
0.32290
-2.40608
1.59893
1.20163
-4.03303
4.59295
-6.21100
5.47229
-6.09999
12.66096
3.93594
-3.26141
2.72879
-5.39669
-10.42834
-10.08819
-3.16290
-0.54298
1.10644
4.36998
-2.28492
5.91579
-3.29311
-0.34259
-2.37644
-3.30978
3.27105
-0.75410
-1.33340
-2.61830
3.15471
-6.55724
0.70790
-2.79318
-8.56351
-2.62542
-2.51082
-3.70688
-2.97918
-0.76456
4.81210
-4.02077
0.38577
-0.70298
5.60543
0.56542
-4.85752
3.25875
4.45708
3.60666
-3.50853
-2.65798
4.74835
-4.86786
2.48380
-0.37612
0.51166
4.61024
3.09645
4.24649
-4.93498
-4.45360
1.95575
1.32081
-4.44613
-2.57659
-1.70034
-0.47401
-3.99716
6.85946
-2.81843
2.03117
-2.70968
3.95141
0.18269
2.04534
-3.35700
-2.29812
6.12570
-4.04030
3.65871
6.30077
4.55872
4.42003
-4.51812
-0.27452
2.25549
0.32781
4.88278
2.26525
-0.78396
9.54510
-5.37256
0.12771
-0.56418
-5.83610
6.86104
-2.45172
0.99932
4.76703
3.51400
-7.47474
-1.19897
11.34542
6.53037
-2.51219
-5.59038
-5.71362
-1.72301
0.54260
-8.06223
-0.27844
-1.88768
-8.21120
-6.39805
-5.26509
-0.63521
-0.54946
-5.49864
2.71682
5.74619
3.10916
-3.63826
0.67196
0.15671
4.05045
4.61041
0.63273
-3.31506
-1.85879
-5.49061
4.54536
-6.80565
-5.67199
-8.71332
-4.63280
-2.76735
1.95506
-10.79343
3.83808
-2.42754
-3.14572
1.89166
1.26939
-0.45763
-8.12881
4.39075
5.47192
-3.96099
1.46830
-4.59811
3.29386
1.23493
-4.50814
2.15540
9.88218
4.33041
-4.62328
-1.73134
-6.61023
-1.10883
-1.45967
-3.23385
0.06160
-4.23077
4.94298
-3.82682
4.16618
0.07714
-0.36050
5.28007
-3.22321
5.03906
-2.59808
3.49063
-7.75260
4.89779
-7.39958
3.87172
1.16576
-4.47411
4.08411
-2.18418
1.32332
-4.66394
-0.17443
2.21193
-3.98479
0.44114
-7.33195
1.21925
3.67146
-0.20125
2.52571
5.36187
1.05729
-0.61127
-4.49226
1.57512
-2.99716
2.09393
-0.12398
5.02274
6.04975
-5.20457
1.63643
-3.96704
1.02861
0.28548
4.58522
0.23385
-0.27121
0.13475
-2.13193
-0.83562
-0.98778
-5.28379
-3.02756
-4.88837
-2.24704
5.26781
2.83616
-4.24562
-0.25964
3.96539
4.54921
0.42939
-3.50812
4.49197
-1.15013
2.25148
-5.58762
9.23811
-1.40780
1.43985
0.92174
2.47107
-4.00377
-1.85483
2.11610
6.01117
-2.07323
-9.01233
-4.32102
-1.16906
-0.89259
-4.33287
-3.31996
-1.96486
-2.28895
10.38008
5.84711
1.46332
-8.94857
-3.61766
-4.34935
6.15246
2.92459
-6.86790
1.84132
-7.60663
-4.49542
7.07027
-0.98995
0.94054
1.95372
2.15122
-3.24454
0.59194
3.05530
-1.57515
-2.37533
-4.37485
1.25078
-3.71185
-0.31094
6.57588
3.81637
-5.28803
1.85283
-14.22928
-2.66055
7.13352
-1.17383
-0.82885
0.04918
-6.73623
-0.24950
1.74749
10.78922
1.08883
5.57163
-5.03673
5.38002
-0.78849
4.50309
0.60459
-4.08994
-3.65128
-2.58967
-3.41229
5.75082
1.79892
-0.17637
-0.02006
0.06168
-1.88417
-4.40970
-1.31347
3.48281
3.46161
-7.18550
1.18171
12.29392
6.78615
2.22420
-1.63075
8.60619
-8.87070
3.70315
0.12171
4.49576
-1.38692
-3.46680
0.98674
0.08247
3.56446
-7.54784
-5.81271
-3.88561
0.87943
2.84361
-0.53516
-2.26126
3.58520
2.19934
-0.19474
-4.55013
-1.68742
-0.56571
-11.74132
0.85943
-0.95901
0.47562
7.57919
6.20393
3.53401
0.59846
5.47465
6.54622
1.47845
-3.74072
0.33963
2.08581
13.31715
9.47989
0.26757
-3.01234
5.28098
1.06537
-0.81173
2.39538
-5.68818
-1.05309
0.39688
11.95919
0.39942
1.34797
-4.97355
-0.11206
6.75627
-6.03690
-9.32370
2.50778
4.53319
2.62244
5.77462
-8.46268
3.04718
3.47810
0.33039
2.08386
-0.92624
-9.03717
-3.61197
-7.04520
-0.11021
-4.50134
-0.66275
-10.54818
-0.48793
-5.20258
0.26137
-8.88205
1.76194
5.72664
1.59062
3.43324
0.08564
6.12069
6.36854
4.12059
3.68772
-8.45257
-2.06093
2.74076
4.29739
-8.69062
