-1.88126
14.21638
-8.81033
-8.15894
2.14581
14.30918
-2.11945
-3.01150
7.49363
10.05708
5.50821
17.57139
0.93703
2.19570
-9.60180
-16.09977
5.17044
1.74224
16.32569
-8.87449
-7.91375
-13.76525
-10.64623
-9.76538
-13.87830
3.97858
-3.23063
-5.59141
7.39631
-3.77633
18.56838
9.04279
-1.10955
5.68372
-4.16815
-3.95566
7.83542
-11.87055
7.84792
-7.27345
-2.42816
-3.08388
9.00490
20.51190
2.50574
-6.59456
3.16515
-5.82350
1.70608
0.92378
22.35138
-5.47752
-8.10261
-4.38570
6.14265
1.98019
6.08997
-4.16524
8.34630
9.40383
2.56438
-4.72693
-5.17075
4.64412
-1.32472
-16.82089
-5.29159
-1.47246
-5.73786
-3.17744
7.28341
-6.63371
1.84076
-0.04875
-16.90009
0.57338
-0.23311
5.33436
1.60416
20.33791
5.41882
2.98228
-2.23549
12.09452
5.40793
12.53438
13.58920
-4.47213
12.65067
2.01628
-11.38968
11.03896
-10.83282
5.62935
-2.04847
0.56313
-9.30772
1.66957
16.90158
10.02672
6.76686
-2.73588
-4.49126
9.02903
10.15198
2.64931
11.13879
6.47972
-2.13307
-1.83817
15.90561
-17.90236
-0.44587
2.15908
9.59787
2.31253
-1.51313
13.93757
1.96007
2.28450
9.07324
-0.15550
0.52519
0.59073
9.44356
-14.24338
-2.32293
7.00725
-13.06629
2.50803
-4.49869
-6.88646
-1.65310
-0.88068
3.43769
-6.30824
3.17878
-14.06441
-2.73326
8.81728
-2.03653
-13.19747
-10.81761
16.00436
-5.55179
-7.28766
13.83295
-1.35377
7.29621
0.18307
2.03466
-1.91297
3.26160
2.67132
-4.55427
4.51752
9.52545
2.53232
0.56324
4.63335
-5.93546
3.19975
10.51850
-11.75333
6.81080
-0.53627
-1.31248
7.23997
15.31735
0.75710
4.12129
-0.35559
-17.76901
26.82573
0.07614
-1.46710
1.90868
-7.66159
7.92959
10.51374
-19.14598
-11.32491
-11.54700
-17.58901
5.65223
3.95908
-12.47686
3.54801
3.52724
-5.45966
-1.08297
-0.31204
-0.25399
1.03237
6.43639
-0.58738
-11.09191
-7.36394
-3.10269
-6.19693
-7.22492
0.79503
-8.92647
-0.97222
-17.29481
9.35148
-6.81898
-1.55603
6.00434
-7.87878
5.15008
14.54003
3.42323
4.07751
-2.21010
8.52387
1.96171
-1.66860
2.05106
1.45533
-15.12859
-2.71182
-11.53702
0.38643
-3.75610
-13.25954
12.85876
18.86594
-2.91621
-4.54068
6.86620
15.05962
-4.71414
6.55454
6.99730
0.22861
10.27278
4.35364
-12.46328
1.19508
12.86740
0.21693
7.69339
-12.10339
-14.70091
1.91797
5.41371
17.11035
8.90208
9.81154
10.60774
2.55095
-0.25253
-3.50251
8.02448
7.08361
-3.37089
6.90779
-3.30010
-4.84417
4.87325
0.41798
-9.93922
3.22127
15.82027
10.05858
4.46881
9.98329
1.47421
-4.74902
2.12506
6.87162
-6.68269
12.31346
18.63926
7.47463
7.79780
-9.46497
3.73545
10.00192
-10.06064
1.74024
5.76231
-12.34652
1.67180
-0.28475
-8.02980
9.83448
16.13592
-3.15479
-10.18267
0.61923
15.82781
-4.55376
-9.11283
-0.58960
-20.02666
2.82582
14.67021
6.48472
-11.40261
3.20795
10.61305
-18.41087
-7.26484
-6.35026
3.22270
11.19647
-5.68167
-16.06176
-3.50341
1.04788
-5.12224
-17.86126
-4.22287
-8.30453
-17.73478
-4.74336
-12.93430
-18.88072
7.43944
-1.03996
-2.31509
-13.68105
-0.71340
-5.75663
-10.53254
9.86788
12.12114
4.46812
6.43684
-7.35626
-11.82286
7.90027
-5.75534
0.31890
-7.83342
-1.84490
10.78112
-13.25513
10.95274
-0.20754
8.38848
-11.29525
-3.22905
0.56831
-6.45890
3.86977
-2.78544
-3.58288
5.19815
7.01332
0.35735
4.21011
6.37889
6.16906
-8.89548
10.56650
-10.13812
-16.34789
-1.75511
11.00703
-8.50197
9.76430
5.22039
-3.07245
7.51434
-1.52085
-10.20064
21.47463
-2.18336
4.11760
3.53652
-5.72373
8.71908
-3.43985
-2.59101
1.74934
-2.98167
15.27918
3.75393
3.64196
7.09895
2.72156
-1.74049
-0.99653
0.70142
8.58422
0.85622
4.38395
-2.55522
-0.92964
-12.95888
13.20566
12.24479
-6.86629
-6.89695
-4.27949
1.09468
19.97457
12.52740
-9.08329
-0.74360
-0.16592
-9.40999
-5.39868
-20.95670
3.99876
-3.47496
-3.02796
1.86255
7.24233
-6.11521
-1.03656
-2.85245
4.08320
-10.79169
28.02163
-2.54894
-6.63483
-9.42734
-14.09412
-9.35058
11.28184
-18.18849
5.50302
-2.58620
-5.59326
5.19247
-0.61885
1.67833
10.93275
-7.10433
-8.60071
-5.15511
-18.79177
-9.93578
5.38371
-5.57143
-1.13285
-2.95615
-11.40427
-3.69194
12.32474
16.58111
-2.34956
-1.03485
-6.52893
6.58956
2.30992
-11.96089
4.13777
-3.15925
-1.34110
3.38681
-6.22843
-10.83621
-13.20054
-3.05868
3.46530
-6.91713
-11.41313
2.42735
-4.88847
-11.48941
4.77818
6.33179
-4.05754
6.94318
1.31937
21.36686
4.65945
1.20460
-7.28241
-7.11703
4.83323
2.97279
16.43407
-9.43792
2.27385
8.78089
-5.01395
7.83813
11.22847
6.00822
-9.79688
17.44121
-1.61423
2.69449
3.90733
0.14575
0.92275
-7.26900
-0.49980
14.97988
8.85863
17.54521
12.30228
-4.22932
-1.07846
-14.31581
-21.79476
2.08217
-8.28532
3.75004
5.85032
4.19281
5.39941
2.27937
-18.97526
-5.31456
11.00032
16.95682
4.14218
2.62545
13.98841
-11.30498
11.32028
2.15859
7.44076
7.97711
13.39740
-4.49946
-5.94052
0.05733
3.22235
-2.25824
-1.08104
3.86489
-2.13627
9.98962
7.51072
3.85188
-4.69520
1.30340
3.95571
-3.51243
0.62426
-0.34075
0.07535
7.96666
11.34311
0.51783
-5.68047
-1.92950
-10.46915
-7.14377
1.57409
-1.35576
-0.49186
11.61709
-0.28662
-10.72012
1.07832
-3.42658
-2.83182
-8.82804
-0.35222
3.64349
3.89005
10.12891
12.48071
-8.71972
-13.59391
0.69705
-5.43293
5.14525
-1.64593
12.07327
-3.59982
0.00690
11.70000
3.97687
-4.68561
-7.70353
-6.55307
-4.53531
3.29817
-11.03189
14.95299
-2.83581
3.97710
9.90295
10.92105
17.25288
-0.80604
13.88086
13.91190
-14.42020
-13.24984
6.82834
-2.26072
5.92855
-6.69367
-0.24418
8.49195
3.42622
-8.39752
0.91651
11.90203
1.60314
-1.80785
-5.96465
-7.69649
12.20169
2.53064
-7.85274
4.10959
6.00978
10.22091
-15.03696
-4.50919
9.98590
1.38733
1.26117
2.72150
-1.13716
-4.43542
-0.24733
1.91853
-18.40145
7.82102
-7.61553
-3.28718
-2.47368
-11.70708
-10.41192
9.11809
-3.04366
2.58383
1.91504
8.94028
-10.70200
0.92932
9.45131
10.30796
2.36258
3.88093
-7.30533
-7.14507
2.49915
8.23576
-14.14640
7.00737
-1.47028
-22.38346
-4.18237
-0.56773
-0.15807
-8.56179
7.74038
16.57199
-8.06444
-3.63695
9.53437
5.37242
5.19090
16.10763
-6.18918
10.09199
-3.31214
5.21928
10.16810
-8.25242
4.83546
2.42717
0.75898
7.27703
4.42565
-4.12477
0.96222
1.75173
-16.55285
4.75690
7.07977
10.27954
-7.78469
14.02740
-10.23238
6.97542
-10.90293
3.61238
0.48494
-9.29641
-21.71519
0.42432
-11.81894
0.57787
-2.50519
-2.14774
0.43699
-8.94379
1.63693
1.09816
-7.88601
-0.58281
-9.82916
3.01705
10.20256
-9.54206
-1.52262
4.30811
-2.74374
-8.17336
0.08752
-1.08032
-5.96411
-1.14361
-1.63269
-1.20649
-6.40389
13.56936
-7.88761
4.44832
3.27316
-11.66625
-11.83502
-20.22870
10.58235
7.65003
0.20033
-8.14301
-11.43181
-4.71680
7.99380
15.33804
0.59031
2.21342
-8.72657
5.70416
7.42397
16.53255
1.90202
-7.69601
6.06206
-5.33087
-4.14350
-5.60200
5.74994
0.77329
3.56931
-5.54096
-11.44763
12.68858
3.72340
-1.58261
12.61106
10.55717
-21.17672
-0.09951
7.95595
-5.87716
-3.82271
9.70457
-10.64553
-17.56555
-1.83109
-1.15791
-3.68300
-10.02384
1.91474
7.50119
-4.44221
-7.55790
-13.05031
-2.95424
16.06281
4.50641
2.90503
3.05977
9.41333
3.58749
-4.17332
1.16124
11.93483
0.78143
-2.72911
-9.56630
2.57653
-7.37174
-9.88276
0.04661
7.96544
10.51751
-5.28290
2.18834
0.41011
2.14322
2.56381
-12.16896
-7.61667
7.94117
-15.38667
-8.38339
2.27479
2.44338
-9.07924
-0.73974
-11.80084
-2.84762
-4.49594
3.77813
-3.51917
2.71731
5.77670
-3.00585
8.57635
-3.87448
-8.37626
7.64829
4.65072
-10.07141
-6.66626
9.24921
6.05691
8.50833
0.77665
7.77232
-5.03701
16.46300
-0.45230
-2.42284
-7.76923
-0.08662
-4.63881
-7.52739
7.10834
13.05596
12.96613
6.68238
-8.37111
8.03658
-2.68969
1.81056
-1.56440
-6.06378
9.54384
4.47702
-6.09772
4.25654
-12.87407
4.66935
5.79696
8.25574
5.63195
6.37290
-5.12760
3.05643
3.57703
-3.28245
9.87975
-7.29901
6.23285
13.07565
-2.95292
3.96366
6.99243
1.09138
11.35291
12.12388
2.27126
-1.73142
3.10263
7.94094
-0.80466
10.33014
-7.19861
5.62272
14.86765
-6.36232
17.57332
1.60290
0.71316
-2.59692
-2.93070
-1.42926
0.27201
-2.35324
10.67409
3.91668
3.05070
-14.47470
13.02630
3.90720
8.75393
-11.40811
-6.93999
-14.19285
-2.18249
0.35999
10.95254
-2.16390
-2.66672
-1.96700
5.03609
-3.84323
-8.91812
-6.65167
8.40125
3.11378
8.82954
11.99800
0.02370
5.65780
6.12442
-7.99198
3.18515
5.76540
-3.77404
-17.24141
-4.80122
-6.35258
-3.54806
-0.97082
-4.29042
0.86725
3.48776
-5.93327
7.43127
2.19584
0.57337
-9.06136
8.27878
-3.49929
2.19618
3.09925
13.81300
-8.83306
-9.82052
3.08168
2.53781
-9.71277
9.55002
1.42429
6.02554
10.62083
-0.03423
11.76336
1.57731
-15.35017
-5.19750
15.98589
-4.24172
-8.95976
-0.18003
5.71548
3.46462
5.23985
-5.09922
-11.83253
-13.38562
10.70763
4.73178
6.73083
6.15028
-2.37507
4.85707
-4.68774
-9.14882
3.46601
-2.73828
11.50254
-2.80994
4.00857
3.03098
7.89975
5.88868
20.01159
1.89835
-9.19540
6.85372
-4.44928
3.29063
4.30902
-0.32420
-1.58025
14.98460
14.68460
-7.95264
11.79223
-2.65803
3.14936
6.44264
0.19944
9.91832
-0.18411
-17.58124
10.99351
1.10588
-1.62044
16.45718
-0.63264
-10.34766
7.85461
2.20847
-2.20612
-7.93638
-15.27270
0.05446
-7.22630
-5.11412
-11.96964
10.51184
7.73204
5.74031
12.98126
4.96295
-1.02162
-14.58976
-7.56441
9.06748
6.71535
-4.99509
10.39832
9.62749
-17.57637
-11.44696
-5.16768
12.37661
2.99388
1.59971
3.83045
18.05107
0.62279
2.79774
-7.21089
-8.34186
-5.95670
2.12734
3.13803
2.32890
1.59985
-5.35573
7.08869
7.59913
4.71408
2.23507
-5.80797
-4.67560
-3.93166
-0.53409
-4.82630
-8.23383
16.76203
18.25470
-30.98606
-12.08923
5.13088
-4.59801
-1.52909
-1.60229
0.45172
-5.46592
-10.73263
3.82689
-14.81685
4.05857
3.10314
-14.03314
8.97821
-0.54918
15.03211
6.73875
-6.64789
6.51372
-8.02242
4.61438
4.92255
0.09888
7.43964
-27.47700
-7.47318
-10.63785
8.93112
-2.61802
-7.79150
9.66090
-0.58158
12.82022
12.00846
3.69461
18.73012
-2.98679
1.45902
-10.21783
5.86255
2.45199
1.38648
-9.80976
1.95936
-3.60842
-2.91070
-0.65160
4.72039
2.79475
10.54756
0.47566
2.13544
-2.55129
-10.10419
-10.10103
-9.00934
-10.56726
-4.31649
15.25673
-9.53085
-1.76846
-12.68335
3.35751
1.69304
-2.31699
-2.44539
8.56466
-3.93066
1.36674
19.93061
1.86937
1.06009
-0.02777
-3.11292
-0.45953
3.66883
-5.57916
-6.56798
1.00805
12.21998
14.59285
-4.42121
3.15915
6.62085
8.44372
-5.41642
-7.38640
-11.71388
4.17948
11.67781
-2.79832
-6.66516
-14.40853
-8.80424
0.12261
-5.34170
2.62814
1.99959
-3.84546
1.48744
2.31987
-19.00431
-15.90677
7.25069
-4.69869
2.26693
3.56508
-4.40389
-11.20672
-5.97447
-1.85870
-4.19259
0.94742
3.00120
5.67552
5.42459
-5.98791
0.24754
7.59373
-9.67966
-5.67184
20.38135
5.03619
1.22191
-3.29893
-3.42679
-3.66932
15.98218
2.08494
10.87018
-4.47605
6.65088
5.58053
-15.47682
-10.12987
0.79819
-5.88284
-1.68730
-2.50732
5.64657
-3.02761
-4.58045
-8.92696
-1.21188
-5.01274
-8.97180
10.36573
10.86746
-2.89990
-9.35553
9.79100
1.44818
3.55745
-5.88646
-5.75824
4.69096
-12.25333
13.91721
-6.68441
-2.19856
-9.31427
10.46755
-10.17362
6.91460
2.72659
2.90451
11.51484
-11.51172
12.32149
-5.16348
6.56352
-7.05796
-1.18895
8.64775
-13.11406
-10.48082
-4.24546
14.04088
9.51839
10.78264
2.44484
-13.07393
3.07795
-16.46521
9.30053
2.22555
7.27280
2.85966
5.50535
-3.49668
-6.75486
-1.47634
-6.21267
7.13888
0.26694
-1.57393
4.45922
-14.99353
-9.68755
-2.36514
3.23959
2.67269
-10.32223
-7.77460
-2.79871
3.74580
-1.85898
0.00851
-8.41929
1.15152
1.73285
2.54744
6.90418
12.53008
-12.90913
16.82939
2.21495
-4.14793
3.10078
-2.87455
6.93011
5.34476
10.86601
6.78491
-11.87317
-13.39444
-15.06437
2.49715
13.28942
12.61682
11.11734
-2.23242
-3.77884
10.39255
-20.23171
3.85413
-5.78930
6.38258
-4.89701
7.39565
3.04932
-6.91976
-4.02148
-0.50461
-2.39865
-8.30377
6.37309
12.02341
-11.19822
7.21070
8.28811
11.08772
-7.40633
3.27896
5.55950
1.41398
-1.60459
-3.06570
-8.29022
-10.60136
3.86871
2.99460
-8.78080
0.61894
-1.77443
-1.75091
-2.43060
2.26959
5.93005
-18.41335
-3.89021
23.85769
-11.49464
2.27092
-10.45046
-5.43039
1.71537
3.34501
5.91871
3.72482
-2.73867
-1.63382
-3.19029
4.30496
-6.90048
15.68412
0.71984
4.83333
5.40710
-2.73688
10.85855
7.06112
12.96480
0.20932
2.41908
3.88236
9.74996
9.83739
12.08954
14.52784
8.37733
-12.31778
3.26883
-1.91562
7.89717
-6.13476
-8.79611
8.93272
6.68710
-14.48324
-11.72986
-17.34379
-6.21682
-5.66612
14.97998
-5.19382
25.48436
8.22944
-1.31944
-8.57378
7.12712
10.24528
2.49934
2.93857
-6.76187
-8.68913
-7.32492
5.71086
-21.55065
-9.07685
4.30563
-6.75871
-8.91319
-6.43413
-9.94558
-17.57816
16.81891
-0.54002
12.12767
8.92517
-2.13303
4.56541
-2.92422
0.44041
1.41274
-11.79673
5.11725
-18.10881
-9.42008
18.44156
-0.81942
0.00476
-0.94699
-2.67141
-0.47603
0.26788
9.79018
16.01259
7.87079
11.74796
10.78576
-6.03666
8.33860
-14.60914
5.98551
7.52472
14.12105
-8.83805
-0.48092
-20.66057
0.74451
-1.56066
7.62930
8.39123
-5.94564
-5.16936
2.17369
4.85760
-5.12980
-7.08790
-9.11800
4.51209
8.42515
-4.32981
3.33491
5.88368
21.06961
-5.73485
12.43235
10.52944
-1.38784
4.49272
7.80736
-6.46195
11.54181
8.29073
11.28123
4.34901
3.23269
6.76253
-3.54324
-6.43607
-1.83792
8.34272
9.33036
8.35432
1.01735
1.11365
-1.03488
-1.09004
-1.97936
-6.24741
-5.47654
3.44538
8.82758
10.82109
0.70245
-0.27454
0.27172
10.65361
-18.14861
-3.50637
2.51262
10.22214
-12.39658
0.01352
-11.53636
-4.81277
9.39388
5.90215
-15.37982
-13.92048
12.40329
-7.48404
12.77726
-2.13650
13.05764
2.56513
-1.50683
8.60046
-0.37412
-6.76556
7.85692
-2.89639
-1.65502
-1.86340
-0.97323
0.46712
-8.74560
-2.69769
12.93702
7.41896
6.90586
14.45477
-6.05320
-6.45251
5.04346
-4.65940
6.08230
-19.48622
-10.83274
6.87434
-11.81829
-11.76686
-4.08933
-13.64086
5.78331
6.42839
0.80653
10.45848
-7.43212
-11.06946
9.78755
9.26353
-8.91379
6.86455
-7.88665
0.11626
4.23534
-7.78358
5.57510
8.12291
-8.19040
4.76613
9.19455
-2.27569
9.84842
10.66549
4.56533
-12.52949
16.85320
-3.22372
5.34885
13.52979
13.60254
16.68351
-13.22232
-8.57744
2.91907
-18.50401
6.28690
1.25600
-4.03946
1.39757
13.67414
6.32069
-2.97575
5.08497
-8.34979
-1.49058
20.76487
-10.05417
-10.45071
-12.20311
-0.20175
2.13446
-19.67980
7.17424
2.14680
12.27427
1.83377
-5.02864
-6.32632
-13.01616
0.96868
-1.65393
7.10483
14.10364
-8.16186
-8.11161
2.76100
-8.11245
15.09014
5.82029
-14.84765
4.48142
-2.02759
2.11671
-5.62513
9.31064
-9.02645
1.76920
-5.49126
10.79585
-16.91806
8.54343
1.56422
13.29621
3.03159
-3.73820
-0.11769
-9.16303
9.85347
8.63607
-7.28368
-12.50184
0.44218
13.89439
-12.01909
-5.30488
11.21251
18.89496
-3.96935
-8.47999
8.53801
0.40535
7.52972
-0.73021
-1.42879
5.71110
-14.18258
-7.18758
-4.90057
-2.63064
-10.38333
9.64932
-1.30257
-9.89659
-2.73002
13.60763
9.92517
-0.96687
18.30348
12.82488
-4.09632
-5.40792
11.93019
-9.43565
-10.63433
13.13068
-6.69103
-9.42872
-10.26106
-2.69273
-8.79655
16.09575
7.85231
9.70917
7.88130
5.96395
7.56506
-15.37636
1.70261
-5.14220
7.24782
5.87107
-1.95005
-5.34922
-3.91187
6.94475
6.19902
14.19682
6.64146
2.78041
9.50170
7.88583
-13.35091
4.05046
17.02562
2.89937
18.26564
3.10145
-3.70147
3.53288
7.22782
1.16897
8.00408
10.45279
-15.43352
3.31825
-3.19384
9.26344
1.82789
-2.78067
3.11405
8.09031
-3.45222
-5.69119
-0.68370
12.80045
11.40425
6.98592
14.87231
5.56347
-2.75802
-2.66575
4.02590
0.73243
2.11193
1.80360
13.97138
2.85914
-10.75137
-4.59964
-13.77814
-10.02026
-4.62990
-9.86571
-0.57446
-14.71489
-15.46819
5.31713
5.75597
5.01913
3.02269
6.84966
4.88569
5.78381
3.21226
10.29876
1.25362
3.75539
-3.97215
0.81722
-0.29846
0.54832
1.44491
2.27751
10.32314
-6.92764
-6.88902
-2.42237
-10.59326
10.07767
-5.48036
0.38584
1.89128
8.00956
-1.48268
9.39203
-2.18111
4.02636
-1.92306
3.66344
4.39634
8.54378
-17.48877
4.59526
-14.62034
1.01183
-3.01275
3.23105
-4.10804
19.87800
-14.73267
11.00555
13.13645
-7.87694
-1.05723
-4.10423
-14.52626
-9.24666
-6.12444
-3.69059
-7.71286
6.54026
8.37090
-0.90934
1.18871
3.86589
-4.38804
5.90751
2.95214
-21.83149
-1.90987
-6.74455
-1.03666
-10.32182
-11.27868
2.52598
-15.48093
7.14856
-4.58060
-2.36711
-7.09650
-5.46847
-1.85215
-6.93192
-2.93677
5.36566
15.28838
-17.92793
1.65768
-3.15875
2.62956
4.85262
7.70956
-1.38895
16.67413
-0.30637
9.14389
0.29984
-14.62553
14.95812
8.17412
-9.74171
-6.53864
-3.68511
-8.76171
-3.69384
-6.78383
-15.28768
12.32340
10.75874
3.54244
2.76472
-2.29347
4.47052
-3.29221
-12.82347
13.90009
-4.94497
-13.51630
-6.83790
11.76004
-0.25498
13.38563
-2.23507
4.47934
-4.24548
6.57226
-5.10262
0.72935
-5.71133
-16.46131
-10.77740
-12.62918
0.12246
-8.05184
2.18210
-14.59000
0.87928
-7.81056
-5.82624
-7.79544
-6.05536
4.69402
-3.07822
21.55580
-8.10322
-4.42549
13.96341
4.23188
-3.82570
11.28930
-1.89849
-6.44282
-14.54020
6.00740
-5.52445
-3.62028
4.73555
-17.77420
1.84559
0.13979
5.92125
-11.29420
-25.12452
1.49203
5.16942
-1.16681
10.14870
-11.38818
3.53096
-3.28622
-4.01698
-2.01795
13.85306
0.86243
3.17552
7.61504
-3.39007
6.50278
-14.30981
-3.83986
9.11895
13.10477
3.14892
3.03973
-6.90806
-8.31140
-4.91129
11.26003
0.86411
2.99334
-11.65860
4.41979
20.59366
0.78888
2.01990
0.89938
-0.93478
-3.02495
-2.91011
14.03534
-4.77482
-5.64116
16.17325
-0.67983
1.97512
-3.85064
-3.07622
-9.59190
-13.97805
2.83373
-1.89369
-3.86421
5.26998
0.83923
12.66356
-11.37145
-3.75801
9.50981
-9.35745
-7.29885
8.21140
-9.94118
-7.77222
-0.16768
0.97410
9.99477
-3.41160
0.53164
2.07165
-4.01688
0.28758
12.40389
-5.11851
5.65427
-13.50540
-5.96492
18.54392
10.65525
-4.47716
-7.34720
-21.25852
-10.52452
-4.09687
-9.71603
6.49412
-20.71519
-6.20622
-13.90070
8.18626
-0.03006
0.29433
0.69053
-1.24289
21.02932
-3.16266
-12.70283
5.06454
7.48218
8.21813
4.59293
-6.06411
-8.84964
-6.60074
0.47022
1.43363
13.26614
4.80017
6.38983
7.48149
-14.01400
-9.36271
13.33114
-6.86139
12.06706
-7.36150
1.75690
-15.97424
2.56780
-1.56931
-10.22726
-17.46843
-15.47966
-6.27612
-1.00057
0.31198
3.91386
-10.33915
16.83909
-12.04226
-4.52279
19.67858
-0.06115
1.75877
8.63711
-4.96395
-11.26821
-17.96432
-10.88723
-3.63079
-10.56183
-2.83541
-3.63848
-2.40468
-12.71182
-1.32488
-3.64217
-7.26230
-12.07562
-1.20382
-8.09186
-0.68075
-0.71898
-10.76921
-5.53428
0.28479
11.05874
-1.17620
-1.86600
3.10933
2.78838
15.48152
3.42933
-9.41329
8.39575
-11.06699
-1.62698
8.31914
-10.61740
-1.97585
-0.55417
-13.20469
8.12919
-7.41522
-8.61889
-3.35652
18.91728
-2.04495
14.45812
-18.14827
3.72356
-8.33605
-1.12249
-13.08870
2.86005
-11.47314
9.88913
-3.11203
-0.32010
1.70370
-10.23709
-8.33629
-21.72797
-0.53844
0.19321
-2.11810
4.43557
-12.21651
1.60332
10.55289
6.38334
-3.62707
-0.48680
-3.43229
-5.02090
-11.33585
7.94713
15.69309
22.13008
-6.17539
3.84792
-5.11655
2.27913
-2.02588
15.41183
11.67948
-17.85905
10.26497
5.13734
-10.75150
-3.28686
5.31812
3.53774
-1.56456
-20.49080
7.53671
-2.26698
1.63089
9.81251
-5.74375
-5.27783
10.31978
16.39499
7.97233
7.03736
6.02962
10.41946
0.09810
-0.88436
-4.52980
5.33495
-7.10838
7.16540
-7.96051
5.49150
5.91585
7.82165
-1.66938
1.88536
-11.64745
2.32573
1.81966
-5.73612
3.63117
4.03025
18.03570
-2.62715
1.36904
-6.30203
-3.56511
9.25354
-5.79548
0.10961
1.58765
-0.14427
6.57398
0.21421
-8.00834
-7.02479
4.35378
-14.49635
-3.77132
-1.26289
2.26140
1.79710
-5.52335
-8.99818
6.32664
-5.31211
-0.49477
11.83257
4.52259
3.03477
-0.94849
3.42556
-20.54159
3.50358
-7.07220
6.10210
-1.32428
-5.63004
-2.98676
9.37938
11.60202
-12.63158
-7.73789
3.07081
-0.77919
-10.77239
11.19339
11.29916
2.37759
8.38398
-6.67823
1.62208
0.26967
7.94814
3.92928
-15.12085
2.74293
-18.63760
-4.07228
-6.51886
8.68467
-2.96875
1.87318
-3.91014
12.16686
-9.97741
5.11278
-8.35188
-0.74425
-2.30779
15.51939
0.13815
16.63684
0.60932
-4.75854
-3.74960
-2.04017
-0.14266
-2.40591
4.98777
0.19783
-21.57729
2.59233
-4.76194
-10.26721
-6.32388
-15.42671
-7.39921
-3.85871
1.65253
16.16254
-17.47402
-1.15825
-1.11025
-2.36676
4.48032
-12.55967
21.65701
10.07626
9.73211
-17.14714
1.70430
1.87894
15.43720
-6.86193
3.51307
-6.05856
0.82547
12.06697
16.97723
0.86009
-9.02000
2.72344
-17.93523
-9.16449
11.00656
3.51628
2.14961
1.36885
-12.40610
-5.24709
-6.22623
5.77818
-9.57922
1.14615
-12.93345
1.88291
-0.31394
11.72441
5.75706
2.44659
3.21468
8.07418
-7.25417
-13.95537
5.10852
-1.61631
-3.51283
-0.62353
7.90276
8.38880
1.17662
3.51287
4.05025
16.80606
-5.78563
17.74717
0.52420
-2.53556
3.28353
7.29335
-5.77970
6.79904
-2.22906
2.46918
-7.97037
-1.62822
6.71453
-0.78987
3.97592
-9.97290
-2.46787
-9.32376
-6.36308
0.26180
5.75861
-14.09917
-14.59018
-9.50878
-5.80593
-6.44021
-2.53009
-11.85411
-8.99657
-1.71798
2.29445
-3.16615
-22.68137
7.33733
-13.89166
8.95769
4.47647
0.61385
-12.18687
14.20810
3.20620
-0.63426
6.55776
0.22180
-2.14879
-7.97273
-0.59871
7.43403
2.07208
-7.96345
6.14926
-1.32869
3.55431
-6.54267
1.73320
-22.85993
-11.95536
-2.42933
-1.01117
5.51076
-5.70444
-12.24774
-6.71318
-1.90917
2.03930
-13.76865
-2.92979
12.37865
10.10110
-15.92261
-4.10358
8.26604
-13.31194
1.47389
-8.92596
5.05720
-10.11571
-0.14053
-0.10820
5.16172
-11.29033
15.99314
3.89877
11.77150
5.01491
-12.44373
9.77806
1.33972
15.58247
10.71498
-1.80185
-5.31046
6.64629
5.10911
-8.82925
15.39807
-5.85429
-21.29609
6.30521
-4.77849
4.61402
-6.74104
2.78686
8.10280
2.32315
2.90310
-7.41061
2.05392
-7.42654
5.56151
-5.52112
5.87602
-0.05485
-6.06024
6.82052
-7.55152
2.08680
-3.94135
-5.46192
-8.86778
-8.35576
-2.02299
-13.63521
-0.16101
10.24189
3.56302
-11.55738
1.48347
-3.67561
-7.46173
0.09563
-7.73726
-0.10063
13.73197
0.43348
-10.03249
4.88777
0.69518
6.28962
-3.28809
11.40349
12.62673
2.32506
-10.87519
8.76704
-0.07209
1.66224
3.49361
-10.80037
-7.01667
-10.08263
-3.28076
-2.02900
8.26178
0.43113
-1.57548
5.85805
-15.55097
17.68038
-7.20636
-3.60323
-0.28828
3.58332
10.11639
2.65042
-0.02800
-0.84116
-11.22368
2.87463
0.49345
2.31875
9.42240
-15.85257
6.79855
-4.87642
-2.53724
6.31738
5.38196
-1.64357
-1.84949
3.99954
6.21962
0.41711
-7.24938
-0.39917
8.86330
-5.95982
6.47247
4.53829
10.22849
-12.07554
8.46767
-3.93821
14.01910
-6.32181
11.68406
-7.85937
-0.70598
-11.37274
7.10892
-12.89790
-4.98192
9.06192
-2.37954
0.28798
-7.08076
-1.16417
-4.10073
-3.27835
-1.28844
-0.75556
15.58042
3.02704
0.52506
-0.29590
-9.56148
4.25628
-4.61416
0.51344
-10.45894
-9.67528
11.02810
-8.42581
-2.22864
10.87584
10.68329
-1.58997
-4.74757
13.84744
11.36838
-8.48349
28.74643
-7.12399
8.05235
-1.82603
-5.40337
3.85702
-9.56945
0.79895
-13.97431
0.16224
9.05799
-3.27082
-9.91660
-11.73893
0.87498
-19.97013
2.17617
-4.81159
-0.19346
-8.02750
-7.40563
4.24503
-2.40158
1.90815
-7.58776
-3.55019
1.42697
-3.62673
11.19114
-11.10057
3.27309
2.70877
5.43953
15.73583
-1.59665
-3.61616
-6.45793
12.31980
8.20617
-0.14775
-1.52681
-6.52842
-8.98727
4.03434
6.53647
-2.26781
3.89623
-7.38375
-2.24968
2.27975
9.47284
4.08215
11.79338
-2.67056
3.33720
-1.68828
8.83870
-3.98257
0.24866
-2.72538
-9.65973
3.14312
-6.79732
-13.60663
9.59145
9.07646
4.86279
3.35810
-14.64376
0.32113
-1.58726
0.81960
14.51818
3.81964
-12.38813
-6.26717
3.20057
10.44311
-10.84913
-8.39695
3.00741
12.29984
6.49363
-9.70561
-9.60860
-3.85853
-7.70351
4.66323
2.62320
3.20236
-5.09323
18.95306
-12.16229
-5.43006
15.85055
-2.46086
18.25906
0.73456
6.83130
-2.98881
-4.84466
11.38474
15.21178
-9.14290
0.70921
1.86172
-13.14052
2.49318
-0.94532
3.73284
11.44746
0.27830
7.61694
13.80753
-5.41114
3.06555
0.49966
2.81237
1.53851
-1.08746
2.56312
-3.98340
1.01154
2.13154
12.50659
-8.40095
-3.16654
7.74426
-5.42342
-4.02441
-5.71238
0.99748
2.19999
1.38661
5.13659
-11.15633
-2.88458
-5.39864
2.34257
-7.93446
-9.07616
-3.84816
-1.61619
-0.27269
-10.43466
-1.32948
5.84690
4.78430
-6.51743
-6.28906
0.66712
6.72139
-2.38368
-12.28531
-2.38745
-26.84554
-16.11197
-7.66199
8.25545
6.74042
-8.84700
6.58140
13.55556
0.93854
-4.23525
-7.23561
9.59328
2.32019
1.89536
2.36150
-12.05774
-0.19014
-0.49168
-7.18347
0.72118
-14.61203
6.50239
-1.32026
-9.83192
12.26419
8.17715
5.23007
5.16495
-5.79373
-6.76906
0.60999
-1.27262
8.97010
-5.19520
11.55908
11.71065
-8.52027
7.97803
-2.18468
6.00991
-8.92372
2.56676
-4.95601
0.64711
9.11683
4.40489
1.33335
1.09471
15.19835
11.64047
4.19882
5.12408
8.75107
-0.00911
6.99961
-0.11886
14.94379
-0.88700
-9.58923
-18.40605
12.47674
12.28512
15.00351
14.43404
5.50938
0.95899
7.41747
6.19019
11.39835
9.43855
4.62065
6.40163
-9.21900
-13.02992
-2.21554
-5.61227
-2.43365
6.68673
-4.02434
0.86914
0.87007
-0.90752
2.93181
-4.83840
15.42418
14.52194
-2.59728
2.44769
5.75657
5.46461
11.15118
-4.69724
10.54042
-0.72107
1.12454
3.94789
5.97130
-2.98595
1.42989
1.29339
-6.64531
6.69837
1.93565
3.21858
-3.55964
-0.32362
-4.20074
-4.18349
6.20554
11.29591
-3.49186
8.00035
-18.94175
3.10923
-1.57599
-17.80222
9.33805
-2.59073
2.53299
13.63106
-3.26824
-17.44824
9.07635
-10.22682
-3.48616
0.16104
-14.40957
-3.70209
-4.28691
10.64828
0.48263
-6.42296
-0.09363
7.92735
0.92768
1.63155
-4.31024
5.05114
16.19226
3.77220
-11.36973
-5.84505
2.75450
-11.46460
14.53608
2.74983
-3.01704
-8.48657
-0.60854
-3.24694
3.08827
-2.56854
3.84553
7.48362
1.18722
-9.55231
1.37898
10.78461
6.80595
0.26472
6.31584
10.98323
-0.24991
-14.39132
-14.52573
0.68432
-3.04686
-4.55509
9.05251
-4.60672
14.66643
-5.74197
-4.40322
-14.05039
2.00420
0.61744
7.60278
2.30977
5.55428
-0.88216
3.24047
5.18256
5.01822
4.48212
-6.03444
6.00115
-15.58291
11.06037
0.14779
4.89922
9.72005
-6.20201
-2.92324
-0.40709
-10.32262
-3.69550
4.05710
10.94211
3.68662
5.02119
8.35517
-7.57835
14.23907
6.89801
9.32032
2.78980
3.92025
-16.56848
2.03744
3.84240
3.19591
20.28862
12.38523
8.98085
8.07382
4.49525
7.44306
-2.04327
4.06534
5.02379
14.43053
-1.36800
-2.99015
-4.90725
-0.74367
6.79571
-1.56111
-18.47340
6.90496
11.90265
-0.01778
-15.48821
-7.36597
1.43019
7.47376
-11.00854
-8.37589
-3.94253
-2.92059
-0.15555
3.32976
-13.01142
5.18970
14.70905
-2.77155
-17.60915
5.43182
-6.62676
3.96977
-6.90313
-0.32241
3.22455
-14.99374
-0.56221
-7.34153
-5.04561
3.77522
5.11928
-14.14561
2.79147
-14.66440
-27.42699
-16.18588
-3.12677
1.57273
-0.42036
1.00807
3.88743
6.42069
1.80153
8.44709
-8.52690
-18.11514
-1.61291
0.53643
3.61014
-9.23053
-4.14407
4.36693
6.30098
-2.69242
2.91624
2.73819
-7.60048
-5.13955
4.53615
-10.29475
2.51200
9.25315
1.43999
5.77844
-4.63945
20.48477
3.28971
8.44648
-4.15212
-8.96804
13.70418
-0.75587
14.16919
8.24053
4.43705
-11.75952
0.20348
-2.43471
5.12821
-1.87363
-1.71869
3.23492
-4.72196
12.05298
-1.06326
10.10734
-22.11807
-14.12184
-0.67327
3.20061
5.96850
-1.46459
-2.66375
-10.80491
7.41646
2.97616
10.55553
9.74679
-20.50280
-6.10024
-5.23907
8.37662
7.13457
12.04877
9.59656
7.47434
-13.17991
-7.35213
-2.42705
-13.12973
-2.36836
-2.57984
0.96685
6.34537
-4.60151
3.90026
-13.22996
8.64801
0.10251
4.30715
-5.24747
-10.28398
-10.94379
-12.40212
0.50536
2.16194
5.75569
-3.69543
-7.10732
-14.57260
-1.12821
-3.10358
3.59531
-18.80601
-2.92908
12.08285
-3.16444
12.13933
4.67693
-11.76439
10.44997
-4.90281
2.45401
7.68193
2.35981
14.03283
3.06733
0.88312
9.66190
8.68641
13.09789
1.37610
8.96568
-17.87630
-17.27900
-14.08511
9.16575
-1.30365
-17.83942
7.31603
1.24378
5.10663
4.35951
18.86711
-9.50925
2.69611
13.77380
1.11978
1.39120
-11.94167
17.04362
7.02579
24.44211
13.08768
7.27548
-10.91618
-6.19981
8.78755
11.25359
-3.76091
7.98687
5.14925
-7.32971
1.63008
4.27735
-7.18414
-7.77527
-3.34415
-4.69226
6.01408
-0.16106
-10.07887
-5.69421
-4.78714
-13.90606
3.01359
-20.27138
9.52308
-2.18550
0.92886
8.61231
-9.99866
-7.16169
10.53529
-7.94765
-6.92269
9.84433
1.87518
4.60278
2.37457
-0.11029
-2.54153
-5.50430
0.96882
-6.64409
0.13655
-0.79741
12.79153
-4.97472
-3.08342
-5.34236
6.93929
7.80066
1.50329
-6.04601
-4.86391
3.46115
-5.12841
-11.70003
7.99852
8.16026
-16.35907
8.71855
-12.69623
1.36792
11.34471
-11.91950
-5.62326
-17.05713
-9.71352
-14.57907
0.47842
5.41768
4.24923
4.03173
-8.35771
3.37210
-0.36981
1.18260
-0.66668
-6.02242
-12.92984
-11.09274
4.07837
-11.47637
5.47488
-13.21943
-1.28361
7.45002
2.78527
3.38342
-9.49520
5.72721
1.67522
1.82040
0.57595
-11.77764
0.35980
-5.99566
4.13697
3.47852
-2.21865
9.85566
-0.84840
12.38286
-0.03159
-12.14015
0.63004
2.79326
-12.82349
2.73028
12.50101
6.56557
20.09501
-5.77177
-13.37027
14.83427
7.54944
-16.20628
3.09440
6.61144
3.46581
-3.30109
-21.46259
-2.10978
-15.77780
-3.32971
2.88346
9.78917
5.24729
5.35783
3.17118
-5.18611
5.22383
-3.35693
-11.04721
3.00585
14.46953
-3.46192
-0.22979
-6.36056
-10.94451
25.34569
6.94364
9.09017
9.19735
5.06810
-2.86898
9.22974
1.52057
-9.58204
18.70926
-13.42555
9.03486
10.85531
0.49286
-3.95469
5.22079
-10.65964
-8.42992
-6.10439
-0.63315
-7.92848
-6.06957
10.68279
-6.13209
-7.27264
-2.69922
9.17768
-8.75195
11.41523
2.42911
-0.39642
1.31690
-2.47060
4.79990
-4.42619
-19.91758
3.41347
-0.64796
-2.36323
6.87809
12.00345
-2.32190
6.81832
-16.09930
2.28862
19.81835
1.30908
6.96230
-1.95494
-0.94901
7.87174
-1.70265
14.74004
24.46685
8.98612
2.42212
-10.54183
-7.03660
-10.26612
15.46670
11.45372
-6.59542
1.76905
3.78645
1.97133
-4.86096
-14.74861
-2.31727
0.73547
2.73089
-5.81774
-8.63336
0.42606
-2.16563
-1.67923
-9.40922
9.57043
-14.72027
7.41939
4.96249
-0.54287
10.24071
-11.12597
4.12282
-1.51380
4.69863
-5.38860
-6.21805
2.25520
5.70443
13.20631
-6.40102
5.46264
5.69653
-6.76018
3.54450
5.07952
-15.55901
-10.59144
-6.33547
-5.35685
-1.38998
-3.38480
19.88974
8.38026
-14.18506
0.51101
6.55113
-10.57174
-6.29600
-2.90009
7.31566
2.05298
-0.39256
6.62429
-12.26615
1.33145
1.73759
10.37886
16.04926
-5.63021
9.75573
-6.28773
0.82072
-0.55798
-5.34646
-14.52181
2.59004
-7.61605
7.48038
-0.91056
-0.86253
-16.53405
13.52585
5.93724
-1.40153
0.49216
-1.18633
2.96866
5.60624
-3.72950
0.98506
7.40167
5.16526
-7.32277
-2.96527
22.49032
-8.30541
5.64348
6.70328
-6.41013
9.73240
-13.03136
-13.51856
-5.89854
6.87517
11.03760
9.80841
-4.82876
-2.28563
-13.64260
-20.06098
-11.97178
4.07791
-13.89864
3.41855
8.74920
1.14669
-2.54527
-3.57430
-12.14036
-3.32537
-0.39932
14.30214
15.36876
-2.76235
-9.33680
7.28043
-5.55640
-1.14735
-3.51728
-11.07523
6.77489
-1.32012
10.16740
-10.49161
2.34713
-11.30526
-4.82277
4.54418
12.51953
-1.07928
10.87142
-2.99569
1.29785
3.26425
0.98266
-2.83582
-8.69605
1.01005
-15.01912
-1.83143
7.95661
-3.04705
14.42031
6.48330
6.31385
1.07905
10.76819
-3.20107
-8.81590
20.64492
-2.91598
13.37844
9.79899
12.54734
-0.28586
-1.10790
-2.83877
-3.48644
-4.08549
11.07273
9.44555
-0.36428
3.37380
-9.90939
-4.02910
0.61429
-0.37113
-5.19016
15.19603
9.42068
12.68857
17.45524
0.49660
11.07652
-13.59445
-0.88918
4.63883
-0.57465
0.27544
-7.39874
13.94525
-4.39239
4.89845
6.01425
-5.29099
7.40775
16.77901
3.54866
11.48267
3.17217
3.76092
6.78287
12.68476
18.72236
-4.70457
-3.37604
1.02199
4.22569
-6.84098
-0.58739
-4.75050
5.14998
-4.91590
-3.08597
-4.12670
4.11793
-0.56746
-24.03163
11.03643
13.63262
17.92437
9.10827
1.65223
8.58457
-7.73266
-14.35564
-21.75330
19.05067
3.79894
-10.61180
5.56869
21.09597
-10.30661
1.61904
3.64240
4.10034
-4.02715
3.16595
4.20392
-19.22536
-1.72431
9.96838
-6.09808
-10.88604
-18.11582
-10.64413
0.72496
13.12449
7.46036
8.58600
-11.74730
-1.15956
-7.19310
-11.97824
2.47221
-6.05596
-4.33275
15.78965
-1.53695
-4.55207
-15.29394
0.62918
12.97582
-2.52527
8.83745
-6.44330
1.36921
4.22486
-12.90837
2.37033
0.42639
-3.61731
-6.94428
4.85572
6.17614
-13.17469
-4.40026
12.20029
-6.98762
4.33037
-0.98998
15.35085
-7.80718
-12.19654
-0.85448
12.13150
8.67526
-14.23092
0.62973
2.64644
-0.47622
-2.13494
-3.92401
6.21050
5.46831
5.53717
0.50352
-0.15255
3.74219
-0.21777
4.13438
-0.09535
8.46821
-14.64072
7.01210
-1.93467
-8.89433
-2.98134
-2.08110
6.57547
-1.86241
-12.19300
9.81950
7.52157
-4.79408
-1.34554
2.49152
-0.66531
3.55407
8.45884
-1.19693
-8.23287
-13.55765
-10.78201
-7.43400
4.32626
7.59084
1.08600
-0.00461
-6.68018
19.77205
-1.86158
-19.83614
-2.62405
15.10365
17.98110
-10.71121
-1.09889
14.60645
15.09958
13.09390
6.88787
-13.43705
-0.97066
8.45966
10.60363
-15.08422
-4.18930
-0.23538
-1.09331
-10.52545
14.40074
3.88498
4.34794
4.79971
4.76680
-5.14835
-0.35329
10.85967
-1.92623
24.43071
16.65864
13.49514
-10.47478
-9.04506
10.71336
-10.62032
20.88555
0.98829
-5.58266
9.08621
1.26818
8.53277
5.10506
-11.07960
0.83798
15.47910
2.40459
8.16711
-19.11141
11.92688
3.13326
13.12179
9.82475
1.79395
-5.62322
-5.53668
9.31429
1.07535
-12.32318
3.03971
0.00827
2.67576
-4.27831
-5.73011
14.89936
4.69271
7.80920
-4.87987
-10.55953
-2.43736
8.72003
2.07720
0.83578
-6.87789
-5.77217
-11.54267
-3.23710
-9.89259
-9.08756
11.92599
3.65244
3.21605
4.31603
-0.18489
-5.29236
1.66992
-4.68440
8.52234
12.23109
-16.65571
-11.65485
8.05258
-7.89096
-14.02736
-3.16371
-7.76254
-12.43376
-6.27332
-1.51584
3.67367
5.62683
2.23364
-1.66439
-4.37993
-2.14829
-8.82566
-4.34461
-12.33902
-7.74083
0.35908
0.90612
18.20568
9.17749
13.96679
5.81016
11.99171
12.09873
-2.93342
-7.93847
-4.26900
-6.66012
-14.60933
-2.23276
-0.70184
9.15934
-0.02052
-7.22397
-9.30853
-2.94775
7.84492
-10.70985
-5.98042
-0.50385
-6.56758
-14.44130
2.31709
-17.41684
1.59712
-2.78739
8.07625
-10.96658
-7.01070
-17.12442
13.70916
7.25955
5.79617
7.01315
-4.75555
6.45410
5.65728
12.61816
1.06670
9.36300
1.01177
-6.86851
-20.00203
-16.11793
-0.10990
-2.97463
14.68251
-7.26243
11.36779
3.63801
-4.24982
7.23797
-5.65909
-12.30313
-4.58433
0.01163
-13.28304
-5.49999
0.55377
-5.68578
-7.58581
-1.01590
-6.48443
3.70129
-3.80215
-0.43987
-0.82389
10.26822
2.73381
-8.31233
-8.49350
7.94338
-5.25947
-4.74975
-1.95251
-0.15681
0.62806
-10.05971
11.19383
7.18020
-5.24593
-0.64913
-0.51729
16.82085
7.64314
-3.68144
-8.23196
4.52151
2.89918
0.77935
10.18856
4.94915
-9.79150
-2.11515
-1.39488
-19.60491
-1.34196
2.99879
-1.40148
-1.55838
0.02681
4.67176
0.18678
-16.20403
3.24497
1.40298
-5.70414
1.89413
-1.60905
7.16487
-3.66741
1.23070
-2.59073
-7.89734
10.29230
-4.59914
0.17170
-2.61671
6.46210
-13.49270
-1.32335
-1.14114
6.53105
13.17951
8.55523
15.84704
9.58773
-7.34049
-14.02502
-7.93395
-11.02173
3.69662
-8.16497
-2.37839
-5.95935
-9.53995
-26.42179
3.27697
0.34690
-1.65355
3.61799
0.84608
-8.99949
-1.30553
-5.46944
1.48678
-8.74139
2.93629
-1.59752
12.27197
12.63989
-11.84740
-10.12434
2.68503
-2.06759
-9.12395
7.93431
-8.00746
12.15591
-10.56554
8.13115
-1.83675
4.36601
4.07959
14.82303
-1.29986
17.35619
6.99307
-2.10730
-4.10165
-11.74560
6.26272
9.10126
12.35095
13.46942
2.93567
2.47129
5.96796
-1.79607
-8.70352
-4.75791
-0.90549
-7.04730
-4.00150
18.84788
-2.24852
-7.10032
2.97035
-3.95708
-0.77660
17.09484
-4.52026
-10.17581
7.15535
4.51922
-6.33848
-2.06661
0.16054
4.30981
-1.34259
-18.61196
-9.97290
-23.02311
5.54008
1.97359
3.24659
16.66560
1.65579
-11.40870
8.11938
3.68688
-2.34897
-11.51430
0.19943
-23.06293
-14.76517
-3.86524
3.90709
-5.56285
4.06204
-7.00099
12.71952
-13.18520
4.97543
1.08179
0.74662
-7.12872
-19.02870
-3.40871
-4.39203
4.53460
0.83133
-1.95738
4.61098
-0.61584
6.09167
-4.62890
-5.84386
-3.66625
-5.99257
17.29600
4.48788
-4.76245
6.83101
14.16318
3.86233
-0.41802
-3.93982
7.85961
-5.42188
4.48952
3.57012
5.39976
-2.57750
-6.96100
6.24644
0.98251
4.53672
-5.80557
-5.37452
8.13744
7.11368
-2.86956
4.87572
-0.53744
-18.71708
-3.86445
17.30892
-10.53617
3.20054
-1.33367
2.12516
15.28621
7.24666
-0.25436
6.81239
9.75870
3.69715
9.61954
-8.55971
-12.66514
7.96761
-3.81485
4.19916
-13.82685
-1.02989
-7.92242
-1.20915
6.12144
15.68940
-12.20881
8.62524
-0.61139
15.15626
-10.08215
-7.98704
4.43014
2.81382
-6.50907
-1.87055
-0.39527
14.73244
-5.29454
5.02890
-9.38762
-10.70055
0.71083
1.60060
-0.92838
-0.90142
-1.99758
-8.81245
1.24592
-2.28475
5.29253
11.19013
7.61619
-22.21330
12.03411
-13.02827
-11.30699
-6.94187
10.61536
5.00085
-4.18259
-10.25515
-17.42863
4.88608
-7.64526
-9.09457
-13.51777
0.20792
-17.55232
2.49246
3.71094
14.66304
-5.63698
-7.57216
-4.98510
-2.11382
13.79745
3.81462
-14.50028
3.25955
9.66957
5.71514
-6.06684
-4.88667
8.69483
-6.90076
11.34420
-4.54554
-9.43535
7.70462
-5.28823
-10.09396
-3.99341
0.98113
10.69634
-5.61186
-16.63290
2.34208
1.49006
-0.94180
10.52639
-12.22794
7.37638
-10.41596
4.34379
3.14203
9.21491
-0.47332
1.18870
-1.92383
-1.38005
3.33339
5.86542
-10.10945
-11.90618
-0.87899
-9.26004
-12.82494
6.53286
12.63854
-5.58443
5.89558
-21.68606
-2.58064
0.14116
-7.01708
-2.42054
13.31668
-4.00456
14.76109
16.73681
-0.57756
-9.64254
-2.04279
-4.55239
9.62753
6.75880
-3.10043
1.75501
-3.45277
3.95629
-3.40792
3.17837
3.50799
-3.22342
-1.16681
-1.79682
-0.82640
-3.64639
2.58988
10.46133
3.44612
-12.68221
0.28822
-1.16144
16.11652
5.85384
17.97469
-4.64933
6.50937
-1.35914
3.67683
5.97122
-11.02711
3.83810
2.33153
2.80600
0.97023
3.10105
6.55665
-2.41989
-19.60862
0.83547
3.37137
-8.61536
3.86405
9.38606
12.77619
-4.41267
-1.78305
-1.91915
-8.18964
-4.74401
1.30762
-10.93511
5.90944
6.94227
0.96127
6.24220
-10.55849
-2.90309
9.04925
0.69039
-11.47116
-2.70659
-6.27435
-9.49211
9.59407
-5.24274
6.27690
1.34916
9.70748
-5.75730
-1.79865
-3.77018
-4.94535
-17.58984
5.15868
2.74688
-1.38175
-8.54838
-6.48393
-3.03508
5.32646
-7.01876
2.90360
-5.51515
2.44939
-2.02610
-5.96510
3.91012
-1.17507
-16.33523
-1.90795
-8.20738
-2.18583
-1.28219
3.37834
-3.38928
6.43459
4.47712
-3.10171
-6.27557
-9.52679
0.37782
9.52245
11.93031
-6.59084
-19.33455
3.93257
1.21331
2.06709
11.57291
14.00110
-6.36271
-2.82493
-12.73151
3.45198
-2.19041
-2.50463
-3.26781
-2.74068
2.80712
14.04959
10.65540
2.27955
6.85556
4.02121
-11.16788
-3.65549
17.00328
-1.24956
-15.48625
-0.23057
-10.01683
-5.09436
7.47179
-4.66863
9.20659
-0.73837
-9.06542
0.46561
-5.81200
-2.77503
1.50727
-2.41058
0.72353
10.99552
-12.33530
3.15019
-6.23458
-3.87202
-5.34666
-4.81611
-11.56653
10.30555
33.11384
16.36040
0.18753
-4.54079
-7.51434
-7.87994
0.56272
-4.53522
3.78415
-1.44624
-8.06263
-13.62862
16.24826
9.60750
12.39445
-4.61313
15.69937
-4.79768
14.18792
0.23810
10.55596
12.48090
1.14909
4.93881
4.82661
3.55637
-8.82790
4.51431
-16.02211
-16.95571
10.90257
8.76780
10.57668
7.67396
1.46459
1.30341
5.68620
-1.89732
-18.88299
-5.40024
2.56678
-21.43449
1.62800
5.74117
-12.88781
11.83862
5.42038
3.86310
-1.04564
3.40969
-6.95167
2.61743
11.47148
2.73253
-6.93002
5.98719
2.17717
2.61208
7.94913
1.50119
-3.31930
4.14043
-9.39935
-5.32455
-12.84366
5.12012
-0.14380
-9.05736
-6.24497
-5.76859
-3.49278
4.24983
-2.71680
-10.34167
3.25313
14.10954
-11.59962
-0.28002
-12.15018
-2.71499
9.40805
-5.45531
3.20289
22.82218
-10.45260
1.47963
5.07460
4.81244
4.35852
-2.41034
18.42747
-5.43441
9.83949
-2.08690
-5.85641
6.45393
11.02137
2.12695
9.60943
-1.98884
-8.04711
3.03547
-3.16862
17.06687
4.17975
-7.62847
-5.32767
8.73047
-10.90235
-10.69897
-2.42854
-6.67325
-5.43910
9.56303
23.03763
7.50125
3.82797
5.84773
-7.75400
0.64435
-2.85435
-4.95721
-4.86753
1.02760
-7.73394
-11.65407
-0.01824
-3.13814
-5.61030
-0.80061
-7.03435
6.48030
-3.70133
-8.36117
-9.16832
-1.30089
-0.82840
5.01882
3.25492
7.27926
-6.68181
16.16584
4.80126
10.00244
1.94851
-6.06522
1.88971
-7.57726
-0.46504
-2.57519
-9.29764
-3.37091
-5.88852
-6.73270
-6.29313
-8.66471
-4.09182
-19.51264
-6.94304
-6.99141
7.14405
-5.73274
6.22052
8.59562
1.34050
11.41901
-14.48951
16.39985
8.92074
-2.77537
-9.37390
-8.34978
-14.57258
12.43314
1.65206
-4.96191
-3.78475
-13.13109
-1.54863
-10.12054
5.22380
6.01550
14.15168
16.65528
8.23798
-8.14379
-17.18970
0.74486
-2.44509
-5.35310
4.61375
16.01547
-2.71318
2.06603
-12.69181
2.64585
16.34874
3.04748
9.77610
2.08119
1.10153
-4.32448
0.11528
-6.55623
-11.36036
0.88901
6.28530
6.15931
-1.86386
2.24567
5.90697
4.08628
-0.03055
3.42397
-2.91209
-3.95998
-3.79205
-3.26261
3.80198
-4.06291
-0.88414
0.82169
6.86610
8.24990
-10.91883
4.43133
4.89618
-2.12987
11.48165
16.07884
3.89205
3.98348
-10.40986
-3.90724
7.12638
-0.77369
-17.60610
-0.06587
-12.73446
-6.37918
3.04567
5.49649
-0.72058
-6.45140
-7.10272
-2.18439
6.87832
-5.81430
5.08239
9.28575
-2.44300
-7.17350
-1.19335
8.43641
15.89255
-11.58822
10.59448
-8.99844
-1.65238
5.10507
2.48851
-8.13732
-0.21952
-8.18178
-2.33148
0.70744
-16.60649
4.01214
-4.70868
-1.63252
-25.23629
-3.39000
0.37074
-18.90445
17.18185
-4.03084
3.12266
6.45136
-8.25588
-17.36621
-4.50667
-5.38785
4.12130
4.09051
-5.84674
-7.29410
7.47496
-2.95786
13.80770
6.68297
1.46267
9.38776
17.38302
-17.42130
-8.18219
-25.55170
1.34426
-5.09150
-7.20513
-5.00435
4.71845
-4.00225
-3.98405
5.13177
-6.41510
5.44968
-10.16864
7.33183
0.77414
-10.96431
-12.93924
6.70680
-11.73715
-10.50062
-0.50022
-0.35001
-8.80695
4.22365
4.96138
-19.83792
-2.88356
-1.09266
0.04230
-0.85521
-18.75894
1.24044
6.11843
-1.85900
-4.74317
5.74721
-7.01021
9.85910
-3.55463
-2.41044
3.66964
-4.84332
1.89576
18.98244
2.95803
0.99044
-9.04266
4.03837
11.03710
-5.69429
-13.28063
8.27056
-4.97539
4.52936
2.63399
1.10277
5.15085
4.17236
-4.14820
7.85973
-0.69355
-13.04326
-5.79612
-15.22431
0.77306
15.78604
-10.49679
8.22452
-10.65953
-10.54736
4.81345
-2.40643
2.57221
0.62591
0.28629
8.31284
13.60882
6.16822
-5.58642
6.05936
-2.01407
-1.14521
7.51303
2.83262
12.66492
-4.58053
6.47993
-11.30608
-7.33721
-0.93589
-15.18196
8.16723
-2.17504
10.67135
-4.64128
5.08111
12.49393
-9.46344
6.85383
-10.50214
4.13296
0.82613
-10.28090
-1.28605
-12.20669
-2.93592
9.26619
0.01589
0.10288
6.90419
-2.60998
3.82137
3.26561
11.86451
-6.22541
0.25138
-1.69833
12.53679
13.12243
-15.41313
5.12873
16.02695
-6.88141
-0.60138
1.85944
2.96743
-4.24741
2.17216
-15.33394
5.97912
10.56772
9.29190
-7.68147
-2.53157
-2.09858
-9.43368
-4.77764
3.78556
4.86015
13.09156
0.81692
23.61199
4.09744
0.43276
-1.65666
2.64408
-0.64308
8.31159
10.12749
8.23596
-0.16666
-5.13537
-17.43504
-21.59379
-11.75261
-0.23900
-0.51625
21.93919
-1.37509
2.85488
-3.98286
5.62762
3.31684
4.55238
-10.10957
13.90396
-10.61117
-3.90463
-7.29176
-12.29014
-2.02927
0.81346
11.14195
-3.45880
-1.18721
-11.26015
-7.62443
-3.74425
-1.32519
-2.98569
-12.00137
3.30826
4.24551
6.74561
-2.03394
5.50949
0.46534
-2.77849
-8.38585
2.66279
0.79909
13.48389
-5.87571
-9.97387
-1.40672
1.42253
-16.14252
-8.86482
-1.86746
-3.59205
-8.03215
-6.10043
3.31339
-8.10799
11.98805
-22.20809
-4.00909
-10.41618
-4.24207
3.55326
-5.10079
15.74771
7.96730
15.11818
2.66468
12.12196
-4.37045
-8.37142
3.39101
-13.74164
-2.58381
14.66506
-1.34620
-9.31823
0.80173
-1.46622
-2.18633
-7.92575
5.37441
-4.56398
1.85570
-0.22225
4.78259
9.66667
7.52936
18.14267
-5.11141
6.41826
4.55952
-0.09713
-17.34211
4.35977
-13.31327
14.47345
-10.29352
18.17054
6.54564
3.96515
7.43239
13.73164
-1.27007
-6.66598
-12.32340
-9.80492
7.00897
14.91328
7.76423
7.72960
11.49927
1.87391
16.37717
11.09073
-5.64530
-3.35255
-5.98629
2.57075
4.82371
-6.80213
-4.47833
-9.06128
-6.12345
-7.06656
1.90184
17.22746
0.39151
-6.38475
-5.78620
-0.64733
-1.95635
-10.59760
4.35338
-8.97544
7.87093
16.15707
6.95005
-20.06476
3.93680
-2.32769
9.08726
6.83537
-12.33994
-3.76128
8.64208
1.17698
7.59208
3.02259
-15.57354
-7.14617
7.57912
-9.03333
8.78939
-0.68636
5.85927
14.16247
6.14915
-4.38263
-2.75968
-0.72557
-5.17322
-8.24088
-0.39547
2.79804
11.54470
1.08016
-0.83965
-3.72750
5.41927
4.26913
-3.84764
-16.58904
1.22431
7.80850
-2.09125
-6.56408
3.74825
-7.63115
-6.01321
7.81136
4.83109
0.93627
6.15583
-2.55368
-1.33802
5.79474
-7.09452
-6.92509
3.65256
-2.61436
1.18200
-2.61270
-4.43304
8.59654
4.67731
-15.47710
4.50728
0.85557
-8.75615
4.14856
21.86663
-2.75576
6.13293
-7.66703
1.91444
0.76492
12.19227
0.67896
5.25115
16.49433
2.38684
2.30812
0.01331
13.93861
-10.23614
7.32953
3.38959
2.81965
3.80641
-10.39950
2.70518
-14.28119
-3.51815
2.57444
6.68121
-5.36274
-10.70564
9.08668
-1.18762
10.03093
7.71375
9.24589
-5.87602
10.87681
-3.20032
2.75027
-3.35030
17.20677
-2.97741
3.01554
7.39537
7.86101
3.03922
1.00760
-8.65857
-3.93670
-10.74898
2.12603
0.99415
1.97529
6.30402
28.13204
-15.11531
-9.82339
4.40758
2.68974
0.35981
7.20305
-1.87317
-9.36735
-9.01757
-5.31558
5.17083
-18.09922
-3.93932
4.07168
7.80394
9.34561
5.56045
2.38259
4.54721
-10.77320
-3.54865
0.02766
12.63130
11.72978
3.53331
8.83151
4.92222
-5.68007
-1.50998
8.13744
-13.43122
-11.66707
9.87850
-10.59123
0.81322
3.45672
2.69144
3.85836
0.69460
1.24874
-7.85697
-9.58687
-10.38010
-16.47762
-2.81400
1.23055
-6.05357
-3.19138
14.28938
6.99575
-4.85763
4.25019
-12.84991
-9.17186
-4.72465
4.27048
15.92328
-15.52323
-12.81588
17.68021
3.09342
-4.98688
-9.07315
-0.29505
-5.62252
-29.78580
-2.18483
18.31804
-4.45656
8.36532
-0.60566
6.46219
-3.43372
2.33025
-1.65672
-12.12322
7.85159
1.19455
-4.70194
-10.39836
0.13649
-8.95868
-2.34861
19.13206
8.53186
-0.39440
11.57723
-5.84855
-5.76428
0.76236
4.16394
-15.72073
-13.58066
6.44852
9.67132
1.02488
6.70911
-11.80601
-6.37826
6.79089
-3.31176
-12.62158
3.80344
8.70251
-7.99693
1.36723
4.67482
8.99550
-1.67102
3.52729
1.52163
-6.53302
-7.55243
1.45843
-1.95132
9.86854
5.47914
-24.68668
-12.77784
12.05801
-11.23468
3.52650
8.37790
-2.43869
19.67855
-7.81257
12.42796
1.83205
-0.19995
6.61762
-1.59799
-5.06234
6.22567
10.35145
2.64038
4.49192
7.17885
11.04542
4.66348
-3.94582
-3.35715
15.56131
-5.36319
4.97114
0.78108
10.91598
4.91704
1.44567
23.22750
-0.73994
-11.98861
6.73295
18.43069
-13.32046
-5.25106
-3.02364
-5.84540
4.41993
-13.59196
1.79087
-2.41960
5.05658
-0.17184
-1.05030
-5.73929
7.92947
12.55154
-4.87664
-0.86972
-9.94126
-5.05120
-9.15447
-3.13282
5.53530
8.69366
-12.25702
3.94397
6.05351
10.78949
-25.81316
-12.48754
-1.19017
-2.85171
-4.46543
11.71998
10.07828
-9.66602
-2.32445
10.96285
5.81283
-2.31175
-0.52249
-3.24044
2.90910
4.20758
7.27879
-5.28296
9.95405
2.90701
-5.16179
-7.06165
-4.51865
-2.06596
-6.94503
-13.68292
3.16829
9.20259
-7.78085
6.99616
-1.79339
6.04604
-2.84717
-4.43350
3.52322
7.70451
-5.00408
-17.08237
8.53966
5.27987
7.59371
-16.56368
1.87146
8.83557
-8.07461
10.46026
4.41671
5.14611
-0.75472
-4.90920
-4.46139
7.59822
-4.37868
-11.09560
13.49643
1.62348
7.63770
5.79050
-4.15715
-6.13407
12.30233
19.97975
-5.65148
-4.48753
-7.37595
4.29331
4.41560
-1.87926
-8.85305
15.56591
4.45037
-14.24805
2.12372
-7.13766
10.42206
-6.85754
-3.89400
4.35252
-7.18519
-0.93043
-0.33879
14.19894
8.96985
12.00556
-8.01774
-6.05750
-11.75977
3.82798
-7.39562
-4.21666
1.72115
11.13017
-0.99017
-9.96780
1.62374
2.49316
9.38875
2.54148
6.28363
7.39088
-4.13157
-6.19551
11.29445
10.39146
-7.22131
4.83850
-17.39913
1.75912
4.38573
8.55115
10.00655
6.39848
-7.14694
-11.50671
-2.18316
2.58522
-0.58333
2.56773
0.60908
0.79497
6.70912
-4.13726
-4.63648
-7.02791
-5.66993
7.72086
1.32726
13.67627
11.15732
5.91940
-10.30561
-4.86268
-17.58854
6.70467
1.17494
5.87971
-4.47265
1.28005
0.92235
-7.88200
5.03464
-5.63471
-6.18672
0.51913
1.97599
-1.53205
-9.93217
8.83380
4.00508
-5.44853
-2.31661
-7.41789
-2.94432
-2.26957
17.22425
-8.86354
-9.35212
-1.30888
-6.42791
16.48156
4.33424
0.50440
4.70894
4.77425
-5.19049
-0.31322
5.24645
-8.46702
0.15555
1.12490
0.15202
0.64176
1.38134
0.85352
16.54872
-10.20388
-1.94670
-9.17006
-13.98321
-1.39911
-8.11984
-13.10454
3.39271
-8.59024
-3.96784
-7.78700
1.94893
7.10315
-3.56635
-1.95441
2.55622
-5.35270
5.02599
0.90157
-14.30083
-0.06983
-1.67696
11.19027
14.99108
4.99426
1.45816
-15.18834
-0.50750
-0.97850
6.34951
-0.87334
-0.23117
-5.81680
16.73679
2.00302
-7.18004
0.54853
2.60177
-11.66926
6.41639
2.40022
0.58407
-1.38540
-16.19814
-13.10767
-1.65723
-0.00093
4.13163
-0.33361
18.03742
2.01875
18.47342
-6.90943
-3.45932
-4.16982
13.09895
-14.52596
-10.09434
9.10128
-8.53824
1.25270
-2.37168
-6.51303
-7.10281
-6.72357
6.62768
-11.57801
11.13356
-22.79027
-5.02086
-5.68899
12.32563
-3.57477
3.19717
9.32860
4.94788
-6.63996
-6.06254
-16.47011
-7.86413
0.32628
-3.92895
-2.40678
4.42956
3.07455
9.06657
-5.48762
3.11792
3.15641
8.69773
13.58993
0.90736
11.19290
2.65828
7.26314
6.69550
12.20477
-0.78180
-11.55419
4.23994
2.68358
6.87759
11.36945
19.41273
-1.48343
-1.68596
-1.28334
-4.61930
0.01936
-4.88270
10.76725
1.51694
2.27836
-10.70270
3.48417
18.38614
-7.55504
0.96417
-8.49904
9.21185
-0.89731
-7.88586
11.86691
-9.04385
4.99136
1.06722
0.38838
0.55493
-6.43530
-7.13516
6.88581
0.86279
13.36450
1.12371
3.10573
12.05880
2.41414
-9.59350
8.90658
10.44037
-5.01936
8.83888
-3.46921
-2.17503
-2.20702
14.93897
13.61193
6.53416
0.30212
-11.01658
-16.65329
-1.86686
7.19301
1.37909
16.54189
2.02252
7.38703
-11.07182
11.52385
-14.02230
1.64247
-11.16739
-10.58202
-1.12922
7.90562
-6.56558
-8.05047
7.13112
2.93227
2.52011
-10.24897
1.46064
-5.04754
-6.08388
-0.26396
12.46400
-2.98238
11.53680
8.50672
-13.96658
0.04885
8.80391
4.96437
-10.57677
-11.27830
-8.31031
6.23263
8.23789
-6.04777
-5.55430
13.02723
7.32630
-7.26762
5.53210
4.76143
1.64175
-8.49861
-5.20062
-8.45035
4.99169
-1.87747
-2.34000
4.02023
0.34657
-0.51368
-7.53300
-6.53205
15.95915
1.38922
-4.65569
17.91954
-9.38184
-3.57590
-2.73823
-21.98777
6.64665
-8.49285
0.59230
0.79458
4.37235
-1.24560
5.28824
-2.85048
-3.30034
5.01938
5.85768
6.23566
3.03079
5.07120
7.21637
-16.49463
-5.37697
15.07792
-8.54776
-14.96732
10.12205
-11.28033
-8.19077
-2.34377
3.29191
16.63851
15.59875
14.84043
5.57969
0.57767
7.69926
-7.36372
-4.93018
3.85644
-1.46323
0.56205
1.82703
0.96250
-1.64419
-5.66935
10.37845
-5.29805
-8.16087
6.54742
9.98976
0.14215
-6.31557
-3.51990
3.23033
3.05212
-3.13541
4.98435
24.19142
-10.04941
7.29234
15.97818
6.81398
-3.15066
5.53506
2.22800
11.06068
4.88352
7.27975
4.25047
18.90281
-4.88097
0.42659
30.55135
11.25330
0.87053
-1.90712
5.85009
-2.80191
-1.98022
13.08635
5.93545
4.79235
18.04319
3.93699
7.82776
2.88513
-3.65518
-16.65988
1.72090
0.88880
2.66135
-2.89738
-3.20079
-5.46119
8.52150
3.03071
-23.34683
-9.23907
-13.64528
10.35331
-1.68811
9.12979
-3.19616
1.88924
2.91108
6.93537
-7.59735
-2.88668
5.05933
-12.05990
-10.54617
-4.61387
5.03161
4.80703
-2.15659
-0.07223
20.97397
-1.05185
-1.62692
0.77235
-7.99512
-1.31623
4.21729
-8.91547
3.20342
-8.25555
7.21582
-12.69787
6.28997
-4.41072
0.56300
-3.80687
9.64217
4.33327
-6.48822
3.69570
4.98904
-10.98746
-7.06436
0.48310
-0.21461
7.46441
9.49583
2.22020
5.44266
-0.15082
3.99018
-2.48868
5.58784
-0.71080
2.30687
9.65466
-14.86796
-15.65496
6.82371
-9.96995
-10.63244
4.74622
2.77091
-10.23187
16.79731
13.31702
1.62063
8.02417
8.68072
10.77625
-0.88518
-11.59423
-7.55247
14.81746
-3.30909
-11.38553
-12.89019
1.58868
7.05140
-17.03531
3.00837
-8.81360
9.28285
-5.46722
13.60290
17.75509
-3.04624
-6.89140
4.78702
-3.80507
-7.37184
10.69362
-3.57261
2.66718
10.38073
-12.01383
-12.90502
15.04616
-21.58229
15.44577
-2.32533
-8.78963
-5.83595
0.11713
6.26124
28.52987
-3.81076
-5.12927
-1.99753
11.37439
10.28860
-0.65166
0.21792
6.73926
5.41937
6.09335
0.61913
3.19730
-12.09964
-4.76769
-15.30604
-1.49280
12.21747
1.65139
-5.14753
-1.71727
4.46959
6.75031
1.91223
-1.93108
5.29321
9.01785
-6.50416
8.10058
8.09964
6.78321
10.13585
-9.67455
-4.28079
7.62927
20.44699
-7.64034
-8.66910
0.86022
9.61948
-3.29768
-8.81371
-0.21913
14.07143
-3.04467
1.01269
-5.37474
0.73452
-0.39995
-0.44228
-3.89682
-9.83773
9.36020
-13.53542
-4.28928
-1.03795
7.23518
-3.50816
1.15923
2.63691
9.61831
1.98580
-3.44900
-1.71988
-8.23279
3.00748
-4.01241
10.98680
-6.85645
-5.81232
-1.63973
-4.56268
-0.76052
3.90235
2.12062
-5.42403
11.63342
6.75237
-7.39654
17.07060
2.69196
14.40814
-9.71864
3.99893
6.47392
-8.24033
-6.09489
-0.18889
0.63713
-2.02062
-6.88880
-4.51231
1.08883
4.29317
-8.86225
-1.27222
-17.99291
-2.85607
-1.36086
-4.44973
-11.25004
-10.39077
11.50306
2.03150
5.61408
-8.95824
-4.70487
-7.54253
-11.17876
-1.98123
4.93510
-6.03477
5.83319
2.47132
-2.28841
-5.99191
-10.50576
-9.49476
-18.27517
-16.15260
-11.18085
-10.68825
1.91772
-1.11498
7.79082
9.49458
8.16252
-5.90334
-10.54529
9.80796
-11.27435
0.38806
10.11220
-13.23150
-1.04197
11.15151
5.44121
-3.39005
17.59611
12.35478
-6.41963
-2.41323
0.16081
12.88901
4.40048
5.23785
-12.50872
-7.73247
13.09782
-1.18148
-17.41316
5.53857
-15.18506
12.25449
-1.46372
5.64060
-8.15774
7.93314
-24.41859
0.40788
9.92568
-14.68220
6.81288
6.23901
-6.04304
-18.14997
3.11527
5.36000
0.78493
0.22135
1.56884
-4.34677
14.97691
-5.77766
-18.28423
18.34071
8.36952
-16.98231
-8.53057
-2.54136
-3.85989
-6.29947
-4.10484
2.79092
-3.29091
-7.06273
2.28523
-1.33570
20.67609
-13.29643
9.16529
-6.56936
0.26245
-0.92625
4.10461
-2.94525
-13.71484
-7.91825
-4.82094
-14.49344
-13.37605
-8.32834
9.82607
-9.88433
8.57696
-10.45295
3.78495
7.83450
6.71356
4.46762
-4.34417
-0.93904
6.17411
6.33774
3.15448
7.86722
-2.21328
-16.56255
-0.98087
6.66427
-16.06086
-13.78595
-5.96912
-10.93222
2.63814
2.34687
-14.44008
6.97635
0.87251
7.58873
-6.47751
-8.54088
7.06503
-4.81879
8.28249
6.61772
-4.94432
4.45380
9.94566
-5.11790
0.35001
8.87789
-3.66907
4.72891
2.58897
-7.74648
1.64954
-13.10545
-1.13431
-12.37308
0.71986
4.19219
0.86435
-1.84641
9.98265
6.83167
-19.60000
-15.34567
-3.83012
1.14064
28.84035
9.41665
-0.80298
-3.24666
7.17187
6.27136
-10.35300
-4.98634
-14.78974
3.30564
-3.52114
-18.25101
13.81250
-10.06548
-6.26548
12.49353
-9.55868
-1.86207
-0.07475
-4.12175
1.58348
-11.38757
2.49432
10.00259
3.78133
-7.45104
3.18213
15.50243
0.91330
12.16391
-7.16415
-3.80005
-4.66320
3.99588
11.07397
18.58405
-11.05207
12.03144
-4.60277
-16.37621
-6.38118
-11.19826
11.58338
8.65189
-4.60425
4.23461
0.11486
-6.76065
-6.00055
-17.11639
1.23310
3.83082
7.68811
12.86077
-2.09029
-7.24527
-1.82813
-10.94515
4.56723
16.90541
-4.00820
-14.14349
14.38084
5.60997
-1.17870
-11.40339
-13.84801
-6.37357
10.26521
9.86764
8.56563
2.72482
-13.30664
-2.88886
-1.56933
14.70025
4.67016
18.39758
-9.58080
9.56405
4.82378
-4.52981
-2.25518
-3.97334
7.44871
-6.87855
-1.17592
-11.58498
-9.51112
-24.84578
5.22334
7.69360
-1.35936
-7.28738
-9.41938
0.28353
1.30648
0.74564
-5.98766
4.60838
-0.86441
-5.33163
-9.96063
-8.15754
-9.34292
2.85413
6.71038
-6.17028
2.10892
-7.97192
7.32695
10.90139
5.52089
2.76991
-17.58563
2.23304
-4.44484
-0.45191
7.16464
-11.75281
4.48143
-12.73360
-1.50960
-1.31638
4.13488
-3.01201
-5.30489
-7.38447
11.65257
-4.79472
-5.95774
17.91017
15.77551
0.48307
10.79375
8.67916
17.60634
-12.97516
20.13077
-2.69323
10.28401
4.23014
-8.30943
1.67472
20.74035
13.62506
-4.27355
2.90622
-4.50053
2.67346
3.03090
-1.49360
-9.57886
6.83925
2.34849
-0.87132
-8.09295
2.00047
15.14259
-11.18426
12.51923
2.21578
-7.80360
11.63872
14.18945
7.98752
-3.60779
-8.14571
24.98649
-4.33113
8.62375
-10.25913
-10.18150
13.02589
1.73311
-3.73504
4.25151
2.95421
-22.35400
-6.02098
12.18455
8.76326
-8.33842
2.59430
-8.48111
2.74973
-8.85152
-2.81001
-0.53579
-15.03069
-11.60797
-9.89930
13.36269
-7.69766
19.16779
4.06883
20.57552
10.20981
-17.49328
-0.42792
-5.41599
-14.20088
17.14910
-9.17667
-9.66693
-10.92265
5.83375
-1.98243
4.67299
-18.81685
-7.00749
19.76355
10.27898
-6.21877
-5.39338
10.60812
-3.00961
5.88528
-0.98172
-2.77123
17.34625
-8.47991
-0.21814
-2.74746
6.50230
9.98398
-10.48502
-4.61742
4.11576
-7.79219
-9.73706
12.38709
1.71730
9.39706
1.42996
-6.81703
-2.43670
-3.81777
7.35419
0.52761
4.93288
11.17726
-9.60132
-0.47395
-9.31222
6.00319
2.05411
7.34075
-7.18880
7.13487
14.92871
7.48087
0.11396
-5.31214
-14.33845
-0.77744
1.24231
-12.30274
-4.66469
1.49734
-6.56167
5.32030
5.19751
-5.81757
-14.63671
-11.88844
2.08699
9.67335
13.79916
-6.82427
-4.77298
-3.73167
5.26893
-3.63915
-5.26959
-3.04550
-1.32138
-1.55546
1.58561
-7.47089
2.99294
-8.67705
-5.65401
-11.98291
-0.25393
1.71122
-1.42254
-3.57577
-1.19948
-0.13190
1.20966
8.18056
1.59829
0.01998
10.62800
-15.67224
-5.62029
5.81940
-9.68820
-13.26792
-5.01850
-7.40076
-11.91074
4.53923
5.47504
10.38292
-2.41737
3.26035
16.02000
2.52279
-2.55359
-1.03479
14.83885
5.53544
2.69060
12.05981
-13.30194
3.60476
14.19914
-14.60155
-2.56663
5.00010
1.30111
12.14602
-7.36124
13.32185
-9.08407
-0.00876
11.08197
-3.43441
8.04876
-2.28731
-3.49057
-6.93958
-2.40960
-4.27528
8.39100
-3.84506
3.48042
-3.67751
-6.11398
-11.68547
-8.55710
-3.60527
4.74391
14.19972
3.17189
12.44311
-9.48907
-5.00572
7.99311
-6.91890
11.73632
-4.74989
14.98510
2.04267
-0.24545
-4.12906
-7.76626
9.06669
-8.03389
-5.08874
-4.35538
7.87172
1.93478
-1.47493
11.22934
-2.75822
8.21006
-12.47476
-0.03824
16.14208
-2.00286
-10.86141
-0.84082
9.70866
12.24035
-3.31485
1.61456
-14.41899
4.63485
-20.77398
4.27766
4.43787
-16.36566
7.11691
13.22177
9.57042
3.35817
12.46243
6.29548
-13.36972
-3.09538
6.34139
2.93989
-5.72589
5.98572
-14.22590
-15.11503
10.32268
16.45579
6.97649
-10.46089
-10.30868
-6.65220
-21.68590
-16.00080
6.00271
5.21406
-4.72829
-11.30030
10.12504
-0.76691
7.73613
-9.59252
14.29026
-16.25371
0.46691
8.69642
5.56797
1.58029
0.68150
-3.13774
7.73223
-0.87714
13.62432
16.25718
7.14825
-2.08888
7.79374
-12.74264
-0.54784
5.01384
5.07035
10.36162
15.00165
4.39737
10.13484
-8.74343
-11.67224
4.99253
-7.46416
4.26628
-6.43245
2.20473
-3.04444
-3.99910
4.71863
6.35611
-6.24364
-3.97002
-10.60452
0.22855
-10.50599
1.04139
-5.39500
2.78886
4.86309
-11.75886
3.26826
-4.33059
4.76129
-10.18775
-5.77219
-15.46734
4.49562
-3.46552
-7.80633
5.03104
-17.76010
-16.50525
13.28776
-21.28292
-6.52648
7.18980
0.86050
-14.19344
-0.14807
-10.91711
-8.29716
15.46099
-9.89901
8.12660
-4.62865
7.87611
13.03203
4.44655
2.87873
-20.14108
9.07276
2.11796
6.25175
-7.91297
-5.22746
-8.99494
8.33144
-6.96103
-2.68129
4.29831
-10.47794
-10.02211
10.58275
-5.05215
-13.79711
2.59606
-1.70632
-6.96525
-3.52226
-5.11371
-7.68997
-10.58025
-1.98125
10.86584
6.06851
-4.17743
-8.24856
-5.43784
-11.31345
-5.75448
-16.02352
6.01128
-10.93382
0.64238
-9.79420
-3.96262
16.47889
12.08549
2.14606
-5.47809
8.03750
0.41369
5.53363
3.10515
-12.59952
-2.38324
19.76549
2.19877
-3.06353
-11.94724
-17.99481
-9.07969
-15.32267
-4.53528
8.55804
12.41291
0.52858
6.11098
-1.06801
-1.13617
-1.02338
-18.19463
-9.41522
6.34611
2.04733
-10.62046
8.54873
-2.21978
-12.76830
-5.41703
5.69934
2.31539
-16.21006
3.54297
-7.73691
8.02025
-1.04939
-8.91220
-5.68912
6.96511
5.99276
-11.75204
-8.61071
-13.66929
7.59003
0.96526
6.16382
10.99292
28.21042
-2.57649
-4.40395
4.92836
2.45934
11.15536
-3.04214
-7.14443
8.36985
19.00682
-15.90043
-7.41277
-5.33356
3.76900
9.21021
-6.97331
-1.03429
14.33257
-0.18887
-2.40855
0.45016
-12.58938
2.38672
-7.44621
2.80891
4.82978
-6.11621
10.84636
-12.89968
1.52120
-1.75063
-5.86273
-2.13027
-2.22876
17.47388
-8.30552
-20.89501
-10.35407
-8.75262
9.27065
-1.77421
-19.66737
-14.41289
-11.72920
6.41096
10.93167
-0.57251
0.40330
-17.41697
-6.66853
0.58564
-3.72981
6.76889
-2.64039
2.32044
11.78057
-1.29947
7.87442
7.73159
8.44758
6.31450
-18.33283
5.89780
-8.76452
0.10546
13.44181
-1.47545
-9.04396
-4.80137
1.96498
0.44521
-11.93872
-0.24305
19.55026
-8.17985
-0.31834
6.17416
-11.08832
-0.31488
6.51942
6.54039
8.55067
-3.53869
-4.18693
1.22290
5.92852
8.91044
-8.67679
5.39438
0.58042
4.39859
4.21605
-4.76480
10.99221
-0.88064
19.35024
1.56234
-5.70111
-2.20582
5.28359
12.38644
5.23598
-5.21331
6.95963
-4.10983
-10.22010
5.81996
-0.72728
-9.11026
7.38853
8.35055
5.62171
-14.05287
7.24861
6.53829
-20.19972
-9.32245
20.37012
10.25884
6.48469
-0.52596
8.08578
-8.07705
-7.28013
-3.99666
-3.88694
16.47604
-5.33768
0.98750
1.07169
4.48879
-4.43414
-11.87120
-12.01041
0.37345
8.78137
4.74226
-1.46750
-4.75456
-6.06023
-5.61117
17.25264
4.12151
-1.49965
3.84723
-4.52223
10.34049
2.44757
3.62590
-1.42978
0.10859
-4.13653
4.17195
10.75903
-0.73341
4.25881
-6.38439
7.96945
-3.18591
-0.30478
-16.25359
-1.72793
11.49847
-6.78259
-10.24062
9.97917
0.85359
-7.56847
0.93935
4.22204
-12.31069
7.51929
-4.15775
4.69651
-1.24500
5.02886
-2.38564
10.14007
-6.03000
5.27410
-12.98471
-18.63729
-16.30597
0.90265
-6.41833
-15.75331
-14.24688
8.89731
-4.77207
-1.46501
-7.33092
-3.39891
11.83509
1.61227
-0.61611
3.05305
-11.51598
-0.78710
13.26629
4.18129
-4.45205
0.26945
5.60316
-2.49044
-20.81090
-13.13488
12.22475
-13.56322
-2.15728
-1.46534
2.28482
-15.25897
12.32930
2.43903
-6.50997
-8.60409
-8.06470
-9.87077
-8.02992
16.23721
6.24174
9.90817
13.36885
-15.45157
-3.40297
6.79093
-4.89396
-0.75381
-2.03069
-0.00740
9.00236
-5.07921
4.99697
-0.33181
-2.42700
9.63473
0.65115
-9.39865
1.21222
-2.89457
10.19018
4.48459
-7.16727
9.43325
2.05669
-0.75957
-2.29742
13.77833
-3.09797
-7.56911
-1.95066
3.80423
0.34564
-12.12862
-3.50945
-3.62521
1.49961
-8.97158
7.79701
-4.06470
0.37758
17.98340
-0.24979
-1.89744
4.67769
-7.38319
-4.58411
0.55751
6.00416
-3.31944
9.12421
11.75416
-1.07760
4.09140
-7.09556
0.04659
16.80569
-4.23789
-5.84064
2.56399
-10.07521
4.87878
5.56199
-8.81065
7.17211
5.31581
0.21529
2.71068
1.91369
11.49610
0.83626
11.05796
-3.77893
-2.34255
8.17667
4.15998
12.04887
9.49917
8.90563
-0.81701
12.48948
-1.28159
-0.58878
-13.72896
-1.75681
1.77665
-11.15259
-23.48383
-11.22279
-1.27212
17.10077
8.70239
-3.02228
0.14654
9.68843
-4.22250
-6.31113
-14.30388
-5.82892
-1.54594
-0.30475
6.14679
11.51186
4.77846
-17.85099
-12.32538
5.69336
-4.08495
15.63831
-7.75792
-4.29720
-15.59394
11.89421
-0.69242
8.96328
-17.37408
-5.59582
6.31204
-8.01572
-6.92611
9.26957
2.15820
1.79451
9.06244
-10.46862
-1.54867
4.56620
2.31002
-7.81407
8.41742
-14.89241
-15.00644
0.82256
-6.14269
-6.61406
-10.83745
-30.97242
12.46010
10.27405
1.98673
-15.25718
-7.78241
-8.20300
-6.44475
2.33807
-3.20124
5.45576
-16.21571
-9.32070
13.41962
-7.85119
-4.93894
5.85764
-5.62769
5.18647
-18.68358
-1.95406
12.52834
6.24404
-13.08506
-2.46407
-9.86033
8.81693
-1.71153
0.94315
-8.62047
10.02283
10.26479
-14.08277
-17.87294
-13.02202
12.66393
-0.04336
-10.85586
2.72046
0.95130
-10.61666
-1.93565
5.57083
4.45314
-5.88274
-16.92202
-2.00906
0.08296
-3.47771
-6.22175
1.15412
18.17782
8.75243
-4.64449
0.94121
-0.01662
-10.47632
16.04945
18.14679
-0.86783
11.06239
6.18845
12.58591
-4.99255
-3.47323
-0.75593
-4.81291
7.86585
-5.77841
4.52050
-2.80088
-3.04529
1.32421
-3.95051
-4.31995
-10.60727
-1.17275
10.66921
3.29736
-4.52369
19.77355
6.78664
-2.97289
3.11814
0.06168
-0.12924
4.75120
-1.86565
-4.63775
-6.16317
-4.12169
3.49405
-14.23688
-14.89805
12.07163
-9.74319
5.58277
-14.74501
-0.81082
-2.09821
4.21263
-19.54989
2.51771
6.80356
-5.65204
-13.06993
1.24427
5.88452
8.55085
-9.99447
-1.62449
-3.67753
8.15879
16.41682
7.44443
3.44216
2.72981
4.31187
10.09483
18.63981
3.91878
0.44440
-0.69588
4.43966
-10.10575
-0.30733
-6.88112
4.77315
2.60524
-18.30212
9.47171
-6.42783
4.06449
2.54443
5.81806
-8.63357
-14.35803
8.43675
-2.46295
0.02587
-10.87450
-10.23612
9.09913
-3.68540
7.52716
-5.71352
-15.18843
11.19353
-0.92489
-0.60452
-8.95729
-2.10933
16.44620
8.14627
0.91977
0.94039
-14.81389
3.50880
1.15554
-5.45735
3.09406
-4.20630
-5.50906
-2.07122
3.76194
5.29452
0.65641
7.18430
-2.67893
0.95189
-2.21881
-0.84149
7.84916
-5.92441
-9.80985
-0.56458
11.31196
-7.33193
2.34080
4.25146
-19.27863
-3.59569
-6.50389
-4.34840
-4.31603
2.98013
0.73728
-3.99041
-2.68553
-7.97772
-4.76583
-9.47868
1.73138
9.67792
-5.43429
1.29419
8.32240
4.13377
1.55201
-0.52780
-4.37563
5.11738
-7.11929
-7.42620
-7.16537
9.31717
-12.53656
6.46658
-13.38062
-3.25188
15.92689
0.02713
-5.53009
3.46398
-2.78763
4.15390
3.23245
-9.02579
-10.85989
-3.63605
-11.25266
11.92291
-8.38510
9.18509
-6.54656
15.65615
10.66860
7.88264
-6.53464
-6.15953
-10.48699
5.69124
-7.54539
-3.03755
3.19827
-8.09219
-12.43368
-2.06044
-7.00280
-5.14649
7.30014
-7.91323
-0.93917
-2.40592
11.19866
26.01511
6.41386
3.58130
-0.96400
5.09845
-0.51370
-13.54834
15.60259
-5.37940
11.20038
14.63440
-4.13214
8.11282
-5.78771
10.52789
-10.86294
4.85612
-4.30644
-9.66243
-5.29320
1.39222
0.39436
11.36768
6.30268
-0.61543
-11.61919
22.35584
15.75639
2.21128
7.31190
-14.70772
-0.09069
7.09358
-3.66315
-3.92642
7.21433
1.60506
1.19601
0.87442
6.12317
-5.31320
-12.91989
6.98258
9.73588
2.61289
-3.03772
-9.20247
-1.29013
-0.03300
-15.40070
-1.75421
12.24336
11.45961
-10.92266
-10.53099
3.01991
21.18479
5.06933
4.27318
1.18596
-2.54634
-3.72662
-7.87494
14.32374
3.98040
18.80805
3.38005
8.10162
-6.87519
-2.59664
-2.06415
-7.24766
-1.23865
3.73100
-5.97390
-1.24012
-10.65310
19.75976
-8.78979
9.86616
9.66908
-2.10228
-7.03938
3.71020
6.28445
4.87068
4.60289
-6.00141
10.90751
0.59238
0.66939
-0.18585
-18.71137
7.04647
-6.38033
1.33394
2.35208
-1.16799
-7.05155
2.59525
12.50315
-8.96562
5.29803
-3.58239
15.01596
5.28979
4.52654
3.77204
14.07030
-6.75660
6.10222
-0.32626
-10.64429
-9.34252
-3.39274
-10.21182
-0.05352
8.46957
1.36156
-8.82304
-3.78906
-6.67174
14.19716
-8.98718
-0.05930
-16.64191
6.40594
8.27308
-0.85826
-6.65866
-12.54472
-27.02991
-9.80974
5.16753
-4.31795
1.64718
3.51235
9.78477
6.33994
-1.93299
4.26388
15.61898
-7.73323
21.86745
-2.33966
-12.97487
17.25625
12.61772
7.61286
-4.44121
-14.54189
-2.73203
3.47058
2.10404
5.49253
2.18854
-4.12154
-3.57118
-2.28990
-3.58747
-7.54492
-5.44624
5.51931
13.27095
1.86734
2.29519
-8.95876
-9.29533
10.48358
4.27538
4.83639
-11.30750
-10.12321
-3.29741
16.97185
-6.67042
13.07709
-11.87306
-15.80673
-5.18711
-3.54387
4.37784
-6.43605
-3.83343
-8.68805
1.48726
-3.58428
-10.47090
3.16513
-3.95126
-1.79186
14.46339
-2.87454
4.53385
-3.50384
2.75723
-2.57273
-7.20769
12.94811
-8.71428
-0.38747
6.91286
-13.23457
16.57749
-14.21111
-10.14695
7.37997
8.27873
-6.00968
-0.70382
-6.83800
-1.36858
2.44517
-7.61468
-0.93058
0.61630
16.18292
3.14697
-1.68498
5.95357
-2.52926
-0.57851
1.13456
-2.85846
13.11975
-2.20188
7.08611
16.00849
3.57957
-2.95821
1.71597
-4.93795
20.86005
11.07356
21.18940
10.74702
8.10404
2.14033
9.76529
4.52321
11.11539
-5.61553
4.24745
-11.22130
8.13870
3.91653
-10.58767
-8.36566
9.63843
-0.71411
-3.98248
-0.63907
-7.71237
2.20171
-10.79172
8.63353
-2.57040
5.66253
-0.67697
9.10616
2.09111
-0.21423
-9.43986
6.98794
-13.28819
2.82402
-4.84466
-14.90670
-9.13017
5.67292
3.32906
-6.06329
-0.32962
1.27968
-5.13291
-3.03574
-13.54789
4.85176
-5.61695
-5.61453
0.49360
14.04320
-10.96382
-5.79986
4.90419
-3.12774
0.99351
-6.54982
7.69717
-5.82276
0.17745
-0.46548
9.09006
9.51385
-4.08170
-12.08275
8.96998
2.08891
18.90597
-9.90963
2.58999
5.76289
-4.30097
2.53140
-11.24685
-13.28893
1.13845
5.01323
3.90356
4.67980
-13.82399
2.64736
-8.16051
-0.10947
3.80285
9.04684
-9.93627
2.25913
-3.99981
3.81694
7.91085
-4.97358
10.40978
13.23827
7.07711
2.42926
-14.63317
6.74041
-8.41974
-11.10701
9.58178
-1.02674
-2.34495
-1.31741
-1.76948
-8.34594
3.44765
-0.10448
-8.73951
15.35549
-6.96920
-1.11850
-1.51012
12.86862
-13.09529
-15.77224
1.56381
-3.19918
-2.08652
3.06115
19.80658
10.13894
1.64998
0.65493
-0.79011
-11.08910
-3.13801
-9.91908
-5.95902
6.58633
12.37769
10.37723
-6.94681
14.04339
-0.31788
-3.73484
-11.98640
4.59908
-19.34356
5.12775
10.74373
3.00744
-4.76096
-13.10983
-4.16178
7.62042
1.85598
-1.74267
0.97019
8.46039
6.59407
9.16839
8.06457
7.86973
8.47309
-7.33514
-9.99947
-14.61127
-6.07764
4.25913
6.87932
-0.85387
17.72815
-9.78142
-6.97102
2.90314
-8.98912
-4.60536
-0.41078
1.20128
9.46833
1.22829
14.28658
0.67257
5.09339
8.22688
5.11135
3.19034
-16.01521
-4.82324
-12.46599
17.79172
-0.20696
-6.30265
-4.49221
0.85787
-3.32712
0.35238
-5.62826
-1.34108
-4.04643
19.07131
2.43152
2.88421
-1.14256
1.88710
17.25067
-20.19333
-4.05269
-4.58799
-5.19369
0.77413
11.92665
-4.72265
14.47288
17.84332
1.27617
-8.65679
-9.15036
-4.33158
15.79486
-14.32432
3.36040
17.78579
-1.78289
1.30571
14.05407
-4.25552
-5.80478
-14.55521
2.45164
-11.47725
-0.76259
-5.95574
-8.37344
5.16142
-3.10460
-2.60451
1.84782
8.23318
-12.30488
2.53123
-6.99501
2.22736
13.90605
2.50108
-4.17711
11.27114
-2.36219
3.37187
-11.31377
1.77265
-2.39616
-3.86888
-6.12102
-6.97166
15.45518
-5.64009
-11.83476
2.77771
7.28715
6.27984
-1.85266
0.61140
-2.93277
-4.31306
8.75374
-8.76940
6.54742
-2.46453
-6.38503
-9.83935
-12.93146
-11.70477
-22.26255
3.17120
-1.63798
4.00860
2.77725
-7.26017
18.38509
5.03867
-12.63942
-19.16644
-3.17807
2.87619
3.32980
-2.95897
-13.45426
-9.59170
26.11079
3.86091
5.67505
-3.93426
-1.79480
-2.22946
5.64626
1.36932
1.75427
-18.28326
5.06486
5.19595
7.21413
-0.55394
-5.24819
-10.20870
11.09618
1.26349
8.97015
-5.27760
-1.02086
4.61274
-1.36422
9.17324
-1.27659
7.21146
-2.91529
-4.23386
7.48859
-12.45642
-11.43537
-5.85839
6.13946
4.14281
-7.42370
1.49100
-1.64362
5.06867
-1.59661
-5.15914
-9.68989
-2.49402
4.48379
9.87809
-1.87366
5.46692
4.96504
-5.84380
5.09371
17.53818
3.78905
6.46115
15.54836
5.89575
-8.86113
-5.99685
-6.11430
4.79081
3.41312
-1.31800
17.78316
8.81677
0.34660
11.91281
0.03977
7.62336
-4.74602
4.12189
3.10938
-19.74825
0.51805
-5.47732
4.27019
-9.35688
0.18245
-1.59779
11.87364
8.80489
-10.87745
10.97673
1.52345
4.48246
16.96501
-10.25496
-12.24400
8.42775
-7.54889
6.33615
0.57459
-1.52066
0.30803
3.22484
2.66655
-3.83442
0.10765
-2.28043
9.14790
9.49367
-4.49597
-8.32468
-0.63597
21.96575
10.19889
-6.79638
-0.56337
3.72097
-0.98483
15.21528
-3.70707
-2.40630
14.46429
11.39668
4.63142
6.19891
-13.48274
1.11921
-1.73788
6.35122
-4.38203
-5.84925
-14.33942
17.51953
-7.79589
15.22157
7.01031
1.71471
4.50840
4.04908
7.97249
19.73144
-3.05489
7.70834
-6.26540
2.88229
-7.36949
2.50500
9.82666
11.24816
-12.60238
3.85165
-2.10196
-3.05450
-2.41150
-3.40030
2.42532
-12.80699
-11.20607
4.02874
-3.41139
-4.99698
8.71646
2.14238
-1.15561
-4.61234
-3.96581
1.70400
3.98113
-12.82290
0.61178
3.47252
4.15997
-2.13920
5.67436
-10.00860
23.99916
10.45186
-8.38133
5.49767
-16.36171
7.16382
-7.98672
3.75529
7.24846
7.33892
4.06312
3.59650
4.23915
-14.92294
-12.12138
-9.07120
11.54673
-0.01944
-2.89971
0.88377
1.72732
2.31577
7.31865
-7.64178
-20.86009
-21.51502
-12.14057
-2.94536
14.72579
0.50417
16.78655
1.27272
-2.86275
-5.29050
2.79398
4.48037
0.25650
-10.56811
28.69861
-4.43748
2.24971
22.17002
3.44708
11.81327
-2.40936
0.40167
-6.06871
7.42202
14.48568
2.17012
-5.09834
-8.16557
7.68067
-25.30623
2.67497
4.37879
10.30696
-10.62676
-1.59018
-9.35670
13.02199
-0.56814
-0.88338
7.23626
-8.38695
5.67528
-0.62178
4.86258
-2.01939
17.47545
-5.81369
-1.36827
1.91279
9.32286
-0.13514
-4.81716
-17.72428
-19.67834
15.58981
14.35524
-12.44931
-8.48380
15.23395
-2.03300
-0.35733
1.54782
3.01442
-2.12600
8.76276
6.51363
13.41284
-13.90087
-4.76752
0.51438
-0.64805
6.19023
-11.33470
-5.95460
-5.43697
-7.06529
16.65585
-7.93044
-15.73340
9.60886
-9.57757
15.07258
-8.45591
7.31953
-2.00845
2.65007
12.93449
-3.90228
3.18786
17.38148
0.94453
7.73305
5.97962
-8.57566
0.46028
2.56914
-3.06980
6.83967
-0.63473
4.70953
3.21380
10.92495
-2.80761
-3.54128
-4.51848
6.59025
16.90069
11.48812
-8.61378
-2.63684
16.79122
7.59850
8.92528
-2.78142
-0.21132
-0.78326
-5.67744
12.73623
2.31461
-3.93437
1.65389
-0.16298
-9.56343
-6.87696
18.03593
4.85474
-0.83029
9.69845
-5.94702
-3.22232
2.64871
13.10272
-8.70283
-2.02252
6.77491
-3.09541
-4.41107
-1.10633
5.19729
-7.72364
9.19246
6.60401
-11.77059
-1.44419
8.47542
-4.45642
13.75210
3.06192
6.07755
-0.11479
11.96270
-3.35924
-0.58263
11.20637
9.95061
-1.97999
5.53112
-3.15435
-2.88872
-4.85211
0.05608
0.21691
8.05839
6.49287
3.73601
13.51150
-8.69402
5.46908
-7.00180
-10.98565
6.65736
3.25117
4.34801
10.80565
-12.74892
0.65431
-15.25538
9.15868
10.09540
5.41194
-4.33289
2.80160
-14.98937
-1.70504
-20.27356
13.53426
-0.37368
8.27256
-23.00026
16.20568
6.02759
-4.59651
1.74344
7.17189
-5.44212
15.12008
-5.49866
6.52383
-2.52088
6.61183
-9.26011
-2.81094
8.74078
1.34382
-4.12594
-4.46745
7.92546
13.59899
-2.83018
10.19903
8.74476
-6.37926
-7.15270
-9.87401
4.37793
9.74404
-0.23854
9.20482
2.13162
8.69853
0.37021
-3.08655
-10.35464
-3.87592
-4.97380
2.43981
10.17754
8.26869
-11.58808
2.47784
14.63620
-5.32395
-5.14525
1.82560
-8.86048
2.80764
-7.93329
8.06915
6.52216
-16.07860
5.35603
-0.85472
5.01020
-0.80211
16.37456
1.77437
-2.62450
-3.64555
-12.39600
-0.01314
-4.42860
6.88970
-2.17395
-22.25882
-12.29946
5.68289
-7.89035
-11.39165
5.41261
5.99684
-1.87247
2.07973
-6.19851
4.36464
16.98395
0.89879
-7.65166
4.03380
3.06876
19.44040
14.81627
0.76885
8.41571
1.04579
7.49974
0.70941
2.39494
4.76800
19.27348
3.95571
1.06586
0.45299
0.02996
13.91078
3.61369
5.82600
0.95961
0.98481
-4.87800
-3.86441
1.44356
7.07878
-6.49212
13.28114
4.26059
8.93634
-0.62730
12.01252
-3.38703
-0.73455
6.36315
-3.06708
-6.63493
9.93546
8.70345
-6.97000
12.10866
0.19720
-4.08075
-1.98485
-3.03750
6.96281
-4.74492
-13.78976
9.65179
-10.14445
-9.98738
4.34423
-10.54076
4.27060
-15.74683
-11.73832
5.28211
7.16728
-6.59383
-13.25378
-1.47196
14.41375
8.31665
11.68267
20.27731
4.88822
6.30171
-1.45582
-2.38322
10.72614
-2.72673
-7.14669
-3.61789
-4.25504
-2.11285
15.37333
-13.55689
-3.83249
-10.40032
-4.13229
11.89304
14.65299
-12.34074
9.83802
16.24044
-0.15254
-3.97681
-15.03657
-7.10243
-3.01237
-0.70111
12.87602
-2.76173
2.64375
3.15446
-3.94004
3.06519
5.62245
12.77868
8.81396
-1.81954
-8.58494
3.02598
-6.19588
16.86380
14.80078
4.59381
4.14728
-14.90651
-9.39333
13.82358
-6.85624
-0.61113
9.85816
-6.92817
5.74220
-14.72891
-2.75384
-20.79611
3.85075
0.35212
6.69335
5.78831
-3.78623
1.41116
-10.99592
4.22355
-9.19908
-8.12731
2.18804
-8.05204
-9.30503
-8.99392
-6.30206
4.05628
-1.94430
-5.75472
1.91119
2.31826
-19.45303
4.25375
-12.49474
6.46690
13.51977
19.70113
5.91557
-2.89446
-0.33227
-10.97246
-2.52403
-7.09258
4.24245
1.42409
0.96983
2.83160
-2.39885
7.25225
8.49191
-9.48096
-8.86335
4.30693
-5.41696
-8.03323
8.73089
4.47198
-11.15293
-0.20489
-14.16357
12.27935
-3.02909
-4.23565
-19.26237
0.04097
-4.69568
13.49857
-1.29468
2.63389
-7.82358
-9.01010
4.31464
-2.50358
3.31128
-2.17996
-6.37237
-7.01068
6.31201
12.84230
0.50949
10.00828
4.35074
-8.56086
4.24949
4.55357
-0.39454
-4.30124
-7.60203
-2.71475
-9.01457
-6.32778
5.50349
11.15119
0.71636
14.16728
1.98252
4.31567
-2.65827
5.70117
18.76407
-5.13702
-10.51037
-0.39283
-1.88534
3.60273
-7.64561
3.16959
6.55467
-3.54669
9.17841
-7.76041
8.93833
-8.81657
-7.85039
-5.38993
0.12953
0.77163
-6.13730
-3.83100
12.98291
3.19963
-14.12897
7.92085
-8.93906
-8.87524
-7.47837
-12.00418
-0.60536
-2.23240
-4.29529
7.26629
-14.64154
-4.11962
-10.33400
-7.71446
3.31055
1.38359
4.28013
4.94891
-1.71465
8.21145
1.79480
4.41274
0.70051
2.15608
3.55777
-7.02111
7.19224
-6.20303
11.27308
4.19668
-8.56128
8.39438
-7.87119
0.03081
2.52387
8.17615
9.75236
-16.14628
3.16999
8.79920
-4.86033
-3.28209
2.95220
-18.07023
-6.53879
14.20900
15.34050
-0.81698
2.36347
6.64148
-7.07729
-0.32434
15.12584
9.70683
-13.20792
-10.79937
-8.88249
-16.21083
8.56868
-18.92949
9.57132
11.06801
-2.16567
-3.55962
8.44383
-3.76389
1.49832
1.74651
3.62784
3.15392
1.06900
1.29128
10.36018
-7.69121
-1.16356
-2.56865
-5.87098
-2.92079
5.99786
0.66680
-4.85225
-3.97876
0.19217
-4.13997
7.33064
10.11383
3.78275
5.80018
-3.16041
7.81204
-13.94274
-2.24314
9.41813
-16.41483
3.16538
-5.08493
16.21405
10.79364
8.36030
-6.88239
-8.40045
-7.10012
-3.75864
-6.16144
14.27474
-0.69143
4.53242
5.39974
2.67922
-6.22909
1.46220
8.17148
-2.80798
-6.63134
15.78010
10.47761
11.60760
-13.47676
-11.53724
0.08154
-0.37925
10.33060
8.32300
-8.12915
-5.13753
7.96136
13.60262
3.93322
-7.28617
-6.16763
1.70799
-1.60610
-5.16914
1.00826
-18.24722
-10.49873
6.04860
3.38066
-24.40939
15.34950
-0.46174
-7.07391
9.53078
10.28039
-10.97875
16.36019
8.32100
-5.83706
11.85160
3.32355
-18.00936
2.65818
-3.34998
2.24015
-10.93692
-12.81371
-9.72975
20.64023
-5.24195
-2.80520
-0.45787
-4.95577
5.18763
-4.73248
-9.67568
4.90065
13.71184
8.19190
-2.74088
-4.70066
3.48163
-1.33875
-7.35508
5.61227
11.63121
-1.79709
2.30660
6.39066
-4.48683
1.39801
10.84539
8.23369
-21.26793
13.22684
0.91724
-15.35904
9.50801
-0.58259
-0.39189
2.59305
1.15139
-8.87003
1.77634
6.67617
6.01289
12.62042
-3.19230
-1.35385
11.05105
-10.89689
2.85430
-9.97055
-3.90249
15.58028
15.74696
1.81381
-1.96099
0.65745
-1.99139
-4.21647
-11.09838
6.71268
-0.23093
-5.76604
-7.71327
-5.13307
-9.44309
-1.14945
0.80524
-0.24041
8.04890
1.77642
-10.76466
6.45618
1.63219
-3.84452
-4.06717
15.03816
9.75638
-11.30060
0.05279
2.52052
-6.93148
-2.64189
-2.74905
-7.16045
13.29314
-0.34020
-1.65977
-17.91294
-8.61148
0.03907
11.42294
7.19424
-8.20047
-3.36012
8.13479
1.68620
4.09749
4.74722
-9.88430
-7.24323
3.79517
-5.30314
6.60183
6.10313
6.85390
-4.50410
-7.58169
2.53451
-8.34310
-0.71089
-3.50802
-10.65026
1.32946
-2.41220
6.76920
-8.85147
-10.25649
17.44198
4.23383
1.66667
-12.04806
-3.41151
4.27417
1.97791
8.01125
2.77503
0.74583
-1.11554
-9.16794
-3.16633
-0.58666
4.02783
-11.40645
4.02597
2.98684
-15.35642
-20.77260
6.96710
3.48943
4.89552
0.40995
-10.69200
-4.06722
9.77286
0.71472
5.20828
25.47382
-16.58160
9.10330
9.45500
5.06674
10.85829
-12.52851
-5.37727
6.78159
2.40166
1.98957
-21.29969
-0.68135
-7.84500
-10.50849
8.71342
-3.50347
-6.54235
-6.15361
11.94347
-4.64977
7.00386
0.05199
-7.06535
13.13253
-3.04497
-6.11194
0.99321
-2.55717
6.85068
-9.18122
-1.21618
-1.89971
-0.31581
-19.44644
7.50407
9.10681
-6.58500
-17.07249
-13.30401
-5.94202
13.35598
-10.35245
-15.01967
-5.66215
-9.52117
12.71589
4.28109
-5.61904
-13.79637
-2.60027
0.42414
-1.30593
7.06817
6.17227
-4.88315
-1.91219
0.85648
-10.77708
10.80319
8.60274
1.92713
-0.52900
2.06414
6.14367
0.57124
0.22034
-14.59774
-15.56629
-15.36830
5.24596
2.45087
-7.67528
-10.17778
-9.76873
-5.62969
9.63396
-15.63877
5.67377
-1.14109
1.23208
-4.01649
-4.08629
-5.76391
-7.31196
7.92888
13.51156
12.30295
-19.21729
-4.05083
20.18504
14.71518
-8.58286
-14.18156
-0.80651
-4.43651
5.41309
3.51118
5.19013
3.62874
4.08535
-7.20184
-12.62797
1.52672
1.97979
-3.86762
8.91146
-1.95881
-3.68871
-12.94781
2.33678
8.90761
9.15629
-1.12789
-10.73031
16.74759
7.35255
-9.95577
-0.21729
12.59887
8.75182
8.61298
-1.23943
2.67801
-0.23418
8.41277
-1.33797
9.11237
-11.47189
-10.48906
3.21544
-7.85471
-14.26716
2.52584
4.15173
13.85837
4.11904
-1.87005
-1.45648
-2.75501
-6.62104
2.84204
-7.41510
-1.73560
9.33447
-9.01239
-20.31374
-4.58780
6.56234
-10.94375
-0.34666
-5.86439
3.58308
-8.50306
3.27571
9.38069
-15.13730
-0.50203
-14.60390
22.13407
-5.25875
-0.54413
-4.35562
7.63604
-0.49880
4.13203
-10.31143
1.10137
-1.92389
-3.98716
5.28804
-15.27951
-4.28006
5.68719
-10.39335
-7.15317
8.58914
-6.95040
-0.65432
3.06134
-1.50045
4.53178
-9.36847
-1.01745
-9.95053
-13.12879
7.26232
8.10289
-5.17926
17.16870
-12.59607
-10.87775
6.92826
-7.24252
9.76815
4.46826
-4.07468
17.62028
-5.92227
-1.87609
2.45739
-13.56036
8.23455
4.27893
19.52850
3.77206
3.03469
-1.02488
10.53444
-5.42212
11.43560
-1.77545
-6.84698
-1.80281
-10.05483
-5.30853
12.51609
8.92856
-3.08308
5.31790
8.05732
7.31332
17.80175
5.57825
-1.02763
-3.72333
-3.69897
4.11468
7.38430
1.11902
4.81231
-2.12428
-2.08279
-7.96433
-1.85572
0.42330
-17.74198
10.76273
-3.71791
-4.28926
-0.76512
9.54497
-9.89823
-5.58809
-9.50038
1.92246
9.28317
-6.04259
6.69902
-15.42348
0.82137
-22.92599
-10.56874
-2.53397
-17.83889
-5.62372
-3.24011
14.28300
1.70606
-5.77308
-4.46750
-2.16885
-17.00688
-0.24235
-8.56080
-8.91852
1.14495
6.55901
3.83612
4.09436
-10.36745
-4.25107
3.40684
-0.41396
0.32296
-25.29102
-7.12954
-15.62666
-1.49617
3.78741
-1.62520
-6.26223
-7.75312
1.93943
-5.82122
-25.32595
4.62833
-2.28082
4.17418
-6.51911
-6.03984
-5.71229
-14.89331
-7.61096
-0.97692
-2.74631
0.51990
9.46137
15.50305
13.07321
8.11958
2.97322
-6.22239
-21.26966
-4.76437
5.77653
1.22505
8.00272
-1.34210
1.71586
9.32321
-3.66863
13.99085
-3.32186
-3.73715
4.91042
5.54524
11.66993
3.52645
-4.03919
-13.74412
-7.26939
0.78383
4.54382
-8.65973
2.98348
-3.34315
4.39499
8.88685
-9.73400
-1.59182
6.30750
0.32652
0.90944
1.11389
-3.86977
3.15087
6.76598
-10.08060
1.54661
-1.20278
5.15398
9.94288
-20.28347
-0.76280
14.31730
-13.67586
-4.49779
-4.08237
-3.38373
8.07412
0.97086
7.19230
9.92205
-2.26698
0.97216
-5.03321
-13.77007
-11.95537
0.79317
-10.91297
-1.36875
3.34147
10.55001
9.74829
3.70176
13.31802
-3.80299
-11.48999
4.72782
-0.78221
-1.40050
1.64759
7.09002
-14.79488
2.84519
-3.71691
5.36484
-4.62994
-1.56853
-6.00268
4.67138
0.89416
0.93522
1.20565
1.67423
13.88180
10.69852
2.11122
-0.28213
4.34681
-2.85903
-8.89963
-6.44807
6.54878
-8.85075
0.37140
-6.64835
-3.71204
-1.03572
13.64822
6.26741
8.92149
-1.41346
6.35291
-2.00947
-9.79622
7.10999
8.24503
10.26098
-7.01527
-1.19319
-2.77805
-8.73764
6.93985
-8.78095
-2.83418
4.63762
12.72827
-13.49301
-6.15303
9.82464
5.28915
-0.50257
-5.62968
5.33054
8.92134
1.74719
-1.92933
-8.48384
5.56824
9.12128
14.62287
13.61741
-3.12964
-5.99134
16.83350
-1.78014
7.50945
1.21334
1.35041
9.96024
-11.57562
4.03733
6.22734
-3.07414
3.93475
-19.73664
3.01529
-26.59114
10.22790
-0.86766
1.94440
2.02689
-15.36751
-6.98074
-15.94599
-2.83366
-7.46542
-6.04828
3.64501
-13.70609
-1.06723
0.73266
-9.22354
-5.00558
-0.90075
-7.49741
-9.12700
-6.02475
3.41393
8.56859
-0.40058
-13.30823
10.46316
6.22810
1.81028
2.90429
3.90473
11.51159
18.43872
2.39482
-0.96230
2.98856
-10.26451
3.16110
-10.15407
0.42205
9.59815
-12.27619
6.95542
9.00560
9.28925
-1.98229
4.67865
-7.41871
-2.76067
-4.59913
9.77188
-2.63826
7.08886
4.28283
-0.87653
-4.06734
7.79437
6.92290
-2.19291
7.48015
5.25135
2.91653
-7.58745
-2.41974
-5.54523
-0.12625
-6.89196
4.20578
14.81036
7.51353
5.71022
10.05281
-0.69349
11.40063
8.31718
13.13556
-9.81431
7.47887
-1.05825
0.66811
8.38468
9.06276
2.53177
-6.17095
-12.44899
10.92718
0.79625
0.93069
6.49426
-5.12719
-2.26459
-6.88505
8.13787
4.49308
-3.85740
1.89750
15.62329
-5.89203
1.09700
3.05811
-2.75932
-1.28675
1.31059
-5.16931
4.79867
2.70862
-11.98795
9.35387
12.80950
-13.63436
-1.01319
5.87851
-15.19828
5.37587
11.00319
18.47433
7.28997
-1.71935
-3.77092
-15.05809
-9.67418
1.39575
-5.83897
-3.50763
-11.25213
-6.45541
7.07901
6.69403
-3.04835
1.07587
2.37402
2.40134
-11.64205
-6.52687
-9.75793
-6.37856
-6.17893
-0.93713
9.05041
4.90932
-4.27287
-13.90446
-4.22228
13.79087
-6.23728
-0.59488
22.08971
-3.23073
1.51034
-3.73089
-1.58738
5.04715
3.11164
2.47178
-9.06245
-3.13180
3.82836
-1.40506
1.39621
-13.24336
2.96262
-0.96388
6.06922
4.06973
-7.55522
11.13677
-1.34984
19.22312
1.07193
0.96548
11.70601
0.74641
-4.69533
-10.66291
-9.84686
-2.19238
9.69145
-0.37093
-6.90030
-18.23290
2.85070
13.14501
8.78139
-13.80119
-16.01516
8.63163
8.31602
0.84342
2.80204
-5.08154
-10.49143
10.61686
8.21620
-1.81772
0.35482
0.00084
-13.00253
-2.65193
-0.21660
18.21364
-9.44615
-2.80028
-15.22020
-0.27373
4.73931
-1.60197
3.74035
3.16265
8.77575
2.08548
15.33895
8.41859
3.14162
-4.26071
11.02081
-1.08978
-2.18604
10.83504
3.24540
1.61930
-1.96685
-12.00868
-21.42574
9.39270
3.67768
-11.22216
-5.71709
7.45973
2.40393
-5.17058
-9.10509
6.21395
7.84025
23.30228
-3.02450
-2.95905
1.64116
6.00440
-14.57931
2.32483
-4.81078
1.07117
11.07732
0.01983
-0.31113
-2.10723
17.53521
-9.66085
1.68934
-14.68493
-1.96250
-1.97726
10.53416
-19.71111
-13.31610
4.93198
-2.32130
5.10671
-17.27100
1.50976
-9.37283
3.00201
-3.33938
-2.42675
10.84667
8.68184
-5.10365
0.74298
1.02437
2.05136
7.30172
-1.17143
-9.54642
10.23734
-1.42567
5.93497
-10.24515
-10.83881
1.53333
1.32112
0.98387
-2.15912
-5.87757
13.26477
5.85587
11.35970
-4.67355
-0.45030
-4.72966
-6.02821
-14.68065
-6.34854
6.25963
7.50811
2.21558
-16.48838
3.45176
1.20605
6.64525
2.81400
-4.78091
-14.15001
-2.32045
12.60766
8.11580
-12.14159
10.33367
-3.92604
-1.22289
-19.85196
1.49782
-2.99342
0.68639
-3.01261
-3.75095
1.42516
-19.58626
4.35895
9.21132
7.42000
2.14199
-11.34202
-9.10368
-10.78484
4.12686
8.23538
1.25625
16.01827
0.35298
12.01054
-0.59751
3.36223
3.12779
14.67346
-5.74407
-0.54476
8.49064
-7.62537
-0.71163
2.86326
-4.23048
-5.08479
17.43720
3.18695
5.70353
5.52225
-3.66607
19.42831
-12.32143
-13.05843
-19.53026
-6.23314
6.22958
15.70459
-13.45156
2.38109
-5.22183
-8.88335
8.45515
9.47451
-18.54709
17.48463
-8.05589
7.81199
4.98325
4.87844
3.58377
-11.93729
8.01270
-7.68370
2.14565
2.51291
9.56130
-1.50798
2.09114
10.24614
0.68413
-3.09351
-8.44930
-7.33005
10.64204
-3.77600
2.12529
-7.52987
-6.69919
3.23865
16.91345
8.11602
14.20348
-9.90347
4.19742
3.94449
-1.69095
-12.18653
-11.11240
-5.51353
16.48025
-2.53894
-3.91498
2.34071
-5.47527
-1.69000
-5.19170
-10.49219
3.74140
-0.48983
-4.34890
-3.68342
3.86475
-2.76017
-3.13098
-8.05089
-17.23095
-0.12186
15.04585
1.43596
-6.37028
-1.60125
8.89868
-10.51601
-4.46529
6.96259
4.74843
-3.98556
8.22354
-5.99221
1.35246
-9.19617
-7.70629
-11.52659
2.62574
-9.45430
2.80753
1.72316
-1.63040
1.07694
-6.84006
3.14661
-11.90198
3.51298
-11.34949
7.99246
18.01150
-1.93904
-4.56845
-7.36891
-4.26777
-6.40074
10.31497
-6.98443
-6.98495
-2.72300
5.43381
3.06408
-1.23266
-5.50068
9.62603
-2.43839
-3.19279
8.39516
1.74987
6.54295
-6.72865
-18.91702
-1.97502
-8.07393
-9.15723
-1.53889
1.93935
0.25087
0.89712
8.11033
-2.78157
-3.01217
4.16281
-13.51090
-9.17836
5.62150
8.35109
-14.35183
6.13865
1.11075
2.73312
-3.89771
20.66195
11.16553
3.08625
17.89455
-9.74508
-8.97952
-0.28079
1.60729
9.07866
1.42013
6.49348
0.94361
-12.49006
5.67828
6.49615
-7.27001
-18.18503
-19.62966
-0.28643
-6.62605
-0.60266
-10.25399
4.03185
-14.32102
-5.11364
1.19825
-10.38571
-4.97657
-9.58537
-11.60511
-2.75694
-18.39256
0.74796
-4.53287
-4.37735
10.53079
-7.05282
13.28249
-4.54172
-6.75125
12.72814
6.96253
-9.59037
0.01604
5.39789
-2.71545
15.18581
18.04309
-1.74579
1.63386
-4.87895
15.81022
-0.19502
8.92718
0.03930
1.98145
6.61608
0.65117
10.20059
8.48810
-17.56407
0.15583
0.83827
-9.55615
-1.00888
-0.43101
-25.40533
2.80392
9.45511
-4.40621
2.35806
-1.92229
-11.40640
-10.61679
3.65620
11.94246
-2.38111
2.70155
0.53370
7.64065
-12.82970
2.94232
11.58433
-14.04032
-7.13758
2.95709
10.71856
0.25867
-9.90365
12.27511
5.60520
-3.25117
-6.39013
-1.64765
-0.53449
12.57246
-3.75769
-1.72483
1.64644
-11.75086
4.29991
4.82027
9.69996
-9.89047
1.91263
5.63950
8.82219
-10.94271
-2.21336
-13.10740
-14.49893
-5.37890
3.06451
6.20727
-14.56660
-18.44292
1.73605
6.45241
5.61038
0.12836
12.78275
1.96717
20.44198
5.57404
7.11094
5.68215
10.97931
7.45568
3.98230
-5.04512
-8.29345
-8.31937
0.90383
4.14939
2.38276
4.98126
9.65179
-6.76467
6.04066
4.44325
-0.14636
-3.30566
-7.42126
12.98132
-4.70414
-0.45587
1.04103
3.95219
-8.58759
-16.27408
0.73637
1.39349
-10.65686
7.50808
3.98140
-3.31424
-7.49144
3.51428
-6.46346
5.17998
0.92915
-8.59883
-10.36160
-16.04244
6.94974
0.64759
-8.80285
-5.68760
5.27311
0.58749
3.72109
-11.71806
-9.81112
0.90459
12.82374
13.38342
13.52878
-14.77656
12.32090
0.24958
0.62503
3.90158
-15.16395
-9.88135
2.67087
1.53841
-2.99793
-0.22488
8.02269
-7.44573
-15.84953
-4.21759
0.15686
2.95931
9.57023
7.08762
7.82519
5.82805
-6.25922
6.83093
-1.47127
11.59772
-5.47599
-3.53969
-0.38429
13.63211
-7.23224
7.74168
4.53931
-7.93686
-1.58637
-11.76285
-9.82045
8.99983
-5.10554
-7.67090
2.19789
2.59794
5.47301
1.90214
-0.96007
3.06553
2.61234
-14.78977
-5.07022
-6.31734
0.50837
-2.75331
4.59699
-10.89175
-2.39496
-6.14228
3.72985
11.06515
-1.27174
-9.63631
-7.10597
-7.61900
-6.87404
0.37462
-16.11158
-7.34963
2.35318
4.52521
-5.00303
-4.86226
-1.00410
3.40227
0.35885
1.53730
0.76198
10.97754
7.57126
-1.59127
-11.97438
-8.07297
0.33022
-1.63436
4.71544
12.34095
-5.00809
6.38142
11.91572
-12.47676
-1.49366
12.65049
22.64428
-2.00447
-0.85716
-4.73115
10.67541
-1.42958
-3.62153
4.56587
3.94970
-2.91922
-4.81208
-3.58738
5.71629
4.98066
-0.65605
6.56959
-10.75191
20.28487
1.46502
-3.21930
-10.63156
-10.82997
0.04897
-2.79463
-4.64851
6.98292
10.56361
8.91271
-15.00032
10.25791
-1.22463
-6.46042
-6.62325
12.32917
1.95261
12.74568
9.63725
7.14589
-5.98581
10.64935
9.87767
-4.96114
1.09434
-0.21294
2.29740
-3.24093
8.06542
-7.78608
-10.42366
6.43882
-14.81072
2.94869
16.20537
6.62221
-4.07338
2.34904
1.99591
-9.67778
0.68511
-6.88729
-8.42036
2.97523
2.20650
9.29488
-6.49697
-4.20735
1.02712
-7.22009
-6.62429
-8.79990
4.14878
-7.19960
-6.99354
-0.63078
-0.26532
-7.66111
-0.03113
7.37838
-7.98661
-0.19853
-0.19810
3.14001
3.62468
-9.81649
-11.19391
3.84002
-6.40026
-2.65169
1.43074
1.38282
2.38565
-7.17462
-11.30807
1.23186
4.95625
-2.62979
12.90132
8.40354
3.93577
-8.86046
4.03019
-6.84911
4.65827
11.96034
8.37362
3.88708
-12.06949
17.23101
-2.06391
-9.01497
-2.10079
-2.04275
13.70235
-2.82020
-1.57083
-17.56155
-3.89288
3.06197
-1.59833
0.94274
-3.72289
4.64381
6.00105
-7.84340
-3.54617
-6.18498
10.12448
-10.70082
-8.55260
6.53251
8.14858
-6.46967
9.69629
6.18035
-4.03009
-6.84470
-1.59998
-13.42199
0.02436
-9.14307
5.59833
-3.28606
-3.93632
-2.63521
-2.54058
-10.92769
12.41756
5.67010
-1.39465
-0.69794
2.26518
8.89903
-6.38104
-5.73525
-9.92291
16.80884
-1.37639
0.77911
-11.35417
-1.46050
9.43138
5.86707
-7.90077
1.23311
-3.60349
-3.89793
2.86094
-1.08942
11.98159
11.58210
-2.87204
8.80058
13.78709
-6.61799
-1.45914
10.51648
1.99257
-5.28920
9.17336
-4.08005
2.87725
6.11421
4.77489
-3.97701
-2.85879
