8.72722
-11.85625
-13.84844
7.11014
-11.61275
0.40159
6.90040
10.39962
2.12650
-10.79631
-3.85223
-2.79886
9.44490
7.23890
0.54408
7.32363
-3.92336
-1.69339
3.87727
2.10647
-4.02693
-3.29461
-4.78819
-4.97601
10.43254
-6.35184
6.22507
2.12265
-5.90505
1.04806
10.93345
-5.42508
2.93337
-1.89523
1.05724
-10.12975
11.84056
-7.78748
-0.57001
6.14649
11.90032
-0.59522
-1.48820
-0.54976
-5.42559
-1.44827
-16.33260
-4.83049
2.53219
8.64391
-0.61517
-9.86614
-7.08973
-5.80771
9.55473
11.27846
3.48223
-1.37644
-5.32540
2.53392
11.10670
1.09853
-0.25080
-0.82053
-8.17129
-9.75548
-0.80624
-6.79459
-3.04629
-14.50325
7.27187
9.55585
-5.31869
9.65482
-7.06423
4.99534
3.02202
-4.99474
-1.71414
-4.94619
2.53201
-0.01522
-4.48060
11.42113
5.30862
9.46205
-1.83828
-4.23626
6.72504
-8.89064
-4.13811
8.43947
0.28531
-1.30686
9.48416
12.03000
8.75193
-2.83302
7.38273
4.25246
-0.09989
2.64068
-2.28721
-8.29334
0.08040
-8.67060
-5.96565
-1.04284
-0.84811
13.91481
1.11278
3.68924
12.27144
1.03003
2.68350
4.02951
6.68536
-6.79790
3.36191
-0.78170
4.32396
-2.24488
1.09912
7.32767
15.95290
-1.61637
-10.83444
-5.51381
6.65955
3.11140
-3.44625
-2.93891
4.06620
-9.26502
2.37860
1.93690
0.51239
10.92084
11.46421
-3.67444
-0.95654
-9.44825
3.65160
-2.46352
5.33203
0.61258
-3.02663
-5.56968
-5.45067
0.09223
-4.85882
-0.10289
-1.47476
6.54451
-2.83191
2.66640
-0.14364
9.43044
-0.65693
0.35349
-12.09222
-5.02713
-6.87598
4.13764
2.97907
-4.75242
5.97951
-6.90274
-9.48417
11.86879
9.81861
4.85179
1.86356
5.02084
3.57050
0.70595
2.11429
2.87088
6.72360
-2.48067
-1.30103
4.83790
1.46567
4.59283
-6.39255
-9.19264
3.35993
-14.03149
6.90812
-8.75093
6.64493
-6.57813
6.79934
-6.63119
-5.64238
1.05769
16.26798
-2.94005
6.02216
5.49432
-6.28779
4.38452
-10.29121
-5.86005
-7.21086
10.74032
-0.75076
2.37964
-8.17378
-8.40262
-2.57690
-6.30388
-3.67031
2.92391
0.85814
6.12296
-6.84537
2.30243
-4.95355
-7.04357
-4.42991
4.79511
-4.14625
-8.63191
-6.15346
3.20537
-4.83627
-1.26284
3.62795
-7.83312
2.38256
-1.62611
-2.20781
-11.82106
1.90800
-2.36954
-9.17309
-3.12898
3.91891
3.39357
-0.44395
-6.49466
-2.82831
2.09097
-2.45651
0.26015
-12.92357
-3.80627
-2.47992
-9.45068
6.81441
-8.94449
-0.61601
0.47310
0.16625
-19.40063
-4.20994
-5.64993
0.00023
3.96387
-3.30608
-0.94203
-3.31990
-2.53377
2.37086
-8.75943
-4.43138
-2.44607
-4.29146
-5.03316
-2.73408
8.70302
-0.61346
-2.13391
8.29361
-0.12605
-11.77174
-3.62855
5.43126
-3.42522
4.61632
2.08743
9.40117
3.31129
1.87671
-0.39925
5.69911
-0.12440
-7.81327
-0.79391
-2.32606
-12.80372
-6.92382
0.99850
1.74148
1.94810
6.56768
-4.23269
9.70497
-0.65739
-15.01008
-2.12986
-3.25940
0.33328
-1.17185
10.27534
2.84401
-3.51470
-4.30688
-0.39679
13.37461
-5.83801
-8.49005
1.08893
9.35540
4.37957
-4.20617
-4.07460
0.01613
0.32951
1.97935
-6.43749
-4.80175
-14.08676
11.85272
-10.93999
-1.00136
5.99690
-10.05622
0.67122
-10.63553
14.41515
-16.27628
-7.65558
-5.59786
7.74447
0.59932
-8.11116
-4.71861
7.32184
0.85171
2.80054
3.36425
4.33031
-0.09575
-6.19670
8.48098
0.31078
-0.81407
4.44343
-1.25105
13.40960
-3.03926
8.90201
0.84380
9.63939
0.88299
5.47556
-7.01801
-2.86451
6.84135
-4.21063
0.96795
2.37056
-12.12252
-4.84516
-3.50423
5.73641
5.09833
-8.09471
-3.01891
-8.59527
-2.97850
-5.58668
6.96829
-5.63360
-12.55576
-4.43846
8.34879
-8.58949
-2.65933
-0.30127
-2.95466
3.81492
5.88233
11.15179
4.16677
1.35958
-7.04210
6.21839
7.39272
8.14265
2.06178
4.68060
0.59559
2.24756
6.04269
-4.21774
-8.90697
4.63576
-5.97538
-14.39474
-6.47059
-1.81868
2.31357
7.06878
-0.65108
-14.35173
-5.99508
-9.06907
-3.33922
-3.33885
-1.91644
0.58185
9.40425
3.22851
-0.48541
-4.24614
-4.87564
9.91717
-2.71091
6.22140
7.63873
2.84044
-1.47865
8.53980
0.90538
-3.02755
0.84139
1.95962
1.53874
-0.94173
-3.48461
-11.19174
10.63254
0.88612
7.27549
-3.27383
4.35403
-4.46853
7.95979
12.70009
-6.47206
-6.59922
13.35505
6.62394
1.51314
-4.22419
-1.70041
-1.02365
10.18397
-7.93077
3.85255
-5.62187
8.36931
2.83371
0.48259
0.23729
-4.50158
10.89100
2.13737
-0.50687
3.52060
-8.07180
-1.14974
-11.17153
-3.70821
-3.29413
-9.49119
1.54861
-2.74081
2.66145
-1.03447
-6.80725
-0.99149
0.36843
1.93357
-1.09160
-4.39472
-1.04642
3.73634
0.39158
0.90213
6.07883
2.52646
1.36005
-2.57891
2.22759
-3.07208
0.81022
2.15077
4.87893
10.78162
1.05663
2.24384
3.12804
5.21464
5.50918
-6.12718
12.42267
2.44231
-6.73280
-4.43009
-0.30789
-0.23007
4.24063
1.50889
-4.89016
-10.17464
5.22878
2.13881
5.78030
0.66021
0.52594
-2.52695
7.73658
-4.27160
-3.16578
13.59873
-1.12721
4.51535
5.78006
-1.26835
0.00133
0.08574
5.63897
5.30590
-0.40568
0.58486
6.02271
8.68523
-7.80770
-1.55501
-2.03695
-2.32005
-0.26962
-8.74266
3.31403
-1.60333
-3.51963
0.22825
-4.84187
2.84349
-5.49010
-12.12249
-0.28881
11.87334
1.71905
13.31826
-2.86671
-10.72099
-4.66222
10.09054
2.07812
-9.04787
1.36191
7.68488
-2.70198
6.35122
11.94118
-8.45579
-0.04614
-3.17378
-3.12141
5.94062
-3.31924
-10.75675
3.92654
-1.78562
2.27911
-5.03142
3.41692
14.88001
3.69079
-11.61748
-2.32431
-0.32508
-0.45689
-11.77402
-0.85897
-0.46411
-3.86055
-9.41995
-3.95655
6.79549
2.66087
2.10387
-16.15931
-4.29440
10.99377
6.81398
-11.20829
1.51215
0.45197
12.72426
-0.62254
5.69736
12.35284
-4.20019
8.03552
4.72579
8.32282
-0.01401
11.77736
-6.24415
-8.20278
-2.36784
4.73031
-3.53105
-9.35142
17.46130
3.66993
-3.32042
-7.42843
0.34003
-8.48280
-4.57610
-5.84963
-1.42401
0.73869
-4.55929
-3.42944
1.41847
3.26199
-6.39717
-14.49662
0.34025
3.32524
-11.84455
-13.50888
-3.67794
-3.66807
-0.14199
2.50289
1.53036
-0.78096
-6.21159
-5.40981
-3.14742
-4.70080
-4.93445
-4.37663
8.93988
-8.20917
5.02790
-0.40329
-4.59359
-4.21354
-4.37292
-8.07541
-7.79259
6.18554
-0.92902
1.45889
7.34947
8.03499
2.97274
2.21937
5.42240
-6.64237
-9.95497
8.53610
7.35301
1.28626
9.48665
-7.74777
-3.43028
2.04986
3.88311
-7.99336
9.14142
-2.99648
-2.94361
-9.29810
-15.96710
-5.71900
4.68640
-2.72846
-0.59574
0.41253
11.49037
-8.02023
2.13611
1.55623
-0.14985
4.51449
0.74830
-5.64135
5.78148
-5.74766
4.32667
1.21900
-4.14918
0.85364
1.04150
-13.65301
0.39465
-1.79756
-13.48120
-0.08177
0.71851
-0.18820
12.30640
2.94289
-10.76624
-1.30321
-4.37862
1.33621
1.66277
-1.29437
9.80354
-1.50770
10.64099
3.71420
5.06224
8.66252
1.92156
-1.83286
3.76398
9.76320
0.71196
2.18209
2.72392
5.25407
5.14925
-3.17976
5.69435
6.58937
-8.47632
5.15977
11.10309
-0.98294
-14.52903
-5.89936
6.10626
-1.34477
-8.52226
-1.12668
-8.37373
-3.93327
3.00741
-5.36069
3.92778
-2.23246
2.35292
-6.91629
0.21289
-0.04213
-0.03865
-6.71141
18.21502
-11.23781
-3.87056
5.59504
-4.75638
-0.86847
2.53527
6.38208
11.10630
3.27249
4.15210
1.09587
3.53385
2.19492
-12.32775
-4.97899
-11.18412
0.16571
-5.72227
0.81225
4.82088
-4.67862
2.66395
2.28557
3.51631
-4.77329
5.04941
0.93113
-13.83559
-2.31569
-2.44487
-3.73935
-21.98532
7.74108
5.09402
-13.61189
0.28108
-4.89313
-11.74736
1.50506
-1.40507
-0.68807
2.96973
0.87390
7.66348
-8.49961
3.43665
3.44615
1.61816
2.53358
0.39110
1.34925
3.73484
8.29768
-4.27492
-5.08260
1.95417
-8.81590
-1.74636
-8.23463
-16.53337
-5.90041
12.96045
-1.80693
4.51781
-7.98696
-1.94597
9.49896
-4.20524
9.71516
2.34515
-13.10134
0.76185
-1.00153
13.27913
1.23569
4.36625
-4.11815
0.91258
-3.06579
-1.38103
2.76724
-0.32688
-1.40451
6.70619
-1.62059
7.36657
-8.43944
2.55192
-2.91335
3.63487
-1.07334
0.98709
0.55879
-5.54098
-0.05164
2.17498
4.03583
-0.20072
7.29984
-5.32210
7.75016
0.64764
5.06376
2.62848
-11.82952
1.63623
0.60487
1.90482
-9.50628
-0.24580
0.44736
-6.96274
0.31393
-3.76216
7.05581
5.25014
9.46665
-10.75180
8.21724
5.37496
-11.48242
3.87216
9.85028
5.77319
-6.44273
18.14076
-2.61368
2.83106
1.99186
-15.47723
-1.56989
-9.26788
12.09391
-5.43921
-10.91594
-1.71787
-1.35838
-7.44365
7.85561
10.93733
-12.07735
0.36656
-3.92674
-5.60114
0.79018
2.01783
3.89800
-5.16951
-0.46751
2.29412
-3.59788
-5.84441
0.60798
17.36675
4.67552
-0.71494
-8.06766
-4.28582
-3.43085
-4.56079
7.05432
0.70376
-3.99335
-4.65864
1.61543
-6.23571
2.88289
11.18534
-3.38644
-10.94693
-5.17384
-4.83673
2.24847
-2.74641
-8.14789
-1.02508
12.63849
-2.55579
7.70467
0.50738
-1.82637
12.92892
6.24090
-3.40445
5.46830
-7.65069
6.68832
11.46203
-1.55418
-11.96431
0.11970
-7.20928
-0.46213
0.15790
2.85783
-11.81427
2.65467
10.87438
-7.19203
0.77694
-9.28562
4.22762
-0.51232
1.89566
-1.17124
1.60492
-2.34291
6.25152
-0.44572
-4.40704
-1.70934
-0.06875
8.53513
-0.73692
11.59660
5.07220
0.41382
16.51777
8.59313
6.61570
9.80502
13.71691
-1.86926
2.48786
-9.43196
0.86598
-1.68912
7.05559
-5.57721
4.54770
-2.80276
-8.55272
2.95600
2.04341
-17.04994
5.26584
4.27249
1.07901
-1.94269
7.78719
-0.98648
-0.54536
5.90593
5.29599
3.15636
-9.07797
-7.24851
3.05729
1.50326
-11.02423
-19.17016
-1.62603
-0.95121
-8.10631
1.64257
-13.19943
-5.33540
-5.80458
-4.65562
-9.28358
5.78283
-8.67756
1.65179
-1.85470
5.59742
6.64996
10.51615
-2.53637
1.40578
-0.66423
-3.49797
-3.12537
6.47613
-5.80226
4.76710
-1.59667
-1.38247
7.04745
-3.77759
11.00631
5.59347
-2.11355
-3.32343
-4.93084
-3.62261
-1.19987
-0.15156
-8.88807
-8.45935
-4.82683
-1.75079
-3.16715
-10.21105
-12.92093
-9.46478
-6.07833
6.59244
13.20274
-0.39597
-4.10032
11.10904
1.26028
-10.61735
4.06239
4.70941
-1.50777
-2.33799
4.91373
-9.49150
4.94074
-1.57761
8.24466
-3.63837
-3.07845
8.17475
3.92568
1.92852
-7.41498
6.48191
-1.70411
11.26696
-3.67509
-1.45184
-9.09960
1.57137
3.33242
-2.74082
-5.56389
-7.29902
-8.30726
1.63215
-15.16954
-5.07410
10.07786
8.43497
-0.64829
-2.28730
3.49064
13.28632
-2.99110
9.34705
5.64192
-4.34746
11.07874
0.55908
-7.14991
-4.00241
8.17460
7.59848
-10.85707
-10.62755
-13.99010
5.97174
-8.88411
-2.97915
-12.32780
-0.47560
1.49372
15.95506
-0.60745
-3.81542
-5.00385
7.41919
-11.81099
2.70672
6.39169
1.85117
-3.17387
5.85822
-13.87255
2.93559
-5.20592
5.36355
7.83171
5.41411
-8.97668
-2.97710
-5.53802
-15.25756
2.77649
-6.24537
-5.16161
-3.04422
-7.63068
1.21782
-0.30592
12.54995
6.56104
-5.86912
5.24682
-6.27544
12.24610
2.90346
0.71837
-6.72344
-8.24176
2.25121
5.54348
9.15672
-1.32774
4.40253
1.90291
-1.51217
1.56134
1.47518
1.84054
4.75165
8.20397
4.30589
-2.28465
-0.65872
-1.00407
5.34535
0.07502
-4.53219
3.23567
5.24730
10.09075
1.84806
11.65509
-1.10449
-1.57318
8.37788
-11.03173
-7.66123
1.54415
-9.61470
2.85310
-1.74765
-10.81214
-14.23904
10.59000
3.88003
-18.02263
-2.76682
-9.36898
-13.64292
2.55826
-4.48065
-7.70326
-2.93252
1.03406
-0.92335
-2.77756
0.82313
-9.40133
15.22667
0.06785
-3.58094
-4.44364
-2.60537
-11.02928
-11.27848
3.66874
3.26630
-8.82302
-1.16599
-4.05725
11.84401
-10.34769
3.57706
-0.43293
-1.61848
-1.49934
7.75202
-12.92811
8.24599
4.05486
-7.85350
-6.99934
4.08092
13.11794
-0.32653
3.15564
5.66178
6.44646
8.77800
5.82268
-4.59491
8.05321
-5.85402
-0.90400
5.84706
-3.11037
-2.91246
-1.95862
8.91549
20.44219
-8.08354
-3.11726
-12.56161
-13.86580
-1.53308
-5.72261
-3.51507
2.97247
-2.44186
-5.31438
-4.72229
-2.91653
5.52568
8.45970
2.74281
-1.43097
-5.22186
14.08440
-0.09767
10.48747
1.57397
4.01004
9.11575
3.59291
11.20435
0.19854
0.55330
3.16627
12.09694
-9.45723
-16.48226
4.29677
-14.08544
2.28900
-3.54336
-0.00291
0.25502
1.70414
4.61631
-1.18187
1.45943
-7.51948
5.44310
11.76156
7.19436
-3.34357
2.52542
-9.06225
0.58162
-2.69057
-2.71483
4.74038
-9.86060
20.20556
3.36877
1.48955
8.62234
-4.43542
5.65121
-0.18227
9.30875
13.11137
-4.68291
7.88275
4.83186
1.21547
-0.95849
-0.89657
1.67870
-0.08564
-2.96758
-3.88663
3.87344
-4.84179
-10.18941
6.60156
-15.54466
-7.99174
0.85727
4.86011
-7.23891
-6.00842
-0.51233
-9.98460
9.39982
3.08485
4.26504
-0.96296
0.94338
-15.46321
-8.11614
-6.78006
-5.22676
8.59067
4.10320
2.00766
12.65868
-9.79574
15.75059
-4.92556
7.66965
5.31101
4.42487
-0.49321
-0.24120
-1.65460
-11.52257
-4.76444
-9.24657
-4.50551
-1.55583
0.35508
-1.29676
0.86423
6.12967
1.05529
3.93296
-13.24311
-3.27603
-2.23844
-3.70520
-0.10281
-9.05645
2.38685
-0.99576
-5.74926
-9.58218
1.39677
1.06432
-3.04460
-13.09659
-7.88109
-5.94116
-6.56487
7.61486
-13.45019
2.62300
7.35583
-13.29716
-3.91655
0.14742
1.78128
-1.10951
4.90026
-8.00123
7.21053
0.21131
-2.96746
-3.23620
12.67507
3.58492
3.83185
9.34803
-6.50872
-1.19215
-5.68006
-5.24024
-6.07959
1.35594
3.03946
0.99007
-2.63788
-2.17431
2.00029
-16.29677
-6.33181
1.65321
-7.74960
-9.13887
-0.66638
5.18551
-9.41548
4.31549
8.07071
4.70355
-8.28921
2.76973
7.53468
4.97960
-2.64291
3.79108
1.78434
5.78050
-6.34981
-11.58395
-7.79869
-1.14959
3.89334
-5.23531
-8.37472
-4.84367
-9.48381
-1.32566
9.92803
8.17970
9.86122
4.35205
-2.64071
-4.53413
-6.44348
-4.98451
5.20035
-1.64989
-3.74749
4.27369
-12.41811
-1.75594
1.34436
4.81019
-6.10519
7.87366
7.50355
1.03171
-1.33901
-6.52225
1.94443
-0.15651
7.03435
10.24020
1.07960
8.20391
-4.37994
-6.17541
0.33872
-4.85283
-5.60287
2.70081
-6.24087
4.34023
-5.66470
-7.71261
-6.87339
0.93918
6.12257
4.46313
14.65857
4.35228
8.83443
-6.70458
-0.19294
1.57669
-2.60601
-1.90882
-3.63801
-5.91307
-1.93079
-4.50463
8.68626
0.03288
4.37643
-10.38827
-3.08657
5.75690
2.13455
-2.98656
-8.93589
4.18883
0.13683
3.90981
-7.36226
-3.23230
6.40672
4.96239
2.33752
5.77213
-4.11847
-6.04471
-8.72902
1.09582
-7.53024
-2.51127
7.99364
10.45712
4.54645
13.00417
-5.79203
-7.79920
-3.34886
-0.25875
-10.88865
5.23160
1.09367
3.21510
1.80624
-0.86399
-5.27716
4.14888
-8.68301
-3.89286
3.49945
-5.94422
-5.80880
1.95732
-1.33805
5.71292
0.42899
2.73908
3.80166
0.10011
4.10946
0.62184
2.69785
-4.12428
-11.72863
2.95958
-2.08599
5.96744
6.95192
-4.69455
-1.47930
-0.97701
-5.26775
-2.58771
-0.23766
-9.42251
-7.37453
7.48438
-18.99199
-1.07992
-2.92806
7.97248
-3.48010
5.12560
-4.62216
-3.20179
-8.43325
-7.25103
-3.28722
8.72073
8.43843
-9.14094
5.75787
1.31549
-2.20513
-2.36619
0.10442
-0.50689
-5.02351
4.72167
-1.37658
-0.67243
5.97606
3.25276
-13.74150
-12.40222
-8.87363
1.07793
-1.52397
4.52363
-7.02442
-11.35949
11.41653
-9.10677
-3.63254
5.88862
6.55082
-5.20821
-0.21121
-1.33455
3.05394
7.76354
-3.54712
-8.53955
-13.77909
7.57895
9.29922
-0.09053
13.98646
6.20226
2.75785
0.36101
5.99902
-0.02612
11.65100
-1.95676
-0.94998
5.12661
-4.04452
1.90793
-2.92689
1.36873
3.58983
21.40639
-13.11348
-4.76471
-5.33064
4.06869
2.28245
7.49070
8.89423
-2.04512
-1.24192
8.55176
3.93645
6.36566
3.15504
3.40217
5.48110
-8.28712
-3.44379
0.78555
4.59812
1.64300
13.55070
-0.90006
0.25740
-2.55856
5.08046
4.33745
-1.12230
3.76414
6.04969
-5.95391
6.82623
-7.19192
-9.78636
2.75408
-0.99373
3.68792
3.51219
-8.05950
4.87629
-4.62818
-0.77218
8.66594
3.19077
-6.51846
-5.32477
3.06797
-0.03033
2.63358
-3.65977
4.86816
-1.61419
3.65254
-7.93099
18.72540
-8.27645
-4.17127
-4.42243
-2.82324
6.01370
-12.57693
4.89138
-4.01373
-5.11474
7.22407
7.53974
-1.60613
6.84319
12.11318
-4.74214
0.44190
-9.38149
-1.59082
7.53735
-2.47710
3.43974
-5.19859
-5.47013
1.55266
-4.47227
7.52624
1.37325
7.29747
6.50384
9.08477
-4.88058
-0.96863
-6.56452
0.09214
3.21826
5.07634
1.19248
-6.22232
-5.12499
0.81779
3.39551
7.66007
0.52352
-2.15074
-7.67335
-6.53148
1.57235
-9.45403
8.18052
4.49155
5.83372
3.39289
-15.08035
0.47788
-4.56347
-9.60806
1.68546
8.88643
-4.77877
1.90992
-1.43521
3.47833
-13.85643
-2.93219
7.95265
-8.17817
12.27772
6.75553
10.44501
1.26026
-2.65698
1.69415
-4.50491
-3.46172
2.20460
-7.51718
4.66073
2.64939
-12.27776
-5.25614
2.08265
-1.75541
-6.26165
3.84083
3.31397
0.80149
5.75921
6.89321
1.08902
6.65475
0.67118
-1.04797
-4.85825
7.03011
-10.46857
-1.78109
0.88148
-14.59242
-4.06414
-0.55249
4.53231
5.72130
6.58970
-0.33521
4.13044
-2.24599
5.52474
2.45395
4.90135
4.18766
-19.04716
-1.47038
-0.33791
-7.71733
16.35446
-12.18241
6.91881
-0.73422
-4.16557
-11.67306
6.49329
-2.29361
-0.53443
10.52295
10.82946
6.85921
-8.52771
-11.74537
4.85812
15.75116
4.80385
6.42927
-3.32635
-1.35911
0.99480
5.86662
16.09403
6.84979
-0.63069
12.86615
9.45945
6.97600
6.12777
3.86804
3.84990
7.94677
-3.73108
-5.00833
-4.33243
3.69164
0.38093
0.44977
1.26633
7.43292
-1.79096
-4.28315
7.87959
0.59035
-11.53570
22.88827
-6.39624
1.43519
5.35611
-3.32046
5.80316
-3.52734
-5.99848
-0.97837
-3.00079
6.01442
2.32729
2.60648
4.27710
8.98453
-7.87423
0.37870
9.08052
0.88731
-2.44243
3.19861
-11.71340
-4.68351
-0.84540
-5.97434
10.90892
-9.66180
11.54552
-13.36191
4.48799
-4.59102
0.51729
-2.33465
5.49509
3.81566
7.82358
-1.49138
-4.44105
-6.28224
3.37133
0.53085
-10.74576
-0.07320
0.80854
6.01230
-3.60242
4.12054
7.98415
5.06825
-8.72290
2.96108
-2.78106
0.44249
-10.96374
-10.80470
-2.98674
-12.93131
0.14368
2.06830
7.84911
15.08663
1.46720
5.10569
-2.46697
-1.26219
-8.42570
-7.27303
13.14942
-2.71894
-8.65170
1.09308
1.69862
6.42233
-1.53032
7.22591
2.83955
3.43851
0.08824
17.01355
-4.73138
7.62758
0.00058
18.54843
2.26171
-8.94059
1.69827
-1.03807
-4.52387
-5.69575
2.19506
5.26215
-0.71190
5.95060
0.43888
-9.47773
-3.41187
4.74916
-1.03959
1.98027
-4.13629
5.32717
-1.93488
13.97494
-3.32506
-2.82695
3.64904
-11.02499
4.92876
-3.94602
8.39502
13.48052
-3.51390
1.11651
-0.50027
-0.05171
9.21842
0.93967
2.78966
-4.76307
2.25183
-5.76155
-4.07402
-3.70180
-2.54134
12.76986
-5.98977
-5.41864
6.05499
5.98637
0.37634
-5.64994
-0.98745
-0.30402
10.71365
6.76985
-5.36110
6.82950
-1.11449
-3.55922
10.07820
-0.10461
2.78427
7.79011
3.94973
-0.71721
-2.07651
-4.89385
-13.42155
0.44695
-1.72801
4.92850
10.38297
-1.75725
-1.40864
13.03024
-4.76542
-14.30874
-12.56378
2.06332
2.81245
4.01148
-2.82141
-5.10350
2.84317
12.38409
10.41973
4.85947
-1.50063
-4.39973
-9.02329
8.93128
-5.06474
-1.29258
-10.64543
6.34205
-3.40859
-3.27144
-0.43535
2.14876
-0.36439
1.72800
-2.90610
-7.18902
0.71001
-11.69338
0.50860
5.40426
-10.35155
6.91772
-0.74104
-9.13742
-5.35365
-3.56994
-4.60025
9.57374
-5.46900
0.94977
9.02741
1.12007
-6.90754
-7.44458
-2.05430
-9.49262
6.90079
-6.90743
11.19691
-3.65682
3.13903
-3.54205
-13.15614
-7.75179
11.55249
2.59187
-5.36395
-1.69660
-5.11544
-9.40167
-8.96752
-0.07199
-6.93929
6.89180
-1.42888
-2.55246
-3.10620
11.94194
5.94659
2.26639
-1.67098
2.98887
-0.32338
-2.79011
-3.47869
-6.37002
5.39430
-1.24016
1.73230
-5.10274
8.05718
2.95951
-0.77336
-1.75497
3.51270
9.12900
-7.72038
2.94732
-1.88794
1.53751
-4.38198
-0.24449
7.80009
-1.04445
2.23805
-1.98134
0.65610
-2.76602
4.77287
4.01354
7.20890
10.58554
-0.64545
-2.02010
-2.42466
-6.97178
4.30648
1.11428
-4.43248
8.38778
3.63448
-2.82662
-4.56416
-2.12950
-1.37429
-14.31488
9.29414
-6.45604
-0.51161
-4.80891
-6.99122
4.45122
-9.03245
-6.40267
7.23729
1.56235
4.39726
5.82201
-4.25848
-4.52741
3.11783
5.26592
-0.48084
-4.89944
-1.11868
0.53658
5.54599
-1.27278
1.80772
2.10550
-4.67375
2.20465
0.79418
-0.36032
0.65491
1.00296
-3.20498
-14.89060
-6.85643
-6.82231
7.45024
-3.94792
-8.66332
-10.93487
-1.85905
4.78793
-6.99088
0.90284
-0.75392
-2.92175
10.57600
2.82894
4.35281
1.61010
-4.50834
-9.02186
3.05882
8.38808
-11.19036
-2.70407
-9.24319
2.86869
8.61607
-2.91904
5.62771
-13.12804
7.00151
0.14232
1.00263
3.29578
-10.85370
8.90685
-4.79208
-3.36880
-7.21263
-5.34139
-2.50625
12.78069
-4.49844
7.46889
13.98614
4.38821
3.07624
9.20256
7.85495
8.20804
4.17358
3.11247
-1.00908
4.71451
-1.15115
-10.68204
2.33154
-7.16876
1.81396
8.86890
-9.69935
-1.79011
-3.34929
6.09506
-5.50036
-4.65166
3.31995
-2.43577
3.22760
-3.89030
1.49002
-11.54576
-3.62584
6.70833
-13.65786
3.35098
-4.13274
-6.56787
-0.05698
-6.79300
0.35911
7.39942
-4.76847
-3.25980
-6.75645
-0.88016
3.48286
-3.56482
0.69428
4.02763
8.00445
2.07097
1.24378
5.45340
15.60730
-1.45980
-0.46988
8.95499
-2.04109
-2.11872
-2.96870
-5.29054
-2.64127
1.31332
1.83558
-7.62867
-7.09476
0.91073
-3.75904
2.40277
8.94989
-0.70983
-0.44940
-4.21352
-4.90417
10.15841
0.91350
1.75260
3.43641
2.17095
-10.53507
-9.73057
-1.68928
9.36754
-7.34394
0.16084
3.03245
16.84089
7.12362
1.82674
-12.94064
12.08577
4.01235
-3.49318
-14.03250
-8.24166
4.05450
6.81299
3.21470
-2.76475
2.93480
13.65353
12.11438
-2.13082
3.70788
-0.44541
11.28322
-11.00266
8.34562
-7.26455
7.13853
9.70403
4.44610
7.57519
8.22164
8.57812
-3.53703
2.24621
7.83409
7.02542
-4.39862
-8.47251
2.72607
9.31160
-3.86977
-2.45017
7.17868
2.80779
-13.94261
-5.02020
-4.86471
4.34490
-5.28359
3.51297
-3.95864
6.65151
-8.04944
-0.45442
1.29953
-5.87651
-6.26691
4.31871
-13.29745
-6.43830
5.30425
4.87274
0.86145
4.63869
-11.50078
-8.24019
6.90502
-7.94195
6.45736
1.58125
11.95256
-7.00966
-9.10143
8.08516
2.77791
-3.94481
-6.58447
4.83702
9.23322
2.32429
0.39237
-1.77316
-6.71125
1.79023
10.75983
3.66700
-1.70006
-0.26264
8.77146
-4.56696
-5.02416
-7.82291
-17.39624
7.85311
-3.20076
-1.83286
-15.64573
4.46780
-0.44781
4.88875
-0.68033
-5.92434
-6.15391
-4.66261
6.84909
-12.92869
-0.09854
-1.77731
-1.37917
8.01998
4.25539
-4.58547
-2.48991
1.23695
-1.70449
-0.97222
0.38170
-1.17840
-2.58898
-11.55205
-7.22003
6.46612
16.20868
5.02127
-8.72451
13.15764
7.59264
-4.05603
-3.44098
-2.58594
8.90849
-6.97642
-1.72615
3.44908
-4.49319
-4.44520
9.78170
-10.24703
4.70358
4.44132
9.10777
-3.10231
-4.90321
6.26588
-13.62421
1.08511
-3.44899
2.16719
5.19069
5.30765
-2.07072
1.32945
1.95030
2.53525
-7.39547
9.50324
-2.77485
1.06915
8.11399
-0.80824
-1.81746
-12.39643
4.17153
5.39862
1.12316
-10.70862
-11.52445
5.49349
1.25833
-8.07804
8.67345
-9.25867
-8.24618
-9.80181
-0.15426
-12.04038
-2.15978
-4.11631
-0.42317
0.27701
0.37978
-6.33718
-16.64481
5.35114
8.44908
3.41141
-3.88135
-4.71762
-9.40966
-11.07198
7.14912
0.17920
-3.81798
-12.32576
4.94922
2.59462
15.90640
-5.90826
7.61498
3.66685
-2.47569
2.10168
7.32692
-12.40916
-9.75891
7.62627
-5.39003
3.81102
-11.32450
2.64311
-6.15693
6.72556
-12.20240
1.50691
0.79555
2.30332
-7.38055
6.91214
6.62696
8.55487
-11.52420
-1.34472
0.93456
-4.86461
-3.97601
2.71011
1.92197
-0.15593
-1.56686
8.75894
3.73893
4.77182
-8.11296
-9.60306
-2.56702
-6.87450
3.87869
-2.01668
-0.14916
-3.01254
7.65896
-8.17777
-0.04962
16.77961
6.80092
-9.04190
7.24462
-2.39849
11.28776
-9.24033
-1.89833
0.24500
1.12408
5.59984
-15.02996
-1.42066
3.23983
3.87340
-1.98761
-10.13631
3.00109
4.97806
4.80076
7.81011
-2.47164
9.61451
-3.53965
-6.25070
-3.17113
-4.04997
-5.16807
5.00278
8.57649
-9.57211
-1.62180
-5.76043
7.04811
3.86134
-7.09406
8.22423
3.32056
12.58985
-10.46785
-3.70528
3.10026
1.89628
-1.76110
7.56041
10.09646
2.91444
-5.72552
-12.86307
-4.42885
-0.00386
9.70941
-1.57114
-0.92220
0.18074
11.60556
16.08189
-3.20767
5.74249
6.74057
-6.99068
-4.42844
3.81384
-3.83561
0.45192
4.84081
-0.13757
3.40407
3.18464
4.98845
-2.93944
-6.94001
-6.35779
15.42615
9.35709
-11.09153
1.42426
-1.42116
8.14954
13.20791
-1.90752
-7.36665
-4.52094
0.39491
-5.05990
5.19466
-10.39554
-2.79380
-18.50538
2.79700
6.50598
0.09272
6.70012
-11.76129
0.26829
4.00780
-3.71855
4.89442
4.67073
-7.88065
0.94830
11.95194
7.44409
-9.39311
4.92404
0.08203
-2.21497
7.02784
6.40201
-0.40987
-7.32727
-2.71084
0.40379
5.44864
-9.18312
1.70197
12.81394
3.82156
-9.50655
-4.30017
5.86620
-1.49861
-2.49468
-2.15323
-3.75374
2.03462
1.64300
-3.58538
-1.78809
-3.64163
-12.35109
-3.44802
6.68097
4.69481
4.17486
3.59883
-11.04399
4.81226
0.38314
-2.10273
8.44932
0.06663
5.86123
-4.08777
-3.55220
-0.40109
-0.28010
-0.16746
0.70327
5.27690
4.65499
5.19618
-15.33830
0.81833
6.89751
2.01869
-3.54927
-0.64913
-8.92514
2.95559
-2.22233
1.90857
-14.39826
3.16548
-5.27245
7.42974
-7.17137
8.97421
1.31125
-9.24849
-7.58203
-4.61730
10.77728
-1.33817
-0.46225
2.28046
11.42343
-3.64909
-10.12359
-0.28346
-9.63029
6.83990
-12.47445
-1.02093
1.57075
-14.96615
4.63725
-6.64594
11.73841
1.78077
2.34902
4.45121
-2.12266
0.38526
7.68712
5.88507
0.03602
5.82915
11.22579
13.14929
-0.56855
4.94754
2.48667
7.22081
7.04071
3.31875
7.20099
1.83738
3.77360
8.28178
-1.79383
-8.77610
2.76249
5.32130
-3.51335
0.73858
10.01103
11.43123
-3.96612
1.52381
8.58861
-13.17976
-0.38551
-8.59297
0.00867
-3.27746
-14.17487
0.78568
10.12186
7.31051
2.29508
-5.23390
1.41174
0.00705
2.24705
-5.07308
7.06760
-0.31124
12.48755
7.02577
1.29626
-1.49763
4.92992
-6.68353
6.03725
4.10745
7.40120
-7.85042
-9.40657
-8.02121
-0.29242
13.22120
-2.72236
-1.93421
16.45772
-2.20257
-1.24165
4.95424
-1.13647
-14.57500
-2.39883
-5.14831
-1.07839
10.01890
-3.08865
-1.78172
-0.09701
3.75124
13.81169
7.27515
-10.52055
5.64672
0.92412
-2.00216
8.13377
-2.21092
6.72903
-0.28127
-3.50844
-3.11581
4.13380
1.44441
-2.96800
-6.76785
-5.57323
8.73830
-4.22178
-4.09180
8.30205
1.58667
5.18879
7.51551
-6.17465
-1.77742
5.25832
-0.88029
-2.23220
2.22686
8.98252
-9.02658
6.19623
5.99849
9.74174
-3.29578
-3.46149
-0.67155
7.80311
-3.95384
3.98245
6.53403
10.56721
0.60120
3.79694
8.49428
0.48937
-2.65990
13.46775
-11.02677
1.56555
8.72258
-0.53001
-4.94265
8.48289
-2.38574
-7.51484
6.62348
1.01154
-5.32462
-3.93556
-6.67543
-2.00852
-5.53265
9.76402
1.22644
7.20702
-11.98482
-7.65504
1.91945
8.76710
3.48817
-7.01364
2.55910
-0.44782
-1.69272
-11.70503
-7.55249
2.42805
13.42696
6.66970
-2.44823
-5.90341
-0.27892
3.13266
0.09693
7.09115
6.12804
-3.09389
7.92544
-0.35829
-9.47456
3.33912
0.08926
-5.89761
-4.76140
0.22117
-7.60763
-0.23867
-3.46968
-0.33200
-8.02603
-5.13341
1.54174
-9.22813
-0.32106
4.28036
6.32612
-1.58907
-1.15446
-4.96514
-5.63422
1.57582
5.18768
5.03200
-13.63495
7.05321
1.07842
-4.25428
-1.26820
-3.74530
0.60745
4.49776
8.31174
2.91346
1.50793
-0.89126
15.85172
0.89864
-8.81476
-6.04265
2.92695
-9.77151
7.74901
7.73310
2.42506
-0.78592
10.76378
2.99823
-3.65256
13.29238
14.19290
0.73089
6.03272
0.18670
10.67383
-5.27724
3.74361
-15.13181
8.14425
1.00150
-5.12404
-3.12761
5.52963
4.20859
5.26691
-10.77717
-6.74289
-2.89453
3.23624
5.46129
-1.28479
4.65789
-3.01918
0.49470
4.26620
-8.62795
-10.38936
2.84833
8.75718
0.21111
-7.07702
0.67254
-21.34725
-11.22670
1.42228
0.57277
3.97257
12.98748
-3.22657
3.93911
-1.10685
10.99516
1.92285
2.66485
0.55255
11.96559
6.17463
2.56747
-11.38917
-5.99222
-1.74829
3.48173
9.79912
-1.43179
-2.47296
-4.32213
9.93966
-9.22021
-3.96969
-10.86809
5.25271
2.59403
-8.11042
-4.96664
1.76395
1.38944
-9.58324
-4.79286
2.59554
4.86761
-5.00694
-5.49963
0.97705
0.37192
2.52837
1.22504
3.53385
-7.22202
-19.01900
-0.10009
-18.82842
8.98630
2.57933
4.95188
-2.88181
7.71059
5.23896
-6.60924
0.58808
4.40163
-15.14754
6.32189
5.22454
2.59317
-9.39617
1.02877
-4.11647
6.69181
-5.89253
8.68163
3.23429
-0.61832
-2.10210
-2.84701
2.24236
12.35079
5.53166
7.95285
-0.41702
1.03306
-1.84801
-1.35914
0.04943
10.52582
-0.00009
1.15827
7.67294
4.56660
4.56652
-4.47669
-10.79972
-5.34866
-1.43446
-0.64972
-14.88617
-3.03809
8.73992
-4.84201
-3.39831
2.46754
-4.61056
3.40329
-5.31828
4.63486
-9.09032
2.59824
-7.78148
3.04440
4.84937
10.64436
0.02198
-3.79029
-3.89029
-2.63676
-0.02930
-1.28715
-1.31552
-11.29173
-2.47385
9.92981
-11.98707
-5.57844
2.48488
-0.24018
-8.25951
6.34851
-7.13777
3.29931
4.68746
-4.17797
0.20450
-1.37776
-9.43384
3.05316
-4.59031
-0.69895
-4.21606
1.75099
-0.45156
6.80280
2.16446
10.94864
-8.61293
10.44404
-4.02517
-2.68328
-1.03214
2.22546
-4.71347
-2.70006
-1.16095
0.12663
10.58518
-1.85710
3.01135
4.37746
1.18757
3.10510
-2.98679
0.89002
2.33119
-5.60533
0.38439
-4.47601
-20.55915
-0.27119
0.26734
-11.82551
9.82679
-9.91101
1.38049
-1.09844
-0.08314
-0.40728
1.62115
3.09820
-4.79770
3.61972
-2.83195
-2.92393
13.85729
-5.83833
13.96372
-7.64966
-3.42153
-2.97443
-3.68983
-4.31157
1.37248
-4.70989
1.92787
-6.72935
3.38850
-1.39066
-1.27166
6.48053
-6.63534
-0.34340
-11.19538
1.14090
-1.93677
-2.93071
8.43031
6.81815
-3.59679
-17.30164
13.80184
-14.89471
5.46005
2.98913
3.90401
-6.55945
-3.29826
13.63408
2.20520
0.95894
0.46758
3.64928
-17.76696
4.30144
13.25979
-7.56994
4.55917
1.61439
10.22596
4.22761
8.91685
-6.72381
2.35016
2.62986
1.66104
7.25924
-2.41181
0.59808
8.54996
0.73991
-17.29966
-7.21212
7.58756
0.21937
3.84304
-5.41498
0.59138
-3.39626
0.35822
8.00908
-7.86071
-7.11721
-12.28116
-7.12391
-3.17223
12.16892
-5.16474
7.09545
-0.59569
-4.33348
11.41543
-5.04626
8.87796
-5.55468
-6.26412
-3.23939
5.54974
-0.98963
6.71057
-7.82526
2.77522
-5.83892
-6.68412
7.02996
-3.32224
2.11394
4.77554
4.23900
4.73034
5.48712
-1.00041
3.45069
-0.76603
13.33967
6.63736
-9.75919
-5.25980
2.11584
4.25431
3.46508
-8.96362
5.50614
-2.12836
10.94144
-10.63759
-5.19365
1.04143
-4.72951
0.36286
7.41681
-7.63749
2.05206
-3.24101
-1.31012
-9.94243
2.39922
-5.96787
7.14630
-4.65579
-5.34377
2.80173
2.83735
-4.03345
2.42630
7.35847
-3.18770
2.47388
0.53121
9.53145
-0.61519
11.57816
-0.81834
2.10323
-0.63949
11.04545
5.87079
-0.55089
-3.05502
0.59086
-8.07572
-2.81773
-1.75633
3.96233
-4.84248
1.21858
-1.40691
10.62637
-6.48671
8.55808
0.02717
-8.67923
-3.12579
-7.22061
-10.40858
-9.86901
-6.71344
6.33042
-3.53400
2.89311
-10.17665
4.17397
3.19162
-9.61874
-3.69819
0.28418
7.12332
1.81963
2.51466
-1.02397
-10.89566
-12.19398
-4.88494
-1.65678
13.27399
4.21786
0.86269
7.77789
-15.32502
-0.54131
11.48344
4.16528
-0.99730
9.61574
-5.29209
0.80198
-4.90918
1.24902
4.35764
-1.74677
4.38434
-4.08296
9.00950
10.89243
12.40988
-5.05178
11.37490
-4.87860
4.43952
7.90610
4.30211
-2.24565
-9.00153
-1.60024
4.71847
-1.37379
-7.78645
-8.74926
-1.94525
-3.40652
-1.23801
-0.44717
-4.93274
4.72802
2.09401
2.68245
4.78230
-3.33002
-6.03273
0.30330
-8.04351
4.63323
19.50723
1.17357
-9.46028
-4.23576
-0.91672
-8.36513
-11.26556
-7.84841
0.96683
9.01052
-4.11770
-6.98763
6.12942
-3.73421
-0.60295
8.01955
-0.02033
-3.68338
4.78317
2.01148
10.04724
2.73055
6.00285
-1.36659
3.50656
-4.95454
10.68375
0.96989
5.66993
6.87525
1.67976
-9.95346
-3.70881
-7.55884
9.75021
8.04468
4.52491
2.77652
2.60551
-7.31904
1.74964
-2.85573
-0.36369
3.70893
1.71986
0.41180
0.27291
-5.71098
9.60135
0.11160
-0.99225
-8.69977
9.04117
2.87972
-4.52838
-14.50937
1.64650
-9.97100
-8.20955
-2.86567
-0.11808
5.26728
4.47199
-10.91923
-2.55131
-6.50742
-12.79665
2.55015
9.02796
-6.58664
-4.36632
5.98121
-0.82644
3.79705
-5.93651
-7.33824
-5.08880
1.02497
-6.75148
-1.78339
9.18380
-5.10263
0.18974
8.46594
-2.98500
-4.53521
-8.95448
3.68105
21.65936
-1.84355
8.49455
-5.39180
4.70624
-1.09952
-1.38607
-8.41596
3.57551
-11.76936
-2.05844
-5.75864
7.06271
3.14694
-10.23265
-7.57388
-9.38286
9.39902
-8.76375
3.77074
5.62541
7.95509
3.76055
-6.67018
-0.13156
0.29618
1.69223
-4.13043
1.36352
-0.76358
4.82513
-0.17001
3.79671
0.08851
1.77825
0.58527
15.44336
4.88715
-2.76865
5.86341
0.97530
2.52844
3.18709
13.77563
15.87040
-5.07524
0.24220
-4.10012
-7.13585
-5.71842
1.52527
5.44700
-0.54360
4.65392
9.50518
-17.28763
-6.70288
2.67722
1.17064
2.26546
3.28548
-0.75884
-1.35530
-5.93210
3.83511
-11.37913
0.54981
8.23959
-4.09940
-0.39234
-2.76770
1.90542
-8.13521
-0.33922
6.17550
1.57364
5.23546
-8.39531
4.36101
-4.32015
5.85559
-9.30756
0.30819
15.13893
-1.66309
3.54152
1.20650
2.44685
-18.76144
-4.70920
-0.77800
-8.79589
7.36703
3.21068
-2.97793
-11.17607
3.66689
4.73934
6.75459
7.99384
1.59080
-4.14907
-19.66388
-1.13879
-7.67517
2.17122
-1.13335
6.25691
2.32774
5.62198
12.17557
0.16543
-3.59272
-2.72916
-4.02432
1.95059
5.39185
2.96696
-10.07075
-0.67120
-9.35574
6.57679
-0.45004
-0.74616
1.00874
3.77937
-3.05562
0.27686
-6.92628
-5.67257
1.37143
3.23929
-4.06009
2.11877
-3.31939
15.96435
-5.03951
5.35447
-4.08690
4.93670
4.54252
-3.95100
-1.95559
-8.10633
-9.57789
-2.14560
8.23884
1.28504
-2.72759
9.49715
5.68628
-3.64648
1.86894
2.83221
-10.83707
-4.32850
10.18105
-1.16988
2.87813
1.18172
-4.69041
-3.01979
-0.25493
4.93816
7.41525
4.46912
-9.00981
0.59783
6.85306
-1.56633
0.21563
7.00333
-1.49230
-10.32422
2.38041
8.28361
2.93564
11.08740
1.78533
9.42929
-3.17584
1.92436
1.39047
1.94272
12.02729
-3.09800
-8.20604
-2.69024
-3.65247
5.72314
0.81352
-16.06426
-11.93008
-6.55493
-8.58373
1.32626
-4.50515
0.64753
-8.01740
1.54607
-7.16838
8.63534
-14.19823
-2.28986
-2.05428
9.45291
-3.54021
-11.19998
5.99750
-6.87265
-6.47713
-7.73078
5.39532
4.56501
-3.57436
9.55488
1.56395
-3.40494
-7.15177
-4.19548
-3.43608
-3.37668
-1.06250
-0.45515
1.91028
10.27772
-8.98396
-12.24685
-5.91453
11.84100
-9.70757
-8.52894
1.10338
-10.72600
-7.96589
-6.97073
-1.36302
-10.25016
-8.25501
0.94843
-17.17518
-12.57856
7.68979
1.83368
-2.71163
2.75148
1.06035
1.80136
15.09497
-0.38902
1.18381
-2.34637
2.59864
-2.65679
6.00331
7.91818
-5.05211
-5.62988
5.95343
2.30179
-0.91904
1.32291
-11.16578
3.79884
8.45314
2.20799
10.01201
4.99231
-17.04256
6.26283
-8.00167
4.39180
-4.69090
7.04516
1.95189
-3.10797
2.00989
-1.86555
-4.57614
-4.18009
-3.02289
14.64532
4.70093
-5.79668
-9.96469
-5.33366
-1.04551
-7.29635
-0.87862
0.33930
-5.20646
8.18755
8.43196
0.96471
-8.69350
-0.84563
3.81451
-0.44380
-12.98499
1.25753
9.59947
-0.24973
9.14582
2.94226
10.83664
-11.05008
6.11633
15.80988
-8.53598
7.96909
1.57700
-3.93414
-1.59849
6.21156
-2.44257
-6.10511
6.34701
5.34657
3.77978
6.53877
2.11113
-1.33675
3.69002
-1.59668
0.40526
-0.99801
2.51715
3.10710
-5.15495
13.38498
-1.69699
9.41969
7.42921
-6.83475
-5.97092
12.99800
12.62180
8.08037
4.61433
-2.17995
5.42839
-4.61074
5.15196
-0.43444
-12.10250
3.70039
-0.67864
-2.88770
3.59393
2.90561
10.36849
1.19283
-6.43603
-11.37908
6.30167
5.19136
-1.32851
0.81364
3.44072
6.54005
4.41203
-10.44156
7.46015
-5.45474
2.38070
0.21630
-1.83794
6.27149
-2.79288
0.31637
-0.55282
-5.35650
12.37575
-9.63800
2.54878
-1.74608
11.23628
-4.57386
8.65325
-7.93001
1.67435
-5.66652
1.51956
5.36194
-11.19019
10.02131
4.75506
-7.14264
7.50160
7.43231
1.13727
0.82728
2.51548
2.33496
5.66790
7.79603
7.31460
8.77642
7.42563
-3.53813
1.75777
0.62655
-13.26612
17.18960
4.23599
-12.33613
-10.93855
-11.09444
-1.02839
-14.87794
0.32375
1.20819
-0.42827
-6.28201
-8.80350
1.58887
8.97729
-6.55164
-1.36478
-4.58506
-11.63797
-2.49715
-4.51817
-13.62340
-2.94464
-0.23009
9.86225
-5.91936
4.85530
7.01029
-2.32937
6.42063
8.09100
9.00505
-3.52978
-3.59563
0.48070
4.37146
-13.36838
3.52730
-2.91980
-5.55333
-9.96527
-9.67161
-1.99001
-10.43140
0.73289
-7.18430
5.64453
11.95271
-15.45744
-3.61446
6.18024
-11.74695
1.44443
-0.07146
0.55003
4.71010
5.26129
-3.39059
4.13314
-2.58275
4.13433
-4.03250
-4.51318
-4.51653
-6.87897
-1.01515
7.30557
13.28784
-3.42539
6.25609
-6.68675
-8.89072
-11.06535
-0.24751
9.90475
9.88278
2.78786
8.50513
13.58456
1.75349
1.81979
5.26418
-3.64261
-5.80890
17.57532
7.01384
-6.68366
-6.00632
1.82260
1.00653
-4.43779
-7.42482
10.86090
10.12174
-11.22677
-1.08843
-2.91627
-6.41018
-11.27311
1.54453
-6.33019
-11.64368
8.73919
-3.07033
-0.57675
2.63483
2.66997
2.34719
2.67878
7.48910
3.73577
-8.78138
-15.71925
0.00494
12.06776
9.05773
-2.82855
-3.15792
17.61605
-6.86044
-2.65428
1.30388
4.76128
-11.62376
8.89785
3.93756
-8.83021
-5.04760
6.03031
10.26349
8.98143
-0.77369
-3.57071
-0.20102
4.67174
7.01579
9.02750
-6.95727
-7.03137
-4.39168
-6.84098
-9.15919
4.71614
-13.02460
3.32547
0.82574
-7.81083
8.60284
-8.82773
-4.53979
10.64852
-4.59485
-13.29881
6.72008
-6.55833
1.05798
-2.02578
-1.87363
8.50826
-4.98238
1.17793
0.24745
2.65267
-9.07413
10.00497
11.49975
-3.44944
5.03252
0.64254
-6.76645
13.91139
-0.14283
4.31850
9.26870
5.49579
-3.93818
-7.81928
-3.33200
3.10306
9.11990
1.95058
-10.93097
2.73873
10.10919
10.29032
0.91119
14.95759
-2.43479
-0.28802
-2.42581
-4.89228
-6.51805
1.68704
-8.38934
1.05363
2.70381
12.29952
8.77430
-15.96703
-2.05952
6.15610
-4.65397
14.45822
-2.88761
0.79196
5.95964
4.43773
0.16221
-7.84276
2.16872
6.07754
1.37081
-3.07704
2.09301
-6.17093
-0.55417
-0.38289
15.70944
-4.48047
-5.03280
4.99303
-4.17517
3.30526
8.09341
6.46433
-0.43541
-9.12674
-3.53041
1.49551
1.02421
-6.99442
-5.11194
4.06274
0.13087
-3.42246
-4.41015
-0.45890
-2.10883
-0.88528
7.45719
5.74373
1.58523
1.36640
-1.24517
-2.91894
4.07354
7.28356
6.51663
-9.10259
19.16475
-10.96461
-2.09085
1.13938
-0.15331
2.68877
-3.31171
16.67379
-0.68994
4.63188
8.42163
-0.21173
3.51162
12.56459
8.03266
2.29918
-1.37667
7.09491
9.93787
-8.59780
-0.71726
-4.20899
12.41776
-8.88659
1.56668
10.59057
6.63996
0.22892
0.60937
-9.66769
13.37066
6.49845
-4.40112
-0.50158
-5.51626
8.34591
7.85528
1.65217
7.19397
5.53937
-1.53344
6.20803
1.45972
1.14413
-8.63668
-10.33784
0.48274
-2.89784
0.43890
5.87512
-3.79836
5.47112
-1.44373
4.01711
-5.19530
-9.01391
-3.37800
-0.20735
-2.52627
-8.00543
5.04717
-4.29530
2.60007
7.15718
3.65095
-2.65146
4.09491
-2.14729
-1.84942
8.56554
-2.16451
-7.04058
-0.62141
-1.95943
-7.05132
-1.92569
-10.97500
-10.82174
15.58149
-9.83154
-4.25580
3.90108
-10.37186
-6.51904
1.57696
5.72398
-9.75730
-12.32103
5.77913
3.00086
5.11563
-4.23302
-4.05866
5.12655
1.26729
3.62913
10.01768
-6.49693
-3.32288
0.69510
-7.34753
-0.78903
12.27917
-1.14390
-5.43723
-5.85982
5.52624
4.21273
-7.18968
-0.19029
-2.00367
-2.88357
-6.30712
11.33823
4.40616
9.11902
-1.87405
2.56952
0.94180
9.50090
4.04721
-2.89002
-3.53950
-0.46919
-2.26989
-1.48439
1.40863
10.72515
8.16041
-1.99320
-14.36507
-1.85441
-0.35587
-18.13607
6.40034
3.00962
0.65158
-4.51181
-4.51942
-3.72799
11.51923
-5.18644
-1.06368
4.42721
0.10456
-20.35115
-4.35150
-10.42177
-7.42824
7.28730
-0.90001
0.32634
4.19637
-5.49242
-6.84580
2.63647
-11.02616
-9.60462
1.17714
-6.79245
0.94530
9.00708
-4.66594
-9.57531
-15.34261
8.71234
5.05311
-3.11721
0.68081
-4.21987
9.06195
-7.95363
-4.87560
4.31313
-1.21330
3.88868
-4.60307
10.34476
-2.95993
-8.14950
2.87093
11.31808
11.68993
1.35611
-2.20218
7.71060
-4.96123
9.89810
-1.89597
-3.37772
-8.63315
1.56246
1.76511
7.11204
1.54415
-0.61856
-5.93099
-1.65924
9.43356
-0.13653
-9.26101
-7.98850
3.09218
-0.40251
-0.38273
-3.37779
-0.64827
0.90676
-0.16873
4.39891
2.63251
-6.66411
-3.41219
-13.60320
-11.95362
-2.58819
0.48978
-14.64967
3.17662
12.23431
-11.57273
7.62640
4.08586
3.27124
-2.11766
10.58377
2.87025
-6.44339
-8.71877
7.79760
2.29797
-0.82733
7.70444
12.42406
-13.00971
-3.48312
2.44968
4.64182
15.19995
8.84637
-16.32244
-1.03917
-1.86326
1.55049
8.62542
-0.99135
9.87286
-2.40599
2.81373
-1.92386
3.64519
1.70052
6.49301
5.47454
-5.51247
0.62625
-1.95204
5.04954
8.38761
1.93463
4.15026
-2.81434
4.53887
-4.45795
-8.61648
7.53542
-9.90904
-3.09191
-13.62910
0.59196
-7.20635
-1.11156
-4.84428
-3.07040
-3.02644
5.33024
-4.29783
-10.32236
13.49661
7.48805
-0.07667
-2.93353
-6.79023
0.97061
4.68353
3.73575
-3.60741
2.89566
-6.09698
-5.56168
-3.52838
-0.83534
2.57118
-9.92727
1.33658
-2.14422
-0.37957
2.74524
-8.78676
-0.96889
0.23737
9.13524
-4.81464
-4.36561
1.86959
6.75916
1.26500
0.86734
0.03130
-0.97030
-8.28244
-0.46953
11.55457
-5.30717
2.36762
-6.79946
5.83220
13.69385
0.51840
-6.11839
-1.12260
-0.49743
-5.59696
-9.31618
-9.76835
1.86875
-9.99137
7.62488
-0.09268
3.45639
-3.93642
-6.57566
-4.46131
-3.64144
-10.35396
6.36829
1.08351
-11.57130
-2.76699
2.51016
-7.83724
6.05523
-0.55771
2.80866
3.70819
-11.69826
8.56454
-5.60318
3.82795
-0.54031
6.81520
1.93907
0.56139
-2.00369
-9.01422
2.37066
9.35321
7.15209
-9.68458
3.09092
-5.67395
-2.87008
7.23152
-12.56174
0.84965
-2.41162
-7.07319
-0.31164
-9.19161
-1.51273
-8.93139
-0.57736
0.74418
13.04835
4.01422
0.85955
-1.58525
-5.44122
-4.46895
0.73676
-7.08977
-2.17572
-2.76037
0.37484
-3.01032
4.81823
-2.77907
-2.05857
3.90716
-8.91331
-6.40932
7.10296
2.78003
12.40354
-9.67186
-6.68947
-7.87640
-14.53080
-4.13561
0.39660
-3.13047
-3.54872
-7.52596
-4.40455
3.12429
-6.22709
4.77235
-3.39515
-4.54318
-4.34533
6.70544
14.67064
-7.76068
0.76044
11.09991
-1.26834
2.97570
-6.77797
-7.60272
2.08508
14.60291
1.21954
-13.49122
0.59345
-8.61347
-3.21317
-4.52954
-2.35437
3.85163
1.44870
-0.80007
2.84797
7.65200
4.02686
-2.34448
-12.80332
13.21626
6.81348
12.88161
-2.08003
-0.57372
4.33431
7.41076
-2.82931
8.37139
2.60353
-2.25205
-8.83230
-2.15799
-3.62454
1.40523
2.71739
-4.96679
-6.34122
8.18155
5.06728
12.16768
-9.59732
5.26676
-1.44075
-3.54583
6.30939
2.84685
-12.05976
-1.31702
5.48073
4.91355
-1.85511
10.13028
0.13469
7.36537
7.70192
5.56232
6.52104
-4.13676
-7.94615
7.12723
5.31599
1.29672
-4.41366
2.40164
-4.55767
-5.49567
0.81743
8.48960
-5.29285
18.99058
-3.42367
1.52437
7.21327
-10.33312
8.49125
-3.51389
-1.86817
4.68414
7.14845
1.77025
-9.13583
-4.48835
-8.73446
5.95036
4.45219
13.18583
2.19350
6.51068
3.68550
-2.45557
-4.00518
1.40696
9.90888
-4.56265
-2.24629
-4.35611
-1.76217
1.21368
-11.90436
1.70672
-1.56354
1.02046
2.69480
-13.12595
-7.44753
5.23348
9.01641
4.90882
-11.16927
-13.56367
-0.71116
5.05479
3.88819
-2.12594
-8.81026
-1.97547
1.63116
6.30919
17.01988
2.67898
-1.32589
-0.36640
-10.65014
-8.86148
-1.11712
3.19549
3.10745
0.05318
1.94178
17.76244
6.02685
0.37372
4.72297
-0.91202
-5.68916
14.31192
-15.93795
-2.82012
3.55630
-5.11340
5.13479
6.48874
14.01406
-4.86755
3.34896
-4.84359
-1.18330
9.63942
-11.53366
7.57181
8.51079
-2.06496
0.57926
5.85781
-1.12382
-4.40765
-3.04055
6.91819
-7.64971
-9.29508
-10.63584
1.90567
3.26444
12.33041
6.67692
0.20477
-4.09333
7.70925
-4.45532
-2.99931
-10.80486
-4.94064
-1.63045
-3.22498
-3.40022
6.28738
-14.45435
15.07880
3.26995
-2.15265
9.76553
0.95819
4.45832
11.10276
0.61139
8.99658
-4.73099
-4.14599
-5.20472
8.91671
0.22121
3.01063
-4.89400
-1.81755
5.08355
-5.75698
-0.18985
-5.44673
-2.80544
9.43390
-2.19254
-0.29842
-0.57826
4.42071
5.03240
2.70736
-3.48169
9.74991
3.66718
8.61419
-11.51822
9.67725
2.95778
-1.22175
-0.46390
6.82772
-9.13653
7.65633
5.63459
-1.08632
-7.99685
-3.37880
2.29359
-2.37600
-10.93422
-1.98521
-4.29299
5.04211
-8.04340
-0.27936
-11.08814
-0.28104
4.13665
-2.57037
7.18773
-3.53027
6.93332
-2.18059
-1.58194
5.60673
-2.56598
-4.11615
0.66705
-4.99311
-5.44950
-5.47805
8.95202
5.81474
-2.75705
-7.45888
4.68042
10.04504
-2.76321
1.18927
2.30901
-9.98460
-13.67256
-1.55011
-4.33675
-10.88968
12.01172
-5.98439
9.47277
1.92268
11.91620
-8.13562
-6.99473
-2.19152
8.25247
-9.69685
-1.49170
0.75233
3.36860
-2.47448
-4.60860
1.04335
10.76113
2.56098
-4.87880
-0.87933
-7.40557
4.86583
3.17729
5.81450
2.56320
-4.45963
7.54705
5.64269
4.82403
-5.58840
-11.79453
-13.18997
4.50156
0.34562
-6.78254
0.99992
-2.10340
1.94059
-0.36474
0.40041
-15.43293
-2.25767
-6.53830
-0.53028
-10.83079
7.36740
3.08510
-1.88334
-4.17792
-11.11669
6.84610
4.43429
-13.31187
5.11808
-4.05131
-5.64927
5.79922
18.47209
-7.62410
11.09525
11.72823
4.14751
7.75807
2.62352
0.85127
3.49636
2.69348
-5.65061
17.10123
-10.51895
0.09031
-8.20761
9.25625
-5.18726
-15.93699
2.22353
-3.08253
-5.52950
0.15045
5.06638
0.03808
-3.23949
15.40428
1.56823
8.96532
5.46960
2.41505
-1.96083
-4.41367
2.93824
-2.38479
-10.09335
4.04795
9.88519
-8.32331
-5.51200
-6.79993
-6.38268
1.40217
0.87771
5.05647
5.61749
12.37504
-8.89162
1.73397
15.24275
-0.94500
-11.45578
-10.09507
5.85846
-10.21964
-2.38462
-5.95976
-3.21048
9.60721
-1.69022
4.07366
-8.87506
-3.61276
0.34463
11.63648
4.83042
3.35384
-1.82382
-5.29742
3.21103
-10.19911
8.79138
-0.70898
-8.26541
-3.97230
1.93285
-3.32165
4.90339
3.93593
2.68512
4.39563
-0.30451
-13.30167
-4.81165
-2.66263
10.36369
-0.40815
-0.71800
10.92079
-0.99734
8.74464
7.88909
-7.82649
-1.91253
1.05499
5.46454
-6.47051
-0.81834
2.16954
8.43379
-6.04721
-6.06022
-4.91577
-8.67581
9.52216
-7.29111
1.47168
9.46172
2.34945
2.95273
-7.08236
2.41237
5.93493
4.19929
0.18631
1.22629
-8.18777
-4.21040
-2.85379
20.47992
4.03517
-2.14951
0.31589
1.39408
-0.70427
-7.08608
5.72730
8.75075
-12.69546
5.74325
4.74270
9.07399
-0.74415
4.39768
-0.57178
-0.58873
-14.93813
-1.49012
1.23468
-0.55653
3.20303
3.04490
-4.60913
-6.06280
-11.12518
-2.19537
6.57351
6.25706
-1.44368
2.82142
7.91379
1.91957
-4.92385
10.16420
3.30263
-0.23289
8.27759
-8.26016
-1.25989
1.62994
1.30004
-9.98127
8.28483
4.09345
-0.25557
-0.54121
9.05009
6.34950
11.28635
-7.80390
3.53042
2.54026
1.21672
3.23542
-3.46721
-2.72718
-8.81703
-8.91394
10.39344
5.98290
1.77108
-14.08902
-1.02184
-7.36326
-1.98250
-5.23179
-4.58224
2.34437
-3.48691
3.68421
-4.88187
-3.39431
6.85543
3.85403
1.73180
10.97222
-0.84065
-11.80461
-7.33700
4.92677
-5.27046
-6.95951
0.24559
-4.97959
0.67699
3.06856
1.51232
9.22671
-7.89390
0.54590
-2.04412
1.32848
-4.84920
-4.23240
15.87177
-1.45333
-5.39770
-2.59961
-10.08581
-0.24535
-10.68752
-6.42201
3.05007
6.60665
-0.18566
10.19607
-5.78275
-6.84776
-5.03149
-2.09302
-4.54846
2.43550
-10.58689
-5.04717
-3.73675
-3.08926
-0.41919
-0.55997
-3.88724
-8.08147
-20.86173
6.43366
12.28755
-2.38674
-2.07597
-5.58259
1.88210
6.18586
12.24489
9.92420
0.51064
-0.04025
6.84214
4.59571
2.13536
1.84717
-11.00226
0.18821
13.46900
-0.06573
-2.54365
10.68653
0.96740
-4.04480
1.59694
-6.79581
-1.68391
1.44530
-0.86325
3.69849
4.51964
13.23440
0.63715
-8.97800
23.03173
7.49795
7.07068
-4.20155
-2.95507
-9.33670
6.97135
-10.67405
3.81628
-0.86159
0.72508
0.12791
3.34559
-2.37138
-6.73381
-4.52600
-3.46100
3.93308
5.06757
-7.64170
-2.42688
3.67492
-3.30752
-8.08220
9.41228
-5.17234
4.07696
6.85542
2.12493
5.42422
-8.45881
-1.21152
-1.58252
0.75581
1.80204
-0.05680
4.00826
1.69575
-6.33486
-7.14792
-3.82320
4.44083
2.70075
6.74369
-6.93899
2.04946
-11.71256
-10.14509
6.55282
2.71358
10.18236
2.34129
-0.49030
15.63547
8.96611
-5.95372
-8.85781
7.92673
-6.54535
10.48873
5.90721
-4.43659
-6.68333
-8.66895
-2.15375
2.98646
8.56239
-10.97498
14.27177
-0.61580
0.63818
3.84036
4.19019
-4.76844
-3.12294
-10.93447
7.02137
2.43438
-1.80106
-10.71761
-1.17768
3.48533
-0.22049
7.81358
-3.64146
7.42566
-5.12705
-6.74748
-7.99534
-2.14847
-5.43640
-3.55663
-1.33203
-3.97092
-0.63362
1.49336
6.36769
0.41742
-1.71792
1.80713
0.41000
-4.15923
4.80209
-0.92002
-7.57729
7.20321
4.80765
1.58992
1.42144
-14.18224
-3.99449
-3.35912
4.80162
-1.45309
-5.66549
3.17886
-2.91355
-0.58737
0.56759
8.53548
8.42023
7.46199
-7.82922
7.18841
1.57014
-8.33516
2.20534
3.28808
-3.51923
0.94760
-0.61778
7.52002
-0.64966
-12.76691
9.33146
-12.95680
2.81153
1.31833
-12.04406
-8.29446
3.64571
0.60876
1.77681
-0.58484
8.50148
2.48123
4.32502
-2.64777
0.12523
3.28267
-2.14842
-11.46491
-1.39495
-5.19221
3.05130
1.96649
-6.46632
1.78503
-8.79371
1.33095
3.04939
8.22798
4.16497
0.68566
5.94212
2.53412
-1.46192
1.32208
4.18482
8.60016
3.74298
-11.21432
2.57676
8.17245
9.01286
4.34207
-5.35640
10.32008
-5.86177
8.14725
-2.47391
-1.34957
0.51115
3.70967
-6.35185
1.14629
0.24590
-10.41824
-4.86435
2.07711
5.44970
0.39746
-6.29755
4.40081
-2.19602
0.30936
2.05375
-6.58509
0.73280
1.32575
-10.30206
-1.16336
-6.29295
5.13264
6.21032
-8.43795
-0.92968
3.39807
-0.14076
1.36087
-10.55510
-1.33493
2.24741
2.38514
-0.96078
6.11761
4.13119
14.39090
0.43491
3.48516
-5.55664
-3.63308
2.51018
10.26340
-2.75503
3.69651
3.17639
-7.19131
-0.08911
9.75705
3.96168
-1.27403
-3.84167
15.08450
-5.55924
-0.08968
3.71729
-8.83018
-1.51938
5.37171
2.19060
-5.55998
-3.30336
4.99977
1.95159
-4.08545
8.37197
0.33318
5.22759
0.58034
-6.04371
6.86906
2.79238
-18.74969
5.43891
-5.28087
5.81622
-5.90962
5.03240
-3.77009
-17.62633
5.56700
-11.28749
-0.48402
3.62598
-0.38316
3.10471
4.21826
-6.45081
-13.48201
-4.43279
5.58833
7.38573
20.41636
-2.75449
3.08612
5.73116
0.30826
-1.64448
-1.56880
8.81319
10.18534
8.17983
-0.80155
4.78759
12.09541
6.07821
-7.22147
-8.97828
-3.24537
-18.36537
-0.01689
5.59453
-13.09181
1.78956
5.09445
5.78109
10.46633
-9.99800
-2.47335
1.60007
-0.32140
3.86794
-2.51096
12.86522
-5.05863
-10.56921
-0.67792
-1.33071
-2.57667
5.86774
-7.88662
2.05143
-1.81931
7.17376
7.69860
4.62668
-2.72283
-8.82066
-5.04178
7.57407
3.58484
-6.31941
0.37158
6.63097
6.36384
-2.79321
-0.87793
4.85807
4.51652
-13.33820
-3.00104
5.56212
0.96579
-5.90294
-2.62248
-7.74561
-6.71062
-2.39791
-0.63599
-7.01080
-0.34351
-3.58885
1.36474
0.73704
-0.25145
-1.11192
3.59095
5.08488
-8.53978
-0.23587
-5.03184
11.66992
-3.67872
-1.49911
9.30421
9.02228
5.49757
6.18209
-7.89418
-13.36641
3.98721
-5.65447
5.38012
2.90451
13.59923
3.83246
-2.48347
13.23985
-1.76652
-0.31076
-5.17833
-3.59560
-4.90145
-2.15775
2.81276
-8.03745
-2.91827
-9.42369
5.45404
-5.76168
5.37226
2.18593
-6.02969
10.97827
-8.13388
-22.66937
-3.31568
-9.24310
4.00641
7.01804
-10.62432
-1.80611
8.26051
8.81074
8.23146
12.84408
5.15518
-3.52225
-9.12199
12.17287
9.16355
-0.53311
-3.83128
0.20360
6.45848
-6.56625
1.68300
-2.79206
-2.21602
-4.67677
-11.11725
-10.84878
-4.30889
-2.19591
0.29728
-5.67593
4.42012
-1.50201
-2.33390
3.24700
7.28242
-2.16679
2.06756
1.86011
-1.42953
11.20268
-12.25323
15.76951
-1.51074
-0.37201
-11.97068
-7.61824
3.75516
-1.83939
3.37771
-4.85849
-10.08950
-19.40383
1.11814
-1.37149
2.60105
6.66577
-6.68558
-9.28025
8.96293
10.49151
5.66719
-4.00773
0.81430
-4.03575
2.95444
-8.79383
12.26031
12.39883
-7.38813
-9.59877
-9.68633
-0.43873
4.98226
7.82858
-6.91338
-6.39399
-14.04455
2.63385
-7.41363
1.85972
-6.11957
-11.37057
-2.42085
-4.89913
-7.55318
-4.68025
-0.70725
-0.88236
-3.34870
-15.66029
2.15929
8.81635
-2.55669
4.30432
2.48166
-1.26978
-3.67602
4.78513
-6.16272
1.04382
-6.12415
-1.44012
4.31320
-7.63465
-4.02489
2.25279
8.24666
-11.77061
5.81640
-0.26923
0.26685
-5.45572
3.69194
-7.30764
-2.40300
-5.00374
-6.35826
11.63838
13.15828
4.65689
-3.79673
6.94945
14.27201
-1.13757
2.96080
-6.05177
-5.71768
0.01588
-0.47388
3.62080
-9.63933
-1.82364
6.22863
-3.33091
-1.78471
4.39859
-8.99836
0.28069
10.95446
-9.81283
-1.03414
-7.70142
-12.40842
-14.95449
-11.02871
10.55597
11.69842
-1.67752
2.06825
-8.59411
1.85386
-5.26407
-12.11687
-3.15538
2.70755
-4.53494
3.46834
5.43106
0.11152
-10.44319
6.82154
4.33430
-2.00853
-1.61549
3.68690
7.51693
7.25854
8.59319
-0.14521
9.02006
-9.91309
10.67428
8.46870
-13.80133
0.92560
-11.17265
11.37359
11.22298
-2.65184
5.28616
-7.13971
9.08561
-1.57330
8.64740
0.57684
-1.63031
-6.69119
3.49673
-6.15512
7.34354
2.37268
8.88349
4.75211
-11.01464
4.09212
2.07667
0.01838
-1.83634
-2.74946
6.84330
6.74489
6.76987
10.39900
-1.25211
3.72780
1.49759
7.60095
-1.97577
0.18866
-6.54015
4.16041
-5.76723
7.34232
2.21636
-3.26567
7.76019
4.24832
1.81526
-5.53860
0.38382
-0.99828
-2.07108
-4.40658
-0.11092
3.40102
16.91328
-8.52088
-5.96129
-12.09194
13.24642
-0.14141
-2.70885
13.25904
2.33731
11.10708
2.45166
-6.78714
-3.29337
-7.86732
-5.29975
6.35067
7.41933
-1.87912
4.42246
6.15015
-3.98325
-5.25009
9.96875
-8.51278
-2.73217
-0.28821
3.77063
-10.98433
0.22135
0.60003
0.35305
-3.43593
-2.53821
0.83687
1.96881
6.07418
-1.97688
-10.98100
3.07400
3.45754
7.44505
-6.64883
7.96217
1.21122
-3.06465
-10.16195
9.75418
-1.89211
2.11808
-3.81601
5.44279
-1.86454
-10.40351
2.31978
2.06963
3.81288
-2.07921
1.47650
10.02552
-7.38653
-1.47168
-7.00818
0.66913
9.88821
-6.91124
-5.44144
-1.26117
-1.14075
-0.78428
4.04841
-3.92772
8.15118
-6.59920
-12.71595
14.94149
5.43053
3.17875
13.81321
3.56074
-5.23283
6.17435
-1.43669
-5.75760
1.15992
-4.30081
-0.75354
2.27162
-8.24931
5.09249
5.59050
-6.71155
11.88618
4.55914
6.61849
8.14153
7.41007
-11.41255
-8.36924
0.58183
12.73444
3.33812
-6.85720
10.93973
-5.03182
4.05876
3.35871
6.52863
-6.41746
5.83764
-5.05752
10.87135
7.19419
2.32398
5.69610
-1.41710
-6.17760
6.16430
3.54843
4.64670
0.86833
6.14107
8.37559
1.52248
-0.78636
8.07392
2.16717
-2.19181
-0.84520
8.30904
-3.37337
-11.17194
-1.04177
-9.29637
4.20596
-4.41806
1.50061
-0.34062
-10.00297
5.80996
8.94850
8.75024
-15.06606
-3.45057
0.54853
1.17301
5.78078
0.26715
-17.75127
5.33485
-2.42269
-0.84141
-3.25607
-6.60323
-0.49917
9.06806
-11.97305
-4.23492
-9.01119
1.52738
-8.05871
3.50057
-11.49472
1.09320
-3.37788
9.62749
5.08471
5.45905
-4.08186
-0.74225
3.21038
-10.97526
-7.97170
-0.07533
-2.34012
-0.45437
-8.49172
-7.63317
-2.38797
-10.01827
1.17136
6.94293
-5.96188
-10.77652
5.70038
-1.16208
-0.40080
2.03333
1.27985
2.87401
-4.03684
17.86536
8.74425
5.48892
1.74160
7.26164
-0.09059
-8.54806
-3.25666
-5.07162
-7.82008
-4.28136
1.37371
5.83377
-7.28990
-11.11741
0.48764
15.96805
-12.30068
3.25076
-0.39640
-2.39800
-6.60775
-9.60962
-1.24188
6.51511
3.92809
8.05570
7.00462
-11.77204
-6.97885
-7.46798
-0.79349
-6.98958
-3.76762
-7.63893
0.26762
-4.60946
-1.84489
7.35389
-1.27252
-6.04949
-2.76048
1.96212
4.83049
-4.41978
-5.16367
0.98139
-3.67621
-8.01394
-12.51302
6.20965
0.18820
-10.24857
-1.37384
0.67424
2.29557
-17.53831
-5.86979
-1.54701
-0.92180
11.98058
-13.30569
-6.38201
1.00139
-0.13764
-14.71977
2.85538
2.49950
1.79565
2.23007
3.16447
0.96666
-2.49543
6.55816
10.78667
7.76735
-6.36498
7.11849
3.29704
0.23503
-2.69876
4.16083
-5.01165
2.22937
-4.79719
13.98036
6.95636
4.45087
-4.12886
6.17631
0.12731
-8.19622
0.95271
11.23477
-1.51452
8.34015
1.26561
-6.90635
6.65426
3.03290
-1.33757
-7.83964
5.22922
7.36699
3.07104
-4.69422
0.71599
0.30908
-0.47250
1.19460
2.98233
0.91599
-9.69946
4.93053
15.09579
3.07751
4.61865
2.26088
1.90676
-1.92185
-8.04091
-0.60796
5.48752
4.44003
1.66462
-0.78371
-1.73816
5.81581
-7.77961
-0.90883
6.26049
0.94749
4.75082
-6.55387
-23.90050
-0.82571
-2.49153
-7.50170
9.32854
-2.91311
1.68962
-1.81531
13.58456
1.11240
6.64545
-13.21520
1.98606
3.04638
-1.00911
1.14239
-1.06814
-4.49978
-7.14022
2.04232
2.76594
4.66751
2.99970
-13.95198
1.37271
-6.83810
0.79195
1.02200
-0.25420
-12.98306
0.43132
-4.81502
-10.23247
14.66817
-2.61777
7.05421
1.43731
-14.97689
-0.76292
2.20214
6.22470
-1.70430
-3.49053
-1.73594
6.89623
3.22718
-5.46782
0.37795
9.64202
3.36794
8.29671
6.00882
-2.46714
-0.77210
0.16599
10.61971
2.97486
0.46584
4.31815
-0.41075
2.05853
-3.45876
7.61985
-8.14635
-4.78938
3.11787
2.47548
-0.75499
-6.57187
-2.39289
-2.12369
-1.72542
-1.41122
-3.41392
7.70422
-11.30069
-10.21169
-3.89535
9.52475
4.55960
-2.02612
2.99934
2.11041
13.40313
4.29886
-3.75973
-1.61223
4.67577
4.76028
8.99204
7.49586
-5.11437
0.98474
-2.76186
-3.66636
-2.24309
11.60014
4.94228
2.55993
8.70694
-10.61490
-8.53489
0.60143
7.45864
2.16093
-2.88039
-5.32894
-8.79838
7.45527
2.57478
7.68488
1.93181
-3.27767
-0.83649
-5.81271
-0.08708
-5.30160
0.02260
-6.93866
3.25139
5.06331
-3.21903
9.08621
1.04462
-3.87120
2.59294
-8.83259
2.68744
0.20054
10.15132
3.06793
-5.31589
9.80713
0.30803
4.65371
-8.42639
7.11207
-8.15402
10.21011
-6.49906
3.09709
2.20541
-1.85558
3.60223
9.68554
-8.92648
10.49185
-3.32052
2.32394
4.82042
6.08035
-5.72777
-0.25576
5.01450
2.52203
-5.42741
1.90489
-5.77140
12.49061
5.71296
1.39095
-3.25758
4.48873
-1.70918
-5.66834
-3.18734
5.35397
4.15686
3.27061
-8.82670
-4.33618
10.56297
-0.08182
0.09084
7.64236
1.87845
2.85458
1.04338
-2.21573
0.71645
10.01634
-3.77865
-6.88326
-10.10921
17.49198
-8.32102
-1.93857
4.67619
-3.50221
-7.38051
-3.11091
0.78636
-8.68866
-1.31898
13.42432
4.06843
-0.21591
0.67167
6.08737
7.84600
12.06661
-0.91221
10.46001
-2.66785
1.76354
2.24046
6.02341
-0.71637
11.43605
4.28534
4.04310
7.29600
-2.82344
1.25683
-0.69681
-9.19983
3.03236
-0.82325
7.09141
0.61378
3.95944
-8.46683
3.38834
2.64450
6.04433
2.35997
9.35426
-8.28797
-0.05055
-2.96178
-8.45409
-5.56024
-11.73454
4.08844
5.19922
-8.84509
12.59790
7.05452
3.11155
-8.17723
-0.74071
6.76194
-1.46550
-7.68130
-1.41625
2.66163
5.13302
-10.50065
-6.41817
-3.79805
13.26294
-1.17984
-1.40009
-2.29546
3.51026
-8.61841
-7.30861
-5.20896
1.82946
7.31296
-11.15350
6.08294
3.40861
1.39346
-14.71135
4.17710
-5.04577
-2.37527
-9.91379
13.10816
-2.14445
-0.69014
0.38231
-6.48343
4.58564
1.41112
9.70981
-11.27282
-0.29957
3.17146
3.52958
-1.86609
10.38991
4.77125
-5.14834
-2.93332
-1.53317
-8.57593
0.88436
11.17951
-19.87249
-3.98897
-1.35556
-2.70866
-4.15480
-9.26450
-7.07326
5.79236
-8.61918
-5.32959
2.79640
-2.70109
-2.30889
-5.52709
-10.68064
8.06785
-11.65931
10.38451
3.83372
4.00413
-7.48972
-1.99445
-7.06847
-0.74641
-6.26875
-2.44435
7.92457
12.83422
-4.13506
-7.33231
-8.27257
6.04790
-2.54765
3.45139
-4.65606
4.89508
-3.64897
-7.63830
-2.13847
2.14090
10.03535
-5.09105
-2.40854
-1.12705
1.85509
5.82439
12.16276
1.75239
4.18398
10.50252
3.24245
0.59564
4.57952
3.75249
-2.14192
3.91848
10.41526
2.04046
3.62319
-3.67223
-7.83698
2.28903
-3.62202
-12.19832
4.73644
6.87766
11.77162
7.61061
-5.94065
-1.79925
6.86197
10.95145
-8.21024
-4.79905
0.78127
7.03943
-5.25711
7.66033
-1.65349
-0.89630
-2.40302
-2.88056
-5.22311
-5.31042
11.85752
-1.33753
0.79488
9.31515
4.83649
2.86236
13.49937
-0.13589
2.52126
7.18025
4.08615
-0.85422
7.81453
10.84544
5.74294
-8.71802
3.80336
0.24597
3.66409
0.19808
-5.83601
-13.09277
-0.76701
-4.03190
-10.38701
5.16006
4.78837
9.93152
-1.47362
5.47933
-1.69402
5.80336
-10.11183
6.69369
7.11398
1.81017
-12.98757
-3.26613
0.32686
1.72969
9.46641
5.09082
-7.27009
3.81932
3.87337
9.74605
-0.08808
4.73398
6.85034
-9.60553
-7.34310
4.84889
9.17287
-2.23956
-5.82482
-3.05994
12.66889
5.87794
-1.72831
4.03812
14.07854
2.02546
4.85416
-0.88926
2.47205
-1.78169
7.60661
-2.46130
2.67832
7.29468
6.50484
-6.80251
10.77419
6.56953
4.50408
-0.13780
-2.56011
10.19026
1.58247
0.33362
-7.28739
-0.55845
6.38792
-9.75209
5.74690
0.89951
11.01862
-2.14073
-3.56659
-1.97136
1.50045
-0.55441
4.51251
-5.48748
4.19218
5.51158
5.25103
-0.32191
-11.54190
0.90348
1.07914
1.83111
4.61375
0.76023
5.26727
-5.76353
-4.60031
5.28072
13.45197
8.00283
5.97828
12.97985
-4.96792
-5.58075
-8.67776
1.20531
-3.16456
16.80728
3.60042
-9.40103
-2.53059
10.15404
9.38656
14.93797
-14.16188
-6.42029
8.24513
-4.49126
-1.96581
4.82599
-2.05770
0.74603
-8.70391
0.56187
-0.50507
9.52943
-8.82566
-12.64220
-1.98819
-7.14420
-3.20801
1.10144
13.04939
-4.35900
-4.88190
-12.40304
10.90041
3.03410
-3.82964
-8.76443
7.40088
1.39549
-12.28347
4.44809
-9.74125
-9.86443
7.22456
5.07580
-2.30632
3.48091
7.93037
8.74431
-0.44931
20.43932
4.33261
-11.72427
5.26400
1.65313
-1.94120
5.73011
4.76863
2.32081
-1.38483
-5.34013
-3.58719
4.67919
11.70158
0.13769
-5.42703
-2.60209
-1.27623
0.31273
-6.20294
-5.41395
3.41512
-5.53728
18.10829
4.03823
-14.00491
11.17813
4.31005
-3.79945
-7.44176
-4.70387
3.16791
1.21549
8.51404
5.82885
-5.62273
-12.61325
3.97766
-3.10978
3.73325
-11.79868
6.64806
7.30258
-3.27242
-1.67224
1.28135
-2.16315
1.08398
2.55665
-5.14824
5.48885
0.80033
4.26450
5.83689
-6.08446
-8.26985
-1.43286
-4.86369
-5.63165
8.30900
-4.39111
-13.08537
-2.76290
-4.29735
-2.43002
-2.08130
-2.31936
-13.19479
7.66332
-5.07943
5.94690
-0.93191
3.57285
-1.08194
-3.49763
-6.78403
-1.35757
-9.67412
-4.87188
11.48822
13.39502
2.72308
3.20049
-0.10198
0.86320
-4.44239
6.56378
0.06051
2.11683
2.83452
16.68505
2.76415
7.31950
3.23498
-5.53278
6.51949
6.43638
-6.80060
4.07113
4.55897
-1.00322
7.35088
2.82065
3.15388
2.13166
-1.53836
0.08754
-2.64482
-5.25810
-4.05904
-9.44622
1.70901
7.31622
4.56701
0.07888
-0.25563
-1.79242
0.75844
3.60206
-4.52216
-2.58755
9.91071
7.27606
-8.34614
14.05077
-1.18672
3.73690
3.11262
-5.05844
-6.56124
-0.71744
5.41730
4.76506
8.56002
0.83346
-8.50228
-7.49668
5.41899
9.84417
-5.21809
2.21099
0.80563
5.81601
2.08268
5.57845
-5.26461
1.38513
-2.49146
0.24044
-11.98292
3.81066
4.62842
8.25504
-0.15627
9.15397
-8.66410
-3.09481
-0.86177
6.05713
-6.07226
9.37333
-2.59159
2.02187
5.16909
2.12761
-3.02471
-6.65824
-0.73639
9.68681
0.45952
0.74721
-5.40018
3.73960
7.80174
-1.30780
-5.50173
5.48425
1.47227
16.40351
2.17022
5.41443
1.57562
8.25324
14.89276
-6.59274
2.12496
-5.99281
-1.14350
-6.20018
5.79243
0.75749
12.17205
0.11761
15.65561
6.83192
0.52192
-4.20948
-0.22948
-4.77656
-2.87713
-7.92501
10.56299
-13.26183
-6.22099
5.54645
-8.96919
7.24213
13.57608
2.77486
1.88998
-1.34404
1.07285
1.50606
13.60264
1.21029
5.59456
-2.29360
-16.62110
-2.66513
0.34911
9.93907
3.34159
4.90635
0.92302
-0.19982
-3.15206
8.22947
-11.45814
-2.78300
-2.21744
4.80967
-2.94831
-2.04691
6.19334
-4.72739
6.65046
-2.94344
6.20246
-9.74992
4.83961
0.46800
9.97303
0.07179
-7.42910
-2.95953
-8.34777
-1.35091
-2.56693
-14.98578
-10.01065
4.63322
-0.53124
-2.40559
-1.48653
8.62336
2.85445
1.70878
-5.05601
-4.89140
3.82261
4.74975
1.79347
-1.09794
-2.59837
-4.16187
7.76040
1.49195
2.73072
8.22374
6.62233
-8.70151
1.54972
9.41942
4.81599
-9.12832
-1.98510
1.53823
-10.53543
-7.20368
3.21793
6.43413
5.07618
-1.83684
2.21891
-7.32124
-4.17338
-1.03292
9.24978
6.20448
-5.54684
-5.48548
-3.82534
-6.45505
-1.32178
-3.80391
-9.23038
-0.32378
5.61371
-4.58333
6.13014
11.40959
-2.25821
8.47700
12.76104
-7.31965
5.24056
2.83881
1.45621
9.06525
-2.14852
5.63364
3.40434
-4.56736
-0.46991
-4.20364
15.17358
5.34201
-1.42342
-10.11019
1.01855
0.88045
-9.25001
-2.60750
-12.46551
-4.99084
1.21284
6.54835
-2.44810
6.70674
5.72851
-3.12321
-6.17757
4.65698
-8.16777
-2.83045
-11.16444
-8.45462
-10.60792
1.61730
2.19392
5.37812
4.17160
-2.56374
-1.07545
8.32787
-8.81628
-4.75717
6.58671
-7.20458
0.76232
-1.73058
-4.20450
3.68773
-8.56671
-3.18044
-7.20444
1.73625
-8.72408
4.99860
-10.35160
-2.70096
-8.19138
4.72910
-0.24852
3.83219
-4.96100
4.19797
2.19385
13.48253
-11.01247
3.97166
-4.88563
2.02669
-8.16334
-4.15005
2.28148
12.17387
-2.55132
-10.31340
-2.32101
0.64947
-10.38330
7.13768
3.06519
-4.55862
1.88068
-2.94606
-2.75139
-10.37572
-6.32584
-3.47609
12.66093
0.41309
-6.80873
3.38666
-5.40940
-1.78582
-7.38877
1.95601
-1.61584
-1.35026
10.37673
7.81849
-9.78583
7.56426
5.41004
7.49847
0.71799
4.08678
-5.99376
-7.42552
5.39205
4.60090
0.03302
-4.24080
-4.05553
-3.00381
3.78137
8.46290
4.58327
-14.20097
6.07044
-2.02310
-0.37927
6.76437
0.24785
2.28113
1.35007
4.54686
-9.49497
1.72702
-2.96404
6.71457
-8.14249
12.25876
3.10621
4.95171
4.74338
-0.45721
0.54103
-6.85890
3.38272
4.82422
3.65696
-6.31243
2.08460
-8.01570
-11.01009
2.10374
-7.98418
0.21931
-5.81239
-8.73386
3.33568
-9.76768
2.88654
-0.10424
-0.11584
1.34501
-3.87224
2.90642
-2.73659
-7.00454
-0.96511
-15.35236
2.99260
-10.97357
-3.67042
1.26966
-4.18271
7.11110
-2.13868
18.20967
-0.35735
1.76451
-6.65182
7.15171
12.84516
0.05112
-9.54409
3.51700
9.55029
-1.71063
-3.59563
-7.08089
-2.18124
-6.64185
-0.67552
5.14469
-7.21157
-3.21096
-8.15855
2.73111
-3.53433
0.45296
0.48549
-4.07430
-9.73348
-9.01804
9.54389
-0.42624
-3.90187
-7.82360
-4.66699
3.00629
3.72035
-5.25837
-3.08835
7.66071
-10.70548
-11.55039
6.88075
3.49035
1.04257
-2.15348
-2.07177
-5.06547
8.45542
-2.63184
7.11092
-9.91244
-2.70149
-1.85206
0.35842
-14.99997
2.13254
2.93320
-9.36787
-0.08653
14.60875
10.35546
-7.35196
11.55246
4.59700
3.09012
-3.99105
5.21144
2.92799
-2.74091
4.17809
-2.56482
5.12414
11.52227
-5.23400
1.53735
13.61779
0.52584
7.58148
1.87706
8.68554
5.08721
1.66656
-8.19123
5.80785
11.25223
10.90637
-11.75567
2.55931
-3.21875
-7.07725
-6.24198
6.18363
3.59968
-3.20133
-8.90947
1.93480
6.52310
-9.35276
4.15240
0.63401
-0.21321
-5.39359
-0.29300
5.29255
0.71316
-4.28067
-3.62913
1.47111
-8.61078
-8.65641
0.26693
-3.83166
-3.13180
-3.38528
-1.01468
-1.37141
-2.08130
7.94502
0.37957
-6.79789
2.37625
2.91972
-1.23291
-4.36605
1.34690
5.91614
4.77384
1.90821
-0.48261
-11.17414
8.54403
-4.03996
-2.95096
-6.18494
-3.69444
-8.29688
-2.37381
-0.36974
1.68759
-3.03561
-10.28539
-7.39404
-2.43552
-4.75986
-1.21047
-15.67843
-7.89762
-4.21179
-1.46950
8.11648
0.22493
-9.95982
13.54091
-7.40435
-1.12474
-7.09295
-0.80049
2.17371
5.03084
-6.36669
6.84515
8.04958
-7.86134
-11.11540
1.66336
0.99469
4.71755
5.90315
1.41935
-2.84954
6.33700
-2.54423
-1.30191
-0.21970
-0.86329
21.39426
-0.43614
4.52768
6.69651
-0.31007
-9.56245
-7.52302
-4.35219
4.13453
-0.98469
-1.77723
4.64415
-4.34994
-1.76456
1.55618
0.13520
-1.01235
-8.71237
-1.04590
2.24821
-7.91937
-1.80952
-0.35804
7.84167
7.57377
-0.83314
-6.34550
6.97167
-1.70103
8.48396
-2.52738
-13.33491
-5.62047
-17.95018
12.49390
5.07306
-3.21568
-14.80643
-8.70982
-5.28499
-7.83991
2.48607
-0.14511
0.34270
-8.85267
-5.53395
4.48860
2.86955
-1.44073
9.65071
-6.53361
-4.91474
1.45529
-3.19931
-8.39211
-17.60163
7.33838
-4.80701
0.95310
6.99272
11.73137
3.39338
-1.66983
-7.05577
-2.58326
-0.09213
-5.82161
-0.18666
-0.64053
0.24435
1.44723
-12.25101
0.40911
-1.86274
-4.25383
2.64468
-1.44392
-6.34587
-2.33476
3.80653
-3.61709
-0.28990
-0.89575
-10.45332
-7.07441
2.95213
-13.59280
-6.65419
0.78041
-5.34593
5.49501
-7.30954
-2.24264
2.70932
-1.94736
5.60853
-1.58805
-0.43005
1.25608
-7.64118
-6.76947
5.01656
0.48064
-8.13144
3.37403
2.93607
1.16013
12.62038
5.92687
-2.92819
-1.42349
-4.23765
6.79525
1.76558
-10.82176
2.42656
-8.28335
-1.73940
4.20169
-2.08890
12.43918
-1.22019
-3.68694
4.79342
4.28083
-8.02330
8.13375
6.75920
-3.36279
-4.04063
5.84066
-0.05361
7.92238
9.08837
9.72961
-4.55338
-8.27804
3.86669
3.75042
6.64122
-6.39408
-4.89403
-0.36543
-1.88237
-3.26881
-1.28579
9.57419
-11.50406
7.49253
-5.16221
5.52837
1.23492
-15.97767
-9.61946
-6.20120
2.15178
-12.69170
-6.88317
-4.99513
-5.40752
8.03466
7.39026
6.44606
-4.37745
7.48940
1.02258
-10.20696
3.43928
2.09714
13.23809
-4.28404
-8.68874
-1.09674
5.88035
15.61479
-0.34559
2.77743
-2.59303
8.30227
0.46261
-7.76182
3.74886
13.87644
-2.08890
3.56588
1.66077
1.66967
4.75975
3.43351
0.97105
5.19596
5.43393
2.54459
-4.74456
-11.71270
-3.12387
-7.65709
8.03920
-4.09344
1.74960
-6.89991
-12.37735
-7.40997
1.40247
16.81235
2.02253
2.61620
3.03394
-15.02160
6.05681
-4.86210
1.40263
-4.38388
4.54649
-3.54738
1.71014
13.53801
-3.45171
-4.35196
8.58308
14.62346
-7.99357
-2.21397
-4.20192
1.66660
-2.20340
-6.06369
-5.17586
-2.71199
5.93091
10.86723
4.55872
7.71667
-1.40493
5.19306
-7.12523
-3.02064
5.02858
13.63560
4.31800
2.43668
0.66767
-10.97312
2.29748
-6.62149
-0.22089
-15.98879
-5.06275
-4.47740
5.23817
17.92361
-6.69352
10.15294
-4.79943
1.52421
-1.42856
-4.29320
6.25221
-7.53254
1.58552
-3.43262
1.72432
-2.42929
-1.43117
-0.19633
12.16596
-6.66423
13.26233
-9.96854
14.40860
-4.05980
0.93736
6.86651
-14.61694
3.06315
8.13589
-1.00583
4.00802
3.76033
-5.53542
9.90361
13.62069
12.07817
10.79797
-6.26177
-9.46089
-9.01007
-5.44376
-2.51066
8.16298
4.66327
-5.82217
-5.40638
-2.30203
-3.07087
-1.47391
-1.79221
0.51926
-5.00545
-4.50274
5.21085
5.69160
-5.54419
-4.58033
-4.25037
2.77219
-8.16571
4.69906
16.04780
-1.49714
-3.79129
8.93072
9.62193
-3.63775
-5.64790
5.03042
7.16673
8.79690
-0.30910
6.26623
-7.68300
-9.31945
8.19969
9.38035
-14.39383
-11.54896
4.30912
-3.02143
7.79059
6.83998
4.04921
-7.72492
0.70605
-4.22420
1.87767
2.02668
-6.11844
-0.91480
7.05055
11.48508
0.62089
6.89944
6.41583
-5.67856
-6.66943
-0.49456
-1.77507
-4.48993
6.31918
9.46607
7.30367
2.70780
-7.81940
7.76506
2.59221
5.38821
0.61433
-2.61023
3.97872
-8.81925
-3.08315
1.34735
-3.07459
4.76505
0.84519
3.10850
2.10575
-12.00307
-3.56417
5.19575
-2.55436
-8.00597
-4.58734
0.49094
6.76292
0.34769
7.73696
-17.44327
5.98148
-14.45900
0.33333
-6.10516
2.23230
6.26475
1.03372
-7.01968
-4.20125
4.24607
3.37573
-7.59369
-0.79972
-5.87533
-5.36765
-6.83191
-0.82296
10.80643
3.39880
4.28834
-5.78214
-12.49864
1.72182
15.49982
-2.88951
-1.72583
6.49845
0.12475
8.61444
-17.92285
2.43437
1.73861
2.73234
-3.16390
5.08403
4.31547
11.77707
-5.59476
-6.19770
13.42052
-1.83792
11.43487
-4.34592
1.11004
-3.10019
-0.08996
-12.81346
-8.70865
2.46915
-8.27609
0.85985
0.11458
8.72003
-3.37348
-1.93684
0.47847
-10.81577
10.03556
-6.52912
-14.24654
-6.32828
5.55466
-0.35388
5.75521
-8.62754
-14.23840
2.16332
-5.58417
-4.44480
0.08963
-1.07190
-12.71869
-7.63975
11.89544
-9.68481
-0.80862
-3.44095
3.86422
1.62367
4.80831
-2.92506
-8.10645
2.13294
-3.45115
-2.91511
1.94002
-7.55469
3.68603
5.61029
5.86382
-7.96110
-8.47933
4.88237
-4.11948
-8.31476
3.20914
-16.20117
-3.67241
-3.43683
5.19465
1.55277
1.45993
-5.91835
4.03804
1.74475
-8.44911
5.35411
0.25237
8.86588
1.05596
-5.07463
-3.52968
-9.37649
7.81579
-4.82170
-7.11695
-13.08820
8.26647
-1.86594
-4.08871
2.17118
-5.61970
-9.35803
-6.44817
-0.72123
-2.42901
5.08528
20.83631
0.95838
4.60775
-8.65698
7.65256
0.23233
-0.79054
7.65414
5.14045
-6.37923
-13.55293
-5.72525
1.72531
6.43484
-2.33403
4.52626
7.86522
3.05176
2.50786
2.37372
1.54883
7.41207
8.17763
-2.24787
7.45772
-2.48550
0.92061
0.65361
-6.44533
-0.37131
-4.80260
-1.73354
-1.36119
-10.16084
9.08343
-13.15530
-11.15217
1.16091
-5.73340
-9.90667
3.34183
-0.50745
5.27118
-1.41622
-0.87532
0.46451
0.70594
-2.34428
-1.16988
1.51503
9.62718
-10.18488
-2.61270
3.03519
-7.56424
-0.03297
-0.91795
1.51295
-8.39064
6.00746
16.34825
-3.42988
11.06967
9.24054
-5.10972
-2.27742
-6.26865
-7.19117
0.59801
-3.65548
0.68638
-4.57521
-4.01922
4.89696
4.04501
-3.13697
10.05321
-5.08621
-5.11005
10.66472
5.16425
8.69476
-9.51122
6.71210
5.36898
7.04587
4.99019
-7.43630
-3.50023
-5.13582
11.31798
4.21616
-2.07711
-0.55686
2.95011
2.16270
-15.40676
-3.29859
1.72665
-5.63270
0.76480
-9.65076
5.69376
-15.09176
6.34805
-3.15178
-6.40701
7.93437
9.51124
6.57742
-4.11608
-8.41506
5.94233
-1.87567
12.30449
9.15206
14.12898
8.73966
5.72594
-6.79094
1.76726
-3.16502
-4.31880
7.92400
-9.04343
-9.21292
5.32594
-1.33647
-9.14472
-5.00251
5.50265
13.61026
2.13456
-2.84660
2.13472
9.29326
-13.44504
-6.33050
-1.24006
-4.21801
4.27817
2.59948
3.45827
2.14201
-8.97656
-1.47669
-0.81055
1.66425
3.68161
1.64423
12.93734
4.55339
3.91509
-11.67649
-14.78338
3.42261
-5.74930
0.93501
8.17465
7.94607
-7.34993
0.14455
-9.17006
1.05212
5.21815
6.68919
4.80875
-8.72517
1.13560
3.81566
-4.05142
1.04267
-6.12145
-1.30249
-2.58873
6.23399
7.40423
0.84908
-1.03159
-5.42133
-0.19498
11.17680
-6.20692
3.66336
-8.52620
3.29085
3.52685
-3.34478
-5.60586
-5.33204
-3.09597
6.80672
-5.10351
6.78682
3.80351
-7.42298
8.03091
-2.78420
3.27092
-10.86753
-3.93682
-0.59797
3.93909
10.78309
1.47794
-6.15235
8.62294
-11.22090
6.55164
6.74971
-16.11938
-1.15450
10.30379
4.85076
-9.44643
6.48211
2.98493
3.86600
15.97268
-0.08392
2.02137
-7.69702
1.71233
0.67732
-0.62654
-7.78453
-2.33128
0.15508
-2.90243
5.87147
4.62174
-7.81025
5.11036
9.54147
9.12357
-5.13617
3.27143
-1.27107
-5.32781
-14.52262
9.01199
-11.66367
-1.36794
-3.61135
6.33013
-11.36255
1.04063
-2.57828
-0.93352
-5.14006
0.27709
-4.63518
-4.26761
-3.74983
-1.81699
4.99385
-4.89648
-5.74098
12.27970
-4.28131
-10.99907
-5.82808
2.77378
-5.93994
-5.63886
10.66229
0.78402
16.21792
-9.57233
2.06106
12.12305
0.58487
0.82913
14.78953
-8.07481
-10.68971
-3.53003
9.97829
-3.40918
-1.40422
8.45435
-8.40895
1.98778
-5.33460
-0.34906
-9.14609
9.27701
2.33660
-2.05973
-8.45847
0.11427
4.99777
10.14841
4.39365
8.31341
-2.73267
13.54507
6.39056
-5.23590
-1.50698
2.33950
-1.36454
-7.25699
-1.55322
-8.85520
1.31896
-6.76680
-1.21484
2.56792
3.07250
4.03963
-8.67058
-5.10902
-10.57646
15.12373
4.89657
2.13543
3.81543
-4.18658
2.14687
2.69862
-12.65248
-6.23715
-5.48494
1.06013
1.95715
0.20680
-3.69169
0.93733
2.22547
4.32980
6.59614
-0.63372
0.51014
10.85507
-4.23067
5.59320
12.03352
0.86523
-3.33543
-3.04050
5.24647
3.85211
0.39314
8.96267
7.62089
-13.07082
2.12406
-4.60078
-2.07604
-11.61146
-4.38073
1.12419
2.46351
-8.25852
-10.59088
-1.32153
-1.93496
2.97531
5.24435
1.48300
-6.83773
10.65180
5.41765
-3.76154
-11.62302
-4.84816
6.86797
-2.97207
-0.67061
-4.33491
2.14302
-5.79344
-4.98843
9.21283
-0.93866
-3.30920
7.42337
-10.41459
2.06404
3.64986
-6.66892
8.55176
13.57724
5.76171
6.13004
1.26669
-9.67817
-2.09769
-2.83429
1.73786
-10.24496
11.59272
-10.66650
0.33111
1.72405
-5.75492
-0.08940
1.06436
6.55326
-0.56566
-2.34856
4.56040
5.67362
-3.21609
10.23462
-1.47378
2.86918
-4.18087
-0.25603
-1.75338
-7.03600
-3.97073
6.64403
1.20492
-2.09841
-3.35520
3.25643
-2.54312
-8.34066
-11.02026
-4.94169
5.02470
-1.22498
5.34145
9.28736
2.19272
-6.86201
0.44882
-6.24874
7.98071
4.63428
7.23419
-1.63764
-6.74229
-1.62002
4.53759
-5.36098
-8.17645
-6.04182
12.55771
3.75321
-8.24714
2.85595
-6.54348
2.87151
-3.69954
0.75971
0.49937
-2.23149
3.10310
3.49898
-11.40791
1.51400
3.87117
2.15259
7.79502
4.89965
-0.71523
-8.87865
-4.27534
-0.31989
1.62517
2.63993
-6.24837
-2.34381
-4.73866
2.03930
0.03433
2.47523
-5.36519
9.95188
-2.44030
-9.54861
-11.85893
0.13906
-13.99767
-1.64112
-9.34454
3.29806
-17.29695
-15.24160
6.99964
-8.62304
5.65321
2.40265
3.82769
10.04859
-0.77759
-3.81572
-1.48244
8.81335
2.88323
-9.24889
10.84894
1.72534
0.87892
3.35915
8.86326
-7.38758
6.21708
-3.99853
6.65307
7.69319
8.23624
10.27972
5.85082
-4.43149
-5.49654
-4.90238
-5.93707
0.02265
-2.84026
3.09700
-5.36029
-7.22469
5.36026
2.21484
6.40985
15.72417
9.68277
11.43236
-2.32014
-0.66849
-1.00138
-0.93210
1.55904
-0.64375
-13.95183
-2.65670
-5.77420
-7.13267
8.70293
6.67730
-4.61190
6.24728
-5.61182
-6.49192
7.40889
-4.98143
7.47827
6.21528
5.33744
-6.34258
0.08343
4.31188
10.80682
10.52326
-3.99819
3.44934
0.07530
-10.13120
-4.80938
7.50363
0.35564
-3.03517
-2.51627
-7.09289
10.33156
-8.01295
0.67962
-11.60004
6.71881
-9.43389
-12.74454
2.61271
9.79550
2.14422
-0.93787
5.25759
-9.59290
5.11485
5.58847
-2.01074
6.66616
6.66988
-0.31018
8.85250
-6.27039
0.85878
7.32096
0.03952
3.73567
3.24694
-8.08880
14.68990
10.41545
-7.57872
9.20561
1.35459
-7.67286
5.14011
-2.26302
0.77608
2.42015
5.11949
-11.17722
-1.82505
1.03624
1.89998
-1.94623
-0.69356
2.92389
7.40425
10.23695
1.35406
-2.75517
-0.61096
5.71420
7.29008
-3.54007
6.71226
0.47064
0.52238
-1.40093
-1.99522
3.49456
6.53755
-4.48403
-5.00359
5.48060
3.62937
3.04432
-3.88053
8.16613
7.72838
-2.48285
0.33417
-1.16544
-11.30652
-2.53003
-10.66882
0.46276
-2.31381
6.11330
1.99286
3.36043
-9.37049
-7.06896
-9.59106
4.46726
-9.22382
-5.04466
-10.45888
1.45251
-12.28556
3.87725
0.70645
0.24116
-1.46700
-8.51210
1.33888
-3.53169
3.55640
1.55621
-4.45512
-2.06069
10.60757
9.02396
-10.42998
-2.33434
5.44727
-16.16708
-7.94435
-0.48335
-4.63812
0.41220
3.26164
1.18802
7.49400
5.89673
0.43351
4.29108
5.70305
6.70183
0.59220
4.11280
-5.83298
1.81318
-4.06876
0.08899
-0.71355
2.75071
5.79345
-8.52669
-2.35209
1.41803
0.46081
0.57850
1.33731
1.70661
-3.14451
-9.90329
-9.64543
-16.61406
-0.43836
-6.22968
13.98881
-1.34320
-9.90581
3.58374
-2.28525
-5.91510
-6.97558
-0.79349
-4.63476
-1.97562
-4.77602
-4.27764
11.25864
-13.44079
0.51642
8.72622
11.09462
6.63653
-9.81405
-2.08002
-4.01200
10.38360
9.82473
1.95341
-5.39042
4.47525
-0.00301
-2.48207
-3.58244
6.51049
7.10891
3.71033
-10.98036
-4.97307
-15.26681
4.48979
15.09496
-10.22678
3.93917
2.56487
3.71747
6.93756
8.39750
9.92930
7.38774
6.59238
-8.44402
-2.29451
-1.72427
0.14762
6.72352
0.81866
1.58859
-11.93088
-15.01030
2.99256
9.92943
-1.19675
5.31037
-3.33103
2.04949
0.10837
1.26710
0.90940
8.41368
5.84559
-2.70746
-1.48988
-0.09310
-5.24618
-7.00016
4.67750
6.35189
11.24631
-2.47538
8.73546
8.18244
1.60089
-4.79699
4.20349
2.21189
-3.98226
-7.59380
7.87594
1.50374
-16.88741
0.10756
-5.31195
5.27948
-12.32530
-3.81422
3.75377
3.59603
-1.64784
2.05110
1.37566
-8.94330
-1.37612
-6.37254
-6.89641
-2.90276
2.66373
-12.04206
4.87819
-4.25201
0.86230
11.50972
7.50228
2.53523
-4.91953
4.98974
-2.94817
0.26627
-2.41644
-5.73319
5.40467
-3.38027
9.37096
-3.42231
-3.16159
8.25388
-8.44972
-2.13602
-6.74198
4.03336
-1.29210
-11.44073
7.82208
-1.38897
13.18779
4.07424
4.12384
3.73442
5.90870
2.10633
2.74505
0.32821
2.32168
-0.37414
-7.19038
9.97389
-2.52610
10.97720
3.53616
-6.95499
-5.20591
11.61748
11.28073
5.52937
-5.87671
-0.34946
16.46310
-8.75918
9.69977
0.66884
3.50128
-11.29302
-8.55223
-0.41893
1.09727
2.97826
5.93756
-6.04014
-6.79410
7.59602
2.52520
-3.26178
-5.00307
0.95658
5.14547
7.00508
1.92432
9.72694
-1.57629
-2.39340
-3.13568
8.98418
-6.32238
5.48424
-3.47491
-0.05561
11.00795
4.12435
-3.73883
-0.69591
-11.29648
-0.25135
-6.74718
-4.59396
4.00974
-8.29356
-6.07987
3.71301
1.67580
8.06298
-1.22975
-9.49764
1.71783
-6.64071
-5.77506
-10.03092
12.39011
5.88589
5.21163
-7.29383
-4.13097
-8.71577
8.92056
0.25324
2.82680
-5.19269
-11.33526
9.94840
-10.82364
-6.50309
-5.24410
-2.55444
1.11976
-7.64583
-8.74266
0.31082
1.00974
-3.57111
-11.94141
1.42368
-11.12016
-5.25946
-0.26390
-3.42611
-4.25085
5.41498
5.32853
-12.93610
-8.33523
2.05763
-7.91760
-6.95288
11.95468
-11.25011
9.51484
-1.78414
7.44150
0.97448
-10.69143
8.99129
0.76356
-1.88946
-5.02755
4.00638
-3.32091
-5.05459
0.90923
-3.25682
-8.66169
2.13848
16.45083
-8.96728
-0.73395
1.67859
-7.73049
5.99260
-2.82446
6.97723
-6.71213
-4.53505
-8.79199
-5.54525
-5.24159
-0.89995
5.06203
-3.70070
-1.83670
-3.66583
-4.82729
-6.19126
-4.14521
1.00417
-8.12692
-3.04901
-9.71144
-6.98370
-3.24876
0.17543
-10.16543
0.11407
-9.49910
-13.76728
8.04700
-1.99605
-1.00061
3.65841
-1.14402
0.11170
-4.74615
2.44857
2.88663
1.29601
-2.02901
-3.27101
2.15194
13.39101
1.06452
-5.01922
0.55092
-6.22716
2.27034
5.60514
-11.37316
1.64801
-5.18824
-8.64282
-4.18148
5.84500
2.56339
8.95390
-2.44858
-2.46397
2.90915
-9.24224
-2.22514
6.71335
-1.37943
2.69041
-6.91265
3.35498
-9.64980
-5.01574
-0.59740
-4.28833
-4.77987
-8.91601
5.15025
3.35871
-0.00586
-5.54856
-3.26521
-6.15214
-1.84510
-2.57485
-3.31572
4.20017
1.94101
-13.07566
12.76398
-4.75275
-9.79550
17.30724
5.44677
-7.11424
-0.60695
9.56329
6.03529
13.78698
11.69856
9.93435
1.63688
-3.66678
4.00965
11.63886
4.10749
-1.68366
9.96103
-8.73155
1.44333
-16.48955
-14.66629
-0.27120
-2.82808
8.63296
8.04904
-5.99722
-2.92545
12.30299
1.69497
-0.75254
-1.85384
-6.43115
3.18985
8.00185
-0.19865
2.17441
3.64543
0.58288
7.88428
4.35369
-1.39369
-1.61346
10.38340
6.18228
-5.20558
3.92133
-6.81938
-2.23642
8.00205
-5.80054
8.88677
-4.50343
4.40117
-4.04393
-8.20644
0.02144
-1.92942
-1.97069
5.27006
5.72659
-13.47552
-15.62408
12.39865
-0.97851
-8.21493
-3.29759
15.68489
-5.42531
5.26770
2.42903
1.67610
-4.65061
-3.69168
-2.70204
0.87780
-0.87645
-4.40423
5.61896
-4.73639
7.72251
-7.42964
5.01633
9.61116
-8.83069
-1.31466
8.91699
-7.18734
5.33696
-8.44777
2.23488
-5.25473
12.23486
9.42117
3.58086
9.38802
-5.39369
-8.01707
-4.03052
5.85760
-11.40968
2.41024
10.83561
-0.55074
-3.07596
-4.80391
1.98529
3.55242
-4.25594
-11.29370
10.21800
0.80856
5.58951
-4.95314
-8.68821
-4.11092
-2.75059
2.42084
3.35478
-8.93963
-7.34676
3.72026
6.25923
-8.56181
-7.95380
-0.74198
0.52683
-7.99277
2.25482
0.05294
9.14189
2.64123
-6.04363
-3.06436
-2.83397
-2.68693
18.95134
11.14581
-4.70322
3.52947
-2.03613
-2.60380
10.30766
-10.95946
-1.07813
17.33030
6.94024
13.72684
1.73252
-1.61710
0.85257
0.93089
13.21289
-4.86142
4.23375
0.59641
8.45932
-10.76723
13.09641
-16.70428
-2.83942
3.46122
11.31099
-5.12739
3.59580
-1.45572
3.04058
6.41731
2.12560
3.95616
-5.34568
-2.49361
1.62539
-8.85114
-0.49617
13.44102
-3.54339
8.77461
2.14528
0.81061
5.69657
4.82930
-8.67120
-5.85793
4.02960
-4.83853
0.42762
3.71776
10.79194
-4.35553
4.85250
3.91621
-6.16916
-1.62130
-6.99492
5.14583
3.98882
-7.39914
-6.52386
1.31658
-6.30758
-0.70563
9.26075
8.31291
-7.20938
-5.98584
-6.54698
-13.21484
7.50028
-2.52340
4.70031
6.78166
11.47153
-6.28573
5.13694
-9.00882
5.15735
2.00965
0.94122
20.74049
2.77876
4.46820
-13.39056
3.81675
-0.05727
-0.47376
-7.96743
-0.18774
3.67504
7.31364
-4.45962
0.54413
-3.04321
-0.01339
7.02544
5.36968
6.02634
-5.73803
7.97970
4.86852
0.08358
2.67754
-8.44085
-2.72373
-11.68621
-14.54826
0.01295
1.95753
2.34725
4.54494
-0.62581
-12.73964
-0.98697
5.68984
3.15028
3.15026
15.57404
-1.19433
-6.00703
-4.07404
5.82811
-6.16801
3.44429
1.87143
-0.84107
7.60962
-1.18342
-2.88902
2.37636
12.11164
-1.05110
2.23463
-1.03791
-4.12392
-6.61984
-3.79063
5.28316
-2.74605
3.45924
-0.38107
4.61753
-9.17152
-1.40957
15.96817
1.79526
1.69992
3.40513
-4.00849
-5.35099
8.48057
1.79345
13.05885
8.00881
7.67407
16.16986
7.47495
0.04718
-1.33271
-2.25766
10.12063
0.37959
1.32304
0.62414
-9.00926
2.45461
-7.49420
-7.74741
-5.03948
-6.34168
-2.03873
11.41176
-0.71086
-4.55130
3.62993
16.02433
-7.60384
2.04645
2.38230
-13.59836
0.87248
8.46027
-5.66881
-10.50895
-2.17244
-1.92655
-5.68072
5.62023
2.42501
-3.09905
11.93824
0.57693
3.91473
-9.96874
5.78522
6.00183
0.32828
4.40980
3.92208
10.83823
9.76975
-11.65390
4.99766
-0.05561
3.78998
12.41974
4.81374
8.62457
-5.21669
-2.99709
-8.67218
-6.69253
-0.67092
-2.53316
-3.48590
7.37365
-0.52747
-3.54391
-6.51945
-14.34021
-7.16375
1.61426
-6.14211
4.88079
6.48599
-1.51515
5.24162
-4.16425
6.50567
-6.54216
9.69117
0.70403
-5.36918
0.16535
-4.96788
-0.96835
-8.71183
5.35872
5.50580
4.83589
-11.86854
7.84412
2.38009
-2.54418
-10.56799
5.44903
2.77520
0.68500
17.43339
2.26942
5.17708
4.13717
-9.30371
-3.26918
0.41443
9.27556
10.89832
-5.15701
3.72799
3.83733
-6.50801
-1.42434
-2.31200
10.70187
-0.58618
5.25568
-1.81891
-4.64563
-5.08615
0.01337
-7.76754
-6.39640
8.20207
4.24470
2.68015
8.64450
15.14762
4.24955
6.06247
5.43007
1.29622
-1.97010
-3.35563
-1.18089
11.12083
-5.37114
10.44414
3.23088
-3.72405
-1.54833
-6.27742
-2.43658
1.87521
-0.99793
-2.28662
0.91280
-13.99057
0.29307
1.97016
3.72901
6.03014
-2.99180
6.90648
-4.21940
-0.29351
-2.16438
-1.82895
1.13680
-3.77807
-7.24168
-1.29398
3.05131
-0.02996
5.14568
-2.36967
-2.12337
8.01137
2.51401
0.36984
11.90859
2.40946
-2.42221
3.13142
-5.09229
6.79773
11.08738
4.72344
5.23736
-1.04853
1.34735
6.30935
-14.63572
-1.80176
-6.40139
-3.12572
-5.16471
-1.33751
6.09514
-4.85526
-3.36807
2.43358
-15.72342
-1.63480
0.75964
-7.85543
3.81426
6.21371
0.89839
-3.86226
1.09416
-6.49970
-3.29755
-0.39215
-11.44154
4.66537
0.45026
6.33681
5.86891
4.97281
-10.16202
-1.16842
-1.95445
0.53993
-2.05347
0.53267
-11.50821
4.67964
5.21273
8.63529
-3.42867
-0.57709
-4.40299
12.70677
-6.87262
2.30238
-2.21334
8.78378
5.19548
4.19093
0.35896
3.44875
18.03501
2.03518
-8.36918
-1.78476
14.87880
0.70193
5.76689
1.61049
-12.83395
0.32815
1.51671
-3.99456
-4.99217
-0.42277
-5.07708
10.61200
8.94032
-4.98329
-0.89372
5.06790
-5.83445
-0.31225
-1.99892
-6.00723
5.65413
-2.78024
6.95965
-2.24160
1.96816
-3.28116
-3.50556
-7.21706
9.83707
5.03341
1.41377
7.38073
7.72874
-9.77836
11.21858
-0.84993
5.64343
0.30685
8.08391
3.59855
2.90676
-4.14770
-9.06856
-4.52022
-0.46873
-2.38106
-1.66423
9.56294
-7.04113
-4.86292
6.67545
-0.51365
-5.34616
-2.03644
0.85608
0.40471
12.19785
9.52846
-8.51828
12.51035
5.09919
1.47361
7.71711
-1.43397
-3.38537
4.72388
3.79257
-3.84863
3.36124
-3.53647
-2.98527
10.86939
1.68721
-1.45743
-2.68859
-1.91724
5.54151
6.13875
-1.59028
-4.72408
-5.44062
4.97423
4.60279
5.80402
6.89666
2.74407
3.76426
-1.48160
1.07324
13.00491
-5.30036
9.73744
0.04068
4.26220
12.37620
12.35513
-10.27770
-2.45393
-3.26485
-3.29575
0.82081
13.19535
4.25769
5.23402
-11.88835
-8.65802
1.11990
10.10328
15.91125
-6.60531
-0.26036
-4.53606
7.23471
2.78549
1.03284
6.78411
-5.80412
-3.50212
2.38791
8.95202
-6.05505
-3.46523
0.96539
6.13471
6.44194
6.10572
-0.06434
3.81185
4.88345
0.92710
-3.24033
0.41091
-14.96546
4.95353
-3.15392
-5.47495
0.43811
-6.56320
15.83122
4.63939
-1.70869
16.60871
-2.36362
-7.60078
11.76988
-5.40876
-5.75157
-3.77072
6.21695
-13.87990
6.45208
-5.27776
11.71925
0.20876
-8.53935
3.24150
2.84829
4.20203
3.84235
1.49052
1.48353
1.46926
-0.75430
-0.76628
-3.41987
-9.77994
-9.68486
-2.11424
4.26556
3.67787
7.13677
-3.17885
-7.33813
-1.82450
-5.90583
-5.57121
6.07242
-12.12036
1.13559
-3.25873
1.62204
-4.89098
1.06176
3.57868
-5.77072
-9.56161
-1.19972
6.31345
1.09506
-1.77728
6.95746
-3.99351
0.33459
1.82553
-2.05454
7.01637
-0.48554
-14.91003
-3.32288
-2.08282
3.01016
-8.66709
-4.95236
-1.04918
2.96950
1.17210
-10.68427
-4.32068
-1.99271
5.55093
4.61178
4.50118
15.35812
-4.19811
10.36206
5.97478
9.35425
7.63939
13.63869
-6.88558
4.07816
1.54613
-3.24004
-8.15497
2.16804
-4.59700
-3.24533
-8.95030
-5.75250
0.60387
8.86920
3.08651
-8.54752
6.53284
-13.41357
-7.10623
-11.84457
0.07056
-1.20848
11.46269
3.95200
0.76242
-4.00780
-4.87841
-7.64199
0.19345
0.38156
-7.99759
7.99330
-0.79176
5.82583
5.73780
2.82690
0.13498
-4.08379
-3.29274
-8.16164
-2.71706
-5.27632
2.48157
-3.44983
-2.00612
3.80154
-1.22789
2.91930
-13.77263
-9.77067
-6.72084
-2.68918
-3.67885
-4.82797
2.26729
-5.86552
-14.78371
-0.11911
-2.40960
2.03103
1.76078
0.15723
-0.94398
12.58075
-0.51490
-7.00422
-6.00677
3.79065
3.49319
-10.68739
7.54190
8.57503
1.99324
3.17913
-1.14454
-3.23328
1.54257
1.49958
10.08101
7.87066
-11.47435
0.04204
5.02754
-7.36620
3.24101
-3.56408
-2.97842
4.36697
-9.03199
8.22493
0.56441
11.66661
-0.63088
-10.26712
4.21984
5.13525
5.88748
-1.37612
5.76033
-0.81400
1.55553
-11.04990
-3.50408
0.72552
2.13573
-3.44502
11.71805
-9.19177
-3.86819
-2.76257
1.19025
3.19812
2.85031
-5.60528
-2.01099
-1.89961
-3.58403
5.25854
4.34071
-9.23023
6.66597
-3.92537
4.55429
-1.29648
2.64106
11.46867
-6.19692
-0.54658
-3.81694
-9.16605
5.20643
-3.08911
-1.46706
7.96881
-6.37693
-0.62369
-12.44107
0.50623
12.39561
-0.16805
3.10462
0.97888
5.04502
10.97053
-13.83967
-6.42405
3.21765
3.73340
6.03320
-2.42752
-2.67760
8.47996
4.12134
-4.32500
7.96273
-9.58445
0.15912
-8.64517
-6.52105
9.22651
7.30631
9.59593
-5.62063
-5.75175
-10.52920
4.10955
0.13112
6.39172
-1.42878
7.21960
-3.45760
10.30024
2.96228
-11.82763
-8.66739
-5.99884
-12.25727
-1.17605
-10.28784
6.05127
-0.07679
-3.27290
2.63613
2.78574
2.38970
12.74391
-18.42879
11.82145
-6.12215
-5.62998
13.16129
-3.24532
3.27382
0.68213
4.47005
5.70595
7.32217
0.03126
6.96483
-0.59745
9.70038
-3.51473
2.79164
5.83409
13.07223
7.81151
3.41382
9.46003
1.22604
-3.78146
-0.26643
-9.63599
-8.12606
3.64542
8.23740
8.28316
-1.98904
10.15032
-2.06455
4.47044
3.79181
1.83093
-2.89533
6.47609
-4.22881
8.86003
-2.47268
-4.81296
3.47199
0.18292
6.66272
4.85357
-3.34805
1.37351
-16.99601
-2.52699
8.30789
-2.90502
3.66181
2.02721
-12.37737
-7.04380
9.56611
-6.97561
-3.28443
7.86880
-0.42125
12.76678
0.99903
1.68943
-13.18920
4.37786
-0.76324
-12.05781
12.40552
-4.39345
0.80157
-4.91023
1.02309
-4.18562
1.38056
6.57680
-4.80153
4.44245
1.47425
1.36507
7.45385
13.35785
-2.39444
-2.69505
16.21165
-14.98179
7.07315
7.95066
7.51695
-3.73241
-2.29342
-5.17895
-3.51270
-8.37062
7.32049
-5.94412
-4.74856
-5.91848
8.36477
9.39036
5.62764
-2.01540
-16.42370
-4.73905
-4.33652
-2.43017
-0.08226
0.48323
-14.67108
8.60748
1.34309
-9.97140
-0.47757
7.09484
-15.22575
-0.96439
-1.65195
5.96878
-13.26073
2.72277
0.44570
-0.07120
7.76049
8.60584
11.02882
2.90771
-5.93073
0.78041
-6.05418
-7.15849
-4.56527
-3.90649
-3.30357
3.45435
-0.10421
6.38008
4.67577
0.88429
2.77956
3.60293
-5.45864
-0.41645
0.69737
-9.83973
-2.03731
-12.40146
8.11704
-4.27543
15.13495
-11.03810
-3.55513
-13.79496
4.29714
0.82118
8.46778
1.18644
-4.93393
-4.01377
-6.68686
-8.37424
-5.08161
5.56370
-9.12907
-0.85854
8.63091
14.21611
0.06273
-7.51587
-1.36318
7.89636
-5.93800
3.25522
8.31547
9.13686
-6.19636
-15.03689
9.30762
5.42619
-3.33029
-1.39965
-2.83299
17.34548
-5.31602
-5.35669
0.48078
-8.80945
11.09957
1.32509
4.13276
9.40141
-17.55968
-1.86689
-1.31395
-3.62034
-8.24894
2.08344
-1.14432
-13.85711
19.47908
-2.04627
-7.41596
-11.14206
3.94354
2.86955
-4.71294
2.95902
0.85873
10.30868
-4.41846
-9.54236
-3.31933
0.59269
-2.36439
-3.98658
-10.80451
3.50682
5.16761
0.67915
-7.05518
5.18805
4.60505
-7.12756
-20.78825
-0.56791
-4.83680
-2.89037
6.93090
2.11700
11.36679
13.51195
-7.78152
2.25019
-12.01158
-5.37594
14.17793
6.80578
0.70605
-9.57332
7.81435
2.07668
-0.60272
3.91754
-14.70126
9.04110
0.61085
-7.01855
4.30796
-0.13585
-6.80611
-3.33125
0.67018
6.69537
1.69441
0.47928
12.71169
-13.96643
2.55180
2.08980
-2.26427
-1.61027
-7.55118
-3.04856
-0.31978
-8.02820
11.69788
7.61494
-5.05956
2.06353
-5.28046
12.47637
5.79911
3.89175
-1.62837
3.73101
5.50718
7.93983
-2.14500
11.66532
2.98648
10.87951
1.80081
4.50825
14.10292
-6.88392
3.62074
0.23831
-14.36087
-6.76329
3.89442
2.38717
4.30111
2.85153
1.05846
3.18810
7.72012
-10.45609
2.57022
1.41939
-5.85862
14.63478
-8.40222
8.35555
1.73365
3.44394
6.60986
13.83338
-3.29921
5.05080
5.25008
2.87619
10.70032
0.67668
