6.33141
3.08480
-4.63558
9.12094
-2.83666
2.08565
2.95796
14.34351
9.08117
0.79341
8.32281
0.11348
4.65066
4.26996
0.46817
8.56720
-0.24097
-4.15807
-2.22472
3.14145
5.61130
-1.56724
0.97215
8.30689
-1.77756
5.22521
-3.63474
1.35260
-2.40031
-1.55833
-5.05851
-7.16956
-8.94674
-4.88778
-1.75412
-1.66058
-11.84318
-1.80353
1.88129
0.68394
12.13753
5.59819
3.71164
1.88779
1.52973
-9.76454
7.61134
2.45731
-5.64376
-3.76379
-6.85582
-1.50961
10.34030
3.58412
1.81435
-7.65648
-9.65171
-4.60899
-4.39708
4.51042
-0.16039
-2.20958
-9.10129
-5.90644
-8.91870
14.23590
6.12846
8.29858
-8.06743
-0.53792
5.02103
-1.92019
-9.82189
7.12794
10.00633
-1.17924
-2.49643
1.53586
-1.44974
3.94560
4.14195
-7.14047
5.24820
2.52813
4.37465
-0.75843
-2.70654
-0.78171
-1.65028
-1.54303
2.69993
-0.85460
-11.32028
-9.08091
-3.69517
10.63404
-4.06243
0.61659
-6.96516
-10.03381
-4.86802
-6.72522
0.91947
-1.77710
3.47742
0.36488
-3.21701
2.13887
-2.14653
5.43717
-2.02701
-2.24483
2.17481
-8.85644
0.87200
13.77683
3.33192
1.79638
-3.37587
10.47262
2.29971
-10.81946
4.25903
7.97235
2.17236
-0.34049
-1.86827
5.60312
4.72579
8.70231
-2.74541
-14.10942
-2.37667
1.36034
1.07413
0.46853
8.21168
-9.97318
3.05630
11.05811
-2.86710
-3.25899
4.99654
-6.33082
-3.87735
-3.62834
7.35339
-3.28228
-4.58861
-5.94547
-8.05086
1.71364
0.16669
-7.62376
-4.74065
-3.71336
3.41461
-6.99561
3.89921
-2.04243
2.80393
-9.00194
3.40064
0.99870
4.74960
-6.10419
11.59670
-3.34199
3.70855
-6.33817
-1.54534
10.04422
-0.12643
-0.11554
4.47465
0.07472
-4.25395
-2.59384
12.49181
-5.31521
1.46860
3.79135
-2.19579
5.17908
-0.82735
4.00727
-3.97628
-7.62017
8.88116
-3.94849
-5.16506
-4.90540
0.50075
2.29201
-4.91759
-15.86932
-0.35165
-4.82690
3.26919
-2.40114
-4.15852
2.18599
7.71112
1.16184
2.09166
4.11890
3.56127
0.69223
-2.63000
-2.35715
2.61423
-0.07657
1.01498
-3.12502
-4.27355
-0.36271
-9.11218
-3.53949
12.14572
-3.19227
-5.41603
8.34272
-5.43006
10.90829
7.22922
0.62793
0.26524
1.53275
-4.17782
-6.19464
-0.56095
-4.96468
-7.65667
2.61102
5.59595
4.48321
-4.28601
0.84903
-6.75004
-1.84000
0.81614
-5.80723
-12.83288
-3.04119
-1.62954
-8.66843
-8.21257
-9.36737
-8.64396
5.38872
-12.67605
5.78902
-2.25529
-3.58187
-3.87614
-0.48493
3.86680
-7.26516
-5.09781
2.36920
8.19813
0.73957
0.73501
-3.41706
6.36844
5.01299
6.65050
-5.43818
3.09242
4.67072
4.59659
-2.94806
-7.80372
-0.16393
4.35735
12.13940
-15.72936
-1.82785
-0.37760
3.33244
-5.55452
3.02495
-4.63517
-11.71536
4.70339
0.02382
6.47363
6.41966
-9.28422
-10.70210
-10.13875
13.68503
-5.12522
6.82033
7.10127
-1.54163
6.25640
1.80065
-6.17686
4.76442
-7.44577
-0.29060
-0.29590
-1.11917
-5.54057
-0.53188
0.18954
7.55092
-5.44785
4.92610
-13.94253
-7.87942
5.14235
1.30659
10.53615
-11.53993
4.66483
-2.50973
1.27920
5.21180
-9.62578
-2.42079
-3.87703
-10.89222
1.90631
-7.56340
-2.77748
-6.44984
13.24976
6.26180
-13.02458
9.27942
-0.24672
7.38877
6.04522
-1.11810
-7.65392
1.86723
-10.49954
9.26342
1.01672
1.08140
-1.84396
7.48930
-0.90568
-3.48041
-1.73304
-10.44799
-0.38523
-1.15270
-9.45341
5.16883
-9.07059
0.19664
4.64698
-2.71800
0.01362
4.54441
-4.49801
-10.41434
9.25540
4.97320
8.06067
-3.64157
8.68990
-1.90382
-6.78143
-2.98903
-8.51046
11.07422
4.66246
2.54915
-1.87143
-4.08321
3.73169
8.23152
8.91203
1.39273
11.08766
7.48259
7.70955
10.58243
-2.99640
-11.58912
-7.21587
-12.39116
-0.88657
-5.48395
0.09401
8.09846
4.83398
16.85547
-13.27144
5.08817
7.74679
7.47840
10.74900
3.05744
-7.55616
-0.46482
-7.37162
5.16603
-0.71758
5.35360
13.61401
4.43570
1.07279
-5.48734
-1.57921
1.39631
-12.15790
7.61544
-1.54131
0.50670
10.45821
5.28545
7.89461
-10.51370
2.06365
3.04424
-0.05157
7.13817
-10.95926
5.32285
-2.97322
-4.88555
12.96032
0.52549
7.30132
5.09574
-0.00803
-9.59741
17.91674
-0.49091
-6.99914
-0.08769
6.55831
-4.59207
7.03214
11.15691
3.35919
4.18027
-0.00851
-4.05311
-3.17966
-3.20841
2.37986
-4.37598
3.42157
-4.32332
8.68610
-5.21187
-0.26847
-1.62824
-10.79204
-3.14698
-5.85240
7.29319
11.79757
1.85906
0.07925
1.31490
-5.71689
-12.98039
-1.43418
0.38361
-6.66145
4.27285
-4.55173
-1.16592
-3.46524
5.06681
-0.57752
1.35538
0.77947
2.18314
-2.33513
-15.39295
2.23684
-9.12332
-4.20720
-3.18603
-3.09629
2.19251
-0.48395
-11.78092
-8.21935
-8.57472
-4.91078
-1.48332
3.93192
1.36553
5.00281
2.49899
2.20013
1.43792
-6.33623
5.62886
-4.35457
3.21396
6.64473
-14.00672
5.91274
1.51843
-0.09413
-6.00245
-2.23320
-6.50566
2.84448
5.27516
4.36702
-2.99060
-9.70806
-7.73409
8.97242
3.03859
1.87893
-5.03609
-1.03747
12.54503
4.31024
4.17465
6.93119
-7.47535
-4.32744
-8.05883
-4.39939
-3.60380
-2.76621
-7.68621
-0.24216
4.47679
10.79705
-5.51800
1.13522
-0.88345
-12.05381
-0.30990
1.41067
10.03238
-3.49410
1.55857
-2.64041
4.95153
-3.76596
-6.13403
3.55818
0.15072
-10.15372
-0.16217
-2.95909
1.87387
1.95125
3.20813
2.03412
-4.27845
-11.31224
-4.45709
5.67381
4.94642
-2.23873
1.28334
-5.47293
-4.37281
-11.36191
-4.95745
-0.41282
0.01381
-8.74919
-8.69523
10.48560
4.10153
-12.12897
3.95016
9.82874
12.85267
-1.24598
-0.38859
-5.63243
5.71693
8.82366
-2.47277
3.85988
9.72075
-1.38744
8.45841
-0.81932
12.70311
12.14942
-1.65736
1.93388
-3.97935
7.10081
-8.78105
-7.59546
-6.31303
4.32580
-11.42428
-7.60621
-11.83316
-4.29330
-0.45670
-6.20239
-5.97760
11.84419
6.26272
0.47089
13.40507
4.19346
-3.04818
-6.02464
-1.73079
0.97236
2.48773
-5.90981
4.18316
1.32939
-7.49531
0.26410
-6.25715
8.22713
-12.63216
-0.86601
-1.99429
-0.43359
2.13234
-7.93542
-1.42176
-5.16480
1.62266
-5.01703
-3.46794
8.44034
-6.03790
-3.51652
-8.41740
0.12801
10.30869
1.64748
-11.39104
-1.81128
6.49844
8.49388
-2.65496
5.36801
-7.80043
0.97392
5.78015
2.79568
1.57146
4.66855
4.70197
2.55105
-6.14131
4.80109
-4.25269
11.06509
8.69531
-8.40946
-12.05947
1.71881
1.37884
7.15940
10.79379
7.50683
1.53331
-10.36895
6.28384
-10.51761
-3.94864
-5.04553
3.18042
3.24346
5.08447
14.96771
-5.61955
3.82998
-0.92039
6.95948
5.80260
7.58440
-3.37704
9.81040
-0.78616
3.50645
-0.73142
10.10950
-9.51656
-1.49669
-3.51312
2.44049
9.81250
0.10861
5.00138
7.45077
1.31968
-16.64076
8.41811
-3.84838
9.65900
-6.42560
1.21766
-6.11500
0.65042
-6.74458
-5.23937
1.10235
-0.82611
1.47447
10.82310
3.45234
5.18799
5.58201
5.93270
-10.08616
4.00962
-1.30284
-17.03856
-0.03118
-5.01110
-3.31058
7.39269
-0.95136
7.91367
-2.57220
2.67097
2.69984
3.15668
6.88536
6.20854
2.50277
-3.76787
5.84299
9.74202
-1.51428
5.78001
10.40986
-1.42940
-0.50288
9.24546
-0.29579
-5.70780
-8.84100
3.65600
11.45528
-4.69276
-1.77386
-9.32014
4.02840
-6.57094
-6.51817
-4.95991
-1.06653
1.21243
3.42766
-20.28483
6.24269
1.91620
9.01544
3.12431
-4.55028
-1.56325
8.46976
-6.20786
-5.32713
5.16837
10.68638
4.62948
4.84080
-10.20483
-5.66220
-1.77130
9.99989
-18.12504
2.06413
2.17030
-10.82084
3.76488
-3.76865
16.86069
7.16581
12.69775
0.64782
2.85919
2.41028
-11.01477
0.20917
-6.00608
6.39289
-0.20342
-10.11704
-1.25883
-1.67933
-5.06996
-0.21588
-6.81723
2.35056
-2.36989
5.42085
3.50096
-8.33206
4.32131
-1.45925
-6.07615
4.89673
0.70041
6.71523
8.29223
-2.45854
1.04798
2.04695
1.64135
-8.67149
-2.46318
0.30095
-1.18329
6.93081
18.27205
1.98184
0.49345
-0.17171
2.56611
-7.02486
0.01040
2.41511
-0.77160
4.72373
0.55509
-6.55204
2.65267
-5.29851
-0.32395
-3.06810
6.68743
-4.43385
-8.52632
1.89954
0.28530
11.10080
2.11640
4.07673
2.68105
-3.39854
1.40970
-5.56193
4.51790
-14.24270
-4.30996
0.89418
-7.16929
3.73491
-1.41194
-2.16435
-2.71891
11.69412
-3.84973
3.29004
4.65180
0.94325
-0.61874
-2.90417
-6.16648
-5.99565
-3.36940
-5.22602
-11.31117
3.80612
5.16003
-7.03818
-8.76232
5.13552
3.11209
4.91159
-14.86700
-7.00926
3.89629
4.32057
-1.89101
0.15248
4.70268
-8.70511
-0.65027
5.33894
3.21599
-3.14695
-1.51652
-9.91346
2.58652
-1.78791
-4.66810
-6.11986
-0.49795
-7.07048
-1.87355
-9.29519
0.95730
-7.18432
-2.07796
1.43307
2.36874
-0.22540
1.15471
-4.85881
-2.81207
-3.92592
3.40087
2.70422
13.67279
-2.04338
6.20593
-4.28313
-3.53219
-1.55969
2.33594
4.06934
0.30574
-0.10504
4.14786
-1.62781
-3.86668
-1.48965
2.33082
3.24836
-1.46087
1.74135
-3.53465
-2.75506
1.08689
-8.09799
-12.52638
-1.38360
3.66225
-3.00970
-15.15705
1.42850
3.51444
-11.32833
1.09964
-9.06939
7.79301
5.52518
-8.41650
9.47614
-6.23299
-6.13746
-1.13067
-10.59877
-4.34691
-1.56963
-3.03990
-14.11501
-3.05137
2.44993
-2.18625
0.46537
-0.53002
3.56461
-3.48174
8.37881
4.20992
-3.29158
7.63348
0.67148
0.36652
-7.11159
3.75132
-1.88971
7.74675
14.21834
-1.30131
-2.90997
-0.05799
4.57914
-0.56583
0.39657
-8.45961
3.17399
-5.35542
4.95701
-3.27141
-14.77596
0.82028
0.50002
5.70049
6.97146
1.31204
-8.32666
-1.65370
6.45915
-4.04990
2.57132
-9.44595
7.68549
-1.33698
1.94502
2.01737
-14.38550
-4.54168
-10.74023
-2.07272
-4.94254
7.55575
1.70487
-2.92667
10.31254
-2.63275
-8.28493
3.84104
0.32334
8.13402
9.44190
-7.09358
-5.84728
-6.59932
1.83349
-2.11541
-5.84787
4.14266
3.31796
-4.12651
2.58680
-6.10681
0.72741
0.88002
11.99307
-14.42984
1.78811
-10.35674
-8.28506
0.93832
-1.96642
5.08306
3.88512
-11.03741
-2.36310
10.15085
11.06592
-0.41234
1.39549
6.81987
-7.08705
3.76882
-0.08018
-3.48070
-0.27718
-4.78460
-8.69810
4.73980
3.54283
4.18696
7.39959
0.81364
-9.69451
-6.31762
-0.65904
-0.78562
-12.52988
-9.09220
-2.90221
5.30779
-7.36014
-6.30627
3.97796
7.07142
-0.84422
-0.53524
-0.10004
5.19480
-1.04649
0.52747
8.11586
12.36737
-10.60225
-15.40679
8.33399
0.16901
2.79283
12.18890
4.98776
3.02179
11.24079
3.84334
-3.77247
-3.98315
-11.45186
-12.59344
6.70550
-0.74552
-5.62664
-3.96315
-5.70265
3.83951
8.02158
0.86158
1.14846
-1.55694
-3.23148
6.76395
-7.32981
-6.84758
5.39429
3.26246
1.33791
1.44544
1.40489
-0.23449
-1.61260
15.82266
-0.87276
-7.42212
-3.47355
-2.47424
1.07549
7.00783
-0.97362
-1.78565
-8.22349
1.59121
6.47672
2.51703
-19.76595
0.00679
6.93877
9.07359
-1.52099
5.39770
8.63298
2.18672
6.67195
-5.96032
-9.90631
-1.56731
-10.37177
1.13880
-0.84706
-1.13408
1.43342
0.46764
1.91171
0.60813
-1.35271
-3.85440
4.30130
2.85896
11.60462
-1.46880
-2.88288
-3.76910
-5.61657
1.01962
1.39310
-3.97017
13.10011
-4.28642
-2.61379
8.52396
-1.35386
-8.40206
-5.57726
0.05353
3.85051
4.16586
-1.02721
6.15587
13.57709
-4.80490
-1.97816
12.28459
6.69520
18.11825
7.69461
-4.87908
-3.20274
-0.09939
-11.09531
7.28023
-1.76315
3.02684
7.92463
-3.64344
-5.60543
-4.04414
-8.05793
3.61322
-5.99399
7.57241
1.84825
4.96583
7.20526
-11.98523
4.37821
7.21121
5.90853
-3.04581
4.64581
-1.89176
-5.67724
-2.87326
-2.59295
-4.68255
9.13055
-3.77964
-0.85821
1.61711
-11.53034
-4.62343
4.74740
0.65975
0.81172
-1.05601
4.66858
1.77268
1.59098
-3.02649
10.55197
3.05669
-2.32804
-7.26392
-0.05386
-3.05909
-4.31119
-9.27385
8.94662
8.87020
9.30340
5.28417
5.54926
-4.86249
1.92713
4.63833
-6.38390
9.67600
-6.29994
2.09951
6.01139
-0.49841
-1.86251
2.14298
4.87552
6.59415
4.01536
1.33096
-0.22326
-2.58142
-10.07440
3.26455
-0.73387
-1.70068
-9.39937
-5.04631
-4.80785
-14.81409
10.58152
-0.29923
3.73446
3.82786
-11.50137
-1.07455
-3.38655
-8.42244
-0.66402
-2.92993
-11.33052
3.73567
-6.03332
-3.20336
-4.07280
0.13515
11.33748
6.56568
-0.19163
-2.27028
8.26128
-2.12314
-2.75412
6.95805
6.61302
-1.99590
3.43542
-3.11845
-4.66214
-6.62928
-8.98884
-6.32455
-5.40192
2.10449
-1.60434
10.87661
4.43290
-4.90727
-13.48072
-0.21769
1.26412
2.08732
-5.26534
-4.52526
0.95332
4.75882
3.67474
-7.76716
2.58592
-1.94607
2.25840
3.55394
6.83386
-0.60391
1.87914
-4.12859
-8.57207
-1.09810
-2.91711
5.82124
6.10806
0.60721
-4.90612
4.18041
0.23485
0.73900
-7.10382
5.36691
0.58494
5.24774
2.49597
2.12168
0.01755
0.72498
-0.33089
12.98384
-2.26264
-2.45978
-4.64022
-1.54694
-3.82314
-0.80894
-5.63088
-5.99580
-1.11570
-5.25908
-0.86666
-5.69555
4.75542
-2.39884
-7.32600
-5.11572
-9.94674
3.46202
9.24520
5.89683
-2.58965
2.82002
2.24104
0.60159
-1.12288
1.01718
-6.63874
-3.94083
-5.69097
-1.80979
11.03611
1.61651
-3.58250
5.86892
8.04193
-2.98980
-3.72289
-8.90674
10.13037
-3.35612
3.68292
-6.19781
5.95478
-2.97268
13.27616
-0.91699
3.81318
-6.38964
-5.87470
2.79404
1.01758
15.23708
3.44000
-3.55321
4.37281
3.56589
-6.06879
-11.72122
-9.68080
-1.35582
0.39701
8.20965
1.65975
0.57102
-3.72672
-1.14876
-3.79319
-15.21699
-1.97253
6.12410
7.39355
0.51616
-7.92166
-2.40227
-4.28573
-7.29329
-4.24085
-0.98142
-8.83857
2.41505
5.14624
-7.22883
-0.51729
-0.84934
5.24680
-7.80175
-0.63061
-0.30852
11.20690
3.29700
-5.79564
1.20565
3.03463
6.72693
-2.42825
1.56349
-3.75713
-0.36382
-3.36585
8.33397
0.18378
16.04893
-4.25387
-4.74593
-3.79132
-3.91989
-3.27058
-14.14831
13.81156
6.47713
17.73444
-1.78479
1.84198
2.00243
-13.49411
-4.01227
1.46524
5.55996
-5.33872
-7.23173
10.66220
9.00798
0.66554
5.69290
3.31713
7.50666
3.40358
-0.49757
-5.14224
2.27160
4.54553
3.20139
8.00298
10.45452
2.48349
-4.82723
-0.52066
-0.47099
-5.87770
3.75038
-2.46908
1.77164
-6.79055
8.71488
-2.16488
6.90326
6.13838
8.82194
15.23700
3.72229
-7.73263
-4.04737
-4.36127
-9.58240
-1.22762
-3.65297
-2.23823
1.47173
-13.30456
5.85681
-0.86235
9.54958
-4.80042
-3.56714
-0.32154
-2.20268
-3.02459
4.59869
-14.62199
6.40401
14.35558
-5.98367
2.60925
-3.86374
-0.29702
-3.96700
14.30421
-14.00428
7.83823
-4.83235
-1.92982
6.44416
8.10656
-12.43305
3.96292
-9.70298
-5.05756
1.81475
-2.70000
-7.94132
6.74500
-3.43188
-7.61655
-11.72944
-0.97920
-4.63580
0.13926
-2.39081
5.08642
9.11511
14.61618
6.20876
6.06380
-3.62606
0.38154
7.56936
2.94644
-8.57221
-5.56863
0.75121
8.74493
3.97886
1.71564
2.51295
2.62079
0.23881
0.55137
-11.89288
2.39545
-6.20160
-1.72735
7.73360
-1.10737
4.18176
2.82758
-8.95604
-2.41997
0.47953
-1.95609
-2.30255
-12.61966
3.76405
1.09413
3.74345
-0.62636
-7.27099
-0.06352
5.81885
0.67705
-5.15880
-6.94178
1.84994
-5.59029
8.21828
1.67316
2.87548
1.43339
2.80627
4.08716
-1.62643
3.29398
-12.27650
-2.52007
3.91992
-0.47908
6.17857
-5.17900
12.66744
-3.03635
-2.86861
4.73305
5.81536
11.50143
-6.73361
-9.74225
-0.99594
4.86621
0.65263
-7.87251
-8.00606
-3.83171
6.45245
-3.29743
-9.57186
0.35434
-0.31427
1.70926
1.00348
13.74703
-2.04779
-6.53889
-0.94209
5.76196
-8.07320
0.16894
1.11889
-2.03213
3.83022
-7.87115
-6.77291
-4.12687
8.92778
7.45906
5.90196
-0.20728
1.34781
-4.98855
-5.03531
-7.52171
-6.07878
-3.03732
8.79717
-7.23805
-1.23583
-0.24028
-7.68168
3.26022
-12.14672
-0.31540
2.41762
11.72325
-7.75773
7.05442
2.15110
0.28969
-1.31653
10.74729
4.27369
9.70368
1.60930
1.10128
-2.22111
7.70585
-5.32393
-1.87817
0.70446
-11.69269
-1.74473
7.23147
-5.26769
-4.01595
-7.82974
0.10901
7.91718
-0.05843
5.54863
8.16832
1.21902
1.37266
-4.46906
4.23832
3.19919
0.79446
6.10482
4.83278
-9.46431
-7.11524
2.63064
1.71772
2.47243
-10.49421
0.72208
1.79443
1.61732
-0.81196
-2.25452
12.24173
4.40068
1.02742
0.36925
-4.47664
0.80227
-6.41078
5.76394
2.31179
12.93001
5.49610
-0.56234
1.94760
-4.86138
12.97237
0.67223
-0.85802
-6.47856
1.80047
-12.16702
-2.29987
5.96537
-2.73310
4.65225
-3.57255
2.23492
3.57423
-2.87908
0.46196
-0.31666
-0.38601
-12.55600
5.53935
-2.02548
1.69077
-9.59829
3.99744
-4.62421
4.17286
6.77470
-0.51807
-2.74394
-1.32937
-13.80762
-3.15961
-1.72672
-2.56766
-3.73317
2.28039
-3.45031
2.45998
3.76581
-1.44997
4.13109
-3.51096
-5.10684
-3.60529
0.77611
7.15948
2.40183
1.01301
-6.98031
-3.77060
8.27984
1.43059
-3.73309
3.05926
-9.20823
2.83688
-2.45872
-5.47735
4.24487
0.65612
-5.92092
3.73706
-5.32226
-6.11283
0.52768
-8.33819
5.61496
-14.23883
2.17642
4.34585
1.56220
2.45290
0.35892
2.79570
-2.89695
-1.90070
-4.44711
-8.36774
-6.27294
-7.15481
-5.52092
18.76007
6.56213
0.83982
2.76222
-3.60224
0.83883
-5.35186
0.59027
-0.34548
2.28947
-0.98332
-6.50062
-2.52136
1.69303
10.75723
0.85990
0.15136
4.63993
3.09989
1.20678
-4.62824
3.60302
-2.37841
5.12853
9.19326
6.58682
11.79266
9.82871
-1.79960
-0.81755
8.66189
-5.88147
-2.77132
-8.64425
3.09551
-3.48944
5.02143
-6.21244
-5.45576
-5.77953
0.70659
-0.06852
3.20313
-5.00791
2.50349
-3.12325
-4.84883
2.28900
-2.95958
0.67444
1.74997
9.96020
3.09555
2.98884
10.63635
0.73728
2.01647
-8.24861
-10.50485
0.85333
-2.81820
3.66155
-2.64080
-7.22459
-2.92511
6.12133
11.28547
-7.36200
2.92788
-0.34417
-0.54251
-5.14927
5.52067
5.04347
1.41122
-3.16708
-6.95194
8.09816
5.61552
0.45916
4.18498
-3.33382
-2.98577
-8.55409
-0.45289
1.61459
-0.21551
-8.93191
4.14518
-1.33936
-2.17072
-4.38865
1.77909
-1.13384
-2.19628
-9.66280
-13.87557
11.28579
-1.83372
-15.04962
1.99453
-7.21016
2.90436
-2.56217
-0.90885
4.58227
2.99165
10.99739
-4.61022
4.94177
4.98094
3.76377
1.22812
4.50767
-4.94974
2.67475
2.92368
5.85553
-5.28224
12.75453
5.80338
-2.54916
-13.91042
1.91121
3.89970
-0.69798
2.66020
-3.68720
1.35754
9.89253
-6.33437
-5.90809
6.70797
5.43168
7.12065
1.02108
12.30723
-11.23286
-1.30671
3.23370
3.92792
-1.10585
7.03129
0.64075
-2.01246
-4.64576
-13.99068
0.80947
-12.78869
-9.48271
0.69692
1.40666
-3.30438
3.26237
1.23804
-4.93665
-3.53816
2.59174
-2.03048
-8.43423
10.07093
-0.91848
0.97272
1.31535
4.37822
-3.99013
-1.79249
-4.24449
0.63861
-3.37745
1.93985
-0.80111
9.73848
-5.06746
-7.68149
8.24421
4.06943
0.88348
-8.75675
1.43919
5.08028
5.70897
-2.07361
-3.83653
5.83386
-1.44776
-3.51704
11.73632
-1.69616
5.07531
-0.48607
-0.17312
6.13947
-2.40708
-0.31610
2.43031
3.78098
0.63059
-3.40033
0.19029
-3.85401
-4.21230
8.37094
-2.53615
2.99588
4.08229
-10.80333
-6.73228
-6.14605
-1.13702
1.26376
8.13358
2.59695
19.43889
-4.78686
0.38284
9.73073
8.93591
1.71156
4.14905
-9.52525
5.34353
0.99872
4.14526
-6.95463
3.71657
8.83864
-2.64424
9.89848
3.08499
-1.44151
3.78055
-1.76844
2.23767
8.22903
-10.70125
4.85463
-4.42753
-6.85920
3.63923
-2.07122
-3.29108
5.21814
9.10655
-12.02795
-0.40970
-0.91591
-9.66055
13.63048
-6.01080
-1.26057
5.02582
-3.56680
5.01341
-7.39243
-7.95499
4.45633
1.18679
3.77772
7.38167
-1.36483
-8.37054
9.48582
-5.74949
-0.22044
-10.09331
-5.51692
-3.00574
-3.03410
-1.34475
-5.53293
8.48684
2.80097
-2.78572
0.17100
-6.58431
-10.95517
2.32679
10.55715
10.69208
9.90769
-9.60504
-3.60936
2.68629
14.29536
-3.56788
-13.09383
-7.11097
-9.79904
0.78601
-14.44393
-5.29691
3.56074
1.86010
9.49722
8.98401
9.77194
-15.81470
-9.18525
1.76660
1.14726
-9.43088
3.68440
-0.45747
1.32384
-2.27046
8.31302
-17.61091
-2.63447
0.13229
3.85804
12.29421
5.49487
3.98933
-15.18360
-3.26434
-9.83758
-3.01865
1.82198
-3.69602
2.60360
-2.56984
-3.00130
-2.79423
-6.14243
-4.99381
-10.93449
5.41035
7.18656
4.39138
-2.82027
2.11073
0.46987
0.47117
7.48254
7.33761
-10.59594
-13.31870
3.85363
0.64984
-1.56587
4.68338
0.19797
0.63594
-5.24869
-3.14312
3.87364
-7.77916
-10.69994
1.00764
7.98407
14.85834
0.15082
-0.31264
-1.78955
-2.21310
-6.92754
15.48512
-3.85344
-0.38999
-7.53790
4.97416
-5.82348
-7.18327
-12.68251
-5.53240
5.52837
0.34372
5.88544
-1.27013
-0.08486
-9.77047
4.24195
-7.21430
5.55054
-1.89033
-7.45206
6.41574
4.74415
4.58061
-0.37992
1.88364
-12.94475
-3.01509
-2.15175
-7.80640
-1.91731
-3.69535
-0.35520
8.92443
-1.72488
4.98511
-0.62869
3.02991
1.12986
16.03130
1.26013
3.06627
9.39472
-0.98059
-1.71012
-1.92680
-3.96415
15.71003
-13.14096
-4.77657
6.05047
-8.79334
3.66906
-2.52119
-6.70879
-1.68974
-0.32342
1.86339
13.73672
-2.83177
-2.22723
-0.12623
-10.89522
-10.01655
-12.22402
-2.13712
-1.19657
4.05913
0.79876
2.22506
2.42530
-0.27016
2.70535
1.24494
1.19083
6.97773
-0.26832
-5.08838
6.22095
2.72619
-8.85657
-5.89146
-10.41365
1.08072
-8.68937
3.43606
5.81201
-10.20635
-7.34855
0.09335
4.88744
4.05699
-2.15064
-5.97955
-2.06296
8.07778
-6.86667
-0.21610
3.94753
-0.20461
-1.49258
1.54648
0.09625
-3.11286
-2.81550
3.33303
1.20583
-3.43687
-4.99926
-6.94749
7.80508
-7.19184
3.67408
1.37224
-0.62350
-10.54407
-2.90151
11.10048
1.74805
-8.55972
0.04102
-6.46171
-9.65044
2.90305
3.10111
-4.57301
2.17531
2.75848
-14.89109
2.45342
-0.25702
-2.90811
-4.45311
-7.29215
-3.60985
1.17757
-1.05459
7.40120
3.89336
-4.42729
-0.26248
1.43624
-6.51933
0.39536
-3.88652
-0.24895
-2.00237
-0.14381
7.75656
8.68578
-2.58862
-10.63609
3.55554
-5.82369
-3.26184
6.25596
2.97625
-9.20703
4.93957
-0.08737
-11.85941
4.56397
7.05867
1.52890
-1.99412
-0.39683
-1.34621
0.03824
-15.79260
-1.21768
-11.00548
-2.15510
8.16562
-5.65367
0.14363
10.50594
9.05561
3.00524
4.99089
-0.74671
-2.06376
1.49730
7.78224
5.24631
7.11112
8.09793
-0.54876
-2.84506
4.66352
5.57945
9.99892
-3.64701
10.92040
-6.62369
-2.49519
-7.58036
3.45253
-8.13789
-3.09750
6.46035
2.56492
-7.97224
-0.40312
-3.03987
1.03126
-2.12381
17.94029
-5.04784
2.85303
-2.75627
11.92920
-0.88121
6.57811
-11.17482
1.62825
6.77859
-1.14165
-1.78453
-1.66649
1.04912
-2.67152
10.17533
-10.43573
5.92476
4.41544
1.89812
-5.94969
-2.17678
5.21063
-11.73252
3.76148
7.28051
-9.52862
-7.95883
0.11936
-9.10448
8.83299
-4.50209
-1.71301
-4.59660
-4.16147
-6.45939
-1.17252
-10.41008
-2.08556
-2.47385
-8.89708
-4.71009
7.53436
-2.69864
-1.89966
12.79990
0.14496
-0.22638
3.81714
2.73578
6.65195
-0.48025
3.45445
-12.03305
-0.06074
-6.99036
-1.56913
16.27350
-3.26950
-2.59564
4.21802
-8.33944
5.21795
-0.99045
-6.17113
1.60156
4.00211
-0.96694
-2.22400
2.70891
5.49883
-3.61846
2.59116
3.26155
-7.13513
6.45312
5.21597
9.24741
2.06490
8.64957
4.56995
5.55546
4.57464
0.30884
3.40448
-0.05784
13.69713
-9.62922
-2.32030
6.20041
5.38884
-5.31471
3.76228
-1.42769
13.41758
1.60143
-11.19878
-6.96386
-2.08386
2.54394
-4.08440
-2.83026
2.00561
1.43985
7.52672
6.98087
-11.68375
-2.54682
2.94588
8.95086
0.02832
-8.76485
-6.80473
9.77911
0.92753
-2.27166
13.11522
1.42326
-3.52716
-1.73258
-6.68628
5.51751
-2.74846
-5.56014
-7.04341
15.25587
7.76823
-7.88862
-7.19971
5.63333
-2.68778
-5.61410
-12.88138
9.21231
-8.50067
-7.92776
-6.91018
-1.29061
3.11827
-9.52675
-2.57817
4.90164
4.76641
4.23978
4.36402
-1.52564
-0.95581
7.22353
-14.19781
-5.84832
-12.43326
-4.57222
6.10145
4.26801
5.25989
10.66853
4.38160
4.33472
-2.91652
0.63555
0.83488
-1.62138
-1.50726
4.48513
-3.07314
-0.00265
-4.34938
-6.26959
0.38848
-1.61545
-0.54177
-0.60379
-1.57111
-6.40058
3.10132
0.54815
-3.58269
6.29837
-8.07377
3.42724
-6.21453
2.16827
-5.35376
15.76608
-13.06198
-3.92077
-4.69645
5.18187
0.13650
2.21767
0.14951
9.32959
-1.29391
1.19536
4.00723
7.88806
-9.15688
10.65409
-2.32470
1.18804
-0.13903
6.06184
3.31694
4.01637
8.73462
4.15360
11.54787
3.97977
-14.96372
5.04291
-1.88146
9.04369
3.91498
-3.45885
-0.11672
-1.85871
12.11096
-5.66057
-12.97714
-1.04180
-5.95416
1.75220
-0.19221
1.51533
-2.55709
-1.29540
-4.54456
5.68610
2.67143
-1.27747
-15.85469
-2.50496
4.86918
4.35992
-2.26745
0.66867
7.41321
1.80714
1.42004
1.20081
14.89756
-11.24333
-1.06162
5.98712
8.37500
4.49517
7.24491
11.68029
8.88760
1.14360
5.26152
-4.65517
-10.78273
0.09976
10.02075
-3.37004
8.95820
-6.74751
-2.72813
-2.15102
-7.14998
1.58741
-3.33019
-4.75888
4.40371
1.47548
2.23193
0.27536
-1.30280
-0.35189
-0.23128
-5.41602
-0.25408
8.97802
4.01508
-11.40283
6.77322
0.12276
0.20046
-16.46256
1.63184
-3.02686
10.33169
-0.32232
6.43811
3.94469
2.83770
-3.41751
-13.91278
7.15224
-9.33737
11.04998
-0.49153
-2.41966
-6.36300
-2.64509
4.26842
8.92505
-8.71636
-3.76238
-1.04256
2.88883
-13.07935
-5.27026
-6.66193
-3.13625
0.10350
11.69430
1.97795
6.89501
3.20366
-1.42957
-4.72747
-5.51554
-3.20476
-7.75046
-8.19609
-3.15405
-0.57988
2.29966
-7.44477
11.31569
-12.21395
6.16673
3.22029
-6.79368
4.75968
15.76042
-3.84720
2.19136
0.94043
1.68854
-5.17526
-3.49089
-2.47393
-8.75755
-11.12057
-2.14736
-6.79227
4.23329
-3.92993
-0.82116
-2.43375
-10.96656
-0.75263
5.38360
3.61840
-5.79690
-3.51962
5.77859
7.29131
2.37991
7.88879
-0.97375
-2.21828
3.80628
-8.27810
0.88420
2.13502
-13.40653
-3.86544
9.80585
11.54858
3.70346
-1.10489
-7.09583
0.50297
-2.33074
-7.16424
-0.89492
3.77653
-6.49624
11.87645
-4.67690
5.61127
-4.19732
-7.17314
-4.40673
-10.10590
9.60648
-0.09314
-10.43257
8.86465
-1.34777
-2.46487
2.11946
4.87682
-3.23114
10.67299
7.79039
2.89631
-9.91271
6.18259
6.98047
-6.03064
5.86237
-11.15302
0.00161
-0.03671
-4.85924
-1.45593
-4.24915
-4.42421
3.97978
-3.33249
-2.12386
3.86676
0.22127
-5.86857
-4.70089
-5.56244
-1.97527
10.96437
-1.34575
-0.98464
-6.95762
0.42981
-0.08406
3.84205
7.51984
-0.22659
-14.21491
7.55208
-12.19032
2.77264
2.67175
-7.42979
9.26400
-4.72061
-4.06058
-4.39335
4.92956
-0.92518
-0.75946
3.23992
-8.40392
5.43801
3.46153
8.97869
-8.37109
-3.37653
-0.83510
-7.45771
-3.54402
-2.04533
3.28945
-2.68791
-3.73382
-11.49239
-5.78383
-1.67925
2.38682
-0.80808
10.57802
-2.07481
1.40204
2.10075
-1.45282
7.04609
-1.09580
1.52737
-4.61416
6.99057
4.21121
11.48178
-3.12903
1.86386
0.09145
-8.21671
1.90320
7.45112
-9.60106
1.56927
-2.93529
-11.10551
-5.16220
-2.21234
-10.77352
1.48609
2.76537
-2.59195
2.31720
4.15835
2.24655
5.24393
10.71599
3.53029
-9.04633
3.73098
-6.89324
5.31153
-1.93441
2.91171
3.71305
8.18870
-2.43613
7.32748
1.09261
13.74003
9.56244
-8.59167
1.07699
0.52018
-10.15298
-6.60950
7.76004
-10.76139
2.18597
-6.85610
3.02983
-1.86457
3.47079
0.78557
-7.08906
-1.39625
0.94731
-1.86506
4.19369
3.05534
5.26248
8.48558
-3.72142
3.08847
-9.49668
-3.60224
-1.59504
-5.29517
-9.68948
-3.32409
2.87034
-10.48881
14.45262
-5.31643
-1.93118
-2.83126
3.07693
0.13334
1.32306
4.48982
-1.92470
1.10593
12.12394
1.76403
0.46990
-0.81955
-9.07969
1.06686
-1.84043
-11.00588
-4.88472
-2.57509
-5.72556
1.45935
2.38657
1.86021
-2.25110
0.32087
7.77916
-11.83170
1.48879
5.92022
0.34662
1.93292
2.31104
0.95048
3.57165
3.55627
10.98006
-1.19732
6.61839
6.65165
-2.59122
-11.44717
-3.12461
0.38207
-0.99206
-1.37580
3.89216
0.23673
2.76670
-7.10436
-9.50243
1.93359
8.34250
3.98155
-0.75719
-0.95407
-5.14059
9.17570
3.25734
-7.88638
5.27343
6.65254
4.82325
2.75897
-9.57303
-1.68877
4.21409
8.46200
2.78442
0.75258
4.95850
-2.80006
7.64560
-2.25304
-7.47013
3.98304
-3.21710
16.34875
1.37467
3.63816
6.91878
10.72467
-2.30219
1.26322
4.86287
-10.12239
-4.21969
3.22674
0.20083
1.06949
-1.18537
0.50175
3.55724
10.29495
-2.26626
-5.36401
-0.01280
-6.29723
-1.40729
-9.80341
11.64711
-0.66275
-10.87822
8.43074
9.16892
-0.49672
-6.78424
-7.02827
-8.40791
2.67890
17.94684
-3.09706
5.77427
-11.35537
6.41957
-2.18680
0.21562
-9.47171
-0.46365
0.83147
-2.49735
2.80231
1.33668
-4.17848
-2.17798
-2.25213
-4.11663
3.91818
11.34230
5.31969
-2.21897
15.54993
-8.12319
12.71109
-7.04814
-3.64052
-7.58788
-1.90947
-2.73894
-2.38265
-13.82668
4.42310
-8.89893
-12.06397
10.81087
-5.70304
0.65768
13.87688
-3.81830
1.02358
2.87199
0.56732
-9.98850
-11.77264
1.53822
-1.85167
10.65815
0.45348
-1.17840
8.71046
-14.46509
-1.10601
-3.24615
7.40674
4.34435
7.54782
-1.87572
-3.90567
-9.08458
7.55982
-4.16055
-3.72397
4.61068
-5.33681
8.71271
3.84962
-1.48839
4.59196
-3.92600
-5.35163
-3.47659
-9.80010
-6.12935
-4.82419
-2.33428
-8.63275
1.79622
2.97814
-5.93167
-0.82481
3.01903
-10.35794
3.31531
-7.40482
-0.28910
0.35197
-4.70875
13.78091
9.72483
-5.64052
3.12212
0.97852
1.35484
0.02577
-0.45582
3.33250
3.03712
0.48552
0.35455
-2.04528
5.92566
4.70730
-0.32160
14.60650
-10.76329
0.80676
-1.69309
-11.17806
-5.69980
4.39964
2.14427
0.33665
-3.58402
-3.74719
-3.80158
3.78493
-5.79516
4.10991
4.77981
0.43837
1.43637
-4.22626
2.56503
-2.69392
1.12069
1.80369
8.37946
12.96100
-12.05657
4.27634
-2.64083
-3.39603
8.03483
-4.86819
7.24327
-0.27383
-0.52142
11.75485
3.01131
-9.86979
-3.73051
-2.24778
-7.41591
5.89982
-1.90236
6.56333
-4.54707
-5.78299
-9.05925
-0.68479
5.75151
-2.57425
4.71708
-1.82978
1.45369
0.78117
1.87239
6.07193
4.52223
-3.37684
-9.81415
-6.49230
1.09716
-12.02610
8.70442
-4.05155
6.66738
10.24453
-7.59081
1.12308
8.22029
3.12198
1.11510
-8.68967
-2.76902
-4.26503
0.00361
4.91199
7.45921
3.05937
-1.09247
1.31349
13.04936
11.87659
5.68730
5.90525
6.08818
-12.32912
4.39838
-7.06452
-4.56918
-6.14607
-0.01622
7.96523
7.95462
-8.09442
-12.35426
1.33661
5.60900
-2.36481
1.35200
3.56173
6.87754
2.32043
7.49122
-8.33671
-0.32144
-6.54803
1.98043
-1.07534
0.90374
-1.51659
-0.25248
4.90326
-0.20693
-11.13400
-0.63518
2.51304
0.43970
3.41057
2.99364
15.26812
1.63706
-8.94583
0.94662
-2.06077
-6.12868
7.31564
-3.35987
-5.71780
-2.11747
4.27035
-5.99674
-6.19942
6.18016
1.44701
5.56590
-6.86650
-11.29986
4.76801
-6.81063
5.05336
10.47730
-6.26965
-8.69851
-4.50244
-2.91259
-5.22742
1.51095
3.81856
-3.25243
-8.86685
0.91975
6.60034
4.62971
8.55845
3.18128
1.66188
-6.05399
-0.76835
2.41964
5.17528
-0.89922
-6.67793
-5.32292
5.67834
9.17954
1.47611
-10.18274
4.63092
7.15595
-0.59293
-1.16379
9.37041
-2.21436
-9.13122
13.57173
-7.29740
0.89955
-3.06323
-1.32735
-1.21242
-3.49434
-20.90975
-12.74127
-2.11861
1.06914
13.06597
4.71016
6.49424
-3.07458
-0.09013
-2.01745
13.03774
-6.60420
1.48153
-2.20528
1.66797
2.60318
-2.27956
-7.87787
-1.12963
4.43569
0.14700
-3.09379
3.02273
-7.38049
-0.51516
10.73309
11.89656
-1.20600
9.73067
-2.50382
6.93752
-2.36177
-6.48592
-3.47196
-2.63177
8.09511
6.91045
3.56868
5.81523
3.47134
5.14844
4.62951
-5.35150
-0.35248
-4.29880
-8.75011
-5.34072
5.31629
-7.19008
4.99104
11.03088
9.93605
-2.16552
-2.63082
-0.97379
-3.50174
8.52205
-2.38770
8.01643
-3.17604
0.92494
5.00885
2.30930
1.05460
1.02399
-4.58970
1.81437
7.06581
-2.08201
1.11965
2.77072
12.53852
-3.49785
0.32939
5.55680
-7.97030
-1.04212
-0.43613
4.10636
-0.74322
-9.25703
-5.28036
-1.01854
5.24693
0.34398
3.53392
9.12146
-0.90775
3.95634
-9.66822
1.97248
-8.89306
-8.06648
6.83889
-7.87799
-0.50587
-3.37961
10.88556
-2.71471
4.23193
0.65953
17.11877
-10.09171
6.77176
-10.79939
1.39489
3.45385
-2.56120
4.48977
0.65034
-13.94022
3.71756
1.24943
-3.24129
1.07981
-7.83405
2.07951
-3.68770
3.02376
3.72921
6.21394
-5.92123
7.78175
-3.85491
1.20964
4.00306
-2.60937
-4.26362
1.50636
0.91389
0.83286
-1.96846
1.43091
4.25601
3.98017
0.84379
11.39970
2.29474
8.98231
7.60766
-4.02315
5.52647
-2.72200
10.45525
0.64920
9.12705
-6.06852
-10.99921
-7.90980
-12.05779
3.20034
-5.69664
2.16625
-7.29877
4.30397
10.79648
6.29155
1.47123
3.90993
6.89477
0.84079
-0.73036
3.51811
6.15437
0.77694
6.14710
-0.91859
1.27329
2.71021
0.53865
-0.03368
8.90765
-0.48484
-0.64599
2.06707
2.96042
-2.59411
1.03413
0.05477
-4.27720
-5.77108
9.46562
-4.88773
-1.92101
-0.97149
0.27820
4.19059
0.59813
-0.63368
3.92701
3.73327
-6.60225
-5.12371
-1.38623
3.56617
0.25468
3.21135
0.58439
2.09700
-0.94233
-1.89041
-8.53695
-3.95083
-9.87290
0.12376
-9.85730
-4.94236
-0.75521
-2.08518
-5.84608
-1.80276
13.03028
-5.16992
-10.44191
14.51344
-7.26362
-5.18725
-0.08151
6.58031
0.00805
-6.76095
-4.38747
-9.58518
8.00414
1.63066
0.72054
-0.79178
-9.98877
5.96192
-5.36773
11.87472
-8.32891
-3.04580
-5.94320
0.27024
3.00801
-6.95865
1.22684
1.49768
10.37429
5.09141
18.46487
-8.26036
6.89892
-0.67344
-4.64310
-2.99979
0.86062
-9.06939
-2.16708
3.93565
-7.43627
11.61802
2.89231
-1.28954
7.55638
5.73842
4.20094
3.24878
-1.00300
7.29013
-7.46151
-5.85390
-1.79159
-8.32364
5.99167
10.73367
-8.65539
-7.94433
-2.69167
-10.43410
-5.51143
7.65318
-2.38206
-1.47056
14.66355
-4.80701
-7.67314
7.09517
-5.45090
12.87178
-0.01917
-0.32461
-11.05523
15.62494
5.16795
2.76113
-6.20274
2.73095
2.12122
7.48727
-9.58104
7.86131
5.51278
-0.52930
2.82177
3.51725
1.92376
1.13318
-13.70484
-11.38927
-5.97369
-6.61402
5.04273
-1.51347
-1.58614
1.44072
-6.55627
15.24246
0.26399
-4.57444
0.23565
-8.93540
-5.02009
15.13613
-4.73491
-1.78084
-5.49317
-10.48292
3.26459
9.05924
2.54894
-5.58831
1.02859
-1.71935
9.57782
2.45127
0.62834
-15.87772
0.69735
7.42404
2.82715
-4.19762
-7.89076
12.33141
8.85184
3.45752
-0.77758
4.63414
3.82930
10.39655
-2.72392
1.18140
0.49900
3.64323
2.87407
-1.28540
-5.44487
-1.12086
-7.80719
-4.88145
0.41605
-6.36298
9.99966
2.68116
-1.08783
1.56064
-6.34442
6.34731
-3.86554
6.01349
-5.64370
1.34638
-0.87889
-0.19800
6.59635
-4.56732
-4.18494
-1.77234
-3.02598
-3.58461
11.86135
0.74382
-3.25051
1.15041
10.67306
-4.54549
-4.34982
13.09135
-9.33783
-1.62705
-0.96909
2.56812
-2.95721
-5.97907
2.66325
-3.36537
-1.22395
4.36203
-11.76444
1.19307
-10.06986
-6.15690
-10.02736
-0.46380
-3.44265
-0.43335
6.53138
-7.32741
-8.61622
5.31142
4.00263
-5.32198
-2.85471
3.59412
0.94727
-4.34816
8.34162
5.17469
5.48783
3.09652
-8.29386
14.19385
-3.53019
-2.48204
-1.53661
-10.74842
-3.59702
-2.12183
8.25051
-0.74896
2.16861
-6.07801
-5.79646
1.13288
-4.84957
7.85863
10.56047
-2.16139
0.43168
11.47225
7.99304
-7.43781
0.25935
9.79700
-1.45361
5.48040
-0.64737
-5.15782
-7.75842
0.76151
-7.04835
1.09811
0.49351
0.83619
-10.86936
-0.15126
11.31394
-5.92102
-3.64789
-0.91148
4.00673
-8.93223
1.63066
6.71113
4.45501
16.99555
-14.50211
-1.98432
-3.94761
0.33469
3.18063
-13.21975
0.87232
4.41146
2.62028
-2.82170
7.43076
5.41464
5.70292
2.56077
10.98190
-9.52038
-3.00382
6.47349
-5.48996
0.29522
0.51232
-3.12644
-5.07677
-1.22666
6.03767
-3.38028
3.92506
2.18131
-16.94047
-2.22024
-0.64978
-4.58840
1.60386
-9.77329
-7.55603
-2.87105
-3.52498
-8.11867
-2.58324
-9.14338
10.35188
-7.26741
-8.89062
0.50815
-4.49120
-0.42439
-0.96305
0.40047
1.44457
5.83053
-6.89318
-0.17419
-2.81815
0.24990
-7.93437
-3.68844
-13.48633
-6.17099
-0.38487
0.62959
-2.40857
-0.82539
12.67888
-3.95160
-0.11651
6.41844
0.94525
-5.51396
7.98545
-3.15792
1.03432
10.58540
-2.53429
11.84102
0.40361
-4.26317
-8.01944
7.49443
0.71399
-3.26617
-2.06860
-9.59521
-8.01920
-1.53274
-1.66644
-5.47319
-9.59522
-6.23267
-3.64405
0.21292
-5.85654
2.69315
0.42588
-0.31974
-3.99502
4.89017
-2.13393
-4.09666
11.45098
-3.26257
3.97359
-0.70069
-0.44025
6.51048
-1.80443
2.26953
2.68330
7.32340
-6.92646
-5.71905
-9.13569
7.51835
4.95703
-3.42236
-5.64453
-19.45508
1.68022
6.33897
-4.73421
3.66920
-5.55037
0.98049
-9.99363
2.16363
-3.25476
-0.47545
7.39637
-1.21973
6.83862
-0.42202
-2.82496
15.78795
-3.51596
10.73403
-1.63866
-7.91841
6.36448
-10.53050
-0.24922
4.62093
-5.92003
9.05270
-10.49844
-0.21916
-4.34135
-5.97592
10.01222
-17.34361
-5.28973
3.58988
6.32299
7.64049
-1.30134
0.90452
4.67928
3.50654
-8.52787
5.39250
-0.01759
-1.51907
6.57992
1.87997
1.88198
5.36123
0.08020
-1.46686
3.45944
0.54634
-0.91145
-1.28899
-6.27168
-6.06494
5.27058
-4.50424
-4.21317
-1.14866
-4.99325
-9.88651
-4.56830
5.90178
-0.21867
2.33689
3.67548
-10.55194
1.52773
-1.36116
13.04593
-2.28923
-1.13504
-0.97947
7.04476
-1.75126
1.19110
4.16308
-8.59049
-0.50393
0.23154
5.59227
3.80786
2.96740
0.59026
-6.24614
-6.79734
-7.66516
-6.30051
2.16210
-6.01229
-0.96991
-2.87738
6.71379
-4.19803
4.26556
-6.77523
6.38227
-2.97600
3.60922
-10.28508
-11.11917
0.99821
-2.87099
-8.09237
-5.76577
-2.85938
-10.76738
-13.24878
-0.78965
6.86811
6.37200
-0.89468
-2.89496
0.56154
11.34172
-8.81721
-3.51168
-1.54739
-4.69357
-12.35927
-0.96903
2.99234
3.64832
0.29455
-5.11665
-1.49279
12.77160
5.54489
8.09215
-3.22460
2.11467
-3.71129
7.09135
-1.76252
-0.00368
5.06490
-2.26060
-8.01667
-1.18029
-2.01665
0.10026
17.09645
9.76770
5.08714
-7.93064
3.24367
-7.30702
-6.37817
-5.45456
-1.89376
-2.95934
3.63346
-1.87511
-4.32449
6.20283
-15.99753
-4.05533
-1.97644
-1.00034
-2.40268
-3.23036
9.85004
-6.27376
8.79792
12.34861
-5.95608
-4.15072
11.98356
5.48410
-7.43741
2.51966
4.72917
-11.61799
-3.78202
-7.06482
0.90984
10.41360
-8.26124
-9.06656
-12.89909
11.31016
6.92929
7.86498
-12.57517
-14.53894
3.03731
-5.59226
15.57088
-5.75255
4.36939
0.72107
4.58349
-2.38075
10.21954
5.49866
-2.31944
12.98201
10.44488
0.86042
2.58311
-3.24112
-6.94640
3.23491
-0.58564
-0.47923
10.08409
-4.79389
0.50796
-2.77731
5.43335
-6.97340
-5.10936
1.94977
4.38318
-12.04075
-3.09873
-4.27659
4.10211
7.62993
5.43539
-9.87154
3.72363
-0.39819
3.67071
-3.26393
1.43297
-4.72045
4.61833
-2.93690
3.28140
-8.65175
2.83979
-2.21168
-6.51171
6.50364
1.29494
0.95114
4.49665
2.79075
0.56294
-2.07314
-0.70818
-3.55071
2.79177
0.92337
5.09585
11.58928
9.63972
0.38113
-1.16705
-10.13038
-9.19466
-1.30903
-13.18021
-1.94847
6.46786
11.67325
-0.84441
4.49682
-0.82873
1.67911
-4.80528
-0.56183
-9.66245
5.12911
-4.38779
-2.01501
-9.27616
-0.81793
-8.75977
6.19208
5.45023
-3.63186
2.42628
-10.14082
6.50252
-1.50058
-5.42241
0.04314
-6.74244
-5.71261
-11.48888
-7.75958
-5.50733
0.45320
-10.18376
-7.02764
-2.80315
3.31742
8.79337
-0.82175
-7.75718
0.99377
2.84220
11.15582
-6.37983
2.97018
-6.23927
-1.62116
2.30093
-7.47551
1.93455
4.62984
3.76080
0.80169
-6.43367
0.77865
6.90412
-1.73453
2.38789
2.03478
-2.19069
12.67403
-5.20046
6.19550
2.52759
-1.81466
1.33548
-5.93953
2.28472
11.13328
9.23056
-5.52822
6.09553
-7.73642
-6.57534
-2.89515
-1.53489
-2.76960
0.70615
1.73702
-0.37969
-7.85801
-12.97444
-2.28871
-0.37974
-8.37645
2.75578
-4.94250
1.42979
-5.75581
1.83584
13.61676
3.04734
-11.77364
-0.01415
-2.90431
1.26488
-6.17067
-5.26510
-8.79213
-6.03710
-10.59794
-6.01755
6.81102
2.16913
-2.43396
5.23139
-6.42747
-5.29978
3.53138
-5.27282
-1.77225
-5.52867
3.34737
-5.51547
-4.42732
2.06986
-5.74566
11.64252
7.02442
-1.14334
10.97279
6.43090
-11.33984
-14.69611
-1.46856
-1.75246
-2.12926
-2.79003
8.35321
4.94764
-5.95615
-1.38279
-1.46148
-1.83110
10.41835
-0.91596
0.82058
-1.29167
0.70973
0.19901
1.64097
-6.20647
4.09490
-7.65243
-2.46421
1.87386
-1.63055
2.47999
-2.30544
6.13323
0.68027
-16.23774
10.08166
0.17842
-0.58991
-0.17837
6.54665
-4.22980
-0.32372
9.69396
5.67557
13.71369
-6.53858
-11.43138
13.96244
3.69716
-6.06040
-19.58326
-8.15659
-2.33191
9.78320
0.10533
7.05676
8.88608
5.93444
3.04639
-1.83500
-2.51729
-1.46122
-17.12745
0.86081
-1.55989
-2.23453
2.70266
4.70845
-3.08908
2.64802
-5.13202
-14.13155
-2.65935
3.40322
-14.43332
6.23016
2.44982
2.87026
5.95027
6.01037
6.09196
-5.72081
-1.34629
-1.34423
-10.33475
1.45787
7.74777
-6.74541
-3.25832
0.49668
-2.54922
-3.70040
6.54334
-1.52749
6.85409
-6.75227
5.13123
-1.40973
2.06061
6.60756
-1.35659
2.47850
12.27437
1.19344
2.40618
-7.49233
4.82809
-13.99556
-0.85989
-2.87817
-0.40418
-10.45150
-13.26262
5.75864
-3.99118
-6.11195
-2.50744
-4.73085
-1.71000
-5.18718
1.03398
0.12156
4.18732
-7.35713
10.32915
-2.58415
-0.18963
-0.74303
-1.59326
3.69295
-8.62173
6.91647
-11.17758
2.66742
-1.90456
1.67700
-4.26720
-11.35791
-2.67064
-2.53885
-5.98303
8.67533
-5.21360
-4.59386
-7.06427
5.98446
-12.01907
8.39534
3.85226
3.74368
-2.89440
5.92581
-9.59785
10.67784
5.52371
-1.33807
0.09904
0.93835
2.35283
5.05495
-6.41734
-2.21713
-3.81651
-4.50722
3.14304
18.80917
-5.78821
-3.62915
9.35800
5.26606
2.05557
9.22152
-0.35016
-5.89721
-0.44488
-8.63769
-1.22161
2.03979
-0.20351
1.43456
9.91473
-1.00407
-3.95301
5.60577
-5.45729
-9.96242
1.98252
7.18328
0.49474
-9.27611
-2.30622
-4.83566
-6.94949
7.49024
-7.52864
-5.09061
16.78044
2.46321
-3.97197
-6.26132
3.38236
-4.30793
-6.12229
-0.51379
3.51635
10.85843
-1.04581
-7.43003
-4.56080
3.58112
-6.70168
-2.60231
-2.68226
-2.02974
-8.01556
-12.75466
-1.08787
3.07649
-8.41732
5.29303
-2.40107
3.85243
-5.58667
-3.38283
-3.95047
2.88411
-0.16185
-4.26860
5.33012
-3.97251
-2.28567
-12.17803
-13.12209
-6.35902
11.83065
-1.62054
5.40047
-1.95956
-7.67129
4.17845
-1.40333
-5.34247
-7.11684
8.96497
-3.42561
7.79615
1.30471
0.86900
-4.28351
6.72274
-10.33349
2.19639
-1.33563
-15.04424
1.52490
-3.41700
-0.48061
1.59093
0.73016
-2.88054
-7.41630
-7.91531
-5.86763
-1.47534
3.32299
-5.11332
-0.71768
-0.43990
4.69066
1.69555
-5.93262
1.78229
0.87400
11.06208
-8.99568
-2.51866
-9.74493
2.48921
4.09888
3.21745
-1.35692
-7.22317
0.05480
-1.82499
-1.12454
-1.63588
-7.76693
1.93842
-3.11035
-5.93347
4.92842
1.78498
-6.53194
-7.43743
-8.92095
8.93229
-8.76131
13.88382
-0.30106
3.92770
1.73996
-7.77976
-4.75539
-7.77010
1.70817
4.94151
9.51503
5.33588
6.93565
-8.23576
4.50784
-9.57437
-1.99764
-6.30675
-10.37400
-5.11855
5.39945
1.25140
4.40408
-6.95604
8.80679
5.84799
8.54966
-2.74581
2.60727
-1.04134
9.80292
12.07111
10.72289
7.85725
10.98767
0.57797
-11.12259
-8.75641
-2.50830
9.62413
-7.31379
-8.86731
2.94687
-3.72062
-6.21300
2.74909
8.86037
-5.77433
-1.88926
0.55071
-7.53150
-1.41122
-1.57231
7.96923
4.87457
3.65902
2.92647
5.24259
-1.72162
-2.06654
0.61657
1.15817
-8.49774
-0.22845
3.70003
6.56977
-0.65850
3.45984
-9.92195
-8.22507
-3.53155
-2.36613
7.18475
2.22044
-1.04657
0.42268
0.22677
4.69249
-2.49553
1.07436
-7.47426
-2.66033
-7.82607
-4.90807
3.07885
0.30880
3.04491
-6.74463
-6.29773
10.62849
5.40074
-2.39267
-3.59015
3.04551
4.86300
-9.30891
-3.33371
2.90611
-1.91088
8.43412
16.73230
-2.17720
3.55125
5.59284
11.83749
2.45504
4.49740
5.13616
-5.37438
-6.76025
-8.20458
5.04706
-0.45042
6.79173
-4.48751
5.14657
-13.11803
2.92249
14.25024
-5.23626
-12.08249
-3.55381
-4.85963
-5.61451
11.92456
-13.69526
3.94282
1.01718
2.28979
0.88864
1.29169
4.89033
-1.43578
-1.70493
0.67179
-2.90409
-2.55802
-10.61240
-3.79879
0.40562
0.81217
-0.72108
-7.70546
4.53183
5.29352
6.55070
-14.90652
8.07680
-2.08341
-6.27530
-6.41078
2.40099
-4.31025
10.07049
-2.54234
3.57701
-2.72396
8.45853
-3.55741
-4.45308
5.57529
-3.90373
3.32895
0.65651
0.17999
-10.01715
8.80963
2.15002
-7.21726
1.59483
-8.68897
-1.68316
8.97213
0.41444
4.14269
1.33971
-1.08282
2.45210
3.84837
0.90773
-10.74828
7.85465
6.00924
4.18692
7.23226
3.63467
-3.20113
4.11433
3.40023
-2.96478
-3.55719
3.52424
1.97141
-13.95845
-0.79866
-3.07950
0.20726
-6.44608
-3.58048
-0.22875
-0.80265
4.36758
-3.88100
-2.35501
-2.26031
1.44815
3.67452
3.41552
-3.06089
7.29913
5.79063
9.42578
4.16420
0.11661
-1.78878
-6.06791
2.36289
-8.00633
5.27591
-1.90651
-5.74323
-4.25925
-3.07752
-4.18466
-4.17463
-1.37821
3.92490
-4.37269
-3.00234
4.66840
0.02426
10.54474
-5.33700
-4.10519
-2.53159
-1.54787
3.10876
5.15676
0.50624
6.13756
5.09487
2.22366
9.56740
8.75176
-3.28540
2.16674
-0.81505
6.93791
-10.45433
-2.65933
14.05779
12.19438
-5.51869
3.38957
6.49855
1.69416
-6.56576
-6.85263
-5.14581
-0.56370
-2.30650
-1.74353
-8.13912
2.95806
11.34011
-3.14854
-7.44283
-13.17038
0.90558
6.22059
5.68091
-0.92807
-7.10875
2.55489
-5.05027
6.94766
-5.83203
0.46509
-2.11284
0.00778
3.04222
3.69350
-6.61406
4.95869
-7.29214
4.49950
2.50965
2.92149
-7.21824
1.28258
-5.11805
-3.63305
3.02337
3.09324
4.17853
-9.12045
10.68655
-6.01822
0.17785
3.75905
4.81667
-5.45128
-0.31717
0.09098
-0.16091
-12.35188
1.74299
-3.03155
-0.61355
6.24835
1.18008
14.56068
-7.07503
4.75653
-0.20153
-5.48556
3.14692
3.85798
2.50375
0.29481
0.99343
-2.46497
4.92787
-3.24657
8.78156
-0.23838
4.94793
-7.93037
5.79371
10.17303
-9.07570
2.75680
1.85818
-6.12775
-5.13418
-10.22534
6.29215
0.61286
-4.69922
2.91869
-2.57967
-8.65618
-4.58969
5.52090
-5.75675
6.97208
-0.43379
12.96503
12.65019
5.16042
-4.94753
7.92125
-2.65291
10.46930
-4.94277
-3.86852
5.47816
-3.25596
7.89732
-5.42708
-8.37480
-1.96896
0.21512
-0.56544
-6.40596
13.13963
-5.96549
3.46832
-2.73213
-5.37990
-2.17184
7.60088
-6.55939
-1.64108
-4.75258
2.01756
12.38583
6.67636
3.35929
1.46867
9.14017
-1.61879
-4.55876
-0.53536
5.47708
-3.82462
-6.04274
3.24179
-5.29478
4.98052
-0.07109
0.22722
4.28228
-6.81601
5.99619
-10.43840
0.60311
4.14749
5.73601
-1.40517
5.24778
2.96719
-2.51860
4.39882
-1.69843
-2.49983
-2.63077
-0.80539
3.57601
1.97575
1.08384
9.27405
-2.94489
8.73740
-5.12404
-4.17457
-10.51998
-2.85443
6.14369
5.44135
0.01722
-6.04278
2.99506
-6.48346
-8.96632
1.95383
-4.51040
7.67127
-5.50504
-9.49288
7.11668
-6.05024
-5.22803
-10.07418
4.93256
1.85259
-2.11127
0.18240
9.32975
-11.05635
3.18193
3.16921
2.47749
8.38644
11.34538
-5.96233
0.61556
-6.48962
6.32801
1.57050
2.41677
-8.18399
3.28477
1.44607
-2.28351
8.27481
6.46835
0.41951
-10.63240
-0.74297
-6.49974
1.97546
3.74796
-2.70918
10.29923
7.22923
1.82846
12.43607
-6.13235
10.06142
-0.69586
3.77212
-4.58640
-0.77020
-3.87799
-3.21071
10.05833
-4.27091
2.96165
-5.56656
7.81877
1.34041
-1.35452
7.15312
-1.25421
-7.53660
-5.33034
-5.99511
2.58464
-9.03989
-13.47698
-1.12279
-8.01714
7.95102
7.16606
-3.39948
4.15015
2.79978
8.96752
3.84758
-4.17843
8.53632
-9.97202
7.63927
-3.86828
-4.20641
-1.40024
-3.22861
-4.69255
5.16783
5.72208
-5.88957
4.08705
0.12701
6.84546
-2.56403
2.89526
1.13920
-3.90601
-0.78658
12.15687
-4.35718
-0.32746
6.20987
1.02901
-0.99172
-11.37782
-5.64963
6.73964
-7.45797
5.52709
0.19243
-2.57726
-4.97871
5.59224
-3.87536
-5.08098
-9.38200
-4.66128
-11.09415
6.11955
5.98533
0.28378
4.20616
6.98352
-3.96564
0.56167
-8.63687
-1.11475
0.60532
11.57506
-6.95983
0.21525
2.57640
3.08965
-2.52316
5.69129
5.16062
-2.39303
5.67980
-10.41202
6.10676
-2.19183
-1.06284
3.30623
-4.53177
5.40486
4.35628
-5.31019
1.55653
0.59207
14.38092
4.32423
-3.44009
0.41982
5.79394
-4.61690
-4.76293
-2.19316
2.66039
-5.47298
-5.44953
-6.47314
6.07612
3.06272
-10.71248
12.74772
-3.19024
-15.52083
1.70623
-5.02587
5.10977
10.79265
5.46647
-9.05482
-15.21859
1.14164
5.59532
6.27523
13.34344
0.73101
2.91221
-1.80354
11.48032
2.43937
4.76052
-3.64125
5.29541
-0.25089
1.95615
-0.93853
2.65310
2.27338
0.87968
1.03809
10.56737
3.63965
5.27030
6.94780
-4.09458
-2.59997
-5.32941
-1.98110
8.05886
-6.07288
9.18796
-11.06805
5.82854
-17.26155
0.36801
-2.25418
-4.62426
-2.19775
5.09214
4.88437
-3.19082
-6.38576
13.66356
0.46981
-6.89163
1.80511
1.91896
-1.23774
0.07998
4.77310
-12.42546
11.32856
-2.44311
3.87539
-0.36448
-1.32312
-12.79157
-5.84491
-4.06279
-1.12518
3.77910
0.70071
2.88379
-0.37591
-9.59902
7.25934
9.33419
7.06424
10.18776
13.49547
10.16178
1.48031
5.16352
7.10820
-3.80709
-0.71559
-4.82169
2.63392
14.01711
5.51876
-2.73908
-13.85451
1.70900
-5.76376
1.03469
-6.85300
-3.72578
0.46279
-2.75338
8.51954
-2.03897
-6.97695
6.72230
-2.34667
-9.08652
-2.37346
-4.72661
7.32100
4.71236
-8.77453
4.04233
0.52056
9.25116
-3.03029
-0.54371
1.96505
-8.90532
10.96663
0.65065
-9.40223
2.75484
2.28955
-3.49264
-18.78352
2.93818
3.82314
9.58080
8.98457
4.66465
-5.71391
8.54958
-2.90839
-6.89198
5.65245
-9.37457
-0.95576
-5.34662
-2.27322
5.30429
1.84703
0.74333
-4.62180
7.68921
-0.54549
-7.92714
-1.44793
0.94492
1.55083
-2.14256
2.62715
-6.63488
1.83490
5.03316
-1.98887
-0.79056
2.80948
1.28722
1.72613
2.32450
-4.13051
-6.76543
-2.34097
14.06481
-2.41808
1.86965
0.13822
3.69907
-6.49362
-8.30655
0.92687
6.05800
7.76586
-7.42946
0.90593
0.05154
-3.83237
-7.49995
-0.10598
-9.56587
0.10161
-1.78195
9.80758
-5.85645
-5.94806
3.07233
2.05755
0.95311
-1.35576
-13.62081
-3.32763
1.37648
3.41312
-2.89108
1.54112
-5.77364
-2.68204
-3.32252
3.36204
-8.83577
-0.49260
-0.34621
-2.34558
-2.46250
-0.73583
3.46422
6.44468
5.46812
10.41151
0.44449
-0.92799
-5.22346
-3.18853
-7.12091
-4.23192
1.09430
-2.51067
-1.94442
3.97777
-0.14949
-6.76757
-6.32404
-1.74364
-0.43685
-15.57206
-1.49184
3.93876
15.70505
-1.94243
-10.73829
3.84455
-11.58603
-3.13512
5.31415
-6.64859
-1.66776
-3.48519
6.45303
-2.63422
9.77080
10.33285
5.27031
2.00087
1.70517
3.41609
-7.15417
-2.98166
-11.40764
2.54500
-9.48020
-2.71125
4.77904
0.74687
-4.66020
-1.38040
-5.77954
2.03756
-0.90966
-0.29623
3.81897
6.85685
-4.57976
-4.79822
-6.41811
-3.55545
-2.11344
-5.71381
8.21780
6.07260
-5.34338
0.45769
-3.34877
4.23095
-3.90865
-3.87496
6.49325
5.16213
3.65067
3.51522
-15.48993
8.14255
6.17482
-5.10001
5.24264
-2.78112
-3.42666
-2.36883
-3.82661
-0.98560
7.55627
-1.83235
-2.72374
4.15201
3.21957
4.80222
-0.10860
1.99207
-5.00905
-0.01574
7.35456
1.51644
7.97414
-13.94351
-9.89514
-9.77482
-2.98823
5.32012
1.62465
1.29562
-1.66215
4.29206
-1.21954
-1.79989
-2.41042
1.29462
14.31960
-7.10795
2.72720
5.52442
0.15013
1.86842
-7.68138
-4.82266
-1.90080
-9.69203
10.75698
2.79364
-12.01603
-8.81730
-6.10836
13.00741
-15.07138
9.89280
1.00104
-0.17356
6.61564
6.91449
1.85116
5.89071
0.08371
-2.78217
-0.07774
2.58676
-4.90752
-5.99316
-12.12746
-1.22387
-9.49696
4.08777
-1.32190
12.90274
-0.35559
-2.60445
-10.54523
-2.28829
-2.65107
-1.36889
5.81783
2.76693
3.68070
7.60871
3.34703
8.83279
8.16967
2.11880
6.05555
10.02173
8.80773
7.51954
-1.34250
1.77343
3.97428
-1.44258
13.46404
-10.74429
12.83109
4.05001
2.54373
6.52718
4.30451
-2.57982
7.14886
-5.47298
-3.01775
-0.25563
1.70316
-0.87162
3.40595
-12.43960
-5.44249
4.36706
4.01392
-0.45248
2.23573
3.13299
-0.79057
-7.18359
0.98654
-5.02273
-5.91200
7.60693
-0.04656
7.09390
-2.35321
3.74875
0.88955
1.47938
2.72208
6.97413
3.45817
-7.53779
0.91548
-4.32201
3.26414
1.80506
2.84039
-6.15888
4.35989
-0.56696
-14.67934
-6.52370
-3.68753
-15.56671
7.52263
-4.67116
-6.11107
2.54715
-4.28710
-14.54701
-6.41190
-4.54964
2.14955
-1.63779
4.07854
12.57785
0.18548
-3.42631
1.90192
-1.39554
-0.29931
-1.14627
-13.86709
-10.15375
5.41760
0.77971
12.47371
10.89047
0.19546
15.38773
-0.76042
4.72485
2.11979
-3.04995
2.76586
5.23632
8.64954
-6.70358
-1.64773
-0.93061
10.18066
-12.58686
-17.22148
5.00078
6.40718
3.11542
6.06875
11.74161
-2.87903
-4.35979
3.20414
6.15593
3.39150
-3.56275
2.25596
10.77210
-10.87018
1.11297
-2.08064
-0.57471
5.76653
-1.80364
2.85393
0.51540
-0.01274
-4.45186
-6.36712
4.92941
-1.14865
3.99218
1.06599
2.51200
2.51472
3.55090
4.46990
-6.11828
-2.40304
-10.98374
-5.35651
-1.10219
-4.29494
1.96364
2.00376
-9.87212
-1.20937
12.76325
-5.04484
0.58723
-8.13017
-3.40746
3.06076
11.34085
-9.76625
6.36506
2.20129
8.83701
-1.37375
5.97509
14.49579
-5.78245
6.20878
-1.95026
-5.32453
1.29118
11.18617
6.15078
-3.97778
-9.17258
-8.87142
10.68603
-8.32996
-0.20030
1.71947
-7.29331
1.41115
2.56187
3.79666
3.99195
10.46314
-5.23843
-10.01606
0.96062
4.99573
1.88786
2.97824
-1.03483
-1.29462
-4.02018
8.54585
3.56877
-4.40159
-2.78708
3.74533
12.49258
-12.03328
-6.07354
-2.08025
-3.80516
9.47623
-6.94032
-0.78467
-12.76705
-9.70273
6.57800
5.90408
9.38165
1.27543
-2.09984
2.07001
6.01212
-1.35517
4.19052
-6.97496
-2.05565
8.83475
10.63742
-8.77046
-17.71775
-1.31748
1.04074
-4.66250
1.31345
-1.28464
-2.21012
6.46946
-4.95237
-10.95599
-4.77300
-6.22813
-5.44161
11.50803
-5.75476
-1.89065
-9.45741
3.11455
-1.35644
-7.79027
-8.38490
8.46733
-8.21450
2.82145
-2.78959
-1.01937
-8.90522
-1.31937
-5.36661
6.30804
4.05484
1.36324
1.22835
-6.04772
2.12754
-1.15376
-11.01855
0.33157
-6.22860
-14.98780
9.85448
-5.91459
3.49827
7.08985
0.14223
0.05087
-8.19693
6.96384
-7.42157
1.69233
6.88144
-2.00546
2.93534
-1.14473
-1.82227
4.14457
11.23564
10.37663
-4.59526
0.67897
-9.56240
-1.42333
-10.11384
9.43636
7.36525
2.61104
9.74282
3.87133
4.55942
-4.17996
1.29447
-7.53795
3.60972
1.66648
-7.51834
-6.07860
-4.73295
-3.84391
4.36350
-1.85934
1.36418
1.58191
7.15090
-7.08013
-6.31819
0.97422
-4.44362
4.33691
5.80869
1.87873
1.58500
3.86237
4.60313
-1.51941
13.71974
8.39767
-0.71861
-4.87362
-5.41616
-1.65996
-11.83225
5.94589
-8.46972
-0.09116
0.04789
0.13736
3.89030
-2.48792
-1.31705
2.03303
-0.86983
-5.80156
5.99409
2.60920
-0.78028
13.93011
5.00219
-2.24303
-6.97394
2.15013
0.83213
2.44984
8.84899
1.52151
4.37813
-7.10085
-0.45568
-4.46475
0.09002
1.58885
-4.93802
-8.72672
-1.60214
-8.47186
-5.86670
1.75037
3.97855
-8.55281
5.20378
-5.57729
-2.21219
0.96684
-4.99189
-2.42480
-2.24565
1.79033
1.50333
-13.99841
-5.65512
4.92846
3.70210
7.25443
-12.02689
1.12941
-1.07746
7.24240
2.52476
-2.82886
12.79982
-2.84616
3.71625
5.74772
-1.73725
2.82796
2.86589
-14.70733
2.26915
11.89183
-5.76409
-8.30876
2.62282
13.75368
-5.58058
1.15318
-4.46186
-8.48580
-4.80580
-0.07064
4.23479
5.68534
-8.79230
-9.39347
2.16326
-2.97319
6.92235
1.16409
5.10298
-2.74769
6.49227
-1.85567
-3.15017
-0.74734
5.11236
8.54833
13.34365
-0.57416
-2.79541
-0.73445
0.19426
-4.96698
-3.46257
-1.82027
-4.98158
-3.24209
-4.93444
-2.69743
5.79953
-1.84740
6.12462
-0.02029
-11.60255
-0.49570
5.99765
-6.15564
-8.58083
10.52474
-5.40298
1.51646
-3.80285
0.72203
-5.75401
-8.86267
-0.70218
-5.79357
10.72998
-2.82496
-4.75829
-1.05659
-8.03496
-0.08862
1.52179
2.50235
-1.48515
-4.33546
4.98798
2.49057
-1.69962
1.79918
0.88139
-2.26824
-3.78602
4.80814
6.78654
0.47275
-4.82619
-4.92259
-1.76732
-4.22138
10.97804
9.70345
-10.02385
-4.95536
-0.52076
-3.18650
1.30494
9.11188
2.53865
-2.19597
1.88839
6.37459
-2.28009
7.28709
-12.59941
-7.39423
0.07813
-6.53077
-6.81592
6.97814
-0.57688
-1.12111
1.81479
11.34510
-5.14674
7.61132
3.85794
15.07678
-5.08963
-13.08109
-6.88963
0.03184
0.74836
-10.73255
3.07402
-0.60618
-5.22591
-4.59426
-8.04183
2.67496
-0.20646
-1.04513
-0.59759
4.66421
11.91894
2.78850
3.02224
1.25755
-0.85265
-6.12677
-7.96403
6.20661
6.04862
2.99297
-2.26699
-2.85420
-3.85677
-6.04469
-3.03560
-0.86809
7.57796
2.38177
-8.95465
1.52598
0.81543
4.71687
-0.96873
-5.59405
0.31688
-5.40403
-1.39172
5.06698
-0.20978
-1.51579
3.62225
-1.20750
3.58135
3.13302
3.77277
-3.46692
-0.24416
-8.99995
-17.63894
4.51763
3.67588
2.01392
-0.63470
-11.04421
-2.45157
-2.98088
3.24190
2.72006
-4.25250
-1.48733
5.20983
-13.34769
5.26160
-6.42386
2.18982
0.61639
-14.13156
-2.85730
-1.17683
-3.62715
-5.03572
13.86204
-6.12642
-4.31153
8.72501
-5.48939
-9.95726
-5.91072
7.84108
-6.53125
3.51447
-7.78206
3.81322
1.53059
2.37904
2.55029
-2.21246
-3.78875
3.34533
12.47486
1.72812
2.54786
1.95035
-0.48111
-3.53846
-1.26644
10.70898
-8.58258
-5.41971
-11.61474
-18.51559
8.55608
1.58590
5.71051
15.26603
7.69541
12.02982
1.19653
-4.23701
-2.94366
-7.23827
1.33357
-3.58601
-1.65995
2.12429
2.96785
3.16823
-6.99571
5.62814
-12.90512
4.60668
3.59156
21.48773
-2.39103
1.36614
10.37914
-0.20662
1.33491
4.90439
-6.29253
-3.58202
-2.32332
12.89486
13.33057
4.61436
4.95359
0.86827
-11.93112
8.32997
-6.87519
2.20279
3.12834
-2.23941
10.57612
-4.02161
8.36488
-0.95953
-0.48134
3.94671
-9.26491
7.83671
-3.02029
-3.16078
2.32698
-12.21315
-3.65782
2.79400
-12.80863
4.23488
1.00000
-7.89310
-2.53715
-13.34835
-5.66265
-4.10572
-2.74750
-0.46001
0.91768
-0.96277
7.54731
2.42696
-14.78644
2.02707
4.17596
-2.45131
-8.22109
-1.06066
3.76194
-7.55641
10.19481
2.17365
-5.70985
-1.12154
0.61636
-0.54008
9.81704
0.17157
4.15321
0.19779
-3.86845
-9.04125
-2.36318
-6.30767
-0.74451
-2.87085
1.58371
-8.83765
4.63435
-2.40822
-0.54154
-3.62975
-1.52660
-7.65687
2.98214
-6.53850
1.23728
-2.60871
0.97095
1.19852
7.57922
-7.84825
6.34964
-1.24280
11.29195
-8.96033
0.66826
5.05929
9.07305
3.09678
5.38811
-3.50988
3.48354
-5.64288
2.47491
-10.71143
4.88389
3.68251
1.34894
7.84784
4.87312
8.12199
1.17934
-13.36680
8.22558
-9.19649
3.99758
0.43766
-9.15920
-3.11110
-7.64321
4.55745
3.28276
3.41261
6.57637
-5.86707
-5.45576
-2.12996
0.49983
2.34682
4.22706
-9.62754
10.76141
8.59014
-5.31059
-6.89427
5.07971
-1.71762
1.10378
-6.84047
20.07182
3.32066
-1.97119
5.17748
-4.25040
-8.01046
1.86325
-3.35908
-5.53066
-8.64446
0.11199
2.08652
-1.83839
8.18972
7.95208
-2.14481
17.25122
-4.21048
11.61370
-0.01500
5.29865
1.39711
3.17689
-2.10363
9.27533
-5.61947
-8.64486
-2.43570
1.96823
6.47452
1.41233
-8.02736
0.44278
-0.38236
-2.81932
-11.03470
9.24802
-7.10957
1.24247
-3.00295
-1.37058
0.55626
-9.58755
-1.53200
-0.31321
3.86912
-4.47613
4.17250
1.22181
-1.92691
-6.77505
7.03782
4.64482
-8.89754
-1.69141
2.70230
-7.52300
-12.70459
-5.80525
-1.49206
3.30895
6.06354
-4.73873
2.56167
1.75802
-5.00811
0.88083
7.36895
1.62081
0.47491
-7.15796
-1.12200
2.60312
-2.52973
-6.87750
-0.43923
-4.16020
-0.69839
3.06244
0.75314
5.93937
-6.09260
3.85765
0.25696
-3.10464
-5.30012
-2.24892
2.37586
1.70747
-13.20034
-3.05331
3.38268
-4.73206
-10.16819
-4.24723
6.59563
9.06176
9.60770
-2.26923
3.79080
-4.69058
1.22017
9.12609
1.75521
6.91132
10.35738
-5.31052
3.04706
3.23384
-6.49926
5.40403
-1.35205
0.51353
-3.46398
7.79833
6.79762
-5.42585
0.27277
-0.99283
-2.45295
5.53442
-0.52220
3.45206
9.15955
-6.35160
5.78320
-8.74236
9.83604
8.62159
-0.64212
5.89006
12.79599
-7.75879
-8.55307
-6.62316
-4.87656
-7.36910
-11.85376
5.67198
-3.69221
10.85520
-2.44917
8.01076
4.11419
7.52357
4.72457
-5.62432
0.21191
2.87829
6.12449
-8.09473
-4.76777
-4.88871
8.53623
5.68456
-3.62062
0.52951
1.09564
-5.58446
-2.72112
-3.92304
2.91499
6.33433
-3.86945
4.23881
6.04961
7.00813
3.11705
-0.61318
-9.80885
-8.18773
-5.98974
-0.51069
16.38573
9.59818
-3.76022
8.49257
-5.52836
6.91600
7.42091
4.59672
-4.52766
-2.80901
6.88517
-11.79853
-0.60797
-5.29778
1.31183
-2.27265
-4.22780
5.75194
-1.17043
6.04634
-9.40798
4.13162
-3.42146
-9.45835
3.71711
5.51416
-7.56272
4.33804
4.55630
-0.99745
-3.78597
-11.84206
-7.51090
-2.27507
0.29128
4.46824
5.17796
-5.30939
8.77147
3.39940
-2.77344
-3.15748
1.16111
1.52678
8.12655
6.66519
-11.18831
14.21340
-3.21987
3.02054
2.41546
7.21185
2.84711
12.98606
-2.63250
5.14298
-5.52304
3.88128
-15.24289
7.76683
-9.44363
10.81551
-5.97946
-0.46596
-5.87872
-2.34955
-3.19689
-1.60653
0.06768
-6.89531
3.04620
4.06172
1.32513
-0.39390
-9.12474
2.64635
-4.97730
-9.14341
2.29247
-3.45232
2.65845
-3.24906
2.58538
3.87454
4.19821
3.54827
-2.56265
-2.64384
9.02065
5.67116
10.39297
-7.01676
-2.41133
-1.40611
-8.56095
-0.57437
8.27361
2.20124
11.31199
11.05948
-7.92837
-0.88412
-5.16453
-1.53086
-2.98806
-0.18512
8.67845
-0.57693
-1.09140
-7.44490
-2.09926
-6.03711
-0.22855
1.04107
6.62368
-13.88866
-10.80250
-13.60724
11.60957
6.12857
-5.38923
-0.17991
-14.61749
0.31212
-16.70510
-7.54824
-2.81976
2.12943
-5.40915
-0.71382
-0.72485
14.54979
-0.78652
1.23900
-8.11054
1.05278
0.96748
-8.99575
6.23928
-2.51234
-13.96883
-4.34836
4.40712
5.93189
8.09613
-1.71782
4.28152
-5.81244
-7.36729
-1.93037
-7.57153
-0.76980
-8.77840
1.73549
-0.74680
3.50118
3.65145
2.49462
1.42391
-10.85807
-5.03975
7.76642
-10.38750
3.91511
-4.70547
-0.35331
-1.84092
9.51319
-5.76478
3.28370
11.03924
1.59078
-4.57769
10.16722
7.58750
5.43585
9.27846
-2.10867
8.46380
-2.08574
-6.35446
4.38016
-13.69162
0.74419
-11.34526
-3.54964
0.28956
-2.84564
-5.53048
-7.67773
0.36335
-7.15079
-5.61501
4.96315
-10.71553
-3.23345
4.22584
-7.61363
-18.92395
-7.36961
-2.11691
-0.23882
-2.26618
-2.89055
-6.02660
-3.98883
-14.69052
10.61393
-5.05070
-0.50682
5.18876
-6.44140
-6.18977
-0.14906
-9.43254
1.07795
10.74512
-16.90627
-14.10497
-6.82975
-12.76490
5.15929
-7.19261
-3.65482
-3.45615
-1.93850
-1.24309
-1.33481
-6.50323
-7.43669
-3.00973
4.81792
5.81277
2.85900
-5.53810
7.15486
-0.71745
12.27890
4.36713
17.86518
13.53044
3.97050
8.21875
4.54188
3.34847
9.69242
2.79619
-3.99121
4.85162
6.50422
3.04137
-0.67200
-2.42917
-7.44604
3.00428
9.37071
3.94775
7.35999
-8.16031
-1.11916
-2.07572
-10.35832
-12.48015
1.30943
0.37364
2.48647
0.67526
3.80042
-2.29982
-1.99604
-4.03211
-2.92461
-1.41468
5.71357
0.66383
-2.16502
-1.00311
-8.29891
-0.35217
-7.33838
3.22739
5.95856
-5.01941
-5.82617
-2.38611
5.64025
2.23300
-1.31020
0.71766
4.69156
5.65219
10.24535
-7.33121
6.52864
7.43143
-0.34187
12.52695
-7.14648
-2.37172
5.25027
-3.20632
7.34745
0.18502
-6.57869
2.70317
-14.31200
-2.98557
-2.38078
-6.51008
-3.85815
-3.58259
4.64690
-0.19797
1.31720
7.12920
-6.00246
-4.02830
4.00192
9.64714
3.23570
-1.38093
3.19116
-2.52506
-1.35433
-9.18019
0.69224
6.19197
1.20227
5.85567
-2.37707
-11.21547
-0.19244
0.54726
4.78505
12.55901
-12.32661
-3.62600
-6.45350
2.94291
-8.19146
1.55513
-2.58538
-3.79644
1.08692
-4.33240
6.69155
1.98559
-2.90455
0.10939
7.52952
4.25360
0.07772
3.26330
6.77696
12.27084
-8.83789
0.63969
3.72375
-7.17453
-2.80302
1.43022
4.53483
4.48525
3.71977
2.48470
7.73818
-4.61477
-1.84599
5.78136
7.05896
1.94886
1.15437
3.98180
0.62452
6.87914
1.64480
-5.26641
-4.16965
1.69851
-7.31780
1.53044
-7.20787
5.12970
-2.83849
4.82076
-3.41619
4.33699
1.76851
2.48372
-3.45308
-4.80257
-2.14142
2.92042
5.11404
-5.00200
3.58203
-0.51619
-13.07170
-2.00443
-0.60582
-8.36009
2.57189
6.64817
-1.78409
-5.85578
2.18132
17.95567
-1.20118
-5.16974
-1.76194
10.36213
-1.20653
10.09722
7.58117
0.77509
2.09528
-0.42426
-1.36236
0.63932
2.30365
3.40968
3.05411
-6.19697
10.03791
0.48067
-1.40941
3.60611
1.51435
-6.70979
-3.78629
3.07027
-6.64792
-0.27961
-1.80155
-16.04151
2.46214
0.58705
-1.69313
6.62094
-4.25606
2.27539
-0.92908
6.49937
4.45948
6.72113
-6.89333
0.44250
-3.84589
-3.52039
8.32717
-1.15292
-1.77310
-3.27211
8.88695
-9.50355
-5.17593
-4.17931
-0.19783
0.49341
6.53526
-3.97209
-11.60259
-8.00007
-3.76036
0.94685
-12.44419
-2.98242
-3.64939
2.24210
9.33694
-7.73230
-4.58485
-2.50893
-3.47055
-6.35333
-2.16748
-3.01871
-15.71526
5.41980
8.17401
-9.52903
-8.94312
2.23031
4.99180
6.35635
-0.56015
9.51347
1.20208
14.66771
8.97124
5.99776
-6.26006
-4.48073
-1.27825
-2.24172
3.19232
-1.55527
5.76474
-7.40514
-0.44050
5.88114
-0.60211
-7.37594
8.48012
4.38151
7.55584
-15.44381
-5.55180
6.87832
9.09490
1.07817
-2.39279
7.10287
5.10063
-6.89551
1.45583
-3.47474
4.13972
-5.73745
-1.63561
2.95398
-6.06465
13.42482
4.10161
-2.27703
-4.63644
-0.73150
3.02058
-1.87196
-1.75833
3.50834
-1.29771
-1.15639
-2.11028
-0.05349
3.31315
1.07498
12.46025
-3.18455
5.79386
5.34379
9.66853
-9.41751
12.59546
-3.95755
11.15103
6.25825
0.66045
0.19257
-5.09114
3.03101
3.88863
0.56763
1.35693
-9.36236
2.75894
-7.80333
-3.44780
-6.16497
1.15341
3.31723
2.37155
6.04858
1.86620
10.06114
11.22979
7.16765
-9.57062
10.31299
3.08800
0.75224
-4.47082
4.38603
2.70533
3.70970
-5.02127
8.88238
7.15353
15.66386
0.63300
-2.74337
0.83250
-3.29071
-2.53048
-7.46900
5.74818
-1.06678
-5.08168
-1.04511
7.77569
-2.30542
7.67530
-5.33895
-6.08649
4.44520
-0.18785
1.37263
12.14101
-1.24222
-12.99971
5.40849
4.90590
-6.34756
2.98771
-2.85577
1.69695
-13.86733
1.37676
-3.23024
5.90518
-0.42069
12.84706
5.53659
12.85005
8.65765
12.63358
-5.28413
-6.85888
-5.09608
8.81207
3.04289
2.59094
3.03961
-7.64419
-0.70755
1.77231
5.03439
2.43786
7.49588
5.90213
4.01765
-0.81706
-8.81145
0.58363
-1.66542
-1.10854
-9.82453
-10.24213
-1.93664
-3.79915
0.23540
1.85418
-2.56863
4.46171
-9.36355
0.87145
1.04289
2.56202
-9.98598
-1.64369
8.43301
1.56065
-7.33964
12.06302
-15.72376
-4.04591
-4.10891
-4.67293
-2.63583
-3.35325
14.75457
2.98910
3.78250
1.71976
-6.60510
-4.85584
-0.88200
-5.52308
5.13852
-4.98471
-1.62790
-10.96659
-3.12727
10.73895
6.34508
-5.74734
9.99575
-1.61395
-4.10001
-2.46787
-3.97305
3.55796
-10.76461
-6.74850
-7.41224
-2.37878
-6.54781
1.55915
-5.37895
-4.19462
-14.57471
-1.60122
-7.87478
5.23112
9.61469
10.64113
-4.30122
3.31548
-1.43317
1.13489
-13.78375
6.32418
-2.21127
-2.66181
6.84033
-4.36754
-1.34959
8.44330
-2.91059
3.05985
9.28693
-7.15080
-9.71074
1.26885
8.14044
-16.44350
-0.17469
4.62631
2.68955
3.28388
-11.20464
6.70624
-13.42759
-0.13719
9.51289
-1.46985
-3.23075
-1.10361
-4.93660
6.75488
-5.14412
4.08321
-3.12296
0.50107
-3.71626
-1.35309
-8.58170
-3.67142
-0.14413
-1.08383
-7.45731
-0.08011
1.12346
-9.26947
-1.74509
-10.00009
5.33891
-2.85059
-0.69030
-4.64259
-7.81672
-9.41800
5.16250
-3.25331
-6.15638
-1.41787
4.99707
-0.53751
5.40918
-6.28956
-4.37753
-6.24083
-7.71969
2.19380
-1.33514
3.64050
2.82539
8.37989
1.47634
-1.05294
-3.11121
1.46814
6.95771
10.92650
-4.64965
-15.67690
6.29109
6.36625
-10.69939
5.63191
4.57743
15.89130
9.07553
4.44055
-11.37385
2.04726
2.37843
4.00801
1.38119
2.00403
9.61442
-1.65143
14.35310
1.68774
14.98547
-2.19953
0.49382
-5.34617
-6.92733
1.60742
4.58419
-0.64143
0.66452
2.58850
2.15049
3.04557
9.33925
-2.45678
5.66494
-2.88872
7.19729
2.05110
16.59815
6.94506
-3.35402
5.62497
2.64275
3.34335
2.21081
-8.69303
-10.54748
-6.24528
-3.13502
-2.68443
3.19616
1.80387
-3.30026
-4.71786
-9.50664
-0.65753
6.89362
-6.46030
1.80911
3.04000
3.99319
12.96909
3.33497
-2.70167
-3.03652
6.89313
0.50666
0.72089
-5.37180
2.11469
5.00282
-12.84668
-2.35710
-6.61734
1.07870
0.44985
6.79883
7.13735
-2.33696
2.72315
-0.84307
-3.55894
-1.56937
0.81646
6.59413
3.86534
3.47929
12.34846
-4.14669
7.81510
1.76537
5.71582
5.74965
-18.21419
-1.98632
1.59208
1.63845
-3.17567
-2.89695
-5.49455
-5.71685
2.90944
6.43342
8.25682
9.72190
-2.40697
-6.82365
9.37087
7.15704
-7.91499
-6.06602
-1.28229
5.56656
0.62592
-7.47479
3.28135
7.48300
-5.34787
1.39083
3.09244
6.02337
-5.80227
3.87766
-1.90628
6.31070
-1.49792
-10.78133
1.07738
-4.32322
2.99444
11.94457
3.37316
6.49369
-2.44667
8.36019
-1.50111
-0.16886
7.59031
3.04353
0.13690
-3.30688
8.40594
4.73137
-1.18055
1.56862
5.32244
-5.82183
3.37306
-2.31902
2.03634
13.54416
-1.64040
3.78782
-5.41427
-7.19970
-2.88238
-3.25185
4.87413
-3.12112
-0.38444
15.07031
1.90171
-4.01068
1.51580
-12.35763
-4.29643
8.99477
13.56516
-1.19899
-3.10634
-3.24552
-4.83550
7.33734
5.85927
-9.03358
6.24652
5.30641
6.28021
-3.47300
2.61985
-13.29983
-1.50113
0.05480
-4.04213
-3.77109
-0.35385
6.76792
-8.32598
-5.39753
0.80765
4.21247
3.60808
-4.18671
0.22750
-6.31874
6.45844
-4.71930
-7.43520
-3.73192
9.37646
-1.94181
9.43965
9.77342
-4.00441
-3.52595
-4.98244
4.54692
-1.02193
3.85050
-1.65198
-2.59818
9.32695
2.78054
-1.18823
-1.50123
-4.79764
-6.84750
-1.82625
0.97874
-8.73155
0.80118
-5.61823
-8.43948
8.88499
-1.17095
7.91755
-2.41108
-8.29946
-0.74972
-1.11357
2.72166
0.51507
-9.24168
4.38118
0.05218
6.14033
-7.42346
7.18604
-2.97399
-3.70481
-6.21860
-8.22775
-0.52587
1.06091
-0.63055
1.75461
11.95467
-2.63497
0.16745
0.58881
-2.15760
3.15226
6.52581
-2.43615
9.40820
3.04812
4.57342
1.38216
-0.36933
-2.19037
-0.93982
-1.33563
8.33599
-7.50637
1.15894
-4.42405
-0.58087
4.70915
4.42250
-5.25923
-12.21337
0.32629
6.26007
5.03631
-6.16046
6.42028
7.04739
-10.28749
-5.71101
4.98576
6.76097
11.79046
6.79508
9.75574
-4.43553
-0.71216
1.72149
-17.98299
17.33666
-4.34551
0.30308
1.07448
-14.40912
-8.44211
0.05063
1.74398
2.54796
0.94284
0.21030
-1.36675
3.79343
0.94769
8.82938
-2.43928
-10.38399
-0.97262
4.00344
-2.10517
0.91142
-17.15427
-6.91178
-13.69332
4.13584
-4.96585
-5.01765
-1.53503
15.44176
5.42523
-13.44084
-0.00681
7.94005
-11.90749
2.82599
-5.84655
-1.81663
1.27426
-4.66026
-14.57463
2.97374
2.72381
2.97971
-1.80888
9.59452
-5.16150
3.64970
-1.80696
-5.02703
-1.48085
0.59350
-10.10639
4.81949
4.42636
-8.94647
6.79875
-8.23226
-7.33102
-1.55124
-9.91274
3.08710
-4.66373
1.18421
-0.93978
7.05795
-1.95657
5.89151
-3.01161
-5.63234
-0.30207
-5.00929
6.67546
-6.30365
3.19751
-0.95621
-2.87109
13.87075
4.91838
2.09455
-16.89122
4.53032
-1.64537
-8.73000
-5.49058
-6.80578
7.35909
-5.38742
-2.68402
1.32896
2.89873
-8.36902
0.05638
-1.83668
-6.35878
3.49853
-6.43410
-5.34284
0.74781
1.05387
-1.95292
-1.81659
-10.19389
-3.28508
-4.34735
-9.42377
2.34489
-0.41275
-5.32498
-12.36218
12.25229
4.15363
3.30272
10.11174
2.70056
2.37130
12.38724
-5.16654
-2.79007
-3.30464
6.65087
5.70245
3.19552
2.57706
2.12764
8.10229
4.45743
3.59251
10.39760
22.27690
-15.66090
5.10402
-3.63147
-10.07277
15.24793
-0.19395
2.90982
-8.69387
8.22167
-7.33605
-2.64195
-2.10908
1.29195
-2.39492
4.02403
0.73472
0.44235
-1.47386
-3.59401
3.32230
-5.89573
3.90203
3.24343
-9.42290
-5.68612
9.00573
0.54676
-3.47944
7.63405
7.45019
-2.58553
2.08395
-3.18717
2.38547
15.40983
-2.73776
-4.70204
-3.19113
-7.55290
3.49441
7.30556
2.19182
1.33972
2.21531
-11.64964
-1.71078
-3.69622
-3.99925
0.95229
-8.89161
-4.57616
5.10745
8.32534
-0.67282
-7.56483
-3.33882
1.90483
5.76916
-3.43816
-3.77228
10.70935
-3.98365
-6.31340
-3.79586
7.38466
7.91769
-1.43773
-15.18096
6.06626
-6.74233
-5.73084
4.53316
-5.68624
-4.20149
5.61884
3.21065
-1.89949
12.05083
-3.53077
0.97708
-3.62312
-1.74571
4.11829
0.28254
-3.43532
3.24689
1.71414
-6.61677
3.15585
4.10379
1.18622
-11.44365
4.85618
11.72458
-1.02558
0.15004
-6.85327
4.43964
-1.74268
3.71726
-1.24076
5.46749
3.86121
6.01587
-4.13439
2.75355
-8.96626
4.91186
-9.19873
4.36354
-8.66264
0.68641
5.35137
-5.38751
3.29446
-5.01956
-1.71545
3.56138
7.96958
13.37013
-4.46693
-3.90250
8.11776
3.31896
-3.49889
-7.62057
7.33317
-15.92643
1.58879
3.90474
2.84386
1.45261
-4.37363
-2.74976
-2.16230
2.28117
-4.39962
5.12245
9.26481
0.97420
2.42573
7.48143
-14.88663
-3.10729
-1.22687
9.90319
3.79837
2.93638
-10.55112
-0.44904
-2.88651
-4.76208
9.55277
1.35442
0.65312
-8.45888
-4.48400
-3.03892
-10.17245
-1.86015
1.40521
3.39365
15.82865
3.42540
0.70155
-5.53982
-7.28531
2.38206
-0.12456
5.66703
10.19502
-8.72000
0.22951
0.97899
-4.26286
3.66019
0.71964
5.78159
12.98406
1.79180
-10.85822
1.47791
-1.98472
-0.90360
11.12706
8.00884
-9.48966
10.20309
-7.70905
1.31150
0.36387
-5.74285
7.49219
-3.76046
-6.47977
11.44660
11.06966
4.93454
-0.37335
1.77947
-3.11052
-12.69156
-3.89763
-1.01123
-7.02442
3.61343
1.48292
4.07554
-8.90058
7.77937
-2.42181
6.22371
9.14300
5.85034
-6.53674
-4.84933
3.69269
-4.16805
-2.78815
-2.05998
2.46009
2.96113
1.29598
-8.86962
8.53514
-5.33175
-2.04557
11.96686
0.93576
-4.00411
-4.95203
-0.85203
-2.27819
12.75661
-7.44950
-7.95862
-2.77048
1.22115
-4.17088
17.04562
-20.83168
6.45278
9.80619
1.56531
-6.57268
0.69568
-3.01197
-16.29702
6.42511
2.27858
-7.49501
-2.63433
-2.19380
9.28305
-4.61517
4.60891
13.17819
-4.09123
-1.66145
-8.01679
-5.15917
-2.10133
7.07382
-1.85329
-12.94390
-2.83444
-3.29776
-8.73936
7.67760
-11.08503
-0.33926
-1.08047
-1.75920
-0.05976
-4.06598
3.33731
1.12345
-1.39996
7.65799
-9.65511
-4.49546
-3.92702
-3.45863
2.91174
5.03164
0.01967
4.39911
-2.24260
3.57709
-2.52886
9.73765
-5.98906
-7.35133
-12.25610
-1.10564
-7.32547
-0.43475
4.67908
-3.81701
3.04561
7.31787
-1.46597
-10.26322
-4.34198
-4.93730
-0.47431
8.68957
-12.20141
5.43434
3.55271
4.48906
-1.40353
-3.42568
0.81739
4.24370
3.37387
-5.69212
-2.71437
-0.54255
-6.51601
7.81661
-6.74759
0.68601
-1.08437
8.57752
4.32225
9.72566
-11.63988
-10.94109
-9.52359
-6.92115
3.69568
-9.20415
5.33954
6.74384
6.96481
1.87234
2.43044
-2.77968
-11.91977
-0.52719
6.94875
-9.07566
-7.15519
-2.05020
-2.33284
1.47199
-5.92767
1.24985
-4.11950
6.54666
2.35294
-2.76518
0.09984
-1.99981
-9.33091
-5.38170
-1.61343
6.84499
-1.59398
-9.06909
-3.34821
-2.56146
11.29250
-3.60314
-13.23506
-2.32485
-3.38008
0.05521
-1.08212
-2.04094
5.85686
-4.75944
1.02510
-0.06810
-0.60753
10.09530
2.54618
5.30106
-7.61112
7.22284
-4.89722
-2.41927
-2.32098
-0.83241
-1.78351
-14.38271
-6.19500
4.88621
-17.29053
-3.18721
-1.80335
1.43548
-8.71241
6.07345
0.98588
-6.00172
1.46891
6.18445
2.28012
4.74945
-8.00851
-3.95151
-0.36909
-1.80666
-1.97445
-7.11055
-10.87678
-5.04443
0.66005
4.89813
-1.98503
3.40758
6.95873
7.46665
-4.56208
2.68420
-4.26872
-2.04505
-0.47594
7.81672
1.37254
-5.58213
-0.69778
1.49892
-6.56056
-7.09656
0.30602
0.69077
-4.38318
-4.82218
-1.36233
4.89133
-8.69774
-6.73853
-5.50411
3.39122
-5.15644
3.78272
-12.32501
3.63375
-0.95015
8.27182
9.71385
8.01126
-3.08716
3.56980
-12.14383
-11.98858
7.36945
-15.44074
-2.63473
6.17730
1.96403
16.07420
-4.22371
-2.19487
10.08583
-1.10763
3.75036
1.80847
-2.48704
-4.48846
4.51607
-4.89288
-2.13047
5.36974
20.62019
4.00895
-1.36554
-8.70074
3.82123
-1.82024
6.49783
0.15808
1.19235
6.61778
-2.91808
1.22317
-5.68720
4.03004
0.38425
4.39494
0.46151
4.65859
-6.32338
-0.71948
-0.66267
-4.98418
10.69130
1.71138
0.17487
-1.93125
-5.83134
-0.66952
-4.65608
-9.40040
-0.28600
-3.05042
-2.28336
-1.49853
4.31493
5.54163
-7.12081
-9.32937
-1.33717
-9.92160
-7.76961
0.04029
2.88747
5.45481
18.71265
0.20432
-3.67463
-5.66055
3.93725
4.41776
-3.43554
-3.79594
0.76876
-2.92989
-12.34668
5.32866
-7.98198
-3.32462
0.71602
-4.45381
10.76290
-1.65573
2.26742
7.66699
-2.99364
5.53686
8.54035
3.68101
-0.90026
8.96514
-2.54505
6.50365
-8.53984
11.54206
-2.64159
2.92626
-3.67779
-2.49991
-1.37117
-10.78807
-8.69734
7.47041
-5.05800
-0.55047
-10.19703
-11.87211
0.32660
-5.15960
5.52697
1.25856
3.12358
-6.59106
-7.67494
-8.37034
12.79302
4.29480
0.61388
7.15106
-8.15413
6.72032
8.95921
2.11213
2.11115
0.48183
0.98406
-4.14793
5.70837
0.63484
-8.69441
-3.27171
-6.10211
-0.85750
-0.74485
-1.84435
-4.49669
-3.17265
3.88783
-0.79613
11.43939
11.53564
10.82152
5.49684
-5.23967
-0.79146
-1.89048
11.50316
-1.85715
-1.60575
5.11320
-11.58258
-3.45452
8.05432
7.43856
5.67410
4.39643
-3.33144
4.53004
-1.11045
-1.58874
14.57431
-4.02076
-3.56016
-1.21110
4.78380
-2.68963
2.19953
5.35176
-8.92855
0.48277
10.25610
4.98079
-0.39801
2.78719
-4.86406
0.08677
0.28792
1.43203
2.61435
6.38395
1.02640
10.59340
-1.02359
-6.70537
-7.33706
8.62702
-1.81498
-8.32374
-3.12149
3.76164
3.00059
0.91834
-0.52828
-1.19861
0.93900
4.58682
-2.17523
13.33435
7.44796
-0.69354
-9.04333
-0.19867
3.47124
-6.20842
-8.92126
-6.21916
0.52620
3.53217
-3.04356
-2.82284
-6.60596
-1.79639
4.22350
4.53995
2.96284
-4.27223
4.50240
3.86896
-2.36216
-0.12674
-2.03677
-0.02549
3.09404
0.30520
1.17639
-8.06586
6.78568
8.51811
-1.91327
3.19189
1.63601
5.60412
-2.05871
-4.76946
-2.91056
4.10732
-0.18850
-2.47849
3.02697
-5.27051
3.44297
-0.40785
5.43103
2.04661
1.32533
5.93478
-9.99924
8.14231
-12.81233
13.95770
-7.09421
7.46128
7.10695
14.09037
-3.55843
-0.60780
6.82352
5.09988
-1.56338
8.47303
-6.17557
0.47900
-0.73049
9.91745
7.54413
-2.05775
-3.06694
1.48214
-5.12273
-2.76435
-0.05093
-4.91309
0.98624
-2.43889
-2.92978
3.12234
-5.86481
-8.03461
-7.80842
7.78647
-6.64416
0.90550
10.12682
-4.28955
-2.74492
2.06927
-9.52472
2.07439
-6.42951
-9.02200
-4.19686
-2.08377
-2.38755
0.95107
-4.27451
7.24588
4.77781
2.50237
-14.81690
-1.45018
-0.16639
0.99621
-5.10544
-4.67563
8.07605
6.01079
3.00196
-17.76274
-8.94349
-5.50062
-2.93790
8.28532
2.59146
5.64668
0.70789
-0.79969
2.99042
-2.84632
10.81782
-9.46321
1.65294
0.35047
-3.51526
-7.40761
-4.51256
0.81162
-6.16129
6.38415
-5.03820
13.62863
6.52454
4.65131
4.89669
-7.69667
4.24022
-5.78195
0.71356
9.26332
0.18799
10.41621
4.80449
-9.35842
4.73869
12.07667
5.49366
1.64017
-2.66746
-8.97395
-3.19257
-0.48815
-0.93838
-2.80474
-2.33748
4.96773
5.12451
9.16064
1.34047
5.86958
-9.48977
4.30917
8.39227
4.69702
-6.36013
-0.21636
1.84692
-8.53202
-4.33688
-7.01259
-5.82582
7.53125
5.96915
-6.91763
0.58791
2.66958
-11.92726
-5.58193
-3.76304
-13.56219
1.45127
3.72661
6.52798
-7.49856
7.25021
-0.40448
-2.95100
-11.62761
-10.15055
1.85249
-1.46623
-1.46350
-7.80153
2.86242
13.72671
-1.75763
-4.34480
-9.70739
6.40856
0.62601
4.91223
-3.93465
-2.74337
-0.00159
-2.88849
-11.23358
0.60266
3.88839
3.83420
-6.60960
7.13883
0.32629
-4.32939
-1.77785
-8.00719
4.44263
6.76452
-6.73098
-8.78119
3.19647
2.94017
-4.96460
4.06348
4.92332
10.97365
-0.03030
10.79852
-6.07724
-2.51824
-5.08939
3.84740
1.16760
3.19414
12.11072
6.06717
-2.98582
1.59662
-0.55731
8.97507
1.11718
-1.95332
-2.58899
0.73643
5.90212
-5.68278
0.82064
11.70594
-1.78057
-0.26304
-1.25655
-2.72094
2.00490
-0.55430
4.22460
-10.23986
-1.85557
-0.64120
5.20025
-2.84810
2.05750
-13.45528
6.54869
9.93915
0.17685
-9.10298
-3.65959
-1.60198
-2.19924
-18.97718
1.78198
4.47840
6.25889
-1.99502
0.88510
9.18053
8.10643
-1.60588
7.65540
6.24226
-4.71877
-11.74705
1.55121
2.72484
-2.58679
-8.81404
7.39394
-4.57539
-2.20149
-2.85839
8.03513
0.87683
13.70040
-4.25299
-1.24186
2.60951
-7.56222
5.22237
9.01695
-10.40165
8.62981
-9.51184
-5.97462
-11.82370
2.40868
4.82286
-8.43717
-3.92320
-3.47079
3.30123
-7.08279
-1.10424
2.35750
-5.40615
-22.62439
6.27092
-7.28411
4.02895
-3.77967
-4.64311
-5.47067
0.30584
1.54504
3.85774
13.34650
1.50205
-1.98717
3.61280
-4.33422
7.10320
4.37637
-3.60545
-4.97303
-0.53857
-2.04395
2.68760
12.03339
6.16620
-11.79854
10.62578
-4.21700
4.35709
-1.40499
-13.26278
7.92411
5.46018
-4.41222
0.79993
1.79097
-3.58516
-3.25835
-4.45509
-9.51151
-2.99553
-9.90778
1.25341
-6.98026
-0.65655
-2.89123
-4.05026
-2.04210
-8.35081
-3.51169
-0.20123
-0.41183
-4.10939
0.83864
-2.54971
4.42544
3.39730
-7.19067
5.88612
-6.69121
-3.28089
2.76789
-0.76393
9.07791
4.63187
-5.70813
3.52373
6.03903
-0.42692
-6.89394
-4.43360
-6.82489
1.19841
1.14129
2.69708
-8.95227
-3.17292
5.98188
5.46944
0.36431
-8.83068
-13.49232
-1.52712
6.20188
5.66766
-3.58654
-2.54467
-1.86166
6.59096
6.02391
-6.44384
-13.05669
0.09505
3.76022
-1.28279
0.13602
2.58813
-2.37231
-5.74683
0.36709
0.21309
-2.76733
10.40966
-0.55505
3.19206
6.80243
5.05127
-4.99732
-6.71675
-4.18890
-4.39848
3.50451
2.22480
-3.32075
-5.00198
3.92173
13.01033
-6.11080
-0.64401
0.01977
9.75167
2.51098
-2.42129
-1.51414
12.85642
-4.69440
0.64583
-3.25057
4.07921
-6.49186
-0.16933
5.08513
8.43250
-1.61634
-2.38164
-7.50019
-2.62289
-12.11846
3.76652
3.41211
-6.60432
4.38716
5.54262
-7.61060
-0.69654
-4.96827
7.26567
6.28920
3.66794
-4.29982
-0.40310
-7.17532
-1.14623
2.01304
-6.06279
3.34673
11.70529
-0.78483
-9.03777
9.08844
6.20802
-8.87917
-0.24594
10.01150
3.02867
10.01497
0.17459
-3.63221
8.55523
-5.56321
-9.88376
9.50849
-5.07357
-5.53465
-5.14485
3.82431
0.54906
7.26662
-0.06499
1.73520
-7.01027
-0.98645
4.40663
11.04199
9.20566
-3.41574
0.52424
11.83730
-2.80911
-9.14235
1.99577
3.63442
-7.72877
2.79979
0.21391
-4.60735
4.33981
0.75557
-0.13880
-8.58609
11.55455
5.28026
2.78532
3.27834
8.26459
-7.28713
0.71441
8.28690
-6.06267
-3.38752
-9.97992
-4.03402
9.56252
3.53753
-1.79345
7.37576
1.73080
-2.49295
9.57440
11.33629
-10.54676
3.38087
-2.49868
4.04274
-12.36989
8.30872
1.53539
-3.36424
3.96050
-5.59520
-6.70745
-0.16695
0.71543
-12.91682
0.49237
3.50126
3.61775
4.74650
-8.40813
-10.68058
-7.63491
9.11956
-3.07747
-3.74636
-4.03512
3.93127
-7.81977
2.21263
-0.58059
-2.85659
-5.73755
7.80078
-9.18834
7.49768
-0.61515
-4.53648
-0.81491
1.99916
0.23105
7.32300
-8.82277
-1.82409
4.69536
5.83753
-7.27773
0.66364
6.98710
4.89499
-8.49352
5.21988
-2.68162
-1.96047
-7.83412
-5.29386
3.30537
5.18519
5.84120
1.76414
-1.55039
7.80899
-4.84684
-1.83818
4.95392
0.23748
7.52096
-2.53240
-1.67359
8.84143
-4.52969
-7.52382
-12.51972
-0.15578
-2.08188
0.95496
19.97227
-3.92613
6.29105
1.40073
2.00826
-1.02801
6.26951
2.63298
-0.42917
9.00810
-0.91002
2.28586
8.49581
-10.42963
-9.24657
0.22273
-5.65758
-11.76323
-1.78427
-2.75371
2.22310
-0.26280
4.09993
8.14381
-4.86794
5.14359
2.54060
5.16180
-4.68418
3.17486
2.85480
-3.82257
7.38881
2.73515
9.75659
4.03297
13.21029
-15.26451
2.89197
-5.35045
-1.21314
4.03650
9.23496
-4.57745
-13.05146
-6.72501
4.96887
-7.70867
-3.04730
-6.22609
5.90945
8.51100
0.54574
-5.45480
4.49224
-6.78056
-0.38395
6.02787
-3.72228
2.59912
-5.47525
-3.21093
9.10250
-0.82845
0.51648
-1.61879
0.97531
5.18687
-5.41369
5.59667
-0.40438
-2.74562
8.27564
6.25301
-7.54241
-7.01817
1.62954
-8.26087
11.17218
1.65237
-2.46996
-9.00920
-0.69505
0.03661
6.87525
0.14587
1.66669
4.11062
2.07132
-4.27673
-5.67921
2.18182
-5.49025
3.93586
-0.83759
-9.13208
1.22033
-20.02968
2.81415
9.15324
8.33729
-7.19088
-10.66386
-7.41170
6.38589
-1.19056
-1.43186
6.52598
2.15416
-16.78855
5.26952
-1.52425
-2.22184
-1.87180
-9.92964
-5.38536
2.40457
0.39714
0.69771
-2.22808
-0.36140
-4.82590
5.05078
1.42840
0.19375
-2.61400
-0.74645
2.38163
-4.96418
2.27885
-5.06964
-2.86251
12.89081
7.37996
5.73388
9.49502
-3.77866
-5.32028
-9.58033
-12.83513
-0.09993
-4.25896
-0.89608
2.36681
4.16128
8.50194
1.11714
-1.20711
-3.90767
6.22424
-8.11689
-7.83487
7.44964
1.41575
-2.46034
-9.61723
1.10106
-1.25657
-1.40311
2.42752
-3.41096
-2.36490
-0.98363
2.93057
3.42843
7.39000
8.60085
6.73362
-3.51445
-6.72002
-2.52310
-8.19547
5.56358
-2.09703
0.76882
7.34067
4.73991
3.93097
2.54669
-5.29490
4.08653
-4.33676
6.45786
1.18439
-0.05928
0.67812
-2.65179
2.78639
7.21081
-3.46538
-5.70610
0.61694
-2.42223
-9.44227
10.61153
2.38620
-9.86853
4.11652
-8.66835
-3.89034
-5.10024
1.49686
-6.44471
-9.43611
-16.13250
9.12284
1.88996
0.74361
-0.97678
4.41216
12.11229
-4.31472
0.43225
2.80988
5.47980
-1.03175
8.81461
7.69412
-0.13669
5.35659
9.71089
-8.48601
-7.34699
0.12454
4.66343
9.56213
-1.65636
-4.99864
2.84836
14.53231
6.03629
-8.46317
11.15557
4.05403
-6.50918
5.79242
5.45809
4.11573
0.48411
-4.96248
10.07825
5.80399
0.13602
-8.76295
2.53184
0.94405
10.23156
3.84692
-2.86186
9.08905
-6.66071
1.30302
4.76585
-6.85690
4.35306
-2.46388
4.93193
2.25188
4.04536
1.78211
-0.52418
4.64533
-4.95810
10.64379
1.40024
5.55842
-7.81663
7.12384
5.93586
1.40002
10.99749
-2.68914
-5.61210
6.07235
-13.14765
3.16683
1.39521
2.73014
-1.22405
-11.64547
-0.60352
5.96106
-5.05140
3.26124
3.06355
13.43383
-5.92049
-1.77398
2.87238
-18.38966
6.02680
-12.84558
2.84169
-4.64286
4.51452
14.65611
6.56646
3.42671
-0.96705
5.97507
-4.45405
-2.39770
0.10482
8.23045
1.92409
9.03458
-2.88943
-7.12481
-5.09935
-3.96528
7.10638
2.09841
-4.66391
-4.78655
2.89739
-4.45986
3.27567
-6.80833
-6.68412
11.26130
3.44686
3.49533
6.17941
-2.84738
-4.30483
0.31196
-12.39284
-3.39284
-6.38376
2.71779
-8.84217
3.06460
-5.39919
-2.30381
-3.94413
3.91607
7.57738
1.20254
-0.26589
3.77789
-0.21725
-5.33372
2.85775
-6.91887
4.41130
-4.33773
-10.99451
-8.17816
2.62777
-3.64979
-8.24381
-3.56488
-4.72133
-2.60429
8.64907
-2.91996
1.64326
4.82937
0.63465
-0.73409
2.34140
3.26830
4.89858
12.53193
4.05601
-7.01378
4.39261
3.78948
-0.45691
0.00246
13.56701
-12.29626
-1.30774
-17.63399
-19.53202
-17.11844
4.47328
-8.04962
4.28051
-0.68344
-0.21965
4.71533
-3.93742
-4.33925
4.48950
5.63905
-0.66340
-1.11726
2.83125
-3.08784
-15.47757
12.02696
0.85513
8.64871
12.85587
-1.19804
-4.62059
5.37118
-3.39366
6.20014
2.84064
-9.10471
5.26389
0.18146
-5.71874
1.85572
-3.00995
-4.59862
-9.11518
2.67446
-8.20290
3.18193
-12.29192
11.56144
-12.01663
2.28333
-3.81116
2.38921
5.83924
2.93016
-2.37046
-11.00612
-9.19315
4.93218
-1.25070
-10.00666
4.85332
-12.46980
-0.92165
3.74086
-7.87485
-1.14763
-1.14734
6.15931
-2.55397
-1.28940
-5.29706
12.47476
-3.24949
-2.67585
2.79605
4.18217
-0.91330
0.75449
0.60943
0.29707
2.58919
6.78989
-5.26199
4.49772
-1.35760
0.24131
-13.12561
-3.41763
1.74435
-2.40106
14.22570
5.16159
-3.83316
5.69701
-0.47997
-2.03247
-6.07774
2.72525
2.08623
-6.07957
2.81415
-6.02396
-0.83267
1.93755
11.87569
-6.75346
-5.03147
0.11529
-1.31098
-0.80867
-4.09566
-3.36545
-0.31345
7.25376
8.23379
-5.08088
-6.06760
-3.07572
-0.03033
-5.04491
2.45575
10.86198
7.20028
-5.62666
-9.41326
4.61624
1.06384
-1.02323
1.74476
-0.30635
13.42270
-3.04112
0.53881
7.86785
10.50652
3.67474
-1.03446
3.21176
3.68392
-7.30215
6.46965
0.89786
-5.16318
1.55485
2.52146
-6.02702
6.17585
10.03898
-2.67933
9.20318
-5.71266
2.55065
2.94845
4.43215
-11.88291
-7.89110
-4.49195
6.55699
7.78166
-2.82247
3.71526
-14.72838
-5.76053
-0.00938
6.27499
15.86632
-4.63697
-4.14580
8.69222
3.81042
-4.43789
-8.64906
-3.31563
6.84289
1.36474
-11.75341
-8.42218
2.66637
-0.44021
5.17356
-6.62399
-17.40562
-2.10689
7.60927
-5.01802
-5.51497
1.03339
-7.55439
-9.31930
6.81938
-14.83367
-2.45752
-0.54542
-3.39052
-4.02823
-8.37593
0.00503
9.30479
-4.90322
-9.37490
-1.31251
18.50558
3.32519
4.00394
-0.06666
12.99747
5.28114
-4.61109
5.24428
-3.07220
5.63210
-6.26661
-3.86697
-7.34895
-2.06553
-2.20678
11.10869
5.00697
-1.98780
-4.72366
-1.71668
-8.29428
-4.74953
5.15081
2.30833
1.28844
9.46390
-0.93503
7.29647
1.63262
-3.79174
3.03799
8.11928
-0.35810
-13.00991
7.38771
7.67747
2.51441
-0.19137
0.28620
-7.95612
-11.04349
-5.35758
-7.66050
-13.01504
4.43872
-2.01370
3.46190
4.27388
-5.59163
14.30133
-10.64829
0.72904
-5.15517
-2.13355
14.70425
2.48145
-4.19975
-1.70640
-2.20168
7.59944
10.25650
7.46190
-3.70003
1.42374
-7.14109
6.01603
-0.75477
1.02923
-5.59739
-9.58475
-4.76574
-11.44679
-6.41113
8.88807
-0.02905
3.83528
-2.09151
1.48149
6.46292
-4.18987
-2.26493
10.45647
3.74573
3.83174
3.64803
-3.42591
-5.16639
-3.10572
6.44816
3.36003
4.79361
5.76643
-2.65536
-2.80459
7.89976
-9.00636
-5.88972
-0.91764
-8.66266
1.22595
1.77752
1.11567
11.93706
-0.92096
-2.59282
-0.17963
-11.91079
19.43405
-12.33517
6.74124
4.63926
-3.05387
-1.26849
-1.59491
8.55772
-9.38636
-4.89062
2.12142
-12.97005
-5.28952
-8.32216
-2.08061
1.09017
3.70524
8.97591
-1.51237
3.94249
2.88135
4.26476
-7.38608
-4.12833
-1.64863
-0.58126
-3.93138
-1.60409
-5.81802
3.93906
2.12552
-12.72055
2.92127
2.94735
-8.04796
-4.30346
15.21450
-0.71393
-4.56519
-11.63384
-3.45222
-1.27846
2.93807
7.50216
3.99816
8.27841
6.43865
0.22146
-6.02146
17.36073
-3.45858
0.44128
-1.62704
5.18205
-7.10673
3.52517
-3.91214
-6.77745
0.13735
-0.40983
-5.06220
-2.48215
-15.35839
-0.88517
-0.80499
3.23714
-0.81588
6.81380
-6.36524
-8.49928
-2.02724
-12.25841
1.86562
1.18906
4.68029
2.35068
-5.70174
-5.37595
10.24198
-3.92208
-0.66563
-1.37082
-9.30527
-6.50090
0.39645
1.91191
1.25350
-0.93187
-1.24476
-1.49595
-4.18336
-1.30020
-6.49047
1.77209
-2.76249
0.50082
-2.17980
-5.14245
7.13230
7.98168
0.27238
-7.35611
5.82260
2.51229
5.55557
0.54899
-3.06707
-12.34383
3.17377
10.45889
0.58493
-4.34189
-2.76107
4.24558
3.88269
-2.31400
-0.02048
-5.26850
-0.66494
11.22432
3.84018
-8.47697
-0.26625
-9.38129
-5.78110
-5.81953
-3.16576
10.69028
-5.11142
3.29257
-4.45492
4.94049
4.85170
1.27282
0.20215
5.74448
0.35651
-1.77976
-9.25682
-3.63587
3.07519
-7.70233
5.75078
-2.00343
0.04796
4.45022
-3.54752
8.03176
-3.42225
-3.07999
0.32374
3.11122
-5.15770
5.36574
-3.25416
7.24203
7.61116
6.35212
-1.72765
13.17771
-5.25079
2.89280
0.05448
-13.97225
-2.02687
-6.52332
-1.34819
-0.07927
7.51702
4.59726
4.03152
-11.69003
4.49198
-1.88320
-5.61881
2.49306
7.06034
6.56476
-4.29628
-0.82623
2.86013
12.41564
-7.85163
1.17012
14.12925
1.15176
2.93707
-1.48745
6.75746
-3.00663
13.44025
2.24715
1.32825
-9.61234
2.47658
-6.87327
3.51882
-1.00662
-3.43718
-6.25859
-2.01443
2.93355
-5.50565
-2.88570
-5.15592
1.74652
-1.93210
5.64973
0.45946
5.59904
5.25887
0.14630
0.56175
-8.61057
-0.59132
-4.95601
-3.45459
2.18284
3.07220
-8.94401
0.54062
4.90816
-7.36974
1.29262
6.50211
-4.01613
-8.18570
4.47870
3.48955
6.16752
-2.60834
3.94526
3.67002
10.33165
-0.50363
1.90975
-3.98323
-1.85164
-6.06667
-7.59672
5.60027
3.54618
-3.37713
3.76338
-2.96932
-6.63544
-4.65656
-2.24062
-8.30962
-7.34330
-15.62387
6.87304
2.70723
8.04771
6.68748
-5.97600
-5.35488
6.27542
4.17546
3.91753
2.56405
1.81964
6.33774
3.90477
5.65775
-1.56919
4.70303
-4.31560
3.40992
-0.64428
-0.61230
-5.28936
10.38183
-3.52987
3.63789
-0.05058
-0.81952
0.62799
-2.95658
-7.30654
12.89736
-3.16802
-0.90468
-8.55201
6.02330
-0.27672
-0.35720
-1.58225
-1.18728
-6.45435
-0.72755
3.09088
-0.69197
-3.85128
3.76987
8.52191
14.32202
9.38946
-4.36357
6.10287
2.38083
-2.34853
-7.55097
1.98718
-3.28737
5.71502
-6.29102
2.59098
4.73995
-3.44938
10.22390
-7.83420
-0.76074
5.12014
4.62280
-6.92267
-3.47951
-4.33766
2.08951
-8.69122
-5.13904
13.62834
-4.24159
-3.96032
1.86678
0.71970
-0.64292
-4.32266
-2.71341
-0.51786
10.22985
3.44865
2.58732
-4.63200
-1.04624
4.09598
-2.71870
8.71188
-4.01857
-1.50998
4.61803
-0.32370
0.49333
3.37934
1.78902
-0.74455
-9.48350
-1.03873
2.59948
-14.63658
4.28134
0.43959
-6.07411
-1.17400
-11.68314
0.37304
3.93986
4.19253
8.14233
4.78307
-4.83649
0.61703
10.50392
-2.88678
-0.69661
7.45172
3.38877
-5.89452
7.81870
9.36510
-2.84640
-6.79439
-13.38615
-3.40071
2.77852
0.57790
-0.19672
9.29124
-8.14112
4.98785
-4.18698
-0.35621
1.87659
9.95927
-8.19532
6.10970
7.33906
2.12750
1.39114
-5.61386
-3.88057
0.07860
-1.49130
3.15536
-3.92600
0.60909
-0.72233
-1.79052
-2.03196
-2.93716
-7.59324
-3.00967
3.27689
-0.60410
-7.63815
2.70576
-8.38365
-11.97123
-1.93095
-2.95376
-4.69825
-3.23908
-10.85972
13.96264
-6.90157
7.33657
-2.36194
-3.07870
-0.79297
4.66594
-6.43909
-7.32402
-1.39000
-6.96098
-4.29060
-11.80203
3.56218
5.00581
-5.79426
-8.43454
2.22196
3.92654
-4.20364
5.56283
-16.18347
-0.55754
-2.14060
-5.81957
-1.85059
5.59276
1.16001
-0.52387
-1.42136
7.54324
-6.47074
0.50130
0.32242
-8.08469
11.97266
8.71581
5.16387
-5.77549
18.63366
13.06173
8.15597
-3.04701
-10.90792
3.01645
-6.93806
-1.31694
10.58187
11.42861
-4.29654
11.00665
5.71729
-9.95503
0.52504
0.24221
3.84284
1.38708
1.73834
1.00963
-0.89671
-3.55280
-7.43531
-7.97648
4.67335
4.65394
4.96631
-8.32721
10.92205
-4.06629
-2.41491
-1.35468
4.65609
0.50525
3.18310
-0.30207
-6.47755
-3.37482
-5.13545
-9.69537
0.59376
-8.08504
5.81908
4.71325
-0.62547
-2.38830
6.64872
5.25429
-0.61487
11.63432
-10.87742
2.08016
-1.96262
6.79098
3.27251
3.78935
