0.77933
4.83530
3.59451
-1.87251
-0.67561
-6.28800
-4.29254
7.10811
0.69129
7.03961
-3.12930
3.52678
-2.73766
0.12446
-5.64364
-2.06339
-2.01986
-1.43372
-6.56569
1.28941
0.43329
8.73669
4.17203
3.31053
-1.26532
5.07385
7.28341
2.03400
-0.31391
-7.61137
-3.66950
-3.98872
0.70115
1.08928
4.65178
-1.09534
-12.57052
-1.69053
4.99154
-5.78697
-1.61833
-4.19021
1.86630
-0.30204
-3.42351
-1.66372
6.27115
-2.52724
2.96615
2.46029
5.62141
-7.69497
3.52798
2.42452
-5.42289
1.45601
1.95421
3.46330
-1.27648
9.16830
-7.90796
2.70629
4.89020
10.78503
-2.76558
-7.99575
-6.74774
-0.24567
-9.51035
-2.32991
0.55976
3.96187
-1.16714
-0.37113
-3.55495
-1.41945
-0.38003
11.53695
2.03769
-6.48200
-0.42270
-0.30930
2.80500
-6.58706
0.42744
4.29392
-3.42338
0.15117
0.96375
-5.52595
-5.43872
6.30068
3.76952
6.39523
0.92964
-4.57583
2.83378
4.24692
1.70895
-0.55281
-2.15573
0.94598
-8.18622
1.43649
3.47938
4.93345
8.45036
-8.13967
-6.89530
3.77642
-3.60391
-6.25277
-5.88109
-5.50825
1.39345
0.29779
-4.39128
2.26596
4.24679
1.57310
1.41787
-2.97690
4.30094
-6.08929
-0.08615
4.54503
-0.02342
2.85962
-0.52328
-1.46098
8.10988
6.46272
-1.66188
4.81778
4.45985
-1.51000
2.45615
2.39915
2.97417
2.08873
-5.64790
1.74046
3.52794
-4.82863
-3.63859
5.53267
-3.40505
-0.00705
-2.04995
-2.57263
1.84253
2.36175
0.02871
4.49173
-3.26063
-4.82477
-2.49765
-0.67533
6.45471
10.27351
-8.37422
-4.99876
-5.80032
1.07613
0.81988
-0.04641
-5.88406
2.67631
0.46535
-6.33943
6.35718
1.57855
0.57003
-1.49084
-0.04060
2.18985
10.14776
5.85776
-1.32088
4.03412
-6.28781
-2.20149
-0.06576
-0.04085
-2.73161
5.11271
7.01431
-3.99762
2.04786
1.01222
-4.86930
3.69427
8.01549
2.02140
-1.38764
-2.18428
5.79572
2.30866
-10.25184
7.26010
5.20521
0.79290
6.13488
3.80343
1.18586
-1.47890
-0.49178
1.98178
10.38102
-0.40721
-5.23547
-1.05106
9.46841
-1.74306
-1.26479
3.13552
1.65688
-1.94309
0.48083
-1.47286
5.58969
5.86295
1.82923
0.22463
5.68670
-2.25065
-2.60162
-0.44087
-0.69093
0.00030
-3.32974
5.11038
0.42200
0.36394
-2.35732
1.18457
6.78528
6.23965
0.11070
-2.01329
0.74153
0.85987
-2.83058
-4.31912
-8.33501
10.79213
1.03554
-1.81827
3.21635
-4.44339
1.64254
-2.70773
-4.65240
-2.41943
-5.55236
-3.00113
2.65160
-4.68427
1.10099
5.72656
-1.78617
3.64421
-3.59801
-2.95386
-1.12239
4.94133
-5.12973
-2.64972
0.29168
3.90548
2.65918
3.50045
4.37787
1.20965
3.35549
1.35732
0.38299
-0.91529
4.65793
-4.85466
-9.00638
6.11559
-8.16803
1.49666
1.21438
-0.02601
5.53898
1.53281
0.30075
1.57727
4.79965
0.78445
0.94822
8.77848
-6.10357
-3.95869
0.93622
-7.00829
-0.25593
-0.83961
2.93198
5.38538
2.96153
3.51666
-1.69452
0.54994
8.16017
5.55469
-6.51223
3.64764
-4.44940
1.36553
-4.49507
-1.54045
-12.91675
-5.83951
0.05229
-5.77162
-0.56536
-0.52704
1.83726
2.30128
7.66641
-4.62292
-0.19673
6.11487
2.64872
0.34911
-1.89284
-3.42942
-10.41375
-3.67085
6.37265
-4.42067
1.23198
4.27213
-5.90400
2.00352
1.14108
-3.73016
8.85338
7.94160
-7.71555
-5.98766
3.56754
-2.07900
8.25185
3.96951
-2.44153
-3.22274
0.03648
3.85072
-4.66984
-2.67023
2.91985
-4.10051
4.33253
5.84101
-6.60440
-4.98619
2.71060
0.35081
1.00800
5.73976
1.80236
-6.08673
3.00044
-3.17784
-9.76747
-4.25842
2.50723
0.17163
-2.49811
1.78457
2.52172
-0.85096
0.65084
-3.46043
8.22755
2.41890
-1.39282
-0.22602
-5.71282
2.04904
6.27780
-0.85947
-1.23627
-1.40714
2.50882
-2.51372
-2.09917
3.19877
-4.57853
1.64449
1.71020
0.96681
-9.00445
-6.08593
3.44334
-5.30434
-3.31703
-2.13696
2.28084
3.48272
1.23835
-6.78305
-2.03257
-2.74132
-2.37980
0.90948
-6.24467
-7.45072
8.86586
-8.75122
4.20234
2.54280
-1.56369
0.39347
2.76283
3.49428
-0.77209
3.07664
-3.72484
-0.44932
1.22725
-9.28588
5.03403
5.15658
0.48506
3.28558
5.40886
1.74597
-3.50629
-0.96491
-7.33419
-5.02122
3.64034
-1.21050
-1.86577
-4.59278
3.18700
7.39914
-4.22034
7.29703
-2.81406
-12.52944
-2.14575
-0.47857
-0.66580
-0.57691
0.40961
0.60821
6.26206
-3.81454
-5.26412
-10.61348
-2.63211
1.71498
-0.30398
-2.07277
-1.39667
0.60212
0.89499
-0.39682
2.58475
2.84536
-2.53651
-3.15633
-2.28833
6.44600
-5.71622
-3.81503
-5.10692
5.05484
5.96936
3.47220
-4.77941
-5.74038
-0.05574
-4.83335
-4.95689
4.49188
-1.59092
1.65309
-0.88742
-4.71104
1.66818
-1.71579
5.81629
-7.22424
5.14769
-0.90534
-3.84329
-1.85756
2.92696
0.22421
2.29031
-2.80583
1.44174
5.03011
2.23668
4.94587
-3.14949
7.33224
4.18214
1.81245
-7.23034
2.50051
4.88321
-0.21219
3.79201
0.35575
6.32160
-1.42234
-10.04393
0.57228
2.69866
-0.76340
1.87301
4.27924
1.93113
2.93955
0.53455
1.46823
3.24103
-1.31327
4.92575
-3.88466
3.35149
2.34696
-1.51483
0.30146
-3.27444
-10.07976
1.94923
1.78290
0.79917
0.65969
-4.74714
-1.07644
2.34374
-5.03334
1.21974
-1.21257
3.00293
0.38732
0.28664
3.23514
2.44907
7.07230
7.61993
1.05342
-3.70034
-0.65943
6.99927
0.31817
6.17557
2.72161
-3.00795
3.53730
3.06832
5.09815
3.30600
-2.51696
-8.93030
1.49049
2.72523
1.76872
-3.11099
-3.99150
0.44937
6.02013
-1.82498
6.66022
-6.19815
-0.33791
-3.61752
7.06513
6.43978
-4.22567
-4.20202
-0.02599
-0.69400
6.67160
0.49306
-5.43132
-1.40726
9.93010
0.69605
2.64625
-4.46555
-2.47082
-3.08376
-0.43594
-4.06457
2.40981
-2.23057
8.03352
4.07298
1.44678
4.55465
7.52777
2.70437
6.20712
4.47680
2.58722
5.77235
-1.53484
-3.73114
1.23040
-2.06705
-2.71314
1.61702
-1.17583
6.01236
-3.03085
5.75841
0.91864
-0.89393
-3.62992
-1.60461
0.52023
-5.82565
7.45869
0.02269
5.28400
1.13040
-2.20302
-6.65027
1.23552
-6.10905
2.23344
-3.37744
-3.33732
-0.14351
-3.63209
5.06625
-2.76003
3.87233
1.81742
0.83125
5.94472
-0.96267
0.58262
1.60368
1.25283
3.67270
0.86426
-0.21406
-0.11048
4.35034
3.58092
2.12742
0.86338
-4.07376
-5.86566
0.70033
1.26831
-0.48534
-4.36085
-5.92793
2.63673
1.22093
0.48029
4.83800
-3.91508
-3.96254
0.52289
4.21989
-1.38278
8.68507
-4.04447
4.99927
-1.31548
11.68869
1.04341
1.92477
3.72835
2.77229
-5.83886
3.43442
2.12971
5.95220
0.92441
8.21596
-8.47344
3.56018
1.73531
-5.00405
-5.63875
1.76002
-1.85192
2.75889
-3.17070
1.83014
-0.19580
2.45311
4.91835
3.50168
-4.48653
0.54315
3.63710
-2.97949
0.64880
-5.25367
-3.26297
5.59927
3.42441
-1.13549
3.57606
-0.06724
2.29286
-2.97944
-3.02591
2.51074
1.28432
-2.73812
-0.23482
-11.77928
-1.62875
0.90990
11.47206
-4.03180
-1.22652
3.06507
-5.28948
0.85690
-0.17178
6.20253
-3.31820
3.09291
-5.48948
5.61041
0.11181
3.25605
5.64674
-6.47550
0.26408
0.87687
-10.09919
-4.60676
-8.06473
-0.05742
-8.94478
-2.02819
-3.28282
-1.15136
-2.72989
10.41806
4.58559
-3.81969
6.62563
-3.99311
-5.37323
-7.91226
0.44057
-4.87597
5.28781
5.03278
4.23618
-2.25007
1.69786
1.85440
7.22643
1.63835
-6.71166
-3.79961
2.47407
2.32992
7.82233
-1.26159
-1.80787
0.12624
8.06242
-0.50937
-4.45693
-6.80656
-2.81704
4.13888
-0.95414
-4.45913
-7.34377
3.00202
8.82217
-4.35868
-3.05645
-4.00580
1.24758
-3.70119
-0.74839
1.65102
11.61480
3.45051
5.61130
3.87850
-2.90035
1.97933
2.91124
4.39150
-3.13685
-3.38064
-5.44745
0.02319
6.39795
-1.28661
-0.06425
4.03649
1.85867
3.97952
0.43599
0.61918
-1.94180
1.28105
0.94536
-3.62627
2.89887
4.22757
-2.98287
-2.32705
-1.98533
3.24355
0.38352
6.74613
-4.45198
-2.68934
-3.86400
-3.64056
-10.34737
-0.14844
-0.56173
-0.97861
5.35883
1.41528
-2.64574
4.42072
-2.96005
9.31747
-1.48895
3.38421
-2.42889
-2.01277
2.53346
-5.96435
5.40630
-2.42811
-2.07463
-1.38279
-3.76310
6.79976
-0.56820
-2.09209
-6.50405
-1.61918
0.03165
-2.99798
2.91322
-1.11055
-0.70875
-9.97482
-3.77350
-3.28810
0.16429
2.97015
-4.74993
5.95875
-1.21727
-6.33779
1.82353
0.94023
-4.59782
3.56370
-0.80674
0.52166
0.20605
-3.29077
-0.53867
2.94083
-3.63369
9.77056
-0.20885
-6.49840
6.27369
-4.36067
0.58757
5.64886
1.82476
-8.30577
0.05204
5.07389
-2.67364
3.70720
2.43317
-1.39720
2.53134
5.26793
0.46583
2.48064
-7.53322
0.56158
7.89128
4.01493
-8.21581
4.71259
4.20934
-7.44169
2.17020
1.87611
-0.56584
1.82210
-2.90866
1.66223
2.29856
1.57426
3.24470
-2.84773
3.39376
0.57757
-3.54294
-0.67455
2.39035
-4.50056
2.58750
5.15827
7.27845
5.03776
-4.97533
1.83113
-3.96628
-2.33248
1.25006
7.04207
5.23249
-5.68590
-4.76229
0.60297
-4.41478
3.75883
-0.24456
-5.63217
0.27288
-11.14203
-4.33190
6.34569
1.93190
6.52323
0.72074
4.85063
-4.30150
-5.28327
3.20549
-0.62011
7.74008
-1.62495
-0.86919
3.22959
0.88860
-0.25901
-0.00606
-2.49463
-1.82811
7.22542
-3.30078
5.74841
5.67870
6.64618
2.40072
-8.25255
8.97501
5.55384
-3.45307
5.30509
-4.51546
-4.42602
-2.98639
-1.17918
4.69623
-6.65473
3.52629
-6.19939
5.43651
-2.69190
0.21987
3.05016
0.77734
-0.81124
-5.40857
3.80213
-4.22795
-4.99390
3.13152
-4.89389
-1.20445
-3.19213
-3.91111
-2.46751
-5.77723
0.64985
1.09410
-3.64113
-3.77547
-3.12390
-4.78841
-0.80189
2.50631
3.80284
0.13384
2.90566
-4.38494
-2.93441
3.35259
-11.16952
-0.12845
2.75269
-3.26256
1.32136
-4.55958
6.08171
0.17064
-5.07231
1.35846
-2.69118
-4.88213
3.90187
4.74723
-4.20310
-1.50977
-1.71144
-2.33541
2.54867
2.45148
-5.81354
-5.28284
2.61446
-2.95152
2.48458
-9.26065
-1.28156
2.90479
8.07784
2.38985
-0.15916
3.28130
-3.53606
-3.22616
-2.85557
1.25711
-3.59529
-4.85536
-1.56815
-1.56121
2.66519
-3.04339
6.98440
2.40193
3.86915
-0.57797
-2.75856
-0.42886
-3.92259
1.83336
-2.78304
-6.22865
-1.68692
2.34965
2.61315
-1.15466
4.69914
-1.87129
-3.80954
7.19370
-6.35084
-5.91683
-0.37944
-4.47169
3.27609
6.70516
-2.26785
0.03282
-1.64293
1.92258
3.47621
-6.83334
1.80016
-1.67141
-1.91618
2.58387
4.70758
-8.82685
-2.89174
-0.37177
6.46687
2.35682
2.22375
9.89314
5.64528
-1.87240
0.78723
-0.85795
-1.01218
4.29706
3.20720
3.86738
-1.75275
-0.42267
-2.75674
2.10247
12.22523
3.36448
2.09618
3.34899
0.51989
9.34386
-4.06306
1.25871
3.57081
3.95753
0.12627
0.59937
-1.10188
-0.19299
-6.79420
-7.65787
4.46061
-4.95447
-8.69739
-3.18008
4.84555
-4.07018
4.91001
-5.40001
1.46744
3.75324
0.53685
3.12096
3.08623
-2.32640
5.45826
5.45162
-0.98122
-0.78444
2.81263
-0.62676
-1.39695
-3.15406
-0.81198
4.45584
3.28344
0.66716
2.22439
4.99660
-4.15297
-2.60522
0.48829
-1.49628
-0.87595
-8.11812
0.59444
-10.86423
8.40360
-0.48188
-1.42784
-0.33458
-3.13662
6.21802
2.96107
-2.78785
-1.11821
1.68468
3.46837
5.16520
1.09282
0.48661
4.10346
-8.16885
1.21833
-1.97523
-1.16557
1.16352
-10.07110
7.87330
6.19352
-2.15614
2.00504
1.45556
1.89767
-0.14566
0.94917
5.92064
-0.14756
-2.19286
0.26851
1.87810
8.30108
-1.16411
-8.16642
-9.20353
1.42629
3.17769
8.15465
-1.08179
-0.31516
7.81433
-2.78761
-2.57003
4.08884
0.09926
-6.01175
-8.82071
7.15535
2.03934
-4.72951
3.31656
-2.15652
-1.80218
2.82196
-0.89038
-5.36138
5.28159
0.90274
-6.12867
6.56488
6.51959
-4.35299
2.18749
10.97337
4.49481
-7.84531
1.51516
-0.41791
3.49332
3.11637
-5.76457
-2.81634
1.19502
1.66180
-2.31753
-6.62846
6.50138
1.28090
-1.61726
-6.16891
-0.74197
-8.72237
-8.73223
-3.03752
-5.29193
3.01949
5.12676
-4.24383
-9.97764
-2.86238
-1.08592
3.58989
0.52643
-1.65955
4.33155
-4.58668
-0.02618
2.44699
-0.52653
-2.83184
2.17608
-4.54349
-1.59632
0.08357
6.14373
-1.43771
-1.47814
4.36953
-5.88654
0.08232
6.59394
-2.42987
4.04161
-1.87794
3.18835
5.13953
-2.01909
-6.45459
6.86247
-1.73294
4.25900
2.77268
-6.90153
3.66644
-1.61718
6.29887
-4.59236
2.50783
3.04642
-1.29258
6.29185
4.89992
7.96545
5.50523
2.13727
-7.99055
0.38424
-0.78566
7.34918
1.53069
-1.09837
-1.11962
-0.76053
9.33484
-8.12470
2.20581
2.76923
2.07647
-6.94200
-0.75789
0.49182
-7.24011
3.21017
3.02263
3.10737
2.46840
2.33619
-4.34482
1.35261
5.89764
4.51462
3.78110
4.44508
1.60813
0.42249
0.95230
11.03843
0.59146
-2.78233
3.54070
1.24334
3.01521
9.61601
-4.35543
5.18444
4.74622
-1.77677
-8.25362
-6.10809
6.83190
1.99316
-1.73972
-1.72150
-0.90692
1.43504
0.49288
2.84371
2.13513
3.79859
4.13782
9.35668
1.58808
-8.76545
3.96665
2.22739
2.45408
3.38374
2.38178
-1.09889
4.68354
-3.89063
6.00440
3.68229
1.33472
3.72441
1.91466
-2.20834
-0.74489
1.30975
1.34854
-2.55482
5.15557
2.46580
0.79617
0.67478
-3.22818
7.84947
-0.36397
-4.80509
6.83183
-0.31375
-6.86935
0.25494
-9.71964
-6.60842
1.29007
0.25551
2.34642
-0.07169
-0.00588
-2.25684
4.66979
0.61213
-6.12848
-0.66958
-2.70626
-5.97934
5.24326
-1.27710
4.07181
-13.58247
2.06373
-8.17646
-6.77393
1.11059
4.01611
1.69334
-1.70498
-2.04963
3.13589
-1.24802
-0.93967
3.33427
3.88813
-4.06814
0.91966
-0.14871
-0.88036
-4.65977
0.38087
-11.03158
2.25391
3.07446
-1.98129
-0.79790
0.46307
2.98295
-6.44769
-5.71415
-1.24402
-8.56593
-2.29149
1.47386
-0.47755
3.61722
-3.04565
-0.09380
2.65162
0.75955
-0.38473
1.51338
-4.85814
-6.92815
9.24100
2.70507
-11.38486
7.12649
6.45805
1.16683
3.45531
3.72099
-3.72885
3.03097
6.74992
2.72040
0.31663
-0.27042
6.17556
7.42645
4.31686
-1.97662
0.00001
0.69837
-0.56229
-0.07230
3.60332
-15.20757
-4.26333
1.03758
3.08502
-3.99148
1.43227
-2.94255
6.46114
2.23891
1.97139
1.93211
7.82140
-6.70381
-8.60483
6.91908
-1.82107
-3.97566
-0.86885
-2.41513
-1.72541
-0.26021
-10.86662
-4.01650
5.46939
-1.29756
4.88328
-4.00485
4.09313
-2.62983
-6.89608
-4.76290
1.60381
1.61022
0.00389
-1.52250
1.82607
-2.40024
-0.70397
-1.30811
6.26831
2.70176
-3.22996
-0.32481
-6.00103
-3.25000
7.11301
-0.38694
-1.05327
1.31485
9.04275
-3.03288
3.59280
0.97391
3.82648
5.19074
-0.04797
-4.92196
-2.95456
1.70229
-5.31295
7.21980
6.49206
-2.34672
0.27525
0.77096
2.69319
-7.07072
2.85994
-3.26656
0.61087
-2.60861
1.01891
5.48921
0.84671
-9.89367
-3.18064
6.62194
1.71234
2.53586
1.66074
-5.04048
1.00489
-4.10028
-6.08795
1.51452
3.26319
-2.28066
-2.06741
-3.26062
4.63512
-1.00248
-0.94907
1.12872
-3.44099
5.34689
0.32223
-1.49803
-1.70920
-1.73763
-0.57947
-0.48937
-9.38663
1.87323
1.34593
-2.67208
2.91133
0.48087
-6.25467
3.76105
4.71755
-4.57106
-0.22937
-12.29832
3.72695
-1.09980
-0.61464
1.44210
8.25007
4.27103
4.39366
-5.00416
-0.02336
2.26461
-6.69780
-2.13330
-7.83363
1.40791
7.09481
-0.91453
-4.32429
-4.78976
-1.08607
1.67470
2.01016
3.84724
-1.61522
0.68566
5.18869
-4.31273
-6.11010
0.61656
-7.49716
-6.38934
-0.24503
-2.08316
0.38623
5.14047
-3.69667
4.41548
-1.03343
-3.98143
2.36839
-1.01546
-4.63792
1.80807
2.15681
-4.83019
2.34295
0.10787
3.61621
0.03190
2.62643
-3.53566
4.37156
0.80660
-10.69262
-0.11106
-0.52213
1.07968
-9.46300
5.68611
-5.47421
1.00782
0.03820
-4.72630
-3.45414
-1.43065
-3.59210
3.50898
3.70868
-2.69757
1.76015
-1.78211
-5.29708
6.30803
1.83918
1.84067
-2.49979
11.15699
-3.17869
-3.30449
3.35594
-8.12529
-1.14301
-0.22118
-1.36497
-3.43727
6.46696
2.26101
-9.53682
-8.07015
3.86795
0.65449
-2.53114
-3.30599
-0.62362
1.39720
-7.22915
-2.95213
-0.06014
0.37297
1.26265
-0.47804
2.49332
-3.01737
1.11005
6.86001
0.71692
-4.51750
-5.13872
2.78716
5.38524
0.58291
-4.47467
8.00269
0.02958
4.91940
10.47732
2.99442
1.92131
1.98256
1.00132
-6.32889
2.29956
2.71167
3.46706
7.52513
-4.62916
-6.04286
4.03229
4.15030
3.47608
-6.90317
-6.73890
2.00793
4.07709
-0.87587
-1.66607
-0.41369
0.24172
5.45133
1.89961
-0.99436
2.01393
1.61395
1.26506
1.74148
3.89023
0.84581
-2.71432
7.42342
1.02447
3.86000
6.00535
-2.28078
-1.58385
-2.57213
-2.62530
1.13050
-0.29127
7.15190
-5.28748
4.01736
3.17643
-2.57389
4.54956
-3.59689
1.92650
-2.12921
-4.50719
3.33061
-3.26606
0.25460
8.83966
-3.15148
2.10612
1.01930
10.59715
-6.47770
4.13170
-4.27799
3.21064
7.28653
8.50783
-1.58232
-1.89301
-1.86937
-3.62989
-2.10070
-1.01495
-4.00879
-2.09226
2.60681
-5.22134
-1.95905
5.62516
-3.98187
-8.51143
1.68507
-1.64478
-1.05348
2.12540
0.12795
2.20176
5.00953
-1.17983
7.03909
3.31257
-5.45110
-4.45081
-2.23496
4.44034
0.40593
2.16025
1.24604
-2.26512
2.65855
5.79407
-2.13342
4.85267
-5.93624
-2.42032
4.41382
1.68555
2.02099
6.20728
2.58932
-1.39166
-2.85925
3.68595
1.48682
-1.50878
-2.61591
1.62054
-6.07119
6.22918
-1.91945
-3.31480
-2.14026
1.73852
0.74452
-4.01986
7.91363
1.66403
1.68558
-0.56063
-2.52247
0.79523
-4.05647
10.29729
-5.28988
-3.77323
-4.30849
-6.59732
7.03640
-1.49029
0.75078
4.60370
-0.63325
-3.44047
-4.15603
-3.31747
3.74682
-5.29597
-1.31022
-0.13250
4.10567
2.32437
-0.42039
0.17035
-0.21515
8.32898
-0.20482
0.43841
-6.67028
-1.22799
0.44610
-0.13594
-9.82553
-4.28453
-3.17678
-3.59373
1.25575
2.99354
-1.13888
3.09165
1.18754
-4.06829
0.12986
5.55001
6.74765
2.03659
-5.34359
-2.97224
0.03559
2.02273
-7.55877
4.41097
-2.75909
-0.95998
2.04019
0.25784
-1.08995
-0.63586
2.85751
-0.20269
-4.75189
3.74644
-0.52620
-1.38932
2.41312
-9.96477
-4.03368
2.23923
-10.03492
0.36191
-0.06516
-1.74890
7.72617
3.70538
1.72002
1.32609
0.72775
-1.76635
-5.42505
-1.66751
-1.48059
2.82450
-4.58194
-4.00833
6.88764
1.10727
-3.00280
7.10980
0.99212
-1.72661
2.32238
-1.96475
7.71161
-6.17317
-1.88265
1.73112
-1.50806
0.88700
0.29377
-6.84193
3.24046
7.87082
5.14035
-0.90822
-1.27500
-0.72033
9.17410
-3.20892
-0.16369
-2.86692
-2.70528
6.36351
-4.73042
-4.34803
0.49207
3.38006
0.67846
-3.84051
2.91603
2.33998
1.47500
6.74276
2.20019
3.61890
-3.89765
0.96710
-0.70695
-3.33701
6.30373
-0.28453
-2.35434
-3.44647
-1.06677
0.39466
0.70459
-6.46764
-5.97411
1.06121
6.41705
5.81281
-3.87178
-0.96733
1.22859
3.39479
2.38126
-4.73362
5.01234
-1.08761
0.80403
1.96215
2.65218
4.22795
-3.84014
-0.46988
1.76190
-6.74360
1.99331
3.17270
6.96476
-4.17931
-6.75401
-3.09471
-2.66382
-0.88770
-3.59631
-2.71020
0.32472
-0.88738
-3.52137
0.79708
-0.00628
-3.58457
-4.09387
-8.36964
6.18374
5.65791
-1.42641
-3.98413
-5.33236
-3.79903
-5.59670
1.06842
-1.75605
-3.94679
-2.22008
8.68378
-0.19899
7.72932
-3.19952
-2.43172
0.71564
-3.35745
0.46551
-3.43690
0.64772
5.95287
0.73353
-3.82388
-2.42702
-2.86639
-9.62591
-1.58569
4.35412
-0.66060
-7.13844
0.88450
2.37636
-0.41852
6.65506
-0.34456
1.73491
0.94972
1.78523
0.24651
3.21954
-2.93793
2.21558
-2.53983
-4.88902
0.46623
-8.19574
-1.73276
2.60375
7.29536
-3.31677
-2.40598
-4.66331
2.53236
-6.73113
-3.01455
-5.68236
-2.96190
1.60033
-2.37074
4.61378
-1.01555
-5.11841
-1.32817
9.16322
6.06217
1.14282
2.78983
4.22346
7.07256
0.32110
0.23454
-4.36051
-1.35260
-3.04153
2.97926
5.06458
-6.78525
0.18052
-4.33421
2.03921
-6.22989
1.81238
-3.06699
2.22657
6.44137
0.31922
0.43632
1.90813
-3.88511
0.42275
1.06106
0.31316
9.34037
0.10946
0.86781
-5.17488
-2.33653
-2.77032
-7.16769
-2.18157
-3.27899
3.06262
-2.27936
-0.08376
-0.31597
-0.62108
0.04022
-0.05637
-3.90583
-2.78947
2.14723
8.36965
2.17921
-3.22326
-1.88993
2.25134
3.81601
1.09318
1.29675
4.60552
-7.59757
5.35362
6.13519
0.81921
1.08231
-1.26343
4.46892
3.77133
-1.46305
1.54988
-1.35179
4.27704
2.88420
4.99905
5.95037
6.42622
-1.35824
-2.33718
5.94921
-4.39883
-7.32103
2.60891
-3.39288
2.92080
3.83424
-3.94709
1.78414
3.10897
-6.95556
-9.46685
5.56253
7.02501
2.40742
3.96430
-3.43091
7.33362
2.43848
2.05833
-7.03671
-2.93782
3.65906
-6.25317
-2.94534
6.33080
9.21974
-2.40461
0.66702
4.97010
3.55705
-4.70690
-0.25070
-2.41473
4.10065
-5.17985
1.22233
1.71490
1.90082
4.97113
5.93189
2.85462
7.55103
0.96619
-1.68757
3.73849
-4.23019
-4.40223
1.76779
-1.93129
-0.27599
2.19352
0.81110
4.92732
4.83368
5.84658
-3.79507
-6.18613
-3.35259
-3.91435
-3.20663
-1.85116
1.95866
-3.18650
5.13804
3.66320
7.04329
-4.58244
-6.61224
0.76805
-0.68317
-0.82063
4.02441
-0.18098
3.98683
6.91998
0.24974
1.68459
-2.50701
0.85410
-5.41920
-4.65606
-4.61609
6.62607
4.33626
0.55521
-4.30086
-4.73650
4.04000
5.21648
-2.00857
0.44257
-5.92363
4.84632
-3.19990
4.21744
-2.14360
-7.57608
-7.85933
-5.03867
3.89463
-2.51789
8.56343
-4.28227
1.58414
4.91634
5.28478
0.87501
-3.69851
-0.77802
5.44533
9.04583
7.60665
-1.02825
6.76925
-2.72825
-3.06053
3.43647
-3.18645
2.61022
4.65118
-0.64494
1.60825
6.16226
-6.09619
-5.50782
0.85425
3.05725
-0.55047
-3.18453
-2.19638
-5.73696
2.17066
4.12150
-1.39220
-8.51969
3.82347
-0.03777
0.99109
1.86662
2.58686
0.61375
1.15413
-2.02420
-0.19343
3.19636
0.67744
6.08550
0.82717
4.75543
-11.01105
-1.22595
-6.72257
-15.47029
1.05731
6.51781
6.43348
-2.50029
0.71388
-4.73146
-3.70733
6.57398
3.08613
1.16017
-1.90946
3.30945
2.46759
-6.56738
-3.52984
8.85339
4.19078
7.33440
1.06539
-4.77243
2.04736
2.09868
7.15131
-1.07986
-0.51826
-5.24536
6.96797
-3.76471
-3.90751
-7.12207
-2.34324
2.19535
6.28087
-0.16482
-2.04353
0.06041
3.73135
-0.13156
7.96575
2.47570
1.55835
-0.05276
5.54332
4.12266
-0.38829
1.31215
-1.53646
1.12817
5.97537
8.17030
-1.73184
8.78941
1.42393
-1.52880
-4.43352
-1.41581
-0.29939
1.27021
-2.94814
0.79093
-5.49720
3.82445
-2.53981
-1.23292
-0.29158
-0.51770
4.32815
6.24695
-4.19702
-4.61294
0.29733
10.99427
5.84256
0.88885
-6.26501
-8.61664
-3.73749
6.03568
0.83140
2.28515
1.51995
8.36914
-3.40039
3.01018
1.07726
2.34522
5.65422
6.85326
1.35489
-4.78697
-2.17970
0.75376
7.29618
-0.27347
1.34266
6.06443
-0.13319
-0.30560
3.95925
0.07795
-5.40634
-2.86009
-2.70938
-11.94041
3.46894
-4.50150
10.68174
-0.07630
-0.04044
-5.82949
-0.81670
1.28896
-0.91860
1.16929
-2.88041
3.03397
-0.99145
2.56298
3.54056
4.50483
-5.20836
-5.57694
0.59016
0.58134
2.87101
-9.19707
-6.04373
6.12743
-4.51656
2.75166
-2.97126
-1.15600
-7.37923
-7.24822
3.85126
3.90534
-0.78558
2.25653
1.12468
-1.51341
6.04464
-2.93985
7.09837
-1.14538
1.37314
-6.89606
-4.69154
-0.63726
2.61783
-3.58785
8.94201
3.99445
0.39618
-1.90227
3.34169
-0.00765
13.11602
-6.34358
2.71508
2.98946
-4.50880
-5.68805
2.89304
2.36779
9.99890
-0.03697
-4.46846
-3.81269
3.28087
-4.16222
-2.16256
3.90183
7.25721
11.04567
-2.90032
0.49716
-1.83136
6.89993
0.12970
-9.41896
3.54189
-0.66038
-10.85883
-3.56991
-3.67289
1.66228
-6.30666
4.98226
0.40136
-0.20940
-6.88072
2.90952
2.65837
0.47438
0.20789
-4.76710
0.52872
-0.90081
1.71620
-3.55769
3.20597
10.37864
-1.99314
3.86292
-0.73171
6.23810
6.79188
-2.59480
-2.62029
0.22527
-4.17930
-1.70562
-0.81523
-2.35286
1.83369
1.37346
-5.35954
-6.30793
1.51165
7.62232
0.79636
0.44565
-6.19587
-2.42899
-5.32455
2.09801
-2.66888
2.81987
5.35689
-2.95382
-2.28034
3.17433
1.22359
4.24435
2.76988
4.02808
6.31292
-0.76945
7.28750
-6.28874
-3.04245
0.57185
-0.05185
1.33375
-2.29941
3.22001
-10.54912
1.60845
-0.50222
-2.08863
4.79251
-4.24800
2.15724
-6.74889
-3.07604
0.63006
7.56158
1.51402
4.80876
-8.85232
2.07669
1.50528
6.11754
-1.82346
0.31252
5.49063
0.06067
4.13866
5.69930
-8.68049
-1.86849
1.83494
5.93047
-0.86582
-3.35145
3.59126
-2.17567
0.33741
2.04542
-1.12457
-2.67179
1.83135
-0.75313
-0.90926
3.86291
-5.40323
0.61914
-8.71093
-0.44066
-3.04609
-2.31359
6.27944
0.37765
-1.16348
-8.73684
7.74696
-8.58809
0.87529
3.27564
1.59128
1.15989
3.05271
-3.37617
4.43536
1.37755
-0.11654
-3.34740
-3.11614
4.56578
0.99568
4.23166
2.81289
1.13334
-5.36859
4.85749
4.31709
3.95877
-1.13363
1.83963
8.13378
0.99493
1.72035
-2.23285
2.69282
-1.57754
-4.13624
6.54548
-3.21152
-1.83604
0.66730
0.64365
3.96589
1.93112
0.84304
3.21416
-1.66553
-5.39994
0.32822
-3.08264
-2.71448
2.36812
-1.78408
9.03960
-4.29384
-0.05057
3.20254
-0.06580
-0.73839
0.08515
-7.56055
7.08183
3.85191
7.07750
-1.00627
0.56573
-0.57107
4.87373
-4.84327
4.08428
4.06211
0.63374
0.77532
-6.18262
-4.92665
1.93465
-0.53024
2.94798
-0.37273
5.83531
6.44018
3.31346
3.00994
-7.37204
-2.39012
5.33817
3.02793
0.47455
-3.44020
5.80298
6.67737
-0.95136
2.05751
6.07092
-2.59072
0.72216
-0.03827
1.25996
-5.75341
-2.42915
-7.54429
3.62354
-8.92023
2.81071
-2.97544
-1.62269
0.13491
7.33530
-4.69169
2.54874
-2.75357
7.53470
-1.73887
-4.03494
8.31803
5.51742
4.17665
2.13576
2.58899
-4.81285
5.83224
1.13694
-8.64680
-1.54135
1.35586
-3.46674
0.78812
-5.23364
-3.24779
5.64910
1.84250
-9.78045
-10.53916
-6.15850
4.01262
5.42389
5.98155
-3.42947
-4.18569
-4.16791
-9.09018
-3.26254
-0.97789
-3.49122
2.23086
-3.56037
1.16359
-3.72866
-0.67566
-2.58624
-2.41940
3.85506
2.50910
2.41045
3.43556
3.04680
-2.81839
-7.94775
-4.45905
3.90278
-5.60269
0.67304
2.02084
9.66061
-1.81652
-11.76632
-1.32320
2.15002
2.33260
1.70888
-0.71933
1.40429
5.57261
-0.27927
4.51194
1.11066
4.38436
-8.84935
-1.45580
1.57742
4.68413
-5.92526
-2.78418
-1.14133
2.24774
-4.60490
-2.66731
-3.78986
-0.87103
4.61007
2.29853
-2.03233
5.27002
2.86003
-3.36644
2.82146
1.01179
2.51526
-1.33989
3.27840
8.30172
0.81954
0.00086
-9.88836
-0.25463
-3.32644
-5.58247
3.58827
-4.67065
15.08443
-1.44345
-4.26887
-0.71532
-4.73608
-4.21759
7.15976
-2.76834
-2.94010
2.92992
4.30955
-3.53301
0.71321
-2.70663
6.18380
-3.75579
-2.46155
-1.64021
-6.08201
1.08699
-0.63197
3.92974
4.63722
-4.37968
-3.63208
-4.87097
2.41615
-0.69662
-3.67493
-1.69757
1.43436
-1.03580
2.97784
-6.70195
7.28979
-2.66171
-0.02796
-0.70784
-5.28076
-6.63183
5.34497
4.34428
2.71055
-0.96355
6.53552
-3.44907
-0.91230
-1.13419
-1.27069
-1.76998
3.94584
-2.78997
2.67316
14.67544
0.54626
1.88699
2.59779
-0.74199
1.90727
-1.88643
-8.32395
-0.49942
-1.00000
-1.87241
4.41236
-1.58979
-7.45543
-0.17598
-1.20187
2.93521
-3.53814
-2.46700
-3.15516
-0.92271
-3.55763
2.98515
1.42111
-1.10083
5.69984
0.97214
-9.05746
1.87616
2.69591
-4.31793
1.75327
7.34333
-1.53296
3.69180
4.80891
0.81626
-4.99948
-6.63888
-4.95594
-4.79575
-6.98198
-2.13374
8.68587
-2.51003
-0.61649
2.42011
0.30897
2.37970
2.74764
-2.49284
-4.67384
7.62193
-5.26909
4.10371
-0.12509
2.45702
7.75550
-0.51967
0.68443
-1.60701
0.89403
5.69487
4.17222
0.84953
-0.17162
0.52543
-4.11649
-0.95235
3.10301
5.87897
3.71826
-0.17700
4.36265
0.23855
1.69763
4.06446
4.10440
0.75482
-4.07601
0.48440
3.42769
2.24094
1.90632
-5.54041
5.30401
1.71768
0.44003
4.99409
-0.15930
-0.98949
-1.92840
1.65703
-3.31891
1.31831
2.47150
-6.25768
-5.32467
-1.34883
-4.94332
2.21320
-2.75865
-2.82101
-2.31456
-1.07151
3.38467
-6.78359
3.08646
2.93721
0.58955
2.35587
0.01031
3.60096
-1.02948
0.84895
-2.54209
-4.80627
3.75241
-1.41570
0.58561
-0.97792
-2.53477
-2.90065
-0.84967
0.27308
1.94135
-3.49611
-4.02969
5.51307
7.45493
-0.76986
-3.01083
-0.94808
4.41603
-0.94425
-5.25035
0.31950
-0.67099
-5.26211
2.84449
-0.40049
-2.38474
-0.31803
-3.46790
1.58908
-1.04836
-2.09963
1.62870
-3.87470
-6.01741
0.98432
11.35680
0.12340
3.22467
3.09264
-3.49765
-4.88902
4.20048
8.98598
-3.04437
5.45591
1.48219
-0.44068
1.01758
4.29968
2.63450
4.90131
-2.83009
1.86238
-0.43309
-6.36506
2.01662
-5.07548
1.56378
4.21650
0.30516
-0.81779
6.97950
1.15458
5.35667
5.84227
0.97119
-4.22966
-0.50426
2.26952
6.26841
0.12084
3.73991
7.20549
0.11061
-1.54793
0.38960
-1.05738
1.17869
3.27979
-0.19119
1.35268
3.64826
-7.18241
-3.23102
-2.75388
1.51590
0.47604
-0.85055
0.58910
-2.15407
4.14762
-1.44338
7.34823
-8.33825
-3.79929
-0.67229
5.17890
5.09629
2.41604
-2.50933
-4.66368
6.65520
7.09958
-4.09218
5.23723
-2.09517
-2.49385
0.93235
-0.15534
-2.08071
3.66122
5.26629
-3.73821
6.72885
2.14648
-5.83610
-8.75486
0.50999
6.36199
-1.29108
3.67426
4.29839
-1.95781
-5.18894
-5.21589
-9.40356
-0.96051
-2.12188
0.76342
4.17393
1.63537
6.96320
1.23601
13.02261
5.16935
-7.55228
0.26331
4.95088
-9.32420
-3.49568
-0.14925
-1.36164
0.08557
2.27651
0.82237
-1.48546
-3.62377
-6.89469
1.15357
0.61845
-1.97977
4.40144
0.82966
3.28029
-0.67315
4.53452
4.12724
-0.01016
-2.16018
-0.46121
3.37936
-4.24438
2.02092
-1.82866
-0.11967
8.43868
1.70687
3.96242
7.90182
1.99035
3.11424
-1.24528
2.45151
0.43654
1.85309
3.17994
0.47253
-2.36605
6.40999
1.85625
-1.61992
-5.02516
2.07580
1.75408
2.58044
4.28296
-4.61318
8.56224
7.36336
0.00076
3.69783
0.98372
8.74804
-3.79800
4.96010
-1.64252
2.48375
0.21992
-3.07381
7.23366
4.02809
-1.89448
-7.50255
0.00380
4.18541
-5.78954
7.10591
-5.03979
1.77712
1.41228
-1.56129
-5.71866
-0.46798
5.86139
5.29137
2.70656
-1.91948
7.32107
-4.98069
-0.43226
-3.03945
-1.24209
-7.86482
2.02427
-3.35758
3.38385
2.92608
-1.04668
-3.87490
-4.81527
-2.29728
3.33901
-3.42839
0.78293
2.40729
2.91583
4.83450
6.63344
2.51895
-1.61817
-1.92725
6.69074
4.27877
3.96094
4.37085
3.28020
2.78405
-4.79398
0.67860
2.45963
-0.89226
5.11330
3.42227
-2.48171
1.30033
3.89682
-2.66950
-0.24803
0.07883
-7.08239
0.34395
-5.75296
6.28496
-0.41846
-6.47784
14.37638
8.14441
-3.84348
-8.24966
5.27588
2.26093
-0.05030
1.77064
2.70267
5.34145
1.43097
6.11812
-5.62502
-2.19577
-9.06575
-2.83989
-2.25599
-7.00696
4.25718
-2.39606
0.33172
-6.70054
-1.37786
-0.14377
3.96907
-0.99089
7.95259
-5.88834
3.43087
-2.05011
-6.71729
0.74331
-4.08751
8.56677
3.13923
-3.96316
-6.22596
-4.64615
1.86390
0.58219
-6.96012
-0.13766
3.61494
0.97863
-4.19269
-2.25613
5.69422
-2.57390
-1.21775
-1.00567
1.83750
4.93966
3.69874
2.87308
-2.27518
-3.18710
-1.94042
4.83893
4.47378
3.41088
3.47742
-1.80491
1.66708
-0.97901
-3.55845
-5.60141
-7.03804
-3.84913
3.96871
15.22724
3.12615
-2.73325
-4.39026
0.70697
1.91831
-5.75402
-1.55221
-3.90375
3.95911
4.84557
3.91837
-6.01591
-2.81000
-5.28664
3.83595
6.27160
5.67570
3.97037
-1.03642
-3.61551
-1.72901
-5.19496
-6.91821
-2.32631
0.90034
5.08867
-0.39192
-3.58428
-1.81199
2.39211
-4.78107
4.76682
12.12448
-4.48582
5.47973
-3.88707
2.44856
5.83036
7.55068
0.86276
-7.95734
-2.45798
-7.71302
-3.77688
-5.09843
-0.48248
-1.06903
-11.52094
6.81906
-1.06915
3.81362
7.93942
-3.03551
5.75224
1.18649
-6.48172
5.04765
-2.80948
3.28172
-3.03253
-2.39078
3.83043
-2.92217
-8.09455
-5.30756
1.36982
-6.02639
2.37627
3.70386
-1.60600
-6.25065
-3.57249
-1.74541
4.94879
3.62604
-0.12432
-8.96897
-0.10258
0.01976
-0.15311
7.07183
0.40748
0.45076
-0.08452
-3.24212
4.34506
-5.13673
-1.90604
-1.84255
-5.69303
-5.49567
-1.33442
8.65349
-5.42268
-9.78977
-4.66156
0.51060
-0.90554
1.71723
2.96343
2.91200
-0.52738
0.53170
-0.60543
0.84103
-0.85984
0.33344
-2.30802
5.26429
1.08755
-1.41690
-1.89603
-4.57601
-4.87171
2.95544
0.02832
2.23370
3.74455
-2.13779
-3.31894
-2.20460
-5.68435
6.84938
15.03205
-6.11866
-0.68499
4.71928
0.45026
-4.49116
9.90482
-9.76285
-1.50581
-7.71168
-4.53013
-1.56470
-1.90696
-2.24365
6.56097
-5.51081
-2.59492
-4.18890
2.30767
-0.78199
2.93934
7.43798
-4.24422
-3.30484
1.53765
-4.41915
-0.15343
-3.83026
-4.10321
-0.87979
-1.69488
-0.70243
-1.23959
2.90543
0.59724
9.82945
-4.78076
-0.54638
0.09585
6.42833
5.05133
-0.78049
2.39536
1.30430
6.45567
5.02182
-0.03111
4.98771
2.73666
3.40554
2.46903
-0.79264
11.17005
0.92400
-3.72934
-0.25231
4.45573
11.73662
-1.69685
-1.06321
-2.57618
0.71933
3.11495
-1.84556
-1.09416
-1.53682
0.30055
2.08230
2.85321
2.79889
-5.44302
7.25847
-4.70813
5.36622
0.44384
5.62006
-0.37854
2.81845
-0.18573
-3.30855
5.33366
-1.73568
-0.42076
4.40537
-7.27057
12.37777
1.87674
-4.48895
4.34127
0.29207
-0.29858
-5.97684
-8.61597
-3.56627
1.61027
-3.63823
-10.38729
1.92162
5.66719
2.37876
-2.46695
-2.66696
-5.87658
2.12456
-3.55175
-2.66546
-1.38609
8.56875
3.52731
-2.36851
4.33515
5.25466
-2.65042
-1.65465
2.03619
-2.33422
3.58166
-5.45394
6.00872
1.24468
-2.89827
2.14550
1.96583
3.92405
-6.53760
3.72125
0.22891
2.39932
-3.59316
9.14257
-3.17591
-1.41649
1.64808
1.55394
-0.57343
4.83768
-4.77674
3.32738
12.80724
3.60833
-12.01995
-3.89700
-0.29366
-0.56080
0.77855
-0.56261
4.01482
-7.40470
1.31515
6.41818
2.11443
2.46993
0.46688
-0.62000
-5.10705
0.35821
-5.72363
4.97924
6.50245
-9.91076
-1.72312
-3.49601
3.50104
-5.62790
6.31050
-2.79714
-0.63169
4.29880
-1.27927
-1.60984
8.44773
-6.99319
-1.94598
-3.53649
1.57110
2.30285
-1.31513
3.82183
5.57003
-4.76647
-1.30452
-0.75646
-2.58909
-3.77131
-4.94733
0.52424
-5.20169
4.30400
3.66066
1.38754
-1.74797
0.60019
-0.13640
-5.81517
4.33996
4.95451
1.00044
-3.55656
-1.78941
-5.23856
-2.20365
-0.03488
2.85378
1.43438
-1.41152
-4.52375
-0.61843
1.89475
-5.04049
-4.60574
-4.31964
1.54676
-2.58741
3.71111
-5.77242
-1.13000
-2.94104
4.90326
-9.61909
2.33111
0.10209
-0.34368
4.59928
4.57362
6.98664
2.22173
-0.64452
4.65438
4.15437
-14.29616
1.50299
2.19255
1.20714
0.67989
4.09549
-4.27669
5.41126
-1.79086
-1.21944
-0.35972
-1.70966
7.04088
-1.58551
0.61666
4.62762
1.68166
3.16353
7.70345
2.07816
-2.29178
1.55279
-0.66799
2.19531
0.01755
-9.33271
2.87009
3.57586
1.03450
-1.82644
-3.81090
3.98598
0.65942
1.71564
-0.20247
6.02379
-3.50659
-4.89974
-2.21470
4.47859
-3.24981
-1.79423
-1.50341
-3.72499
3.44730
-0.35570
-5.87634
-1.70074
-3.88272
-0.14498
6.13092
-3.88458
0.44185
2.88946
1.92300
-1.86090
-6.36353
0.59802
1.39711
-5.20728
-0.51980
0.83300
-7.13001
-2.14477
-1.65235
-1.05876
-0.47322
-5.77205
-0.78567
3.07255
6.97457
-7.86290
-0.94464
-2.00045
-3.73284
6.36433
-1.73241
2.89431
0.16826
-7.77715
1.29117
-3.61287
5.73457
1.82795
-1.81820
-4.54360
-4.23774
-2.63157
1.19810
1.47812
0.01785
-4.15535
-1.94198
-0.84848
-7.88906
0.02665
-0.37386
-2.86664
-0.32526
2.31474
5.66547
-1.40710
-1.34167
5.93569
0.83963
3.06457
-0.08252
-3.76005
3.44649
1.19838
-5.11319
1.42050
-0.81535
-0.96850
6.89411
-0.26031
-0.43309
-10.06433
2.89809
0.81546
-3.33984
-3.80183
4.40703
-4.27316
4.78002
4.11989
1.48283
4.58207
-0.03265
-0.62867
-2.61975
1.50765
-2.02233
-3.43623
0.38563
1.34631
-6.84904
-4.78755
-1.71673
-4.53514
2.86944
-0.97419
-9.73804
1.70652
-4.07608
0.98138
3.52613
3.08022
0.89081
-0.74170
-1.95097
-5.27526
-2.42256
5.16786
4.16173
-2.95697
-2.22733
-0.36329
-1.68242
-4.78282
-9.70256
2.69012
-7.89346
-6.85257
-4.69795
-10.39742
8.71808
7.02242
2.24025
-0.21258
-1.84856
3.11742
-0.80518
1.39897
0.01943
-2.11677
2.46799
-4.88459
-3.38078
-0.85063
4.65319
4.27658
-5.09446
2.19474
-2.49790
1.54988
7.16324
1.56253
-18.11917
-3.01356
1.74454
-0.52986
-0.23969
2.90365
0.99101
1.35832
3.51992
1.81418
-3.36973
0.42889
-5.34745
4.16423
0.96676
7.65666
9.05459
4.08665
4.05552
-4.92409
-6.75401
6.80135
1.56675
2.69611
0.48871
-7.60009
-9.07203
5.39319
8.32435
2.00622
0.63893
-0.41756
-1.50537
-3.17799
-8.80586
0.89973
-3.94856
-2.79916
1.05303
5.71754
5.14624
0.93952
-5.43839
2.60131
3.17336
-1.41757
1.05462
0.73973
7.86295
5.11613
3.67290
-0.06630
-6.42307
3.02332
-0.95280
1.12282
-5.42687
0.49076
-0.77687
-10.14801
-0.40441
-4.39101
-2.41614
-3.23721
0.87436
-3.86680
0.62957
0.14062
5.47771
2.84482
3.22217
2.14107
2.41349
2.12481
0.28238
-0.37516
-2.41061
-5.03933
4.65079
-5.20443
-7.39879
0.14158
-3.30666
-0.24520
-2.11097
-3.28613
2.18141
-1.96946
7.28041
-3.63445
-0.45006
-3.89035
0.61971
-1.01573
-0.21861
7.66516
0.31814
-0.31541
-3.60636
-2.45390
-1.07984
2.81743
-7.41292
7.16236
-0.15302
-2.38000
3.90099
0.06952
4.21243
-2.36452
-1.18712
2.54981
0.01314
-1.79018
-5.79604
-6.35059
1.24300
-5.95401
-7.15079
1.52088
5.02334
-1.90031
3.59903
-3.68426
-8.52619
-7.52684
2.62179
2.79248
-0.42801
5.03438
-3.66067
0.02563
5.46879
5.83244
-2.61500
-3.47149
-2.79577
-3.23895
-4.30817
0.57128
-4.03983
0.35297
0.13175
3.55099
-3.45844
4.92958
2.51257
-3.84819
-2.92184
2.12015
0.11602
-2.16925
6.95407
0.00252
-2.02311
3.86193
3.85341
6.28940
-0.63799
-3.19027
8.97322
-3.18267
2.74106
-2.39869
-0.10588
-1.23145
-2.15559
2.40456
6.88595
3.51653
6.04671
0.13852
3.02490
-1.28613
-3.88659
2.12230
5.32854
4.18146
-3.01964
-1.23687
-3.38157
-0.93106
0.81332
-7.71555
-6.49689
-4.75152
-3.74541
-1.90847
-2.00662
-2.29702
0.54259
-1.97917
-8.43969
-3.63573
-0.92835
-0.82789
-0.83308
-6.06290
5.49371
1.61260
3.27564
4.46455
4.59877
-4.18313
-0.56822
7.00190
1.61693
3.50992
2.14567
8.36379
10.47729
0.24512
3.55133
-7.13243
1.26670
5.41854
4.77824
-2.25336
-2.01490
2.98643
13.00148
1.97834
-5.79132
0.14540
2.30747
-1.43295
-1.22353
-3.94943
-2.45463
-3.62026
4.22831
-0.45481
2.93569
-2.23413
-0.73505
-1.64156
3.07524
-3.88766
5.04257
2.10204
2.14444
-2.53483
-5.55426
-1.42046
1.49812
4.56980
5.61796
-2.61874
3.84855
0.97282
-1.87942
5.04162
1.43697
-3.82993
1.22145
0.16134
-3.63592
-9.15988
0.62825
-3.08657
9.77170
0.52658
4.73207
0.24786
-8.18296
1.17722
-3.21362
1.68783
-6.06442
-6.67968
5.66108
4.42002
3.79618
-4.47048
5.75682
0.53925
-4.47458
-6.88300
1.19950
-6.36214
-10.02918
3.01839
-7.62470
8.04351
2.63845
-6.81412
-1.20736
1.21458
3.98530
5.23530
-2.02900
3.04806
6.40459
0.19374
0.56496
-1.61358
1.24822
-1.64686
3.31288
-0.27419
-4.22288
3.54950
-2.01300
1.66441
-2.13882
-1.83613
2.20822
2.13256
-6.59986
-0.21766
-1.81916
2.94794
-4.58780
1.33074
0.66677
3.06926
-5.96176
-3.14056
-1.27149
-8.14366
3.17427
-6.97619
7.48435
-1.53240
-1.46617
0.29488
1.90606
-14.63476
-3.63020
0.50170
-3.06215
-5.74312
-6.44040
3.65128
-4.74810
-4.22406
-3.15442
-4.97444
-10.64749
0.99163
7.11111
3.04375
-5.78495
0.59545
0.58470
-1.41251
7.45762
-5.28642
5.37998
1.79236
2.36038
1.81156
0.16236
8.58855
6.13897
1.06651
0.33993
1.60155
4.77531
3.19787
3.38166
5.72896
-5.20087
12.44728
-0.36986
7.49857
0.34579
-4.83870
4.43591
0.55776
1.76863
2.16589
6.91034
0.53576
-8.47458
7.45324
-2.24476
-1.53675
-1.61568
2.08837
3.71399
1.71679
-2.17915
-1.10511
-2.55689
0.56126
1.83692
-4.81817
5.69061
7.88160
-3.76274
0.44658
-4.95211
1.42041
-2.61532
1.64235
0.87481
2.94308
1.95568
5.81957
-4.93442
-1.75108
2.29905
-4.23067
2.17222
-0.04721
-5.79791
6.43067
2.90398
5.41867
-1.85972
0.97233
-0.89058
-5.32695
9.05794
1.20732
4.26923
3.06930
-9.22018
-3.93486
3.81110
-1.23371
-1.44053
0.87764
-1.84567
2.21918
-2.90837
-0.25319
6.57636
-0.57772
-0.24610
2.50225
0.61665
1.57128
-2.75843
-7.65507
-3.46298
-1.22289
-1.37571
6.54741
2.95223
0.91580
0.09693
-0.48456
-0.45460
-0.99378
-1.67719
-5.87845
7.39083
-2.28525
-1.21511
0.69045
7.97738
-2.35182
4.23143
-0.77172
4.65739
3.97860
5.17554
4.11153
-0.75615
-2.62073
0.22735
-5.17407
-2.59251
-5.73355
2.27691
3.20907
-4.75392
2.58336
0.35922
4.63677
-5.70280
5.99762
-5.59659
-3.40367
-5.07829
0.56292
4.56236
-3.96349
-0.01403
-1.53625
-9.09722
-2.57538
-1.31312
4.26606
5.04187
-7.47392
-6.63603
-4.69457
2.99515
-3.06832
1.06906
0.86950
-1.57920
0.34364
1.57005
-0.87618
5.77796
-2.91636
2.15255
-3.37031
2.19537
4.48090
0.31388
4.70988
7.64706
1.55835
5.37605
8.20258
0.67020
-6.49759
-5.06236
-10.79518
5.70272
1.83849
-7.23996
2.75610
-17.38975
-4.72127
5.32273
7.05347
-5.46656
-6.73140
-6.68028
-5.50939
3.91592
-3.86095
5.78308
-6.17732
4.55128
-3.97369
-2.47788
-2.03830
1.03298
-3.27989
-2.64726
-1.89970
5.07247
0.09059
-1.27294
-1.56934
4.19978
0.06332
2.48948
7.43026
1.31940
4.40346
-4.05486
-0.70382
-8.70369
4.71598
1.50106
-2.46063
2.71586
7.22619
5.77402
-7.55437
6.61550
6.93730
-3.38395
-0.52040
-1.67791
3.60872
2.15624
3.58016
-0.39772
-1.68292
-0.85205
-3.60000
-11.56958
1.84884
-4.44272
-7.41709
2.90964
0.01874
-2.03671
-0.18635
-1.47769
8.36603
-4.20190
-1.60649
-7.90916
-2.03410
-2.13631
7.71941
3.69060
-7.73513
-1.45837
0.33763
-5.14312
-10.23632
12.81085
6.78768
-1.09862
-4.35947
-2.01783
1.37292
6.63359
3.24658
1.09914
1.04871
-0.90785
-9.35402
-6.01375
6.20918
3.21123
-6.38259
1.50229
2.69823
4.96548
-1.03080
-5.97171
0.96626
4.63770
0.60194
-2.82354
5.26766
-0.44594
-4.85169
0.34702
-1.38342
0.23490
-3.51602
-4.36178
-5.00591
6.84108
-4.04942
1.72303
0.22719
-0.13858
-6.04419
-2.73866
-0.54364
-0.66701
-3.86045
-0.30944
-8.12534
-9.56674
-2.31864
2.84912
2.53916
1.17546
8.39601
0.32971
7.27827
-7.49382
8.54704
-3.20901
-2.30079
-3.08109
1.11523
3.07163
-5.67360
2.47582
4.19305
-1.17656
2.65500
3.48898
-0.98869
-5.33019
-2.82820
0.78374
2.70870
8.15981
1.79715
3.91372
-7.07687
2.37435
2.15347
3.61217
-4.52911
3.44684
3.19494
1.65621
-5.05270
4.98037
0.03435
0.06632
3.14315
6.00243
1.80554
-0.48331
-4.79397
6.39824
2.72799
6.33560
4.78586
2.20490
2.16319
3.71572
-3.04456
7.70932
-4.21890
-3.99064
0.21174
-4.29629
-3.75211
0.87641
1.08730
0.51446
3.43730
-0.12596
12.31325
7.51572
1.51391
0.13654
-5.70116
-5.59468
0.79905
-3.12644
2.98212
1.15639
4.58762
0.12522
3.08909
-0.15631
-4.60729
-0.44417
3.42524
1.07717
2.97709
4.56602
-4.86551
-6.90924
5.19281
1.96114
5.48988
-3.54740
4.75747
-4.18444
-1.87210
-0.26214
7.06216
5.66458
7.71940
2.22034
-4.32253
-2.92666
-1.22715
-1.59383
-2.83172
2.41491
-7.98472
-2.26529
1.87497
4.09600
-0.04252
4.26745
4.71378
0.83084
-3.00774
-0.72528
0.35111
1.77374
-0.35974
5.46550
-2.04090
0.32193
-6.21105
-1.67567
1.08514
5.30260
8.52442
-3.32851
0.45120
5.18310
5.92676
-1.02282
2.16709
-0.61156
-2.47516
-0.26126
8.64983
-7.58713
-0.91467
3.95644
-4.93960
3.39753
1.23144
-2.02334
0.68297
0.11263
-0.40785
9.72518
2.74153
-3.58246
1.07941
-6.73919
6.74473
-2.88667
3.34127
-4.63205
-0.77106
3.78825
-6.90042
3.72019
-1.41687
-4.63112
1.47987
-4.17113
4.62876
-6.05460
5.24714
-3.04533
4.91744
-1.52399
0.12447
-0.51630
2.26985
9.24443
-3.61909
-5.00141
-0.62819
-5.20872
-3.71474
1.51159
5.52667
0.12872
-3.84978
-5.31408
-10.21771
-3.47595
0.80762
-3.17764
2.91092
-0.29185
-0.30505
-2.93595
2.66894
-5.12042
-1.11602
8.80394
5.01226
3.59755
-6.73572
0.62228
4.91115
-0.60793
-2.36940
0.82094
5.52111
1.28579
6.77009
1.08859
-3.41043
5.07208
-0.56079
-0.06359
-2.73996
-1.81444
-3.08408
0.73929
1.33599
-2.24995
-1.90890
5.83938
2.58271
2.42841
-0.96263
-0.94271
-0.93141
-2.78313
4.83477
1.56841
-0.20973
2.75810
-3.24410
-5.56687
-3.23139
-0.76858
-8.60088
4.28025
-5.88165
1.07288
3.92050
-1.91450
-0.49521
-2.98366
0.87348
4.94832
0.10791
4.46856
3.44011
-5.25258
4.02553
-4.64194
-11.38910
-3.28056
-4.43517
-4.21372
-8.43659
-2.84857
1.96650
-4.97245
-1.94007
3.66501
3.48737
7.08360
1.54910
-1.08876
-6.88014
0.99352
-6.61646
-1.67887
-2.53001
-4.33883
2.12798
-2.06682
-4.02713
3.70854
1.02396
-4.41772
-2.83020
3.13772
6.25068
1.82424
-5.67788
-3.66585
4.24797
-6.46504
-3.67045
3.86244
3.11993
0.37227
6.03207
1.00709
2.46815
-6.84426
4.31767
4.57301
-1.37686
-6.18475
-0.90661
4.22494
-2.01316
-2.42694
4.14020
-0.75833
-4.05626
-3.64807
-3.01850
3.01629
-3.00083
1.86556
0.19380
-0.49877
-8.91484
8.30792
-0.29842
0.16264
0.57682
0.21889
-1.45233
-2.32681
-5.23034
-0.44389
0.22025
3.29945
2.61379
5.21459
-0.33422
-0.55270
3.28402
0.74774
2.86540
-0.25130
3.76703
-1.20263
-3.31551
0.80371
7.71248
5.07138
3.53619
-2.03910
-0.51884
-1.71742
3.63171
-1.57735
-4.55690
-0.65938
-0.25802
-3.91284
3.06057
-0.21273
-1.49154
1.80825
1.94813
-0.64870
0.25369
-1.32189
0.48277
-5.59194
-0.75681
-2.71549
0.95574
8.94077
-2.99911
1.26303
-7.62008
2.00391
4.42228
4.15163
-0.27335
-6.18495
2.79106
-5.88948
-4.34907
5.58108
0.53679
3.15759
-2.00909
4.68902
-2.12252
0.57586
3.08451
-0.57089
-0.46742
0.38247
5.68008
0.89020
-4.94968
1.33733
-3.76040
3.48766
-9.46622
1.34919
3.33799
4.23976
-3.69034
-3.51393
5.78820
-5.14751
4.99305
2.04839
2.60376
-1.95647
1.03230
1.20499
4.92990
2.41450
0.22450
-3.48465
4.12598
-7.43160
0.10479
-3.20709
-0.37534
-5.55107
4.98843
-0.24771
-5.25036
-4.87318
-5.68457
6.39052
2.17894
3.31349
-1.88907
-5.98102
4.51313
0.21070
3.48522
-3.18006
-4.19746
1.41111
-4.19882
3.27807
1.36788
6.09582
-7.58309
3.81181
2.59652
-10.50238
1.30860
-2.79108
-1.86829
0.37813
-6.30751
6.88411
0.77854
2.99338
0.16827
1.28184
1.89180
6.16032
4.73864
-3.34571
7.42542
-4.16574
1.70733
2.32170
4.04367
-0.49961
1.66288
-0.11203
-15.63285
1.66508
2.49877
-2.00715
-2.58324
-1.32158
-0.69199
-0.19500
-2.32443
5.21764
4.98682
4.80140
-3.33976
3.27843
-3.67869
-3.99402
14.03029
-5.46453
5.02993
1.64666
1.63882
-0.91456
-6.99091
0.86268
-5.08083
-0.07740
-4.52873
-0.26935
-4.99010
2.27159
-2.88882
-4.53326
6.07684
-4.83445
2.01532
-2.94724
3.94176
-0.07762
-4.95013
4.20783
-7.77801
4.76072
7.83504
4.86513
-4.89477
0.27798
-4.65019
4.53862
1.06978
-1.06968
1.00835
-0.47371
-0.58289
-1.22332
0.76668
-3.07811
0.73325
1.59724
2.96701
-5.55308
-3.19306
0.38957
16.19639
-2.61029
5.61689
4.12742
0.67957
-2.66224
-2.41453
1.11368
-1.50261
-1.13326
2.40996
-9.15686
2.17358
-0.41426
4.92535
-1.09665
-2.75135
-3.42767
6.04609
-2.28383
-3.39450
-3.56133
2.76308
-0.12480
2.20637
4.22178
0.56585
4.19437
10.22491
-1.98415
1.15617
-4.51604
8.14951
8.73120
-0.08624
1.53521
2.13007
0.40743
6.65500
3.42389
-12.58598
5.27269
-0.27954
0.63773
-7.55652
-4.79548
3.07066
2.59437
-3.50216
1.33169
-6.29338
1.43805
-0.86375
-1.78440
-0.04630
-9.31446
5.58448
3.43024
6.04884
-2.90253
3.66446
-1.38861
4.95237
0.94877
1.16675
-3.59528
1.14217
5.21799
-5.21273
-1.23498
1.12170
6.36656
6.06655
-7.95742
-3.79714
6.77703
-1.30892
-2.49783
-3.79663
6.05439
-3.15258
7.58746
-7.29192
0.26904
6.07162
-0.55287
-0.55521
-8.65761
0.20739
-0.87390
-5.17861
0.03887
-0.64871
-2.96961
0.59867
1.89053
1.26225
7.91755
0.53753
1.22471
2.72572
-2.13946
8.25589
6.83552
10.77885
8.16130
2.56699
1.32921
-5.34835
-3.71339
4.16022
3.99719
-8.19142
-5.81976
-0.72101
-4.02374
0.84927
-1.09122
5.72858
-4.49890
-6.86107
3.05377
-3.32147
-0.15389
-5.78559
-8.44062
-1.18334
-3.31507
0.90307
-6.06785
-1.87146
-2.16778
2.69958
7.27958
-3.71375
4.73179
-6.69814
3.80790
-3.54708
0.37279
6.11615
0.35515
5.14907
-0.77692
3.74117
4.00325
-2.02154
-2.14738
-0.44165
-2.87662
0.26117
-2.65311
-0.82255
-0.42773
2.86860
0.25876
8.82071
2.43459
2.83450
-3.40621
8.31043
-0.60262
-1.51293
-6.98659
-6.13942
-2.11705
4.93331
2.27299
0.14609
-2.60355
-0.78045
2.19926
-6.32058
4.53637
-1.45257
0.44433
-6.36067
0.78493
-6.44542
-0.50199
6.65326
3.99685
-6.06840
6.73263
-1.48391
-2.60501
6.04320
5.29608
2.35409
-1.13822
-5.75173
-8.82333
-1.55009
-1.27313
-1.48634
1.87986
-6.56784
-0.99997
3.33048
3.35302
0.18736
-8.39857
-6.18084
-0.42889
-2.81660
-1.87848
2.57692
6.41709
2.57428
2.01155
2.74912
-0.38998
-6.60776
-3.70423
-0.66748
1.78616
7.30679
-3.93533
-0.94460
1.99382
1.21985
-1.37448
-4.88798
-3.41122
-2.75878
-0.58147
2.77007
-4.33519
1.32203
3.19578
3.66919
-0.34706
-4.33665
-2.44603
-9.12246
-5.62042
-6.00035
3.81542
-1.28658
4.12435
0.65999
-1.25576
1.97890
-8.32597
5.18847
-1.59798
-0.07815
1.95857
1.22957
-0.20581
0.24080
0.49686
2.48971
-4.73227
0.79850
3.03428
1.73631
1.84459
-0.33093
-2.26560
-0.29944
-2.86575
-2.21008
5.44141
-1.39262
-1.26078
4.25985
3.66905
-7.01766
-0.11816
1.09701
-1.38461
-2.98997
-7.17900
2.76210
1.80925
-5.41689
-0.64432
-7.80210
-2.38789
-3.93343
-0.50821
0.22954
-1.86737
-6.00048
0.83426
4.92985
-9.00517
3.93596
2.27021
2.90651
0.47706
-2.46294
6.39724
5.15533
-1.93684
0.24763
-0.28071
-2.01582
-0.82597
-5.54803
7.58165
-10.37538
-5.82848
0.25907
3.12380
5.46942
-1.46914
9.20829
-2.00320
9.75428
-3.79447
-3.83542
-4.75507
-8.16385
-4.73644
0.93015
-0.62295
-2.32214
-1.30646
4.71951
-1.85750
-2.68640
1.14997
-1.93082
-1.86900
3.13000
0.86718
-8.39988
2.97725
-1.38826
-3.68806
5.38986
3.43457
1.07203
-12.46214
0.79272
-7.70245
-0.09610
-4.91003
3.60650
3.61322
-1.95971
2.78088
2.98030
0.71411
4.11945
-8.02043
3.63632
4.28358
1.58083
-4.01428
8.51653
-1.02524
2.97766
-5.68032
6.74908
-4.57209
-10.47564
-0.30358
4.22119
-7.84376
2.30195
2.83278
-2.38721
6.58177
1.26837
2.35006
5.92417
3.64157
-0.74439
8.88435
-6.72423
6.80863
-6.76032
5.19817
4.91011
-0.43635
3.19988
2.21517
7.38372
-3.30506
-2.67637
-4.59261
2.83451
-5.62381
6.86042
-0.04890
0.95006
3.68549
8.36193
-3.42295
-2.31024
-0.82510
0.87351
-6.78669
8.39021
-1.76515
5.00845
2.45635
3.57384
-1.12777
2.59844
-1.29665
-2.96096
-6.14396
5.18709
-0.85922
1.27734
8.91978
-2.03261
8.12759
7.79721
-3.30079
2.59338
0.49471
-8.32728
8.15687
-2.02068
-2.74616
5.20066
-0.19785
-5.07568
-8.71270
-3.54568
0.81129
-4.67614
-5.44449
-4.05573
-7.98052
-1.21492
0.00801
-2.70908
-3.01251
-2.35070
3.67718
6.70048
1.74162
-4.19458
1.92977
2.79761
3.75515
-2.73800
2.55269
-5.12676
1.03093
9.13147
-3.81556
-6.45115
-10.88110
1.29703
0.39361
-2.09071
-0.57541
-0.29573
-5.37230
2.41158
-6.73585
0.09582
8.80644
-5.03196
2.68677
-5.32499
4.83858
-7.82598
3.42786
6.64451
-2.52157
-1.39079
-3.96004
-4.06394
-1.89241
-3.52603
-0.35799
-5.39788
-4.12262
-4.42820
4.54122
-2.27777
-5.15206
-6.28939
5.80044
-2.06915
1.24442
1.96872
1.75259
-1.92448
-2.70816
-5.91046
5.25829
1.12775
1.24802
-3.78601
1.87095
-3.13604
-2.83825
-8.01294
-3.08871
3.04751
-2.02842
7.94596
0.60697
-2.42378
-0.34174
-2.59136
4.92116
4.29299
-1.39228
2.32888
-1.98374
3.88202
2.16869
-4.98108
5.28444
4.39023
-3.34045
4.79686
-5.12101
6.67237
-3.24650
1.30930
-2.55498
-1.64597
-2.60245
4.91688
0.60294
-6.48594
-0.47583
-1.29297
-0.91420
-12.09879
-7.28433
5.03461
6.67265
-1.49054
-5.08696
-0.99572
4.30361
2.99501
-3.90798
-4.30886
-0.41830
1.51673
-4.59990
6.12272
1.24788
-2.94505
0.76099
4.90974
4.23962
8.30146
8.98902
-10.13810
5.88049
-0.39496
-2.81800
-2.91926
4.65145
-4.06461
-0.99539
2.54591
10.20570
-11.56249
-4.11179
-5.99513
0.21451
-5.07941
-4.10006
-4.51648
-1.00122
-2.85433
1.20606
3.18016
0.68413
-0.90580
1.48367
0.69671
-8.70301
2.75352
-0.00350
2.03583
-4.06224
-8.35086
3.79943
2.81752
0.23387
4.95350
-2.98086
-1.92798
-0.96921
-1.65663
0.23091
-0.52442
-0.09159
-1.07071
1.49923
-3.34877
-2.51124
-10.14657
2.08798
-1.43279
4.65658
4.30074
0.21555
3.26174
0.25234
-4.64508
0.94983
0.75315
6.08170
-5.12567
-2.33213
-3.11968
-0.28119
-1.33491
-2.64817
0.58218
-1.41607
-13.63763
-0.38948
1.30813
-5.78834
6.19926
7.68113
-1.92549
-2.53428
-1.50829
6.07252
1.44592
4.57838
-0.50824
5.35764
-0.09777
4.45840
-1.27229
5.78910
-2.51701
6.77662
1.96785
-1.73028
8.48210
-10.80178
-6.12338
1.25078
1.31864
8.19365
-2.00773
3.70813
1.27555
-1.57216
-1.19965
1.81369
-5.22428
-0.03103
-0.23615
0.40258
-0.14876
3.37715
3.89432
1.86955
2.86321
-2.60231
-4.67832
-3.37552
-3.92091
6.79855
6.66397
-1.62385
-2.06327
2.02335
-6.62329
4.78196
-8.94638
0.91568
2.31844
3.68732
-2.01049
1.25405
-0.38016
3.49260
10.36294
-4.01023
-0.12644
2.16719
1.03366
-1.23575
7.66919
-1.41743
-1.22916
-1.94727
4.65904
-4.15455
-2.32360
-1.31990
1.90616
-6.13386
-4.87007
-1.25383
-9.61128
2.26129
-4.25154
-6.66641
2.88915
-2.12533
-2.81288
1.37567
0.40080
-1.95442
3.32988
2.27323
-6.45618
12.10193
5.07956
1.22406
3.30106
3.72233
-0.44493
-0.42668
-3.61794
3.58997
-3.40406
2.16521
6.52515
-0.49572
8.36565
2.83583
3.88496
-1.68299
-5.68845
-0.68006
5.99226
7.94867
0.23225
-1.14397
-0.88201
-0.04429
5.62654
-8.09900
-1.39129
-6.56975
4.56833
-9.36131
2.12118
1.59150
-0.31289
-2.31005
2.10853
2.30393
-5.37930
6.65066
4.28510
-0.57658
-2.06568
2.92763
0.87639
0.29563
-4.22501
-2.20330
-7.50580
2.62536
9.68578
-2.23588
4.29365
8.81378
-6.71071
-9.31977
8.17098
3.10286
0.42781
-6.22453
7.88769
-4.19352
-3.10798
-4.03485
2.81476
7.88885
-2.44475
1.18685
1.63502
0.70706
-1.68310
4.10511
-1.11993
2.77992
-5.01143
4.74179
3.91061
6.75496
6.17620
-4.08641
1.76518
0.92451
3.96567
2.11817
0.31163
10.03735
1.36037
2.71339
-0.37680
-7.65410
0.12774
3.03702
-6.48470
5.61804
7.73285
3.06437
-8.17671
1.63373
-3.08216
6.54701
2.30784
2.85759
11.86891
0.31576
-1.59800
1.23880
7.36789
9.43530
4.69066
5.49928
7.79323
1.38752
5.62066
3.49820
0.19260
-4.30863
4.15769
-0.52387
2.30490
2.96358
-0.52589
2.06796
-4.60857
1.44882
2.42525
1.29414
-3.63445
-3.70334
-3.77321
-2.32945
1.22630
-2.42921
2.24751
-0.04484
0.99612
-5.17404
0.99409
10.00799
4.76317
1.91208
-3.47077
1.21615
3.35703
-2.69178
-3.94481
-5.91432
4.01020
0.11806
-5.06600
3.19104
2.34796
4.28601
1.12421
1.28479
0.20856
2.09507
0.21073
1.88595
4.28245
-1.17535
3.62055
1.54297
-4.30935
3.38304
4.79596
-1.38737
-2.96300
3.95964
0.05414
-3.91141
-3.33625
0.62687
-1.22887
0.72299
4.79026
2.47899
1.15614
-4.96598
8.14410
1.78770
0.87553
6.88872
2.34005
-14.25779
0.27499
2.98154
5.28789
2.35347
-2.69662
6.39492
8.54061
-2.33137
-2.83836
-9.13742
-3.28209
-2.05450
4.62516
-0.93582
3.19848
0.19590
2.32239
3.38306
-7.45766
4.69708
-5.23987
0.50800
-3.26469
-5.39782
-8.55508
1.99133
4.58165
-5.24802
-1.11426
-2.28075
0.08617
7.56361
-0.89933
0.80486
-2.90953
-5.09469
0.73767
3.92980
0.22818
2.23570
4.55740
0.09172
-2.89989
4.22718
-0.73279
-4.91781
5.09353
-3.70557
-2.14288
1.89157
-5.21374
1.30416
-7.41649
1.45002
-2.21101
-1.35417
-0.74405
6.09526
0.88781
-7.73580
-4.53644
-0.96716
-1.18932
1.64158
-5.16152
2.34781
2.06926
-3.92351
3.30005
8.13283
-0.37184
3.29843
-7.74218
-7.32291
1.88072
4.80611
0.07689
-6.38418
-0.99245
-3.41693
3.27813
-1.20046
10.42927
-5.67747
-8.14668
1.92191
0.65541
3.20642
0.92055
2.69861
-1.09216
-0.31565
-3.29451
2.21741
-0.03762
0.35783
-1.48954
0.83300
1.62343
7.02811
5.93110
1.00715
0.28261
4.30216
-2.37614
-1.65446
5.54622
-0.08031
-6.75142
5.11811
0.16743
-8.60012
-2.12754
2.41438
2.05492
5.49583
-0.58292
-7.61020
-2.21197
0.79518
4.39824
2.31971
-6.59194
-0.90240
-2.18086
14.29103
1.24980
-6.16663
1.92293
-2.59535
-8.01709
-1.17888
2.84195
6.53695
-3.65443
7.06070
6.57769
-8.87438
-2.63611
-12.35754
5.57649
4.62448
1.67380
-0.26479
1.31388
1.59450
3.76136
-0.69957
0.10511
6.78591
3.24984
4.80628
-1.75538
8.39305
-2.16577
2.26091
1.27677
2.57330
-1.71472
3.27561
-0.39185
1.24842
-2.53407
-6.56933
-1.17539
0.25445
-0.82884
1.95287
1.51132
-0.03848
-2.51684
1.00354
6.93798
0.12368
-5.21044
0.92984
3.93774
3.08594
1.08200
-3.97992
-4.18157
-0.80386
-3.93011
7.36256
2.29301
-0.91047
-2.33927
1.27994
-0.63922
-1.12228
-1.08398
-1.96781
1.78802
-0.09828
0.62992
5.06057
-2.63328
1.73640
-6.25888
0.40745
1.89011
-3.22380
4.39179
-0.70016
-4.00057
-0.58837
-4.37912
-2.40972
3.48424
-0.98532
4.54017
4.93903
5.93024
3.90439
-4.48194
-6.29099
0.12199
0.44641
2.86038
4.01724
-5.84250
-0.74580
1.50838
2.01580
-1.16416
1.57172
-1.00245
-1.08863
0.80291
-2.08225
5.74410
-0.77265
3.33551
1.22840
-3.56062
-0.12998
0.57959
0.51593
-0.79986
-3.59016
-0.90575
-7.29723
-2.04216
4.32106
4.08997
4.18622
1.28675
3.44683
-3.89828
-4.32083
-1.13437
0.69147
5.35159
-1.93362
0.92584
-7.08231
-3.24139
-0.15174
3.98684
-9.35202
-6.19550
2.99294
4.26504
1.09604
5.87554
0.15099
-1.51075
2.32379
2.42248
-2.54164
-0.14267
-4.87514
-3.55329
-2.16157
2.07549
11.11852
-2.58383
4.31022
2.77569
-5.72989
-1.71740
-0.15383
0.20461
6.45416
-1.54905
6.70231
1.63231
5.33504
0.50985
2.25246
2.06637
0.61872
1.75594
6.35335
-0.67250
2.12139
3.89735
1.86147
10.42520
2.18520
8.01542
-1.09466
-3.26726
-3.96824
-8.09787
-2.02491
-3.87454
0.50118
-4.92059
2.97449
-2.83877
1.43214
-0.60007
-1.89314
2.96638
0.52828
0.55639
-9.73565
2.30713
4.00999
2.97876
-1.12045
-2.28613
-1.93139
0.74645
-2.11471
-2.00546
2.66293
3.23058
-3.83172
6.08039
-3.64022
1.88205
-2.37144
1.16507
-1.72570
1.00576
-2.83977
1.08115
3.94567
2.85690
4.38987
-2.41091
-2.16990
-2.21060
4.09442
6.78516
-10.86000
-5.53451
2.95442
-6.89371
-4.08502
0.93947
-0.05318
-10.72550
7.97720
-2.83478
-10.00090
-3.44815
-3.41448
-8.48317
2.64389
7.78112
-2.93369
-2.77510
-6.37106
5.54047
6.63064
-9.02362
-3.63224
5.68881
-1.75344
-1.37777
1.55133
1.05087
-2.61867
0.04122
4.53375
4.50141
0.91965
-0.57375
0.08288
2.49957
7.03627
5.15258
-1.32076
1.54669
-0.24038
2.58619
2.06332
1.05190
-1.56450
0.80408
0.28627
-2.16721
6.47170
0.38759
4.77290
4.35984
7.45850
-1.08212
-0.57476
0.54543
0.56695
-2.18843
4.58323
1.33529
-2.20304
-1.91656
7.96852
-0.37098
2.69347
1.00753
-0.62933
3.59440
-3.94278
5.88552
3.24958
-8.14659
6.28549
-1.77661
-7.00892
2.05485
8.20242
2.52825
2.10095
1.37500
-5.11865
-2.47198
-0.91710
2.90150
-1.78397
-2.00858
3.36380
4.41330
4.57375
0.71044
-0.23031
2.88767
3.41725
-0.17627
-7.42316
-1.42395
-3.83571
-1.02464
0.81733
2.31353
0.50714
-0.96281
-1.90457
-1.15669
2.47773
-12.54324
-7.09114
-2.17399
-6.98090
1.43204
-4.57402
-0.88007
-0.16522
5.61493
2.68696
-7.71442
1.05701
0.78466
-6.24373
-0.49626
2.76436
1.28601
-1.11128
-0.98519
1.24072
-4.92293
1.19885
-5.07373
-0.74845
1.08195
-11.48224
3.03332
-3.58570
-0.41906
5.98185
1.84508
-1.61942
-2.82715
0.86828
-1.28238
1.92825
-0.17588
-2.35528
-8.82202
4.83255
1.50245
-5.04584
2.60793
4.71121
-3.58423
12.95710
-6.01154
0.47715
-8.09205
-0.67409
-2.15325
-6.82290
3.73537
-3.73645
-2.32597
1.17295
6.83822
5.67943
2.59115
3.17880
-9.34542
5.25838
1.67375
-2.10485
-1.73313
7.23974
-1.41008
1.80488
3.93286
4.94099
-0.16295
0.50135
-1.58433
4.48077
-5.63642
7.20706
2.03663
-2.04603
4.04654
0.35762
-9.50468
5.49228
0.98385
-2.30832
-0.16025
8.65892
4.91097
-0.80348
6.11170
6.58826
-1.62530
-3.90366
-0.03902
-1.36929
-5.67819
3.06729
-9.95581
-3.46622
3.05329
-2.75180
-6.78666
-3.27308
9.49819
-6.38474
3.98844
6.62289
-3.98940
-6.42864
-0.32302
3.32922
1.13823
-0.97788
6.36689
1.19246
-3.07774
8.65527
4.96216
0.28935
8.25593
-8.43699
2.92728
-1.20119
-4.37626
1.29045
3.20801
5.02961
3.01054
-8.36994
1.09595
-5.70143
-1.25218
-5.93866
5.38657
3.89287
-0.58432
6.76838
0.64439
2.34614
4.22530
-3.47434
3.70163
-9.19014
3.27331
2.70690
-2.78804
3.54279
-1.15356
5.69044
-0.37406
2.43397
-2.85129
2.26561
2.35489
-4.97198
-3.52909
6.19651
0.88445
-5.92387
2.79773
-1.50020
6.27145
-0.41243
8.16112
-8.86389
-1.97486
-1.51322
5.66279
3.82172
5.79338
-3.81476
6.87769
-5.47032
6.71302
-5.95430
2.77631
7.06708
8.68814
-5.98290
-12.36953
-7.19374
-1.67623
-4.62577
0.73482
-0.39390
-6.69729
3.31086
-3.03060
-5.55915
0.73974
3.08450
-4.57186
-2.36299
3.65716
7.79957
-2.76026
-7.81000
-4.23633
-1.00995
-4.05219
-4.67278
-2.91662
-1.63932
11.12437
5.37750
1.39456
-2.02127
6.73779
2.86501
-2.20810
-1.25436
3.55799
13.59703
0.35497
-1.22805
3.88956
1.35916
-2.47427
-2.92162
-7.84097
-8.43116
3.81983
0.25897
-0.21800
0.80698
-0.84479
-0.67372
2.29947
0.44226
-1.56347
1.40118
-0.13056
-6.20290
3.64792
0.50252
4.23685
4.49579
1.09518
-3.03331
-2.60771
1.15135
0.80267
0.53360
-0.44705
-1.86105
-0.67417
10.27556
-2.72653
-4.34173
0.30141
-2.47804
-1.17809
3.50703
7.83710
2.21404
-1.63242
9.66046
5.15007
-2.63982
6.97349
2.76140
-1.63241
0.50914
6.62079
-1.72149
2.37930
-8.48146
-3.17856
1.19245
-0.66689
-1.28701
2.63649
-2.75153
7.14096
-1.23049
-8.85871
4.77791
-2.14790
2.53757
-3.53682
-2.18193
3.25380
0.20200
4.17763
2.39185
-4.03643
3.20148
1.87285
3.02722
-3.60174
4.29253
3.00813
-2.03154
-2.57412
1.90680
-0.29899
-2.97911
-11.43840
5.15390
2.47744
-6.92565
4.47427
0.29089
2.91894
-1.69076
-3.15167
-0.25909
-2.62060
0.53259
-1.67443
6.10930
-2.63331
10.55697
-0.18737
6.63774
4.74066
6.17307
-6.60567
-4.77389
-3.18046
-4.68145
-3.14595
-9.26819
0.74306
1.77408
4.36496
1.91025
-2.00250
-2.87468
2.64567
0.41550
-3.48272
4.09775
0.30932
0.57736
-3.88124
1.95659
-2.12912
-6.34246
-4.88387
4.52728
-3.38329
-11.32431
4.06709
2.39575
3.81247
3.90268
5.47416
-0.36417
-0.00595
-2.75354
1.88247
-1.40727
0.71402
-3.78571
5.13556
-3.64217
0.48665
0.07140
-5.17454
-3.07457
5.12281
1.52153
3.38063
7.57216
-2.78168
1.22319
-6.27826
7.02512
-1.80797
2.15449
0.05933
4.52752
6.01997
5.30933
-3.10800
6.13086
3.23022
5.58116
7.19052
2.26171
2.28794
-4.15386
1.88192
-3.73310
-8.92948
5.63326
-4.00801
-0.04626
-4.66144
2.99037
8.91381
-3.05751
-1.31008
1.50665
0.45363
2.14152
-8.79619
5.70844
6.23948
9.33831
0.83225
6.31884
3.43353
-1.64826
1.78349
-2.05338
4.37845
-2.67908
-2.39413
-5.05163
-6.55316
-3.32040
-9.57559
-7.02118
1.63640
-0.49458
-5.49354
-2.71277
5.06443
0.56100
-1.85521
1.49227
4.27773
-1.10803
1.65974
-5.39459
6.59939
-0.49614
-6.56599
-2.21632
-3.43660
-5.16086
0.20006
-2.64531
-3.30824
0.72778
-0.09810
8.32396
-4.04219
4.01681
2.50490
1.19773
0.87476
-6.07770
0.19139
7.12412
2.63858
0.99401
2.98921
0.43522
5.41736
1.89713
3.31793
-0.57677
-4.27006
-0.47674
-1.74957
4.77631
5.26776
0.95708
1.38783
-2.85849
7.70972
-6.28593
-2.08535
-6.55257
-2.82971
4.42388
8.33742
6.21894
7.44438
-6.43569
1.46493
-5.40490
-1.41857
-4.33988
2.01675
-2.03949
1.93444
-3.09561
-3.71741
1.51583
-3.60828
-0.16359
4.80275
-0.59698
1.27234
-1.78779
2.19273
-7.77668
3.25966
-0.65775
-3.58717
-0.42370
-5.13748
-0.89452
4.76527
-3.18319
-4.18180
0.67545
-5.57248
-3.12852
-0.52849
-5.94489
4.87717
4.09446
4.00395
-5.53022
-6.22524
-4.41577
-2.44867
1.77690
-2.45753
-0.62290
-3.51102
2.24960
-1.71007
2.52930
0.46772
-2.30935
7.20787
-1.10101
0.90437
-6.41850
-6.73968
2.01077
-0.54012
-5.75826
0.50629
7.85908
-4.15055
1.74310
-1.39116
5.78830
-4.60601
1.04655
1.12151
-5.41898
5.51887
8.21684
-0.02935
-4.30336
1.52797
-5.82439
4.94561
-5.25946
1.05603
3.41986
4.11004
4.25552
4.65416
-4.26856
3.56311
-2.64030
-5.74494
3.28595
8.96400
-7.53686
2.83714
6.92635
-3.81018
1.66351
1.59341
-7.10079
2.47856
8.93114
-0.35242
2.30490
9.11233
-5.62441
2.33867
5.36273
2.33134
8.67166
-2.32512
7.38237
-1.91624
-0.38014
-5.19925
5.57707
-5.65743
6.02175
2.62646
-1.07407
-2.74327
5.16204
8.80856
2.76708
4.94597
4.10240
0.43666
-0.71257
1.15520
-2.11883
1.64708
-5.54863
4.78967
2.67411
1.14769
1.65111
-6.79548
3.15210
6.39741
1.11066
-2.40701
-0.07185
2.00989
-3.11649
-1.37936
-14.92882
5.34557
2.06117
-4.25006
-8.07145
-2.24326
4.86457
1.67553
4.46292
1.59020
1.27938
8.73731
1.16964
-11.65601
2.26684
-7.11950
2.08606
4.84225
1.90979
1.16541
0.74798
-6.59876
5.09282
4.90657
0.11842
2.45337
4.46844
5.06204
-4.93997
1.52202
4.55364
7.37414
2.33240
-4.00059
-0.82463
6.93713
4.62914
-4.78453
-2.44737
4.00473
1.61702
-1.31083
-0.45337
-7.86620
-4.18426
5.58594
7.23598
3.05076
-5.62836
-1.57770
4.69006
-2.78474
2.85974
-1.95466
8.41696
-7.72570
-5.46089
0.96877
-6.72027
3.54320
2.29679
-3.43950
1.10388
3.53530
5.32013
5.28772
-7.64371
4.82058
-1.75423
-4.11458
-1.27358
1.75381
-0.49921
-1.66932
-2.03815
-1.36176
8.27126
-8.85753
-5.09745
-5.53603
-1.32327
-3.94613
5.80878
1.37214
-5.23331
4.33103
0.59722
1.88601
-1.78084
-5.49851
-4.13115
-5.14364
-0.45026
-1.30231
1.22193
3.53247
0.99245
2.36122
-0.57966
1.78356
-4.63238
-0.51284
-2.22333
0.34898
-2.62247
-7.99081
3.49038
-4.05723
0.42057
7.22552
-3.84690
-0.75731
-4.16523
-0.60859
-1.39846
0.50430
1.51893
-0.09865
-1.94488
-1.67182
4.11557
-8.66542
-7.13727
-5.49087
-1.92564
2.73297
-2.26554
-0.73200
-6.92730
-4.34371
-0.75642
-5.53366
5.58644
1.80998
0.52120
-2.70545
6.42443
-0.39874
5.72512
4.67339
-2.78617
-5.05595
0.45401
-2.01637
-1.87409
-1.23030
1.29156
-5.58655
-1.51959
-0.63099
-4.33622
-0.96433
7.20080
3.37845
1.88662
4.29199
0.87402
4.55004
-0.22062
5.38872
-1.06217
3.20439
-6.09061
1.40711
5.16573
-8.17354
-0.84016
-0.26022
-2.23131
-1.86527
3.92115
-2.01804
-3.64020
-0.53316
5.24181
-3.62945
-4.22970
-9.93451
-1.11413
-4.19056
0.58484
-0.46418
2.11189
-6.53204
3.74455
2.31858
2.76232
-2.05922
9.09190
2.19379
-4.31203
3.23676
-3.11956
-0.54522
-2.04090
0.31301
-2.97213
-0.84589
0.39822
-1.17833
-1.88915
-1.23821
-5.99356
0.53680
2.84860
7.42696
5.08254
-7.32049
1.51130
6.50183
-2.12306
-0.85948
-2.65337
-2.72783
-5.18037
-1.35898
7.34439
4.67784
2.71133
-0.34369
3.15063
-0.04935
-1.52231
2.12336
1.52495
0.14933
9.66045
-0.83243
-2.37453
5.36263
-1.62786
-5.49958
-4.05273
-2.17322
4.38355
-4.18099
-8.27047
1.10554
2.84567
-1.22572
1.06612
-1.06450
-5.67954
-5.37327
-1.80507
0.62351
0.81399
-0.75845
0.02535
3.92446
4.59609
2.06176
6.58733
-3.83168
-6.18976
-0.48469
0.36068
-1.47222
6.02576
1.87910
-2.46466
0.90453
7.49570
0.57596
4.04571
-2.04754
5.48771
1.60547
-7.31499
1.90905
-10.24187
-4.01903
-2.62762
-5.52162
1.41865
-12.56404
-3.55373
-6.39111
3.19303
-2.45550
2.79043
-5.05472
6.22993
6.03819
0.09751
-5.95146
-12.06535
0.05699
2.20800
3.38067
0.36734
4.77300
2.97212
0.48108
-4.98623
-1.10662
0.84147
-4.42500
1.25626
-2.12219
7.07867
1.06575
-1.84314
-0.46020
-5.21452
-1.07764
-0.37565
-8.17427
-9.35545
-4.97929
1.32604
2.66761
-1.62584
6.08160
5.89370
3.72615
10.79142
-5.35570
-6.06914
-5.69215
-4.93016
-2.88631
-4.74296
2.18601
-0.35711
-5.21104
-7.15723
3.02525
-2.79582
2.04954
2.48771
2.30836
-3.98881
-3.87381
8.57807
-0.31649
1.75275
6.41053
3.48924
-1.72126
-0.40618
-3.55572
0.30708
-6.34697
-2.50045
7.20726
1.11154
0.23391
-2.02798
-0.07936
3.74637
1.47244
0.51818
0.97120
-8.58210
4.73277
-3.94981
-8.44031
1.90151
-3.34024
-1.88374
0.59222
7.91688
5.77433
-4.04248
-1.69817
-4.69050
0.72085
2.42261
-0.54296
-6.06450
-7.50696
-3.24292
-3.50769
-3.80361
4.74829
8.44166
2.59029
4.50076
5.83324
10.27101
-7.34082
-3.80722
-4.65276
-2.95484
8.01285
0.57430
-3.14420
1.04731
-5.09983
4.94075
-1.75940
1.10901
3.31014
2.53587
-0.54181
-5.02809
-0.99375
-2.41689
0.34026
-1.85350
-3.50221
-4.14639
3.03445
2.86148
2.34219
-4.91380
-2.61294
-4.72605
-0.98491
-4.97947
-6.49919
4.97541
-3.77256
1.50826
2.11278
-4.07043
-4.66705
3.58054
-0.92043
-2.35626
0.22034
3.97085
0.68356
6.24791
0.76570
-4.59813
-5.04506
-4.99531
3.71444
-0.41811
-1.97491
-0.36807
2.76151
-6.85527
2.79136
8.81373
-6.80846
-1.27538
-5.22247
-7.54386
-6.49059
-3.04897
2.34393
-0.69128
0.48587
3.84898
5.80117
-1.11059
2.54823
-2.17063
-0.24093
-2.39959
-1.79677
-1.30308
3.33200
11.23977
-3.52570
8.70482
-1.00932
0.72137
-0.28090
5.03905
6.25376
8.34067
-6.94157
-7.53258
6.39442
-1.08582
-1.55793
-10.74288
-1.02979
-5.14121
7.77410
0.12553
2.21931
5.15298
2.64422
-6.37454
-4.45906
4.56128
-0.80003
-6.49377
0.81422
0.21599
-5.53102
0.89309
9.27345
-4.24229
-2.23957
-3.34702
-4.33228
8.73012
-4.56331
-1.66225
4.34590
0.67731
-2.90527
7.71146
-5.31190
-2.26496
-0.51247
-4.70915
-4.71607
-3.38568
0.14233
5.53895
4.79763
0.98706
-5.09484
-1.80841
0.21210
5.09122
-2.70146
2.02934
2.08057
-3.09523
-5.56272
-3.08916
1.25316
2.24291
1.02019
-5.25571
2.40100
-3.44125
-2.17809
-2.66820
-1.95960
0.35246
0.73884
3.19344
-6.48919
0.10339
-3.05711
-6.81607
-4.89278
4.13294
-1.62651
1.17067
-1.69658
-4.45339
4.82329
8.98353
4.04417
6.27923
7.92927
-0.09449
-4.70528
2.72977
-1.29419
-12.50913
0.79021
4.02982
0.43521
7.29624
-7.26666
-4.91611
-3.14242
0.49566
3.36637
-3.88031
-3.70315
1.20524
2.64701
-0.99729
-7.77670
-2.16955
2.23299
-4.47567
0.73487
-4.58139
2.25350
-0.18141
-9.91338
-1.13898
-3.07199
3.51052
2.53858
-0.99096
2.52233
-2.04801
-0.05045
1.38944
2.85363
-4.33100
-5.11144
4.90348
7.03482
0.59377
-4.24428
2.03975
-0.03004
0.85246
1.09210
7.46911
0.68407
3.07998
-6.58210
-3.34652
0.05251
-1.51023
-2.95487
1.92041
-2.54778
1.27531
-5.15822
6.48031
2.79735
3.24194
-4.10475
-6.35957
-2.87401
4.70603
3.29177
-3.95233
-1.74938
-0.23010
-3.08235
-5.79822
-7.81039
-1.01245
-3.91846
-2.90414
2.23136
-5.94151
-3.23181
11.21779
5.29318
3.10119
0.80339
4.21712
-2.05899
1.62484
-2.34129
0.35088
-6.46791
-6.34875
-1.90423
-1.59970
-0.14564
-0.64056
2.10110
-0.09195
7.13110
0.66402
-10.21633
4.47597
-1.31462
-1.37919
6.40408
0.20777
-0.59394
-0.25072
5.21040
0.74763
3.32930
4.54566
-0.15948
-3.26797
7.45776
-0.56004
1.98272
0.72756
7.04375
-2.19355
6.75400
-3.08818
6.80079
10.00837
0.13073
3.44370
2.45975
-0.06650
-3.27271
5.45917
3.14204
0.21455
4.67027
1.83211
-5.44623
1.52194
-3.45532
5.03369
2.67278
5.31703
-2.68525
2.88795
-4.25024
2.61757
2.97836
-0.94642
5.45395
3.06955
-1.33332
3.13671
0.28133
-3.68460
-1.71282
2.63884
-3.49332
-2.68221
-4.76786
5.14518
5.10543
2.68282
-0.78958
3.21516
-5.19343
1.99100
-3.09768
5.74950
2.78511
1.48107
-8.36110
-0.86867
2.35285
1.86029
-0.66848
3.07672
-1.34450
-2.84718
1.84101
0.61068
8.61474
-0.92357
-6.90123
-2.42259
5.57510
-4.36109
4.71208
3.05059
-5.66609
3.17245
-2.00157
4.88656
-3.96004
3.18648
0.45816
2.46910
0.52784
-0.90648
5.60627
-5.33629
-4.84243
8.22151
1.71333
6.39001
5.00725
-2.77769
-2.55579
-4.36702
2.81326
7.55783
2.16213
3.31704
-4.55609
-4.73898
-0.90241
1.41957
7.41223
-1.90156
-0.46418
0.08513
4.82460
1.88073
0.52459
-5.33824
1.57817
-3.02490
-3.38215
1.68582
-3.06972
3.30231
4.91747
-3.11093
9.75114
2.73220
4.65317
-4.46947
9.45598
5.33507
4.24371
9.10246
-0.39072
2.63866
0.51835
3.77548
4.28015
6.98823
10.30919
2.76532
0.06663
2.09716
0.70610
-5.78223
3.50916
-1.39676
-1.41345
-1.95237
-8.05880
-3.76628
-0.36436
-2.92995
-0.86665
-12.22959
-1.74571
-5.05603
8.27892
1.07633
-1.65503
-6.47105
-5.66288
-2.31737
0.05653
1.49098
1.10881
1.47743
0.02779
10.43562
4.10826
2.54208
1.47724
3.70285
4.77268
-4.43714
-1.48521
2.59873
-2.38059
-1.83682
0.67223
2.48314
-9.40630
-1.90435
-0.13277
-1.21368
4.05032
0.86379
4.02996
-3.05397
9.98877
-6.70135
3.14323
-1.10995
-0.09546
-0.09276
3.80978
9.39039
-1.15369
1.66494
-0.92161
3.90669
-4.06764
-3.26725
10.91333
3.83424
3.42699
0.77010
0.65176
-2.64513
-2.13225
-12.14809
-3.24369
5.67167
0.26654
4.86993
-1.96386
1.72027
-1.88397
1.11867
-3.92686
2.10484
0.65450
0.82406
0.93763
-5.74115
1.40450
2.27069
12.80376
-1.11241
-3.38864
2.65231
-1.25549
-1.18317
-2.22479
3.90557
2.07648
-4.54944
-1.67852
-3.10430
-5.02417
-4.12820
-4.09477
1.45001
9.38048
-0.85487
1.64724
-4.82969
5.73337
2.67312
-9.60404
-5.74008
-2.48287
-2.37284
-2.97751
-2.79821
0.64567
4.52005
5.60352
1.79700
1.66543
3.52538
7.59180
-2.82067
7.32192
5.33609
6.73861
-8.85102
3.57687
0.93809
0.01176
6.58919
0.47572
-4.73609
-2.34107
-3.82839
-0.57245
5.87474
-1.33766
-5.59601
-1.52280
-2.11679
6.14960
-0.60390
3.06394
-1.55317
3.90533
4.66039
1.53344
1.83386
2.00991
2.32420
2.35197
1.19009
-1.57699
1.84792
-0.64772
6.52978
-4.06293
-9.96228
1.19330
-1.46358
-7.33522
-3.77644
1.52225
2.15701
1.18229
-2.97023
-3.98321
-9.50580
-1.18879
-6.95137
-4.79482
2.40251
1.56067
-2.15101
-4.01244
-0.36652
-10.18535
-0.22362
2.70307
0.61932
-3.09446
-6.23598
0.29517
-8.06035
0.63952
4.22707
3.90381
-2.99040
0.79816
0.91875
-7.02573
1.17332
-3.57989
-3.06123
4.51872
-1.61625
-4.83846
3.25957
-3.33714
-3.43722
-0.81566
0.98916
3.11099
-4.50119
-5.84807
-0.94659
-2.44432
2.09425
9.69039
-2.79643
7.03221
0.23908
1.00198
5.85059
-1.11145
1.16115
-11.32867
1.82009
-5.68879
-2.98056
2.96342
5.15072
-1.34752
-2.06574
-8.00684
-2.94265
-0.50318
3.44280
-3.37606
3.18794
3.93688
0.79666
0.31894
7.44249
-0.87456
2.36654
-4.85500
-2.56634
0.64500
2.03122
-2.53708
-4.23519
-5.40945
0.62633
-16.13977
5.33058
0.91142
0.87323
0.10785
0.98132
-1.10940
3.95223
2.82408
4.20359
-2.35732
0.87935
-2.51476
-1.78447
-4.83597
1.21309
2.33340
-1.18436
2.57563
-6.78718
4.05566
-5.95781
1.96770
0.97592
1.39081
-1.38035
-2.06048
4.15546
-2.80791
1.65039
1.30201
-3.30444
4.29492
0.72837
5.86935
7.23758
3.91899
1.52739
-1.35012
6.57979
-4.82989
-3.58007
5.71477
0.86883
1.44050
1.73935
5.22833
8.85350
-3.53069
-0.93022
0.69854
-6.64755
0.50282
-2.66474
-4.49932
-3.31578
4.30885
-0.25191
-2.12050
-0.92991
-2.91428
7.01149
2.75784
-1.94507
4.70732
3.28788
4.16495
-1.49570
0.76899
-5.91765
-0.94982
8.87263
3.27440
-2.62823
2.02836
-4.93133
2.82323
-3.15955
2.52819
-0.67240
-9.18936
0.03060
0.33039
3.16727
3.49229
-5.14025
-6.19338
-0.77302
10.22963
1.38461
-0.96369
-4.24071
0.32543
5.02561
1.84159
-0.78551
-6.56750
-0.45885
2.55689
1.46182
1.15436
2.52214
-7.16768
2.75079
-5.84189
0.54845
-5.99818
-2.81810
-4.43702
-3.18293
8.02678
-4.46496
-1.65580
-0.55566
5.34380
-0.15421
-1.62013
-3.20796
0.26069
4.68733
-0.38251
-0.31138
-9.53016
-2.49235
-2.06688
1.61102
0.89213
3.52930
3.43827
2.82566
-2.84627
-4.08406
0.35879
2.96913
4.44496
4.18498
-1.06456
10.35306
6.33525
-0.53529
6.32225
0.19678
3.07925
3.92078
-6.14254
6.81203
4.49859
2.53325
4.55862
6.90232
4.34368
-2.84677
-3.25234
-1.02501
-3.83630
-2.02551
2.81908
7.78199
-5.33547
-11.59995
-5.37613
4.15915
-1.05322
1.60979
-0.46754
7.29017
0.89026
-6.13679
-4.80898
4.15195
-3.46946
-8.37837
-1.12157
0.17187
2.11492
6.45715
-2.18650
-2.63595
-2.02017
6.94028
3.31635
3.67673
-2.94114
0.74417
3.50183
-2.38130
-0.03349
0.04394
-2.23663
2.60104
-1.61032
1.41154
-5.40126
2.58354
1.05342
-0.48320
-2.64183
-0.27903
0.68353
2.29787
3.27005
-1.10638
0.81998
-3.12392
2.91736
4.26696
-3.72181
-6.72845
-1.37417
1.92679
-7.63181
2.41563
-3.50321
-1.08303
0.45251
-1.01314
-3.94567
-5.28189
-0.51202
5.77854
-1.16036
4.64225
2.84642
0.63561
6.84493
0.40631
4.97811
-0.67031
-4.50928
-6.86156
5.63914
7.38465
6.83830
1.21555
2.41804
3.56794
2.19663
10.78883
-5.08205
-2.04193
2.54401
-0.05228
1.22778
-7.90296
4.36806
-3.57266
5.65930
1.38747
-6.99744
-3.37566
-4.20134
-2.10650
3.50666
-0.85877
3.51531
-5.18216
-0.27971
3.03832
0.63985
-7.90213
-5.09667
-0.70424
-5.00522
-0.50929
-1.64468
-1.41966
-0.10568
-0.87820
-3.47579
-0.32258
0.32946
8.00250
-2.21419
1.02646
-3.72191
-7.54626
-0.07757
1.38564
-3.90705
0.19709
0.25299
2.14019
-0.93473
-0.73127
4.03395
-3.29637
-5.80230
-1.44788
3.51157
0.99888
1.01392
6.40532
-2.12311
0.33007
2.38282
1.74074
-1.74193
-9.65076
-3.42719
7.05222
-0.13524
3.03898
2.83071
4.39357
-3.32833
0.11958
1.37717
2.24499
-1.48282
-4.15869
0.40067
-6.96734
-2.15044
5.41123
-0.82289
-4.93679
0.13213
-6.03799
-1.28962
-6.80365
0.34635
-1.42193
1.47568
-0.21930
2.40193
-1.77856
-0.74796
0.14042
-4.96297
4.48903
-2.64088
-4.32498
4.93344
-1.73568
-10.70876
-0.11527
-7.93645
-0.74257
-8.46141
-9.78533
-0.23334
-3.08181
-1.35942
-1.57655
-7.35629
-1.97817
-0.90909
2.39564
-7.34349
2.62198
4.11486
0.89419
3.39175
3.00320
1.44049
2.10997
8.83551
-8.83596
-1.52415
0.01101
-3.53732
-4.66552
-0.03169
-4.19785
-7.86662
5.40267
-2.76712
5.53383
4.40648
0.79146
-3.55728
-4.87368
5.95316
-0.92100
-0.85803
-1.78440
5.02755
-0.30952
7.18174
3.53810
-3.01501
0.34849
9.33944
-5.63902
0.49632
-0.56525
3.78067
5.87290
6.36625
-3.82981
0.98264
11.22106
-6.71621
-3.72804
-5.35004
-4.20720
-2.08697
0.34075
1.92018
-2.99985
-2.16760
6.26606
0.36455
7.73305
4.83184
-1.09522
-1.53804
6.86830
-1.96266
7.10634
-1.21289
4.01997
-0.17992
-0.54645
0.41290
3.84563
-3.62290
-0.73134
2.66325
3.25933
9.12570
5.10184
0.60005
0.23652
-2.54226
2.23615
2.88830
2.64831
-6.46333
-3.42170
-1.11153
6.25450
4.40771
-0.88993
-0.08202
-3.34452
-1.36080
-0.50735
7.14410
-0.10190
-3.56611
1.54175
2.91632
2.42120
-5.15068
-3.08090
5.24006
4.86037
-1.78312
4.43254
0.30570
-3.46254
-2.33162
0.59241
5.59441
-3.04026
-5.00903
-1.35301
4.72569
6.64061
-7.47653
-4.66209
-2.28899
-2.66644
7.42362
7.59083
3.00666
-2.99566
5.84815
9.42245
-4.19432
-1.36261
-2.13091
-4.74612
7.33702
-5.41272
1.10261
-0.93282
-3.68659
0.33922
1.18616
2.31994
-1.96732
-0.01603
3.98503
1.51156
-3.52208
1.80775
-10.62525
-3.53758
3.86660
-5.08859
4.10822
-4.61153
-1.24606
1.79067
6.98760
2.44268
-7.84773
-2.67578
-1.61565
-0.63281
-10.93882
-6.15678
0.04328
-5.10799
-2.09137
10.79277
-5.56710
3.56253
-6.75737
3.90570
-2.46324
-2.83000
-3.45692
2.08650
-8.68075
5.65160
3.34140
-0.44737
4.01631
5.63439
3.31724
-7.85601
1.92801
4.97965
0.25235
-0.96125
3.64169
4.08145
-4.40154
9.54222
6.04485
0.39938
-2.13323
2.82624
3.78783
2.72409
-4.86071
2.71111
5.13336
2.78116
-5.01677
3.37563
6.36394
-5.42359
1.93837
-1.03806
0.89709
1.48205
-0.14521
-1.85097
-3.70852
-1.10690
-6.00746
-4.86839
1.20593
1.88009
1.43408
5.48126
2.94390
-0.15032
5.71348
7.71263
4.43642
-0.67977
-1.78528
0.43241
-0.97562
5.21637
1.92149
-1.73898
5.77333
6.22401
6.47326
-0.19487
1.00964
5.28595
1.83364
3.26397
2.14344
-7.44937
3.44345
2.06201
1.70698
-4.92735
-3.99059
2.33632
6.54867
-6.01895
-1.85848
2.61504
1.09841
1.48606
4.28312
-1.55676
-2.24833
1.00825
4.61100
2.21713
-3.87214
-4.01260
2.80573
-4.92307
-3.55752
-1.79171
0.07629
4.44244
0.39969
-2.39139
-2.62237
0.32453
2.36095
1.98468
3.03498
2.89591
-4.39412
-4.32428
8.90181
5.50212
4.06891
-9.20562
-4.26137
-1.66583
5.10635
-2.69908
4.54303
13.36408
5.43225
7.09483
2.40696
-4.16465
1.27448
-4.07387
2.68572
-0.74650
-2.20393
7.45466
-5.93648
-5.35718
6.36287
4.94006
-2.97803
1.92694
-2.98933
-2.84707
-1.25131
2.86868
0.88025
1.81842
-0.37100
5.09094
0.18118
-0.71117
5.31168
3.48006
1.83732
-8.77968
-1.84404
-1.51255
-3.32015
3.66767
1.08018
3.35845
3.80866
-2.22526
2.51863
-1.69338
0.68392
1.56647
-1.05397
2.92343
-9.18012
-4.58410
1.06166
1.85461
-8.41716
0.32427
-0.30238
-8.37890
1.51353
0.14524
5.35551
-5.22581
4.40343
-2.38216
0.03466
-5.79552
2.33779
4.13076
-3.31452
2.84686
-3.27024
-4.45837
3.05047
2.04860
0.70758
0.81861
9.24584
5.33249
-0.55329
1.25902
3.71621
1.06700
-1.26737
-2.53950
-1.50069
11.40049
1.45045
7.86845
1.32153
-3.64960
-3.08004
-4.51103
3.17183
-9.55108
6.23683
-3.14757
1.11989
-10.76413
2.19527
7.39657
4.72054
2.66823
1.32915
4.67310
1.03439
2.63687
-2.10278
2.18094
-0.28499
-0.43286
-8.57201
2.28985
3.52888
-1.48196
7.55930
0.08252
-9.38661
-4.09703
-0.79412
-6.23670
-0.44894
2.72761
4.14977
6.63135
-10.19965
-3.29752
4.90433
-3.91555
1.74068
-1.12072
-11.10819
-4.53800
-2.99311
6.74843
-0.13222
2.19619
-5.69304
-7.73723
-2.78662
0.12009
0.67221
3.81242
-1.97850
-1.39468
-8.16796
3.56967
2.23483
-5.86374
-2.65347
-6.57090
-0.16070
-0.03963
1.12750
-1.49585
-0.33554
-0.00112
-2.01396
4.29613
-1.27323
8.55811
-0.95927
1.46220
1.29030
2.82604
2.19849
-5.35344
3.25517
-2.37818
-0.69577
-3.20455
-5.22432
4.58562
-3.21934
0.95505
7.32130
-2.15213
7.26179
-3.41823
4.45994
2.96521
-1.19057
3.06452
-5.03170
0.66692
5.60785
-0.79561
-4.67462
1.57425
5.96505
2.70814
-1.67433
6.59834
-0.88845
-9.71486
2.28499
-5.00978
-3.42748
2.51717
-2.55569
-3.96891
-5.45652
0.28632
-0.75771
-1.65889
-5.32990
0.99096
1.07777
7.14750
-3.21878
-3.94545
-1.49128
-2.07666
-0.81571
-0.25102
-2.26471
5.25682
-3.09348
-4.68010
2.98975
-1.79806
-4.44991
-3.15175
-1.39373
-1.55902
-7.78037
4.70040
1.07821
-1.14438
0.61400
-0.41922
-10.09069
7.52620
7.22426
1.08492
-5.37261
0.02262
-1.80143
1.48500
-0.51528
-0.88239
0.83664
1.94193
-0.31107
0.45515
6.59086
10.50890
0.40557
0.71921
-0.89478
5.45890
-4.21653
6.51913
2.16674
-4.51090
-4.01558
-0.45396
-1.75858
1.29841
-4.41336
2.10425
-2.94002
-2.75075
4.27394
2.51846
-4.37150
-0.82265
-5.88619
0.85801
4.64785
1.22432
0.86446
-1.50919
5.75929
-3.51472
-2.75664
0.44722
5.60747
-3.99734
-0.67959
1.63005
8.68617
0.64425
2.35741
2.01024
-3.99315
5.56036
-2.61535
3.07908
4.09496
-0.72054
10.62818
9.13986
-6.04055
1.17675
4.66931
1.87229
5.74703
-2.59036
8.78033
2.44108
-3.91278
4.46565
-5.07581
0.20862
-0.77248
-8.79319
1.41548
-2.90077
1.70564
0.16772
-2.49704
-1.95187
5.90689
-0.87904
1.50111
3.57659
-0.54469
-0.10893
-6.75476
-2.69894
1.59292
-2.15681
-0.91689
-1.59381
-0.17513
11.06500
5.49737
-2.38424
1.15272
-0.88534
-1.77587
-5.46918
-1.76462
4.10825
2.93742
1.17256
6.41469
-4.77560
-0.93307
2.34063
4.75878
2.72874
1.49718
1.49502
3.01544
1.09507
-4.25012
8.44106
1.27814
-0.29825
0.56181
-1.86438
-1.34109
-5.13050
0.89670
1.93966
6.82544
-2.52297
-6.85160
-4.00893
-3.59107
3.83044
7.05834
-1.18643
6.39308
1.52553
2.66935
-3.30865
-4.36744
4.07093
-2.13405
-1.30532
1.17737
3.89083
2.23018
2.06687
1.65232
5.58320
0.45716
1.69741
8.57123
-0.67213
7.34917
0.35770
-0.77126
3.10450
-1.71311
-0.99745
-8.19271
-9.45118
-1.91989
-2.02142
1.73539
-1.72064
4.79715
0.30158
0.39086
0.93850
1.56971
-0.78214
-5.19745
0.88333
-3.80159
-2.76410
2.41048
-3.17672
-4.33347
-3.16841
3.04117
4.83710
6.72549
3.70678
0.39775
-0.01243
-1.28377
2.15216
-9.95928
-2.50072
4.43269
-1.69535
-0.15149
1.92435
7.32518
1.98368
-1.76722
3.72050
1.36479
0.36484
-3.89113
0.78313
7.45016
-8.16658
-6.17048
-5.48310
0.78463
3.23643
7.15441
-2.75982
-7.23647
-2.64335
-2.85751
0.77915
8.11619
-3.95773
-0.72324
3.80748
-2.59764
-1.74394
0.31012
1.84380
4.27954
-4.99094
-6.80398
2.19941
2.18629
-6.86242
0.88840
-6.05921
1.49275
7.67368
4.47378
-5.28232
-2.01987
-2.22715
-4.56503
-4.50969
-7.12033
4.06716
7.47816
1.85244
0.73463
-4.89352
-7.54413
0.37537
-5.85574
-0.23317
-3.74991
-3.71193
-0.17899
-0.87528
-5.46528
5.51513
0.17544
0.06606
-4.72226
-4.27124
3.95366
-16.66537
3.56475
-2.16775
-4.48788
2.68207
3.60961
-3.98044
-3.88823
0.11913
6.01646
12.24443
0.99522
1.31034
4.41164
-5.63332
2.83485
-1.02121
-3.37870
7.54699
4.03794
-2.96229
0.33166
-2.89890
0.75812
3.73626
2.87942
7.69534
1.15763
2.62199
-2.77858
-2.52569
1.29237
-7.52828
-5.02534
-1.49684
7.29914
8.09310
12.40138
5.68779
2.70192
10.38109
-8.34317
0.00699
-0.84757
-3.81401
3.75842
3.12764
0.28972
0.16452
4.05451
-2.03219
-0.88093
3.76788
-2.15696
-7.33957
0.62811
4.51901
-1.34271
5.53346
7.28601
-3.00412
-3.74701
3.58402
-2.26295
-6.08334
3.17918
-4.81596
-3.28404
0.28843
5.12975
2.99373
-6.50848
6.35451
4.35692
6.00678
0.98337
-3.62912
1.99278
-2.37708
0.99662
0.39300
-5.31370
4.34966
1.33389
-6.03521
5.70066
-1.59326
-1.38296
-3.37719
-3.55791
-0.80130
1.77034
0.45666
3.07414
1.41032
-0.53800
1.19449
1.57239
0.77591
-1.47650
2.58481
-3.82821
-1.70740
-3.28003
-6.92251
2.26230
-8.71287
-3.24757
2.77610
5.93863
4.63249
6.33724
-1.98867
1.04988
3.29235
-3.41846
5.01513
-0.28780
4.05968
4.35875
-2.17475
-6.16543
0.48705
12.34119
-1.88010
0.05507
-7.77899
-7.35713
-3.43658
-5.30249
-0.86024
4.89428
-2.59772
1.46176
2.32570
-0.23868
1.09909
1.14697
2.08647
-1.88817
4.53282
12.24413
-4.27304
1.26028
2.40123
-0.58476
-2.03279
0.65808
-0.62942
-4.14376
2.30098
6.81547
3.40927
0.11394
-0.20464
2.79324
0.80175
-1.15093
2.82507
3.85963
-1.59060
-0.18577
1.61888
-4.98185
0.74524
6.21369
1.52726
1.94501
-1.96030
2.09501
5.85590
-2.26347
4.14585
2.50394
1.30715
-3.66306
-2.47153
-11.14757
-0.21349
-2.71787
4.00125
-2.70301
3.68828
6.24885
-0.08284
5.94778
6.11186
4.41707
-0.02233
-1.21109
-7.21199
5.86088
8.20934
-9.59050
-3.39931
-2.71400
-5.56933
-3.06571
-2.22086
-17.13387
7.56489
0.56024
-1.04050
12.47949
-7.81252
-9.48785
6.86615
-1.86701
2.31931
2.12765
3.65542
-7.37217
1.93502
-3.87270
-3.81061
0.18862
2.79864
2.99016
2.52867
-3.92540
-8.48056
-0.67999
-1.20382
-4.15806
0.35406
-2.30528
2.85289
-2.15011
-3.03997
-0.71889
-9.10414
-3.47207
-7.36511
-1.32919
-2.81311
-2.22138
-5.42963
3.52246
5.36006
-1.79318
-4.49581
-1.37850
7.17159
-4.58220
0.14028
3.81620
7.37852
-5.36922
1.12157
3.32432
-3.98880
1.00008
6.42359
-2.17518
-3.45409
-5.86257
-1.21136
1.95035
-5.43831
1.56925
2.67014
-6.82557
-6.40557
-4.77886
-0.97011
-3.39737
-1.60188
-4.21383
5.62004
-1.18907
6.60258
-3.42249
1.70249
-4.46222
-3.78224
0.82033
-4.10255
1.25528
7.49609
3.20932
-3.05669
5.50571
1.47414
-5.91732
-7.24117
4.85816
-0.51670
-2.47836
1.55722
2.51375
-1.26882
2.76227
1.81350
-1.61877
-1.23156
-0.95598
11.53367
11.90820
-0.54203
-1.34344
2.63293
1.60141
-8.12319
1.48066
-7.01265
10.15143
-3.77787
0.02807
-2.22660
7.68701
-5.12441
1.02797
5.07485
1.98440
-2.26505
-4.55295
-2.29083
-4.84445
-1.69086
-5.96177
-0.10909
1.28284
-2.78253
-1.82492
3.86103
6.37429
-0.53882
0.09749
-3.92798
1.46231
4.80918
0.44347
1.49505
-1.92987
4.08890
0.76328
4.05385
5.23499
3.38586
1.46880
-4.40361
-3.32609
-11.10377
2.42262
9.20229
3.03711
-7.75605
3.72582
8.90693
-6.39211
0.22505
4.96820
0.05559
4.63900
4.19783
-5.13896
-7.01519
-3.62890
1.62652
7.50905
1.41098
-11.29039
0.03714
-3.00778
8.25054
0.64512
6.82171
-5.49033
0.07746
-3.31510
6.66054
-1.83683
0.35944
4.66674
9.74798
4.27167
-1.70024
3.22146
-2.75688
-0.13792
0.23331
-1.92593
5.40253
0.93092
3.75391
-8.45877
-0.12002
2.83197
-1.19256
-4.82951
5.49732
2.67694
1.30264
-4.03429
2.60152
9.57464
1.38296
-2.00005
3.20542
-6.77188
-3.53248
0.56408
0.38209
1.46956
4.10184
-3.87017
9.90258
4.65489
-6.79551
2.53640
-5.40041
-1.45698
-9.22108
2.75101
-9.99272
7.47823
2.73838
2.43813
0.83886
3.05129
2.63355
3.25680
-4.04936
1.17402
-1.54723
3.32675
-0.78533
-3.89786
4.87594
0.54737
3.67472
0.03352
0.60033
-3.11102
6.98367
3.39428
0.31850
8.33379
1.11932
3.96381
0.10738
4.73334
3.32017
-7.19991
0.11743
2.18059
0.68765
1.00579
-1.30847
-9.10867
-3.64061
5.20125
-3.92332
2.19909
8.23776
0.22413
2.83933
0.33215
-1.47642
-3.54232
2.83678
2.99425
-11.20068
-5.82974
3.41076
9.52804
2.43675
-3.95616
4.94538
3.22635
-2.41286
-1.85919
0.22669
-1.82967
-6.98896
-2.00595
4.28030
5.43230
-2.00002
2.10964
-0.96621
-3.90904
-6.64608
-11.69674
-0.90377
2.32162
4.18139
0.30143
3.94881
-6.54400
-0.44793
0.95032
-2.52142
3.51089
-7.72199
2.64997
-1.88990
3.26281
-3.66292
-2.44493
1.64934
-4.73851
-0.73409
-3.49897
-8.03757
-1.07153
7.00189
10.24355
1.18378
0.64825
-8.05234
-3.37871
-2.03027
-3.06635
-5.95764
1.69131
-1.32615
6.58350
-1.69140
-3.29214
3.80171
-0.29706
2.12693
-5.16710
4.88357
-0.70641
-1.50136
5.41312
2.76771
-1.69116
-0.15768
4.96540
-0.86087
-8.58925
-3.29690
-5.08715
2.12360
-0.52581
7.20310
1.65727
3.53375
5.40723
-1.28292
-3.33785
-7.10311
2.01749
-3.31707
2.70637
-3.25779
-5.67176
0.53990
-1.96845
5.15547
3.33297
6.08113
3.48208
-5.42772
4.96135
0.78456
7.93132
1.06741
3.97211
3.06930
3.73371
10.70643
-0.29323
4.11491
3.76949
-0.81205
1.86130
-3.96242
0.17090
-5.86226
-2.27318
-5.72757
5.76644
9.04638
-1.80873
-1.73737
1.46478
-7.10670
1.72799
-0.07601
-3.72780
-1.06345
-0.54600
10.26517
-2.24056
-1.04832
10.05437
-3.68105
7.57515
-1.49272
-5.79644
2.11069
3.73831
10.11821
-8.52400
-5.73723
3.24280
-4.80802
6.32295
-1.63615
5.17143
9.35106
-3.52015
-4.17251
-7.69783
-2.23238
-0.78735
0.55294
-6.60512
3.27125
4.83539
3.94312
-1.71462
-3.03280
0.34399
-5.66759
3.88504
-2.29278
5.89558
-0.22039
2.40661
2.07468
-0.75762
-1.45094
2.08955
-2.57249
0.23052
2.97004
0.28845
-5.68658
-2.20736
-3.98945
-4.60321
-3.10619
9.49711
-0.33432
1.56963
-3.18236
2.16130
1.80661
4.70097
-0.02245
0.35984
4.39173
2.83987
-1.89485
1.21651
-0.64547
-3.28967
-3.17343
-8.33470
-1.16010
-3.84299
0.74578
3.19753
-2.91853
-2.16550
1.65144
-6.22558
-8.33085
-1.79718
-1.26453
-1.59118
0.89542
-3.28261
0.97721
-3.71488
-3.42312
-3.43950
-2.59223
1.47988
1.34391
1.25883
3.89479
-1.40338
-8.96685
0.34622
0.35972
1.24843
-1.20970
3.60670
-1.27432
1.77643
0.99221
-8.14230
-2.26969
1.68905
1.66261
0.43058
-6.26641
-0.09080
2.88257
-4.66373
2.86463
-10.74382
-5.24910
5.34260
-2.32456
5.35661
2.47509
4.00560
-4.26851
2.61269
0.00445
3.56494
-4.80449
2.32237
-5.67685
1.44836
-5.81053
-3.00221
-3.11410
-1.26976
-1.38671
0.23729
2.05133
5.37382
-0.71014
-5.82109
3.73148
0.85157
-1.93708
4.84565
1.49074
-0.49798
2.14609
0.12532
-5.40658
-4.20281
-4.08760
-8.58582
-4.85633
2.15865
5.07014
-1.67547
4.34543
5.85691
-4.22846
0.67846
3.68163
4.39762
-1.81898
4.46721
-2.28645
-1.97410
6.78280
2.70046
0.22529
3.82165
7.22630
5.38313
3.62427
-2.24166
7.43061
-3.81521
-9.13203
-3.06053
2.00630
-7.59145
-2.53235
-1.71241
-3.49611
-2.76019
-3.36323
3.35583
-1.54661
-3.06849
-2.52259
0.63156
-3.04144
-1.88049
-2.51752
5.21917
-0.06747
2.53513
0.74260
0.53452
2.80316
2.37291
-5.52505
0.66173
-1.62965
-6.12153
-4.10371
0.79501
-2.18780
5.25271
3.12710
-1.77178
3.43693
-7.54524
-1.25283
8.60897
5.27258
5.37697
-1.20621
13.55215
1.00492
-9.54844
0.01241
-5.80575
-1.49922
-0.57850
0.23860
14.71197
1.33030
-6.84965
2.51347
3.06890
4.03388
1.68900
-3.37590
-8.01923
-2.61998
-2.61257
2.06325
10.20471
5.66426
-3.55945
1.56354
-9.72984
-5.94787
1.66861
2.63645
-2.27487
1.14994
-5.61474
1.02685
2.42511
-1.89265
-2.78748
-0.81776
2.04414
-1.79749
-10.55896
-2.90289
6.56597
-1.27845
3.25583
-2.30284
4.53690
-6.45749
0.37212
3.54842
-6.96505
5.58265
1.88168
0.73686
-10.68079
-1.80178
-1.64927
7.65777
-2.84346
3.33806
-4.54654
-10.07425
-1.30319
-4.25511
7.38550
1.37761
2.19789
-4.07907
-6.87065
0.72763
-2.23939
-0.59316
-2.28935
-4.92061
-3.88870
-2.13696
0.92446
7.20680
-3.17383
-2.47976
3.72199
-1.34845
2.11771
-3.05311
-4.12583
2.75948
-4.14038
-9.04257
-2.45671
4.33358
-4.80241
-2.03907
3.20061
-4.04985
-0.79872
-0.60504
3.89621
-0.44770
-3.27773
3.09612
2.78326
-0.37238
2.22014
3.20482
6.05701
-1.22066
4.66478
-1.58862
1.61042
-5.56574
9.17785
0.51986
-3.04604
-5.22144
-2.78363
