-5.15510
-4.38162
2.91554
2.33498
-0.28249
-5.09622
10.21364
-2.96598
17.14441
-6.07164
6.58619
18.81756
14.00884
11.58250
12.89686
13.03335
0.70447
-3.15803
-21.93749
-4.08089
3.67942
-5.24927
13.52003
5.62258
-0.39582
-7.60813
7.60837
-7.36585
-10.71181
5.78596
-13.88146
-13.79374
-11.41397
-5.88652
-4.62837
8.57622
-5.11608
0.16770
0.17421
-8.08934
-10.57844
12.00312
11.87888
2.19376
10.36471
-2.89832
12.41042
10.97164
14.65514
-6.54954
0.40247
-5.09026
-0.30063
-3.26381
0.84415
-1.72244
7.48032
-3.97823
-7.31643
-2.99486
4.50082
-2.42502
-5.03518
-4.35850
1.36783
2.17691
8.40147
-11.16636
-5.48133
2.58346
5.33669
-0.86504
-13.70883
-22.66351
8.09575
-4.28282
3.91195
-10.55667
-1.81034
-1.90491
7.31381
-10.67257
-7.63731
-6.34277
-2.36330
-2.85663
-20.59574
-9.37387
20.79403
1.44706
8.41609
8.02684
-1.14682
-3.41094
-1.60890
6.94806
-14.60845
-0.02770
16.38711
-10.80790
6.00986
5.51908
-6.90655
-9.89471
-4.03860
-16.01149
-14.09976
3.75427
1.49003
0.88426
-5.25475
3.39162
-12.98650
-0.96167
-18.39809
12.87841
6.40499
-13.53192
-2.65578
-12.84768
-11.38149
3.00200
8.40888
0.11918
-8.29334
4.13487
13.42630
0.80934
-10.54710
-10.75641
0.87536
15.02810
13.40432
1.60228
14.54587
-2.89677
16.53216
3.57139
15.25106
-17.08744
8.58381
-9.53819
-5.96304
-2.74286
3.81400
-0.55651
27.07388
13.24838
-1.38883
18.81589
-1.44817
-19.76947
9.54058
12.85000
-3.80149
-12.32746
13.75503
-21.90714
8.77825
-17.13908
-13.54222
-31.95749
6.06998
-4.80644
-1.60057
-1.38871
4.97831
11.35799
-1.32045
-8.48056
1.21125
-2.00282
5.20472
5.18804
3.39414
-6.07836
-7.00166
16.79013
15.42376
5.56021
-13.78494
6.17886
3.55689
-12.21592
6.63880
4.67838
2.36595
2.62041
3.78273
-15.49516
-8.08846
0.89651
-2.57792
-6.61799
1.50351
-7.62493
-4.81559
17.91091
-4.65873
-2.83509
4.47650
-13.84803
-6.74403
-7.90898
-13.52699
-5.13148
-8.82107
-20.12776
-10.31422
11.51782
2.41355
-10.08081
-7.83887
-18.79469
20.05539
8.46696
8.27137
-4.39657
28.12807
0.42478
9.79793
23.85198
-2.03302
6.74617
1.15763
-4.95582
-2.59740
-19.52785
8.31710
1.72086
-1.87610
17.29730
12.54267
10.00247
4.82190
7.86638
7.22549
10.91293
18.40160
-2.92627
10.53614
1.48224
-5.84806
19.83036
9.60849
2.47810
12.33946
-16.88613
-5.35291
2.55359
-13.86568
0.10286
-7.24162
4.39312
0.67469
-2.85099
10.16764
-14.27283
-3.87549
5.12449
1.40619
-3.21323
-3.59101
7.61995
-4.21557
-12.54493
-8.93573
16.45040
-3.08358
-8.58660
6.94778
-6.64295
22.59597
-7.33385
-5.43941
-2.66853
7.46564
7.64651
1.10003
1.67430
12.79255
-4.10798
0.71828
-1.82508
10.69456
-0.89288
6.25695
-16.98113
0.78772
-6.45894
-6.08328
6.01012
-10.32914
4.69684
-9.45874
-3.89617
-10.91924
11.03256
-3.91190
-16.81738
2.11343
13.29854
-8.18365
9.09374
-6.56774
-3.46090
-5.39580
6.20299
-2.27491
2.82123
11.21597
-6.01279
-13.29203
6.35964
1.11331
0.51666
-9.23422
8.54712
-11.73615
-0.08092
-12.94379
-3.69034
-1.68780
21.36508
6.89672
17.97331
5.93113
1.72215
10.87008
-4.33142
7.49658
-9.44457
17.58332
-9.16781
-8.80225
4.54970
-1.84681
-9.47565
1.54554
-2.63467
-10.90637
8.45531
-9.38498
-9.52239
-17.40749
4.54514
-20.27234
5.56725
-8.18039
5.78188
-1.27882
-1.96805
7.39177
10.40130
-9.20887
9.76266
5.52568
-16.85794
-6.44415
10.65935
-19.19334
1.37624
-14.72446
5.25359
-15.90405
5.98384
-9.30649
17.07905
5.50182
-3.15002
13.36803
-13.46682
5.04767
-5.65256
7.90347
-1.80683
-4.75018
1.03762
-8.45009
4.00009
7.85370
-4.04288
16.47981
-8.38257
11.48111
1.43637
9.07043
-8.61644
1.83295
-10.41827
-2.31493
-6.39903
14.58285
-16.75701
-7.33419
13.12278
-20.02657
-5.01063
2.58550
-19.02751
2.90397
4.80242
4.67281
-0.43306
-8.26574
-12.34219
11.71917
-4.45353
-4.14506
19.19323
11.66632
-4.73347
-4.28991
-7.54243
-6.99622
-2.82532
10.50117
-7.27299
4.04403
4.52145
7.72183
15.91926
-8.32800
3.64277
2.55545
7.22352
21.97164
-5.93063
-3.74594
3.22118
-8.69285
-15.30985
7.98971
-1.51066
12.14678
-5.36749
10.47802
-1.25438
-9.58095
-3.27901
2.28912
9.57988
3.52486
8.11938
6.41285
-13.80695
4.67476
-16.44848
-2.29252
4.02153
9.30377
-7.00782
2.05089
-1.70894
-3.84964
11.25467
5.65787
5.22273
19.03454
2.85747
-3.58781
4.51634
-3.66949
-6.43074
8.43189
-4.39915
0.32983
10.95380
13.95029
-2.21937
-8.94755
-1.67525
-4.28101
12.48594
-11.15534
-0.65107
12.44982
-10.69514
4.46407
0.77083
-0.71463
-14.54039
-13.95026
9.46850
3.65339
-17.79036
2.87725
2.76708
-4.80869
6.26066
-0.78739
-3.69142
-8.81450
19.55387
-5.43920
-5.22359
-8.03725
-3.28569
14.75607
-7.62101
6.57994
4.93567
-12.39707
-14.98056
-0.91310
-0.40662
12.06344
2.26337
8.10539
-6.55631
-11.13359
-7.55991
3.86188
-10.59117
-5.64734
-0.68291
-12.19645
1.72584
4.89576
0.15245
-19.64451
10.49499
-7.06813
-5.48022
-12.90020
6.44471
-18.11402
22.89366
8.41993
-4.75256
3.85141
-20.14548
-3.92328
2.83698
-11.59458
2.12212
3.54747
3.75841
3.54144
-1.38392
6.99345
-17.84131
15.08202
3.98266
0.49888
16.31911
0.06584
1.00692
-26.22752
-3.90923
-5.48997
2.70477
-6.88703
-11.81441
-8.23113
2.87707
0.79275
-8.54891
-13.83443
-3.26674
8.29472
2.45227
-24.76381
-9.43409
0.15315
-2.62400
-4.71575
0.91923
-17.48596
18.19904
9.39501
6.04847
-6.40882
13.45177
8.86411
-16.66574
5.01740
-11.91908
-16.20972
-7.95822
-5.39217
-0.47144
6.55216
5.54233
-9.28433
3.17607
-0.47960
-7.67810
-3.76693
-0.42885
-2.14111
-29.07083
1.40054
10.43108
-11.31872
-12.01625
0.05048
17.67788
3.59858
12.31785
-13.96986
2.43010
-26.89071
-5.48234
-4.94289
10.54669
-5.51598
3.74238
-10.89575
5.59863
-0.40906
5.20439
9.80109
9.50852
4.01837
1.31290
3.64474
8.83964
-4.87560
-7.52716
-3.12900
-19.60741
-9.11883
-18.06230
16.67511
6.60491
-5.73532
-16.79034
-1.52523
13.11842
-1.61351
-7.51059
3.60073
-13.74835
2.62586
24.53283
-11.82745
9.65759
18.12935
-0.69926
12.81784
11.24455
-16.90186
12.77344
-8.09032
7.94766
5.99330
-3.62693
18.70909
4.11401
0.41083
-4.79160
2.11643
4.88819
8.78416
7.58670
0.22887
-15.50868
3.99844
-9.47873
6.30883
-10.55975
-0.50102
5.30328
-18.60555
12.69821
-14.92047
5.65721
3.65141
-12.67902
23.33160
-0.54389
-2.69421
1.60837
-12.39264
0.61919
-8.94543
9.74919
7.38635
-4.13321
-0.59787
-6.64442
-8.75608
1.79522
-15.61418
-11.81373
3.50031
6.63553
16.84258
11.63656
-21.19822
-15.79973
13.26287
-0.86998
-15.36671
-14.75204
12.51823
-1.33000
8.21270
32.56766
14.37458
6.47448
-8.58747
6.71140
-4.10499
6.58720
2.59817
3.11012
5.88284
-7.98076
17.95269
-3.94271
6.19156
-1.73543
2.83588
1.47869
3.59265
-3.34350
6.36504
-0.98614
2.86280
-8.84061
-5.68826
18.88460
4.92506
-11.92850
-4.84709
-12.19419
-2.46882
6.36121
-10.94421
6.67274
-1.09600
3.05057
-9.68236
-6.11736
-5.49593
-2.08158
-3.26987
19.19037
2.01442
-10.70605
-7.09322
5.86186
-2.12783
1.49306
-7.34415
7.60573
-3.14561
4.69430
-11.06771
10.10250
-6.97942
8.75331
-5.61762
-8.92656
-13.35027
6.49166
9.46520
-10.87833
13.42734
12.30358
-13.47615
8.33029
0.98114
27.75128
12.10113
9.13172
9.64635
2.39891
0.71782
3.23471
-10.24570
-17.35300
1.81880
2.96486
-3.06306
-5.12550
-15.41271
-4.26415
12.76140
-29.73458
11.57382
11.56327
6.17841
-11.71814
1.14830
0.58284
14.87977
3.90953
-19.67038
-9.04052
13.24861
12.25194
7.29912
-1.64370
14.79593
8.80403
-4.01164
-17.09170
4.32336
-8.04194
-15.95907
-21.63978
-4.69759
-3.94945
8.88011
11.89048
-20.54897
-2.78598
-3.39397
-1.55682
-17.49347
8.95723
-4.61072
-6.00918
4.50615
-7.56899
2.95658
-7.93872
-1.41626
-1.42607
9.69238
3.66570
-2.94348
-9.65901
-12.60603
-0.35971
-2.54937
1.89948
11.23515
-9.33188
1.24960
5.96024
-12.24435
-11.93096
-7.96230
3.44238
0.10409
1.35489
5.63288
-1.96021
-9.97892
3.03334
4.24323
2.19153
-6.69669
-6.85669
-7.58727
-0.74301
10.03027
7.01400
1.34105
12.01715
-3.33645
15.28917
-1.56532
-0.51159
2.13177
-0.89425
10.29000
0.67255
0.86745
7.72598
3.93912
-10.35168
-0.60768
7.82706
15.95984
-2.20750
-2.43137
-13.43371
-9.00329
-5.34312
3.40334
-4.55503
-7.20487
-4.46659
1.68112
12.64636
-7.34358
-16.33748
12.72431
6.28748
-17.99068
5.99141
-2.83097
-6.33181
17.32784
2.84063
20.60967
-9.98959
-10.78059
-4.77934
-9.29261
0.18268
-4.77753
-6.97033
-0.14016
10.99401
8.27186
20.21597
-17.28868
4.32282
-11.90890
-4.82330
-9.14061
-9.36734
-1.57727
3.53152
-12.97137
-10.09009
2.55295
3.91590
9.98949
8.45884
10.72618
13.12267
-2.62438
4.28071
-2.66936
19.69175
5.56416
4.97436
-10.41112
15.55178
7.96739
5.85178
-15.71564
-14.28390
-14.19974
-12.22721
11.02480
13.05428
-12.57494
-11.82848
-13.91436
-12.18434
17.84994
-7.69489
-4.17511
-6.05604
4.96640
-10.35256
-5.52411
1.60867
3.89472
-5.98607
9.81997
0.35596
-20.98529
-5.48694
4.45788
0.56752
-0.87670
14.98967
14.44517
6.05118
-2.43617
3.30243
0.67231
3.66596
8.29108
13.81371
-4.68210
12.32348
-9.31392
6.58759
-8.85076
6.94860
-4.67119
-2.04083
6.08418
6.25716
-1.66689
5.17951
-9.37760
4.84810
12.96257
12.57776
7.55562
4.37105
7.14742
12.84414
-0.97501
7.64785
6.92484
-5.14398
-2.00963
3.80116
0.15058
-8.35509
6.79164
-12.77812
-3.32937
-12.96727
3.34512
19.17918
-8.07021
2.96279
1.87410
20.96399
6.66954
9.21672
-10.62361
11.40537
-3.36412
-8.64907
12.96510
-1.12331
-5.09025
-5.69636
-4.12921
4.20999
-5.96625
12.26259
13.49092
9.76673
2.21845
-14.52454
-1.43837
-7.50865
-3.37913
-9.15059
-5.87592
0.74493
-8.03318
-4.19442
0.00845
7.83517
16.76612
13.48650
-12.24986
3.68705
-13.72645
3.78193
10.09441
-3.62333
1.08385
4.08422
-6.29329
-6.92468
-0.28363
5.86050
9.78015
-21.04325
6.26107
6.23314
13.92537
-5.23123
-6.96904
-0.11821
8.40608
-19.27159
5.52704
-16.94209
6.90097
15.76708
3.38999
-9.11254
-9.73330
4.79313
1.21533
-8.67182
4.92981
9.89150
-1.29378
18.25179
-3.76228
8.20844
4.91773
2.83904
-8.06814
-5.18807
3.56055
5.91753
0.96118
-4.38168
-6.73059
-6.04231
-2.85181
-14.31540
-1.36006
-11.14451
9.57171
0.96713
-5.10492
-3.70140
20.22885
-12.24482
7.83757
8.22486
12.48457
-8.02478
9.61649
14.33118
-16.17842
-13.61107
-15.32496
-3.53284
-13.27450
-12.10690
-0.84651
-3.42227
-9.30263
-3.28320
-10.72717
1.23927
-3.42555
0.48403
-13.93341
-2.54807
11.44552
-3.70435
17.39965
-9.82273
-4.23216
-8.50444
-7.68407
8.52031
0.38486
-2.97519
-1.81019
-17.34273
1.50343
9.46234
-1.15145
-8.73740
-0.13360
4.99113
-6.58131
1.82484
13.42146
6.11070
-7.56245
-6.75574
1.84816
4.78756
-16.62745
-5.24284
0.28920
10.41523
4.09783
-20.52961
-1.29730
17.02462
-1.76634
-19.86769
-0.31256
0.26255
2.60448
10.41404
8.52543
-5.52636
0.57657
-14.04663
2.96865
1.82668
22.15971
-1.81096
-6.09599
2.86025
1.62949
-3.46677
-6.03580
5.74848
-3.49309
-7.00560
-7.21495
15.48569
-7.69006
-3.30564
-4.84254
14.15751
2.37991
-10.85443
14.05623
4.14858
6.92879
22.25232
-5.78071
-8.64556
-4.38861
6.64795
10.88733
6.34496
-15.80292
16.35343
-5.25923
-6.89704
-6.35799
2.04930
12.13593
-14.84204
13.94366
-5.30905
1.32831
-5.85217
9.04060
1.45836
-6.46997
13.15976
-2.15718
11.48655
-8.94292
-3.79850
-0.66612
-0.67605
7.52352
-15.35026
3.84863
8.10294
5.65086
-11.13873
3.15538
6.03372
-1.39525
2.85833
16.25872
1.24344
8.31126
-12.10824
17.61682
-9.38560
12.22613
0.00887
-2.41723
-21.19085
8.30830
-11.74687
-0.41157
-7.94937
9.71305
-10.46791
-10.67279
8.53679
14.52817
-5.29875
-21.37594
1.39254
7.03279
-1.53510
4.02287
-4.48789
9.62748
-5.60893
-4.38702
-1.05472
14.83469
-6.78303
-8.64803
9.94259
9.55529
19.45948
17.87495
2.46113
-7.18863
-4.48376
2.26396
-10.09902
-24.12456
-2.83368
10.16087
-15.22648
3.78005
-5.20345
0.27931
0.63719
-2.41738
16.32071
2.26711
8.22093
-5.91911
8.16305
-8.97668
-2.17437
-1.98331
20.12567
-5.85116
11.97466
-11.99529
-7.19872
-8.62293
2.60046
-1.01493
5.79235
8.30101
1.62954
-15.29976
4.21650
7.86520
1.67785
7.33391
25.01114
-0.02716
0.08451
-0.36402
12.17990
-25.21421
-4.29565
-9.39396
-9.63561
-3.97211
-8.21218
-1.63744
3.01290
-3.55155
1.73076
6.46803
-8.91318
5.57332
9.88940
-12.58149
-3.63188
9.59187
4.46251
-9.50162
-2.14849
3.48693
2.37128
0.68187
-12.88893
-3.77633
5.49272
0.53096
3.57110
-14.94577
-9.85010
8.23993
7.71765
8.61922
9.80446
-6.74186
1.56257
-18.69589
10.21782
-8.13698
-5.44392
5.76651
-7.36891
-3.13141
-11.15997
-0.42044
-3.91018
1.13769
-3.13557
-14.96295
-2.64702
0.08226
17.31668
8.22944
6.77271
4.62540
-12.40917
-8.77136
-2.39249
4.83276
11.98145
-5.52666
-9.20414
12.17214
7.61008
-5.57610
-8.15447
6.50336
-8.69832
7.62000
6.87416
-1.62709
1.79176
-4.76148
13.34046
19.91661
-3.16373
-10.25017
-1.90560
2.65835
-2.84919
-8.92045
-5.97747
-0.58742
10.94522
2.09868
-3.30585
10.01135
1.99299
-5.85994
5.53497
-9.65464
4.80541
9.44763
-8.10287
-1.60708
-8.86614
17.77445
-3.86038
15.12416
-16.20288
0.53242
-24.95951
-13.87861
8.80399
0.01428
3.79339
-10.44079
-11.79297
-1.55665
13.05352
-3.40963
13.21968
-4.58521
22.70420
-16.56343
12.08679
-5.66819
7.97659
10.56387
5.19468
6.54722
-6.68185
-22.10753
-4.49394
-10.63245
-7.14727
-7.01241
-13.36511
5.95718
3.27370
22.86563
13.81546
2.98079
-8.78906
16.20568
4.48434
7.48893
-10.25301
20.81810
-11.79426
-3.75853
20.97312
2.78271
12.02291
4.09277
9.49924
9.86149
-2.42128
0.00509
-1.56123
5.00227
7.41335
-10.70393
-16.22372
3.14730
-15.99827
-14.99891
15.92544
-22.70567
-0.77718
0.52162
0.33054
6.59294
-0.86159
-4.74823
1.15352
0.81018
4.62039
-27.66507
14.67458
-8.27434
-19.41156
-2.06085
5.55017
-5.09339
5.72065
13.36408
-20.33706
-11.54200
8.15446
-11.60764
-3.64008
-8.05798
33.87671
16.15215
-5.19460
-21.50404
8.17580
0.21602
-0.48161
7.56009
-11.04229
13.52131
-12.69391
-9.61570
2.86162
1.56282
-3.44767
-7.40222
-6.44306
-0.58618
-15.93174
-13.25868
-9.02331
-4.68723
-5.44302
-5.07470
-10.05712
5.54237
2.94805
5.92251
-4.88898
-3.99212
-6.23104
3.53806
1.67873
-14.45553
1.57985
3.35268
4.56435
-13.33751
10.58294
3.47596
11.24049
13.28054
4.16533
-0.11200
8.61903
-8.01417
3.49205
9.88142
1.55628
1.63168
-2.72029
-3.42665
-11.34774
0.56697
-6.66361
-7.72616
12.50631
-6.05424
-6.95539
4.75809
6.05709
-7.19023
-5.67969
13.37973
6.82208
6.45728
5.31095
-5.30086
13.89615
-22.73561
-8.30260
4.43069
-5.07974
-4.93468
-11.96009
3.84216
-5.00953
-16.14238
-10.49234
0.27019
0.08781
14.77299
16.02811
11.90913
-11.29084
12.58638
5.78410
-0.21534
1.67283
-0.33512
2.40205
-7.52968
1.88884
-1.13602
0.78518
27.87348
-3.38230
19.53759
7.65391
11.04969
-28.09412
-19.01109
6.38908
-11.86609
0.67995
6.86708
11.17738
0.90427
-3.85921
10.33087
0.59627
-0.72145
-7.13681
8.34999
3.47649
-6.09097
-6.51656
3.61091
-12.08231
-1.81987
-0.36301
14.05492
7.32466
-15.55850
3.65800
-4.56473
1.45885
3.85404
9.08568
6.97227
-2.50314
-9.25069
8.46296
-5.83225
-0.57487
-13.01584
1.51354
-6.37487
3.13904
8.32820
1.50574
1.65989
3.63553
0.74306
-1.81030
4.20958
-11.86958
7.12424
11.43716
6.02828
2.17987
-8.43205
13.32387
-1.67893
-5.70217
1.67684
8.29097
-3.68235
-3.13176
-0.34982
0.10911
-5.48222
6.34017
14.85782
21.56222
-11.96978
3.59945
12.80516
0.04528
13.16480
-5.00075
1.53930
4.69926
-13.33672
10.09579
2.55618
-12.37158
18.71729
22.19063
-19.12167
6.14866
-0.16383
-4.07342
-3.11547
-7.58869
9.62525
-6.83765
5.74164
2.42220
2.59856
-10.79606
-6.20968
11.15328
15.40071
9.71109
3.69374
13.98609
-5.67584
-18.63801
-1.90749
3.74465
15.75890
-0.74558
-2.20603
-5.62584
-8.09325
7.21765
13.34459
4.05746
0.09981
4.05624
1.46131
-9.96544
-4.02733
-2.94592
16.41600
3.94987
1.33081
-11.52347
-1.87963
-0.58772
-17.58331
0.56253
-6.43816
-17.28288
0.43653
13.50457
-0.70086
-0.09989
-0.32908
8.23519
6.55148
-1.00332
-9.80966
1.72718
1.12111
-0.18803
10.42884
-1.80318
-2.88527
3.26875
5.07217
-1.82036
23.80277
11.17446
-4.30202
19.51602
-10.27587
-3.97591
-3.21133
-10.19145
-7.02343
-2.36100
1.00794
-28.83706
-0.47548
-7.96355
1.70297
-9.94982
2.99935
-15.11700
25.76874
-18.95230
-11.81023
-1.53499
-13.79297
4.51245
3.99314
18.76131
11.89787
9.69281
-2.74680
-3.65137
4.59027
-12.27335
0.40271
11.73719
-1.20974
10.51334
-14.70035
0.75452
-4.39778
-4.68910
3.87588
-5.86790
1.12333
1.49302
13.54090
-1.30890
14.55112
5.95499
4.25385
0.85910
0.83883
8.69820
2.76404
6.61822
0.50087
-5.44532
-19.16074
2.18166
1.95856
-0.82273
-5.06720
4.99975
-10.38239
-3.10524
-1.53402
4.84661
-5.55734
1.39268
20.80121
2.57586
-11.43142
4.34937
12.69975
-7.61973
-0.42424
-9.41117
-7.03559
20.61295
-9.67556
-5.33764
5.47295
-4.94829
-6.62848
7.79360
-7.08465
-3.02837
-2.81127
-4.16860
-9.48814
4.95831
-4.20446
-21.16795
-13.80015
-15.80535
5.08173
-10.56998
15.78608
12.41970
14.40482
-7.93720
-0.48452
-0.69072
3.62951
4.55855
-6.81530
19.06789
-4.73842
18.05474
7.19070
0.54314
12.65036
-6.54506
-12.71720
-12.18348
5.58336
0.18353
-17.59171
-2.85072
-20.93572
-5.49641
8.15671
3.22658
7.30418
-15.42992
-8.42159
-1.91404
11.26104
-2.64698
-7.07668
3.36459
-14.05148
6.76160
-0.32633
-4.27787
-0.49852
6.01621
-2.44083
23.91848
-11.44596
7.26240
5.06028
9.02020
16.87500
0.16026
-6.04552
8.13147
3.13333
0.18982
-15.87007
-9.23569
-2.15052
4.86938
9.54534
1.59559
-2.58875
-15.19742
-28.30232
-1.15696
10.38467
18.43303
3.01114
-10.78849
-11.16400
8.38702
0.22149
-16.01519
-4.64060
6.86409
2.91016
6.94246
-0.27575
-3.20450
-8.09726
7.66388
-4.53616
-6.37491
-12.14892
-5.62422
3.57323
12.52092
-0.03421
8.98512
9.26382
-20.48660
2.77161
18.04570
6.51430
-7.49996
5.92653
-1.35617
3.69867
2.60877
13.39750
11.11357
5.32603
2.06729
-0.99797
-15.51627
3.64741
-15.03618
-1.89333
-9.98120
2.66014
-5.13543
1.55248
-4.17804
-11.05995
-4.49575
18.41973
1.22779
-2.90630
2.73171
-2.24039
-3.00098
2.73785
15.49077
-4.30121
-5.36875
-2.92607
2.39072
-5.22607
5.23978
-2.45038
-1.46579
2.95314
-2.88409
0.53624
0.06706
-15.03208
18.99612
-2.03395
-12.38700
1.22881
-20.82221
-22.20075
15.37469
-1.88492
-3.82434
-7.92916
-4.75952
-5.34290
12.81332
17.48812
-12.06033
-14.49187
4.28473
-2.28417
-9.65459
5.38293
9.02098
-5.06387
8.69640
11.16401
6.24542
14.11077
-16.72457
-0.39984
-10.75471
8.87622
2.84369
-15.21773
-6.08516
-1.44185
-18.37723
-8.84612
2.51455
-10.44519
4.65180
1.15089
-1.45359
1.83257
-10.20132
-10.47250
10.39495
1.38683
-16.40182
2.49480
-7.49343
20.12174
1.41012
11.82605
-3.67692
8.33122
12.96405
8.50612
-8.77788
3.84030
19.82261
2.69269
10.92106
15.14674
31.89639
-3.79283
14.01866
18.81248
2.30927
8.70635
9.55220
-13.52845
-4.34265
12.28054
-10.20478
-8.95669
4.52857
-2.73418
4.22569
-3.72404
4.64587
5.59929
3.30579
6.30270
-2.17133
-8.82670
11.83930
-12.62730
19.82492
8.50980
-17.79743
-3.59181
3.25313
8.91144
-9.16218
-0.06974
4.66456
0.53255
-0.10183
2.74979
-0.99560
2.31593
-0.20892
10.67663
-2.88856
6.36775
-8.04395
8.63616
12.30978
-9.98528
-0.21302
3.21886
12.66987
-1.91626
-29.14469
-3.91173
17.64780
4.65290
-7.02608
11.33153
-0.59561
-5.17061
1.70519
-13.04794
4.62766
-6.76828
-9.01474
9.16919
8.38973
-4.23142
-2.45234
-7.02547
-1.41396
0.99747
-4.61738
-3.70524
0.23491
-17.66915
1.79991
-7.73453
-9.06710
2.70373
3.29883
22.27856
23.73098
0.56655
8.68428
1.45030
11.09472
-16.37525
-3.70108
-2.84430
10.41647
-6.21481
19.32460
-3.76994
-4.31325
3.42867
11.08702
16.20987
-0.89918
-4.87832
15.19388
14.07891
-1.03994
-1.53764
-22.23459
10.13539
1.11974
4.78107
-2.14909
13.92519
-3.02247
-20.15074
-6.47484
-14.46246
-2.28403
-7.69376
-7.91571
-2.84288
5.10256
-0.34872
-5.15091
7.86347
-1.72257
-4.73670
-3.07449
-3.91633
-2.50569
-23.12981
12.81531
2.47428
-7.19030
8.56894
7.11350
12.21884
0.84506
-7.21010
-11.17802
-1.76245
-4.93230
4.21333
0.22934
-4.67726
14.61013
-10.58631
-1.30491
7.50240
2.63979
-1.16827
-8.14678
-7.46805
0.59782
-0.38038
17.16481
-2.57376
-2.02194
-20.70603
-7.40535
-8.35009
15.45976
5.75546
0.81549
3.83109
-0.49307
3.45377
-0.86893
-3.04091
10.83181
8.43995
-12.89544
18.31938
19.18422
6.29289
5.15187
2.77628
-0.03426
-1.46263
-1.51093
11.16219
13.96979
-13.04017
10.19886
-6.70057
-19.95536
-3.66663
-3.63650
-1.51087
17.05612
-4.05621
1.69526
3.82930
10.08428
-1.32454
0.58572
-17.37628
-6.49274
4.73230
-8.57674
4.06433
-3.08575
6.38718
-4.31497
10.57842
5.43270
-13.43085
2.72690
-11.18927
0.75585
-15.65018
-2.05108
-6.73381
-10.85866
18.99801
-5.91668
-12.11612
1.47862
-9.23101
11.09685
-5.28771
0.20846
19.00683
-4.13544
-7.91359
-2.09870
-9.07579
-3.72297
-3.25060
3.30969
8.49330
-0.34287
-7.91962
2.37562
-9.83193
13.30990
13.95908
1.59596
2.04475
-22.34910
2.03557
15.33413
-7.20326
10.32667
-8.17786
11.06763
-11.01857
1.37370
-0.28540
-5.34210
10.29246
-6.60880
-8.32828
-20.67313
5.14643
6.51941
1.85568
-5.21234
-6.46194
-11.81783
31.36588
3.19938
1.42635
-1.33812
-2.55935
-9.78186
-5.76651
-2.36981
4.52537
-3.52454
4.57741
-7.79517
1.50612
-2.27082
-7.92940
-4.86196
4.82099
-4.36833
1.07789
2.48107
-6.86547
-1.73792
-0.66861
-13.84233
4.00409
15.46941
8.77708
-9.79766
2.21624
7.73255
8.26647
24.90314
4.67476
6.42414
-4.32513
-1.71504
2.61980
11.35119
3.17162
-26.03128
-14.98333
10.07307
-3.81696
-8.47824
-4.13359
11.85639
1.94392
5.86439
23.86423
-2.48944
4.90659
15.70358
10.09953
-4.72302
-8.30116
-4.23942
-8.67801
-0.53710
-9.77677
2.09703
18.67414
-1.94680
18.84909
1.73976
-14.10174
-19.63930
-32.45186
9.81534
32.20872
0.65168
10.63534
1.71256
11.54883
-1.14825
3.26582
2.40360
1.24987
9.67607
13.42734
-0.79918
-22.16420
-11.70644
1.45018
19.86591
-0.26529
-5.32495
-3.86360
2.88312
4.93653
-3.04391
4.18211
0.91298
-13.77790
-11.76586
-0.63852
6.28254
4.62475
1.15065
-13.78649
10.71727
-8.37781
-7.26382
17.94372
4.02554
3.37437
-5.79809
-2.74203
-0.66988
27.34236
-5.27891
-12.35228
0.32518
-9.50393
-24.76588
-12.14264
0.09244
3.38558
0.19785
2.11728
-10.18952
-12.17374
-4.27719
-12.62650
-4.89493
18.62337
-0.07561
-11.41807
5.74407
-2.99940
1.18714
-10.28298
8.91320
-1.45561
-1.76664
-0.94095
15.15958
1.12920
-6.52172
9.80385
0.04902
1.75757
-6.80312
-0.38439
2.63903
-2.41314
15.26182
13.09842
2.19298
1.70674
-3.85845
-3.29259
14.88184
-14.47424
7.89505
3.02594
9.81770
-2.69346
-12.62436
16.37543
10.03490
-5.24805
-7.17688
-2.00038
-10.22343
-4.13766
11.24651
5.18074
10.11443
1.90883
-1.15840
-2.82893
-8.05388
-8.42454
6.41222
26.68493
-2.88400
-8.31632
3.79766
-17.10298
-11.99948
-4.49136
-15.16528
0.47086
13.94216
1.67250
9.80749
3.18074
-0.44791
2.62875
8.50957
-1.24047
4.52872
3.33178
3.61221
-8.06797
6.11283
-3.30043
-8.08979
0.67016
-1.64127
-12.20047
0.82031
-13.30949
3.82648
0.91540
2.66985
-3.56977
2.08240
-8.78364
4.54427
-3.00718
-8.18724
-17.35422
0.58242
13.62992
0.03091
4.15035
5.65254
-0.00171
-5.36071
5.82765
6.18808
8.37895
-2.14643
3.09288
-20.59415
-6.33702
2.20463
5.92292
4.47310
1.45089
18.48519
4.65039
13.32226
-2.20713
12.33152
-7.00262
-2.34482
-0.26097
-3.62226
0.20146
-6.37733
-1.24516
-1.61379
-5.92564
-6.53395
2.32358
-4.21041
-1.00648
-9.42058
14.58907
8.19637
-1.01829
5.45877
-4.25240
7.39176
-10.46048
-1.58920
17.69730
-7.30346
-6.25534
-15.13665
-5.16594
-1.80895
-2.84087
8.59430
-16.91197
-1.92575
-6.31377
9.28437
-3.00446
-1.18077
-18.56766
2.49804
10.27717
16.62334
4.03412
17.50164
-21.11417
-1.33826
14.14485
2.90479
5.80579
0.52323
-8.61093
4.36360
-2.36674
15.27814
9.83927
7.06507
-4.40805
6.91934
3.04642
1.20616
6.29763
7.08253
2.34772
-0.13033
0.06852
-0.24701
-7.98805
-7.38570
9.31738
8.90814
4.44300
9.85764
-12.25980
-2.88737
-2.05149
-7.34983
17.45434
16.46099
-5.74619
3.15736
1.64461
-1.69346
25.03736
5.28407
2.20998
-2.78911
-6.64467
11.41997
-1.15117
-5.92248
-15.25776
8.58074
1.26227
8.11602
27.62033
-14.67760
14.25897
12.72026
-13.43145
11.36782
19.67357
-4.36112
1.72486
1.92174
-25.23721
-16.34071
-8.25477
0.79399
-14.99664
-2.65984
6.63120
12.25434
-19.85855
-7.40193
11.95320
-12.89037
5.04556
-1.78681
-3.11891
1.19538
12.19768
-12.20985
-4.94240
-9.22910
-7.51894
-11.81074
2.21994
-12.85471
13.69208
6.65302
-9.67093
-25.89984
4.93703
6.36701
-10.40013
9.48708
-5.88387
16.32345
3.82527
6.70013
2.85423
12.91347
0.41392
3.02989
11.31394
1.04018
-8.38166
6.04708
-1.76301
-8.34532
-3.84511
-5.30949
-17.63492
5.86080
-7.95340
3.49881
25.63528
3.73500
-14.76116
9.17593
7.92481
-11.70034
-4.90637
-8.40932
8.44333
4.62103
-2.27743
-2.25183
1.23025
9.96834
-2.54605
-10.43238
8.08800
-6.75744
3.93188
4.69705
-4.24207
-13.86850
-9.70723
-18.53521
2.78302
-3.84779
-0.93272
3.23949
-5.22570
-1.13466
-13.90284
-0.33722
-12.31394
8.51622
-25.42583
-0.88825
20.40269
-8.42961
0.89974
8.82061
-2.01959
11.29310
0.12448
-0.81821
12.33787
-7.36825
16.25228
0.10187
0.37447
-10.96281
9.39628
-14.23767
8.83984
-0.32691
-16.94326
1.92555
-2.37376
7.33121
-2.73464
-7.45726
8.11201
-7.01436
-0.68433
-7.45045
-3.08918
-0.49684
7.72369
14.89647
3.14883
-5.26754
-4.29216
10.62016
2.79557
3.88037
-6.52174
-8.54292
12.78085
-6.95148
3.65779
-11.75137
-8.28235
-5.36273
-13.81949
0.93553
12.02640
0.74152
-3.45220
-16.86605
-16.00687
-9.99679
3.68021
-3.98859
7.93999
3.69103
-1.90034
-1.77809
4.47742
11.80169
4.68206
19.49251
7.17053
-1.08141
-19.47272
-3.95540
2.35419
-4.97657
-0.51027
-0.63373
7.76115
-0.57001
-6.61141
-1.55573
-12.48907
-3.89980
-1.64619
11.53426
5.42215
3.41778
-2.53185
16.32441
10.56880
-11.22540
13.06188
22.40687
1.76428
16.54555
-3.90091
-3.91673
10.49366
-3.39880
11.21127
6.51661
23.23313
8.54950
15.65100
6.99349
9.66276
6.32966
-5.83948
-9.46615
14.44872
-5.12411
-3.77896
8.92932
0.49299
3.58328
2.63190
9.79715
4.60478
4.79031
7.71698
-7.43981
17.57372
30.87706
8.67276
-0.60713
-6.19677
-3.96186
-10.49719
17.26819
-0.88849
-0.64801
2.23621
6.80569
9.92863
0.01337
-9.34466
10.46790
0.62782
-7.89792
7.17958
-10.19636
2.95085
-14.68805
-7.37401
8.46224
-2.62672
-1.01558
6.60248
5.85902
13.61061
-12.28396
-11.73088
3.13290
-9.46821
-11.20268
2.58253
-6.53830
-5.75773
-4.46287
9.26495
-5.52161
7.36033
-0.47362
21.62758
4.50559
12.48739
-3.55171
1.46724
-4.92242
2.17127
3.29711
10.88838
-2.32935
-23.85831
-9.22213
4.10178
-9.73462
13.59336
-11.85276
11.60096
-12.27242
-3.36555
1.50426
11.97570
-2.89220
24.29075
8.37859
-1.79177
-10.76217
0.70937
6.82678
-21.75575
-12.94880
6.07439
14.14981
-11.68060
-0.06890
-1.68190
2.62072
-0.37006
0.08448
3.45933
-7.67333
8.82920
-9.80620
3.85525
9.17397
8.77602
-1.88008
0.49354
-16.79460
-1.18124
-12.47284
0.03337
-22.54467
4.20433
8.17142
5.00298
-4.26054
-1.73274
-8.81990
4.18365
-3.88775
-9.56485
1.78129
-7.02833
-6.29001
-3.38835
-7.12493
4.15051
0.11771
-9.97495
-7.25385
10.70872
3.92039
-10.22521
5.24897
9.31010
1.58222
0.29381
-5.89286
-15.63120
-7.21939
10.58606
2.10259
8.70788
7.50048
-2.14960
-5.21598
4.19872
-13.92581
-2.52739
-5.70993
6.52437
-19.23236
-0.40829
1.41777
2.66408
0.06089
-3.71826
14.52279
-6.74096
-5.67681
1.85454
-3.26549
-0.35609
12.47200
9.35506
2.00382
13.28091
12.36582
-3.18274
13.38666
-11.97308
0.61617
8.98022
-5.05815
27.63196
13.76390
3.98545
-17.47568
7.90028
-5.38851
-9.88464
3.20227
-5.05277
-6.88949
-0.32209
-3.80293
-0.67625
-10.94090
3.73658
-10.05365
-5.54625
13.56374
-9.64567
-10.00966
-4.93793
20.57138
-15.39476
-2.10736
10.59476
-20.79553
-6.74821
-13.34073
-6.77634
0.41927
15.41470
-11.66367
3.74682
0.69683
-13.74717
-10.18537
-6.30823
7.84481
8.76483
19.91764
-4.19808
-8.08588
-3.86131
6.20388
-14.82497
6.38715
8.13693
-9.10634
-4.86792
20.23443
-11.34629
-0.80748
8.38288
-8.50019
2.82870
4.29203
4.42981
5.73355
1.72357
16.95015
-0.35982
3.61182
-8.10982
5.38142
-4.73173
-5.71604
-0.09801
14.49912
-1.39821
-0.79770
18.64234
0.09194
2.58880
7.51265
7.94151
-0.44915
10.56202
3.34946
-2.08341
1.48104
4.44740
-5.92828
-2.09589
8.41572
10.48466
-0.79376
-1.84055
10.10090
0.42994
-5.07856
11.07446
12.02899
-3.88762
8.21655
-13.17977
-13.10478
8.92588
-10.37249
8.16022
6.72164
3.71866
-4.79442
0.70177
0.26997
-16.01982
2.21277
3.61237
-13.20541
1.69445
-17.31881
13.42862
0.95026
7.73908
4.58718
-1.99921
-0.48078
8.62118
9.32520
-7.23376
17.66478
12.30700
-5.84675
-2.78458
2.69226
22.40436
-3.49242
6.07955
1.94833
7.76476
-18.29496
-2.18528
-3.70063
7.93770
6.65030
11.92504
16.15443
-7.97074
6.06223
-4.80691
-15.64262
-8.38032
5.25642
-1.09777
2.72001
-12.67394
7.61297
-3.51023
-1.13407
-19.66179
15.66026
0.01220
29.54880
2.29101
4.12018
0.47184
18.17111
-3.45718
-0.52161
16.80513
-1.37508
-2.82706
11.30716
7.62770
-14.11100
14.20550
14.62432
0.12910
1.38113
5.65653
5.15345
-6.95087
4.14675
-4.93496
-0.34470
10.43431
-0.53465
-9.54008
9.44076
17.79539
4.56351
-10.80855
2.68186
-7.69655
-21.15030
-12.22729
-5.72911
8.59099
-3.65210
-6.82360
-0.32207
5.20596
-13.90888
9.07122
9.06273
-4.81495
-10.40363
31.75990
-7.22697
-5.45156
7.34332
-7.28014
11.37867
0.97991
36.93680
1.12342
-9.21134
1.60407
-3.23389
-2.52406
13.29160
1.82730
-6.77501
18.84220
0.54991
-5.82071
9.69888
2.28472
0.04591
10.88801
-10.11881
11.44334
-14.19599
-2.37464
-4.27072
2.24656
-6.79393
0.62387
3.84286
-2.59736
17.55888
-10.88229
-10.39001
-13.59308
-8.39822
-7.63247
-4.13825
-11.85908
-2.53012
2.12993
-3.18195
-2.11301
13.65405
4.92531
-12.68188
0.48424
-7.93846
11.97911
-0.60203
7.62171
-10.91324
14.49900
3.85037
-8.76197
-2.37256
-8.13994
1.51694
-8.38786
-3.12213
6.31658
-1.59700
-11.44284
-12.85625
3.90591
-16.76482
-6.93473
-17.02750
6.99548
-7.07612
-1.10671
-5.57599
4.09213
-15.26983
-5.15491
-12.54857
5.80267
-3.51112
-11.98396
-1.12484
-13.66979
3.10081
24.98865
-3.32176
-5.47897
16.00842
-3.58132
-3.58448
-8.85694
-6.21335
-7.95097
-4.05242
4.33863
-9.80590
-24.03528
-13.17860
-20.62029
-2.68209
10.32538
2.06520
13.11188
-13.07386
-11.68383
-6.67391
-6.69815
-5.63298
-9.77477
-15.40242
6.36148
0.99081
-2.58195
-17.64784
-3.27103
4.55180
9.81697
-16.88647
0.80791
-0.86369
33.16630
-13.44796
-1.87836
-16.49306
2.58066
15.86086
0.70968
-0.90486
4.29957
2.32099
-10.57992
12.81089
15.03197
0.11945
-1.40057
-9.26585
-2.25463
4.20411
3.21697
-20.20100
7.28588
-3.30355
1.20296
-21.21493
-1.74698
4.21758
-11.87141
-1.12742
2.72723
21.08230
-0.50292
-3.16172
19.03880
-10.76444
-15.19925
4.59880
-21.25404
-0.68797
3.53257
-8.53479
-5.13090
19.02602
-7.50169
10.37341
4.86600
4.18420
-10.08155
4.54854
7.58145
1.74929
-2.22031
2.85117
-6.98441
-2.95760
-11.52197
-10.82769
-22.67351
-9.39140
18.88555
-7.70957
3.47987
11.68501
8.30883
3.48867
-19.17904
3.33696
9.28424
-17.43052
2.01624
1.97165
8.18998
2.11304
17.50676
-11.04122
-6.91541
2.98273
15.33387
-17.61761
-6.58090
2.98723
13.81608
18.52475
3.86598
1.37564
3.79866
10.23269
-12.64341
23.06750
-6.17736
9.20951
3.67865
15.15893
3.82079
15.95253
-3.53525
0.09542
-7.63127
10.24228
-1.08637
3.47225
-5.87780
14.25620
4.83578
-23.63933
3.90866
-15.58869
4.84934
-4.89753
13.69922
4.84011
-9.85975
-2.70628
2.58697
7.20504
-5.31833
2.51667
2.40536
-10.37071
0.60732
2.94281
-1.34293
-3.70589
-1.74275
-5.26261
2.04393
-2.51865
-7.62464
1.02523
12.03289
8.56494
-7.67096
2.35002
29.83603
-7.56813
-0.65436
-2.20458
4.43688
14.99141
0.21933
-7.61809
-18.11865
-3.23927
11.13525
6.72149
-7.97250
10.38733
3.66420
12.98613
-10.60790
-10.34587
-13.13459
4.79363
0.90198
-1.66803
19.77457
7.33583
-1.55864
-3.94283
0.75162
2.86738
0.56843
-12.66181
4.65943
-19.50736
10.23759
12.90176
6.77341
1.25884
6.45064
4.02023
-1.69660
14.13722
20.03558
11.72356
-2.81852
-8.87540
1.36589
5.05610
9.22188
-13.77425
-3.96944
2.49503
-1.44923
8.16632
3.11924
6.43985
2.28472
13.03795
6.47218
-0.31810
-6.20304
-23.50678
11.41742
-2.28272
-0.81959
1.41964
-5.89546
-15.67367
-3.26779
0.71410
2.28388
-10.41311
-10.04519
-5.12241
-3.40200
4.93234
-5.81154
3.16142
11.95961
7.22748
25.39209
4.47765
1.17729
4.13233
-1.15449
-2.01176
-0.60858
-12.51148
-2.56641
-8.02560
-0.19471
3.77218
10.43200
7.16630
-7.68646
4.99522
-3.21390
-26.14755
1.76587
-2.30702
16.26929
9.50414
-13.87899
-4.59824
0.65624
-0.39534
10.36899
-14.54874
4.85159
17.53283
-4.66885
-2.13086
1.02311
-17.83324
0.19840
16.28476
1.53895
7.52218
7.49050
-26.24854
-1.86130
7.39505
23.39016
9.52570
-15.46010
4.69225
-18.47078
0.50488
18.49372
-15.56702
7.17101
-21.76605
2.42753
5.98076
22.91683
8.67852
5.39523
-6.83777
11.04597
-9.93646
7.09937
-9.18145
-14.50590
12.39620
-14.34422
-2.01193
15.63939
-2.80749
10.25256
4.67149
-1.62535
-14.52301
-8.60826
23.31980
3.30237
-15.64987
-4.24441
7.74277
4.43468
-5.31033
1.44201
-0.40903
-5.12914
-1.46874
-13.19309
11.20049
-4.14304
-1.40625
-16.96496
5.31512
-2.46090
8.46288
11.65055
-8.23166
9.58375
-12.03463
8.46548
16.87834
-4.78054
-6.89083
-0.79085
-6.67431
12.55260
7.51821
5.03750
10.19538
-6.62141
-18.25557
5.15482
-2.60607
5.08420
5.97694
-4.68444
-11.44739
12.37718
1.50156
-17.97473
4.55958
18.74584
-23.50981
12.91621
0.97768
-8.50359
-7.24508
-13.10880
9.02269
-8.44900
-22.48109
-8.18444
8.39153
8.74701
-10.99706
11.64698
1.96823
-2.53019
0.32851
15.64143
-3.64148
-14.02860
-8.00278
3.59817
8.52830
-3.98485
-7.42628
2.52614
-9.25801
-4.18059
6.89629
-0.41306
29.94102
-5.45058
9.35670
5.87474
-2.91844
4.31355
-10.77965
1.61258
11.83951
6.19939
-12.41677
1.20952
0.80291
0.61120
7.48823
14.23973
10.73549
-15.85412
-0.13188
12.32608
11.23377
13.04826
-0.39206
2.06824
-17.53839
5.25990
14.51134
3.32141
-1.44868
13.31125
5.93378
10.37556
-11.58073
7.16893
-9.28626
8.31051
6.28594
27.00658
17.88867
-1.64199
9.88474
-1.75536
-5.95446
0.42090
5.69251
4.52525
-4.68964
8.85611
3.11980
22.45499
-11.99271
11.01374
-1.85495
-6.22155
-6.62961
10.07491
17.09332
-12.87868
-10.54048
1.61807
-2.74970
9.31337
-3.97348
-3.11015
10.05248
-16.29871
3.24800
5.71411
8.15593
-11.03721
7.07573
-15.33593
16.25541
-1.86073
-2.38328
2.23280
-1.82481
10.06464
-10.19440
-4.49466
-5.34077
-5.40857
-9.46997
1.03425
-7.28180
5.08497
-6.56993
14.62256
0.16061
-9.13576
13.70327
-17.52640
5.14281
-10.73091
-9.68542
-1.52676
11.55552
-17.64770
10.75968
-2.35204
8.33216
-15.71302
-12.14755
8.05553
-5.11631
5.43094
11.80237
-18.83735
6.36539
5.42534
22.44294
5.07952
-4.65792
1.18303
-2.10182
8.19841
-1.30039
-11.36016
-8.02620
-5.64235
-16.72772
8.68586
3.36457
-11.31684
1.21234
-11.07317
1.33767
16.85116
5.40591
13.70698
16.28078
0.57529
8.91785
4.39490
-7.70599
-5.45611
-5.49716
6.54545
4.26320
-10.25104
4.35068
15.42933
-20.55972
-7.77655
-8.43096
-3.18336
1.39131
14.26271
8.25681
-5.77936
-2.16681
-1.45146
-3.27889
16.11919
4.56093
0.97950
-7.80960
-18.40121
-11.51399
1.47918
-7.14465
1.82440
1.77794
29.46846
23.04141
6.40339
7.30167
-5.63321
4.68944
-19.56680
9.04551
-0.43997
4.50016
-4.72140
10.66518
16.39469
2.91281
-3.96744
-9.72454
-4.48254
-4.25235
-8.75936
7.01484
7.19798
-4.00223
-1.77218
11.70403
17.32771
-6.37751
3.82286
-11.44589
1.95512
-6.42347
-3.63763
-4.26030
2.51048
4.80689
9.56362
-15.49661
-9.82666
-5.46697
-5.95479
-0.17278
3.68763
10.97647
0.35118
-1.98223
-6.71540
1.67940
14.80060
6.16110
0.85378
13.69247
-0.69074
-12.49057
-3.76354
1.27001
-7.75050
-6.91636
-0.44523
-15.79189
-3.99925
-3.60737
6.73205
7.68521
0.14554
-5.08759
9.12822
-1.96145
-27.89103
-4.35876
14.75302
1.65049
-15.06757
-8.49621
3.37089
-16.30381
2.62263
9.60287
8.29844
18.93896
9.07004
4.82182
8.49630
2.66141
-9.83652
-13.77983
-4.31342
-10.22465
-3.83350
5.45634
-11.45243
-8.64046
-10.25994
8.22356
-12.13917
17.91301
-13.66081
-2.01843
13.39384
-0.07235
4.60550
1.80341
-5.73608
-7.50713
3.39573
5.36860
2.71191
2.27029
-11.32956
-9.44619
-7.08033
-9.96382
3.05777
6.01657
14.49817
7.85170
2.32741
-6.63530
1.61528
-5.24061
1.29656
-9.28135
1.20357
0.76671
-5.63228
-7.02779
-7.63994
-4.78528
9.84301
-11.60233
-4.31638
-4.50394
-4.80244
-11.23547
12.99040
-2.83142
-0.04143
8.96308
-10.24447
0.83139
-15.92228
0.30991
-11.03359
-18.51761
-1.61598
0.00250
-1.80529
10.85714
-3.91276
-12.74783
8.90812
13.08479
-0.66207
5.01736
-1.43721
7.00669
-6.48822
-2.83452
12.79711
-10.87839
-9.82981
3.10720
2.64678
3.64945
-18.36106
13.00438
-2.80453
8.32072
2.81308
11.81893
2.78235
-8.80101
-0.17881
0.04492
-1.12343
-2.14316
-7.98596
-2.75549
8.76699
-11.42962
2.74753
8.48503
4.03115
-9.93008
-10.09664
-0.21422
-14.00939
1.99817
-11.84060
0.14920
-0.22130
-7.88140
-18.42351
-8.69989
2.23030
0.47300
-20.16785
0.89360
-4.00742
6.97515
3.71582
-4.37373
-6.00820
10.12570
-5.60650
14.30442
3.91281
1.38529
17.37088
-17.11952
-1.60183
-8.74282
1.82670
-10.34165
-13.39864
6.85471
-23.47667
9.06235
4.88197
6.86738
-1.27698
-19.62151
-2.05341
0.26803
-14.43092
4.65355
-5.85571
8.85250
6.54122
10.13240
4.19460
-8.55000
-10.99505
2.25755
-10.79525
1.96020
9.99578
-15.84441
-4.46899
6.22408
8.24587
-4.12352
-12.63110
-2.88643
-4.18601
-12.59049
-7.83733
-1.55553
-9.71331
-11.54525
0.13145
12.03097
-3.44637
20.67883
8.98497
12.32323
6.93556
1.26427
25.28685
5.93227
2.65705
-12.74375
2.10221
8.64925
-4.41195
12.57973
5.86528
-5.23671
7.44065
-0.19820
-6.88220
10.14125
0.39444
-10.02377
0.12167
-0.12898
-7.17249
-2.51150
18.19881
-20.81094
-11.70487
6.55496
-4.26249
-11.41521
1.29008
1.70810
1.08856
13.49297
-2.31669
-21.36283
12.29992
-11.55347
1.69126
-1.80445
-6.08278
0.49469
-3.75953
-3.49366
-7.22637
1.25689
17.23954
1.19151
-2.34505
22.86572
-17.36149
-25.12769
2.50118
-0.56500
-1.73497
1.98534
8.32648
2.10016
-14.21139
18.02551
-2.61992
-12.19830
0.67422
3.02722
8.79753
-12.76091
-0.60076
3.79071
11.86810
8.76955
-7.07553
-1.69445
-3.83199
-12.64181
8.49503
4.71988
-22.77477
-13.39766
13.42344
8.78660
-2.03026
-13.30770
12.39781
-7.48869
6.51619
3.10341
2.35233
-17.28914
-8.13332
-3.82724
8.72593
-3.71041
-2.38786
2.58830
12.79289
-5.64473
-10.30285
15.81590
7.24928
-10.75247
-16.66934
-4.11756
-3.20709
-11.14559
2.51417
8.58021
13.00611
6.18742
-12.83685
-7.77737
-5.11427
6.85017
5.19546
13.59901
-3.99115
16.46107
1.07325
9.69279
-1.90855
8.49205
8.71455
-18.78515
-5.39460
-8.86109
3.76751
-1.22731
4.01244
-14.98856
-13.62722
5.59780
-15.34464
3.48364
-0.16857
-19.31361
4.03293
-0.64423
-14.94762
-0.73891
-8.51288
-17.09742
5.87972
-9.97941
8.86209
-14.61915
-12.50708
-4.34224
0.71349
-6.03487
-8.20789
-2.54042
-2.50472
-13.28495
-13.43898
11.42262
-5.68281
23.03586
-4.87692
-8.71747
20.38809
4.34241
-4.37793
13.41766
-2.04574
-4.78017
-17.30215
15.63928
3.09535
3.91881
-7.40617
2.23818
5.01163
-3.08171
20.24723
5.63644
0.78644
8.17144
-3.17130
-1.77064
-0.67280
-6.24434
10.96271
-11.94504
13.45666
-11.12617
-2.02009
6.20250
-6.55444
21.19340
-10.65875
-13.72140
12.59065
-3.72238
-11.10341
0.85275
-7.84102
17.94268
13.29721
-7.79044
15.77237
-1.81773
3.16034
5.12477
-1.92696
-12.63539
-8.50777
-2.22651
9.53675
-7.64017
6.09625
13.56917
-1.17308
4.80871
-9.00406
-3.25223
-2.83274
-4.24067
4.67618
15.62612
11.28330
-11.33603
0.79587
11.98290
-1.63112
-10.76618
8.28412
-3.46333
0.34893
12.47703
-2.40845
-8.97554
6.25134
-15.31354
4.41677
2.19167
-0.53344
-1.94896
7.77347
-6.13841
11.82978
2.49474
10.95045
2.60866
1.67546
2.63534
-13.59831
-0.36216
-2.56228
1.27801
3.86318
-6.48966
-4.63629
7.70584
11.74873
-8.82766
-15.40001
15.00239
0.10840
-10.09119
-9.35958
-23.15387
4.84257
-12.22111
-4.42430
-16.83824
8.50251
-4.63509
-19.17624
-8.59639
-4.36074
4.22813
5.00966
1.68594
3.80107
8.04975
9.24333
-18.49435
-11.20866
-0.04885
6.88980
8.76881
-7.87399
-10.23619
2.74222
-0.74515
-7.05733
-20.28514
-7.82244
1.27005
-2.27999
14.98994
8.10690
10.74117
15.82686
-15.75333
-15.78393
2.81331
6.59901
18.35261
-8.09771
-1.28160
-2.80433
-4.00184
5.06464
17.30533
23.09408
23.40493
10.60988
14.22948
-0.51002
5.23180
-8.33072
5.87642
0.32313
-9.19980
-5.32469
5.77532
0.86376
12.54811
7.74821
8.19896
-1.50456
-1.78590
13.84496
13.75016
-5.72937
-15.56450
-0.55667
-2.71805
-3.46667
1.29364
-12.32390
5.30963
12.90265
-8.79981
-14.92531
18.65275
-8.52371
9.98815
-1.64310
4.17123
-4.20592
-1.45913
15.86894
-8.63122
9.92946
20.45140
7.74624
-8.77549
-9.15338
-4.23066
-22.84852
14.28228
12.87549
-5.86154
5.11892
-10.20042
-2.24015
-3.37536
5.66300
-5.36380
17.71054
5.10333
0.09491
-7.10359
3.25385
-4.94967
2.13888
0.88904
18.16727
-10.86823
-10.85605
18.44169
-1.38543
-1.25874
10.30086
-13.70434
-3.46204
-9.72132
17.10136
-6.34232
-21.30826
-13.48251
4.64253
-3.69800
-16.37603
9.86369
16.06466
-7.11509
-0.86790
-0.36146
-0.77531
-8.20324
-13.37233
-7.17357
11.32111
1.18877
-17.58259
4.44787
-12.89397
-4.82352
9.32868
-20.69281
7.93773
6.66331
-1.83865
20.51370
18.82600
-4.41854
10.90123
0.06097
-4.67484
-3.37184
16.14260
5.34071
15.88143
-12.80732
-2.73861
17.21549
0.08352
10.63248
-0.53520
4.62719
-3.40847
3.29031
-9.07375
1.18211
4.56436
-13.27289
4.56229
7.41083
-2.50833
17.89791
2.20888
-19.90336
-1.26025
14.41588
-10.77798
-0.54778
12.90506
-13.34890
12.68215
-5.12139
-5.22580
-2.37481
3.88208
-11.64684
-5.88881
2.35886
10.28335
4.01947
2.62120
8.91317
-1.50757
-0.71600
-11.43685
-12.84053
-9.59548
-10.96446
6.53656
5.31285
1.91872
2.28892
-8.22267
6.57953
-0.13341
-2.10729
-2.04685
-11.64152
3.28550
11.22912
2.54163
2.51050
14.46405
-2.60625
-10.27081
-19.61190
0.61158
-3.04496
9.60891
-9.00386
7.67056
-4.51069
-23.70565
3.55036
-9.40414
-2.40787
11.65445
2.24075
-4.32727
3.21385
2.71215
0.16964
5.87328
-2.82501
8.43114
-0.89555
20.69361
8.77285
13.68461
2.33186
-16.02752
4.51723
5.97829
1.90937
-3.20996
-10.32761
-13.32891
4.15716
-9.72544
-4.02759
8.14606
8.79772
8.77690
13.36749
-17.48122
13.19141
-15.47770
7.88487
3.32834
7.42230
6.26732
-2.37968
-11.52444
16.36667
-1.91885
6.47127
-8.57696
13.00649
-2.13927
-7.43973
11.12065
-10.80513
1.38615
14.28767
-7.06838
-5.41598
1.34655
-0.31909
5.66098
1.84514
-8.55898
-1.12783
5.25799
-0.45103
-3.24088
-6.86125
-5.26812
13.95265
-8.63328
-16.13384
-13.75061
-3.66004
10.27028
3.06564
-0.06931
5.90835
1.23892
-6.69853
-23.01134
15.80801
12.30609
8.53302
-6.83745
9.61265
6.75446
-7.25543
-5.80668
5.97232
-1.94054
-7.06027
-0.58929
-10.89897
-15.13204
-6.01592
-7.06073
-3.80819
10.84371
22.45697
-4.93304
7.82938
-17.98890
7.53025
2.14494
6.57355
3.97413
-1.89973
-3.95099
1.68542
-1.10730
-8.76580
14.24389
10.43430
3.24444
1.18341
-7.64333
16.63499
11.98354
-21.22467
0.21166
3.60930
19.13556
9.44363
-4.26398
6.16529
16.24836
-2.50977
2.12939
-7.60076
-8.46560
1.61674
-12.08575
-7.08316
12.94423
10.12145
15.00285
0.67558
3.00892
-4.78554
3.98403
-4.68497
2.88385
-5.27244
0.42914
12.57153
2.03034
0.23310
-14.64948
4.06402
-4.84973
-1.65265
-9.15073
6.47324
-14.57809
2.44605
7.40941
4.85918
2.09214
4.38610
-2.73078
-10.57346
3.90463
-5.60330
8.25164
-18.63290
14.37371
5.67681
-1.55189
-5.52805
5.33571
15.98578
-12.12819
2.38201
3.97767
-10.84232
5.85015
-13.37135
-9.59675
-12.26674
-10.02739
-21.95540
0.43196
-18.60029
13.20770
-6.27085
-2.48308
5.17359
16.42178
8.87084
-1.60160
13.58306
-13.99814
4.66208
19.64795
-16.44012
-11.31693
-19.69702
11.82326
-7.06997
4.28085
3.14856
4.93115
8.76576
-3.65431
-19.09008
7.59499
10.20063
-4.60399
11.96734
12.11447
2.66349
-0.03804
-12.23490
10.81614
5.68355
5.06931
-4.34912
-9.76841
-9.71455
-7.30419
-2.74243
-3.09667
-4.83824
16.28094
11.10486
-6.48470
6.35580
7.35153
-0.28493
-12.00601
-1.35664
10.59628
-1.08878
3.63411
0.17015
-1.55532
-5.81334
16.18922
-1.81429
-10.23781
-1.70238
3.64905
6.51805
3.94527
7.45770
1.20419
4.01619
3.20445
-7.93069
-3.34124
-0.11341
-0.94279
-14.87419
11.86682
-6.21923
0.43629
-5.57156
-15.16484
8.92738
-10.05232
0.66483
6.47119
-15.36843
-1.80548
11.30333
-7.31661
3.74519
5.45428
-11.22444
2.98774
-1.12490
-8.38458
12.79017
-4.97838
0.09818
-5.37738
-2.70231
-6.21393
-18.68543
-11.05114
-2.55755
-0.90473
-2.83681
4.90598
5.88764
21.65904
13.97165
-16.04511
5.32542
-2.12428
-0.66304
-14.83745
2.91234
-5.01415
-0.41408
-2.03165
-9.06323
-0.57032
19.46393
2.44995
-4.31655
-7.89045
5.81486
7.37348
5.70302
9.35367
3.82965
-13.09841
5.68329
-9.99005
25.10312
3.21296
-7.71786
6.32421
18.20494
0.17238
-3.27142
-0.00743
6.45093
4.29192
4.50938
9.01426
4.76141
15.73536
-3.85735
-17.85677
9.91426
-3.71400
-7.54934
-18.51931
10.96055
2.26907
10.85926
1.86104
4.48550
15.41686
-10.90993
-13.80888
6.12459
-1.71578
-8.53847
5.20847
-15.22377
-5.00228
-0.46264
-3.30130
1.83966
-1.20031
-1.70130
-6.36702
-12.19089
14.42992
-15.54102
4.03551
-16.51018
-16.94429
-2.84846
9.63309
9.63894
-10.11679
0.67687
1.06705
3.90557
0.59621
-7.91767
-1.56395
3.21631
13.69669
-5.13551
12.55011
-4.59277
3.29962
0.10886
-13.93896
6.14931
7.82609
13.35274
9.95979
-4.21071
-9.04114
-14.76750
15.73334
9.92902
0.07827
9.00111
3.59073
-9.21417
18.07352
12.59582
12.53240
-14.13512
0.08504
-5.09460
0.44328
-7.22318
19.48195
17.82297
8.78523
4.74124
-2.23662
-1.10659
-6.06330
6.45933
3.48605
-8.08363
-0.60308
0.52969
-11.04747
13.46564
-5.39002
12.21394
15.04847
-7.11140
-6.53384
-10.18309
-11.96209
-7.93824
-1.55205
-7.97480
-2.13883
8.11041
-3.62596
6.99918
10.89349
-5.35881
5.55133
2.23525
6.93146
1.42882
6.27261
-11.84911
5.31773
8.43241
-11.46934
-8.57374
-9.85121
-7.38236
-4.69666
7.37840
-0.14961
-5.20641
0.36891
-3.83816
4.67216
-8.98861
-13.48714
-18.94980
14.80323
9.82243
4.07482
-1.57735
2.27619
1.81861
0.52378
12.04482
0.27534
-3.86394
-6.28595
-11.40588
2.58941
2.98965
-3.73371
11.87714
0.40431
1.48745
5.41453
-4.93596
6.26002
-1.11438
-12.31461
-15.79758
4.35054
-5.44966
-1.79919
-4.14867
-0.37239
-1.57589
17.30347
0.80199
-2.44654
-9.40364
22.89416
-0.40255
2.02423
-3.36350
6.58127
-1.78849
8.23131
-1.98082
6.43721
1.06041
-12.63229
-0.55628
-7.79999
-15.72682
9.90894
-12.29368
-0.04140
-1.89482
5.81156
-7.41990
-2.92662
8.89889
-14.57864
-16.53564
4.31812
6.89931
-1.52608
4.47098
-6.39552
3.77624
-3.15125
-10.86100
-23.62620
3.49530
7.70100
1.26759
3.18561
3.04749
8.58194
-6.61305
-7.00238
6.72775
-14.98355
11.65789
-0.21334
-8.13900
-5.11845
2.23276
-5.71261
1.39758
-8.06979
1.09100
-10.86825
-0.55365
-14.98889
11.78246
0.67980
13.61268
-2.40490
17.18943
7.33874
-1.65346
21.83661
0.98956
0.70165
-0.78210
0.15430
3.32959
11.11220
5.12609
-17.11585
4.31255
2.39177
3.45133
13.01924
0.05440
11.43460
7.48580
2.60782
12.53710
-7.75303
-1.92821
6.10401
-22.99541
-22.03495
-3.99552
-8.30082
-2.38923
-3.68384
-10.97099
-13.18769
4.51847
-8.47864
-4.54551
-8.29592
-21.01959
9.67288
6.19084
1.24896
13.68387
-4.27990
-3.00008
-1.15343
-14.93883
-1.88698
-5.18863
-9.97567
-7.40192
-9.43469
1.19861
-7.86772
1.06051
4.28016
-8.60305
0.82902
-10.70948
0.55376
1.75521
-3.43568
7.82030
-19.09160
3.81111
-4.57259
-3.89057
5.61256
1.60496
-7.85440
13.58309
-9.90364
2.26958
4.83398
-1.28332
16.10112
-4.47413
-12.92068
1.63236
16.19175
-19.72451
-1.22371
6.63655
4.21191
9.81057
-1.30132
-0.47979
-7.20977
15.12503
6.24180
-7.54581
12.51299
7.87677
-6.68636
-2.05201
9.76781
5.38746
-16.07500
6.24545
-3.07884
1.66638
-8.08542
5.19332
-1.62246
-10.31675
-20.48700
-1.94594
1.83791
22.52373
-6.54082
-21.05498
1.01632
2.90087
13.55112
14.52783
-8.41996
14.25188
-5.09516
-3.70779
-3.50700
-7.71194
-15.50218
-5.93433
5.25055
-9.39278
3.95198
12.48967
-5.17311
-1.49060
-9.60872
8.00349
2.52669
-5.71630
5.76780
-7.43872
6.03385
6.91824
3.04101
12.51642
5.37963
-3.06272
14.57763
10.13523
-10.63995
19.10097
4.04732
10.28247
-13.65399
0.69950
22.81383
9.06113
9.27133
0.75769
2.34042
11.07657
9.67697
-0.45200
-0.22691
-10.05133
-0.67399
-2.77780
10.84971
-10.54686
-5.50483
0.90791
13.30797
12.37939
5.41760
-17.14226
14.61428
2.42595
3.14031
6.12249
4.56769
10.44748
7.60418
-11.50716
-11.10305
-7.93399
4.55351
-3.05755
5.60862
8.74192
10.75085
-2.69926
-19.96351
13.00202
1.16487
-8.29461
-3.62855
-7.47298
9.90007
-5.26498
9.32576
2.80287
9.69925
6.77622
-3.99965
6.31545
-5.65775
4.01351
-9.69942
-15.85646
7.69916
0.02484
5.15480
-18.61888
12.22590
11.84355
1.39624
2.54339
1.15296
7.89922
8.20623
11.37651
3.39722
2.90528
2.61267
-5.28322
6.89829
-13.95750
-14.31843
-5.75341
-0.51557
8.42532
3.66590
13.19782
4.41532
9.19894
-16.32113
11.70117
0.81465
-8.04257
13.40102
4.98194
10.09860
-2.02956
-12.60854
-2.83428
-7.54788
-14.67785
-2.97872
0.70318
-2.98875
-1.38750
-2.27169
12.54242
0.48627
13.59308
2.59432
-7.17856
-1.17335
-9.85268
-4.79161
6.15776
-5.51954
-15.08306
-2.50938
-4.95649
1.86496
-8.07014
1.74152
-1.83930
1.63883
11.86348
4.98312
12.65354
-10.31266
-32.81336
-20.76189
-0.07959
1.22002
6.10070
-0.99638
-5.44622
13.01012
15.71087
1.87875
12.24541
5.16362
13.19746
1.36803
-3.13871
7.37347
21.03935
12.36304
1.34791
11.46981
6.01003
1.71835
-6.75793
-6.05352
-6.05792
3.42362
19.01762
13.97887
5.51357
-13.25238
-4.51246
6.97549
-2.07667
3.63074
8.77838
-3.71892
8.00847
-0.21838
-3.26657
-4.67190
-8.60758
2.23569
-1.34226
8.10172
-7.02921
3.27269
-0.93172
-1.89749
-8.70485
28.35087
-13.32096
-3.26123
0.17647
-1.54819
-4.87013
9.00463
-0.35565
0.82725
-13.10175
5.69728
-0.11462
3.09328
6.68590
5.41542
-25.16021
-1.82065
-9.97253
2.48496
4.90022
8.11296
11.91087
3.87128
15.25999
-10.91702
5.33996
4.60427
6.98526
-21.76390
14.66466
-3.13908
-10.17183
9.81358
5.02296
12.63884
14.06465
-6.41226
-5.13192
4.11136
-2.92743
-10.83699
2.03645
-3.27763
14.73188
8.29799
-9.30063
-5.22161
-4.81788
6.39405
0.13819
8.90737
-5.14375
3.01707
-7.40444
-2.07507
9.32429
-14.37669
1.79777
-8.15220
-11.93369
-7.62953
2.71743
7.19438
-2.50199
5.83309
-1.69285
6.99279
7.58071
7.09557
10.65059
10.16369
-11.79918
5.21084
8.49299
-2.49223
10.77295
15.77080
-4.67075
0.55752
-7.93748
1.01445
-0.19764
0.87170
-0.50810
-9.72444
6.00970
-7.00202
-10.68399
17.12376
-3.41970
-4.69781
1.68822
-3.19880
-4.82168
-7.64290
8.39740
10.54276
-12.18846
-1.92229
4.45624
-0.69665
-6.56732
7.34351
14.99783
-0.91116
6.31973
3.62844
3.79421
3.68110
-3.46737
-16.85841
-5.16834
-3.27665
3.14527
3.03144
-12.21308
-6.86611
3.51222
0.72672
13.64193
11.47244
-9.11814
-3.35309
7.42323
0.52293
-0.35978
4.43827
0.71476
10.89315
-4.52453
-0.88787
4.32444
-7.10158
26.44846
-11.57782
-13.47579
-5.95336
12.33345
-5.95861
-10.89336
5.93811
12.55940
-13.14381
-3.59780
-16.54434
7.07254
7.42347
1.37701
-8.80699
9.33831
8.17715
-2.84567
13.48943
6.38484
5.31471
-23.77469
5.67621
-13.48969
11.91199
-10.99398
-2.42536
2.27217
5.64267
10.97763
5.08932
1.72451
7.04294
6.37737
-2.67451
6.34466
-9.36906
1.48308
6.92922
-2.96484
-12.26538
14.22120
-1.07571
-3.84396
1.69810
1.02056
0.46989
-5.86768
8.20659
5.90334
-3.39815
3.87888
-0.36723
-15.44189
-24.93998
3.43354
-8.84494
7.95775
8.56489
4.75449
20.20662
3.12834
-7.46084
12.89923
9.17715
2.72844
-14.54798
-5.53123
-0.73629
-7.51106
2.89317
-5.53152
5.36254
1.72418
-6.37297
-18.24941
4.64590
6.41518
-14.25722
6.49877
-11.20670
5.18822
15.64761
6.69572
-7.34455
-8.21531
-12.34903
-6.42574
0.36408
-0.48583
-2.19127
-9.65364
10.54602
2.70408
-22.50943
-4.60455
-21.73855
16.90871
0.71559
0.06434
2.64550
10.95370
2.48410
13.30781
-1.11185
-18.68000
17.56507
3.12926
6.22281
-10.31798
-2.50735
-2.10532
9.24239
24.27652
-3.58447
11.44759
7.69885
16.91195
-0.70633
-10.45838
1.35757
-11.28494
1.89501
2.48357
9.09596
-6.04652
-4.61472
13.17287
10.48479
3.30360
13.63876
-10.69437
-6.18614
5.23680
-8.89731
6.86212
3.82321
4.82931
-11.41467
2.88802
-0.95662
-3.87307
-13.16060
17.38687
1.44020
-4.65852
-3.72404
4.27658
-6.98272
-19.59412
11.51957
-3.24002
3.56446
5.94911
-11.48074
5.88395
13.16138
7.54415
-5.86938
-3.61573
-21.33773
-3.28876
-12.89463
2.57100
-0.11465
-0.28140
1.54766
-6.71431
-5.99292
9.98019
-9.12387
-8.52652
8.78794
-17.04404
-13.37591
-0.55643
-3.76930
-1.57687
6.59360
14.07857
-21.37206
-4.95557
-17.42713
-17.33309
7.93392
0.43920
-18.29161
-1.97017
-3.89826
-3.96274
-0.57526
-3.54694
7.27714
7.68279
15.05688
-14.53334
-2.43269
6.27904
-9.50740
11.32013
-9.52978
-8.61781
-7.23594
4.33009
-4.03745
8.13427
-8.23887
-8.86206
-18.91426
-7.16286
5.20367
-5.04684
12.10719
10.98479
-7.70616
-19.55803
2.44811
-7.77223
-15.22847
4.33110
14.81417
-1.81878
22.33485
-3.01684
-18.20327
-15.97732
10.85530
-6.66551
3.43814
19.81897
-17.29185
-7.86274
3.99595
8.57725
22.05192
-7.70132
3.47328
9.93454
-4.53668
-10.53578
3.08320
15.49484
10.38392
-7.13647
11.78787
5.04416
12.45806
3.31199
7.79100
9.38254
-7.75134
-2.09425
1.44508
-5.82022
-0.89190
-3.90927
-7.47114
-0.02370
0.44354
13.97387
15.90253
9.59066
7.01275
-14.37490
1.28903
1.75555
-6.84303
1.31920
-8.99776
6.27937
-8.71751
4.26192
0.67970
-8.46260
4.61879
7.91987
-3.61981
13.22078
-1.91577
-20.74943
6.74278
18.75862
-4.12641
-11.51396
-21.19899
-5.17062
16.76311
-1.94295
-11.05931
-8.77427
-9.59377
3.90702
0.18083
-2.45453
1.83370
3.99244
-0.89745
10.57798
-9.70335
-12.36837
-11.23816
17.62492
-2.53852
-21.42444
-9.62579
-2.87582
-4.26120
-17.20012
-2.36450
4.60088
13.34420
-10.66382
15.39145
13.26798
-6.17145
-12.38290
-5.00606
-3.51308
1.60656
-13.35527
9.26305
0.76227
1.08491
3.88517
-17.06731
-4.17161
-4.36491
1.91408
-2.43729
9.12877
12.17975
11.88186
-4.97406
-6.48813
8.07344
-6.46697
-8.22684
18.59035
-4.18324
-1.15946
-3.21812
-5.68791
-5.54597
-5.72714
14.05522
-4.62780
6.16445
7.54009
-15.61542
7.71414
-9.89019
0.19333
22.84298
2.89836
-7.84854
6.40085
-5.84761
-12.75996
-2.25847
3.34592
-0.92659
-6.21241
5.66035
15.86927
-3.16747
5.10223
2.12949
2.44785
21.89574
-1.08116
-2.47611
0.94626
6.28033
5.66480
-15.46149
5.42533
5.16781
-2.48897
-14.07485
7.64254
-18.67953
-12.25907
14.12610
-15.90179
-5.97813
0.23303
-1.28375
6.28091
-6.94124
18.02184
-12.73271
-6.18692
4.54795
-12.63162
-10.09684
11.46719
-1.61365
9.06411
2.98949
-3.20348
-4.51719
4.36491
3.04210
-14.98645
5.65034
18.14170
-14.44986
-13.42451
3.62929
4.35050
2.92067
0.20364
4.75685
12.86381
-0.62854
-15.43922
-3.31743
17.43490
2.46056
14.02111
1.55222
-3.14022
19.59047
14.18005
-8.96478
-11.25792
8.24712
13.11938
-10.65736
13.37365
3.18060
-21.25168
-12.03861
-11.87596
8.00800
-1.30679
10.01406
-8.27626
-14.69761
-1.90655
7.20835
8.74353
-5.91682
1.57301
8.42177
22.11222
0.32247
0.73888
11.99663
-6.06228
-9.61466
12.54748
14.42888
5.04390
0.70266
-7.16390
-4.08094
-8.73859
7.73327
1.89350
23.21963
-3.34928
7.68583
-0.74173
-2.12721
11.50652
4.79028
16.02667
20.98301
1.46546
-8.57760
0.69943
6.37111
0.36185
-14.22184
-17.13506
-11.51911
-14.19284
-8.95940
15.65957
-11.86726
-13.96455
21.90271
-5.63812
-1.91582
-13.33173
-2.93538
-8.55262
9.59253
-5.54166
-4.27902
-13.04066
2.51078
-6.30853
5.05024
-24.09345
5.57160
4.73782
-2.22623
-3.62933
-3.96392
2.42170
2.86439
16.52964
5.76486
1.60148
-10.31543
4.29241
1.95614
5.30296
-4.69561
-1.89515
-8.74188
-24.36000
11.25835
8.65827
-6.45881
16.47704
7.34074
12.09831
-6.01092
-1.27459
-0.16360
12.23397
7.43281
-0.89201
-7.64528
-19.79316
-1.71080
6.08581
1.14922
0.02702
-0.20174
-2.89067
10.80333
8.62867
-0.86379
-20.90923
6.13602
-1.06367
14.21716
-0.86666
15.48007
-10.93497
-1.05143
-7.26282
-4.05473
6.20227
10.31705
3.18058
-9.72398
-4.52748
10.18908
-1.20516
-10.97632
2.88550
-15.36997
-5.31432
15.79301
10.04682
12.96042
-5.77229
-4.63248
-4.54483
-7.56993
-9.44313
-6.48977
-0.75985
-0.11104
2.95557
-4.42063
-16.63475
-4.47422
9.61408
8.87888
8.59958
4.68498
0.46727
-0.32297
4.57073
8.47330
10.65289
0.37730
2.02719
-6.65187
18.99450
-0.29834
-8.67769
7.79386
-11.63188
11.22849
-6.08702
9.29258
4.44504
-15.01240
11.62916
-12.96204
4.38963
-7.16581
11.21381
-0.91737
-17.97641
6.48794
2.75602
-1.04474
6.02422
9.53948
16.24694
0.63575
-11.33738
2.24738
20.55311
-10.31376
-0.04918
15.80760
-7.40412
11.19317
-6.50780
-23.99588
3.79209
-2.71742
-0.60468
4.68575
-4.96742
1.17764
11.87322
-8.83995
16.09239
-0.94029
7.18230
4.70231
3.76781
-6.44255
2.27269
-3.11957
-4.04039
3.09492
0.83651
15.84670
-1.64180
4.37788
-14.42054
12.46820
-3.43768
-4.68103
5.83568
11.12506
2.65410
3.81543
5.83150
3.69190
4.85024
-6.85617
9.95541
-0.87205
9.77545
-15.86209
-2.23572
-0.00358
2.40185
3.95222
-10.99011
-8.34906
-17.37332
-1.78024
3.33614
-15.90076
0.01899
8.99855
-5.70090
8.22547
-3.87549
-0.98383
1.26670
-1.43143
3.68683
1.03428
-1.43016
9.53200
-21.65049
6.04576
15.14105
19.30326
-7.63504
-2.96020
4.92717
3.04204
12.43090
3.91364
20.97040
2.24074
-1.13257
3.73848
12.95018
-0.08193
17.92899
-3.38325
-2.95746
0.57636
-7.67046
-4.85591
-19.91388
-7.15524
15.85096
0.59056
-4.98675
-23.92975
3.12792
-10.80056
25.38959
-0.84366
-3.01416
5.56992
10.34276
-1.70208
13.76051
3.90144
-21.23170
4.71326
-7.38884
16.70411
7.91673
-4.66792
-11.77569
-5.28929
15.50738
-2.29096
-8.27998
17.01137
-3.74005
6.20152
-6.13674
-12.19129
9.10123
-16.42782
-12.96508
-1.29214
-3.06545
-3.46174
-16.97984
-5.85662
-8.98099
1.74041
11.62375
-16.55074
-3.08681
-19.63469
16.97041
-16.26384
-0.15047
16.50994
23.45854
10.83473
-13.83375
-1.86450
3.77236
2.46740
-1.96213
-3.25884
10.37663
-3.48566
-11.77645
-1.74228
-13.88806
7.88083
-9.79346
17.41045
-11.90763
6.27059
-0.99351
11.04479
-7.75441
2.23758
-11.66490
5.47109
12.05376
3.71154
9.51042
-23.16534
-9.16599
10.99380
12.66836
1.81891
-7.64137
-19.21207
11.22745
-2.26864
-9.56363
-5.41242
-18.35467
14.38232
0.06690
-20.29061
-10.84867
7.53331
2.84596
-9.75268
-12.46925
-0.06773
-2.62731
-13.12812
11.62145
6.44903
2.80726
-0.75633
-5.74425
1.51275
-5.93498
8.26638
12.33381
-14.69044
-4.69093
-12.95571
-0.36780
-1.32943
-1.83900
-13.32354
-4.13342
-14.57430
-4.01110
8.60332
9.09661
11.04268
20.58568
0.77387
0.67199
-5.16589
-15.38736
4.50235
3.32302
-4.86126
8.38059
1.54350
12.79416
5.42533
-12.50866
-12.50283
-5.70695
12.51053
-17.80027
-2.21643
-15.68511
-6.57469
8.61361
5.32655
8.49000
10.29176
-1.93438
-14.28174
-6.74332
7.87133
-5.56087
12.62780
3.45895
-2.91662
8.65256
2.11210
5.49408
1.56427
7.42342
-7.60181
-2.23701
-21.76432
1.15818
-4.17971
11.45546
7.02946
-10.22895
15.12639
12.82425
0.00673
5.41344
-6.86309
-0.55939
-15.56547
1.54448
-10.53353
-3.29669
12.51014
-10.20401
4.04145
-7.65923
-6.75466
7.64975
8.86443
0.27507
1.96916
3.69131
6.73854
-7.31359
-16.20931
6.02588
-1.52149
15.09854
7.28897
4.04682
3.11922
-9.75015
-19.74413
-14.11236
8.07854
-7.22280
10.42361
-2.78130
-9.45894
3.13282
-9.52632
-13.19871
6.53135
5.58837
8.68338
3.51158
-10.29238
-7.21527
-9.79721
-10.05221
-20.27598
-20.95088
2.29602
-17.00734
-1.01786
5.00382
1.42314
-5.80794
5.15844
-4.43133
-14.40962
-11.65364
-9.35269
3.69341
1.94683
12.85941
-4.47285
-17.97154
-11.72086
22.24400
16.37050
14.52048
5.49125
-1.78824
-9.10197
12.70700
-2.26196
1.91325
5.81542
-18.74113
4.38442
-7.72832
-7.15266
-7.54498
-2.00316
1.09371
7.68297
0.52005
-20.57791
-3.67818
-11.93673
8.21231
3.53951
6.24532
-12.95069
21.24917
-18.28662
-3.87976
-15.53044
-6.24694
13.34329
-5.50203
1.59026
5.36208
-9.08893
-3.40632
-3.34900
-5.09791
11.03693
-3.68198
0.63964
6.05380
-2.98608
3.64139
-2.95396
-5.91779
1.10396
1.03611
-0.37175
-15.31449
15.05465
-14.74496
3.35256
-5.12071
-2.62998
-3.24505
4.87398
-8.94058
23.08082
9.82392
-2.10085
-16.39526
8.49239
-7.67054
-0.17530
-6.86006
-4.59050
7.60448
-3.27669
-10.42030
8.10177
19.04383
-3.01284
1.27152
-0.03402
-2.40745
-0.51654
-2.82178
2.09470
-1.39390
2.73366
0.52492
5.59178
1.31842
-2.88930
11.32617
-3.58812
5.16550
-18.13405
1.51571
-14.65161
-5.42349
-16.55473
-28.66594
7.48973
8.69259
9.23436
-8.48753
-1.71275
9.52335
-7.64240
-8.09929
-10.41385
-0.22829
-21.15158
-5.97586
-0.29146
-0.23710
-9.05352
11.15881
-10.63606
-2.50124
1.51647
1.56459
0.37684
-12.94519
-19.71030
14.20694
-7.27691
14.55054
2.01883
5.92718
-10.53051
-4.07445
6.55462
4.67248
-3.30592
-6.45439
8.79883
-13.86370
-5.15567
-3.74659
4.54735
-6.12078
-15.82661
-14.14884
-29.89011
-2.63823
5.28158
-24.74920
5.94377
-19.44665
5.72745
1.45573
8.85137
-11.18678
0.53814
4.66881
3.40103
12.89910
-9.28131
1.77187
7.45531
-5.91781
2.59529
-3.36010
-16.20286
-4.04268
-1.06941
7.60156
-1.25829
19.17615
10.74380
3.19884
-2.07396
-7.87690
-7.29248
15.32127
-18.93493
-16.65364
-5.96150
-5.24736
-2.40836
-13.92216
5.63885
5.78238
2.11268
-21.91977
-15.61977
3.04300
-0.48493
4.86135
11.52036
12.38265
13.42998
-21.42534
3.69746
8.03559
-0.94007
-18.85084
0.88304
6.14203
-37.52841
-1.35267
13.90071
3.39192
0.25258
-2.06082
2.92000
-12.38221
17.87157
-12.28313
-2.84051
10.44137
-7.46148
9.60633
10.56218
-1.97379
19.38572
13.14792
-3.85588
6.02485
7.65278
8.57714
-0.62042
4.43697
-6.47041
6.44180
-5.27217
-25.21051
-7.87733
6.90262
-7.53963
13.22721
-22.59198
-9.12711
-3.72892
-0.19241
14.86742
-7.23661
-1.52437
-5.10314
-9.79933
-6.04130
4.95864
-4.00502
2.06086
-13.07561
-7.22309
14.60461
-15.63588
3.21779
8.95424
-5.67095
-4.43433
-2.64704
-15.99645
-5.30381
-14.10143
-3.60855
7.06586
-5.55669
-5.24201
-3.80472
4.82595
-14.66075
11.50387
-2.85378
13.66563
6.50055
-8.75635
14.43265
-10.95173
20.27919
5.21922
15.09297
-17.49648
5.30064
-2.06011
-6.35676
8.59866
-8.63396
-14.01958
4.24717
-1.43034
4.75823
1.39241
-0.70782
20.36469
8.72797
7.82474
2.33930
11.92812
-1.99400
-7.15246
-10.41396
-7.25701
-0.19909
-2.92339
1.88407
-3.84722
-1.30490
-8.04980
17.12185
-1.17049
-5.40455
-14.40061
-6.11104
-0.21513
-5.97514
12.43708
-0.24062
-1.86123
1.13492
3.99481
14.96500
-9.23848
3.21622
8.83349
-2.21264
-3.60528
-8.67853
-5.71126
-8.17995
4.14382
5.43556
39.09905
9.90016
13.12543
-7.86771
-5.38222
8.58893
2.74387
-1.54920
-15.61547
-6.02762
-9.57508
-1.75279
3.07200
-1.60285
-9.66090
1.88417
-0.08528
-1.28025
-15.25600
6.31431
16.47128
-10.01175
4.19276
-10.04054
2.88548
-10.78567
-0.87873
5.93711
18.78867
8.92252
-8.88260
-0.34045
-4.38237
6.08442
-15.23265
8.09180
1.25988
-0.40632
17.31112
12.20761
-8.24583
-9.85693
-6.47454
-12.02280
3.07616
12.87545
-0.01483
-1.20570
-0.11423
10.78987
-1.95826
2.23819
-5.67895
5.17375
-12.46724
-9.04706
-8.47908
8.23561
-2.35195
-9.92840
-20.20599
-1.61889
-11.47707
2.38526
-9.53577
-0.82268
6.19288
-5.84008
-4.93956
-0.25489
-5.67954
4.99633
-18.04281
-14.88939
8.85642
7.56952
-2.04757
10.68833
-3.50939
12.72048
19.90711
-9.16122
-3.44418
0.65352
0.38510
-9.82541
11.51086
-4.37691
-13.30731
3.11765
5.65599
32.66642
8.35509
9.74835
-0.85844
-5.69983
-25.46017
-11.30516
-0.35398
14.04800
-16.21863
0.20881
2.56965
9.47474
3.78928
4.75070
11.88226
2.25698
-1.83145
-10.48631
0.26081
-13.81490
17.43304
0.85384
3.15900
-9.71603
-0.38911
4.44985
-16.58507
-1.63894
2.36902
-2.98662
2.43666
9.51719
-8.92561
-20.78354
-3.45184
-1.22896
1.67624
3.99663
-19.33937
4.26260
-1.10964
7.68087
5.38608
8.09431
1.37549
1.94582
-14.84907
-8.17363
-0.24836
-8.41510
1.30024
9.74753
1.08923
-15.18060
2.42625
-13.27596
2.27542
-5.01102
2.09234
15.32726
-5.61331
-7.75940
1.65403
-1.17331
-8.31209
-8.32562
-8.28118
-1.35656
-12.56978
7.33728
14.38527
-0.72096
-22.77784
4.45939
1.75798
14.43323
-11.82984
-12.27533
-0.22969
14.23518
-14.08425
-14.29086
-11.58799
2.79482
9.64071
7.43884
-11.10294
-10.94135
-9.36778
7.84999
-16.97309
-16.16143
-7.38357
-27.67010
7.38605
3.40068
19.80027
3.22922
-6.37180
-5.21287
0.65578
2.47617
-7.50798
-10.13748
-5.58174
-9.30754
2.40783
13.88949
-12.34266
-8.05497
0.45209
17.17140
13.09337
-4.02265
4.77618
-5.65583
3.72961
-1.07451
-13.75977
19.92717
-1.34023
4.84964
-13.15589
2.49517
16.07335
11.42981
-4.55769
-0.14762
9.82757
6.19161
8.03302
1.37440
13.94644
7.25825
0.20819
-14.80524
-2.63367
-3.93224
-11.40676
5.10962
23.78226
4.70570
4.70699
4.80061
-23.82347
-4.87452
1.84423
5.95205
-0.11715
-6.83665
-0.95869
13.56040
-11.02918
-11.24722
-4.66156
-3.50207
-9.84833
-1.68109
-9.57980
-7.09715
-13.38181
5.15692
-5.34669
-2.81237
18.79359
3.76499
-10.56763
15.52722
6.62373
-3.71511
-3.46139
-8.37264
-8.75291
-1.84139
-15.21864
9.19834
-11.11691
4.30385
-6.13236
0.97778
4.10040
-3.08369
-3.28890
-0.62728
-3.12393
-6.87243
10.88567
2.62352
-12.11327
-4.67886
-4.57216
-1.17879
-23.04156
-8.09361
-7.22907
11.65949
-2.86123
3.43928
-4.24878
-1.44810
-10.86240
7.08936
-24.19317
-3.25837
2.89025
7.91622
-1.31455
-5.25573
-8.23162
0.30497
8.20097
-6.02294
-4.17951
-5.99038
23.60987
6.47252
-21.35923
-1.03807
-12.53992
-13.50079
3.89143
-2.60259
6.55892
-14.05178
3.20441
-0.59136
4.16383
12.13544
-10.47527
-16.28180
-13.92444
-11.85156
-5.68586
5.84426
-5.98474
-15.41010
0.59432
4.20827
-24.54899
-0.77238
2.88987
10.97163
-2.11181
6.70995
-8.85793
-1.14730
2.88791
16.09867
9.45754
-4.69704
40.67944
-12.32949
-5.22166
-4.33426
13.49802
4.58682
0.35047
-4.36989
-0.87696
5.14850
18.99762
-14.56547
12.04361
-13.27643
-5.06677
6.95071
-14.07620
29.87531
1.09173
15.08735
-9.53129
-2.44609
4.73125
-2.11701
-4.34426
2.43839
-13.50266
0.54912
-2.08153
3.29045
4.44643
-0.70907
17.16292
17.78653
0.87118
-9.45074
14.38757
-8.86457
-16.00559
1.45730
-0.61713
-8.96394
-9.20240
-9.85864
8.44906
15.10192
-4.22001
-20.18067
2.00107
-5.98677
8.14303
17.86703
-9.94931
-1.73923
-4.33145
4.94992
-19.36950
-3.09487
13.58481
-3.80468
-0.31795
12.75490
-11.44858
2.99286
11.07322
9.19592
-8.89335
2.00057
6.97326
-2.47869
-17.77488
8.18758
-7.51892
9.03135
-9.57885
4.11438
-4.49760
11.45616
-16.72099
-1.98134
9.21961
8.59294
13.04594
-1.71899
-14.65858
-7.01740
12.75712
3.13039
-8.56313
4.88543
4.97967
-5.55422
-3.24815
-2.90611
14.74596
-5.50688
3.20329
-11.59895
-2.29995
-24.31096
9.11791
-9.26754
7.72123
-7.95141
-9.54209
-1.55827
-11.79134
-9.85648
8.96961
-3.40796
-16.33362
-6.33622
1.67008
20.21662
7.72029
-1.25480
-1.46553
15.88984
-5.22990
12.20786
5.85812
5.35923
5.50772
10.79907
-5.92187
-5.27860
8.90259
-4.80920
3.83056
-5.99851
-2.91439
-0.39758
0.71483
-1.21482
5.88009
-5.09811
1.73208
4.06990
19.35493
-4.82704
-12.49519
-4.12579
-21.87473
14.09338
-3.74827
1.98419
3.69271
2.88671
0.78220
6.19799
15.88765
2.68610
-2.03543
6.71481
17.35485
34.05404
15.52137
-2.06372
7.75163
-7.46787
15.80037
4.93680
1.33941
9.92451
9.40539
-10.89541
0.09200
0.30205
-13.11498
5.14614
-14.27423
0.08514
-1.29268
9.44425
10.40482
1.72996
-16.76782
-14.90907
3.68612
2.56326
-7.37449
-19.23206
-0.61308
7.86013
8.68607
5.74806
10.38885
1.24813
10.08648
-12.29173
-3.05751
-6.21473
2.03439
-7.93915
-9.99549
-9.27997
17.55250
-9.28592
5.45947
-3.64152
-8.14811
-0.87352
-1.48553
15.59796
-5.96293
-0.04379
7.54867
11.24655
-2.34766
-11.00104
13.17065
-3.84465
-10.40064
15.33031
19.57422
10.03731
-16.96224
-1.87474
-12.57636
4.85043
-1.16956
-22.94402
4.86300
-3.54516
3.06494
0.22242
13.77111
-0.30548
3.90780
-5.05735
7.23970
-3.80673
-12.81591
-8.03853
9.10055
-8.67571
-4.07819
-3.93707
-1.09663
-9.78672
-0.43049
-10.19266
-0.33711
-17.59214
-19.54227
5.82135
12.03637
-9.03234
5.08862
-6.50667
-8.40596
-16.00345
0.72573
3.23794
5.39502
-3.31350
-3.07809
-1.84834
-3.85220
-3.36679
4.64114
-10.66117
11.59680
-3.85627
-2.07173
-19.53184
3.20980
3.61818
-7.83167
0.73695
-16.48463
14.87652
15.92952
-4.55278
-11.27598
8.91400
-23.64570
11.46996
-8.10298
-2.13260
-2.91194
-19.71536
0.17304
-15.78713
-11.62008
-12.13985
-4.47529
0.46540
1.67718
-7.52252
0.94183
-2.92120
2.91698
-1.68979
-12.64717
1.89130
-4.05551
6.87633
5.85139
21.32566
7.43009
-2.07429
21.28512
-0.15388
7.77188
-5.60988
1.82027
-13.08452
-14.30806
-4.61027
8.89449
7.26979
2.20278
21.00108
-18.58274
-3.65131
14.42127
13.24110
-7.72539
16.04773
23.24088
-9.56123
15.42161
-8.34484
-5.33479
8.14511
-6.37419
11.97171
-5.15031
-0.09803
0.12767
-1.97400
7.06136
6.32448
1.25378
11.46240
-12.29526
8.02764
20.51518
3.08838
-4.26512
3.45918
15.86457
4.39743
-1.49573
1.03010
2.80503
-6.58085
7.48169
-2.21017
-4.58207
0.17576
15.31589
-0.13640
22.30401
-2.75726
-16.62179
9.14534
-7.19630
-1.25685
9.56165
7.25577
-13.98406
1.49174
6.01532
-1.60781
-7.47718
5.36363
13.39448
-2.93824
7.85251
-0.95442
8.28856
3.98218
2.86559
-13.91153
3.55901
9.63722
-13.44655
0.87223
-17.15548
9.50909
10.73540
1.95166
-13.57708
-15.42887
3.55402
-4.16392
0.22158
-8.60535
-3.20443
-12.81046
1.12300
7.39704
1.10291
3.67636
3.31682
17.95423
6.40361
-4.37531
11.36897
11.58611
-6.05897
9.87368
-6.92906
9.19734
-12.35431
12.23137
-8.33062
-7.30984
10.01919
17.39130
0.82948
-10.93209
-1.79775
6.36827
-2.13253
-15.26875
-2.67907
-7.85631
1.47846
-11.68746
-12.33546
9.51123
-6.67019
10.32600
-11.82548
9.94326
-5.10966
-8.36311
-26.96444
17.88308
-4.50896
-3.36492
-2.28344
-6.10451
3.69810
-2.18864
-0.58892
6.76971
-4.18892
1.50203
-3.55896
0.78945
-12.23437
-18.78846
0.19642
2.65820
14.12820
-2.22893
-3.58590
2.69880
13.58724
10.31845
3.66212
-0.03441
-2.39911
0.46354
16.06008
9.89672
-15.11566
10.50764
-9.97996
12.49859
3.98021
-1.16914
-11.11690
12.75286
0.10440
-8.29228
-18.04609
-3.48922
-5.53369
0.25652
-0.65380
3.53290
-14.09027
-0.24963
-20.10736
-1.24307
1.13831
-1.87269
-6.05360
6.42501
-1.39003
-1.02565
-13.18540
-2.72567
14.55552
-12.54465
7.39950
-10.01456
7.17870
5.91085
-13.58144
2.66139
16.40480
-0.54171
1.58114
3.97348
12.08032
-1.21367
-4.01872
2.91451
4.72283
14.17922
17.55050
-6.40847
10.36654
-6.51848
1.18107
8.93684
-4.36065
7.07502
-10.64633
9.31660
6.93429
9.14721
-13.36048
-5.42252
7.23531
1.71000
-6.09438
4.80061
8.89650
-5.76284
-7.25574
-3.89845
10.81387
2.35292
22.22022
-7.16191
-3.09585
-14.01953
-3.81900
-15.32029
-6.24842
1.21473
-1.68572
-4.89441
-14.86388
4.41064
-36.09590
6.17857
-3.71173
8.37821
10.68024
7.51003
-0.74147
1.98631
-0.76858
4.61914
-6.81899
10.79625
-2.29222
5.74680
-3.52999
-3.66552
-12.05150
-8.37623
4.82287
4.95843
-2.47562
7.44672
5.94702
0.19198
9.89991
-10.52518
-7.09415
-1.53457
0.55293
-2.85443
-8.35161
29.43081
17.51734
-2.55538
-8.83445
13.88904
-4.95997
-6.75790
-1.20471
18.06676
-8.68141
10.64201
-8.86438
0.26900
-10.30195
-2.72521
4.98266
-1.46902
-11.99544
6.50422
-0.03186
-3.54175
7.53390
-11.39166
-15.48935
-12.25896
15.11651
12.17858
-2.67350
-4.27021
-2.57414
7.31620
-4.52827
10.15117
-1.79882
7.34854
4.88814
8.05357
3.17907
6.77088
-14.16817
-5.24616
2.33862
-15.59365
-3.92290
7.69295
-3.18447
-1.57351
13.75430
-4.88715
6.11999
-11.57651
0.65577
19.66451
10.16182
-14.32768
22.62918
3.53578
2.76824
8.50410
6.70683
20.85164
-2.02882
3.10107
-9.60263
14.58970
-3.48877
10.12861
6.50506
9.56426
12.30117
5.15368
6.82918
18.76936
-23.55529
1.69546
8.00704
-1.28299
-8.99672
-4.00746
-0.51035
2.59941
5.66263
4.68071
-1.56214
-6.17836
34.68733
3.95657
-3.10787
-14.91288
8.69196
20.31220
-4.68187
-0.90590
9.10550
0.85038
29.81921
-1.73389
-0.75637
3.97071
-7.94146
13.02618
-13.51046
-8.93417
-3.03459
-16.88486
5.69174
-4.01691
10.47658
10.04490
10.83505
1.98298
-3.97942
-15.37336
-4.72807
13.45406
7.27207
-7.56158
-11.70067
-9.44846
-10.54164
-10.33466
-1.63639
-9.15687
-18.36595
-0.92666
-14.25014
-6.45546
2.50135
-15.71195
-15.62119
-4.81216
-2.00611
-10.54278
-5.93936
-9.97450
15.66164
-10.98444
-18.39946
14.92799
-9.02646
1.91643
0.03578
-15.05626
5.65514
-10.99274
-4.35186
0.64699
5.75474
2.89863
-0.54931
12.02955
23.05056
4.72982
23.17813
7.09003
-3.51603
18.75284
13.91845
-4.28346
3.15803
4.72718
-6.42804
-4.44778
-5.59862
-1.88314
-1.35566
6.49917
-13.52458
-2.57645
1.11690
18.95255
1.78057
7.06351
3.74131
5.66507
-4.31462
9.60027
2.05385
-10.21134
-7.31143
0.12652
7.68757
11.33297
-5.89411
-9.64294
10.79830
-5.44413
-5.93494
-4.52281
-0.92754
-0.41503
-0.04152
5.40830
-7.28199
-4.90561
-13.83673
8.91787
2.72302
-7.38858
-15.24801
-8.04641
-15.05572
-2.76461
-0.60161
18.77221
24.44985
3.23341
7.58094
-11.12746
-3.35253
11.89028
-21.01424
-2.53836
-12.31168
6.28229
-5.70021
-7.19638
3.31614
-2.11307
7.34183
10.32982
1.01031
-4.90214
7.71994
-0.76050
-5.61493
-5.59429
-5.23193
-2.67318
10.20900
-4.02333
-7.57261
-10.98700
-3.82190
1.66887
-2.16379
-7.55010
-7.21337
5.20242
-7.71053
-17.37945
2.94849
-20.30225
-6.11749
2.52780
1.40205
6.40606
-4.45756
6.78162
4.93570
-2.70002
-14.64501
2.37110
-1.97287
-3.95558
9.88956
-10.98306
-2.86615
-1.33284
18.44820
6.35819
4.20688
-3.94682
-10.26834
8.97984
-10.72764
5.25896
-13.65567
-13.90944
0.13283
11.17827
17.08138
-6.58790
5.27443
-4.01365
-4.64249
-6.52069
16.60908
-19.02829
4.77547
0.53750
-8.01179
4.90516
-13.85193
-3.35520
15.86084
-9.35525
19.93735
1.73533
-13.95317
3.83432
-1.71913
-9.61905
-4.41220
3.72051
-7.67404
19.81966
-13.41530
-16.68634
14.75628
15.59662
1.45760
-19.61834
1.94165
1.05982
-17.62512
-1.30701
7.86105
2.27759
-2.04066
16.42844
11.60014
1.24019
-6.24700
14.26005
-2.62806
-8.97355
-1.24770
-3.83400
4.23501
6.11900
0.94299
20.59328
11.70055
-9.79844
2.10748
0.03388
-0.91588
-4.90712
11.44830
-0.21686
14.34639
1.41018
0.43802
-6.21006
-24.05363
-19.63781
-6.34167
0.54478
-7.84289
-9.09663
-5.60587
6.96984
-6.37099
-18.84839
6.92579
-6.70770
-14.83474
6.41085
-3.64592
13.12088
14.65487
-1.39820
6.45919
18.72353
-0.73810
-0.10589
15.99417
-14.29805
-8.70849
0.37158
5.62936
-6.96118
9.36484
-2.87681
4.76060
-8.78285
1.69454
0.52967
-6.85666
-9.16957
2.65856
0.06937
-11.84776
-5.00220
7.86671
-11.29134
9.79211
-10.34613
-1.33237
11.31007
7.54645
19.85047
-9.60816
-8.34195
-2.29450
2.03132
-1.98629
-12.45647
-3.51480
-8.59411
9.64424
-9.93563
0.23323
17.96861
-10.18364
10.32654
11.85529
-5.82491
5.78127
16.68444
6.90041
14.58649
13.16608
-0.28428
3.72799
-0.49954
6.66709
-4.62750
-0.34964
0.46867
-5.31307
-2.81841
-11.17124
12.51916
-13.36208
0.33482
-8.76494
-2.86649
3.97652
5.03811
-0.40776
-6.82591
5.34828
14.07000
5.37208
-5.94590
-18.04276
-6.75485
-1.57829
7.20513
9.61404
9.34382
6.01944
-11.01310
12.52387
2.70141
-11.47222
-2.34725
11.46174
20.98355
7.02069
18.84545
-0.77362
5.25683
-6.91125
6.00063
-7.99611
2.31085
-3.91875
17.31733
-23.26531
8.16659
-5.60596
-10.38038
-6.77148
1.57446
2.52683
-8.16458
5.16647
-2.49143
-13.83530
6.91315
2.23490
-3.29908
-15.56636
2.81463
-15.09010
-2.88890
3.29870
-22.20433
-1.24346
-4.97453
-8.36178
-12.41984
-10.58454
16.08456
-15.99475
2.31400
2.74290
-12.32634
3.87237
3.91689
3.65609
0.78119
12.05415
-13.51073
-9.71019
3.62077
-16.84176
-2.23740
8.98182
-2.38838
-5.34638
7.45091
12.06959
5.49111
-11.93764
5.42469
3.24815
0.07763
-13.04493
-16.26862
13.44479
-8.68526
5.59389
-1.51118
-0.16851
-1.80963
0.18172
-8.77149
19.05942
-6.56475
6.78303
16.07257
4.08524
3.33132
15.65821
-15.29997
1.29621
3.58664
1.95844
-7.34375
6.58587
-5.52638
13.46616
-3.01855
-9.69771
-7.56740
-4.06947
-1.26781
-10.30103
8.76527
0.15613
23.14176
8.18392
-22.59907
0.29328
-11.50860
7.28356
14.30735
-5.76964
21.70463
-7.91710
-22.96777
-7.59312
-2.35798
6.88765
4.76486
-26.98315
-3.53736
-6.64365
-12.83694
-9.35726
-13.81547
-9.44948
1.41044
6.77015
0.95113
2.96138
0.04406
-13.75892
-2.31389
4.34066
0.60329
14.48490
-8.84558
4.72939
-7.00931
-1.48457
2.51772
-6.14625
-4.64041
-0.47897
16.30810
-22.53618
-22.11462
2.15856
-3.94129
-2.51943
-9.13488
1.65156
-1.01658
1.13367
-9.73923
6.08433
-1.82473
-4.99637
-2.25861
-4.25857
6.99583
-0.43680
-24.52310
-0.68594
-15.74148
-9.74489
-4.78210
2.40768
-4.86979
-0.13761
5.72329
-2.04826
6.69887
6.03498
6.44580
5.05120
3.59031
-1.58512
-9.02636
24.52684
11.17338
-2.41051
-10.45478
-2.92514
-3.82916
3.41096
-15.49028
2.40106
12.40510
7.03737
-8.41704
2.30458
9.11796
-10.14657
3.97235
-1.39031
-10.24020
-13.94178
-23.20268
-9.37483
-5.93191
-10.36937
7.40482
4.71449
-10.19822
2.06006
9.82528
13.84523
15.49555
5.70129
2.18742
0.91245
6.20344
3.41547
12.75850
2.59847
-4.10110
6.52661
-1.39725
7.13397
0.19842
6.14788
3.21846
-1.80935
-1.72354
0.46899
3.25789
-5.61884
-14.98484
-6.64355
-4.94763
10.35561
8.70873
0.93762
11.40322
-2.28335
-7.96053
12.05447
-2.35394
-0.29900
14.34472
-4.70724
0.70631
8.86205
-8.94260
-21.01829
1.37082
-7.45902
-10.48286
20.68909
-2.73960
3.18503
16.64617
13.14251
-1.88177
11.20852
-10.81126
0.31396
0.70733
-7.20786
0.49008
7.40580
-7.79663
-2.51333
14.02178
8.03693
11.93253
0.13550
-0.67829
-3.76904
11.08318
2.13497
-22.59204
-3.20921
-13.28675
-17.78573
2.41805
-19.14151
8.56455
-7.33068
-2.64489
-3.64993
11.56777
14.40258
1.83589
3.85283
5.70267
5.52013
0.71931
1.21678
-18.01976
-3.94923
5.34040
9.61653
0.80615
1.71510
-3.24578
7.08130
-3.23118
-19.84587
-16.01183
0.43991
9.45056
4.35554
7.06724
2.46329
-25.71172
-6.03812
-15.16645
-4.55565
-15.77300
0.26825
6.95513
-1.69951
-11.89713
14.78091
20.81874
-14.77038
-9.48876
-5.26431
10.76620
-2.94990
-9.91702
-0.84359
5.52626
-13.64276
7.18085
7.23123
-10.26302
0.56030
-15.00634
-14.58581
14.47553
13.85673
6.19491
3.32551
6.40174
-2.89760
8.60010
18.33562
-12.81262
-9.20172
27.13436
-7.53312
8.28092
7.31938
-15.30098
12.04914
4.61271
8.62857
-17.82045
9.36507
-7.12662
20.80154
-12.63718
8.84134
-9.60197
-7.27905
-14.27269
26.08446
-21.60695
19.32799
-5.85490
-13.98917
7.34966
1.83909
-0.38955
0.55679
2.68830
3.44593
-4.86545
5.41243
-4.70964
-4.33611
5.04856
18.71590
-5.26112
8.34666
-11.31711
-12.82626
-1.59029
-18.90822
4.55291
-6.51275
19.20473
-11.45997
0.74913
-10.22306
3.70934
-8.70292
5.64121
-2.83139
14.84873
-7.17728
-1.28062
-9.93264
-1.10658
-3.58529
-20.64373
0.19952
-7.19308
-23.81626
-3.74100
15.25675
5.75895
-1.86154
10.14286
-9.79260
6.63388
1.49666
9.73142
-2.29429
5.63060
1.50492
8.96913
-19.46795
2.49267
0.37445
2.96447
-1.71736
-0.89970
1.08857
7.50750
3.74695
-9.58287
10.37856
-0.99136
1.70195
1.41811
1.37815
2.88389
3.31103
4.26780
10.10584
-0.12083
-2.43495
23.23473
-13.20561
-12.55605
3.81227
-8.50070
19.96151
-11.20217
9.32772
20.51129
12.66807
1.50463
-2.51737
-16.37255
5.30546
-4.88660
1.41096
-23.72448
0.43991
-4.41574
7.29198
5.05540
14.79582
3.38563
-8.30178
-5.96390
-0.97962
19.14547
11.04438
-11.32589
10.70918
-9.84561
1.21140
9.12180
-1.83776
-14.06522
-10.98744
2.35649
-11.20851
14.56411
5.51762
9.14563
-14.50315
-6.25361
-10.58099
-5.58452
7.82173
-11.30043
2.03154
-12.20254
0.78575
-1.02602
-2.28578
1.30787
-4.67203
-12.42199
4.55437
-2.05917
0.87891
5.84437
11.95768
6.25143
-10.08410
-6.40851
-3.31035
-11.69902
-8.41806
26.88493
-14.20460
6.10465
1.77536
22.83244
0.53676
17.87945
-11.09203
-10.63385
11.84314
-9.40168
3.85469
3.45157
3.60630
6.69964
-1.15057
-19.81225
-4.94870
1.75772
16.64956
14.29624
-0.01667
12.50033
10.71436
0.45326
8.03248
-7.63441
4.20311
-7.45105
-6.23516
-6.56164
-0.75494
6.82388
1.74263
9.40523
-2.62070
0.81849
-3.02875
-16.52224
0.93361
27.55997
-8.07424
0.59938
9.20426
24.97651
-5.80800
-0.19266
-9.69147
2.02385
5.30657
-10.43239
7.17222
-5.63231
-0.65023
2.15670
9.68359
1.04364
16.72662
-9.28944
22.63226
4.21264
1.79174
1.39482
2.58792
1.35613
6.54291
-5.19259
-4.52029
-15.91023
-7.96730
16.74087
1.30482
9.73437
11.78651
-5.95661
0.93968
0.36650
5.59773
32.54208
-18.96370
19.20802
-17.59748
-0.70888
-11.39009
-4.38959
6.32879
-14.49474
-1.26632
-7.49522
8.06306
-13.77993
14.14805
-6.54289
-8.93313
0.11543
-3.37363
2.51066
20.28616
7.06498
19.85738
-3.16264
1.68958
12.23219
4.02439
-5.63006
-3.88222
4.49258
1.07516
2.40045
-1.15647
-10.59024
-14.82142
4.15940
-6.92510
-21.62489
-2.03022
0.72249
16.88623
4.37894
-4.95128
-7.17056
-5.31965
-1.29168
-7.66543
-1.34928
-7.87080
-9.11316
1.84729
-11.01362
-5.24787
24.47069
-13.48268
-0.18409
-2.82350
15.85318
-7.37323
-13.76961
-7.68917
28.84140
-11.27808
4.21590
-1.05704
1.36975
-1.28595
-0.70109
0.71312
4.95727
-6.24966
8.81165
2.08131
-6.65160
10.78154
3.31637
25.69443
-16.95136
12.54538
10.07248
10.08698
-7.54416
-19.25096
-16.18564
-1.88662
-7.50791
-6.29382
-1.22812
-4.46023
-5.60758
-16.45381
-9.19869
3.44173
-5.78219
-3.20027
8.26741
14.98893
3.14740
9.32234
-14.91499
4.95613
-17.17770
-14.50120
1.46569
-5.99507
-0.79892
-18.86016
4.24123
14.79981
-21.55874
0.97844
-13.59364
-3.22142
10.16016
-4.58141
2.25593
-10.73897
-1.13915
-11.82183
-20.55896
-8.92747
3.87702
0.28123
9.62706
-10.61339
9.54321
11.91384
-10.51745
14.04310
-12.32362
-3.70096
-13.34066
-4.50095
-1.15733
-5.11251
-11.85961
1.06943
-4.91509
-2.82809
-17.53905
-20.09539
-13.47580
-13.34343
0.04588
12.60175
10.47163
18.34969
18.05820
16.52651
-3.28328
12.26261
4.29451
9.11687
-9.47363
-2.39280
-9.70378
-4.51501
0.78170
1.34566
-6.85342
-0.15655
6.67031
3.59892
3.16347
2.46501
-18.15798
-1.66391
1.42932
6.09059
-14.22067
-4.55302
-11.04765
-0.72953
10.61881
-10.45415
-0.28947
-2.22866
6.94525
-3.46876
-5.40186
-8.85260
12.02343
-3.87736
0.01949
-3.18503
-0.62619
-7.32577
9.76290
3.16443
6.73885
-3.26407
-9.50207
4.46540
2.13880
2.07113
7.95530
-12.32316
7.35027
-1.20956
-7.94984
-3.47402
-3.32605
-2.64175
-6.71522
3.96073
-12.07409
3.82677
-6.77115
0.36920
13.61158
4.39668
11.56273
-5.56682
11.13772
-10.59294
-12.94667
19.33317
2.89525
-9.33733
-16.32871
-11.15322
8.10765
12.18193
-14.70846
-1.72237
-0.29619
2.52383
2.00009
2.82165
6.40518
-1.42393
14.81374
-6.67635
-11.51048
9.91507
15.39345
9.86914
-2.29208
10.87183
2.52851
11.31125
-14.48269
-5.53147
-7.23281
-8.13072
12.61037
11.96852
-0.28436
9.61153
-1.78552
0.08180
-0.84420
9.38922
-3.72191
4.44228
4.76140
-19.52108
-0.27552
-6.44940
-6.44018
-6.93046
-5.73364
4.67774
-10.84117
-14.18024
-18.10686
-12.83892
2.15030
10.05849
5.43625
-6.20586
9.92645
-3.49407
6.37260
-9.80016
5.36414
20.10089
-8.11168
0.46754
4.32447
15.98686
-31.51673
-13.52739
-4.81908
12.72102
3.49316
27.66807
-3.00211
9.94672
-8.25836
11.32157
8.89733
-11.38622
3.87997
8.77959
-6.31104
10.28024
-9.84122
-6.66383
5.12988
4.15438
-4.88073
1.49942
-5.79946
9.18120
0.71854
4.37501
-8.88037
3.87339
5.56534
-16.30142
5.70704
-1.55239
2.76531
18.80240
-2.11389
3.72465
11.00019
-6.33405
-17.41161
7.72587
20.87834
6.06894
-10.02108
2.25847
-14.94768
-8.02016
-9.28002
-9.74212
-8.65053
12.59004
6.06281
-9.76450
-0.19040
-9.94567
12.33754
17.26620
-5.22215
12.49549
6.12022
-5.68652
7.66921
-7.31125
-1.59577
13.74637
-5.46487
-0.22473
9.47366
13.21668
10.09300
7.78917
-6.18034
16.98851
-3.90242
-4.57662
-15.68033
-5.87449
-8.97632
-6.80463
-1.15647
6.27090
-6.88469
-7.79711
-1.06206
-7.27729
10.00257
-2.04536
4.83629
21.83186
-7.92282
-4.73735
-14.55624
-14.69465
-4.68457
3.04707
3.11823
3.48354
-10.37416
11.97519
-9.85334
9.47465
5.92843
-15.25260
-12.41032
10.81229
-4.53012
21.40578
-7.19707
0.48607
18.67269
-9.68144
8.75021
3.19042
-6.55913
2.98370
-9.58609
1.82444
-14.69717
3.52282
-7.35594
4.10510
1.04856
-11.06921
-16.67782
0.20370
-27.18673
1.11514
14.10579
4.33156
-4.41015
-7.22707
-1.67425
6.38016
-5.03284
9.74866
-2.00735
13.56572
5.78051
-3.27492
17.63230
-5.64812
8.39752
1.57220
2.55800
-6.40459
-20.41193
8.86213
-1.38147
-13.35560
22.66937
-19.64386
-2.59060
-2.65448
-8.16378
4.55481
-9.34566
-7.71914
10.57009
-3.25956
-4.26120
-6.83457
-3.03168
-12.15142
-0.16828
3.40835
-5.40090
10.47174
-1.38778
-19.29097
-11.75789
3.14940
-1.41635
9.95671
-7.92598
3.56199
-10.85649
-1.90417
15.97589
-2.49300
-5.37001
18.03579
-9.19389
-9.84020
-0.58173
8.43934
6.22912
8.38872
4.05207
-5.81411
12.19162
3.48131
-3.04032
-2.85923
-6.73697
-10.50796
-1.20735
10.61491
11.77853
-3.07242
10.56461
-11.47820
-2.66901
-0.95564
-12.92957
-6.92205
-7.77060
-4.84673
2.07390
-12.46978
3.04165
13.56610
7.12827
14.21025
-15.94136
-11.19034
-23.58601
5.00996
10.71907
-1.13243
-14.80702
-1.19405
18.12294
-6.51218
-8.74081
6.71576
3.63625
-0.88407
-0.40846
-3.01498
-4.83087
1.83994
-1.35079
7.36538
-1.24265
2.91149
2.46073
0.15458
21.70808
-7.27791
-6.88424
2.83530
-2.00690
5.49755
2.64695
2.92981
-3.46025
8.91195
-16.14555
-9.97141
-11.12241
-23.97609
6.76898
-0.39424
14.44451
-10.95149
5.62392
17.49520
-5.26652
-3.54756
-6.83902
10.42279
13.30861
8.10232
10.93704
-8.21691
-9.32604
23.09110
-7.15032
-3.60326
5.68683
3.05409
0.34740
12.42450
-0.11550
-0.94123
11.15268
0.16293
-7.79829
2.04705
-12.76280
-2.47826
12.69395
23.14138
9.28702
-3.24131
2.32040
-1.12134
7.31698
-17.61664
7.41530
-11.41550
-7.32697
-3.98041
-13.15110
-3.25383
-11.46397
-14.35178
12.87770
-2.35697
0.68345
1.33778
-4.93995
7.69255
-4.81934
3.82701
5.36800
10.72619
-8.81269
-6.90183
6.37173
5.46402
1.57689
0.19071
-9.68633
-16.00414
-13.80135
4.53327
-0.54120
6.88193
12.02926
15.26053
0.58857
32.48235
-3.61206
13.35874
-12.87433
-17.88644
10.02301
-14.66763
8.33117
8.03847
13.84131
-7.56369
0.22704
7.87849
-9.05466
2.91404
-16.25845
10.69965
-1.06693
-9.01693
-11.38737
2.36358
15.81481
-1.42262
12.13577
0.54581
5.20877
19.24566
5.91809
9.57669
11.78581
-2.98886
-21.74089
-2.50041
1.48239
8.65118
-1.74464
1.10658
8.77368
-19.50375
-4.21454
-12.74220
12.22971
5.82744
-5.22220
-20.60593
-6.31873
11.38119
-8.63787
7.82631
-2.95819
11.58515
-3.11512
6.38500
-9.31948
-31.55168
4.76247
1.96041
11.47897
0.76201
-4.62390
-8.55478
5.34319
0.71192
-15.55287
0.70951
12.89471
6.14207
-1.23221
-1.00833
8.03259
7.48905
6.13240
5.47137
-17.55052
-15.28236
-13.04515
-2.85531
8.46427
-13.97851
-1.07382
24.77718
-13.92236
-7.87234
-11.64846
11.06120
2.52617
-10.97495
0.03663
14.13276
1.09445
-2.36376
-13.69517
-8.95725
9.07390
-10.49248
7.56104
-7.18485
9.39435
-4.99629
1.63591
5.72495
3.94765
-6.43639
13.65016
9.08662
9.16894
-11.70200
-8.86131
2.36141
-3.91988
-2.36300
1.72037
9.59070
-5.57366
15.17001
31.69346
4.97454
-1.88512
1.44672
-9.21305
-16.58506
-1.18328
-11.92058
13.34667
3.85384
5.84733
1.64448
-13.10583
-6.16488
7.44704
-0.36394
11.26216
15.95866
4.26548
-0.96157
-1.00225
-11.15559
9.33937
3.10964
-9.73848
13.20652
-0.15701
7.21977
1.07971
8.74167
4.45221
-2.83571
-5.84992
24.89812
-4.80519
4.10066
3.81595
-5.31914
6.56939
1.42856
2.76140
-4.85069
-3.97813
1.14950
-3.55432
12.85662
2.23816
5.99148
4.88392
8.48597
1.38362
-10.17853
17.79878
16.47421
15.94039
6.66091
-5.16798
-0.51573
7.06183
13.18113
10.71456
-6.34133
-20.76517
2.85724
-5.14614
11.48746
0.40705
-6.98650
-3.89203
11.23474
4.58251
-17.61930
-8.91356
2.02891
1.08948
-0.78678
-3.59251
-6.54818
1.27114
-1.86570
3.44546
-0.21370
7.28671
7.49392
-4.23900
0.56089
25.27913
1.58582
-15.89450
11.77999
5.86347
-23.06646
-11.47844
-4.85924
-10.49065
-3.52050
-6.74521
8.50533
-2.02906
0.16395
15.88981
-4.46024
18.16912
-6.59641
1.23772
-3.18631
2.46281
13.32207
-9.89879
-5.76917
3.62072
5.61312
-12.61028
-0.91531
-5.32791
7.41496
2.90018
-7.76968
-0.96299
11.42347
1.73039
26.93682
-2.54918
-10.83206
0.10386
8.85331
13.86171
-1.26340
4.23889
5.32934
7.18677
-7.93097
-2.73851
-2.82924
5.22918
3.48425
3.02087
5.75994
-5.13925
6.53166
-6.84754
5.14365
22.51384
-3.40089
-2.53730
8.40720
-15.79955
9.76802
-4.81328
3.58267
3.46109
-10.20518
-4.90651
-23.18311
-0.36687
-10.56627
-17.61344
15.52061
-6.79290
-0.37574
-6.25938
-5.35555
-1.75471
13.95995
2.21674
6.64283
-1.62346
23.34893
10.36961
-7.69214
-5.02553
0.90689
6.05249
4.75055
16.94250
-2.22484
-6.13517
2.96420
-5.75891
8.82643
-0.07855
-6.12354
-7.43496
11.41041
-1.44946
-8.99425
-15.78077
-6.55471
-0.27799
10.62467
-3.54205
-7.36003
-2.56900
9.56324
4.64770
-9.00462
-14.24619
10.20152
-4.14750
-2.43168
4.24557
11.80751
3.39293
6.34814
2.33024
3.56435
-6.29105
-16.53076
-4.06453
4.76011
5.57005
5.36445
-2.92033
11.72864
0.84534
12.39399
-9.61835
-9.79828
10.10265
4.59324
-11.65252
-4.05187
24.04161
-12.98234
-0.98817
-14.63219
-3.43523
-8.29788
0.06315
-0.24007
-3.44002
-2.19791
6.64118
-10.69591
22.00233
9.39381
-6.02377
12.25909
-3.05004
2.03860
-11.71136
-2.64712
13.17131
5.16814
4.92996
-5.72454
-2.73194
-7.79539
14.32580
10.38258
8.23270
-1.13570
-0.93561
-2.34572
4.39601
-8.89316
-11.42187
-25.88968
5.19875
16.14002
-4.86049
2.25038
-7.02741
8.95341
31.55569
10.41644
11.21602
15.24117
-11.34268
3.99955
0.36135
-6.63391
-3.26183
-1.16307
2.29999
-2.44982
-14.67075
-2.63532
-3.41505
3.27599
1.74828
0.42205
-26.50008
-13.20978
15.24750
-7.98469
31.74861
6.20948
4.83423
7.35791
8.98749
-3.67113
-30.59786
-5.29462
-7.34994
-4.43110
-12.29861
24.07140
6.86935
11.74263
14.37222
13.20024
0.43585
8.84325
-6.27649
16.37209
-5.02522
20.28513
-4.94529
7.73296
0.89511
4.89947
10.63719
-4.08260
12.32712
-12.25216
23.65379
-3.93962
1.05658
-2.75980
9.18028
-0.93216
8.10656
-0.57853
12.19640
2.17362
3.16115
8.85617
-3.91125
10.96367
3.95496
-7.25916
6.39817
12.99317
-15.40478
-2.07996
5.62654
10.04862
-8.77745
-10.70009
-5.29932
-18.92636
15.87774
-2.73990
12.26505
4.48595
-12.00965
-0.56410
6.05706
-9.30929
19.22003
-9.11533
-14.91507
-6.39013
-1.29951
-1.91050
-2.02653
3.26136
2.33582
3.29605
-13.29658
3.47940
5.86047
2.03631
8.03497
-1.74607
-2.55414
33.71886
-6.81089
22.91204
4.60278
-0.11272
-8.64676
4.18741
2.38556
15.57589
-2.36420
-10.78603
-8.49300
-7.74671
-6.72198
-10.17824
-3.76003
-2.53705
-6.78791
-3.49257
-1.63641
2.06701
-5.39125
-19.80950
-5.85218
-8.21941
-6.47552
20.52153
-24.43343
2.89445
5.85847
2.26049
-1.29601
-8.03764
7.62107
-13.05498
-4.32392
3.50548
14.64134
-1.02696
-7.95943
19.73669
12.04591
8.27517
1.33501
-0.28390
5.74118
-2.13163
7.96104
-0.10394
-11.45669
8.82490
19.41491
-7.88391
4.99757
21.86184
-1.91262
12.07241
4.92770
-0.97766
0.51267
0.56882
-23.09362
1.51916
-20.21959
-2.19416
0.67593
7.05404
6.79566
-19.88824
-2.78575
-6.75888
-14.54714
-9.73716
-6.27032
1.32658
7.06537
-0.67026
-0.65873
2.81281
9.54290
-10.31621
-11.37339
8.98036
0.50266
8.14402
5.29908
12.14265
-11.02121
-13.10740
6.32435
-2.79184
13.16030
11.71370
18.17989
0.53087
-1.39785
4.34217
-1.47977
-2.77165
2.96479
-5.93582
-9.97996
-0.13458
-8.45526
-15.29288
-9.46462
-3.31383
2.29175
7.68743
-7.92805
0.32114
-5.95318
12.11208
-4.81882
-6.34250
13.46964
1.73614
-9.93938
-19.06837
-4.54075
8.90663
-3.70902
-4.75821
2.99148
-4.42849
-16.15558
9.41194
8.32925
5.40173
4.85066
0.96205
8.20943
12.73175
-18.54268
4.40392
0.63908
15.64284
0.00813
-3.69887
-11.85968
-6.22803
5.20934
-17.10242
-8.54963
6.78996
-2.45097
-12.80023
-5.59659
-12.29387
-1.82013
11.61104
6.50019
2.01747
6.78636
4.29438
-0.73174
-5.90819
-4.23852
10.91037
-5.62016
8.27503
-19.28344
-9.29036
11.64279
-1.58964
-17.87308
-16.53585
-12.15737
-1.36863
-6.25743
-7.70419
13.12018
-5.94212
8.36168
0.05277
17.72284
-3.62184
7.37591
17.64712
-2.54892
-5.81289
18.44061
-3.88935
6.97795
2.41355
-11.88953
-11.39434
-14.65327
0.27598
5.29100
8.14147
0.31136
22.63649
-8.07903
-4.39341
8.55658
11.14666
-2.76269
-2.34279
-6.75620
-0.20232
2.37820
-10.52419
-3.54134
13.69158
-11.56480
1.96708
-3.94567
-3.33182
-20.59729
-15.63461
-11.55418
-1.06725
5.04885
