0.77770
0.64071
0.95753
-2.35491
-0.66512
-2.40059
-0.38014
-2.78132
2.37290
1.92788
0.66961
0.34574
-0.09841
-4.38828
0.66659
3.70777
-1.97428
-1.60007
3.95997
-0.73083
-2.19124
3.59092
-2.07852
-0.06997
2.16773
0.55005
1.10842
-0.23465
-1.45787
3.00735
-3.45631
0.87995
3.57516
1.31694
1.72103
2.65716
-3.13627
-0.77231
-2.57201
-0.68557
-0.42845
-0.03853
-1.55369
-4.79544
-3.87695
-1.60374
0.16714
1.31872
2.91833
-2.83041
-3.89981
-1.51323
1.22535
0.27551
-1.77421
1.05455
-1.42064
1.00473
-1.20301
-2.35817
0.88163
-4.05884
-3.23543
-3.56814
-2.39695
0.75207
-0.96532
1.39507
-0.43588
-0.88472
0.39034
-1.16264
-1.51360
-1.45747
-3.19059
-1.08903
-1.65928
0.58617
-1.43795
2.64564
1.52830
-1.34985
1.31458
1.85645
1.96002
-5.36541
0.59671
-2.35183
-1.73264
4.90792
-1.14899
-0.48812
-0.39174
-2.75322
2.66208
-3.17412
3.09640
-0.93908
-1.37747
0.05068
-0.27632
-4.18135
-0.97397
-2.31149
-0.76737
-0.82433
-0.94088
1.99932
-1.30738
-2.46009
-1.45049
1.94367
-1.51876
3.74711
0.88103
-1.84499
0.32822
-0.79035
2.40687
1.32534
0.62990
-3.49321
2.00870
2.45538
-5.46178
0.25256
-0.32087
2.50666
-2.28751
1.34226
2.02018
4.00229
-1.26439
0.85508
-5.15051
0.74833
-0.43914
0.17421
1.31287
-0.61447
-0.19603
1.92950
0.14621
2.01376
3.85628
-1.15775
-0.05150
3.44274
-0.50838
0.13995
4.16115
-2.13624
-0.97258
1.63665
3.51320
-1.64187
-4.84787
4.70211
2.51764
1.61881
-4.27037
-0.87442
-4.94890
1.84403
0.20346
-4.15948
-1.55093
-0.18981
1.48771
2.61954
-2.82052
0.64938
-2.92190
1.01660
-0.81359
3.43989
-4.53031
-0.42326
-4.43388
2.21260
-5.70524
0.06214
-1.55828
-2.87478
0.27139
3.26356
1.53722
4.30829
-0.70862
0.07039
-2.94672
3.17978
5.53844
1.98080
2.39887
-0.50024
0.20591
-2.86975
-0.09427
-1.36438
1.90882
-0.69286
-0.79053
4.10097
-2.61916
2.13426
2.25357
3.50575
3.25466
-0.72987
5.24376
3.61064
3.38979
-0.98242
4.63742
4.22330
-2.21650
2.09246
-2.06587
-2.19109
-5.77381
-1.85108
1.07886
4.10915
-0.23708
0.91502
2.27626
-2.28802
-0.06521
1.44405
-1.01561
6.32286
-0.65597
-1.99544
-5.48125
0.41499
-3.60682
-1.47292
3.15069
-0.77370
-1.70958
0.06065
3.80436
-5.14252
0.71781
-2.24854
-0.92699
0.23260
-0.67514
2.42893
-0.21086
2.32700
2.68187
1.64524
1.13108
-1.29229
-2.07191
-0.73696
-4.37531
1.70213
0.29312
1.04617
1.15027
-5.42783
-0.98085
0.67597
1.40281
-1.77067
0.55555
1.13618
2.71484
-3.00362
-0.22297
0.17183
-2.14491
-5.55998
1.70211
-0.69131
-0.58950
2.49252
-0.37682
-2.90611
-4.28903
-1.77720
1.35061
-2.97677
3.07569
-3.04903
-0.20065
-2.85648
0.13608
1.40488
-3.24911
0.75730
-0.67750
-0.25782
0.49524
-3.40451
-1.50098
-0.80693
-2.62481
-1.37861
-0.99836
3.57536
4.74123
-2.74728
-1.28648
-2.74368
3.61604
-0.39559
1.18982
4.06418
-1.73601
1.30913
0.24197
2.50068
0.55227
-0.44932
-1.16708
-2.48039
-2.44848
-3.24959
-2.84266
-3.29720
-3.15038
1.00387
1.39581
-0.78919
-1.27454
-4.21818
-1.56903
-1.92129
0.29549
1.63028
1.98915
-1.87542
-0.50593
-5.69801
2.14059
-2.64310
-0.77757
2.57596
1.36197
-4.14063
0.66346
0.02085
-1.19172
-3.97332
4.17327
0.19631
5.77110
0.01466
5.60593
-0.30213
-1.27330
1.68225
1.23521
-0.57805
-1.49337
-2.08519
-1.81418
0.53232
-2.84584
0.07642
-0.32991
-0.50075
0.07565
-1.89849
-2.52489
1.78414
-1.72118
-0.45153
2.14741
0.83211
2.06032
-2.09601
-2.66291
0.42696
-3.01443
1.37841
-4.31507
-2.91559
-0.04248
-1.69630
-0.02185
-4.40438
-5.19115
1.13871
-0.04521
-5.16565
-4.40942
1.77457
1.00987
2.14854
1.38865
-3.46087
2.25099
3.07611
2.76489
-3.85928
1.58431
0.79647
0.80232
-1.40571
-1.31009
-0.25450
1.05413
1.50833
0.01309
-4.42119
2.63571
-3.95153
-1.45569
1.33433
-0.17330
4.58608
0.70968
5.52139
0.89547
-1.85454
1.36911
3.51968
3.39414
3.22112
-2.11398
-1.73963
2.45846
-2.77902
-5.93290
2.74079
2.97882
1.51220
2.44910
0.49358
1.83223
1.60399
2.05324
0.89016
-0.57443
0.48007
-2.44668
2.39384
-2.27022
-2.77256
-0.74785
-3.81147
-2.76113
-3.96483
-0.25474
-0.62122
-6.34150
0.55735
-1.48195
4.06600
1.20662
1.28963
0.52337
2.40702
-2.01878
-0.85117
1.67104
2.30219
-5.64048
-1.98286
-0.07479
-4.26840
5.07628
-2.78510
-3.92440
0.32529
0.61206
-1.96414
2.01199
-4.25062
-2.47903
-1.06854
0.22271
3.02496
-3.57542
0.78756
0.51228
0.59172
-4.13231
-0.80285
-2.27279
-2.03456
-3.55821
0.73176
-0.41018
-2.70300
1.55769
2.96402
1.66858
-1.36524
0.49538
1.10650
2.56290
-1.32442
-0.23304
-3.65532
-3.20527
0.34447
-1.85927
-2.08785
-1.54772
-2.49458
6.86105
-0.36820
0.79523
-0.30321
-1.47168
-0.50667
0.12132
0.43194
-1.46324
-2.64092
0.10494
-2.02527
-4.12245
-1.92039
-3.60602
0.38071
1.50454
-2.23434
0.15109
-2.48869
-1.70213
0.17653
-0.12251
-1.41156
1.51579
-2.47896
4.45176
-0.43335
3.84393
-2.61419
-1.57971
-4.50039
-2.78016
0.71597
0.29001
-1.69688
0.44141
1.56064
2.03848
2.14863
3.72013
1.31561
-1.93550
0.61539
2.32095
0.91729
-1.23664
0.71671
0.11037
-0.82719
-0.20666
0.87319
-1.02828
-1.23507
3.45751
1.59710
-3.19679
0.14923
-1.68557
0.84700
-3.01835
-2.86032
1.33957
-1.73482
-0.75151
-4.90065
-3.75754
-0.29513
-3.75214
-2.80405
1.96777
1.00479
1.91710
-1.09876
0.65486
-0.31507
-1.56496
-1.19957
-1.66501
-0.33748
-3.01293
-1.04699
0.06417
3.26680
1.36912
0.69935
-0.69494
-0.87754
-1.43517
-2.96340
6.30965
-5.04284
-2.27120
2.02670
0.91574
-2.45331
3.21091
-0.09423
1.06990
-2.97896
-1.68074
0.28853
0.80135
-0.27472
-2.98509
-1.63065
1.19904
5.13202
2.07608
-1.39008
-1.13407
0.03153
-2.85401
-0.83080
2.16544
-1.35315
1.24310
1.22175
-0.90462
0.56794
-3.09684
-0.06746
1.70249
1.50738
0.69517
-0.77232
2.30576
0.18544
-4.55438
2.71362
0.92892
-0.99388
-0.90205
-0.98498
1.34932
3.81210
-3.47156
-2.07648
-0.77729
1.71409
2.04599
3.09574
1.31738
-0.27531
0.48324
-1.58635
1.03736
-2.10986
3.48136
-3.49358
1.61750
-0.13669
0.64585
2.33528
-3.21196
-4.88038
0.31663
3.86819
1.73530
-1.53597
2.53356
1.75312
1.38184
-0.05087
-1.77255
2.68171
-2.30975
-3.41953
2.13671
0.34846
1.45464
-3.01101
4.36253
-1.34894
1.44567
-0.29690
0.09363
-1.44974
-1.81507
-0.92143
4.61523
0.43926
-4.57001
-0.71775
-1.19737
1.68124
-3.44246
1.36433
4.05294
1.64551
1.30015
-0.18872
1.88006
-2.38860
2.90054
-0.15532
-1.95552
3.50609
1.27454
0.38908
0.39817
1.29526
1.60066
4.23202
-0.69823
-0.53465
-3.42158
2.24087
0.99790
-0.41448
3.30728
-0.01146
-2.18924
2.08641
-0.18443
-6.70936
-1.67422
-4.82004
-0.14788
1.19845
1.08544
-0.02459
0.26335
0.26442
0.35927
0.83503
2.03947
3.55846
1.02602
-2.72422
2.21705
2.31569
-1.58862
1.21715
-0.91830
-2.36881
9.31097
1.04847
1.31132
-0.62754
3.23797
-0.63628
3.06731
-1.71672
1.32985
-0.95038
1.23685
-0.61264
2.84976
1.67560
-0.14743
-1.90868
0.55045
-2.80879
-3.80635
1.29070
2.30442
-1.18530
-4.70927
-2.64212
-3.61471
3.99768
1.38511
-4.66435
-1.92157
0.05315
1.39465
-0.85590
2.52469
3.75810
-1.71734
-1.37057
-0.71758
-2.30921
-0.46848
-1.86722
4.50849
3.56967
3.51051
-0.69518
-3.11363
2.63409
0.23800
0.92796
0.56622
-0.78341
1.39975
0.61419
-1.48978
-2.67370
1.85000
-3.21115
-0.74391
-0.14613
-3.60684
-0.40069
3.21117
2.78481
3.44023
-2.46374
0.59694
1.68214
1.32383
-0.01171
0.36896
-0.37284
-1.67039
1.76361
3.66013
2.33607
1.47535
3.26448
-0.91469
-2.03336
-2.27523
-0.48915
-1.57970
-2.95221
0.43060
-5.23575
0.03523
-3.12419
0.47973
0.51310
2.27536
-1.86717
0.02166
2.22286
-1.33583
2.60942
1.20727
1.46715
4.90317
2.24349
-3.23269
-1.16633
-3.32820
0.06351
3.55516
-3.04516
-1.91669
-2.48133
3.12465
3.15923
-0.85246
0.68018
-4.36057
-1.62553
-1.74349
-1.02100
0.52363
-2.30552
4.71866
1.66698
-0.65788
0.95549
-3.62739
-2.20514
-0.79251
-1.20500
0.58552
2.03841
0.57040
-1.29546
-6.91628
-1.60032
1.29757
1.52290
5.57013
-0.59353
1.77003
0.08884
-0.90944
2.85845
-0.27336
-2.16710
-2.18757
-1.44620
-1.43654
1.94140
-0.74986
0.46818
-2.15325
2.05628
-2.20403
4.65692
-0.58913
-2.17663
-1.56289
-4.30539
1.85310
-1.53440
0.19631
-1.68139
0.00744
-2.19648
-2.63250
0.39850
0.61276
1.30491
-3.16363
-0.58402
1.17316
-2.75579
1.28834
-4.38755
-4.10380
-0.00856
-1.40226
5.08586
-4.12305
3.85780
-2.49958
0.39174
-3.14066
3.51141
-0.73149
-1.48936
-3.77688
-0.46037
3.06972
0.17946
-2.19205
-1.72293
3.11659
1.95691
-0.34810
-3.80655
-1.05660
-3.01138
2.72735
5.00697
-1.71916
-0.20059
-0.01627
1.10566
-0.23153
2.93900
2.78910
1.05808
-2.81874
-0.07468
-1.67782
0.64685
-2.31937
-3.89505
-0.31238
-2.22161
-0.50878
-2.24577
5.32685
-2.73448
-2.20912
2.09489
0.63421
-1.45108
-1.77074
2.96418
-3.72933
3.00402
0.16522
-2.73636
6.27182
-1.65042
-0.19756
2.22298
-0.25009
-1.93233
4.15210
-0.82714
-3.72688
-0.87702
0.19762
2.50037
-0.58071
1.21694
-2.53410
2.81222
-2.40034
5.36443
1.58240
-1.52762
-1.17651
3.15072
-2.45355
0.03797
-0.29933
-2.03721
3.56149
4.71335
1.04977
-0.27564
-0.30872
2.97107
-5.52256
0.01204
4.86460
-0.66394
2.75545
1.10592
2.04181
1.56911
1.17093
-2.15660
6.14518
2.65744
1.35441
2.80067
1.83974
-3.60345
1.07054
-1.16010
4.18379
-1.48304
-3.05473
-0.72631
5.33557
3.40171
-3.38190
-0.62894
-1.82603
4.94937
4.17553
-0.38389
-2.22644
1.08095
1.82342
-2.27707
-1.24500
-0.57439
5.94061
0.05032
-3.16944
-0.49452
-1.22707
2.78234
-0.87161
-2.39471
-1.41684
-1.17901
-0.43817
2.53330
-1.30822
-0.58227
-0.69222
1.64560
2.75588
-0.64986
-1.80416
2.90191
-4.03475
3.37068
-1.08135
0.27982
-2.80380
-1.55352
-3.35656
2.07996
1.78909
-2.44432
3.30825
-1.77660
1.89333
2.73716
-0.02718
0.43350
-0.84301
6.42096
-1.51835
-4.85452
-0.13803
-2.53575
2.84365
-3.11752
-1.22869
-2.30143
0.81636
5.82053
3.69071
-0.62157
-1.81312
4.59551
5.00893
2.49976
-0.03338
-0.51565
3.29441
2.09282
1.90983
0.21670
-4.32391
0.19714
-1.14281
1.54912
0.37147
-0.25598
2.99601
-0.81810
-1.39908
2.80192
1.81338
-1.46884
-3.67361
0.69053
-0.66223
1.63827
-1.63604
-0.56051
2.33491
1.46668
3.88065
0.86257
3.74037
0.96039
-3.42820
-0.35237
1.57919
-1.60114
-0.92862
-1.84186
0.59308
-2.55453
4.58247
-2.28528
-0.98217
1.52020
-0.65827
0.89045
0.43384
1.54285
-3.32871
1.26045
-3.73468
4.15498
-6.10721
-4.95156
-1.43769
3.47950
2.25295
-2.79364
-2.15525
-0.37195
0.28233
-2.94441
0.43001
0.50624
3.56241
-3.25862
0.28675
-2.83201
3.71758
1.28045
1.89746
-4.45895
2.01583
0.69087
4.15255
1.39517
-0.89107
-1.24537
-0.99970
1.65147
-1.77049
2.26572
-2.87169
0.76277
0.85342
2.80333
-1.89678
-5.62638
6.23505
-0.90449
0.32561
-0.34945
-2.60383
3.47543
2.15115
-1.37763
-1.14506
-0.71504
-0.28101
-0.85478
-2.27273
2.59676
2.62385
-1.08854
2.42830
5.01783
2.33209
5.57892
0.47717
4.59355
-1.00772
-2.60691
-0.00116
0.96529
3.00608
-0.72880
-3.00309
1.95475
7.90012
-1.23819
1.22717
2.39391
3.35240
-6.21967
-3.07583
3.12316
0.05662
-0.73725
-2.44249
2.17450
1.65351
1.57805
1.18492
0.30267
2.17497
2.59485
-1.73626
-1.20209
-1.05348
2.83917
-1.03239
2.10615
-0.57314
-1.14347
-2.94681
-2.33426
-0.21358
2.74699
-4.23132
2.32429
-1.70632
3.72683
-2.07933
1.25184
-0.10334
1.92474
2.06596
-2.68937
0.54156
0.14428
-0.76084
0.99816
-0.27277
0.79836
-1.40366
2.86929
2.56872
-2.90067
0.66007
1.75395
-1.14462
3.70307
-2.88800
0.13798
1.29867
4.19522
-4.49633
-2.35520
0.24640
2.61664
3.72277
0.10156
5.35264
0.83850
-2.71005
2.10292
-0.06307
-3.52479
-4.04190
1.77932
-0.64886
1.73740
0.65811
1.11451
-0.70436
1.53495
2.20353
4.85291
2.97347
2.70682
2.79843
1.89813
-1.65594
4.75020
-3.24675
1.18593
-3.25392
0.62435
-1.46675
3.05713
2.92641
3.25021
0.78403
0.01473
0.48463
-5.10661
-0.35764
-5.32667
0.12224
-1.73488
0.29747
-4.91442
1.27661
-2.78061
-1.12643
1.31272
-2.95560
0.66850
1.46711
-1.30223
3.51942
1.87497
-4.82789
-0.87284
0.08286
-3.19540
0.89728
-3.84869
-0.59925
1.05183
5.82579
3.15426
-1.10168
2.17978
-3.76340
5.13230
-1.69037
-0.57064
1.09214
0.46735
3.87828
2.24030
-2.45283
-0.03736
-4.29135
0.78236
4.18131
-1.17746
0.56682
2.36665
0.03457
-1.95194
-1.52181
-2.47316
5.32105
-0.32575
2.32954
-1.50926
-2.01349
2.37122
-1.51670
4.18269
3.06144
-0.65509
-1.10560
-6.46819
-2.39922
-5.48108
0.22301
2.67493
-7.47351
0.48992
0.25581
-1.58207
0.52935
2.69330
-2.24521
-0.66556
3.52385
-1.76980
3.83555
-1.95906
-0.61382
3.23651
4.21815
-3.58314
2.06724
0.63207
-3.76944
-2.72104
1.59985
0.73695
-3.77428
-0.00929
3.99393
-0.13875
1.17610
-3.19949
-5.09956
-1.41282
-0.15214
4.94684
-0.18494
-4.38065
1.69090
1.25382
-2.84910
5.42614
1.69318
-0.31824
-2.00449
2.43090
-1.55282
-0.27168
-1.22302
3.33357
2.95075
-5.33278
-1.69985
-0.85306
-1.61737
-0.62858
-0.05414
-2.58180
0.49928
-6.04100
0.95461
1.60276
1.11052
4.32246
1.05173
3.03327
-2.30325
-1.20400
-1.97804
-2.89558
3.87546
3.34426
-1.02604
-3.39174
-1.87268
1.88286
4.17372
-0.08932
4.05277
1.35352
-3.85779
1.41368
-0.33834
0.89694
-3.18246
-1.49755
-1.33054
1.26377
3.91937
0.15995
-1.14291
0.06512
1.27367
1.39977
1.94439
3.42779
1.99341
0.68769
2.35604
1.93909
0.19467
-0.08686
1.54238
-2.49915
-0.35120
-3.22825
0.54502
3.49769
1.18109
-3.59307
-2.12626
0.23718
-2.26329
0.98536
-0.50887
0.70661
-2.18443
1.86234
-5.36494
-3.10284
-4.91129
-0.22447
2.41839
-0.84725
0.27010
-0.94327
2.83158
-0.86451
3.31925
-0.06640
-0.54562
1.19799
0.78568
-0.89557
-3.03332
-1.53364
-3.65053
-4.50199
1.23196
-1.35158
5.63416
-3.69532
3.04866
-0.68172
3.27975
-0.64588
-1.17849
5.29637
-0.05280
3.54282
-1.74431
0.29141
0.31145
2.37479
1.30605
-0.82402
-1.67798
0.00633
-1.15027
-3.35300
-0.68040
-0.85561
4.20626
0.13893
-1.99112
-1.77238
-1.23758
1.03842
5.06034
3.54098
-4.11032
-0.56044
2.97630
-2.10676
-2.56165
-0.79245
2.77979
0.88494
5.35832
0.14659
1.92966
1.96618
-0.14716
-0.32012
-2.27458
-5.53983
4.02315
-2.30748
1.06625
4.63330
-1.40316
-4.91450
-8.08151
-3.53881
0.86962
2.38975
1.36121
-2.49962
-4.11086
-4.26096
-1.97267
2.59385
-0.03422
0.84408
1.24901
5.48239
-1.71553
2.01878
0.89927
-2.27567
1.19002
-1.39624
-1.98001
-3.56078
2.09539
2.46988
-5.02437
0.42001
1.64958
-1.78651
-2.92496
-0.18270
0.26733
-6.22568
1.14149
0.17343
0.12563
0.46084
-3.88555
0.13083
1.40168
3.41877
2.83538
-4.22015
5.51334
3.43428
1.86955
4.70837
-1.64656
-1.73976
1.16901
1.00354
4.71793
-4.07464
-3.84700
-1.35327
1.80504
-1.19533
0.61324
-2.86777
2.81577
-4.90395
-1.43016
-0.69275
1.28663
0.96072
0.47276
2.14092
-1.03181
-1.02475
-0.74321
0.40056
0.78788
-3.56667
-1.65887
-1.20787
-0.36094
3.19036
1.03422
-3.13231
1.57601
-3.90723
0.40842
2.62179
-4.05406
1.15180
-1.70475
0.16922
-0.51165
4.59786
4.52396
2.21552
-2.16868
4.12836
-1.64886
-1.92447
-0.20315
-3.06548
-3.03708
0.69072
-1.85026
-1.30446
-0.47820
-2.29422
0.82819
1.18119
1.24086
-2.44255
0.02865
1.23287
-2.25625
-0.63397
-0.92928
-1.46935
-2.70797
3.92100
-1.31394
0.20986
-1.33257
1.10839
1.68023
0.28908
-1.32413
-3.11941
2.91939
-0.15754
4.75933
1.83152
-2.95300
-0.05547
2.49782
0.40890
0.13774
0.19922
-0.38754
-3.57114
2.05653
0.15628
-2.66198
-0.91028
-3.37784
-2.00765
2.23760
-3.94993
-2.28887
-0.69053
-0.73387
-1.80416
-5.05792
4.56592
6.41816
-0.19223
-2.33407
2.95692
-2.07822
0.00060
-2.44969
1.30627
-0.51870
0.59949
1.32233
0.88051
-3.02541
2.63561
-1.23739
3.38787
0.80262
-1.38106
2.89255
1.69829
-0.10349
1.84443
0.57961
0.00507
3.06387
-0.07155
-2.11156
1.38576
-1.60132
2.77757
-3.58942
0.87758
-1.56338
1.62622
-1.30802
1.84567
-2.12954
1.56113
1.30088
-2.67399
-1.81349
1.11401
-0.55507
1.12783
5.58102
-2.40313
-1.24699
-1.68767
-0.11727
0.82258
1.78356
1.03791
-0.49268
1.97887
2.58771
3.07623
-2.83848
-0.98853
0.51600
0.57422
1.53633
-4.78318
-3.50837
0.75818
-0.15652
2.29968
-1.45810
7.13602
4.26498
-1.14414
-2.11989
1.99814
-0.72462
1.86326
5.53500
2.79484
2.44095
1.42107
-0.24581
-0.32800
-0.04747
-2.30812
-0.18775
-3.19412
-1.59093
-2.42476
-2.33038
-2.74186
-0.81644
0.82057
-1.28128
2.92986
4.94452
-4.25160
4.01587
-4.78064
-1.27933
0.08149
2.96443
-0.36754
1.58679
1.46998
4.47658
1.72249
-0.46850
2.21527
0.12483
-1.65803
3.33791
-2.02611
-1.63060
-0.96165
-3.11212
1.84166
2.76901
0.25630
-0.65800
-3.56736
0.27770
3.43536
-2.86012
1.29822
-8.78564
-4.81034
1.18324
-0.19824
1.33295
-2.15600
0.29481
4.84320
-1.91971
0.66086
-5.27326
-2.14210
-0.97648
-1.70769
-0.29717
0.51055
2.54338
-1.22058
-5.94687
-0.62252
0.00959
3.56683
0.51257
0.32650
1.48601
0.96551
2.58519
-1.59469
-1.88856
5.15115
0.92208
-2.01331
-3.20039
1.42790
-2.51845
-0.82309
-5.63155
0.58107
-0.67109
-2.08446
2.10429
1.58452
2.23611
0.76584
0.67906
-1.39366
0.85342
-0.74046
-1.11211
1.89278
-0.90239
-4.56789
2.92799
-1.68383
1.44715
2.17627
-0.01764
-0.87725
-0.83498
3.63647
-2.15689
-1.43499
2.10132
-2.28310
-0.07892
-0.38109
-2.12287
3.19982
0.26294
0.12238
1.10554
0.82943
1.78761
-3.84715
-0.14479
2.57977
0.88142
2.97541
-0.41445
-3.31600
-0.10168
2.02851
2.48173
0.51519
1.23428
2.98258
1.70919
0.41779
-4.42380
-2.81175
1.42203
2.05684
-4.89355
2.57163
-3.12679
-1.29872
-1.28008
2.79946
-2.17057
-2.39279
-0.77159
2.23073
-2.09687
0.03326
-0.17626
-0.28423
-0.19658
1.61770
-2.30786
4.41883
-3.41965
2.22210
-3.15488
-2.99709
-1.65715
1.22042
-2.18489
-1.33485
2.02766
-1.65544
0.26792
2.85993
1.19497
0.08983
0.69866
-0.80883
2.04757
-5.05861
0.03869
-1.89308
1.03568
1.46883
2.94403
-2.87134
-0.93901
0.98693
-0.63011
0.57473
-1.19958
-1.14237
-1.48224
-1.76514
3.10636
2.77312
1.53270
-0.83587
-1.45468
-2.17431
-2.62361
0.53060
0.40940
0.95807
1.49207
2.80823
0.52656
-2.12077
-0.41111
1.59401
-1.67056
3.20811
1.47179
-1.36780
4.49270
0.90395
2.24250
-0.77212
-4.57876
2.48860
4.23886
2.54401
3.11886
0.04787
0.08479
-0.95891
0.11345
-0.18372
0.38949
-0.35766
0.61589
-4.91114
0.31599
3.54751
2.76419
2.32643
-1.73980
0.14996
-0.98620
-2.84790
-1.10814
2.37700
-1.77875
-0.29543
0.83094
2.04230
-0.12284
-1.23605
-2.90651
0.87420
-3.19844
2.55838
-0.32307
-2.70109
1.08106
-0.45641
-0.41196
3.94585
-0.43536
2.25825
1.58538
2.82086
-4.40471
-1.37506
0.80023
-1.11625
-0.93779
1.82763
-2.59997
-1.28131
-4.13531
-2.54210
-2.20228
0.33937
2.96577
-1.26423
-3.01447
-3.88607
-1.91047
0.72519
-3.25595
-0.56703
-2.21166
-5.11189
0.49545
-1.53450
4.88064
-2.80976
-1.75393
1.72878
-0.68326
-1.65681
-0.80157
1.51061
0.54223
-0.84720
2.05480
-4.79433
1.33884
1.00819
-0.86684
-2.99609
2.01433
-1.02798
1.45543
3.27669
2.84386
-2.36588
2.08581
0.18865
-1.98180
-0.81657
6.20556
0.00606
-1.35915
1.55040
0.90078
-0.32036
0.14286
0.25881
4.54147
1.95061
-0.99617
2.72541
1.81833
0.13097
-0.91308
-1.74781
0.14482
1.25919
2.84261
-1.32885
0.88041
-2.50629
0.34299
1.91767
1.26480
3.11788
1.26921
-0.23029
-0.88954
0.92191
3.17569
-2.96244
-0.27091
2.61582
-3.44452
1.37365
-3.83227
-2.60535
0.90886
-1.32833
0.19652
-0.35642
-0.15394
5.00287
0.60003
-0.19060
0.84549
1.02108
-2.70321
-0.33509
-1.43365
1.41519
-2.90368
0.04268
-0.57330
0.17747
1.00144
4.66709
0.70676
-3.41765
-0.98938
-0.75008
2.00541
-2.07953
2.03883
0.10609
0.41067
0.51190
-0.12976
1.25068
0.19626
2.18650
0.89565
1.69377
-0.55526
-0.81046
0.13359
-4.89926
-1.18168
-0.37380
-1.36446
1.15940
0.53822
2.47666
0.46540
-0.35446
1.54278
-2.15460
0.72650
0.67578
-0.83946
-2.36084
0.75404
-3.99195
-0.53282
4.31408
1.74813
7.17236
2.90712
-3.05477
-4.26532
1.03035
0.55094
-4.11087
1.63680
-0.74627
-0.82816
-0.88065
5.09694
1.87019
-2.70665
1.29187
1.07922
-3.74278
0.37376
3.83653
-1.48867
-2.58316
-0.24569
2.01706
-1.52184
3.68912
0.19222
-1.60985
-0.18710
4.82093
3.12135
-0.08423
-0.68465
-0.06221
4.95041
-0.85217
-1.25549
1.98001
3.67349
3.02004
-1.95168
-0.68527
-1.28215
-2.46535
1.98592
-0.31877
1.50574
0.23856
1.74954
-4.19377
2.23973
0.79859
0.01883
0.35946
0.34038
2.51874
0.70577
-0.46712
-0.15051
-0.26534
4.46516
1.69219
-3.75873
-1.80811
-1.72377
4.26544
1.02108
-5.16168
0.94352
2.13016
0.09377
4.09015
1.26696
0.57862
-0.72323
-2.19212
-1.81199
3.63596
-3.24354
1.77601
-3.52408
0.45851
4.46509
1.29887
0.66868
-2.79130
2.54781
-0.46340
2.72377
-1.42368
-4.06167
-0.71905
-3.22274
-0.31917
-0.31930
0.13034
1.41494
-2.78207
-1.17601
2.58997
0.11035
-3.79400
0.69661
0.64063
-0.83697
-2.21692
1.95011
-1.70721
-0.55031
1.74698
-5.05824
-0.98693
2.06839
0.89246
-3.02278
-0.39094
2.28805
0.97217
-0.49713
0.09043
0.55395
2.61046
-0.14646
1.66750
3.44712
-0.96464
-0.15694
-4.99624
1.96314
-1.21321
-1.38111
2.11175
-0.45640
1.69136
-0.40204
0.67985
0.11447
-0.34823
1.11013
3.49222
3.62276
-0.11319
-1.19749
1.58207
0.38003
1.77673
0.04287
-0.24399
0.33145
-1.73674
0.84663
2.30578
-0.58301
4.64489
1.75567
-0.55572
3.16020
1.65575
-1.77901
0.23741
0.14174
-1.97272
2.25919
0.93565
5.12423
0.22244
1.94844
-0.04076
0.60252
-1.19672
-1.90611
-0.31738
2.11163
-0.44399
-2.69066
-1.34493
-3.55819
-3.38527
2.20460
2.41914
-4.47915
-1.97255
-0.52822
0.53696
-2.99124
0.41782
-5.33266
-1.10678
-1.59421
-3.53007
-1.83011
-1.64753
-1.93350
-0.06195
3.38452
1.20890
1.68779
2.17452
-0.37367
-0.33312
1.81071
-1.12851
-2.39977
-1.19640
-1.36427
-1.24331
6.40489
-0.75172
0.83522
2.44215
1.10768
-2.66121
0.68956
-2.66049
0.41652
-0.18852
1.47516
5.11437
1.85177
0.77325
2.65523
-0.68506
3.17118
-0.17513
2.44585
4.04841
-1.24252
2.86709
2.31108
-1.63874
3.97165
0.51644
3.09060
2.49490
1.38313
2.13282
-2.30162
1.45988
-3.64018
0.30499
-1.37064
-1.72275
1.37295
-1.52685
0.57157
-1.52848
-0.60661
3.77584
-2.11505
1.42723
2.07421
2.85134
1.35090
3.02571
0.75943
2.36774
1.78731
0.36348
0.51568
-3.83948
-4.71220
-3.97922
-0.71961
2.01317
0.91543
3.12259
-2.64787
0.22106
1.79042
2.47643
2.03031
-2.89850
1.92758
-1.73727
-3.29140
-2.16426
1.19480
4.22344
-0.64848
-0.84218
3.25973
1.75498
-0.60798
-0.90931
1.19289
2.87406
0.59766
-2.21623
-1.71406
2.73016
-4.23377
-0.95989
-2.40663
2.02606
-3.24525
-6.22220
1.84106
0.87420
0.22235
-0.66550
1.52006
-1.09046
0.68027
2.52044
2.67422
1.65248
-1.06227
-2.04326
0.05371
6.40441
-0.51533
5.48204
-0.41569
3.74931
-3.23134
0.57958
-1.37341
-1.63251
1.10025
2.94251
1.01982
0.44448
3.32198
-0.93092
1.30935
0.79428
-3.98229
3.20133
-1.78981
2.89897
4.48445
2.39178
3.23181
4.60506
0.05519
-0.57722
-1.82603
-2.74326
0.91422
1.27368
-3.21303
0.76657
-1.53935
3.72489
-2.52410
-2.83900
-2.24081
0.73407
-1.75215
-2.97721
0.98935
-1.40926
-1.80741
0.86076
2.04946
-0.70608
2.93997
2.33745
-7.33775
-0.84755
-3.38089
-1.63823
-1.28963
-3.38035
-1.21758
2.90803
-0.69795
-1.50322
-0.96896
-1.53262
-2.70819
1.37515
0.01715
2.91881
0.51722
-0.10814
0.32695
-3.70440
0.88736
4.69821
-0.98251
2.78887
-6.78986
-2.86586
2.93215
7.06727
-3.30615
1.02837
-1.52713
-1.70452
-1.68423
-1.14953
0.12445
-7.20666
0.55830
0.36090
-3.00365
1.02017
-0.17890
4.57749
-1.83286
-1.83421
1.61510
1.24895
-1.16084
-0.87145
2.09533
0.92582
2.24244
0.83717
1.69158
-1.10686
3.67077
0.47254
3.86112
0.85197
-1.12249
0.59100
-1.73486
-2.15146
-0.09016
-0.81893
-0.52238
3.98631
-0.56961
1.50256
4.72496
2.39033
-3.67184
3.93122
-1.73197
-1.73272
-1.43095
1.92062
1.06404
-0.06414
-2.99831
-4.28601
-1.80875
0.07607
-0.70709
3.57322
3.99852
-0.36341
-2.33637
-4.06921
3.43939
-1.27212
-2.98130
1.25374
-2.62852
-1.83767
0.11063
1.55149
-3.57068
2.00685
-3.92608
3.34677
-1.47913
-0.59669
-0.73175
-2.21014
1.08189
-3.79339
-0.01047
-0.30229
0.82585
-4.14541
2.12682
-2.34634
3.08315
-1.79025
-0.99245
1.47275
-0.42320
-0.26585
-0.62308
1.86620
-0.51390
2.41035
-1.71933
-2.55273
2.09860
-1.88567
2.23615
0.56711
-4.87595
-4.36779
2.53704
1.93561
-2.14427
-3.60964
-1.94005
2.70445
-1.11840
-1.40289
2.77894
3.82866
-1.45702
-1.64171
-4.21577
3.30110
-3.12527
0.20094
1.66621
-3.15509
-0.66846
-3.10375
-0.80307
-1.42119
-1.12091
-4.55079
-1.47048
3.90869
4.29556
1.35271
1.94511
-0.10373
1.79588
-1.19483
0.05467
-2.48007
-1.19928
0.97209
0.11830
4.36715
3.06713
-0.46279
0.63798
-1.02943
-0.04403
-0.01589
-1.22223
4.50747
-4.01962
-3.40709
-1.58742
2.06511
1.32344
-0.88970
2.52517
0.72753
0.52090
0.18136
-0.00484
2.53424
-2.85041
3.17110
-0.15893
4.77238
3.91447
1.10319
2.48416
0.50238
1.91601
-0.91529
0.10668
-2.76083
-1.89420
0.88830
0.70205
-1.78282
-0.57763
-1.73905
1.98712
-0.02408
0.65896
-0.14708
-4.90118
-1.47762
2.55138
-0.31895
0.06841
-2.71201
-2.17154
-1.17417
1.06863
0.83239
-1.74716
-1.74431
0.80783
2.78024
1.02100
-0.20893
-0.86778
-1.72879
-0.90853
-1.88570
3.41019
1.42331
-0.34025
2.82149
0.04859
2.19671
0.60725
2.08390
2.79019
2.24756
-5.36686
-2.15387
5.48447
1.59822
1.51853
-0.90147
-0.04891
-2.47331
2.22189
-0.28426
-0.59262
-2.57043
-1.49402
-0.38589
-1.51362
0.79194
0.53979
0.45394
-0.31472
0.75571
1.94797
-1.76119
-2.27826
2.01912
-3.46981
4.51839
0.16848
-1.16856
4.64404
2.43798
2.89522
2.15659
-2.16579
-2.69374
-2.40621
2.31741
1.12999
-5.14826
-2.28716
-2.75813
-2.18685
-2.78905
-3.58822
-0.89583
3.05606
1.03116
-2.34325
-2.32216
3.71382
3.07376
-0.26725
0.43873
-1.95428
-2.34320
-5.20691
-1.76251
0.07665
-2.89834
1.88045
0.62383
3.03376
2.70688
2.97363
1.85546
-2.98882
2.51802
0.02165
0.23612
-2.44126
0.01804
-0.28546
-0.34071
1.75681
-1.58948
-0.29110
0.20605
0.74602
1.28560
1.22549
-0.88477
-0.24818
-3.00652
0.36034
-0.77488
-1.23811
0.47216
-1.79615
3.96841
-0.25109
2.06742
-3.76470
1.80100
0.82783
-3.26114
0.78436
-0.90872
-0.79813
-1.31998
0.16895
2.71631
-1.37509
3.11634
2.09207
-0.87104
1.26951
3.50333
0.28487
-4.88286
0.58613
3.08283
1.48965
-1.97854
2.20838
2.58542
-0.53481
2.20805
-0.65620
-0.33073
0.82268
2.39898
-3.69756
0.96714
1.46805
-0.57196
1.75286
1.22590
-1.53828
-1.64383
-1.56991
0.53059
3.16414
-6.15499
-2.37634
-1.49594
0.90047
-6.01286
0.62650
-2.99070
-0.66112
4.80710
1.45214
1.30689
1.44558
-0.07564
-2.73965
0.93352
1.66772
0.72036
-2.08870
2.56610
1.82320
0.60664
1.84307
-4.34889
3.38180
-0.20875
1.61594
-0.08067
0.83137
1.23343
-1.30329
-0.09199
3.05706
-0.00198
3.96463
1.00349
1.35486
-4.51338
-1.92257
2.25919
-1.46940
1.60298
1.48856
-1.67145
2.37929
-2.45043
-0.45215
0.42664
-1.17559
1.52575
1.22049
1.70362
-2.79080
-4.85542
3.09251
2.00253
-0.92032
-3.86803
-0.23791
1.36918
0.90718
0.38015
-2.03734
-1.53408
1.83853
0.85455
-4.34380
0.68254
-2.38025
3.20270
0.82934
1.68980
-1.00640
-0.09632
-0.02646
1.08323
-1.18310
-3.48827
-0.33967
2.41189
-1.71169
1.20369
3.46042
1.91321
2.73466
2.14514
-1.18167
-2.54984
-2.99068
1.24551
-1.80163
3.47445
-1.80133
-4.22830
2.48170
3.84899
-0.93031
0.28230
3.41756
-2.40215
2.17116
0.27747
-3.60672
1.66886
-0.03285
-0.75800
2.46351
-2.69813
2.06374
4.27380
1.61464
-1.45388
-0.34585
-0.71358
-1.46389
0.71652
-1.04984
0.01756
3.10832
2.52003
-1.19594
-0.50435
-3.42123
-6.03351
-0.82080
4.97622
-4.98023
2.63823
-1.92194
-0.59433
2.46791
0.26053
0.76243
-1.17480
-0.68914
2.32301
-3.13815
0.16935
-2.60167
0.93497
-2.67370
-1.93522
-2.09730
-3.21117
-1.57272
0.06707
-4.14391
2.71491
1.51580
-2.57812
-4.07497
1.52181
0.25648
2.39914
1.45809
3.70252
0.50155
0.93245
-0.55289
-4.39357
-1.16852
2.30196
-1.62833
-0.42922
5.09650
0.66755
2.54693
5.02274
-0.39444
-1.57611
1.64733
4.31945
-0.09493
4.12614
4.07122
-2.25226
-0.53592
2.07741
2.79588
-0.45608
0.00598
-3.91849
-3.83611
3.89921
-2.38064
-1.31725
-2.61306
1.95183
1.09850
1.96223
0.15584
0.92205
-2.90216
0.24385
-0.89149
3.02456
-1.39919
3.89627
-0.25378
-0.45371
0.24171
3.26753
-0.38100
2.36503
-2.19383
0.03774
2.03688
5.34993
-3.82705
1.38490
1.35713
-3.12230
-0.32441
-0.11124
0.82343
0.89148
-1.35052
-0.48970
-2.32668
3.86169
0.91442
-3.12940
3.22325
0.30647
2.75738
0.74632
3.29830
0.22055
0.59958
2.20943
3.85480
4.97507
-1.82421
-1.11047
-0.17160
-1.69275
-0.79854
3.42084
3.34395
-1.19681
-4.26064
0.31642
0.47763
-1.96354
0.13261
-0.19838
1.79755
2.28848
-1.86949
-2.89803
-1.96628
-1.00873
1.19240
-1.69903
3.56306
1.20907
3.12514
-1.81427
-3.08722
-2.54704
0.41977
0.90692
1.44753
2.64372
0.64403
1.64807
7.21077
3.18183
0.60698
2.37656
1.94742
-2.86401
-1.55699
-0.41510
-1.99486
-3.39175
-1.35066
-1.33615
-0.99765
3.61240
-0.93698
-4.13456
-0.03502
0.21885
-1.41482
-4.52284
1.08054
0.96700
-0.12087
-3.02497
2.32103
-3.54068
0.41514
2.80972
-3.53839
0.91971
0.64968
-2.07144
0.88582
1.03548
-1.37806
-1.08158
-0.61532
-0.26180
-2.00294
0.36598
-0.49634
2.41031
3.27997
-2.22754
0.84855
-2.13376
-4.24526
-1.99991
1.69650
-1.41846
-1.36434
-0.33590
1.35784
-2.18233
0.80509
2.21099
1.42947
3.26265
-0.93493
-3.82368
0.72265
2.55535
-0.62224
3.26298
-1.61373
-4.14059
-2.73159
3.63630
0.17142
4.88434
1.97174
-0.81395
0.03740
-0.32459
-0.13687
0.21757
4.48973
-1.39295
-0.96960
1.64942
-1.25267
3.86287
-3.81507
-4.28304
1.67384
-1.06405
0.86995
0.85077
-2.09685
4.32719
-0.66372
5.29539
4.95383
1.30301
-1.62895
-0.03194
-0.41496
-0.11217
1.21236
1.83428
1.98493
-0.93645
-0.97751
1.55346
1.59319
5.73388
-0.75107
-1.51786
-0.92682
0.46457
5.33365
-3.10068
1.95870
4.48318
-1.18895
3.59076
2.92867
2.58297
-2.54674
-1.90324
1.16424
-2.02676
0.49506
-0.56603
-0.68665
-2.81900
-2.28654
-2.21627
3.27264
-0.08183
-1.59717
1.43319
8.24702
-2.67554
-1.39054
2.93646
0.23459
-0.46929
0.64391
1.20802
-1.53118
-1.15148
0.24315
1.91015
4.87825
-2.40211
-0.66265
-2.32608
1.93063
1.61370
-0.57875
-2.81982
2.67943
0.33501
-4.38866
-1.12324
-2.91267
0.41378
1.36332
2.71876
2.01304
1.04100
2.67836
-1.82317
-2.10115
-1.47961
-1.81923
-0.76069
2.72354
-2.23485
-3.74397
0.35242
-2.17285
2.98232
0.14424
2.05638
0.80477
-0.00120
1.29182
3.16088
1.23058
0.27809
-1.62667
-0.58165
-2.21541
3.37181
0.11414
3.08760
-1.64833
5.68925
0.04258
1.92018
2.79054
1.30174
-1.72031
0.88646
0.49121
2.45440
0.57698
1.95936
3.06700
-0.56377
2.94893
-1.06946
-0.19735
0.11665
3.17358
-1.59918
3.12048
1.60863
-3.24386
1.05958
0.05367
2.07905
1.85229
-0.66516
-0.26882
0.98440
1.81745
-2.34728
0.94037
1.42243
4.41345
0.77971
-3.08158
-2.22332
-1.21363
-1.29661
-1.57062
-2.27741
0.01264
-2.66848
1.67292
3.46077
-4.20869
-1.51126
-1.70455
-1.06670
-2.39532
0.82138
-1.04660
-1.01241
0.09200
-2.86868
0.34511
-0.29004
2.03574
1.83458
-1.86826
2.83747
-5.70673
1.06359
-4.18598
-0.61270
1.09964
3.48748
2.23024
0.19476
-2.87383
-0.04886
-2.49400
0.07838
-2.77442
-2.52080
-1.71051
-0.80826
-1.72093
2.42748
-2.02155
-0.66323
0.56855
2.06902
2.06531
0.32579
-1.79350
0.03707
3.18469
1.10461
-0.59167
-3.56122
0.05356
-0.12220
-4.86519
-0.19764
1.19800
-3.34730
0.36732
0.87961
2.19420
-0.39110
1.03370
1.29233
0.47886
2.02324
0.42344
2.53117
-0.11471
0.67580
-2.04029
-2.84673
1.55318
-3.80777
4.86561
-0.67692
-1.79098
-1.52802
0.87424
1.49597
-3.85297
1.90439
4.73592
2.31174
2.00704
-0.11299
2.97926
-1.06106
1.62327
-4.84166
0.08605
-2.61510
2.45912
3.02886
1.51409
-0.54246
-0.88704
2.18070
-2.66542
-3.10649
-0.38506
-0.56622
1.47840
4.37011
1.87568
-2.64362
-0.51319
-4.75027
-5.73233
0.67122
-4.04808
2.66263
0.63313
2.87125
-3.30585
2.22348
-0.30824
-2.60989
3.59291
1.87260
-0.41565
0.77052
-4.06100
-0.00743
2.23561
2.20031
-0.70709
-4.58094
3.37358
0.06254
0.44840
2.55423
-5.82542
2.21195
1.74209
-4.64262
1.83553
0.62336
2.13692
-1.27023
1.97820
-4.56969
-1.02461
-5.66383
-4.22734
-1.24944
1.18506
-0.34276
-4.16364
-1.59589
0.17349
-1.74145
4.80937
-0.26547
-0.98923
-2.18708
-2.29243
-0.57889
4.72506
3.23260
2.38995
0.86066
-1.63573
1.72401
0.19862
2.62816
0.70842
1.46726
-1.95628
1.23340
1.09252
0.07719
1.93559
-7.20728
-0.05216
1.32460
2.02269
-1.72590
2.31798
-5.49386
-0.88701
1.81970
-1.42399
-2.06911
-2.57095
-3.71204
-1.38314
-1.19313
-1.91998
4.63928
-0.14631
0.46969
-2.10973
-0.37582
-0.00502
-3.09732
1.31116
4.80191
5.13363
-2.65101
-0.07850
0.33239
-3.56562
-0.42117
2.63487
-1.21677
-1.33892
-1.02667
-2.07612
1.37300
-2.92891
0.39635
5.35805
1.47717
4.92511
-0.73448
1.13343
-1.64585
3.79722
0.42741
2.79160
0.69699
-3.50605
3.48262
-0.11310
-1.91101
2.67837
1.67804
-0.46073
2.05366
0.51947
1.60843
-4.23834
-2.68936
-2.49764
-1.60377
-4.30238
-5.91464
-0.04849
-0.50916
3.14723
3.42385
-0.72275
-2.35713
-0.79603
3.08019
3.59348
-3.69030
1.33756
1.18792
-3.49616
1.50682
-5.41586
-0.94820
2.59818
-0.31417
0.36740
1.30434
-2.93916
0.43394
2.46995
-0.85316
-3.78345
0.49218
1.01531
5.15464
1.08927
-0.82557
-0.54033
-2.03760
-3.38211
5.48625
-3.87521
-0.06926
1.98682
1.75071
3.59507
1.94293
2.59611
1.74543
-1.83611
1.05595
-1.74591
1.00616
-2.87547
5.77269
-0.72731
2.01571
0.93944
-2.04472
2.21733
-0.89247
-0.55781
-2.50095
-3.19481
2.85801
2.19686
2.18452
-2.96667
-5.30647
-3.42631
-3.13675
2.70191
1.51410
-2.20087
0.37498
0.00768
0.49034
-1.74200
-1.64729
-1.82394
-0.84300
0.71812
-1.42083
1.35193
4.16482
-4.65194
-4.47743
6.24369
2.38164
-0.40337
-0.25364
1.25163
-0.59969
1.23855
-3.23741
-5.97323
1.27153
2.80893
0.49542
-2.21892
-1.03016
-1.09523
2.40647
-2.90776
0.19710
0.32131
-0.52591
-6.04059
5.17264
-5.52263
4.40712
-0.42612
-0.30247
0.65049
-2.57683
4.24962
4.31780
2.62295
1.78938
-1.54042
-1.81167
-0.25612
-0.85946
1.69062
-1.98843
1.24916
0.05153
-3.81740
0.82601
-0.10381
-1.88380
-4.15237
2.32858
2.33231
0.18102
1.72191
-1.61213
-0.23220
-1.79263
3.09324
-2.92922
0.09338
-1.43120
0.86972
-0.27303
3.79041
-1.63158
-2.12020
0.80940
-0.50861
-0.93995
0.38962
1.43941
1.47271
-4.54308
2.32604
0.37153
0.41209
0.51219
0.62430
2.18898
2.93543
-2.33513
1.36602
-0.83117
0.79133
-2.10026
2.41744
-0.43452
-0.15580
0.41012
1.15131
-2.40487
3.67303
-1.33068
2.71102
-2.44000
-1.04838
1.19164
-3.90457
2.53467
0.85201
-0.02697
4.56114
-3.42830
-1.53838
-1.44777
-0.99440
-0.64768
-0.95557
-4.22912
-1.13280
-0.20480
0.91739
-2.26390
2.38726
-1.84646
0.11859
0.69233
1.30517
4.00396
2.12853
4.37120
-2.34661
5.62275
0.03422
-0.92460
-2.18508
-0.77840
-2.27525
0.60905
-3.87228
0.62839
-2.99252
-1.60505
3.25470
-0.87572
-0.33133
-0.55827
0.36649
-0.12386
-1.15859
-3.74426
5.11463
-0.87222
-5.06845
-2.36821
0.18666
6.02661
0.99884
-2.70441
0.87937
-1.20846
3.62122
3.69782
-0.81999
2.58273
3.59451
-1.12648
-3.68526
1.20462
1.50640
-3.77321
-1.39274
-1.15127
2.49466
0.92487
-1.60794
1.16197
-1.21260
3.35669
-4.05042
3.50156
0.04901
2.19719
-0.12427
2.78603
-1.13409
0.65177
1.08968
1.68954
5.62513
-0.10527
-5.37361
1.09476
-0.82507
-3.65256
3.16317
-0.48625
-1.23364
1.69188
1.33311
-4.96324
1.79281
0.95186
-3.11172
4.98912
1.68237
-4.76088
-3.71008
0.30226
2.06080
-2.34403
-0.69528
-0.95435
-0.37669
-0.91176
-2.85317
-1.42819
1.59660
-3.15140
0.20147
-2.85602
3.10266
-2.04030
-1.60071
-1.34616
-2.97474
0.86172
2.71906
-0.07105
1.37024
4.96119
-1.40133
-3.42100
-0.83837
0.89571
0.14540
2.89584
-1.04761
-1.25053
0.97347
3.16828
0.73861
-0.50225
0.89658
-0.93697
1.51921
-3.32578
-0.22637
0.03447
2.57916
1.48730
0.57514
2.14717
-0.45777
-3.79708
0.90521
-0.66714
-2.19304
-0.48681
1.84618
1.52982
-1.86050
-1.32343
-1.04621
3.49217
-2.30535
1.99125
-4.37355
-3.26439
-0.15964
-0.61829
-3.72730
-1.12498
0.29227
0.25197
1.99981
-4.14507
0.07805
-3.99812
2.38044
-1.63902
-1.77059
-1.29201
1.41650
-4.79448
3.66004
-0.72795
-3.92412
0.87229
0.55878
0.24949
0.02440
1.63860
4.27568
-2.81918
-1.32140
-2.79924
-2.18862
0.55585
-3.54188
1.57212
4.87230
-6.14634
-0.44440
-1.45644
-0.12134
-4.38699
-4.57685
-2.16918
4.68231
2.67186
-1.17253
2.20996
-1.78874
-3.11272
2.48764
4.35471
3.45088
-1.92785
-2.72024
1.36429
-5.58714
1.02597
-5.02295
1.95307
-1.32490
-0.27514
-0.88200
3.55177
0.55657
2.85179
0.32376
3.53857
0.61094
0.24703
1.31817
-3.39269
1.47478
2.25037
0.52693
-0.52613
1.94610
4.29169
-1.16019
-2.61879
-1.36089
5.56263
2.08030
-0.66929
-0.82739
-1.62877
-0.80771
-7.31106
1.31836
1.39553
1.92000
0.47809
-3.30398
0.12619
1.92047
-4.59569
1.08874
0.82692
1.13898
0.98523
1.51763
0.40109
2.19224
5.27968
0.03210
0.03680
2.32036
-0.74329
2.30863
-2.06124
-3.43133
-0.86094
1.85581
1.26601
1.99863
5.17945
-6.67921
-0.05293
-0.74000
-0.93116
-0.14535
4.04663
1.91985
2.04960
4.99212
-1.29986
-2.62546
2.56009
-1.24256
-3.49045
1.72554
-4.34851
0.24238
-4.39776
0.71574
-1.70075
4.04045
-2.01154
-0.90832
0.69522
2.09247
5.99931
-0.57410
1.05342
-3.02119
2.94022
2.26922
-1.95515
-1.36968
-1.03131
1.61112
-3.28240
2.49128
2.14873
0.89040
-0.91106
6.03361
-2.14867
2.56350
-2.51857
-1.13655
-1.18389
2.26948
-1.87720
-2.62663
-3.14225
-0.77644
2.67320
-2.37453
-0.38269
2.95340
2.17365
-4.12187
2.41668
4.39313
-2.03994
2.28452
3.98292
-2.95290
0.78646
-0.72322
-1.76076
2.73361
-0.53115
0.49889
1.84172
1.20595
-0.38563
-3.31357
2.12669
-1.17576
1.16749
-1.33144
-0.44788
-0.10786
3.59713
2.08076
3.99608
6.87517
-1.86851
-2.54388
-0.40976
-1.91225
1.39192
1.98529
0.92709
2.83548
-0.54745
-3.65840
-0.60715
3.35768
0.08269
-1.57411
4.45037
4.33912
0.77552
0.56945
1.45923
-1.81935
-4.99941
-0.81759
3.05653
-0.35185
-1.20684
2.10326
-2.32275
-0.74842
1.31382
0.24708
-1.63144
1.72649
-2.25405
0.75791
-1.80146
2.82560
0.66459
-0.41027
2.16469
1.84164
0.94258
-2.62961
4.08920
-0.39740
1.12561
-0.63576
1.49185
4.41146
0.90844
-4.50214
-0.89772
-0.88213
-1.71537
-0.52205
-1.34267
3.94813
0.02478
-2.13160
-0.89936
2.33818
1.31003
-1.68427
-1.57773
1.18992
-2.98105
-0.05710
-2.07681
-2.88939
0.26230
-2.60620
2.29799
-1.50706
-3.11943
-4.93012
-0.77452
2.96274
0.26840
1.74203
-1.23577
-1.71375
1.29596
-2.37295
0.78747
-1.51509
-2.13161
3.55051
-2.59996
-3.50306
-2.58851
-1.41582
-2.13603
0.42312
-0.94426
-2.94565
1.10906
-0.24151
-3.55401
-0.84255
-0.39705
1.96383
-0.95686
-3.11478
0.65683
-1.72823
2.40529
-1.03238
1.68873
-3.61575
2.15661
-0.75753
-0.88734
2.55002
3.81404
-1.17297
0.75103
0.82248
-0.71023
4.19964
-1.79865
-2.86248
0.85246
0.23512
2.55083
0.15524
0.48849
-0.49299
-1.34995
-1.61075
-1.37339
-5.37701
3.56631
-0.26827
-0.12183
-3.84125
-0.18637
-2.79289
-0.73618
-1.93557
-4.50862
0.75353
2.36071
0.25483
-2.74459
3.49706
-0.60633
1.72819
0.19358
-1.35770
2.23473
-3.17029
1.35809
3.92827
-3.18362
3.84259
-4.02968
-0.23543
0.09832
-3.83146
-1.13684
2.62812
-5.92574
-1.77162
4.96467
-3.19765
1.49647
-0.95374
2.19168
-2.23682
3.03192
-2.14835
0.74489
-3.78604
0.84195
4.13669
0.47282
3.30299
3.75723
1.38044
2.17689
1.50024
1.48678
3.63373
0.83173
2.66090
-2.44373
0.26396
0.46199
0.26177
-2.51713
2.31237
2.21797
-1.80810
-0.18155
-5.24051
1.42627
4.65505
1.52657
-3.38014
-2.25763
5.13729
2.32547
-2.81327
-4.22218
-1.43850
-0.08442
-1.19114
-3.50296
4.55437
-1.90856
2.33269
-0.11913
1.05070
-3.13149
1.96870
-0.37780
0.86605
-2.11261
4.68687
0.86060
-1.28812
-0.65293
-0.52572
-2.41959
-6.41135
2.34233
4.12916
-0.35954
0.03214
-1.42136
-0.60739
-0.41683
0.50302
-0.17684
-0.05519
-6.38155
-2.11070
1.06969
1.18968
1.71247
-4.88676
3.58063
0.87023
1.02464
0.55627
-0.70611
0.75176
-2.86530
-0.78508
3.43900
-0.27119
-1.01343
-1.82313
-1.43488
3.68820
2.06405
0.41055
0.19157
3.61052
3.86902
0.39920
-0.64221
-2.33899
-0.93287
6.29021
-1.85541
-2.89706
-2.89935
-0.35007
-0.74274
0.77916
0.88861
-2.64240
-4.78594
-3.74165
-1.07231
-2.08465
1.14548
-1.55925
-2.44383
-1.70933
1.86583
1.48616
0.23023
0.23056
-0.57812
-3.22192
0.96456
1.57599
3.22461
-1.19176
1.78755
-2.28567
-1.85066
0.62580
-1.46570
-1.06714
1.11578
-0.96659
0.36879
-1.40748
-1.13583
-6.28897
-1.88573
2.01544
-1.31327
2.03875
-1.91729
-3.83021
-3.43120
-2.33567
1.54696
-3.95009
-1.03204
4.32539
2.77202
1.27451
-1.94794
3.39864
0.83548
-0.05136
0.44455
1.00861
-2.82523
1.28192
1.66721
0.01646
-3.45542
0.61196
3.94831
3.72684
0.28325
-4.52370
2.47268
-1.36413
5.15700
0.47198
-1.11918
-1.77434
2.71967
2.76077
-6.03612
2.89666
-2.01949
3.04627
-2.35893
-1.04816
-1.40583
7.55243
2.84980
-3.15963
1.97428
4.31628
-2.04781
-4.32227
1.46726
-1.87349
0.96923
-5.54852
-1.48987
2.52542
0.55305
-2.81438
-0.42180
1.53591
0.72288
-4.13267
1.81617
-2.63801
-4.18068
-0.57765
4.64918
-1.95409
1.53125
0.16199
-0.62051
0.97925
1.35461
3.33779
0.80432
-3.83915
0.83616
2.45633
1.87434
-0.32793
-4.02920
1.62058
1.56700
-1.38232
1.70349
-1.96405
1.47217
0.56557
1.59099
0.43858
-2.12186
-0.80679
4.50829
0.15246
-3.73418
1.12604
-1.13012
2.79399
-0.36893
-0.22097
-4.24932
3.03056
0.08443
3.99603
-3.67426
2.18609
4.01927
2.31712
2.95611
-1.02953
2.79543
-3.14434
1.81191
-0.53577
0.39158
3.65133
-0.88286
1.32575
3.21129
1.52367
-0.19453
2.67856
-0.04674
0.25186
-0.57349
2.14641
0.42606
1.04821
2.40709
4.21618
-1.93387
0.15112
2.06846
-0.99358
4.58109
-0.99466
-0.23526
-3.74511
-2.71512
-0.70735
-2.73273
-0.18301
2.62601
2.81122
-0.61424
2.06909
-2.71510
-0.06981
-3.14423
0.23805
2.33966
-4.06319
-0.23096
2.77860
-6.44750
3.06561
-2.96881
-3.09140
-1.28091
-2.66591
2.72673
-3.83315
-0.74180
2.17833
1.58279
0.75353
2.00966
2.30964
1.76234
3.88505
0.71523
-3.25698
1.73884
3.89407
-2.04570
4.43819
1.62018
4.18358
-2.52726
-2.26428
2.84558
-0.40961
0.62637
-4.59089
0.70740
-2.26363
1.48208
-1.92621
0.05865
-0.70949
0.73566
-0.44570
-3.29613
1.29534
-1.94057
1.71301
-1.72753
4.52609
-0.92203
-2.70292
1.16216
-0.27038
2.87819
-1.39667
-4.75124
-2.91076
-3.08503
0.83453
0.07611
1.20015
-0.60644
1.47121
0.08254
2.29049
-0.36868
-3.08416
1.21800
-2.98084
1.62928
-1.86915
0.62552
-0.01833
0.72412
-1.17948
1.24453
-0.70273
2.17753
1.13578
1.82261
0.11232
-1.50409
0.91538
3.20078
1.90173
1.08807
-0.38520
6.01024
0.21945
3.57837
-1.14237
-1.92659
-0.64767
2.60388
-2.18737
-0.55514
-0.83277
3.38752
0.41372
-0.67405
5.17903
3.36022
2.46069
-0.44889
-2.20972
7.32809
-1.68445
1.27351
2.81749
-1.91036
0.39679
0.69488
4.76215
0.90109
0.82108
-1.17905
-1.95455
0.78720
3.10744
-0.71601
-3.11439
-0.95283
-3.70058
4.25032
-0.24109
1.58229
0.51103
-0.26143
-3.21560
-3.97582
3.07306
-0.17588
3.22264
4.01055
-3.14547
0.47322
1.61902
2.73603
4.41701
3.23497
3.48191
-0.31113
-1.26997
-5.29057
0.15078
0.11146
0.89635
0.72942
0.94974
-3.03701
-3.14023
-5.89348
-0.46547
-0.22106
-0.43018
-0.57761
0.23423
-0.31642
-0.08671
1.41542
-1.79057
-0.51291
0.27200
-1.75847
3.02584
0.71514
-1.19452
-2.04601
0.13923
1.06762
-1.04417
0.38241
-0.65138
-2.61472
3.47709
-1.59865
2.31592
-0.23845
3.37944
2.39489
2.12667
0.30734
0.97159
0.51226
0.17965
6.29331
-3.55809
-4.17107
-1.57216
-3.21131
-2.92001
-4.95675
-2.00451
-0.61920
-3.98904
0.68761
-1.66949
3.07491
1.88694
-0.82588
3.74230
0.99878
0.02854
4.00238
-0.47729
2.67830
1.41860
-2.21935
2.82502
-0.25463
-0.82916
-0.58548
-1.44524
1.19005
3.14398
-2.52327
-1.93496
6.65293
4.81735
-1.08096
-1.16758
-0.09020
-3.68273
0.62646
-1.68227
1.81286
-3.11590
2.17939
-1.95906
-2.26494
-0.27327
-2.17331
0.15121
0.77511
1.06232
1.16699
-0.02125
-1.99074
2.80247
-0.15105
-0.08923
0.50453
-0.59065
0.56054
-2.04687
-1.73823
3.84023
4.74648
1.77790
0.31961
-3.91349
-2.53548
-4.14324
-4.07789
-3.63950
-1.35460
-3.42000
0.51542
0.77500
-2.56026
-2.02199
-1.07647
-0.61585
0.05984
-0.67792
0.95687
-2.51607
-3.12245
3.70885
-4.04139
0.95729
1.74736
0.90343
-3.19668
1.24635
-1.63111
-6.47422
-0.98945
1.03152
-2.34327
-0.52989
1.33064
0.27795
0.64196
4.71899
-1.14227
1.30353
-0.40723
-0.02276
-1.73910
2.95672
-1.13272
0.47266
3.59891
1.62231
0.50484
-0.78425
-1.19168
-3.27119
1.79204
-1.83514
3.92730
-1.28485
2.10554
1.70919
1.09302
-5.42091
-1.81654
-0.83923
-2.38491
0.50190
-0.65717
-0.23473
3.72429
-0.94224
0.96296
1.64474
-5.14464
0.72698
2.42120
-1.97261
0.43221
-1.79065
0.30588
1.94306
1.95932
-0.36694
-0.92979
-0.63730
-5.24761
-1.90944
-7.55077
-0.84126
1.07029
2.54410
3.48246
0.08718
-0.12500
0.03889
0.87196
-1.15022
3.77185
2.18148
0.52738
3.25616
0.82263
-2.11957
0.30757
1.00504
-4.98740
3.26407
-3.02513
-1.11586
1.47484
1.09929
0.58857
-2.09826
2.79379
-3.24634
-3.21604
-4.44187
0.98086
1.16664
2.59917
-1.72472
4.79707
-3.81823
-0.56407
-0.60130
2.23854
-1.94060
-1.41142
-0.50910
-0.52588
4.73476
1.13496
2.50253
1.70410
-2.64232
-2.02976
4.14209
-1.42911
-1.81426
1.09430
2.80596
1.57852
6.05517
3.98379
0.73755
1.84469
0.29605
-0.66805
6.21269
-0.68027
-0.82122
-2.13458
4.45133
-1.66074
1.70313
-3.64738
2.46476
2.66320
0.75247
0.93679
4.17296
0.71412
-0.30384
0.10862
-3.12233
-1.16880
1.62328
0.92678
2.20034
-1.75168
2.53911
1.00779
2.83140
-1.41792
-2.61473
-1.28420
-0.46023
-3.22341
6.37838
-1.69147
0.34920
0.39262
-3.29476
0.03124
-0.58056
4.35353
-0.72642
-5.92294
-4.09214
-0.61324
4.65729
0.41105
1.63295
-1.32635
-0.51812
1.52613
1.75495
-0.56017
0.48907
-1.59489
6.19721
0.51920
-0.82632
-0.42622
-1.67359
0.91306
-2.28470
1.58987
-3.08243
-3.64430
1.20806
0.14898
0.97802
0.07374
-1.08824
4.43655
1.32442
0.04796
-2.60177
3.48331
0.48885
0.54322
-1.39996
1.49728
-2.55666
-2.00174
4.52401
-1.82466
-1.05314
0.24022
0.65304
-0.42639
2.37998
1.92295
2.72839
-2.09278
0.01117
-3.31850
-0.62303
0.57362
-0.63650
2.80383
-2.42563
3.03769
-3.61440
-3.34206
-0.97590
-1.68544
-2.30992
0.15497
1.85898
5.49662
-0.22250
-3.66359
-5.47342
0.22513
-6.21414
0.45704
-1.67643
4.13699
-2.05499
1.94951
-4.49894
-2.54589
-1.26319
-1.64668
0.52848
-1.31428
1.97302
-0.61762
-1.69778
-0.52978
1.90535
1.20486
0.59415
-5.42499
2.71800
-3.38137
-1.26959
-1.24249
1.30245
4.61018
1.94237
3.88911
3.71568
1.15013
1.84258
-0.39316
-1.49234
-3.67326
-0.83122
-2.65935
-0.78562
2.54178
-1.59810
1.47653
-1.27671
-0.60322
2.12312
-3.82979
3.51735
0.83497
-3.52514
6.71992
3.65929
-3.28973
-5.52784
0.41254
-0.47656
1.58823
-3.68361
-1.45817
2.05265
-4.16720
-0.31894
-2.74480
4.34448
1.63241
-2.06705
3.31159
3.25440
5.11126
0.90545
1.48343
-0.71092
-2.51046
-3.62194
-2.02850
0.26554
0.91765
1.90897
1.31853
-2.68248
-7.68282
1.02831
-3.68691
-1.47174
-2.17223
-1.51827
2.26255
3.74153
1.50747
-0.17617
-1.21438
0.56624
3.47460
-1.67469
2.48273
3.43039
1.70849
-1.85198
-1.86586
-6.49934
3.82530
3.01360
-6.82438
-1.96187
0.20305
-2.75805
-2.33793
-2.84561
-0.50016
3.73418
-0.54546
2.48613
-1.57157
-1.86411
-0.79093
-0.12939
-1.74060
2.57817
2.83930
-0.19073
-1.67782
-0.55163
-1.78071
-0.77889
0.20428
1.29462
-0.82423
1.24785
-1.34505
-1.08585
-1.97316
-0.95711
-0.47222
-1.47901
0.26023
1.10338
-1.29339
-4.88102
-0.30935
1.69034
0.82983
1.81909
1.53759
-0.80330
-1.23902
0.40120
0.29405
-0.56694
2.04021
1.51254
2.72267
1.92317
2.61389
-1.40165
-2.15044
3.30340
3.66485
-3.98752
0.65545
-0.79884
-0.55416
1.87643
-3.75349
-2.97377
-2.07786
1.69014
-0.10805
1.21621
3.35939
2.95130
0.20516
-1.99533
2.26434
2.94635
0.96497
0.24459
-2.01199
-5.24429
2.01174
0.20082
-2.71252
1.00347
-0.28133
3.19315
3.62027
-1.88913
-1.49764
0.67447
1.68875
1.86780
-1.57370
-0.62171
-0.82126
-1.59119
0.00030
1.24339
-1.99119
0.36508
3.01816
0.34139
-1.76697
1.19674
4.43606
2.00984
-0.75893
-2.54892
1.84406
-2.13908
2.81008
0.41737
-0.63323
0.90822
-2.02464
0.17146
-6.75369
-1.06342
-2.64603
-0.47455
-2.62586
-1.68588
-0.19827
-3.30270
-1.59317
-4.42539
0.38570
4.83974
-0.44908
-1.96952
4.64535
-1.85483
2.03631
-1.56635
0.71624
0.73248
1.48373
-2.02652
-1.85165
0.71608
-0.44066
-2.07869
0.35139
-0.40980
-0.31711
-1.04896
-2.87730
2.13803
0.43224
2.26121
-1.13575
1.02408
2.37312
-4.95398
0.63578
2.13242
1.53331
-2.47827
0.67588
-3.34117
-0.74301
-0.24402
-6.63283
-3.82716
0.98437
-0.26493
-2.77827
4.00536
0.92269
0.05184
0.49049
-0.73753
0.82813
1.17450
0.71689
-0.54999
-3.79567
0.70152
4.46050
-0.50780
0.67250
-3.17898
-0.57262
4.01482
0.04147
-2.18779
0.25541
0.34241
2.29711
-0.71846
-1.33864
-1.44340
2.45723
-5.24893
-2.62801
1.20116
-2.47277
0.22712
-2.67304
-0.97304
1.92407
-0.55647
0.57324
0.92440
-0.04079
1.82735
1.07537
2.73658
-3.30642
-0.16596
2.51464
2.26726
-0.12176
-0.46082
-1.44413
-0.29586
-2.33509
1.99311
0.69443
0.78296
1.77704
-0.92367
0.20528
0.91214
-1.58064
-3.04705
-2.67668
0.48393
-2.37747
4.58347
-2.29991
-1.79607
1.20180
0.51133
-1.98998
0.42963
2.03397
-0.35615
0.61499
0.27480
0.37284
-0.52860
-0.47904
-2.78515
-1.62498
2.27918
0.58732
0.34628
0.42843
1.40590
-1.09708
-4.76534
5.05209
-4.13575
1.47763
-1.79646
2.64388
0.70193
0.56593
0.55997
0.38703
-4.84361
0.36512
0.84286
0.65110
-2.65173
3.73109
-1.01922
0.89065
-4.90151
-2.28306
-3.19315
2.48195
-2.60249
-1.82853
-0.02713
-1.79951
2.03445
-1.40784
0.86601
0.89881
-0.43668
-3.07661
-1.67948
3.41823
0.60330
3.61750
-0.41442
1.39329
1.23723
-2.09602
1.24895
-3.51362
0.23802
0.24075
-2.41563
-0.79939
0.38673
0.07606
-0.14822
6.68438
1.58436
-3.38442
-2.30947
0.06811
2.46999
0.89680
1.87881
-1.24028
1.11263
3.13790
1.16129
1.08362
-5.05424
-1.70346
-0.50280
-2.54712
3.62179
-0.93202
-0.65637
-2.11607
-0.61787
2.32259
0.21712
-3.46963
-0.07562
-3.42231
0.23622
-1.41408
-4.87230
0.14637
3.55772
-1.49855
3.46499
6.85184
2.45337
4.36079
1.54652
1.99115
3.33151
3.91018
-0.83662
-6.45070
1.50714
-0.81358
-1.92738
-1.21053
2.18106
3.51013
-1.54585
-3.70516
0.91054
0.28954
-1.53740
-1.50360
0.06246
1.61424
-1.39750
0.66541
-1.30339
3.55805
-0.59549
-2.36170
-5.25911
-0.57424
0.60121
-1.52207
-0.94705
-0.42107
1.25737
-1.05520
-2.80601
2.77155
0.76402
3.19788
2.31507
1.11181
-0.62722
-1.05745
-4.04015
0.63826
-2.83251
-1.66581
-0.39221
-0.00770
0.47972
0.05067
1.69050
0.04703
-0.16044
1.02261
3.40328
-1.48339
-0.77558
-2.59266
1.45788
-0.49943
1.52231
-1.33311
2.06226
0.29048
2.80614
-2.66164
-0.60423
-2.99042
-1.90082
-0.79792
2.91687
0.93078
3.81729
-1.95723
2.64211
-0.24179
0.74625
-0.34219
-1.21484
-0.10922
-0.53464
0.37850
-1.14796
1.25205
1.21334
2.19400
1.65004
1.16582
1.96776
-1.29795
1.72154
1.30702
-3.86088
1.04386
-2.66995
0.09853
-0.68654
1.20477
0.19072
-1.61003
2.56187
-1.91126
1.63117
-4.44374
0.19455
-1.51541
-1.62159
0.92346
-1.37586
0.27549
-2.48087
-2.03901
-2.63437
3.48079
1.78412
-1.86087
1.20972
-0.31246
-0.55272
-0.64820
0.33291
0.91976
-0.85947
-2.92679
-1.35764
-2.11503
-1.15395
-2.76202
2.77527
-0.43059
1.16214
4.37943
2.63866
1.10659
1.24990
2.98667
-1.94969
3.58663
-0.02188
-4.01222
4.96809
-1.19468
-0.68968
2.08859
-3.73073
-3.17863
5.90574
-0.74268
2.78335
-1.00336
0.02180
3.62086
3.20059
-0.18101
1.41237
-4.15181
3.66280
-1.47469
-3.25376
-2.95630
0.59306
-1.74103
-1.49373
2.29277
-4.76340
-3.37861
-2.35254
-0.05172
-0.70482
-0.60758
-0.38236
0.33114
-1.80152
-1.17477
-5.96814
1.15672
-1.49590
1.86035
1.13259
-1.41157
2.62578
2.82735
-1.09870
2.98611
-0.60688
1.51175
-2.99188
-1.13673
-0.79774
3.32768
0.22394
3.99074
-1.52870
1.40772
0.48909
-0.98479
3.28358
2.09845
-1.29008
0.38038
4.53699
-2.18029
1.32584
1.11183
0.29913
1.40808
0.59208
3.45365
-4.18204
-2.55330
0.81060
-2.11151
-1.64116
3.44370
0.50915
0.22495
1.81774
-3.43998
2.58609
0.14143
2.30379
-0.21926
-0.12904
0.71031
-0.62613
0.00344
-3.49475
-2.91099
5.50364
0.29125
-3.12388
-0.77633
-2.61574
-0.39783
-0.15961
0.46927
-0.02194
-0.49152
-3.52293
-0.71959
0.32032
-2.16428
3.47055
-0.14067
-0.79551
-5.43562
1.36546
0.83776
-4.04222
-3.01170
-1.58372
-1.56919
-2.56220
2.25608
0.67124
0.05753
1.61033
1.80532
-0.04184
-1.92274
2.24850
3.95542
-0.51918
6.29312
-0.00397
-0.05989
2.74533
1.08993
1.03972
0.10797
3.46972
0.63133
0.71497
-2.16493
0.00792
-2.37672
-2.29105
2.02577
3.18389
0.09655
-2.33411
-4.43421
1.57013
-3.33898
1.20918
-0.27559
-3.95048
4.21374
-0.03370
0.26290
-2.77949
2.42395
-3.78914
2.21119
0.34295
3.62163
5.04003
2.20532
-0.28966
-0.39978
0.16056
-3.00243
-3.55512
2.64217
-1.01938
0.45969
2.43418
5.17796
0.89869
-1.91998
2.23851
-5.50495
-0.14212
-2.58251
0.11571
0.49463
1.66526
-2.11783
-0.71774
1.41168
-2.09797
0.18225
0.77900
-1.68259
-0.95312
-2.22099
-2.23849
-2.85944
-0.76490
-2.61819
-1.93763
0.19025
0.34285
-2.50198
-3.41326
-5.46820
0.15665
0.55001
0.82850
1.40261
1.98200
1.06536
1.82816
1.52971
1.65713
-2.99019
-1.92378
1.05009
-3.96007
2.28356
-1.26775
3.57382
-2.85163
-1.48800
-2.39206
1.26569
-0.27159
1.41616
-0.52059
-2.56810
1.13472
-1.59215
-1.63621
4.58044
1.76923
-0.13503
1.91341
-2.33688
-1.78818
4.48262
-3.05974
-6.38606
-0.91912
0.27805
-0.81010
0.15475
-1.35983
-1.78642
-6.08709
-1.53376
0.93012
0.59028
0.23094
-1.87320
-4.09507
-3.53444
0.19535
-0.04905
0.50687
0.22714
3.24166
1.28078
1.96956
2.79671
0.48235
1.10845
-1.21371
3.16047
-3.53645
-2.99074
-0.43880
-2.62732
0.33850
0.08316
-0.57732
3.14256
-1.70467
1.38379
5.01158
1.19387
-3.52915
2.68613
0.11170
-1.29163
0.40717
0.43736
1.50004
-3.98211
0.15534
-1.57998
0.36496
4.92721
1.10011
-4.87541
-1.17302
2.48037
-5.58637
2.11126
-6.59657
3.81042
-0.96844
1.59861
-0.20699
-2.93457
-2.65351
1.49203
0.13087
-3.64069
2.21599
-0.10598
-1.44659
6.29006
1.08503
-0.09195
1.72346
-5.68791
0.50191
1.41527
2.71577
1.68255
-2.93207
1.93492
4.14550
-1.49793
0.77101
0.88910
-2.50605
0.46219
-1.51723
-0.52399
-0.59474
2.10385
-0.58306
-1.14110
-2.89184
2.90023
0.54204
-1.35960
1.83632
4.11030
-2.08613
2.79314
-2.28760
-2.09612
0.19950
0.43015
-0.31157
-4.23240
0.36420
1.70505
-0.35447
-0.08401
2.39021
-0.30584
3.10357
-2.00398
1.01292
-1.25403
-1.46401
-0.07091
-0.63983
0.98198
1.16676
-0.82355
0.03828
-4.22739
-5.46274
-0.07683
1.60319
1.25896
-1.33748
-2.69980
1.46758
0.85963
-0.44269
-1.78670
-3.72437
1.88523
-0.32552
-1.00359
0.34278
1.47840
-0.19167
-2.35695
-0.68240
0.64133
-1.12820
2.63349
-0.65504
-2.32632
-2.17938
-2.70440
-1.33187
-0.81660
-2.81340
1.86254
0.72068
-4.97675
3.29992
0.28196
-1.29887
-0.15984
-2.52963
1.19337
-1.15566
-1.56313
-5.39624
-2.76430
-7.41764
-2.09475
-0.58635
-1.03146
-2.00541
2.17915
1.81497
2.20730
-0.48564
-1.63831
4.08699
4.11558
-4.53343
-2.45952
0.58274
1.56005
-1.57426
2.33826
1.83408
4.56704
0.25983
-1.31596
-1.33888
2.20328
1.26482
-0.06233
-4.63912
-2.49768
-0.60715
-3.16654
2.09901
0.26534
1.19754
1.27065
0.21678
0.15294
4.95636
1.77557
1.90274
1.94267
-1.67877
-0.77832
0.65105
2.90831
0.72353
3.84041
-3.96858
-2.78531
2.29786
1.79763
-4.33927
2.59603
-1.22974
-2.59114
0.91316
-2.24136
5.05481
-0.00574
-0.47399
4.18053
-1.19108
-0.48131
2.98352
-1.15847
-2.10001
-2.37608
5.38325
1.26068
-0.05080
-2.44730
-1.62157
0.53489
0.00608
0.15608
-1.86334
-1.02771
-0.94447
1.59300
0.67023
2.61830
-0.15074
2.38367
-0.83550
1.52267
-0.60151
-1.65513
-0.49500
0.05043
2.46667
-0.68695
-2.68731
-4.93026
-0.21830
4.45733
0.97072
1.29251
-2.01092
3.04537
-3.16419
4.34792
-3.38897
-2.87683
-2.02084
0.54099
2.10641
1.27526
3.50121
1.45163
0.52119
-0.67675
-1.25864
0.11609
0.55815
-0.81309
-1.47997
-1.84193
-5.09133
-1.07078
0.50733
-0.84858
3.52673
-2.52693
0.69649
1.63244
-2.84960
-2.31641
5.08276
-4.42988
-1.66382
0.77740
-2.43147
3.61733
-0.99679
2.72857
-3.20648
-1.84957
1.94814
1.83799
4.75299
2.91172
0.07122
1.89838
-1.69873
0.51824
1.34445
1.67857
0.34575
-2.09673
-2.43474
-0.81294
-5.12606
-1.41296
-3.77958
-3.84161
0.54711
1.53536
0.13094
1.29730
1.62357
-2.28831
-2.92136
2.24307
0.82733
0.63576
2.36770
-5.08713
3.50034
0.19477
1.40523
-1.75850
4.32528
-0.16637
2.17580
-1.96328
0.13937
1.06680
1.48964
2.09505
4.47080
-0.82031
3.27020
0.75843
-0.19779
-2.30151
-2.04691
-0.28224
1.97779
1.41908
-1.46051
-0.39009
-2.70141
0.40614
-0.51476
1.27272
-0.00551
4.78112
-0.49529
1.79364
2.25298
-2.39229
0.08820
-2.14364
3.16325
-3.55402
5.28890
-0.50587
1.05552
-1.09781
3.90943
0.71441
2.92743
-0.73789
0.28446
0.52752
1.90485
2.67342
2.95841
-0.38366
0.93806
-1.78398
1.58389
4.55318
-0.11656
-0.96393
2.02689
-2.46989
0.36598
1.63086
-4.74975
0.07728
-2.37248
-0.18874
1.63908
0.71950
1.51163
-5.61969
1.11123
2.12088
-4.04584
1.86290
0.56068
-2.94112
0.35935
0.40954
4.43668
1.01598
2.21631
1.81804
9.26196
-1.35687
0.08476
-1.13652
-0.19357
0.39696
-0.73094
3.95211
-0.26057
4.00179
0.41619
-1.49213
2.57763
0.86718
1.49719
5.17880
1.13529
-0.15650
1.43654
-10.02501
-3.68247
-1.95246
-3.99447
-0.91537
-0.15072
0.33271
2.59743
1.66878
-3.01843
2.72984
5.30620
0.19241
-0.60880
0.95590
-4.16675
-0.47843
1.41182
-2.95167
0.01870
-0.08905
-5.44031
-0.51805
-0.12248
1.78604
-1.12403
-0.74693
3.46262
2.52812
1.15953
2.92414
-2.32605
-3.02114
-2.96828
-1.69902
0.38848
-1.50192
3.93629
-1.04357
-0.60336
-1.77548
-4.65126
3.05306
1.32986
-1.24851
5.73389
-3.40242
0.61976
-0.02386
-1.69999
-1.57880
-0.45042
-1.93588
-1.47610
0.21315
-2.30893
-0.26615
-2.38247
2.13613
-2.24685
3.31339
-2.68739
-1.08995
2.85936
-1.16097
4.30235
4.20479
-2.30887
-1.51683
1.99638
-0.49165
0.29644
-2.94026
2.74531
-1.20062
2.64988
-3.19486
2.52072
-1.94195
-1.60657
3.68428
-2.04400
-0.58797
-0.77297
-0.05278
4.24723
-1.14541
4.22503
-0.87058
4.19370
0.54475
2.13971
-0.07707
-2.18051
-0.84865
2.40086
4.63216
0.49971
1.50511
-2.73524
-2.50752
-2.88662
0.97992
1.09903
0.43499
0.92701
-2.14701
-0.88812
2.67758
-2.54837
-1.02536
3.34876
4.31536
-2.75844
-2.95123
1.36489
-4.19997
2.38824
0.95277
-4.04822
-0.26966
1.58099
2.49250
-2.36623
1.61319
-1.83786
-0.98235
1.81715
-1.13779
1.87435
-1.25932
-1.75588
-1.88658
0.10017
0.89351
0.69872
0.73158
4.26544
0.88585
2.68113
-0.59637
0.90410
-1.03713
-0.45984
-3.16219
-1.69035
-1.05503
1.54706
0.03318
-2.79479
-1.52758
-0.07436
-3.75452
-0.02090
2.96854
-1.33554
1.60369
3.68121
-1.33715
2.09268
-2.77934
4.59582
-1.40895
-1.81123
2.83583
1.73527
1.48215
3.13969
-0.38109
-0.29654
1.73234
1.95041
2.74075
0.35506
-0.74921
1.41070
3.70362
1.30255
1.47583
0.60090
0.67422
-1.39613
-2.32860
-2.11739
-1.71433
1.17763
0.94570
3.31596
-0.33205
-2.56259
0.04774
0.78617
-3.39145
1.46145
0.91088
-0.53568
1.95002
-1.13469
2.84256
-1.66381
-0.50430
-0.66641
0.95395
1.25623
-1.04770
-0.29754
0.53314
-0.79572
-2.44883
0.42863
2.42316
0.71794
4.00197
-1.32054
-2.62677
1.39321
-1.14661
4.83824
-0.85722
2.21909
2.33289
0.94818
0.03754
1.33100
2.56787
1.20957
2.00427
-1.53768
5.34260
2.87708
-1.51805
-1.03294
-0.42581
4.78315
-3.18812
-2.23289
0.85644
1.00821
-0.71361
1.69767
2.36066
-1.59289
1.40543
1.40736
0.78297
-1.59086
0.07850
2.78666
-3.13966
0.15419
-2.16505
0.74982
-0.99684
1.82246
-6.44136
3.83473
0.46819
2.75340
3.11924
5.78392
-4.03991
0.22285
-3.02512
-1.73202
1.91450
3.61232
0.96582
-0.76713
2.63883
-1.25273
-3.78499
0.49114
0.09067
2.35836
-0.30613
1.49235
1.00454
0.17578
-0.22575
3.08922
-3.33285
-1.64770
-1.06455
-1.67308
1.14843
2.89846
-3.09240
0.72552
-0.39236
-2.55451
0.46141
0.78912
1.73353
0.61504
3.06027
3.88801
-0.84711
5.83251
2.99610
2.44848
-1.27846
0.82788
-0.97494
0.27177
-0.94791
-0.76136
3.44208
1.53461
2.01791
-5.49248
-2.36478
-2.66031
-1.77602
-5.02330
-2.21004
-0.45228
-1.11389
-0.76310
3.18154
0.67610
-2.42636
-0.18328
0.36522
-0.34372
-1.64263
1.79339
1.86389
-1.14690
-1.16828
-1.32549
-4.17276
-0.15903
1.17363
2.13177
-0.33723
0.69310
-4.89448
0.74078
-2.03699
-1.06538
-1.14105
-2.89199
0.80067
2.78136
-1.08345
-1.38779
3.22715
2.45891
0.08413
2.74444
1.46514
3.45284
-0.14426
1.73832
-0.96424
2.01197
-3.28816
2.61094
-3.69986
0.65021
1.42207
1.61031
0.39186
-0.50528
-0.51441
0.97927
-0.23112
2.52628
-1.39564
1.04674
0.69129
-1.62491
0.35220
1.18691
5.31717
-0.06089
5.07086
0.45458
-0.18874
1.44977
-1.10679
1.95361
-0.75543
-1.42901
-1.63921
-2.92228
2.86900
-3.22454
1.33930
1.84358
2.84361
0.97941
2.38869
-1.45225
1.56438
-1.99382
1.22238
2.85389
-2.29082
3.65468
3.87739
2.34940
-5.09991
-5.56455
-1.83845
-2.51273
-1.46182
2.55789
2.02359
1.77528
-3.58301
-1.60782
3.53693
-3.64688
-0.86495
0.75610
4.53423
0.37883
-0.47280
0.72732
-0.34350
-0.87606
0.12973
2.66349
3.53693
1.90855
2.25043
-0.22361
-1.64159
-0.83194
-1.18136
1.77624
3.25908
-4.78490
4.02948
4.53397
-3.03334
-2.37681
-0.49870
0.53895
3.35505
-4.01525
0.49328
-2.43840
-2.30833
-0.66896
-5.01011
0.77699
1.40410
-2.32785
2.69015
2.98334
-2.38098
1.38956
1.76928
-0.28252
-4.06096
4.43466
-3.32915
1.04012
0.70782
1.43042
4.97950
-2.41985
-3.08725
0.77888
2.33869
1.52094
-1.00731
-1.43834
2.38477
1.30723
-1.47884
-1.96294
2.96537
0.75870
-1.21174
-5.11819
4.28081
1.29190
2.53369
-1.52008
-2.42274
1.10400
2.15839
-0.67576
-4.56317
0.34658
-3.57121
2.37635
-1.46869
-0.19136
-1.15731
1.71768
1.76013
5.50348
-0.07971
0.96729
-1.88068
-0.85511
0.42260
-3.12923
-1.81389
1.46421
0.51009
0.59522
0.36944
-5.52414
-1.51874
3.26927
-0.29668
0.88889
-2.08453
-0.78548
-2.60591
0.18399
2.14688
-4.64662
3.51138
2.55383
1.46342
1.44375
-0.30718
0.75442
1.78647
2.00187
-3.04111
-2.43654
0.00832
-2.14180
-1.56752
2.09700
-0.29357
3.85818
-1.08275
3.45315
-0.69125
-3.88526
-0.94681
0.77558
-5.07448
3.27784
1.40264
0.12417
-2.96962
-4.68420
1.32408
-3.99155
0.43186
3.24980
-0.19225
1.81280
-3.61596
1.65709
0.96922
-2.22445
-1.10991
1.93072
-1.45221
-0.91943
-2.58553
-0.62543
2.37086
3.19430
0.31149
1.55337
-1.91589
-1.17847
4.69518
3.11954
-0.57952
-3.13612
-2.98395
-2.14431
-1.35198
1.08204
3.08997
2.49117
-5.07337
-1.67903
0.52446
5.06902
-6.21931
2.55487
2.78467
5.74176
0.91835
-2.09116
-1.70863
1.89842
3.86236
0.64439
0.76965
4.30450
0.82797
-3.93676
3.83081
-1.54054
3.56378
-4.02706
-0.22511
-0.97680
-2.44064
0.68546
-2.75281
0.46048
-1.91312
-2.81431
-1.13593
-2.02208
4.32778
-2.74212
-4.23709
-2.37471
0.50476
0.96096
-1.73911
2.31763
-1.98024
-0.26778
-4.97183
-1.62327
2.70894
-0.33678
-1.62641
-0.00112
0.36534
-0.30727
2.58223
-1.49318
0.39139
-2.67348
0.22373
1.23922
0.87784
0.51706
2.14714
0.19554
1.12981
-0.09114
1.29234
-0.15764
1.33881
3.23002
4.44823
-5.38894
-0.02468
0.49831
-1.31474
2.02464
-0.36283
0.13125
-0.75881
-2.13488
2.39425
-1.67828
-0.67780
-1.53970
-0.41600
-2.92178
1.60023
3.55374
-2.01779
4.30676
-2.53656
-0.02325
-2.71415
1.84574
1.99192
-0.84130
-5.12923
-3.08068
-2.68543
-2.20343
0.55820
-1.20400
-1.68712
2.02222
-0.16515
-3.25271
-1.34255
-0.07619
-3.47557
-3.29722
-0.80473
-0.85769
-0.24721
-2.17505
-0.87559
-2.84565
2.34364
-0.19933
-1.34726
-0.71929
-0.19242
-1.25402
5.53645
-1.82953
-0.29011
3.34908
-4.05444
-0.62676
2.54059
0.20602
0.31340
-1.64678
-0.60328
-7.38436
-0.37728
1.02970
0.01454
-3.54047
-2.00292
-3.38448
-2.41731
-2.26138
-2.60600
-1.82164
-0.64848
0.35473
-1.42464
-4.67316
5.81961
-2.07703
2.81183
-0.85640
-2.27563
-2.64040
2.94508
1.93099
-1.90685
2.79616
2.43392
4.97395
3.67687
1.16549
-3.18820
2.96017
-0.49813
2.69971
1.05443
-0.30576
2.56328
1.30477
1.63036
-0.14706
-1.85158
0.35601
1.35376
2.31060
-3.72604
0.11997
-0.62689
1.77591
-1.76507
-4.30573
-4.47131
5.34105
-2.88887
-2.79165
-2.77033
-1.14075
1.93078
5.71523
0.50187
3.03654
-1.38517
1.87159
-4.06417
-2.64214
1.32681
3.09378
-2.97485
-0.53375
0.06931
-4.16019
-0.71675
-6.74928
-1.28602
-0.18041
-3.47918
0.49564
4.41904
0.74672
0.58005
3.44720
-1.74152
2.61002
-0.10808
1.06481
1.32762
-2.14669
1.26078
1.46147
-1.81988
-3.53468
3.91779
1.67644
-1.09554
-3.62721
-0.23998
-0.41719
-3.57700
-0.99068
-4.25926
-2.73741
-4.23299
-2.76346
0.65661
-2.44717
-1.77090
0.02325
0.12694
-1.07537
3.80094
-1.54979
1.10779
-4.16139
-0.20522
-5.22134
-5.08047
-0.01086
-0.40470
3.24182
-1.11600
-3.57734
-1.86545
-2.99377
-0.49090
-0.25883
3.11821
-2.55567
-1.49076
2.65627
1.64111
-2.25452
-1.93814
2.12970
-0.93540
1.93275
-1.00087
-0.45037
-2.80719
1.01078
-2.17395
-1.91014
2.72726
-2.57565
1.03064
2.50439
-1.08697
3.37724
-4.58087
-0.84872
0.56580
0.88034
-2.41238
-1.20617
-3.74375
-2.69136
4.18376
2.51010
0.24420
-1.50517
2.11917
-1.30183
0.61417
0.78020
-1.24897
0.77678
2.27063
-1.19100
-0.25531
-1.98550
-3.55497
1.56424
3.23583
-0.76793
1.27049
-0.90395
2.09556
-3.22824
0.42044
3.32967
-1.40309
2.22419
1.05464
2.20521
5.27248
0.41355
-4.11099
-2.09510
-1.32916
-1.74260
-1.04084
5.02681
-3.86094
-2.63154
0.70589
-3.90426
-0.04114
2.50129
1.06258
0.02732
-2.56702
-1.20096
3.97315
0.18085
0.63077
-0.95939
-2.36589
-2.28982
1.01319
-0.77801
0.91593
-3.56971
0.52714
-1.94381
-0.17401
0.04113
0.11355
-3.67618
-0.18343
-1.56231
3.42637
3.20845
0.61622
-1.12196
0.45268
-2.11857
-1.50515
-0.48348
-0.51186
3.91249
-1.15786
-0.17006
-3.91441
-3.31577
1.87393
1.73826
2.38805
0.04688
2.74906
-1.88026
-1.26769
-1.83106
-0.49394
1.95441
-0.88137
-0.09881
4.24079
2.36699
-2.76057
0.96901
0.03230
-0.69138
0.95191
-0.14438
-4.22676
-2.36801
-1.96047
2.76655
-2.73341
-1.30298
-0.84969
1.60408
-0.08843
-2.89636
2.54864
3.33038
-1.54431
3.43079
-2.51848
1.37853
-4.42695
3.07065
1.80690
-0.71687
1.54074
1.25631
-1.67597
-1.20835
1.69120
-2.61708
-2.19362
-0.62334
-0.51776
-1.09718
-1.52952
4.83840
-3.10318
-0.05672
-3.40600
-0.65855
-3.61032
-2.40111
-1.16975
2.28287
-0.11964
-0.87630
4.58657
-3.74720
0.50393
-1.75782
2.49685
-1.20518
1.03182
0.12974
1.81914
-4.97473
-0.34709
1.67878
-1.08459
3.67107
0.67244
-0.56233
-0.85068
-4.17471
-1.09448
0.53350
0.70256
-1.06044
0.15691
0.76426
-1.33363
-0.53022
-1.92730
1.84708
2.82178
-0.24685
-1.50443
-1.74747
-0.46850
-1.23845
2.36787
-0.49549
-0.36140
-2.60884
2.45258
1.90049
-1.31813
4.95161
0.67104
0.96625
-0.88395
1.10740
-0.67699
-3.94699
-2.41949
-0.45212
-1.35284
3.83969
2.94674
0.39875
-3.82143
2.59433
3.51561
-4.17171
-2.70343
-1.15752
0.93756
-0.22808
3.39433
-6.58163
-4.43103
1.10778
3.11210
-2.85463
-1.65517
4.49064
1.94108
-1.73021
0.42649
-1.64424
-1.05230
0.91872
2.04355
1.99355
0.03414
4.23832
-1.82473
-0.13977
4.43925
-0.86941
2.52270
-0.11876
3.07605
2.10965
1.99977
-3.75630
1.94871
-2.55885
-0.37654
-0.86430
2.07957
-0.98980
0.23789
-0.43475
2.52835
1.33175
1.04649
3.43724
-0.94366
-2.49578
1.06465
-1.64834
-0.48011
-0.23711
0.78855
1.68192
1.08553
0.55688
1.62379
-0.92113
-2.91512
-1.67950
-2.27717
3.01232
2.74048
-4.73258
-0.41412
0.16061
-0.09270
-1.85483
-0.23232
0.49282
-1.05615
-0.22038
-0.26543
-0.24266
-2.18212
0.29751
-1.74186
-1.24219
-4.22305
0.42804
-3.01419
-1.61058
0.95563
-2.19517
-4.74476
0.54136
-2.75297
-3.03104
-2.74953
1.24349
-3.08228
-2.52028
-1.94637
-1.90976
-3.10610
-0.61956
0.52744
1.47235
-0.56643
1.01363
6.97581
-2.63460
-1.91422
1.00376
-1.58103
0.02203
-8.65471
2.24887
-4.29266
1.92845
0.52288
0.75920
0.32192
4.90460
-2.73011
-1.05274
3.10738
2.83011
0.85545
-2.19043
-0.84146
0.74327
-3.06029
0.24671
2.41117
0.47317
0.30785
0.10980
-4.32009
0.67128
-0.71763
4.56996
-5.32634
4.43061
-1.75857
-1.32069
0.33848
-0.50078
-0.42324
-1.33042
-3.04082
-1.98473
-2.49334
-0.09295
-0.70766
-0.51681
2.30133
1.82393
2.18509
1.13609
-0.82737
-2.14759
-3.73122
-1.11947
1.36727
0.76497
-2.67158
-1.36571
-0.35602
0.87088
3.15216
-1.54061
-2.04180
-0.51112
2.88987
1.31691
-3.16516
-5.06723
-2.15868
-1.09211
0.75090
-2.65344
-1.05768
-5.92920
-1.71539
-2.18504
-3.75577
2.23352
0.08376
4.61781
-0.29410
-0.40710
-0.23893
-0.38420
1.12899
3.68260
0.97745
-3.73829
2.25463
-4.40016
-3.78474
-4.44647
0.49995
2.28646
-0.90340
0.96465
-1.45166
1.68421
0.41136
-2.62117
-4.61959
-1.28750
-0.98176
1.67767
2.62099
-0.49540
0.98702
-4.60849
0.05323
-3.94490
2.03362
-0.58548
-0.09147
-4.66459
1.18437
-0.65627
-4.35999
-0.19633
1.52604
0.34421
1.20304
-1.08632
-1.89493
3.19387
2.06601
-1.52891
2.22695
4.86015
2.66953
-3.74704
-3.11132
-0.04351
-3.81952
-1.00422
-0.46028
0.40281
-1.62095
-0.88849
1.14506
0.94241
2.73595
3.16014
-0.60756
-2.26942
1.64787
0.02790
0.59125
-1.70625
-0.08344
0.18420
-1.94397
-0.62128
2.83578
-2.18987
0.42354
1.81000
0.30114
-0.30039
0.67867
2.13219
4.23055
-0.46547
-1.38066
4.84566
-1.33132
1.33149
-2.59321
-2.77215
-0.10824
-4.17825
1.71339
0.50636
0.57941
-3.64630
-2.62023
1.24570
-2.83222
1.39005
-0.84551
0.65129
-0.51321
-4.36595
-0.64054
2.84931
-2.99156
-4.39729
4.46746
-6.08672
3.18815
2.60667
0.12536
-1.20181
4.96717
2.42144
-1.82273
1.97090
1.13336
-2.26206
2.99862
-0.29359
-1.48714
0.73112
-2.24122
-2.11614
2.69183
-4.70571
0.25338
1.61647
-0.72144
-0.16791
-0.34772
-2.14732
2.18386
0.02159
1.93971
-4.09675
2.15680
-1.37367
-0.98585
0.03348
-1.18174
1.31378
3.51436
-1.98946
-0.02842
0.61427
-2.01490
-3.58382
-1.43996
-2.86621
-3.85097
-2.04089
-0.15286
0.68949
-2.52432
-3.72308
-0.01878
2.49988
-5.15640
0.66778
0.27707
-2.76888
2.62768
-3.50276
1.08859
-3.85321
2.57128
1.71000
0.49006
-1.37467
-2.07192
0.80211
-1.54210
-0.81935
-0.12926
-2.75554
-6.01444
3.08180
0.20640
3.44820
-2.21012
0.69855
2.72950
0.77250
-0.53405
-0.79933
-2.31429
-1.93395
-4.47264
-1.11315
-1.05092
-0.09874
1.47724
-1.72449
2.37987
-0.80345
-0.12211
0.00957
1.88840
3.17552
-0.47410
-1.52446
1.45910
1.48544
0.19250
0.81503
2.17824
2.36281
-3.83580
-0.58719
-1.22336
1.20411
-0.72003
3.33069
-3.84267
2.91812
2.60366
1.71593
2.64855
3.36594
-0.15713
1.56254
1.23207
-4.69875
-0.45464
-0.74796
2.98436
-6.54364
-1.51981
2.69012
1.85453
1.12941
-6.69199
-2.79841
2.66694
2.20771
7.48639
0.78489
0.23942
4.64514
-3.74991
-2.39902
-3.97512
-3.15934
-0.07484
-1.38806
3.43286
-3.11294
-2.18231
1.18143
-1.01935
2.07626
0.61984
0.89607
-1.92797
3.11081
-4.03132
-1.03506
0.91254
-2.53435
2.81163
2.47275
2.55446
1.57291
3.56496
-3.95184
-0.85039
1.86950
-2.19521
2.66582
-3.24896
-0.37437
-2.39872
5.24211
-5.50162
-0.81814
-3.78070
0.40916
-0.15667
-0.78313
2.72290
-1.47336
-0.72041
1.95924
-0.27247
1.77245
0.18371
-4.39602
3.25007
-1.45501
0.45075
-3.82369
0.83566
-0.55005
-1.18578
2.15601
0.09557
-0.35538
-0.64729
1.53975
-1.53365
0.68902
-1.15684
1.88736
3.13843
-1.03855
-6.09913
1.41308
1.21931
-0.60966
4.74463
-4.53414
0.52415
-1.09467
-0.91747
1.27570
0.82678
4.08179
-0.03391
-0.42748
3.60220
1.87772
-1.23112
-1.45691
2.81225
-1.69327
3.19177
-0.09795
-0.22615
-1.13485
-0.26665
-1.69124
-0.26616
-1.95650
-0.61250
0.86917
-2.34771
1.07194
-1.72920
-3.89291
3.37382
0.15651
0.23861
2.81657
2.81344
2.35922
-0.40266
1.60462
-0.48017
-2.64186
-2.48735
0.55068
1.47793
1.06454
3.30917
-0.52726
-1.82052
0.80405
2.45797
0.37161
-1.14194
-2.02682
-0.59698
-1.61010
-6.12114
0.50230
2.18481
3.38671
1.34344
0.07045
0.17408
-2.29132
0.73833
3.29967
-4.91322
3.59622
1.03377
-1.80686
0.95854
-0.01795
0.17241
1.32293
1.28252
2.25896
-1.22565
0.61683
0.52092
3.29905
0.96900
0.13425
-3.34888
1.81371
2.91325
-2.25174
-0.42152
-1.39877
-0.01209
1.61203
0.85340
-0.84532
1.93967
0.75941
0.09043
0.33334
-2.88043
0.13390
0.94625
0.68864
0.77797
-1.83079
-0.79049
-1.69591
-1.12595
1.11178
-1.27253
-2.59931
-3.71580
-1.26733
0.09779
-0.36845
2.55804
-0.77143
0.63661
-1.61687
-1.52309
-1.16864
5.03060
3.47236
-1.18382
-2.88697
1.04841
-3.10981
0.04950
0.70269
-0.12891
0.00024
-2.47662
0.45151
-2.03492
-2.38720
-3.47104
2.11022
-1.14677
0.50145
-0.62138
1.08407
4.42376
0.56550
2.63559
3.31699
4.42314
2.08451
0.40794
-0.96947
3.69472
-2.80720
-3.28769
-1.96058
1.85663
-1.34696
3.11950
4.61488
-2.65534
-4.02421
-5.11812
-2.83840
0.47442
0.91007
1.87120
2.43359
-1.66128
0.23289
0.41534
0.07316
1.10645
1.63932
3.29969
-2.93970
-0.76887
0.48446
0.30556
2.91387
-1.76584
0.13301
-0.71200
1.71437
-1.43091
1.55488
-0.54972
5.13621
-0.93199
-1.74081
-0.05630
-1.23812
-0.57526
-2.06105
3.32260
0.37828
2.28623
-0.01937
0.46126
-1.01555
2.03020
0.14785
2.43050
-2.78209
-1.31109
-1.70208
1.50045
-1.84465
0.91231
-2.20924
2.69133
-1.22389
-1.03329
-1.75526
-4.65840
2.46182
-4.72911
2.01098
-0.40309
-0.96139
0.92286
-2.53531
0.32847
1.69616
3.21288
-0.11153
0.62965
0.20724
-4.58922
1.31055
2.97381
-4.95508
2.75238
0.48929
-0.81897
0.46829
1.60678
-2.36300
0.45672
-3.88973
-2.12658
2.93480
1.24181
1.30532
2.09863
-1.88830
-1.95182
0.55761
1.07442
2.17789
-2.84014
0.13598
1.13320
-0.91537
-1.89192
-0.52811
-1.52194
2.31443
0.75843
0.76711
-4.13605
3.05512
1.39627
-1.15176
1.81441
-2.54815
1.91561
3.44440
0.51164
-5.56701
-3.30331
1.22381
0.23500
-4.37562
-1.82428
1.54310
0.36420
2.84666
-0.04230
2.95912
3.25304
-1.69875
-1.16664
-5.03834
4.25227
-1.07820
-3.40223
1.13167
-2.86940
-1.74963
-2.86642
-4.38756
1.21641
-3.12032
2.21743
0.87276
-1.91911
-1.86796
-0.98975
1.98054
3.60493
0.16185
-3.30535
-0.57900
-1.25504
1.87088
0.13551
-1.02814
-0.09400
4.43052
1.63393
0.62628
-0.18337
-0.99487
0.11253
0.70769
-0.16730
0.06538
0.64787
-0.32291
-0.41498
0.07987
1.47396
1.93167
-0.95480
3.80914
-2.28449
-1.20619
-3.16396
0.57225
-1.09804
0.75535
1.20338
3.70240
-1.73300
-5.65286
-1.37941
2.65215
0.67256
-1.66488
-0.76286
3.39858
3.26743
-0.20644
1.44242
0.57772
-2.04600
-1.80422
3.52008
-1.91968
0.41547
-3.26831
0.33447
0.98806
-3.15343
-1.14926
-0.13026
-0.67421
1.16666
1.60602
0.45339
-1.97085
-3.17738
-1.20805
-0.08340
0.42002
3.14499
0.62942
-1.04751
4.12315
0.19659
2.10868
0.78377
0.40142
-4.47400
0.17141
-0.42204
-1.28345
-0.19278
-1.30876
-0.60202
2.28100
-0.48291
2.34443
0.40924
-1.94409
-0.89405
-4.12039
0.31267
4.28113
-2.19160
2.19448
1.06956
2.49443
-0.34201
-1.34268
-4.16574
4.05088
2.34026
-2.67316
-1.14834
2.95011
-0.64360
-3.58212
0.29900
-2.48506
0.64898
1.07050
-3.76211
-1.74816
2.09670
1.59879
-2.53936
1.15516
3.44592
-0.28085
4.32521
-1.05676
-1.43443
1.04419
3.62162
-0.69673
-2.69141
-0.65009
0.18586
1.79938
0.96710
-0.25146
-2.52502
-2.11890
0.16520
1.13236
-0.79994
0.11733
0.06603
1.96954
-2.91937
-4.51504
0.90408
-2.18112
-1.84207
1.35157
0.02058
-4.13544
-1.67007
0.17228
-1.45713
2.54579
-1.57550
0.50434
0.32466
0.27010
-3.10275
0.14518
-3.08357
-2.81578
0.29910
-0.11880
2.79816
-1.13716
3.19073
1.32140
-0.78333
-2.92692
0.02324
-0.89040
-2.31921
-1.34974
1.68823
-1.75957
1.54248
5.56499
1.14028
1.37067
-1.64564
1.14853
-0.23389
1.14269
-0.30188
-0.21965
1.43095
1.40216
2.06864
1.75616
2.17261
-3.40699
4.38188
-0.26125
-1.58795
0.29666
2.79374
0.73500
-2.54172
-0.32879
0.10986
0.63556
4.52977
-1.27230
0.69648
-0.14135
-3.18103
4.27067
2.86087
0.66374
-0.93907
-1.00568
4.35505
-2.91904
1.00523
0.05562
1.44312
-5.85496
2.61323
-3.25070
-1.16680
-1.04552
-3.16877
1.89897
1.96382
0.77274
-2.78774
-0.22803
-0.31656
-0.48388
-2.31179
-5.41555
2.10873
3.82497
-6.40894
3.72473
1.49319
0.35078
0.57901
3.48789
3.05761
-1.34838
-0.95474
1.38471
5.50761
-2.46314
1.00018
-0.22470
-0.43099
3.75536
4.34295
7.04998
-1.15995
1.50382
5.22365
1.11011
0.15226
0.68063
1.77644
3.14367
1.16263
-3.33580
-0.29033
-2.61206
-1.09248
-3.43883
3.21424
-3.30049
-0.92627
-0.26479
0.51139
-0.08888
-1.11750
-3.25403
6.12379
4.38467
3.43758
-2.00105
4.06100
1.36534
-2.27620
-1.94658
0.94826
1.79220
-4.02633
2.00376
1.61905
0.06019
-0.26662
-0.43831
3.74973
-2.23854
0.50217
-4.19263
5.40896
1.20669
-0.52435
-3.82062
3.75074
-2.28862
1.01110
2.85666
-0.22907
3.12655
-6.58859
1.68538
-1.65726
1.72459
1.17429
-3.06912
-3.73410
1.37075
2.93184
5.45375
1.95323
-0.34600
0.74416
-0.42284
-2.17363
2.13724
-1.91824
-1.05099
4.39075
2.49689
-0.26260
2.76779
0.96297
-1.87982
4.56625
-3.11383
3.98548
0.78313
3.65276
2.75375
-4.06426
3.28430
0.11330
-2.31544
1.94407
2.48036
1.96972
1.54492
1.74646
3.29332
0.49156
-0.81988
3.24173
-2.50448
-0.92518
1.17072
-0.11229
4.43871
-0.30329
-2.88604
4.16059
2.57933
-1.43187
-0.51187
2.78712
1.38744
-5.18539
3.32383
-1.29746
-1.95096
-0.70831
2.69926
-1.03844
-1.24391
0.68884
-1.14451
-1.29861
5.38981
-2.70087
1.81531
-2.68293
-1.11413
0.65927
-3.35239
-1.32915
-3.55407
-2.82454
0.68356
-3.82863
1.55016
2.80641
4.92312
-1.26772
1.38337
-1.00969
-2.00026
1.18628
1.39591
2.06399
1.42970
2.12112
-0.19895
2.10278
1.91192
-1.51537
-1.74682
-0.77187
-0.51861
1.97025
-4.12993
0.64041
-1.20713
-2.98285
-1.33341
0.66853
-0.02481
2.39834
-0.86646
-3.85602
-0.63858
-3.31617
0.54511
4.25433
2.82043
3.45945
0.75993
-1.87723
0.64581
-0.16430
-0.91571
3.08736
-1.30274
4.99436
0.38461
2.15382
0.54690
1.08070
-1.86285
-2.26378
-1.88871
1.47179
-1.38421
-1.95635
0.64458
-0.39856
-3.21703
6.07531
-0.43655
-1.60630
3.07935
-2.57763
1.89293
-2.45793
0.21573
0.12813
-0.25372
-1.51134
-2.98582
1.30371
1.44848
-1.01881
1.49400
-2.36220
-1.83785
0.31421
-5.24448
-1.82367
0.85176
1.12763
2.06228
2.40708
0.63207
-1.18290
0.31165
0.60284
0.55309
3.02157
-1.85655
-1.66607
-1.61047
-1.52548
1.24343
2.13548
0.35946
0.73531
0.68721
1.20871
-2.03069
0.70923
-2.47555
2.17246
3.41959
0.71809
0.70372
0.50145
2.19173
-1.83581
-0.64243
1.16777
0.29781
-3.23024
-3.25092
-1.88249
-3.92496
2.06840
-3.51868
-0.86341
-1.23230
2.05721
-4.38985
1.88762
-2.33310
1.84999
1.91523
1.22284
4.63966
1.09563
1.15984
1.32262
0.00867
-4.57534
0.36961
-2.21967
-1.44916
-1.30549
0.22522
-0.25805
-1.11791
-0.01995
3.37975
-0.00666
-3.08844
-1.84638
-0.77294
3.27098
4.27164
0.51886
0.51192
-3.45067
-0.80267
-1.44980
-2.24094
-3.20926
-2.26019
1.13226
-3.00949
-2.16388
-2.72078
0.25086
-1.34234
-4.40847
1.51579
3.07420
1.48453
0.53230
-2.59153
1.74578
5.94447
2.05629
0.54492
-0.96964
-2.08011
-1.19911
-1.04053
1.71477
-0.56920
-1.30972
0.73820
-1.98758
0.05976
-0.44440
1.66698
-4.52436
4.17800
2.66349
0.16720
3.99277
3.83265
-3.00547
-1.12927
-0.90763
2.31518
-1.71241
-3.28857
-3.81743
5.03212
-0.54035
-1.06064
-0.03577
-2.22036
1.84692
-1.77583
-0.23040
5.18382
1.52256
2.72123
-3.13612
-0.89198
0.10745
2.53154
-1.66674
-0.71300
-1.22253
-1.38095
1.98199
3.27088
-0.20354
3.88073
1.14761
-2.64106
-1.00192
-0.23213
1.88535
-2.58969
4.27751
-2.87566
-2.22837
-1.67708
1.85575
3.46232
3.56256
-1.91892
3.38944
2.27788
-1.18626
4.47420
-1.02104
0.40012
2.20953
-3.71705
2.85336
2.85809
0.49133
5.08774
-0.73980
4.03360
0.61797
-1.19976
2.99752
-1.34667
4.04526
0.02615
3.13600
-3.53821
-2.79967
-1.85513
-1.67133
0.02391
4.52178
0.85711
2.66153
3.92613
2.39781
3.06807
-4.62667
1.79860
1.44296
1.96220
2.45913
0.94355
-3.45221
2.41483
-1.73794
-3.73108
2.51137
0.27849
0.46958
4.39911
-3.90071
2.85781
-3.52774
-1.03687
1.23702
1.24780
2.97640
1.18170
2.17053
8.76127
-0.94042
-0.70137
-1.53904
-3.11859
0.47675
-1.11736
-3.75402
0.85424
0.48720
0.26314
-2.56197
0.25551
2.19079
-4.75069
-0.11165
0.78414
1.93418
-1.32206
2.41531
-2.39286
-0.24876
-0.88828
1.55603
2.74211
0.31904
-0.59602
-1.37198
-2.74668
-1.20964
-4.13028
-0.46641
-1.57920
1.59071
1.52498
1.24250
-2.14816
1.82834
-2.64080
-0.56695
0.45064
0.44078
1.04978
1.86586
-5.19437
4.28014
-3.15140
-0.95912
0.07470
0.11636
4.79746
1.19447
-1.09326
-0.05840
-2.72122
-1.91309
-1.25514
3.96617
2.97350
-2.89896
-1.07979
-3.72301
0.27160
-1.11274
1.54762
2.79206
2.08419
1.75203
0.64487
-3.38653
-0.61956
2.67066
0.09503
3.08486
-1.49989
0.55203
-1.14297
1.14214
-0.75668
4.07138
-3.30404
-2.74741
0.75524
1.99856
1.53199
0.61392
0.79727
4.35078
-4.18840
-0.64468
3.12692
0.98800
1.24130
-1.59241
-0.68075
-1.44376
-3.26562
1.02939
-0.11655
-0.31804
-3.26260
1.12571
0.12084
-2.08299
0.05199
2.51865
-3.15005
2.47554
-0.00962
-3.52687
-1.15484
-1.23071
-1.61060
0.66790
0.19077
0.62984
2.30962
-6.10161
-3.57365
-1.14705
-2.23448
1.43110
2.16583
-2.77009
0.86632
0.59288
-0.71880
-1.57478
-2.92936
1.96085
-1.90498
-0.34574
2.99976
-2.78516
-3.64386
1.85607
2.07438
0.73664
0.24596
-1.94514
0.98301
3.24411
1.54292
3.26864
0.90171
-0.89758
2.42275
4.93098
1.90640
-3.06294
-0.45073
-2.81482
-2.24776
3.36947
2.50128
-4.57435
-1.83822
0.11467
-0.59783
3.40385
-2.17500
-3.26985
-0.10615
-0.87600
0.94262
0.65332
2.98025
-0.27279
-5.01663
3.41856
-0.10365
1.32781
0.78737
5.29208
1.21537
-2.06378
4.68483
-0.22414
-3.22262
2.19918
1.12187
0.17061
2.81176
0.99318
2.92788
-1.58102
2.79324
-1.15369
-0.18424
-2.15962
-0.01173
-2.98454
-3.38559
2.53498
2.76603
-0.48498
-2.56288
-0.02998
2.18488
-1.14730
0.75277
1.99819
4.11608
-0.07772
-2.55801
0.83817
-3.64939
-0.81647
-1.39701
-0.79790
2.58246
2.95398
0.64888
0.56106
2.01515
2.92990
-1.75657
0.01291
0.71576
1.63875
-2.46423
0.81940
-1.48273
-0.27030
-0.38667
-1.65810
1.61641
-3.32310
-0.34207
-2.87228
1.65963
0.10684
-1.20299
1.26332
0.96614
-1.08809
1.90844
3.19409
1.41667
-2.62871
0.70573
0.97147
-0.66047
-0.94572
1.55242
2.88012
0.71781
-2.05816
2.55009
-2.07792
0.16459
0.96542
0.50857
-2.87001
1.12579
-5.13608
2.87824
0.52120
5.05702
-1.90417
0.49586
1.67098
2.42854
0.48067
-0.80262
0.48006
-1.73171
0.03371
0.12042
0.48465
2.85133
4.35963
-3.27993
0.47364
-2.42638
-1.62511
0.11715
-1.49294
-1.81236
1.99668
0.43853
3.21425
4.63292
1.33532
-1.86620
-0.89028
1.57767
0.38453
4.13350
4.67674
-0.11283
-2.51996
2.89509
0.78533
1.22232
-4.23336
2.77452
-2.54192
0.59889
0.64448
3.07460
-0.44732
0.13025
2.30091
-1.01781
2.60272
-1.21476
0.58222
-1.44796
-0.20109
-2.37343
0.22257
-1.60735
-0.75936
-1.45187
0.54179
2.93768
2.23247
-2.69627
4.39391
0.65836
2.95981
0.85156
0.33085
-0.47475
0.58157
-5.11671
-1.98981
-2.83886
-3.11911
1.72492
-3.61303
2.81483
-1.02824
1.66486
0.05998
0.87875
4.30485
-3.55773
1.87798
-1.91382
3.28244
0.60077
8.11807
-2.51053
-1.05642
-2.08958
-1.15905
-4.92369
5.07615
-1.09297
-1.82204
3.90992
-2.50376
-3.24311
-2.45906
-0.58268
-8.64985
0.17465
4.84286
-1.14782
3.03961
-2.19849
-1.80333
-1.85466
-0.27654
-1.85885
-5.62684
0.77513
-0.90505
2.65355
0.33335
0.22292
-1.45464
3.38908
-0.73412
2.45093
1.70945
2.79562
3.02142
-2.01915
-5.66727
-1.20760
-4.36762
-3.71864
1.19149
-1.87084
0.16043
-1.42183
-2.39913
-1.11663
-0.49544
-2.30122
-3.92932
-0.86576
2.23380
-3.27159
-0.21846
1.88626
1.82798
1.10290
-0.94061
-0.99075
-1.46247
-1.35131
0.44063
-0.61453
3.22013
2.21079
-0.75649
-4.45377
-0.75862
-1.44860
1.14704
0.51182
-2.47887
-1.49312
0.71659
-6.70495
-1.92908
0.56907
1.40516
-0.61464
2.46905
-3.00839
-1.84207
4.39572
-2.99944
2.17296
2.40309
1.55737
-1.08772
-2.42006
-1.09732
4.16542
-2.29467
-0.00564
-0.48447
0.10504
0.79400
1.31805
-2.40765
0.04024
1.49043
-4.29020
-0.47778
1.53642
1.03071
-1.35107
-3.32988
3.11756
-2.91398
-0.88005
0.65109
-0.75026
3.33839
1.83636
2.24798
1.01738
-0.07582
1.78351
4.39591
-2.70571
1.31873
1.41314
1.41233
-5.42258
-0.05294
-7.48749
0.10911
2.09368
-4.30968
-1.59881
3.28699
0.13888
-0.42978
0.38518
-0.78197
2.36937
0.33320
2.50735
-0.44296
-2.43908
-2.34520
0.70952
0.70226
0.68853
-2.37652
-1.05110
0.93079
-1.08894
-1.42045
2.87775
-1.46637
-1.78316
-0.26858
3.17621
0.10027
2.18486
-1.44824
-3.00240
0.79097
-1.97067
1.64735
1.03503
2.18640
-0.01620
-6.36080
-2.04787
-0.24796
-1.45325
0.64004
-4.73076
-0.96155
1.05571
-1.25744
-0.92536
2.15571
-0.31721
-0.91253
4.13568
4.91351
2.45645
-1.51605
-1.41154
1.48808
-0.48141
0.35654
-2.44583
1.88053
-1.19054
0.93763
-0.84079
2.81046
2.59607
1.90577
3.44188
3.83295
0.93070
-0.46216
3.35968
1.10907
0.34326
-0.51341
-0.16928
-0.78743
-3.47344
3.35876
-1.81309
-0.89127
-0.82237
-1.30018
1.49257
0.15375
-0.31715
2.09837
-3.59659
2.60972
-1.21425
5.94328
-0.22629
2.35678
2.27399
-0.44265
-2.85052
-3.03549
-2.66998
2.00344
3.89454
-3.15174
-0.79693
2.04976
-0.89233
-0.55182
-2.50594
1.98068
-2.31204
-2.22938
0.79417
3.35189
-1.32857
-0.65823
0.06787
0.24457
2.51492
-2.44287
0.79338
1.32387
-4.28430
3.31488
4.64629
-2.34654
1.23362
-0.01523
-5.95828
0.93385
1.25860
-0.10727
0.92500
-2.45579
-2.30895
3.02015
-0.22898
-1.46443
-1.51590
1.27806
2.00558
-0.55968
0.43465
1.87498
0.75844
2.88279
-0.23758
1.48235
0.19826
-3.28172
0.65417
-3.48661
-0.73387
-0.78140
-1.19488
-0.02424
3.15088
1.34735
-2.30111
1.21591
0.17432
-0.45004
0.90541
4.37256
-2.38795
0.78681
-2.93940
-2.55386
-3.79454
-1.10805
1.03981
0.63201
-0.35803
-1.96446
1.44447
-0.55659
-1.60374
-3.55621
0.23391
0.00884
0.96811
-3.59633
0.45571
-0.18838
4.19929
2.01503
4.47936
0.21153
-3.09878
-1.75288
-3.27467
0.87517
-2.82082
-1.05699
0.31746
0.57404
1.48455
-2.50508
-4.37052
1.07216
-0.50733
0.07306
-1.19227
3.95597
1.14987
-2.47997
-1.02254
-2.29097
0.70306
-0.84357
-1.75480
-0.70534
1.88934
3.17142
0.03527
4.11799
0.18839
3.77541
1.49708
2.05119
-5.00321
1.48077
-2.00815
-3.59336
0.79537
2.20089
-2.35118
-0.14972
-2.72564
2.33857
-2.59174
0.51070
-1.24369
0.54801
1.85567
-2.10543
1.30420
-2.41082
-0.52494
-4.37414
1.61404
-3.25810
-0.20999
-1.78952
1.86907
-0.64970
-0.10996
-0.24383
2.78117
2.52562
3.10140
0.20755
-2.70852
3.57286
-2.77068
-0.88867
-1.17841
-1.06526
3.44356
-0.75877
-1.53303
-0.21494
-1.77431
2.06413
-2.53785
0.41905
-1.46130
-1.02315
1.85287
-0.35860
2.07566
4.12128
-2.47725
-5.04222
-0.78591
-1.60085
1.46700
-2.15202
-1.88621
-2.15612
-1.02229
3.01709
-3.92750
2.46571
-1.79569
-0.39076
1.47215
-3.50206
0.75176
4.86178
-0.17650
0.88277
-4.03397
1.04358
-1.25672
-3.08715
-4.22224
-2.64453
-0.92373
-2.31787
0.65839
3.46638
1.43180
2.02935
-0.31884
-0.81116
0.53846
-2.06623
3.52347
1.52152
0.99301
-2.64520
3.14315
1.69994
-3.22178
1.67182
2.61007
-2.65315
0.51533
-0.85331
0.60362
0.46840
0.06113
-1.46927
2.43149
1.37791
4.52655
0.14416
1.75458
0.02317
-0.84443
-0.98332
0.62645
-0.99303
-4.81446
0.87772
0.19096
2.24640
2.06956
-3.27803
1.69222
2.40414
1.49503
1.72754
-1.45310
-1.00072
-3.51516
-2.12401
-1.88643
0.39948
2.41251
-1.62576
1.39118
0.91865
-1.43170
0.45276
-0.84300
0.76622
-0.10633
0.34280
3.85302
4.06691
-4.37778
2.62443
-1.51978
-3.13342
1.66586
-4.62266
1.86631
6.71930
-0.83363
-0.06670
-2.28534
-0.00940
3.54941
-0.84346
0.86277
3.89325
1.25111
1.17038
-0.09780
0.45829
-1.40005
-7.53228
-0.57548
-1.85227
1.92540
-4.50833
-3.56398
5.49366
1.07819
3.72256
1.72397
-1.06688
-1.81101
0.90828
-5.05907
-5.28078
-2.58535
1.64022
0.14781
-0.17739
-2.49064
0.52874
-2.94340
-1.80309
2.00309
3.26499
2.40056
-3.10659
3.08739
-3.83801
-2.26950
-1.77062
6.02036
4.52942
-2.46838
-2.93111
3.49816
0.56251
-0.17560
2.40150
-2.01474
0.47705
0.73274
2.85994
1.16551
0.06387
-1.22903
0.10301
0.92256
1.35538
0.00321
1.13584
4.02243
2.09166
-4.24691
2.70993
1.48589
2.52465
-0.68524
0.86856
0.86430
2.49904
-3.56770
-4.46529
-3.35067
0.58586
-1.88182
-3.54520
-0.41712
3.99371
2.15546
-0.25854
2.39631
-0.08722
1.98076
-0.41537
1.19177
-0.37953
0.87505
-1.29997
-0.60041
0.92217
0.54315
-4.24413
-0.82366
-4.21819
3.72163
2.35564
1.66363
0.25428
-0.24085
-0.80796
3.31908
-0.76229
-2.48887
-1.75906
-2.03700
2.11138
-0.06623
-1.69339
0.93958
0.75609
1.78861
0.01577
3.57926
0.85551
1.36881
0.35162
1.09773
-0.23593
-4.94988
-3.48363
2.65632
1.12015
1.81105
1.48062
-3.99325
4.33327
3.81671
-0.66558
0.92473
-6.40448
1.35056
-10.70488
-0.72852
3.38405
0.28699
6.30460
-0.83691
-0.88083
4.60540
-0.09564
1.95984
1.81427
-2.28086
-0.73506
1.42863
2.67446
0.17577
3.29049
-1.63152
1.83173
-5.26491
-3.42732
0.37900
3.21054
4.94464
0.47328
-2.93665
-1.20313
2.62441
-0.40722
-5.29649
-4.27520
-2.18277
5.52020
-1.36284
3.05025
-3.98510
0.59890
-2.76363
-0.21602
-3.58634
2.77952
-4.43056
-0.77751
0.38817
-3.21790
-3.53154
2.71295
2.30685
-3.86796
-0.41295
-0.85278
-2.54149
3.93293
0.15836
-3.96648
2.56517
-3.43322
-1.55429
-0.54402
-0.44676
-2.53089
-2.51478
1.07491
1.11657
-0.73169
0.30226
1.70896
0.93685
-1.86402
4.14993
2.12900
-0.57374
-1.17356
-2.55040
0.51336
-6.19732
0.39382
1.62704
-0.88789
0.08130
2.56595
-3.22581
1.72835
0.75498
-2.89970
-2.07343
-1.95954
1.74479
0.40388
-0.73235
-3.49136
-0.96727
-3.04778
-0.48249
-0.97201
0.16483
-1.95598
-4.36899
-5.90935
0.43552
-1.09862
2.41176
-2.63186
1.39100
-1.92773
-2.65125
3.32145
-0.55557
-0.75459
0.85726
0.63381
4.48013
-3.09627
-2.32852
-0.59338
-1.28262
2.34421
0.49463
-0.28340
0.70714
5.35427
-2.57325
-1.49585
-2.21226
-4.73938
1.74791
1.42751
5.40399
-0.55665
0.22253
2.59605
0.61618
1.49067
-1.26556
-3.43169
-1.24570
1.80565
1.72619
3.57906
3.82154
-0.29026
2.25554
-0.59538
2.20580
0.61028
-2.23403
-0.45562
-2.00602
1.43066
0.44128
1.84927
-2.67023
-2.10514
4.37034
-1.41724
1.55059
-2.17794
2.61451
0.76606
-3.61908
0.09413
-3.84914
3.93885
-3.54825
-2.89104
