0.65520
3.45132
-2.47235
-3.56364
1.34117
-2.55296
-0.98053
-2.11937
1.67546
3.01114
-0.52312
2.08949
-0.44497
-3.13693
-0.22611
2.74293
-0.51532
-0.10967
-1.60357
-0.99492
0.24888
-1.88374
-1.67429
0.83359
-0.06361
4.64434
-0.42920
-0.26924
0.08152
-0.11860
-3.88446
-1.21639
0.30902
0.77521
-0.99634
1.97199
2.28670
-1.32565
0.84772
-1.29089
0.16520
-1.54156
1.53918
0.06928
-1.01426
-5.29458
2.58692
-0.22456
1.47328
0.41501
0.19219
0.00811
-0.80375
0.07157
2.04042
-0.64179
-2.61933
0.49864
0.52000
-1.76429
0.38376
0.69720
-3.28662
-0.20816
-0.91159
-1.26174
2.34416
-0.26777
-0.37621
-0.30309
-1.34700
-0.51141
-2.46873
-2.97291
1.36483
0.85467
-0.57639
-0.05691
-4.23986
-0.03714
-1.93988
0.55838
-0.05591
-0.70756
-2.23667
0.93656
1.78821
-0.07686
0.77678
0.13730
0.92006
1.03845
2.12206
-0.62289
-1.15295
-5.64472
1.76197
5.69039
-1.31522
-1.82899
-2.41225
-2.35274
2.78236
-1.77495
1.02203
-0.43674
0.22525
-0.65728
0.97938
2.31105
-2.83708
-2.14559
2.77140
1.67749
-1.19393
-0.43063
-0.78733
2.61574
2.90265
-1.92174
0.57542
2.69541
-0.81549
-2.91355
-1.47312
3.01894
-1.47696
-1.55146
-2.41215
0.81640
2.96284
1.78555
2.91954
-1.81540
2.31197
-0.25192
-0.88134
1.75631
0.72450
1.54882
0.54088
-1.31723
-1.75965
1.66398
3.11024
2.58606
-0.89007
-0.57632
-0.83303
1.74787
-0.30983
-1.72516
0.48408
-2.68239
3.67950
-0.94203
0.05446
0.44333
-0.91764
3.32953
0.67371
-2.02785
3.42139
2.66835
1.20781
2.05182
0.40362
-1.01063
0.71624
0.68326
-1.39386
-0.37946
0.47777
1.05927
1.38318
3.33114
-0.45369
-1.18426
0.60411
1.12548
2.23546
-2.03349
-1.42983
0.64065
-1.23341
-1.77009
2.14761
-0.54200
-0.90894
-0.00760
-1.22472
-0.77330
-0.07950
2.14680
0.99866
2.40039
-0.38775
0.37908
0.33320
-0.20549
-3.90934
-0.42526
-3.70438
-0.26582
0.88407
-0.49270
-1.18095
-2.95406
1.47973
-0.52997
0.71306
-1.65564
-0.36360
0.77410
-0.07832
-1.31244
1.26408
1.52050
0.93633
-0.59308
0.62246
-0.23375
-1.07681
-1.44319
-0.93621
0.42161
-1.72014
-0.41989
0.72188
-0.01180
-0.18029
0.15262
-1.41044
-1.72920
-0.17727
1.64826
-1.61085
-1.63995
-0.83719
-4.61612
1.31247
1.21661
-0.85680
0.69695
0.20244
1.57811
-0.89140
1.74220
3.51812
0.83232
-0.72217
3.36846
0.98551
0.60319
-0.86260
-0.80239
0.57768
-1.09789
0.08125
-2.53248
-2.79341
0.20183
2.63382
-1.48617
1.70476
-0.43108
-0.86622
-0.81398
-1.79199
-3.10568
-1.81034
-2.39364
-1.99849
-1.34462
1.58789
-0.14202
1.71191
1.92151
2.66639
1.79745
0.76999
1.39416
2.90272
0.94779
-2.61252
1.19553
-2.59508
0.04411
0.35606
-0.30647
-1.20383
2.07253
2.45010
-1.40202
-0.14452
-0.88498
-0.18290
3.47067
0.17027
0.76145
-0.15457
-1.21740
3.90469
-1.60970
0.14202
-0.17069
-2.60571
1.01134
0.90868
-2.29396
-2.69558
-2.31277
2.01934
-1.64351
3.87760
3.58191
1.54841
4.69789
0.75734
-0.20383
-0.64539
-1.73093
-0.29600
-0.30515
1.93839
4.67076
1.07669
-2.71385
-2.35413
-0.92234
-0.57255
1.17737
0.58418
-2.61631
0.70407
-1.33803
0.33138
-0.37339
-1.28385
-1.56866
-0.47110
-1.47350
2.82619
0.98325
-0.49838
1.60475
2.20016
-0.77001
2.54101
0.73437
1.22272
-0.89849
-0.26305
-1.60203
2.45899
-1.62168
0.03386
0.50128
-1.96371
0.61710
-1.87944
-0.70211
1.19315
-0.93794
0.44112
0.37569
-0.69800
-2.23572
-0.97804
-1.66343
-0.54647
-0.51354
-0.91010
-0.73932
-1.65478
-0.39921
0.26086
0.04345
-2.05890
-0.73476
-2.83155
-1.63303
0.34552
-2.02921
0.23845
1.20822
2.63399
-0.04286
-0.62351
0.52675
-1.49335
0.03395
-0.37165
-0.64124
0.78181
-0.26699
0.12358
0.30332
-0.71067
-0.81370
1.48791
1.07452
-0.55761
-0.18128
2.11949
0.77275
1.20642
-0.97444
-0.11592
1.61702
1.33113
1.47274
-0.37095
3.08427
-0.65629
1.53894
3.28233
-0.65280
-1.64964
1.50095
1.30667
-1.53897
-0.90261
-0.02228
-1.18959
1.67208
0.04385
0.21649
0.82044
0.51198
-1.43431
2.54709
-0.52851
1.75397
2.91903
0.25289
1.24835
-1.68417
3.02595
0.41517
0.75718
3.63071
0.33153
-1.87888
-2.39542
-0.48877
-0.86802
-0.59174
2.43771
-1.19832
-4.19553
1.74793
4.25560
-1.46335
-1.57931
-1.47375
-2.62098
-2.15876
-0.12397
-1.62656
-1.37730
2.65845
-3.40533
-0.76683
2.55681
1.04924
-0.98954
0.13634
-0.97761
-1.25621
2.64348
0.56065
2.06865
0.95260
-2.21880
0.48861
-0.35406
3.21990
-0.09817
-0.02538
-2.20520
-1.37048
1.22136
0.03044
-3.14915
0.23343
1.35794
-1.97579
1.06913
-0.96842
2.84371
-1.73243
1.32257
1.54599
-3.49834
-2.37987
0.90924
1.15902
-1.93659
0.99393
-1.31353
-0.61356
4.30856
-2.36547
-1.30928
2.87368
-2.96224
2.47704
-0.32947
-1.72888
1.49092
0.92654
-1.16465
-2.42931
-0.37914
-1.90012
0.02134
-3.05685
-0.33620
-0.20604
0.18840
0.29657
1.03282
1.98627
0.22875
2.17817
-0.45669
-0.81590
-0.61647
-1.47780
-1.55544
-0.53828
0.82182
-0.59298
1.73275
-0.64058
1.04142
0.13015
-1.37091
-0.14329
0.20681
-2.66943
-0.17863
2.62924
-3.48041
-1.03215
1.44051
-0.13791
-0.14770
-2.23593
0.39552
0.99009
1.50801
-3.41637
-0.75101
2.82601
-3.42683
0.56802
-0.65262
-1.96614
-1.80474
0.78660
-1.40546
0.40807
2.40155
0.03042
-0.30907
-3.12709
-0.59082
-0.17139
-0.96902
-0.27011
0.19456
3.56907
-0.25798
-0.84454
-0.72133
-0.06264
0.83046
1.54192
-0.49613
-2.08058
-1.02621
-0.60230
0.22867
1.65170
0.86123
-4.90037
-2.42627
1.20954
1.70832
0.48398
-1.40582
2.57040
0.81331
-2.54643
0.21137
0.41473
0.16071
-1.46543
-2.68277
-2.46386
0.05324
-1.94000
0.10943
-2.19467
-2.24922
0.79876
-0.50797
1.10231
-0.49099
0.67338
-2.23146
-0.57721
-1.10896
1.68367
-0.01606
-2.08717
-1.12523
-0.75446
2.15039
1.70540
-2.31842
1.11956
-1.76980
-0.90266
1.40142
3.40251
-3.03798
-0.10467
0.53913
-0.49738
-1.39956
-0.26418
-1.74011
-0.13644
0.64804
-0.81519
1.01211
1.06292
2.38629
-0.68066
-1.89042
-0.43488
0.86366
-1.19298
0.85112
3.05839
-0.27739
2.36905
-1.36363
2.60607
0.43798
-2.00942
-0.40870
3.69325
0.76925
-1.53968
1.36573
3.28666
2.49007
1.05548
-0.00935
-1.25778
0.71892
2.58779
3.24655
1.40706
-1.28923
-4.01856
2.20830
-0.66491
-1.90387
-0.31536
3.84320
3.73010
-2.20451
-2.17427
1.70953
3.11445
0.73907
-1.47729
1.83632
-3.92974
-1.42540
-2.33104
0.92933
-0.87591
-2.27658
0.86724
2.13768
-0.10068
-1.23937
-0.17909
3.43598
-0.32744
-2.61385
-0.08934
0.05827
0.37424
1.44945
-0.64089
-1.35898
1.92304
-1.14756
2.04118
-0.64760
-1.03329
-1.61747
-1.11703
0.98003
-1.10160
1.36881
-2.29224
-0.73728
-1.20807
2.61876
1.14680
0.36073
0.16225
0.28052
-1.31550
-0.52480
-0.93458
1.73709
0.18490
0.56032
0.09326
1.42994
-1.29325
2.62766
2.25702
-0.81134
1.03809
-1.04701
0.68555
-0.85913
1.28433
0.28709
0.88967
-1.29013
2.28872
1.38183
-1.22234
1.11458
-1.22489
0.68191
2.51673
-1.92396
-5.57861
2.10565
1.89343
0.20098
2.06809
-1.27364
1.99825
0.34138
0.47677
-1.02757
-2.28689
-0.06658
1.60557
3.19621
1.12143
-1.49519
0.74240
-0.46650
-3.17951
-1.47952
-2.61584
-2.34647
-2.23925
-0.21631
1.15783
-0.51072
-0.01700
-2.51421
0.11199
1.58706
-2.52645
-1.22104
-2.47751
0.40525
1.11733
-0.20121
1.07055
0.98665
-3.51636
1.41956
2.18444
2.65597
-0.14781
-0.98854
-2.66702
3.94683
0.26301
-1.36199
-1.08239
1.85458
-0.28608
0.58852
3.59406
1.10483
1.03753
1.42993
0.38942
1.11784
-2.48751
0.86269
-0.35383
1.46930
-0.14828
1.28043
-0.69227
1.30078
-0.75318
-1.87894
0.86837
2.61933
1.28102
2.16847
-2.46657
1.50266
-0.03380
-3.66272
-0.46202
0.05238
-0.92615
-0.24705
-3.10028
-2.49355
3.53254
1.66843
-0.94047
1.42878
-0.14258
2.60508
-0.04027
-1.20364
-1.82168
-0.39135
2.29817
-2.13706
0.97984
-3.69791
1.58318
0.69661
2.14915
-1.03322
0.60261
-1.02449
0.78420
-1.14670
4.28490
-3.70111
-0.93595
0.51708
-2.51467
1.02853
1.91452
-2.99513
1.96057
-0.29715
2.36521
-0.23511
-0.13040
-1.70800
3.20345
-1.19138
-1.80473
2.48331
1.82235
-0.47639
-0.39959
-1.27060
1.50968
-4.47011
0.34828
0.71503
4.48627
-2.41836
2.68626
0.77328
0.57979
-0.52905
-1.10886
-1.34981
-1.18186
1.60493
-1.83095
1.69366
1.37025
2.58230
2.33890
0.50499
-0.31813
0.69817
-1.10088
-0.74113
1.46065
2.86155
0.41967
-2.55228
1.19146
-2.00486
-3.36915
-1.73330
-2.75383
-1.81357
-0.88901
-1.27833
0.87967
1.41428
-0.19039
1.57107
-0.96293
-1.01320
-1.38323
0.26626
0.74196
0.15365
0.89715
2.35697
-1.58626
0.22890
-0.52179
-1.38611
3.48950
-2.24581
0.10916
0.20902
1.24944
0.84723
0.72645
3.16037
-0.52396
-1.62751
-1.00043
0.04057
-0.80351
-0.64571
-0.68321
1.89549
-1.96911
1.07970
0.18247
1.69429
1.27215
-2.10168
1.86997
2.37855
0.44205
0.40755
-1.90453
-2.29671
0.01244
-0.98720
-1.38800
-0.03737
1.50188
-0.30571
-0.80934
1.57333
3.22310
0.83543
-3.40043
-0.33704
0.49073
1.67075
-1.73567
0.90232
1.47957
-2.75883
-0.02236
-0.67059
0.41657
1.43266
-1.61833
2.83412
0.03447
-1.18918
0.20017
1.56567
0.72809
-0.47628
1.51206
-1.83731
0.31728
-0.10183
0.34322
0.60927
-0.52195
0.83362
-1.87490
1.42339
1.14850
-1.22824
-1.90590
-1.75192
-1.05179
1.33121
1.08041
-1.19560
1.28765
-1.85091
0.51047
-0.43237
-0.14922
1.17181
-3.80406
3.61341
0.80366
-0.39798
2.30790
-1.76638
-0.86099
1.17315
-1.01741
-2.82205
-4.31555
1.19423
-0.24768
-0.39492
0.71850
3.58758
-2.73438
-2.44928
1.42940
-0.77307
1.68558
-0.67983
-1.88385
1.23266
-0.75238
-0.56041
1.48953
-1.39050
-1.94598
1.35773
2.40676
0.74697
0.79504
1.67966
0.87431
-0.64769
1.25588
4.10424
-0.68219
0.78676
-0.81082
1.36069
0.35762
1.85981
-1.18582
-2.17609
-0.24413
-0.69341
1.83250
1.30047
-1.56208
-0.60415
0.74558
2.83874
-1.00196
3.41553
1.92814
1.52867
-1.24173
-0.98769
-1.77947
0.00177
-0.30140
-1.43509
-1.70066
-1.65149
-2.32853
0.78783
-1.84320
-2.69665
-1.26760
-0.17221
-1.39462
0.48558
-2.39018
2.39278
2.01288
0.10412
-0.45772
1.01782
0.00307
1.16802
0.51435
-1.97177
-0.65965
1.91030
-0.12819
2.10516
-0.41080
-1.26550
0.57362
-1.76988
-1.48284
0.63959
2.59428
-2.48114
-0.23185
0.75772
1.90049
-0.69174
3.40828
-0.03603
-3.66835
-0.90368
-0.37436
2.38300
1.61669
0.71868
-1.20639
2.69336
-0.09838
0.38756
-0.28984
-0.00045
1.32332
2.07765
0.56322
1.11117
2.66175
3.28706
1.87199
0.15745
-2.42318
-3.40012
0.10995
-0.71251
-0.79818
-3.38723
1.76945
-1.19845
-1.30971
-3.04005
1.14220
0.03600
-0.07109
2.63857
0.19234
-2.60063
-0.32482
-0.69524
-1.28580
-0.79932
-0.58269
-0.46370
2.38988
-0.96110
0.90577
2.27919
-0.76042
-0.09470
-1.06784
-0.63657
0.98507
-1.26745
-2.19578
-0.40689
1.40153
2.78241
3.79972
-2.56127
0.28421
0.61685
-0.94109
0.78537
-0.89704
1.13939
1.78868
-1.18144
1.15723
-0.14552
-1.36479
-0.70544
-3.13205
0.45373
-0.07820
-0.94072
-0.66575
0.62809
-0.07565
-2.70622
-0.93868
-1.32184
-1.07328
-0.55907
-2.55953
-0.47531
-1.27241
2.92723
-1.70744
-1.95965
1.06805
1.51913
-1.11669
-0.48927
1.46512
2.32137
0.28677
2.25055
0.45921
-3.96466
-1.78372
1.46168
-0.23378
0.13848
5.03736
-1.12253
0.51111
1.09535
0.00020
-1.26106
1.49869
-0.90862
0.32202
1.59718
2.81021
1.83233
1.81609
0.83476
0.33113
-1.97115
0.17636
-1.40595
-1.14454
-0.32199
0.39959
3.98872
0.41247
1.66546
-2.20804
0.57431
2.35892
0.68378
0.42981
1.59108
-1.45524
2.36749
-2.42564
-0.69650
0.87226
0.41158
1.75160
1.26840
1.14803
-1.85262
2.91342
-1.05772
1.80255
0.75718
-2.50639
1.15871
-2.37618
0.70073
-0.34566
-0.79092
0.22127
-1.87651
2.03021
1.75738
1.14071
0.21826
1.20158
1.29019
-1.01041
1.05859
0.67373
1.28268
-2.00606
2.07972
0.99814
-1.80665
-0.06655
-0.88298
2.62500
-0.81391
0.71904
0.79199
0.51935
4.79813
2.12104
-1.10143
0.22133
1.21906
-2.77867
1.94440
0.99488
-0.91545
-0.34573
-1.29954
-0.07757
-3.61047
-1.51768
-0.34946
-2.44249
4.53036
-1.42194
-2.83469
1.51252
1.45256
1.35491
-2.54848
1.03465
0.51196
0.51863
1.44294
-0.11795
0.85570
-3.42775
-0.67411
-0.29257
2.45429
-1.22806
0.11711
-1.68173
0.35748
0.36690
-0.67080
0.90936
-1.34290
-1.78238
2.49779
0.08060
1.53833
1.37030
-1.25243
0.16229
-0.79331
-1.92399
-1.60066
0.46419
1.95224
1.11211
-0.66118
2.00073
1.10294
1.74478
4.33856
0.00997
2.99357
2.33233
-1.90616
-2.16665
-3.01813
1.12309
4.35828
1.29808
1.24487
0.97778
-0.34501
0.02143
1.22813
1.42835
-0.94827
-3.21180
2.01380
-1.14916
-1.02970
3.95975
-2.08561
1.39704
-4.05028
-0.67845
-1.01369
-2.66747
-0.97679
3.27699
1.89813
-2.89974
0.02399
-0.29194
1.99665
-1.00465
0.19870
-1.01282
-0.48141
1.06544
-0.52156
0.17560
-1.78130
0.97946
-0.26693
-1.52884
-1.70421
-1.50761
-0.71507
-0.10094
2.55292
0.98224
0.24212
-0.68273
-0.62227
0.91551
4.47855
1.04221
1.34511
0.31497
1.24632
1.08558
0.10002
-1.21243
1.50867
0.99069
2.80498
0.42226
-2.25581
-0.16127
0.01100
-1.86382
0.56681
3.58883
2.33517
-1.65587
-1.59417
1.01595
0.52335
-1.53956
0.52796
-0.37968
0.17697
-0.59449
-0.63790
0.04881
-1.72137
-0.41105
-0.26465
-1.12898
-0.96305
-2.15469
0.87080
-0.10962
0.35056
-2.24457
0.84823
1.38487
-1.38680
0.50183
1.11782
-2.44631
-0.13466
-3.00701
-0.25846
-0.99191
3.06569
-2.00909
2.10809
0.11604
-0.05061
0.73826
1.64735
0.97977
-1.24774
-1.52523
-0.06396
3.41492
2.02809
-1.33265
-0.06134
1.42928
-0.01190
0.21812
2.45311
-0.25146
2.30743
1.76715
0.05479
0.53790
-1.65044
1.16869
0.02904
0.66974
1.30384
-0.48316
1.83751
-0.51907
1.33245
0.83077
2.40062
3.08357
2.75868
1.06255
-1.46384
3.04665
-0.24980
2.09354
-1.05822
-1.12139
-0.30020
1.86290
-0.50853
0.41556
-1.42469
0.44091
-0.39315
-1.40795
2.26298
0.77024
0.14016
0.03237
2.80720
-1.59660
-0.52931
-0.60344
-1.25644
-0.81632
-0.37080
-0.76637
2.26186
3.16991
1.67689
-0.49985
-1.86512
1.20508
-1.42342
-1.43334
1.78923
-0.56997
0.53608
0.83253
-0.70709
0.04533
1.22024
-0.82355
2.00535
-0.83759
3.85686
0.25106
1.04656
0.51454
-2.02715
0.06909
-0.12852
-0.45853
-3.79520
-1.56617
2.58469
-0.12047
1.24863
-0.56767
-1.52839
-0.20967
1.54111
-0.75854
1.56619
-2.23160
1.33415
-2.67918
-0.05890
-2.61212
-1.63687
1.24225
-0.66320
1.23458
-1.21491
-0.08769
-2.30443
0.55249
0.78109
1.55369
-0.18099
0.56340
0.03910
-1.95595
1.20358
-2.09460
-1.11897
-0.20340
-3.51703
1.89252
-2.26150
1.69359
0.78228
-1.82956
-0.51991
0.47140
2.03513
1.32394
1.99857
-0.29617
-2.12366
1.63067
0.57976
4.58777
-0.17080
2.22187
3.52781
2.02238
-3.05781
-0.64265
-2.21342
0.65311
1.68646
2.01919
3.11715
0.01596
0.21209
0.89886
0.79418
0.45622
1.56275
0.91907
-0.29461
-3.24547
-1.27440
-2.23258
0.57960
0.34802
0.68833
0.91023
-0.57522
2.55435
-1.69941
-0.83076
-3.76042
0.73362
-3.40004
-0.73740
1.14208
-1.27640
1.57473
0.98809
0.52796
1.69365
2.17520
-1.46533
2.34381
-1.70165
2.96752
-1.50885
-0.61404
4.02573
-0.31550
-0.83238
-0.54363
0.26210
2.79453
0.03550
-1.74906
-1.36936
-0.08643
-0.16998
-0.55979
0.31055
-2.07027
-1.44062
-0.24188
0.12596
0.69071
-0.01599
-1.27755
-2.32777
-1.22265
-2.19545
0.26160
0.14807
-0.86486
1.54560
-3.93210
2.89428
0.89518
-2.09161
-0.38927
-2.39879
1.26945
2.18002
-1.00517
-1.60812
-0.40387
0.56392
-0.79177
-2.04558
-1.62164
0.71114
-0.33820
2.38208
-2.08014
2.11110
0.64154
0.71955
-2.69676
1.57724
0.91956
-2.19947
1.19152
-3.07358
-0.81046
3.34649
1.01252
0.06798
-0.83825
1.28004
1.71946
-0.14105
-1.17946
-0.24224
1.35003
-0.79524
0.53089
-0.40246
-0.32712
2.17328
0.32271
-0.00092
0.27977
0.70168
0.49977
0.76753
2.49308
1.86048
1.11130
0.19436
-0.25208
1.24499
-1.78603
-2.10675
2.25588
0.04408
-2.03031
1.47164
-2.76796
0.90491
0.20787
-0.39442
0.30204
1.09346
3.47896
0.05027
-1.18092
-1.30753
1.12821
-0.21937
1.00205
-2.69987
0.23963
2.56720
-2.98844
-0.44309
0.98232
-2.12277
-0.44762
2.83028
-0.97785
-4.51915
2.34860
-1.47182
-0.14605
0.17850
-0.90285
-1.33330
-2.87525
-1.56625
1.10107
-0.56034
0.39475
1.96376
-1.38704
0.57888
1.14439
0.70863
0.73287
1.14952
0.18472
0.15029
0.88573
2.30057
0.65116
-0.75106
2.03036
-1.35971
-1.17117
0.21445
-1.59408
2.25577
1.33866
2.11927
-0.94205
-1.05162
1.25295
-0.96443
1.57068
-0.86470
-0.86308
-2.05872
-0.73584
-1.83568
-1.08805
3.72841
-1.54072
-1.43536
2.40261
0.41266
-1.43539
1.33419
5.07931
-2.68540
-0.21999
1.71334
1.03761
1.76228
0.73550
-0.50097
-3.85603
-0.51145
-0.48649
0.01178
1.52682
0.48161
-0.81320
1.97525
-0.06965
-2.10097
0.94293
-0.72566
0.31175
0.40905
0.43236
-0.44027
-1.74709
-0.36881
-2.56483
1.98265
-1.82775
0.12633
-0.02071
0.00899
-1.00591
-1.49798
-1.45119
2.12595
-0.70652
-3.21749
-2.80599
1.27005
0.18312
-0.59485
-0.01654
2.40002
-0.37763
-0.42040
-1.19213
3.67569
1.97337
-0.70490
-0.66199
0.17672
-0.34576
0.77541
0.65859
1.16451
1.62259
-1.97196
-1.40074
-2.42105
1.78286
-1.54900
0.17630
-0.15786
1.91382
-2.41425
0.76121
2.72222
-2.31455
0.74018
0.89419
2.06477
1.07744
-0.86494
-1.80974
1.74102
-0.65074
0.39021
-0.02293
0.23136
2.03480
-1.69488
-1.24348
-1.03725
0.97637
1.93410
-2.74788
-0.90622
3.45495
2.68307
-3.13793
2.39402
1.04464
0.48808
0.17295
-0.39099
-2.28106
-0.61827
-0.60815
1.94333
-1.21199
0.48267
0.75866
-0.19144
0.92657
-1.79342
-1.61775
-1.20253
-0.54883
-1.46741
1.04384
-0.09410
0.38058
-3.10443
0.21926
-2.16468
1.81357
4.51984
-0.08947
0.12953
1.15067
0.94991
1.02951
-1.36523
0.84827
-2.46714
2.41875
1.45358
3.81963
-2.36021
0.97768
-1.25429
0.74330
-0.05311
-1.13483
0.67841
0.87230
1.83300
-0.33399
-0.25933
-1.28181
1.37367
-0.09306
1.46606
-0.16166
-1.38287
0.81363
0.08590
-1.09374
0.97681
1.90459
2.22011
-0.60192
-0.19699
-1.74889
-1.45331
2.10458
1.57876
2.07150
1.75803
0.75323
0.87029
1.21110
-0.36866
-1.37030
2.29101
2.16350
2.80364
2.67386
0.54030
2.74147
-0.35840
2.53961
-2.58196
2.34994
-1.30984
-0.34157
2.41695
-2.62523
2.22962
-1.89610
-1.11962
0.94453
-1.10179
2.89331
-0.13124
-0.84951
-0.96208
2.19038
-1.11545
0.90825
-0.72993
-1.67826
-1.13088
-0.16194
-1.39573
-0.71097
-4.85823
-3.09082
-2.52781
1.08276
1.12408
-1.57366
1.72451
-2.65171
0.74045
-0.67369
-1.67605
-0.10557
-0.18489
2.19372
1.13943
0.64165
-0.63581
-1.78526
0.73597
0.10322
-2.39023
0.81360
0.20592
-0.53530
-1.31813
2.33934
0.03091
1.04226
-0.63913
0.07928
0.72451
-0.47757
-1.55112
-1.65641
0.36500
-1.30091
-0.36555
-0.09956
-0.49243
1.89868
-0.81324
-0.47815
1.13085
0.82728
-0.70715
0.13183
0.02361
-3.56118
-2.56216
0.38111
0.97589
2.77391
-1.92716
0.93676
-0.58671
-2.72443
0.70656
-1.74231
-0.47907
-1.97951
-0.82455
2.37248
2.62690
-3.44734
-1.60619
1.23802
-1.72180
1.23553
0.27302
-2.30398
3.17605
-1.65695
0.15174
-0.64393
0.43712
0.30444
-0.68532
-1.24445
2.21593
-1.59868
0.01653
-0.25982
0.76031
1.01985
1.25965
2.14911
0.97138
-2.50500
3.21709
2.80323
-0.00840
0.65960
0.82620
-1.79585
1.26610
4.01599
1.21805
-2.97492
-1.97977
0.83534
0.46890
0.07656
4.00634
0.37046
1.52024
-0.67752
-1.53840
-3.20172
-0.41352
-0.12252
-1.48484
-0.29229
0.08062
-1.25212
-1.92113
1.77373
-2.68335
-0.37397
0.22229
0.16802
3.42340
-2.30300
-4.20095
-2.35939
-0.83830
0.40532
2.20308
1.15399
2.13247
0.05873
0.48434
-0.36997
-0.80196
-1.87729
-0.27953
2.23479
1.81052
0.85784
2.11820
4.22417
-1.09643
-2.48186
0.27897
1.36633
0.98657
-2.28291
1.02513
-0.71017
1.72392
-1.30490
0.04184
-1.25968
-0.41458
-0.76575
-0.97401
-1.35942
1.26773
-0.40376
-1.72365
-2.61709
0.57475
1.89047
1.11640
-0.91605
2.66650
2.69335
-0.34030
1.08806
-1.65736
-0.85196
0.53522
3.01288
-0.15886
-1.77943
0.26693
-0.31350
-0.54297
-0.57915
-0.70660
3.05246
-1.46991
-0.77305
-0.16023
1.06279
1.74551
-0.76038
-0.58609
-0.55136
-2.14761
-0.95651
0.00729
2.52518
1.65569
0.89632
-0.75564
-0.78794
0.08280
1.94836
-1.38489
0.90130
2.93985
-0.84088
-2.51033
1.47545
1.13160
-0.44458
1.20357
0.34239
-0.41240
0.42736
-4.58540
-0.54377
-1.83638
-1.36409
2.92624
-0.29531
1.01843
0.73604
2.51742
3.04364
0.04808
-0.77606
0.97940
0.10184
-2.01967
-0.56605
2.10256
0.48852
0.45466
0.15309
-1.04600
0.61385
-2.32419
-5.46572
-0.17049
0.37881
-0.48796
-0.42757
-0.64361
0.04843
1.23202
-2.22462
-0.08040
-0.14793
1.79818
4.40085
1.41445
1.61273
-1.26256
-3.67797
1.57878
1.10520
-1.83425
-1.64605
1.52026
-0.29349
-0.72243
-4.21198
-0.39752
3.07511
-1.95713
-2.14943
-0.76137
-1.88937
1.06900
2.10983
-1.71312
0.94175
-0.87553
-0.72350
0.03959
-0.32528
0.51414
-0.24639
-0.95593
1.94485
0.83677
1.08832
-0.04800
-0.03391
0.17803
0.26961
2.21435
0.70253
0.32581
0.28586
-0.78969
0.98574
1.43389
2.98917
-0.29659
1.81301
1.11762
0.58894
-2.46391
0.14341
-1.16264
-2.89588
-0.29384
-1.71897
4.25447
-1.05262
-2.86733
-0.43905
0.38587
1.27933
0.27876
1.59218
-0.01313
1.74017
-1.91068
1.42492
-0.64522
-0.93642
1.91627
0.92444
0.27671
-2.07509
3.85183
-1.20770
0.09504
-1.66335
-4.46026
0.50551
-0.05184
1.64012
-0.64248
0.68829
2.27472
1.08428
0.79167
0.15299
3.75417
1.32673
-0.39259
-0.01733
1.51517
-1.26898
-1.60320
-1.89363
0.70404
1.37995
1.56752
0.40603
2.77866
2.95531
-0.11176
-0.02155
0.54267
0.96931
1.72145
2.38739
3.06488
-1.47800
-2.64655
2.14609
0.50566
-0.44650
-0.61410
-2.40304
0.28532
-0.83324
1.46867
-1.05877
1.80880
-1.80872
-1.32388
-1.83201
1.73864
1.50098
-0.86114
-0.25268
-2.55889
2.00371
-2.93941
1.69930
-0.26402
-0.57981
-0.05898
0.09186
-1.30481
-1.96321
0.12710
-2.69803
0.83684
-0.72892
-1.18599
0.84659
-2.32055
0.59373
1.32024
0.84626
-0.10980
-3.94660
-2.72951
1.31535
1.78716
-0.30727
0.78756
1.03296
-1.44887
-1.55172
-0.10837
2.18731
-2.31789
-1.43639
-1.23630
5.09161
-2.04210
0.97609
-1.42580
0.21245
-1.60356
-3.27118
3.64114
1.02661
-2.24328
2.01530
0.38769
2.25376
0.53628
2.70468
-1.61243
-2.03517
0.04941
-0.90743
0.94468
-3.87604
0.95365
-1.65025
-0.52153
0.30717
-0.47363
-2.56839
0.03521
-0.16951
-0.15041
0.67390
-3.57148
2.04137
4.46558
1.91853
0.30939
0.22735
0.59336
2.89136
2.32070
1.82039
-0.03343
0.63987
-0.31870
3.29652
-0.27404
-0.14146
-0.07544
3.59157
-2.09052
-0.62657
-0.52280
-0.00669
0.80328
0.97803
0.05333
-0.36756
-3.30868
-1.74617
-2.26752
1.20307
1.15156
-4.30863
-2.78997
1.56744
-0.28793
-2.95779
-0.75685
-0.45326
-1.65897
-0.49905
-1.49855
-2.09878
0.97957
1.89034
-1.10909
-4.48916
-1.05678
0.21898
0.42972
0.79145
-2.13989
0.74167
1.57351
0.60933
-0.19565
-1.03840
1.71694
2.34974
-1.05882
-1.05175
1.62279
0.36918
-1.21785
1.52954
0.01282
0.35753
0.61816
0.55320
-1.31428
-0.43475
-0.98498
1.62506
-1.93896
0.58531
0.10447
1.82182
-1.44628
-1.29379
-1.92998
2.72964
-1.25641
0.20806
-0.60425
1.61107
-1.65633
1.67361
1.07956
0.89390
-0.73233
0.47347
-1.04748
-0.94586
-0.67158
0.26748
0.27114
-0.56137
-0.17468
-0.75957
-2.19138
0.38481
-1.21989
-1.53513
-1.46359
1.42809
3.13097
1.41435
-1.77706
1.26957
-1.47885
-0.13007
-3.28540
-4.16283
-0.73428
-0.61336
2.30358
2.01974
-1.56770
-0.32917
-0.20062
0.09544
-0.53140
-0.20995
-2.21819
1.87182
-0.89533
-1.01694
2.90661
2.33999
0.98489
-3.63660
-3.26459
-0.44092
-2.69983
-2.59380
0.99775
0.53700
0.50567
-0.70682
-0.36001
1.65968
1.57405
-1.58122
-2.62177
-1.39949
-1.46110
-1.56325
-2.51258
0.24701
-1.18201
-0.09812
0.56364
-1.19736
0.16952
0.42593
1.69183
-0.43241
0.78215
-1.20920
2.59298
1.91968
-2.87610
0.09942
0.13887
-0.44416
-0.52862
0.17419
-0.23197
3.09533
1.91185
-1.34261
0.57442
-1.56336
-0.58843
-1.03783
-2.43467
-0.98758
2.40260
1.20597
-0.28324
0.85767
0.05893
3.17163
1.32019
-1.69892
0.60157
0.38576
-0.77303
1.14903
0.28431
-1.18745
0.97347
-0.61493
-0.79094
-1.84705
0.05108
1.87631
-0.19620
0.15498
2.76040
1.66388
0.20063
-0.82731
-0.61444
3.46897
2.29470
-0.76832
1.34412
-2.12292
2.10971
-0.45387
0.23225
0.39001
2.30078
1.55109
-3.99541
3.11476
0.72260
-0.41757
0.13186
-0.28332
1.12886
3.04634
-2.31097
1.45443
-1.60559
-0.29359
-2.96667
0.22658
-1.28530
0.11490
2.10312
1.82839
2.53302
3.58088
-2.08011
-0.75138
1.62850
0.72348
1.54278
-1.07996
-0.26386
1.29361
0.97652
-1.75591
-0.26262
0.72306
2.97743
-3.16345
0.05109
-0.30409
-5.26762
0.22200
2.11615
-1.57522
0.85586
-0.31133
-2.26420
0.51730
-2.94690
-0.65920
0.63841
2.02322
-2.22630
0.83211
0.55860
-0.57906
-0.94130
0.99459
3.02565
-3.43872
-0.51305
2.77500
1.36535
-0.83847
-1.33750
-1.38135
0.85931
0.32303
0.83020
1.50475
2.20226
0.31804
-0.04414
0.44915
2.03504
0.87981
-1.07270
-1.47363
-1.60993
-1.32052
0.91984
2.08358
5.04815
1.68067
-2.81113
-0.26074
-2.82178
-1.63578
-1.79720
1.69462
0.69097
-0.20888
-0.86601
-0.31199
-4.21716
0.36250
-1.22951
-0.24840
2.81823
1.36173
-3.52603
0.60614
1.36174
0.29108
0.25772
0.66814
0.34174
-3.08447
1.97138
1.36650
4.37812
-1.02769
-0.37951
-1.65639
0.97819
1.73410
1.99443
-3.43725
1.95794
-0.09061
-1.09021
-1.91675
0.94522
0.67334
-2.10435
3.10238
-0.98749
-2.71672
1.45221
-0.47094
-0.18159
1.34362
0.97609
1.82553
-2.33875
-2.35156
2.00031
2.48613
-0.45133
0.04064
-1.79715
0.48039
0.83606
-2.20441
-0.70525
0.05701
-1.92692
2.27689
-0.20884
-0.37665
-1.50302
-0.46991
1.42905
-2.55092
1.14951
-0.01341
-1.42634
-3.30686
-0.70128
-1.93024
-1.28345
0.92734
0.95684
0.19134
-3.21651
-0.76229
1.54816
0.26768
4.48968
0.57263
-0.95678
-0.80273
-2.19631
0.35264
-1.67343
-1.44610
-1.24101
-1.64525
-0.69243
-1.00112
-0.73772
2.33501
-1.22928
-0.62524
-2.23798
2.05290
0.80794
-2.69403
0.33846
0.72554
0.39266
2.35392
0.28653
0.64999
-0.19858
1.76835
0.48707
-2.76673
-2.27295
-0.22876
1.27919
-2.03500
0.48435
-0.59891
3.16024
-1.15553
-2.31091
0.50614
-1.58953
-3.33409
-1.55831
-0.71467
-0.34664
3.15967
0.53310
-2.60408
0.32667
0.11333
-0.19422
-0.36042
2.55854
2.17331
-2.55258
-0.49349
-1.13191
0.28250
0.45148
-0.15761
0.39348
-1.00382
-1.68952
0.14825
-0.74151
-1.00618
-1.62735
3.41092
2.26545
-0.07026
0.61189
0.81398
1.51007
0.78535
0.10980
-2.98683
1.48292
-1.38401
1.51663
-1.83438
1.58651
0.20512
-0.93394
-2.16424
1.43977
0.51486
-1.67084
-2.82089
-1.19100
-2.15385
-0.49894
0.96280
0.41540
-1.09958
1.53907
1.42513
0.52674
-2.89038
-1.59981
-1.74659
0.19747
-1.57978
0.55521
-0.21876
0.36973
-2.77541
-0.16780
-0.73313
1.32669
2.40746
2.30659
2.63759
-1.48965
-0.27070
-2.25129
-1.87874
0.50935
-0.12020
1.20698
2.70474
-5.35613
-1.34954
1.44411
-3.43169
3.13158
-1.86691
0.16981
-2.73782
0.67634
2.03749
-0.72464
-2.06753
0.43221
0.18166
-0.44930
1.48925
0.31481
-3.71323
-1.97846
1.11029
0.56033
0.35215
-0.55945
-0.55557
0.81204
-0.94003
1.28373
-0.79823
-1.68111
0.06062
2.19437
2.32779
0.16443
-2.20847
-2.29191
-1.59053
2.71255
2.24344
1.54779
-0.07685
-1.14139
0.46620
-0.58149
0.19195
0.82563
0.78728
-1.16956
-0.58021
-0.50876
-1.59788
-1.53389
0.16960
1.88043
-0.46710
0.67346
1.07165
0.39231
-0.83871
5.30639
-0.22554
-1.37668
-1.58291
-1.53011
0.73710
-0.37055
-1.48176
-0.09734
-1.48004
1.07926
3.29542
-0.23975
0.48774
2.21155
-1.47951
0.00778
-1.31102
1.85889
-1.10142
-1.65066
2.06764
-0.89280
-2.17968
-0.09388
0.54039
0.43087
-0.12713
1.37171
1.60420
0.84031
-0.06478
-0.28465
0.10986
0.12332
0.81389
0.15045
3.17733
-0.99959
0.49126
-0.22330
-4.49424
0.11396
-1.10675
-1.95142
0.54453
0.54731
-2.87289
2.03092
-0.44475
0.31745
-2.35119
-0.25888
0.85883
-1.84436
3.20610
-3.25375
0.77951
0.59957
-3.01601
-1.00187
0.24250
-3.73613
0.90368
-1.06261
-0.86291
0.36719
-1.08506
3.29472
0.59008
-0.66994
2.21150
-0.27378
-3.34113
-0.68109
1.51645
1.55809
-3.87969
1.40505
0.08190
0.13140
0.77702
-2.63604
-2.83276
1.16638
0.78223
-1.12643
1.04212
0.09025
-2.36397
-2.38584
1.99116
1.41782
0.93581
-0.91126
0.09365
-1.20740
1.80559
-1.36882
0.45493
1.43790
0.69285
-1.73211
1.48132
1.08100
-1.59389
-0.48293
2.03856
-0.92597
-1.46137
0.23599
0.62715
-0.82946
0.12660
0.29763
0.18717
-1.29579
-0.02485
-1.59596
2.00160
0.84639
-3.90338
-0.38540
1.36910
-1.72165
-1.03606
1.68881
-1.40316
-0.25639
-1.22959
-1.83684
1.89020
0.14063
-1.41757
1.10370
-2.19310
1.95485
3.08190
1.96875
-0.33970
0.02636
-0.12229
0.47453
-1.06547
2.39228
1.77814
-0.04245
1.63900
-1.82701
-1.12880
-0.46667
3.18561
-0.07384
-0.82218
-0.36693
1.26611
-0.74148
-3.38213
0.04713
0.37356
-0.74827
0.10712
-0.33140
1.77895
0.84752
1.07041
2.04397
-4.26211
-2.24326
0.94364
0.29177
0.42127
1.19791
-0.00273
-1.94107
-0.14661
1.66612
1.06671
-1.36562
-1.57460
3.72325
-0.82115
-1.43077
-1.77683
4.33031
0.39033
1.54130
-1.64079
1.84314
-0.81624
2.86786
1.50153
-0.03495
-2.20055
-0.76812
-0.41147
0.27537
-1.23689
3.79881
1.46762
-0.24298
-1.17694
1.22556
-1.65255
0.62972
0.73664
1.38182
-1.54950
1.64310
3.73483
-0.54267
-0.50684
-0.11835
-1.90353
3.75866
3.03720
1.80992
-0.46122
0.85972
-0.15328
-0.05343
-1.55764
-1.68262
-0.42426
2.21931
0.69972
0.57849
1.00379
-1.11689
-1.28669
-0.27822
2.37656
0.44565
-3.29331
1.21119
0.01053
-3.02417
0.32671
-2.56260
0.71880
-2.74889
-0.49032
-0.66145
-1.62333
-2.41349
2.08132
3.15475
-1.52448
0.15916
-2.46726
-0.20931
2.36414
-0.60497
1.09773
-1.00102
0.93700
-0.04966
-0.62151
-0.79357
1.62118
2.04037
0.30767
-1.21592
-0.56748
-0.79717
-2.73115
-1.88200
-0.27194
2.61615
-0.78346
0.50369
0.07596
1.16639
1.17957
0.28945
-0.89870
-0.07327
-0.64978
1.78941
1.85272
0.89842
-2.80392
-1.07917
0.63151
-0.43527
-0.67153
0.13914
1.70547
0.70547
-1.98756
1.67141
-2.99932
-0.76693
2.56962
0.72969
0.43374
0.00515
1.89079
-4.01756
-0.05602
-0.07160
-1.04269
-2.09092
0.34412
-1.94570
2.43262
2.26136
-0.20786
-1.05977
-0.76764
-1.68607
1.40697
-0.69055
0.61210
-1.48217
1.44093
-2.01328
-0.57061
0.20171
1.80037
1.37240
0.32278
-2.26424
2.48771
2.67276
1.25345
1.12471
-1.08889
-1.75154
2.11881
0.31896
-2.09689
-1.93661
1.91695
-2.05078
3.91812
-0.29187
-1.46501
0.38109
-2.29024
0.64174
-1.71927
-2.77221
-1.35047
1.99784
-0.83459
0.74194
-1.64140
-1.34839
0.33117
1.30131
-2.93341
-1.43611
-1.06160
0.44800
0.59899
-0.50201
1.01985
-1.43674
0.05994
0.30898
-2.28508
-0.06621
2.12440
-2.03302
-3.11786
-2.49091
0.39639
1.88103
2.25441
-0.09241
-1.12289
0.91907
0.70177
0.58514
-1.07847
-1.58082
-0.03061
1.33727
1.37354
-1.64249
0.20753
-2.64696
0.67504
1.19757
0.01618
0.12568
0.42892
-1.96011
-1.41945
-1.43926
-1.69174
0.08897
-2.23781
1.03219
-0.85251
-0.48246
-2.66819
1.62247
0.03477
0.75860
0.33795
-2.27069
0.50464
-0.16265
-1.58656
0.45744
3.56755
-1.14682
1.38065
0.62558
-0.73755
-5.11409
-1.32815
1.65940
-0.27741
-2.26906
-3.18144
-1.17685
-0.12642
-3.12383
1.63958
2.18836
0.60367
0.91474
0.84273
-3.73024
-2.01727
0.69768
-1.58439
2.64409
0.72734
1.01931
-4.01123
0.36973
1.30223
-0.33618
2.81627
-0.03154
0.24804
-2.69507
-1.86822
1.38169
-3.30915
1.97102
0.72275
-0.17257
0.04144
0.68783
-1.72222
-3.17999
1.37255
1.81233
-1.68422
-2.37548
-1.90075
2.13302
3.34066
0.49488
4.47297
0.18158
-0.08405
-0.94317
-0.64494
-2.71147
2.25014
0.17529
-2.95516
3.15187
-0.72190
3.01964
2.00400
1.73830
-1.69554
-1.95796
0.55180
-2.18416
-2.45669
-0.04612
0.38790
1.58352
-0.99176
1.02761
0.20069
-0.30702
-2.77000
-0.42726
-0.56805
1.70237
-1.61776
-2.19283
0.88309
-0.29967
-0.96890
2.29657
2.09422
-0.77426
-2.95100
2.34758
-2.53674
-0.80861
2.88629
1.66477
-0.99401
0.17486
1.55755
2.07193
1.13720
-0.36338
-1.49506
-1.07459
2.47703
-0.78895
0.36336
0.07236
-0.17276
0.62553
-0.98648
-1.77351
-2.49101
-1.76712
1.77950
-1.65198
4.79066
-2.08386
1.43729
1.90503
0.43354
-1.70126
4.18334
2.71102
-1.18341
1.73560
0.07148
-0.98902
0.65200
-0.16328
0.20959
1.96977
-0.50399
0.96005
-1.17234
2.52490
2.28524
-2.32109
0.02148
-0.76332
1.33371
-2.42428
0.41937
-1.61979
2.21950
-3.57615
-0.10993
-1.26414
1.18672
-0.96042
-1.68096
0.01291
-3.50157
1.95422
-0.16130
0.84055
-2.36658
-0.89501
-4.16679
-0.64127
0.90201
-0.53501
-0.49850
-0.57710
0.17527
-0.33117
0.16097
1.56898
1.80732
-2.51591
-1.10432
0.17970
-0.56754
-0.66925
-1.31510
-1.13124
0.11423
-0.03939
0.52777
0.48463
1.81956
1.43590
-0.70599
-2.47161
1.25513
-1.12743
-1.64771
3.89174
-1.01327
2.23773
2.51128
-1.42195
0.28814
-0.82091
0.42546
-1.77637
2.22831
0.20679
1.78215
-3.01634
-0.61638
-0.11582
1.21828
-1.16310
-0.35588
-0.79525
-2.02427
-3.29487
0.30644
-0.82598
-1.68300
0.64731
-3.85702
4.28558
0.59538
-0.49661
-1.63589
-0.34252
0.35163
-0.15379
0.36017
-2.26543
-3.23656
0.72210
0.36324
0.15744
-0.01108
1.30652
0.59034
2.21623
-0.19213
-0.81764
1.12744
1.93331
-0.79330
-0.47626
1.68480
0.07090
-0.83003
2.48575
-0.32979
-1.40214
1.09042
3.84169
-3.39351
-1.43755
0.62773
-2.01458
1.59778
0.09406
0.27261
-2.91710
2.61832
1.30041
0.81879
0.02681
-2.89250
-0.89508
1.75565
0.70806
2.54008
0.05986
0.73416
-1.06775
0.20084
1.19367
-1.27675
-1.30258
1.98801
2.30541
-0.88455
1.18949
0.57945
1.00514
-0.58046
-0.01488
-0.78122
-1.46520
-0.71140
-1.92160
0.53071
4.62785
-2.29136
2.79051
-1.48277
2.10182
2.62337
0.45012
-0.23094
-1.54582
-1.53545
0.33533
1.37007
-1.39361
-1.32168
-1.45865
1.70027
-1.32880
-2.08195
-1.71457
0.77297
0.00126
-0.56567
-0.95619
-0.68133
1.20209
-2.61400
0.09779
0.10331
-1.81779
-0.71888
-1.56138
2.35167
-1.43410
-0.45256
1.49461
0.40787
-1.93020
2.61951
0.79348
0.45892
0.43384
-0.76126
0.10170
1.10423
-0.53668
1.44027
1.07745
-1.75107
0.24861
1.02583
1.41837
-0.21907
0.83229
-0.23826
-0.46560
-1.78082
-0.27084
-0.64053
2.55299
0.10013
1.68239
-3.90789
-2.35545
-2.51601
2.62664
0.69482
-1.52380
-1.77446
1.74326
-2.62642
-1.99218
-0.07361
-1.03602
-2.45338
1.74078
-1.15686
0.55767
-0.86597
1.52181
1.65701
3.23963
0.79878
-1.04620
3.77627
1.16505
-0.53057
-0.67305
0.80002
0.61796
-0.01749
1.39473
-1.63980
0.19471
-0.32281
-0.64731
-0.71664
2.73826
-0.58903
0.44690
0.56342
-0.82761
-0.02475
-0.70785
-1.49619
-1.43293
-0.33528
0.33620
1.27546
-1.09107
0.51021
-2.26814
1.37309
0.18771
-2.46632
-1.28195
-1.77459
-1.69728
-0.16852
0.20154
2.49105
-0.31519
-1.55409
0.32066
0.32722
-1.39400
-0.25487
-1.00378
-0.84340
-3.25212
-1.45050
3.10450
-0.54448
-0.45821
-2.41206
0.73317
0.74956
-1.88281
1.87564
0.07697
1.40801
1.17242
0.39719
-2.54567
1.06085
-1.92548
1.92194
0.35964
-0.22188
0.01372
-0.49037
0.71441
-2.93379
1.25923
-1.32359
-0.42495
2.46650
-0.16709
-0.46999
0.92736
0.93640
-1.48011
-0.47993
1.71014
2.66321
-0.45767
1.28593
-1.02550
-2.93759
-1.29303
-5.45701
-0.41560
2.98198
1.92507
-0.33182
2.08071
0.75719
3.95891
-3.10653
1.71998
-2.28897
-0.76208
-0.32930
0.12542
1.52857
-1.01789
2.30438
-0.19100
1.26278
0.41625
-0.38451
2.55202
-0.35995
2.43785
1.66969
-1.00750
0.00055
-0.01124
3.42332
-2.07282
-0.44261
2.01301
-1.66451
-0.89276
-0.90961
0.57419
2.43065
3.40145
-0.21645
-1.57915
1.36344
0.08725
-0.34688
-0.47820
0.52277
-3.01234
-2.27257
-0.79047
0.44661
0.93591
0.16664
0.51234
0.49495
-0.07421
-0.55884
1.21930
1.10971
-0.21747
-2.88382
-0.78327
1.56691
3.40845
1.96863
0.39280
1.46754
-1.09210
-1.68302
1.46044
0.73386
-2.78628
-2.25180
-0.73634
1.15102
-1.03245
-0.10799
-1.92006
-1.65199
3.45227
0.07350
0.80336
0.07692
-1.67908
-0.14376
1.28090
-1.81986
-2.06357
-0.97832
-1.31719
-3.11044
0.73314
-2.02181
0.60096
-3.91074
-2.36117
-0.18387
-0.42442
0.05024
-1.20686
-0.05220
2.41528
-0.45065
-1.57863
-1.16563
0.21909
2.44994
0.20951
0.33060
3.67618
-3.93956
0.48900
-1.27047
0.62537
1.01522
-0.68759
0.46809
2.11169
-0.70180
1.51795
-1.73835
0.70370
-1.95750
0.64188
1.16565
2.57992
-3.03229
0.39879
-1.49660
-0.87399
1.34492
1.17902
1.40431
1.34127
1.15895
1.87630
-0.47565
1.48291
-2.32620
0.19604
-3.35622
1.64542
-0.72443
2.56064
-0.78146
0.04916
0.83320
-4.24714
-1.04014
-0.04054
1.32340
-2.39292
0.10993
-2.83348
-0.92915
-1.23845
-1.52575
-0.07506
-0.51877
-0.40941
1.75503
-2.41017
-1.68453
-1.25445
-0.21574
-1.65754
0.44160
-2.14212
2.57127
-0.52947
-0.85192
0.55388
0.70257
-0.22720
-4.03258
0.83054
-0.85684
-1.75971
-0.92164
-0.85912
0.03991
-2.32357
1.38589
1.80905
-0.76787
-0.52016
2.42610
-1.43491
-1.44754
1.46206
-3.30462
3.33684
-1.13724
-1.12878
1.53412
0.23377
1.11603
-3.31628
1.45869
2.31049
-2.00376
-1.50199
-0.78624
-1.21518
2.50726
0.47550
2.24150
0.12095
-1.87987
-2.60277
-2.55686
-0.88844
-1.08291
0.68627
-0.10318
-1.91976
-0.31013
-0.08056
-3.24116
-1.63632
-0.27829
2.02913
-0.85887
-1.13300
1.97662
0.58559
0.10927
0.21800
0.11564
0.59791
0.86748
-0.49171
2.45635
0.91969
-3.05342
-3.41895
1.45616
-1.71368
-0.51724
0.80984
0.25867
-0.13016
-0.93934
1.70259
0.00336
-0.93551
0.05498
-2.53913
-0.81986
0.63850
-0.21511
1.39800
-0.25371
3.41370
0.63057
0.37761
2.07206
0.81227
1.90965
-2.29367
-1.41136
0.53359
1.00707
-1.18183
-0.91458
0.17742
-2.67831
0.36179
0.63920
2.89951
2.18735
2.55483
-1.04817
1.98870
-3.30357
0.59269
-0.24919
-0.81872
1.72660
0.26639
1.00221
-0.42182
0.13490
-1.00512
-0.97900
1.57474
-0.26527
-3.20700
-1.77910
-0.70439
1.98547
0.36536
-0.74750
-0.98615
1.63860
0.20467
-0.53740
-1.76660
-0.52761
-2.24584
2.66564
0.46118
-1.42212
-0.06001
0.17210
-0.11147
0.21005
-1.26761
-0.17840
-1.30096
-1.45469
0.68308
0.89811
1.47644
-1.79747
-3.40961
0.38681
0.82282
-1.90764
0.50103
0.44018
1.19831
-0.97715
-1.06112
-2.01485
1.06978
4.25205
1.55507
1.89934
-2.82760
-0.52965
0.55579
-0.46595
1.69481
0.82030
1.14462
-0.23592
-0.09405
1.31380
0.06671
1.06274
3.02946
-2.49083
1.71528
-0.13477
2.24412
1.83394
0.57996
-1.74352
-1.73122
-2.10953
0.95448
1.21911
0.98588
-1.48031
0.58687
0.93204
0.55177
1.13402
1.37563
-1.38366
0.14832
0.49092
2.26645
0.01143
-1.90150
-1.91245
-2.55897
-0.65312
-0.35227
0.53396
0.24029
1.05880
0.80668
-0.39785
-1.34507
0.74030
-0.14990
-0.62039
0.62965
0.28458
-1.28151
-0.63499
2.40257
-3.43098
1.53134
-0.66998
-0.59740
0.21392
-2.10936
1.53659
-0.26730
-0.57990
0.50113
0.28660
1.16490
1.87389
-0.18744
-2.41051
-1.76043
-0.62285
1.50172
1.04917
-3.92009
-1.05860
-0.74476
-1.79201
2.52905
-2.32381
-2.44268
1.18194
2.37905
-0.53006
0.42758
3.51364
2.85550
1.45672
0.33975
-0.07223
-1.15585
-0.12144
-1.88085
-1.25822
1.72386
3.13155
1.18324
-0.93962
-2.00361
3.57121
-1.63148
1.29175
-0.15971
1.39219
1.79519
-1.51782
-0.24620
-3.85372
-1.97157
-0.49977
-0.47292
-0.99629
0.11622
1.08526
-0.42965
-0.93668
-2.82492
1.66611
1.99237
1.74473
1.55983
0.31531
-0.39799
-0.58287
1.30056
-0.26079
3.06469
-1.54479
1.09889
-2.37991
4.32741
-1.21053
0.77572
-1.35556
1.90908
4.70567
0.24917
-3.01053
1.71612
1.88705
1.37194
-1.31985
-2.47719
-0.56228
-1.77909
1.22843
-0.13140
0.99701
-2.32973
0.10091
-2.37546
-2.01398
-4.98245
-0.03109
0.57554
0.96380
0.40746
-0.83116
1.28873
-3.39324
-2.61665
1.56131
-0.98993
-0.65214
-1.75113
0.87109
-2.74915
0.45335
2.48256
-0.61943
-2.33692
-0.37889
1.11516
0.09157
2.70795
-0.74780
2.54857
-1.25225
2.08519
0.36262
1.12835
2.29703
0.57898
0.15428
3.74890
-2.38275
-2.36844
2.08184
1.80377
-0.05505
-0.66127
3.71529
1.39866
0.38941
-2.45708
-4.67713
-0.52774
2.03608
1.81483
-1.74874
1.20067
-0.43786
-0.76450
2.52815
2.44159
-1.44333
0.66330
-0.93048
-4.09379
0.07389
-2.54120
0.43707
4.92637
1.62907
3.87283
-0.79900
-2.08188
2.01033
2.26279
-0.35863
2.74687
-3.66128
-0.49061
0.67344
0.29797
0.28290
4.48240
2.02035
0.48354
-1.79493
-0.87836
4.28320
3.15029
-3.05536
-1.22756
0.32868
2.36930
0.51333
0.32507
-0.22694
-1.39694
-0.59338
-0.33498
-0.37130
0.63418
-1.71924
-0.56278
0.53516
2.25521
-0.35572
0.00168
-0.96573
1.43955
-3.28083
-0.64367
-4.06331
-0.83783
2.31781
2.81787
-2.58185
-0.12558
5.72446
-0.16380
-0.78093
4.00721
0.39093
2.22711
-2.80266
-1.80507
0.50161
0.11095
-1.31841
0.11738
0.33274
0.75134
0.55705
0.57490
1.24298
-0.28535
-0.90206
0.04978
-0.37482
0.80610
0.85821
0.62155
2.21257
1.71814
1.08709
1.60930
-1.14173
0.56801
-4.10407
-0.91005
-1.55392
2.22816
0.17826
1.44608
-0.42557
1.24474
0.53991
-0.75274
-0.69818
0.72128
-1.13660
1.30650
-0.92938
1.49949
0.04886
-0.43998
-3.53086
0.66665
0.01707
-0.70256
1.45875
-2.13040
-2.31630
-0.07103
1.22926
-0.78397
-1.35573
0.28432
0.12698
-3.38289
-1.48729
1.12746
0.07802
-1.10828
1.16406
0.14783
-0.29796
-0.70043
0.67635
-0.50294
2.37750
-0.28608
2.84619
4.06751
2.67528
-0.84046
-0.40770
0.28761
0.85554
0.43018
-0.44184
-1.94010
0.61868
1.05647
-1.23794
0.97523
0.08432
1.79278
1.67505
-1.90294
-1.10308
1.96789
2.29592
2.92441
-0.58632
-2.74273
0.72577
-1.18463
1.46404
3.08503
1.38038
0.88559
0.05652
-0.93571
0.51625
-1.77746
0.78007
-4.19848
2.36391
-1.19302
-1.42829
-0.81760
0.08014
-2.62063
1.54679
-0.61694
0.26346
-1.47851
0.59349
-2.08853
0.75836
-0.70183
1.97265
1.11233
-2.34874
-0.96542
1.50743
1.82848
2.99717
0.90613
-0.34930
1.22738
2.27956
0.91093
1.25595
0.77089
2.70665
-3.40386
0.94767
-0.78688
-1.43925
0.14349
0.20913
0.24931
0.45481
0.87210
0.21928
-1.06911
-0.04793
0.56518
0.76774
-0.02358
-1.51564
-0.99625
-2.73184
0.43772
2.88738
-1.38666
1.98703
-2.07538
0.03633
-0.83679
-1.57563
-1.39120
4.09827
0.42792
2.62823
1.47854
3.11028
-0.83092
0.40325
-2.84676
-1.13031
0.52411
-1.77220
-3.80710
0.43827
1.08754
-0.00283
0.73593
-4.43463
-2.10188
0.61668
3.03376
0.53342
-2.16833
-0.36402
-0.93378
-0.93868
1.60824
-3.58222
0.18930
0.69354
-0.86234
3.07103
1.26132
3.85466
-0.01870
-1.25757
0.45776
1.56288
3.99823
-0.45469
0.38261
0.39167
4.18530
0.33979
-3.26674
1.57748
-0.16690
4.58808
0.45266
0.18117
-0.88820
-0.96663
-1.41812
1.70999
-3.27683
1.66392
3.63899
1.93969
0.97233
-0.13125
-2.64004
3.86490
-0.44106
0.68243
-1.45299
2.85741
0.05407
2.98313
-1.65008
-1.61326
1.19654
-0.78199
1.13994
2.09287
0.00804
-0.98720
-0.91667
1.88385
1.09688
0.21247
0.13542
0.31675
-0.43414
0.49227
0.50452
-1.67603
0.78547
0.52967
-1.50535
1.71247
2.80568
-0.23562
0.62955
-0.54939
-0.19976
-0.95211
0.75779
-0.39939
-1.30592
-2.63757
5.30230
-0.72041
-1.29461
0.33010
-2.03697
-1.50412
-2.57317
-0.08986
0.79767
-0.35098
1.51193
-2.27110
0.34050
-0.74471
0.90224
-0.42301
5.29383
0.51005
0.33620
2.44109
-1.98452
-0.82475
-1.24706
-1.06058
1.56178
-1.70654
0.15692
0.51149
-0.49715
-1.92648
-0.39184
0.95566
0.20763
-1.55072
-0.66866
-1.20989
-0.40665
0.30693
-0.62121
-0.82528
0.40768
0.88914
1.07403
-1.77884
2.22321
-1.02924
-0.75406
3.06321
-0.78022
1.76315
-0.76575
0.30695
2.50078
-2.48068
-1.48745
-0.46565
-2.84183
0.34953
-0.76570
0.56259
1.14681
0.83582
-0.04369
0.73039
-1.01744
1.13660
-2.02131
3.64769
-1.46897
1.01370
-0.20379
1.45018
1.29887
-0.68925
0.10751
2.05224
-1.44414
0.72849
2.35143
-0.97186
-3.37304
1.08363
-1.83918
-0.43615
-0.09709
-0.16018
1.03837
1.56823
-3.03694
0.11427
2.30806
-0.32267
-0.48913
0.90518
-3.93016
0.08249
-1.43620
4.05903
-0.77486
-2.81035
0.44773
-2.90695
-0.60101
-0.66808
0.06936
0.91404
-1.17176
1.50650
0.68079
-1.98307
0.30567
2.42288
-0.15621
-0.63472
-0.97110
-0.80112
-0.53273
1.56923
0.67177
0.83455
0.08893
-0.41399
0.37043
-0.09528
0.52938
-4.78581
1.75542
-1.54630
-0.75918
3.37920
0.34583
3.31280
0.23174
1.04745
-0.81854
-2.60483
-0.86497
-0.13482
-0.62968
-0.80488
0.81438
0.23936
1.92583
-1.11715
-0.18157
-2.57352
0.06360
1.83497
-0.34212
1.72026
-0.95504
-3.13427
-0.01718
1.54225
3.40513
1.42117
-0.29806
-0.65922
-1.62947
-0.40082
0.42698
-1.14377
2.22611
2.60452
-3.34327
-0.09910
0.36925
-0.04321
1.74131
0.09398
0.15645
-0.44219
-0.03020
0.21159
0.10741
-0.72315
-0.33216
0.99599
-3.42666
2.12735
-0.42213
3.10526
0.71308
-2.02366
0.95903
0.97460
-0.43440
1.99248
-1.85047
0.86292
2.02145
1.25636
-0.19929
0.56121
-4.09086
1.59405
-1.16382
-0.00812
-0.08884
-0.54156
1.24789
-2.41769
-1.67545
-2.28373
-1.14432
2.24706
0.10953
-2.13770
-2.78683
-1.63039
1.72018
-0.66743
-0.15157
-2.48253
-0.86987
-1.13323
-1.51262
-0.47456
-4.17073
1.10084
0.07870
-0.43815
-3.60630
-3.56484
-1.42020
-2.86917
-1.07513
-1.63091
0.51704
-1.68271
1.48984
-2.51213
2.08625
3.42685
0.34994
1.26333
-0.84834
-0.17826
0.72471
-2.56385
0.66942
0.04847
1.14444
-0.24095
3.50071
1.57499
-0.57169
-1.86725
-0.60277
-1.63750
-0.15204
-3.32664
0.30453
-0.92806
0.77384
1.12276
-1.11113
-0.11973
0.88930
-1.85171
-0.16970
0.99674
0.58316
-0.33279
3.68846
4.47335
0.23650
-1.94190
-0.12145
1.36869
-3.43207
4.14964
1.03299
0.10722
0.86484
0.99927
1.93744
0.18293
-2.00794
-1.59878
0.85341
4.90061
-3.17126
-0.89695
0.09225
3.22690
0.55269
-1.22625
1.44744
0.96665
3.18123
0.54599
0.58108
2.49875
0.90750
1.61965
0.48367
-2.53723
-3.35106
0.29601
1.19667
0.31897
-0.45769
-1.09469
-1.32177
-1.90476
-0.93006
-1.88119
-0.13215
1.20196
0.16783
-1.30089
0.95892
-2.01196
0.44086
0.98766
-0.26659
-0.89079
-1.73040
-0.50439
1.47762
1.27777
-1.31014
-1.43882
0.29993
-0.69349
-0.41385
1.36444
0.03069
0.72051
1.11368
1.36113
-0.40024
1.42979
-1.65616
2.95746
-0.39395
1.37518
0.37961
-2.88283
-0.91449
-0.25104
-2.17838
0.41475
0.46774
-0.22564
0.18442
0.98568
-1.15392
0.46461
0.30200
1.92799
0.17245
0.56069
1.05237
1.01959
-2.10484
-0.04236
1.08055
0.02711
0.06667
-2.54515
2.96863
-1.24448
-2.37727
-2.61004
0.91953
1.88157
-2.27277
1.84600
-3.05120
-0.70170
0.69789
-1.24814
-1.16272
1.79705
0.28108
0.09723
0.15624
-0.00492
-1.71348
-0.66957
-0.76683
1.13595
-0.01489
-4.57281
3.05669
-0.65509
0.19461
-0.13880
-0.44088
-0.02119
-2.60221
-1.40170
2.92062
-1.89127
-1.57581
-0.30577
2.48955
0.20475
-2.62349
1.39854
-1.09174
-0.58943
0.24202
0.95593
1.38406
-0.04747
-0.52747
-0.21341
1.54731
-0.93716
2.93055
-2.54257
-2.71383
2.93883
-0.40721
-3.07709
3.99504
0.26052
-1.17299
1.02262
-3.65504
-2.82937
-0.09509
-0.06878
-1.75023
0.70677
1.68694
-1.72734
1.64436
-0.96521
-3.00365
0.67978
0.19807
3.96953
-1.41652
-0.63606
-0.95979
0.33804
-2.27091
-0.39239
-0.19879
-1.46144
1.68655
-1.95432
2.19382
-1.66665
1.68984
-0.90969
1.02492
2.48011
-0.59973
0.23497
-0.74567
-0.18743
-1.98819
2.53711
1.58490
1.73578
0.68749
-0.53680
1.44736
3.67172
0.64078
1.17300
0.19575
-0.15765
1.11081
0.46387
0.25822
-0.62705
-0.31383
0.15807
1.56457
-3.03226
-0.14895
-0.17009
-0.73726
-1.24551
-0.27059
3.88665
-0.47120
0.08254
-1.45222
0.02312
0.29718
3.11378
1.13522
0.19369
2.47586
-0.21829
1.99079
0.28955
3.44605
1.38799
0.81330
-0.82598
0.70617
-1.05963
0.02851
2.30097
1.92343
-0.00437
0.84049
-3.59023
-0.72562
3.02315
1.31864
-2.06850
0.83876
-4.03958
0.88943
-1.27598
-2.67458
-1.16205
0.04425
1.48733
1.74375
2.45149
1.24761
0.02871
-0.83884
0.20969
-3.47515
-0.07318
3.74568
0.14790
-0.33542
1.06185
4.05515
-0.07346
-3.57305
0.52050
0.95257
-1.46008
-4.43397
-0.87719
-0.10831
0.24510
0.04119
-0.24295
-1.47403
-5.06792
-3.67585
3.67845
-1.59108
-2.03663
3.69379
-0.04841
-0.12328
-2.37094
-1.65524
0.30827
0.55316
0.14739
2.39998
0.64469
1.36592
-1.96862
0.85496
-0.48200
2.52929
0.89147
-1.86701
2.97886
-0.44796
0.84517
-1.63681
-0.49957
-1.86866
2.46426
0.27175
1.09759
1.43166
0.72867
-1.80806
0.33198
0.14654
-0.66112
4.58771
2.18288
-0.20895
1.71756
-0.58727
-0.71172
-1.91617
-0.39754
1.31270
-1.04112
2.17124
0.29776
1.31650
0.87963
0.26969
0.12653
1.08286
-1.73365
0.42971
-0.82830
0.39236
-0.27043
-1.97348
1.45078
0.41306
-1.71170
2.76025
-0.05934
0.27279
1.00367
2.14594
-1.90896
-1.04690
-1.00536
-1.84183
1.64520
-2.59246
-5.00939
-0.98730
-0.61850
-2.29160
2.55613
-0.19733
-3.85464
1.54364
-0.62973
1.75749
-0.12807
0.36216
0.60555
0.24809
0.08407
0.08828
-0.20008
1.41807
-1.69686
-1.51818
-0.25139
1.10625
1.56759
-1.91800
0.97762
1.33013
-0.79710
-1.07683
-2.79723
-0.90564
-0.71811
0.09202
1.07490
0.83033
0.38014
-1.77056
1.45790
1.81779
1.14197
-0.11831
-0.24114
-0.15744
-0.32093
0.87664
0.75067
0.71752
-1.31145
-0.95306
-0.48654
1.16918
0.13160
-0.38298
-2.39929
1.09609
-0.25818
-0.63470
-0.14416
-1.03750
-1.95817
-1.91772
2.92429
1.06434
-0.70048
-0.75350
-2.39001
-2.85315
-1.48651
-1.39781
2.37854
-0.08632
-1.11351
-0.36979
-2.82525
-0.36369
-0.22707
1.03789
-2.42796
-2.43635
0.45627
-1.94903
0.99286
0.00546
1.53341
-1.29102
-0.41738
-0.53639
1.22211
2.51170
1.70108
2.22570
1.06987
-0.90875
-0.73435
-0.40559
1.30002
0.73657
-2.98471
0.66416
3.57801
3.84248
-0.11386
-2.22005
1.84599
0.34380
1.82713
-3.64909
-0.42439
-0.24113
2.51987
-2.71323
0.71923
0.68666
1.09143
-1.78471
-2.30955
-1.18753
-2.52422
-1.74848
1.00028
-1.37067
-0.90449
3.37188
3.73218
1.76859
0.81702
-1.39136
2.10374
-2.42640
1.15116
-0.29715
-0.43183
0.77629
-0.43459
2.44961
-0.76779
2.86876
-1.66995
1.95774
-0.39142
2.76880
-0.82671
1.02193
-0.90431
0.80033
0.24729
0.89185
2.17431
1.32492
2.99041
0.09116
0.84855
-1.98168
-2.00085
-2.40981
-1.10437
-0.34295
0.36662
-1.50727
1.26380
-0.14404
0.61547
0.94730
-0.59597
-0.37035
1.31109
-2.57177
-4.24197
3.36111
1.18663
-1.07734
0.91957
-0.25529
-1.42002
-0.15952
-0.64059
0.51166
-1.90153
-0.31318
-0.30493
-1.57107
1.54550
1.12912
-0.02039
3.19048
0.42688
0.30588
-0.92618
-0.85333
0.48510
1.54010
-1.24667
1.05433
2.83330
0.85918
0.65012
-2.56288
2.64135
-1.59191
1.84305
3.34252
-0.46050
0.15817
-0.71854
0.54259
-1.49206
-2.11530
-0.29735
-2.20902
-0.67917
-1.46203
2.08783
-2.56553
-0.75364
-1.60620
1.75243
3.23276
-2.03621
2.08327
1.41101
2.98178
1.01265
-0.16236
-0.27363
0.80358
-1.54834
-1.82707
0.46370
1.87327
-0.10529
-1.64529
0.11081
3.19020
-1.47959
0.32801
0.19666
1.78352
-0.66903
1.63327
-0.24797
-0.46899
-1.20962
-0.88486
3.21406
-0.56045
1.61529
-0.32506
-1.01065
-2.07823
-0.54008
0.27686
-0.30221
0.06748
-0.73094
-2.91405
-2.33611
0.44341
0.47017
-2.87462
0.30693
-1.66242
-3.05376
3.10279
0.12704
-0.94540
0.61101
1.19241
-0.81611
-0.74327
2.65047
0.94220
-0.65880
0.56180
-0.12182
1.00836
-0.23124
-1.79698
-3.21853
-1.52953
1.84955
-0.06585
3.17312
0.37287
0.68732
2.21852
-1.78407
-2.34820
0.70459
0.31881
2.60554
0.08515
-2.11549
3.17930
-1.39566
-2.33425
0.56846
-1.07383
-0.75481
0.46903
0.87132
0.45679
-0.75720
-1.36273
2.41239
-1.31737
0.43352
1.11388
-0.33487
-0.79950
-1.51078
-0.74869
0.28610
0.96464
-1.93676
1.84539
-2.77698
-0.37248
1.53779
1.96324
-1.49024
2.23060
-2.77127
-1.47735
0.51372
-1.55013
-2.09758
1.94405
0.64352
1.88408
-0.93215
-1.49759
-1.93771
-1.94088
-3.04570
0.25101
-1.80182
0.10368
-1.01317
2.06448
-0.88235
-0.65784
0.27492
0.23997
3.55781
1.23877
1.18764
1.00033
-4.04521
-1.46605
-0.59783
-0.91168
1.16473
-0.60357
-4.45874
2.10937
-1.98679
-0.54059
1.10995
-2.42099
0.05009
1.88228
2.37286
-0.05985
-0.51118
3.61019
1.15232
0.49800
-2.44864
-0.02852
-0.65199
-0.40999
-0.96611
-1.44350
-0.70129
3.94616
1.33211
-0.22900
-0.44630
-1.18320
3.16839
-0.24107
1.84357
0.92990
0.56176
0.71722
3.79599
-0.75892
0.24744
-0.30797
1.11619
0.77793
-0.85429
1.34571
2.62791
0.25610
0.60470
1.22628
1.30519
-0.92486
2.68652
-1.80750
-2.54305
-0.98330
1.32869
2.08242
-3.41889
1.69264
0.76584
0.21306
-0.19578
-0.66278
1.16031
1.94206
-0.95309
-1.78927
3.69962
1.60335
1.82356
0.99289
0.03991
-1.81258
1.25454
-0.57056
1.72814
-1.97792
-1.46929
-2.22253
-0.32451
-0.14067
-2.03342
3.40091
0.24469
-0.17752
-1.45745
4.70295
-1.33377
-1.02061
-0.77071
-0.93965
0.83598
-0.99785
0.86178
3.38194
0.20064
-0.38576
-3.51895
1.14434
0.98796
-1.31021
0.05443
0.93034
2.12379
0.88683
-1.49812
-1.30191
1.97919
0.11162
1.88972
-0.60027
0.27807
0.89740
-1.58247
-1.35658
-0.41315
-2.07614
-2.18782
-0.00642
-2.51173
1.55625
3.70841
0.59061
0.42500
-4.89251
-3.02485
1.63562
-0.35264
-2.77942
2.66449
-0.95099
-0.53296
1.17257
-0.06072
-0.98392
1.59125
0.64161
0.14026
1.30633
-1.88045
1.85873
2.04262
1.84450
-1.33744
-0.41217
0.77819
-0.57067
-4.54969
1.79923
-2.13953
3.03530
-0.01456
1.59747
3.82221
-2.27395
2.31020
-3.29608
0.14643
0.61550
-0.02080
0.83480
-0.76187
-1.12179
1.71971
1.58328
-0.10062
-2.06503
-0.90492
0.00155
-1.28814
2.30615
-1.38977
-0.54878
0.16711
0.63137
0.49893
3.55620
1.72071
-1.66324
-0.12839
1.35280
-0.76610
-2.10948
-1.37199
0.36012
0.12656
1.86481
-0.20207
1.47121
1.39116
-3.01557
0.58751
0.16058
-3.19021
-0.88296
3.56198
1.46322
-0.45720
-0.31823
-0.24727
-0.42201
1.25944
-1.16752
2.34265
2.09912
-3.30516
-0.15822
-1.94073
-0.22796
-0.64646
-1.14604
0.03611
-0.30070
2.43104
-0.43601
-3.09987
-2.07022
-2.05068
-2.68370
0.26438
2.54785
-0.74275
0.34605
-0.40585
-0.63269
1.34838
-1.00281
-0.84367
0.14067
1.42934
0.76518
2.33821
0.26066
-0.52015
1.24720
0.15046
-0.05835
-1.93591
-2.06018
2.27716
1.46778
1.90725
3.45005
1.38316
-1.43767
-0.70510
1.82090
1.66166
-0.77005
-0.92573
0.68917
-2.10410
0.47008
6.08970
-2.37893
-1.57210
-1.63617
2.80978
0.07475
-1.02396
2.64933
0.86276
-0.96800
0.07543
2.83658
2.02046
-2.94382
1.51344
0.53801
-0.23189
0.64108
-0.47920
-0.77587
5.14377
-0.80991
-0.14407
1.56205
0.15868
-2.45340
1.32407
1.45357
-0.89327
2.87867
-0.01956
-0.83397
0.47427
0.88010
1.66264
4.80030
2.98857
2.18027
2.54954
-2.52286
-0.34412
-0.24467
2.61575
0.54785
-1.40543
-2.58563
2.30600
0.67570
0.05821
-2.04643
-1.74696
-0.73666
-0.22475
-0.53386
2.70245
-0.90153
3.58877
1.18643
-2.45260
-3.45291
1.36017
4.20870
-3.48782
-1.16233
-3.53977
-0.14662
-2.63401
-1.45028
-1.00735
-3.70262
2.42838
3.42391
1.11466
0.01457
-1.35976
0.90345
-0.03294
3.83345
-1.33308
-0.01602
2.00129
-1.14204
0.11106
1.77659
-0.94849
0.09036
-0.91679
0.84445
0.44576
-0.87440
1.88631
0.55815
0.29089
1.26473
-0.56328
0.93507
-0.89182
-0.22459
-0.67958
2.16005
0.68958
-1.09225
-1.01553
2.21439
-1.29789
0.94144
0.27231
0.37849
3.28565
0.48322
-0.01589
1.58800
1.74189
-0.51283
-1.48359
0.20098
-3.64024
1.35375
3.04320
-1.06104
-0.18680
-1.84178
-1.56350
1.06719
-2.19426
0.25376
-0.78566
1.09035
2.65946
-1.04329
2.98585
2.92644
-1.94605
-1.18711
0.51169
2.33686
-1.51789
1.16973
-1.43240
3.50308
2.25027
-0.72818
2.02170
1.40908
2.99406
0.82858
0.00861
0.78321
-1.06092
1.13527
0.85065
1.86047
0.25494
1.76578
1.62413
0.98394
-1.81826
-1.57427
0.87738
0.66321
-0.31729
-0.72830
1.36095
-0.92606
2.20395
1.39091
0.81219
1.15916
-0.22346
-1.30783
-1.94979
1.01275
1.40353
-3.39633
1.46802
-0.01970
-2.00440
-2.38770
-1.28432
-0.06003
3.28552
-0.93427
-0.79601
-0.37858
1.43129
-1.66429
3.22089
-0.62112
1.40958
0.20418
-0.29738
3.28769
-1.03903
-0.49014
0.39121
3.02636
1.79227
0.91534
-3.34904
-2.27214
-0.65441
-0.33653
0.88624
-0.94067
-3.91741
-0.13897
2.72831
0.62887
-1.96056
1.72646
1.56447
2.33449
-0.18323
2.75037
-1.05459
0.01290
-1.86598
2.67023
-1.33591
-2.55691
-2.40695
3.32453
1.10906
1.38528
0.75985
-1.58402
0.07620
-1.32301
-3.24728
2.30855
-1.12046
3.06390
-0.27800
0.02586
0.67229
1.19777
-1.29155
1.35048
-0.70787
-1.83004
3.37233
-1.57082
0.57247
1.57172
1.96922
-0.14477
-1.08498
0.44721
-0.17248
1.16104
0.32791
0.42363
1.11690
0.41308
0.01173
0.42420
-1.56481
-1.77366
-0.76537
1.26234
1.85472
-2.67077
-0.42822
-1.08718
-0.86227
-3.27057
-0.31500
0.95327
-1.17992
-1.61782
-1.58022
2.20735
2.68491
-2.52582
0.64183
-1.61417
1.13580
-1.35883
-2.66853
-1.33804
-3.11880
0.40175
-1.59692
-0.88665
1.54265
2.27622
2.22292
1.07712
0.32378
-0.26997
-1.44400
-1.07536
-1.75067
2.12743
0.07978
-0.11516
-3.18293
1.19954
0.97278
1.45576
-0.55892
0.16349
-2.25914
-3.95480
0.58572
-1.46331
-1.99939
-0.13313
-0.77210
-2.37523
-0.06610
1.18563
1.81128
-0.11846
-1.61257
-1.63463
1.90407
-1.23983
-2.22501
-0.45051
-1.83724
0.34029
-1.49692
-2.56790
-0.22561
-2.64606
1.27372
0.35780
-0.62853
0.91291
1.49012
0.22648
-0.65550
-1.64376
-0.92704
0.79818
-1.14847
-0.18196
-1.01922
-0.38139
-2.31287
0.05479
-1.28791
-0.99433
0.40184
3.28235
2.69404
1.46016
-0.19526
0.40851
-2.07142
-0.41716
-0.86987
0.28379
0.14564
2.32207
0.04787
1.70434
-1.45684
-0.15085
0.14958
1.69231
-2.44846
1.95254
-0.69253
0.55658
-0.33729
0.46683
2.16096
-0.77111
1.33690
-1.14014
-0.25804
-0.17902
0.00233
1.59546
1.09620
1.44268
3.44888
0.32478
0.37499
-0.72554
-0.53650
0.22813
-2.43361
1.08521
3.20156
-1.67417
-0.08228
0.34611
0.25345
0.93417
-1.94618
-0.51840
3.50253
-0.31994
-0.88310
-0.21895
0.27735
-0.74921
0.67486
-0.22755
1.20451
2.89554
-1.28255
1.87758
2.34774
-1.06866
-1.30206
1.35802
-2.34813
-0.09978
-1.35579
-1.37529
2.07267
-0.55433
-2.25790
-2.41738
1.37414
-0.56266
0.52082
-0.05678
-1.04900
-0.57931
-0.59382
-0.86672
-1.23121
-1.45779
0.46123
-0.41600
-0.76781
-0.91160
-0.45137
-1.30452
-0.36409
0.41269
1.30872
-0.21437
-1.21891
1.34275
0.26889
-1.92177
-0.39698
-0.09568
1.11052
3.69115
-1.22697
1.16554
-1.40791
3.42249
1.09494
-0.48604
-0.52246
1.53885
1.50335
-2.46259
-2.67396
0.19480
0.96910
-0.56238
-3.01043
0.10660
-3.49811
-0.71806
-0.34395
1.29951
-2.35348
-1.57538
-2.55911
0.84876
2.63509
-1.12398
-1.53813
2.59504
3.43370
0.39106
0.14155
-1.38696
-1.10715
3.11499
0.57326
-1.25327
-2.34169
-2.15239
-0.53318
0.80481
3.48127
-1.33472
-2.53916
0.23836
-2.11443
-2.18050
1.15070
-0.76905
1.19308
0.71699
-0.53736
-0.97168
0.54649
-2.87409
0.94397
-1.71073
-4.57543
-2.14144
2.86190
1.03026
1.57416
1.16998
0.51586
1.50743
3.29191
-1.25227
-0.67667
3.78032
0.61444
1.71465
1.32334
-0.01158
3.17350
-1.00548
0.55694
-1.66108
0.10257
-0.82128
-1.63862
0.17054
-1.72494
-2.33498
-1.47543
2.17313
0.82952
0.59611
-0.63828
2.64777
3.01116
-0.61542
0.44723
-2.05767
2.17687
-1.03703
1.66546
1.68933
-2.73145
1.20526
1.45057
-0.15134
-3.00095
2.31281
1.05123
-2.42447
-2.53846
-1.62897
0.93241
0.63173
0.42627
-0.10155
-1.64017
-0.40491
-1.54161
2.24424
-0.65975
-1.62220
0.89029
1.12126
0.13083
-2.26357
-1.28505
0.80833
1.16782
-4.24540
-0.15149
3.07595
1.72684
-0.66657
-5.30423
-2.31890
1.00443
-0.11201
-2.36136
1.85567
-0.45141
-0.38319
-0.48162
-0.41154
-1.03280
1.71986
0.49473
0.46594
-2.59065
0.39472
-1.30102
2.02730
1.63453
0.30273
0.12932
2.35603
0.28259
1.86651
-2.20971
3.10508
-1.16432
-2.80375
0.67684
-0.12533
0.06218
1.88628
0.07724
1.56444
0.59621
0.98893
1.41405
1.08813
-1.46602
3.13372
1.47687
-1.14181
-4.42180
1.02096
-0.59259
-1.67269
2.06980
2.63126
-1.48619
-1.79167
-1.39681
-3.32667
0.15232
2.24870
-1.66139
2.90917
0.60098
1.24013
2.75244
-0.82282
-1.01730
5.58172
-2.09536
-1.52755
0.81883
-1.75362
1.06419
-0.27516
-1.56943
-0.55064
-3.27264
-0.60250
2.00252
-2.16057
-1.49264
1.36352
0.48156
0.24755
-5.64243
0.12078
0.06320
1.83458
0.25981
0.03570
2.94728
2.10442
0.80263
1.24054
0.55451
-0.62544
-2.38046
0.50372
-2.67031
0.26151
-1.68566
2.82531
-3.21101
-3.49090
-0.35244
0.18009
1.28004
1.22410
-1.20121
-0.14787
-1.28142
-0.63919
0.72844
-1.35895
-1.78311
-0.44087
-1.59744
-1.97044
-0.30667
0.66244
0.26284
1.38257
0.01374
-2.61570
-1.39790
-2.31797
-0.47364
1.72508
3.13205
0.50840
2.54635
1.59744
-1.74949
0.17591
-0.48106
-1.67415
-2.00760
0.07007
0.30145
3.45140
0.73925
1.20184
1.74348
-0.63710
1.50106
-1.20382
0.30392
1.37800
0.10120
-0.48409
-0.08078
1.25878
1.79441
-0.68501
0.70719
-2.26236
-1.02945
0.95517
-2.15619
-0.89484
-1.63885
0.81429
1.65224
2.44822
2.00141
0.88765
-1.31153
-0.78564
3.06603
-2.08306
-0.17058
1.54496
-1.01231
-0.27648
-0.97181
0.15290
0.81041
0.45069
-1.21822
-4.56979
0.66937
-2.05030
-1.45083
-0.90412
-2.53771
0.14997
-0.32841
2.00085
-3.97010
1.21007
0.39954
-3.07310
2.24438
-1.31175
0.41257
1.12948
0.78489
-0.64322
1.78506
1.15728
0.17458
-0.07334
2.41014
2.03030
-0.91645
1.43406
2.31866
1.93122
-1.18125
1.33327
0.99039
-1.99623
2.27737
-1.31091
0.27812
0.47694
0.02191
1.62391
-0.02502
1.60474
0.79357
-0.95297
-1.62677
0.10403
0.10766
3.29269
1.08645
1.04968
-0.37827
0.37742
1.37899
1.02236
0.64663
-0.92197
-1.40952
-2.14159
1.14508
-2.86220
1.97858
0.39501
-1.21911
2.04874
2.21198
3.19540
1.28648
0.39156
0.72096
1.67409
1.44866
2.82741
1.27154
-3.68110
-0.30177
3.12168
-0.63479
-0.93620
-1.22724
0.26610
0.74719
1.63283
1.67166
-1.37397
-0.31593
-0.16637
0.80231
0.28879
-1.78341
2.30020
-0.52046
-2.04592
0.46962
-1.15071
-0.67621
-1.52789
0.02243
-2.93343
-1.48621
1.69100
0.19225
-0.21256
-1.41246
-1.09439
-1.62664
-0.63426
1.67009
0.30226
-0.60067
-0.43504
-0.40260
0.68671
2.35543
-0.24624
2.01301
1.19251
-0.37029
3.97997
-0.11061
1.81881
-3.26573
0.60739
0.20417
-0.94806
-0.27786
-1.01131
0.55260
0.88840
5.27979
-4.14568
-0.75383
0.30481
-0.80199
-0.46121
-3.03617
0.55632
-2.92897
-0.81669
-1.74526
-0.51538
1.05968
-0.41508
-0.34016
-0.79179
1.23426
2.64006
0.11823
1.15524
2.51508
-0.24040
-0.83388
1.28851
1.11611
-0.39203
-1.02322
0.39004
0.51144
-3.42808
1.79181
-2.49580
-0.52494
-0.91899
3.98059
1.60014
0.36606
-1.20926
0.37828
2.39251
2.81314
-1.65717
-1.00218
1.84607
-0.35089
-1.48161
0.79601
0.13209
0.57974
2.72661
-2.07320
-0.55227
-0.33747
1.19730
1.12282
-0.98054
0.40934
1.18423
0.41192
-1.34683
2.41505
-1.28584
0.13377
1.01963
-0.86608
-0.47012
-1.64145
-0.40494
-0.51416
0.92274
0.33908
-1.21320
-1.33228
-0.33864
-3.51225
-0.82424
-0.56830
2.56263
1.10242
1.88898
0.90683
0.12544
-0.47068
-0.08268
-0.26190
0.55356
-3.54912
-0.08100
-1.54945
-0.93772
2.32506
1.57201
-0.01793
0.28570
-0.78588
5.35167
2.26638
-0.57754
1.41488
1.22901
-0.22441
-0.61623
-1.51681
-0.69801
-2.23393
0.28985
-0.66324
1.01543
0.05241
-1.12288
-2.03175
-1.13171
-1.36469
1.36611
1.29029
0.31779
-1.00692
-1.68543
0.52516
0.72679
0.76189
2.01690
0.67349
0.46424
0.32386
-2.16064
0.72117
-0.62430
0.31542
-0.91911
-1.44428
-1.25916
-0.99649
-2.82479
-0.33566
-1.67229
-2.79387
0.44307
4.24757
2.09432
3.34799
0.28923
3.12921
0.28259
1.15063
-0.57776
4.32840
0.20470
2.06021
-1.66297
-5.01480
0.48204
2.00067
-0.22750
-0.32244
-1.11688
-2.58314
0.87919
0.42905
0.38426
-2.79988
1.93457
-3.29695
-2.74639
-0.67137
0.17295
-3.65380
0.61189
-2.66370
0.01078
-0.04795
0.65140
-1.45857
-0.79034
2.07439
0.97790
-1.52975
2.65518
1.09970
-1.37312
2.86029
-0.78145
-2.41928
-1.04079
-1.41232
0.32023
-3.32998
0.05017
-2.01328
-2.57818
-1.48491
-3.99850
-0.70358
2.41743
-1.95173
2.28896
2.38735
2.03791
-3.59768
-0.03285
0.56697
-0.77087
1.45112
0.91328
-1.79583
-1.14445
-1.83142
2.45164
0.95741
1.39132
-1.34905
-0.33897
0.37858
0.27609
-2.44420
0.57841
-0.47648
-0.41262
-1.10156
1.08127
-2.05165
-3.82187
-1.76369
-0.38428
-2.78756
0.41703
0.79549
-2.66712
-2.28545
0.56322
3.56429
0.24094
1.69863
-2.62009
-0.55736
4.87852
-1.62291
-0.03402
-0.66873
-1.47183
2.83651
1.15714
1.45852
-1.21165
2.44410
-2.32863
0.31684
-1.47720
-0.63252
0.32240
0.09302
-1.59495
1.11955
-0.94335
0.37476
1.03375
0.60862
-1.61916
-0.23731
3.63613
-1.23338
-0.83082
-0.48304
3.82289
-1.25874
-1.25013
1.21041
0.26453
1.50364
0.52004
0.09828
0.40494
0.20338
0.01877
0.37912
2.64708
-1.13979
-0.96622
1.74666
-2.92256
-2.07419
-0.15943
1.52790
2.37009
-0.16232
-0.70035
0.50547
2.29650
-2.52754
2.47403
-0.51798
1.06894
2.42604
1.30196
1.10202
0.13711
0.14492
-0.45229
-1.68372
2.35430
1.33335
-0.02375
-0.26546
0.57208
-3.51351
2.69452
-1.46692
2.16313
2.25548
-2.32906
0.07341
0.63723
0.25844
-2.72338
-0.65039
-0.88430
-2.52403
-1.05276
-0.22884
-1.29690
1.13629
2.38845
0.92341
-0.07246
2.34706
-0.81051
0.18897
4.59613
0.99850
0.89586
1.97339
2.98834
-1.94356
0.69973
-1.54635
4.98771
0.29876
1.89946
0.15756
0.48011
-1.26616
0.35050
0.87703
-0.58804
2.39118
-0.65228
0.04890
-1.42398
-0.99363
-0.06086
-2.19870
-1.94914
1.89926
2.50196
-0.57869
1.67747
-1.66612
2.18423
0.95754
-0.82505
0.71049
-0.08023
2.14125
-0.83438
3.39669
-0.33616
0.61781
1.41081
-1.68718
1.98900
-0.20441
0.70581
0.21557
1.02823
-1.38170
-2.83729
0.67769
0.05880
1.19089
-1.83157
-0.98085
-0.62591
1.95751
-1.79590
0.48410
-0.58905
0.28889
-1.34548
-0.88412
-1.91580
-1.03867
2.35450
-3.17441
1.83519
0.68030
2.28842
1.08757
0.98791
1.30703
0.94012
0.38171
-3.56302
-0.88699
4.61339
0.21944
0.82464
-1.38661
1.95080
-2.14581
2.54421
0.09777
1.19608
-1.89491
-0.28423
-0.74712
-1.73890
0.59911
1.07023
-0.66385
3.02687
-0.39700
1.30091
2.82915
-3.07842
0.91356
-0.42789
0.30713
1.64301
0.11056
-0.28098
-1.95344
2.64588
-1.84753
1.63622
-0.11319
4.30213
-0.63068
0.15405
0.02448
-0.04213
1.57789
0.68981
-0.83003
2.43279
-1.25193
1.06629
-2.17430
0.36114
-1.28739
-1.06715
-1.72065
1.08330
1.05760
1.18045
-1.13081
-0.56968
0.30792
-0.04295
-0.11708
-1.18068
-1.74369
-0.54107
-3.38557
0.74091
-1.12432
-3.03108
-1.19973
0.10294
-1.92360
-0.48060
-0.56445
-2.47187
1.83135
-3.30088
-0.87060
-1.09910
2.43176
1.44210
-1.82573
0.24555
2.66812
0.50344
-0.26570
-2.60583
-2.51865
0.16818
2.49004
0.56880
-1.85820
1.77385
-2.63062
-1.98882
-1.66273
0.04922
1.04073
-1.04705
2.14070
-0.02097
-0.50811
0.88424
-0.42513
-2.17380
0.05639
3.03313
1.28027
-1.71584
-1.40583
-0.86019
0.47060
1.39272
-1.77275
1.13579
-0.23860
0.95839
1.43585
0.37640
0.91917
0.76077
-3.65045
1.50032
1.89436
-0.26282
0.97129
-2.71758
-2.71092
1.56243
1.48023
-0.01635
-1.88530
2.12674
0.21107
-0.53830
1.15542
3.34964
2.10947
1.95393
-3.09136
-0.84374
0.06706
-1.74480
1.47205
1.87948
-0.38281
1.84824
-2.85547
-0.02227
-0.59335
-0.02255
2.60194
3.57336
0.70728
0.14723
0.99397
0.39016
0.64390
2.79507
-1.30855
0.75779
1.16659
-0.34876
1.24899
0.65560
4.24961
1.36706
0.57917
-0.88627
2.25624
-0.67089
-3.69203
-0.73206
-2.28286
-0.22299
0.26523
0.37622
0.29473
-3.91730
3.46449
1.34592
-1.76011
2.29271
-1.40308
0.65373
-1.17567
-1.53906
-3.09548
-0.35864
0.96809
0.62163
0.61614
0.58573
-0.57287
0.66292
0.21725
1.51264
-1.98979
-0.09576
0.13810
-0.44090
1.82303
0.60351
0.22938
3.17285
3.13917
1.24530
-0.25321
0.95385
0.68002
-0.02775
-1.20594
0.20299
-0.03890
-1.24012
0.56724
-0.30832
-1.93927
-0.08364
-0.14991
-0.06493
0.52212
-1.71879
-0.23720
2.69538
0.78464
1.01485
-1.43787
0.53340
1.06173
2.84111
4.62613
-0.55955
2.93225
2.24789
1.32113
1.82586
5.99482
-0.49392
-1.39573
-0.27269
0.66098
1.42661
0.39511
-0.51579
-1.55002
-1.00842
1.45471
4.36905
0.92495
-1.16167
3.03008
-4.32746
-1.04121
-0.46627
-3.55874
1.32240
-2.66741
0.40669
-1.62292
-2.68392
-2.58362
1.12367
0.03360
1.30793
3.02941
-1.50612
-1.05417
-0.46126
0.02521
-1.81062
-0.34044
-1.26484
0.26164
0.52967
-0.25957
1.94869
1.05992
-2.61452
0.56062
-2.14295
-0.35378
-0.82980
-3.75038
-1.99186
0.28602
2.42973
-1.26792
0.46642
1.39640
1.52760
0.10522
-0.57776
1.60760
2.10540
-1.80665
4.06070
2.39459
1.48380
-1.62766
-2.89430
-0.64680
0.10586
1.90198
-2.19823
-2.15576
0.13085
2.00291
-0.82233
-2.44753
-0.12055
-0.87649
1.03534
0.29900
-0.20336
-2.90786
0.30674
-3.96758
1.18467
1.50730
-0.33745
-2.76732
-3.14702
1.54485
1.70971
-0.33043
-1.81068
-0.71785
-0.46974
-0.46874
-0.88127
-0.12699
-1.22300
1.30188
0.15603
0.96609
-1.82341
-0.57060
-0.14085
1.07162
1.34538
-1.45038
0.66934
0.74762
-2.39261
-2.36126
1.50615
-0.33777
2.51257
1.69216
1.89509
-0.63252
-5.59987
-1.94321
1.50315
2.29234
-0.06079
1.30049
-0.41570
-0.30054
1.35073
3.66330
1.14045
-0.59014
0.01892
1.86040
2.76696
-1.76261
3.09428
-0.40298
-0.07296
-2.85756
2.66081
1.62164
0.28806
-4.17493
-0.45562
-1.04437
-1.34907
0.23650
2.02902
-1.92122
-2.69695
1.58509
2.32123
1.33080
3.48328
-1.01364
-1.94971
0.64854
1.65604
-0.25411
-1.00413
-3.13509
0.37863
-1.47941
-0.34492
2.67653
-1.09699
-1.04404
-0.85955
-0.13066
-1.74475
-2.02409
-0.84786
1.28453
-1.91720
-1.43238
-1.37099
0.31375
2.53780
2.03839
0.58916
-1.88120
0.69136
-2.42483
1.85697
-0.70146
-0.34924
-0.63096
-1.64445
0.63716
-1.16299
0.64501
-3.28586
2.73499
-1.58744
-1.84797
-1.09040
-1.27358
-0.45284
1.41865
1.37794
-3.44039
-2.20116
1.73747
2.34077
0.43995
1.16189
3.12295
-1.12325
3.33183
-1.41668
1.88397
-0.38091
0.81993
0.94886
0.36410
2.27305
0.72455
0.29816
0.02489
-3.07618
-1.01624
-0.92176
1.33144
3.27969
-1.49471
2.68458
0.10181
0.53111
-2.11622
2.70283
4.63372
2.29101
1.49676
-2.86101
-0.55431
-0.27468
0.98839
-0.47569
-0.41113
1.86081
0.15632
-0.28609
1.55854
-1.35072
-3.26130
2.36321
0.93404
-2.99486
0.39398
-0.52044
2.72537
-1.24280
-3.89050
2.04766
0.52704
0.09722
-0.11425
-4.04768
-1.95700
1.61285
-4.02779
1.22828
2.14502
0.38782
1.36975
0.17392
0.13976
-0.31168
-1.05206
0.07290
3.42558
1.54342
1.96385
-0.10128
1.90517
-1.85405
-0.58283
0.66850
-2.77056
0.52556
0.40842
1.29701
-2.29656
-1.71486
0.58684
1.68509
-3.62571
-1.46713
-1.07077
-1.75629
2.62043
2.74949
0.15808
1.79757
2.14334
-3.44677
-1.10372
0.18826
-0.21897
1.39874
1.87988
-0.95768
1.25651
-0.14784
-1.35352
-0.81380
-2.45157
0.21702
0.48041
1.93645
1.77095
0.53695
1.64097
-1.12781
0.29066
2.62121
1.37198
4.46453
0.08410
-1.64062
-0.16743
1.62492
-2.07057
0.91619
0.88908
-1.28111
-1.06138
-0.08792
-0.17516
1.53050
0.37454
0.02291
-1.95939
-0.60385
-0.43468
-0.11371
-0.38993
-1.78474
0.69204
-0.90003
0.14754
2.67962
1.77576
-1.08628
-2.18913
0.56057
-1.35161
1.69689
1.76554
-1.25005
-2.65713
-2.20839
1.33054
-1.97267
1.96525
-2.65384
0.89077
1.50166
1.86002
1.85772
2.39936
2.29745
2.67229
-1.59946
-0.35459
-3.25818
0.32154
2.04796
-0.01326
-0.09923
-0.54384
1.48007
-0.20603
0.61014
-1.07750
1.39829
-0.62717
-3.00441
0.81929
0.07149
-2.55997
1.85968
0.14052
0.92150
0.16260
0.97914
1.20090
-1.02147
1.19434
-2.81359
1.59152
1.38457
-0.04835
2.06790
0.09663
0.19555
0.02192
1.29476
-1.45584
-1.25353
0.13037
-0.40689
1.02271
-2.06590
-2.40316
-1.04332
-0.41338
-3.14259
-0.84987
0.17960
1.61145
0.42075
-0.02324
2.55054
1.14237
-1.39993
1.98350
0.51878
-0.23264
2.63892
-2.40416
2.59904
-1.17637
3.26254
2.23824
1.43970
0.11894
-0.88723
3.30642
1.19213
-0.51140
-1.63642
0.46267
-2.15080
0.78136
-2.58751
2.67680
-1.30920
-3.18148
1.02992
2.18474
3.49139
1.64919
1.88841
-0.08024
-1.93939
0.39483
-2.39214
0.83007
1.33415
0.72851
0.81994
-4.02915
0.81488
-2.46857
1.24100
-1.25982
1.14235
1.69280
1.16437
-1.29444
1.72408
1.91795
-1.93202
-1.70648
3.02576
-0.34378
1.62607
1.94095
1.48655
-2.07651
1.10108
-0.50276
1.26019
-0.51480
-0.53170
0.88305
0.30701
-0.52440
0.78371
1.08999
3.51962
0.55997
-1.13484
-2.16764
-1.19284
1.16721
0.26544
2.01517
1.08189
1.72802
0.25462
-2.62751
-0.40065
-1.07475
-1.48860
-1.50813
-1.32519
0.78304
-1.60356
1.06708
-1.41493
1.94459
1.92351
2.09444
-1.61163
-3.46595
1.01553
-0.20319
1.06585
0.56044
-0.39580
0.93529
-1.02874
-0.51482
0.30514
-0.03707
0.86993
-0.97143
2.66669
-0.54377
2.14339
-0.92508
-0.42533
-0.96660
0.09751
0.16942
0.02731
-0.88839
0.22196
2.25024
2.38288
1.36912
1.50296
0.61744
1.91782
1.01040
0.08933
0.61062
1.27535
-1.83958
-0.93733
0.24409
2.70374
1.09734
-0.67086
0.34841
1.04423
1.38576
-0.82268
-0.63984
0.39199
-0.15275
-0.53710
1.58705
2.63895
2.23290
-2.22347
0.39703
2.22913
2.88847
2.56343
1.61227
0.39503
1.47696
0.26676
-1.95265
0.08397
3.47768
0.84526
0.36668
0.03852
1.46901
3.63198
0.73238
-0.28148
1.41850
3.85610
-6.02088
-0.10184
-1.23174
0.07025
-3.22737
2.33561
1.30234
1.47898
-1.02394
2.75630
2.13418
-2.18989
-0.38144
1.41265
0.54736
-1.81384
1.68597
1.66847
-1.39193
-1.84894
0.66297
2.85691
1.33582
0.89249
-2.19308
1.52649
0.13112
2.19921
-0.00157
-2.04652
0.39065
-1.66966
-0.71366
0.45211
-1.72278
-0.98988
0.29686
3.64094
1.46201
-2.11255
0.75846
-0.19630
1.04214
1.00147
-0.52398
0.19033
0.17841
-1.65671
-3.21146
4.59605
-0.67503
-1.17914
-1.55079
-2.14967
-2.93255
3.19818
0.60089
-0.80569
1.07695
-0.11701
1.09489
0.12307
2.52101
0.40317
0.83148
0.19111
2.67108
-0.17571
-1.73328
0.18990
-0.91730
0.69929
0.53850
1.89525
-0.16275
-0.28605
-1.18563
-1.99119
-2.42975
-1.89207
-0.83363
0.65474
-1.71263
-1.13109
1.42552
-1.33529
-2.44397
-0.74484
0.76579
0.48653
1.74292
-0.10892
3.46216
-1.32024
-0.14229
-1.89829
2.55458
-0.07088
1.64593
1.43064
0.92709
2.33170
1.12026
-0.20514
0.00497
2.08574
-2.40004
0.87491
2.52593
-0.53140
-0.28259
1.98777
1.15367
-0.05374
-0.75602
-1.80477
-0.82188
-1.01862
0.71862
-0.05493
0.40886
3.27518
-1.62048
-1.33350
-1.12420
-0.73530
3.17584
1.61974
1.55773
0.66739
-2.02565
0.87530
-1.40056
-2.70559
0.98287
1.89941
0.56340
-2.97947
-0.86079
-1.02113
1.46004
0.03536
0.10405
1.30223
1.21916
-0.30604
-2.22015
-0.84288
-0.99861
2.24870
-0.29325
-1.51076
0.18746
-2.14589
0.11116
-1.89563
2.69141
-0.07893
-0.31422
1.33775
-0.11885
1.81266
-0.10247
0.85775
-0.79606
1.77827
2.06975
-1.39616
1.58161
-0.93488
-1.17464
-0.45772
-0.75683
1.55193
2.01500
-0.59741
-0.43085
1.05542
0.35420
-1.05004
1.08952
-0.43273
-3.26950
0.33772
2.25829
0.56439
-0.34706
-0.54470
-0.60053
0.47439
-1.22812
0.17075
0.31508
-1.41303
-0.33081
-0.09021
-2.98260
-2.62814
-1.80935
-0.26301
-1.16820
-0.49857
0.45351
-0.33360
-4.12497
2.69697
-1.23668
2.67077
0.62896
2.15075
1.10764
-1.67255
-0.15329
2.47658
1.63484
-2.18194
0.01758
2.39062
-0.70835
0.55458
4.36652
2.76075
-1.20404
0.39312
1.16965
-0.43423
-0.33585
-1.51696
-0.83489
1.99206
-1.67104
4.62470
2.45699
-1.52946
1.92281
-1.43260
1.14391
3.78481
-0.77161
-1.91839
1.80447
0.53991
1.14215
-0.96184
0.25969
-0.13422
-0.79449
-2.11005
-0.08539
0.19982
-0.71434
0.38786
2.92168
0.85262
-0.35048
-3.31355
1.17859
-1.93126
-0.54121
0.83700
-0.92305
-0.69845
-1.07038
-0.84014
-2.57293
-1.69179
-0.73175
0.85317
0.63994
0.77183
-1.23162
2.54479
0.16687
-1.64990
1.11111
1.86524
2.79896
2.17526
2.44794
0.63812
2.39938
-2.35234
-0.69263
-0.42419
1.97318
-4.72383
-0.36337
-1.52403
1.94609
1.55018
1.78599
-1.26051
-0.47110
1.03683
-1.76996
-0.16066
-0.58514
-0.68113
0.43660
2.42550
0.60032
-0.50784
3.64891
2.33494
2.91726
0.87486
0.19463
1.27995
-0.57604
-2.31820
-0.04041
-3.18505
0.40020
-1.41830
2.44587
-0.07801
1.56353
2.25329
-3.65769
0.21077
1.34734
5.89391
1.89283
-0.27063
-0.59301
0.70834
-0.03127
0.18544
-2.04818
0.13910
1.50446
-0.22636
-1.70176
1.46252
-0.55239
-0.62212
0.97463
-0.41173
-1.09716
-0.94706
-1.16457
0.66257
2.95575
-0.21951
0.44968
1.32420
-2.12140
-3.35815
3.05678
-3.41622
-0.48320
-0.61150
0.07851
-4.17416
0.31254
-2.72795
0.57106
-0.69168
-0.40381
0.13929
1.12328
0.91487
-1.06080
-1.37174
-0.53258
-0.52105
-1.06452
-1.67487
-0.92279
1.26231
-0.57389
-0.93021
-0.37472
1.14086
-1.68145
0.17378
-1.02608
-0.47845
-0.72313
-0.94921
0.28755
-2.84783
-0.63450
2.17526
-0.16297
-1.14037
-0.41829
1.58487
-2.58964
-0.08610
-1.16229
1.83056
2.67881
-0.71099
-1.81759
1.18350
-1.30621
2.04029
0.81701
-2.96151
-0.72125
0.68020
2.07634
-0.01877
-0.75668
4.77715
0.28313
0.17695
1.71306
0.19602
-2.91255
-1.90535
1.16394
1.80632
0.38271
-1.06826
2.74990
-0.57119
0.10965
0.28877
1.03017
2.23039
1.22636
-1.32269
0.05954
1.20894
1.97997
-0.98007
-3.67218
-0.01143
-0.43060
-0.47799
-0.66175
0.98486
-1.62264
2.38342
-3.53467
0.16193
2.59875
1.07082
-2.08056
0.46938
-2.73416
-1.62264
2.89157
-0.34697
-3.02991
1.52029
0.87080
-1.56817
1.75710
-1.23467
-0.60812
0.89361
0.13838
-3.61773
-2.43341
1.34347
-1.04086
0.59785
3.12957
-1.07159
0.24222
3.27657
-2.56729
-2.26472
0.62283
-0.19856
1.75045
0.84294
-2.42635
-1.09816
-0.98149
1.48910
-0.96393
-2.30595
-1.11657
-2.17276
1.84980
2.60433
-0.83262
2.17619
2.66359
-0.32664
-0.42826
2.05952
-1.02908
1.46589
-0.86844
3.65046
-0.24379
0.88489
-0.64502
1.23323
1.38835
-1.43773
0.79598
0.81152
0.25165
-1.01801
-2.07427
1.92844
-0.27239
-2.62434
2.69106
-0.95520
-3.75546
1.10341
0.50058
1.27975
-0.56825
0.98828
0.77824
-1.19550
-2.66596
1.40921
1.35065
0.50441
1.71137
1.28375
-1.41949
2.02304
-5.33846
-1.26938
3.26782
1.13204
0.61950
-1.97985
-0.25195
1.15178
-5.06372
0.84883
-0.80680
-1.42192
0.53067
-1.02287
-2.34061
-1.70124
-0.87895
-1.81880
1.02072
0.37932
0.58071
-1.97806
0.24795
-1.27380
2.29698
2.60331
-0.12078
1.64439
1.32014
-1.07209
1.17565
-0.41912
-2.40698
-1.09610
1.02781
-0.50528
1.68031
1.14559
-1.83050
0.54850
-0.50749
1.35353
-1.95420
-3.76262
0.80598
-1.13491
2.43895
0.64526
0.38348
-2.53987
1.10261
-2.82156
-2.25681
-0.73330
-1.14067
-2.19476
0.57083
-0.61665
-0.81009
1.02965
2.13728
0.35949
-1.35489
2.86599
0.41168
-0.72882
-0.34660
1.68592
-0.36642
1.38841
2.03738
3.04330
0.32303
0.01832
-1.44859
-1.75806
-2.95126
0.00876
2.19772
0.39865
-1.08838
-0.25858
2.29501
-1.48047
-2.42457
2.87634
1.37188
-0.06564
-0.31928
1.00412
-0.43959
-0.05055
-0.94610
-0.06460
-0.42517
-0.53550
-1.03051
-0.97820
0.87244
0.95988
-0.36509
-0.67477
0.35709
0.41382
1.19933
-1.00017
-1.65609
-0.48104
-2.22033
-1.28412
-0.78133
2.37568
2.14644
-0.19580
1.66660
2.25470
-0.26551
0.56463
2.55934
-1.76966
1.37286
-1.81272
0.45966
1.12996
-2.04627
0.18571
0.23399
0.96320
-1.67830
-2.13703
-1.20602
0.09427
-3.25054
0.32528
0.88244
-0.62849
0.18932
-0.41971
-0.46500
0.28200
0.60389
-2.87551
-0.67208
0.26630
1.80347
-0.13423
0.42578
0.44312
-0.23641
0.79246
1.76663
1.53310
-0.53933
-3.58816
0.19729
2.02620
-1.73864
1.06627
-0.19342
-0.10377
-2.82924
0.99779
0.59904
-0.66262
-0.09602
-0.97136
1.52025
-0.68977
2.08343
0.79235
0.50157
0.88244
0.52999
-1.39809
1.66301
2.71551
0.39726
0.40790
1.14867
2.02274
-1.27196
2.04618
-1.84282
1.61740
4.41108
2.54870
-1.02798
1.87809
1.25440
1.79940
0.27985
0.58163
2.85521
0.26651
0.33946
2.48713
-1.34832
4.79838
-0.86699
0.51037
0.08924
1.37221
2.53005
-0.27680
0.70012
-0.04054
1.19718
-1.83351
-1.97520
-2.87328
-0.81265
-0.31869
-0.55221
0.95243
0.73107
1.44751
0.50168
0.46410
0.60098
2.13933
0.76309
-1.60871
-2.54383
-1.27086
2.35063
2.07175
-1.67935
2.66743
-1.90776
-0.56687
-0.61180
2.23401
0.89394
-3.11126
1.84232
1.11023
-1.41091
-0.18183
-1.61748
-4.02808
-0.45379
0.27833
1.41504
-0.80888
0.03861
2.44581
0.37632
0.35676
-2.05369
2.95516
-1.52084
1.02534
-0.76072
3.16987
-0.58357
-1.71166
0.55603
-4.82091
0.69735
1.63651
-2.01199
-4.28034
0.50010
-1.98225
3.57367
-0.89075
1.86887
-4.31923
-0.50672
0.88506
-2.64916
-1.16110
0.45785
3.54515
4.77864
0.03645
1.03925
-2.09009
-1.02251
-0.57023
0.17260
1.29097
-2.93266
0.64173
2.89746
-3.31500
0.22419
0.67512
-0.76824
1.18821
1.78902
1.12120
-0.58157
2.30657
1.56141
-0.61954
-1.93981
1.62257
0.41879
-0.83232
-2.46173
-3.28472
1.50026
-3.79577
-0.70856
2.04952
1.79254
-0.21389
-0.79606
3.13922
0.71150
-0.02335
-4.65166
0.69048
2.00693
0.21651
0.52623
-0.40279
0.32233
1.76279
-0.03245
-2.37020
-0.08432
3.36390
3.18078
0.20642
-1.59889
2.80338
1.78330
-1.36223
3.68505
3.86703
1.13607
-2.13117
-1.96566
-1.38090
3.43153
2.40361
-0.06451
-0.10826
0.38560
0.57056
-0.90505
-3.40478
-1.91903
-1.11306
-2.04582
-1.63475
1.47882
-0.34347
0.43130
-1.43743
0.20482
-0.10448
-0.91236
-0.36344
3.90535
-0.45647
1.40864
-0.09549
2.19227
2.85725
3.12269
1.68093
-1.43789
0.09631
-0.13930
-2.35000
0.82809
-1.63143
0.93687
0.03705
1.59705
-0.84174
-0.24442
-0.46989
0.65192
-3.10713
0.65681
-0.93766
2.47892
-0.95760
-1.20133
1.02832
3.42884
-1.51379
-0.93014
-3.30241
4.99522
-3.83160
-1.91238
3.14800
-1.12802
-3.65368
2.46804
4.15602
-1.86981
-0.40895
0.05528
-1.14359
3.40090
-0.26421
0.03687
-0.46358
-0.20909
-2.43461
-0.19280
1.55409
0.87407
0.99517
-0.51995
0.45762
1.06174
0.82335
1.17002
-1.76155
0.57458
-1.67808
-0.90494
-2.44606
-0.48569
1.21537
1.90837
-0.40605
0.50734
0.08761
1.86607
-3.51167
0.71131
-0.76647
0.03225
-4.26824
-1.46956
-1.14780
-0.13645
-1.10045
-0.12940
2.13413
-2.08139
-1.24886
0.28897
2.89576
-0.20824
-1.50978
-0.06279
-1.31410
0.36902
2.45837
-2.24025
1.73378
-0.61699
0.03751
-1.75080
2.28991
0.33718
1.75443
0.68257
0.54529
1.24732
-3.89486
1.27809
3.81558
-1.72079
0.67829
0.69864
0.04391
0.55555
1.50507
-0.99360
0.39178
-3.07123
1.31217
-1.00957
0.03338
-2.51683
1.23909
-1.80538
3.32920
-0.74762
0.09149
0.96945
2.08800
0.24747
-1.83084
1.32230
-0.02009
-0.22002
-0.38517
-1.24456
-2.29479
1.76597
-2.73212
-0.01424
-0.75732
-1.45492
3.23541
-1.74467
1.07023
1.65309
-2.33831
-0.95568
-3.80813
-2.16657
0.21774
-1.69783
0.97217
-2.10494
2.07997
0.44783
1.81429
1.25213
3.96786
1.34727
0.03389
1.28585
2.86598
-5.72851
0.16991
-1.35403
-2.19718
-0.92288
-1.77905
-1.21169
-0.24448
0.76309
0.28487
-1.69722
2.85081
1.33308
-2.03198
-0.25965
0.01462
1.55960
-1.91374
-1.63970
0.28611
1.85235
-2.80406
-0.74145
1.20005
0.90251
0.77136
-0.48989
0.32703
-1.14599
-0.14587
0.00993
0.75932
-0.29125
0.41140
0.02799
2.02805
2.57539
0.56432
0.47462
-0.35736
-0.12237
1.53839
-1.88583
1.43755
-1.65909
-0.69941
-1.24211
-1.34762
0.57174
-1.44332
1.17254
0.77327
-1.74521
-2.38232
-1.08835
-2.56397
-1.07111
1.87666
0.01221
-2.85485
-1.50319
-1.24300
-0.15676
1.91069
0.37840
-0.33627
1.36409
-1.28239
0.27318
-1.04520
3.06318
3.14101
-3.51565
-0.86692
0.94064
-1.03332
0.00039
-1.39008
-0.79632
-1.50285
1.07657
-1.77045
-1.17476
2.15662
0.87602
-0.79643
0.32294
0.78641
-0.58194
-1.66292
0.19202
1.59279
0.84578
-0.10786
-0.92046
0.09466
-3.38516
-2.87033
-0.70938
0.17238
-3.63218
2.91855
0.85023
-0.27312
1.52086
-1.08363
-0.68951
4.24652
-0.87868
0.97994
0.21565
-2.61181
-0.23019
1.88518
0.30090
-3.64604
-0.23264
1.51986
-0.36715
-0.50778
-1.64389
1.22600
-2.41757
-0.14503
-0.67365
2.30805
-2.11113
1.40999
1.14758
-0.22567
1.25787
-0.94231
0.86282
0.81658
1.40019
0.28582
0.91744
-0.94258
-0.00133
-2.87952
-0.18248
2.12082
-3.32405
0.70401
-0.80949
-3.20614
1.52205
-1.23956
-3.01857
-2.25829
1.24046
0.30756
-1.33203
0.54466
-1.13603
1.72288
2.68598
2.38888
-0.84100
2.69616
-0.51907
-0.83558
-1.42076
-2.24713
3.32490
3.65960
-1.06901
2.41339
-0.22832
-2.30451
0.13388
0.84359
-0.46465
0.94503
-1.75511
2.03554
-3.12910
2.22846
2.16731
1.41832
2.49565
1.12168
-0.66269
2.28068
-2.09457
-0.00142
-0.80297
1.24536
5.52523
0.43955
0.23170
-1.36381
0.72073
0.02486
-2.07872
2.59486
2.22492
1.19286
1.34671
1.57250
1.91996
1.00639
-1.21402
3.09731
-0.50275
-2.69895
-1.07355
-0.03509
-0.08296
0.88557
-0.47118
0.03716
0.34039
0.78298
3.35873
-0.47447
-0.08880
0.10551
4.94626
-0.72371
-3.17586
0.33739
2.18124
0.97932
0.31699
-0.13333
-0.97727
3.46919
0.07711
-0.92824
1.27209
-1.86867
1.01477
2.41297
-2.04976
0.25198
1.00819
0.35089
-2.46808
1.97778
-0.20681
0.59278
1.75630
-1.34410
0.15030
0.56010
2.89711
1.85900
-0.03990
0.98866
0.19596
0.27194
0.66103
0.50413
-1.90678
1.21950
1.31391
-1.09447
2.02458
-2.56683
-1.91729
-1.45057
-0.07509
-3.09989
-0.13009
-2.31598
-0.55377
-1.26394
-3.02109
-0.42487
2.75010
-0.83588
2.03596
-0.68376
1.94912
0.10299
-0.75292
-0.27981
-0.68097
2.75400
-1.76164
0.27242
2.29803
0.25923
-1.88663
-0.56085
0.45615
2.00546
-4.29530
-1.50919
0.59346
-1.76138
1.39855
2.94881
-2.91388
-1.80610
-0.94612
-0.36726
-0.20336
-0.19751
0.90827
0.43896
-0.19718
3.08713
-1.47733
-2.84784
3.02024
-2.70692
-0.69396
-0.65718
-1.91498
-0.89466
1.90297
-1.78745
-3.04712
-0.49365
1.44090
-2.03596
-0.68879
-0.36155
-0.04601
0.83270
1.06067
2.31592
-0.54174
-1.19330
-2.41774
-0.74690
-1.45253
3.25217
-4.13061
1.06609
-2.13229
2.10144
0.20413
1.01966
-0.07042
-1.40142
1.28075
-2.25541
-0.36368
0.03086
-2.45394
0.61835
-1.08626
-1.46465
0.22648
0.13845
2.54982
3.45420
2.37017
1.57488
-0.07617
-3.83246
1.28919
1.45177
-1.46024
-0.72241
1.85774
1.78122
2.04323
0.35917
1.09387
-2.26723
-0.67559
1.77999
0.30233
0.02132
1.25395
-0.50500
1.52065
4.00165
-1.26667
0.97595
-2.05437
0.64909
-2.69270
0.87034
-0.71935
-0.93136
-2.80119
0.00709
0.26235
-0.58366
-0.57203
1.88609
-0.41490
-0.77437
-2.12578
1.35843
0.25787
1.29884
-1.40171
2.07238
2.07302
-0.76285
0.87666
1.18294
1.11145
-0.79374
-0.67701
2.30970
-3.77243
0.28844
1.46275
-3.10838
1.95491
1.26662
-0.39559
-0.05965
2.16299
0.31313
-2.83495
-0.58376
-2.12863
2.14759
0.47861
-2.00556
1.38225
-1.86685
-0.04717
1.44917
-1.86574
0.92525
1.73004
0.71226
-3.02919
-1.78715
-0.39800
-1.11561
-0.65352
0.36483
0.51016
0.76176
2.24226
0.59063
0.56904
-2.54225
0.47838
-2.16602
0.01958
-0.61483
0.09947
0.29980
0.78085
1.10685
-2.19660
-0.63134
0.03149
0.85767
-3.81045
-0.62221
0.19442
2.13934
0.01086
1.77422
0.68149
-2.88264
0.25733
-1.68596
1.16633
-0.32407
-0.82758
-0.91356
2.00316
0.71501
4.50658
0.08767
-2.71960
-4.26756
-0.51721
1.02217
1.49006
-1.07351
0.54104
0.41656
0.68383
-1.40268
-0.82652
-1.87517
0.71270
-1.27877
0.23487
0.39179
1.72860
-1.23750
1.57465
-1.13939
-1.60972
1.67576
-0.88431
-0.75487
0.95346
-0.04665
-2.24454
-0.13355
-2.10832
-1.00229
4.42269
0.80846
0.67105
2.24992
-2.42400
2.41933
0.83117
1.86563
-0.96121
0.31380
1.38927
0.77460
-0.85884
0.39230
0.47825
-1.02991
0.45808
0.60812
-1.49324
-0.07541
-1.88786
2.58506
-0.18504
-2.30259
-4.19595
2.09311
-1.08035
0.28499
0.32508
-1.34924
-0.23271
-0.92592
-1.47856
-2.46094
-2.18411
0.23632
0.11255
-0.97503
2.85939
1.67065
-0.43058
-3.10638
1.56671
-0.17324
-0.41265
-2.01909
3.21061
-0.56717
-0.80433
-1.90827
-0.23401
1.42766
1.01775
0.61016
-1.07737
-0.70881
0.86001
-0.04794
-0.22131
1.26200
-0.35191
0.58314
-0.77943
1.85606
0.96825
2.76407
0.82438
0.86003
1.99668
2.14633
-2.15662
-1.69126
0.43966
1.60787
-2.59202
2.01855
-1.01600
-0.58099
-3.35288
1.64698
-0.45911
0.17923
0.78989
-0.98359
-0.67006
-0.39714
-0.07176
-1.00628
-1.19824
-1.69272
0.44235
1.44586
0.49941
-0.33405
1.47826
1.95569
-1.46530
-1.62294
-1.37343
1.18158
-0.50848
-2.04307
-1.43201
-1.53824
1.32325
0.71832
-0.67511
0.65811
-0.71433
1.65122
-2.36052
2.42106
0.99429
-0.74209
-1.94729
-0.57552
-3.76292
-0.09804
-2.67645
1.74968
-2.60158
0.00563
2.04458
-1.40443
0.24697
-0.82826
0.15616
0.70383
1.41113
-2.12793
-1.29016
1.85183
0.52390
-0.98553
1.05134
1.16811
1.54184
3.66172
-0.25054
-0.47142
-2.73555
1.15000
-3.24088
-4.28623
0.27902
0.42678
-2.86810
-0.35558
1.39068
2.23733
0.15081
-2.66589
1.43707
0.07178
-3.60952
-0.73424
-2.04699
-0.72906
-2.44779
-0.57754
-0.27553
1.05453
-0.42750
0.48159
-1.95401
-0.00049
-3.51995
0.68252
0.79513
0.51687
-0.86466
-0.56464
1.24663
-0.60202
0.74847
1.28892
-3.32420
0.61051
-1.07475
2.57030
-0.17341
-0.65661
2.39251
0.22511
2.65254
-1.04090
-0.01329
3.16491
1.18726
-2.18673
3.42106
-1.25274
1.76498
-0.20639
1.35934
-0.52366
0.44645
-0.63188
1.45325
-0.91927
0.60482
0.90993
-1.47219
1.18186
1.42875
-2.61005
-1.54686
0.23482
0.25571
-0.90578
-1.84481
-1.10462
0.98185
-0.84213
2.31261
0.10537
0.93984
2.31394
-1.24838
-0.88226
-1.03638
-1.53731
-0.96789
3.42399
-4.09972
0.06741
2.18432
1.26510
0.34765
-0.11064
-0.09211
0.25544
0.55359
0.89357
-0.77925
-0.86891
0.87956
-0.92696
0.75180
3.71871
0.92425
1.07538
0.22692
-1.51250
-1.18531
2.22008
-0.73136
-4.17047
-1.03653
-1.39778
-1.00424
2.05682
1.59358
1.36767
-1.59728
0.94350
-1.16979
-0.90057
-1.31492
0.81872
-1.03897
0.50734
0.24100
-1.47616
1.58828
-0.87996
-0.06603
-2.32085
1.71469
-2.32954
3.13945
-0.44103
1.01557
-0.95610
3.76532
-0.19987
-5.30406
-2.44691
0.62368
0.98741
-0.73176
0.32643
-0.11831
0.92504
-3.97282
-1.83188
-1.40346
0.02595
0.16142
-0.73072
0.28084
0.15944
1.30487
-2.00607
0.40384
0.74385
-0.07325
1.90510
0.71247
0.42882
1.25549
3.35160
-2.73462
-1.44281
0.78117
0.66796
-1.88966
2.32870
-0.87850
0.00234
-0.14722
2.10686
2.22971
1.21702
-1.52208
1.88586
-0.52818
-3.00644
1.26972
-1.10870
-2.42895
1.20253
1.59296
-1.70447
-1.02567
-1.34831
-1.22178
0.45808
3.42663
2.11344
0.66200
-2.02057
-1.66410
-2.36833
0.80790
1.63772
-0.22020
-0.89735
2.11434
-0.06788
1.08569
-1.71519
0.35665
-1.15102
1.09784
-0.14396
1.44317
-1.44222
0.66492
0.84717
0.60428
-1.67622
0.97089
2.01476
0.09433
-0.45569
-0.36504
-3.50031
-1.94298
-1.35614
0.88002
-0.47620
-0.38427
1.13162
0.69965
-2.88651
3.79041
-0.02291
-0.70957
4.25293
1.67122
-0.09444
-0.64402
0.12318
-1.00966
0.16860
0.27426
-0.18449
-2.30477
1.43067
0.48953
1.12567
0.92366
1.23902
-0.37914
-3.75216
0.92753
-1.35226
-1.70007
2.12342
0.29674
-0.46753
1.77752
-0.72687
-2.71336
-0.45068
-2.40781
1.18712
4.22380
-0.58775
1.62412
1.44055
2.99299
1.62176
0.06745
-0.97854
-0.19156
-2.52600
-0.42219
-2.54781
1.52757
-0.14273
-1.73927
0.16439
1.31935
0.99618
-1.09170
1.46773
-0.63396
0.19674
2.45644
-0.26391
-2.59166
2.60009
0.99434
0.34674
3.92471
0.22206
-2.14368
-2.35579
-1.13870
0.85072
1.87966
0.85672
1.26214
-1.82550
-0.78065
-1.30728
0.27132
-1.25735
1.43400
-1.03422
-2.80937
-0.65999
2.93680
0.85048
0.95844
1.57544
-1.31230
0.93776
3.01344
0.85622
-0.36185
-0.33817
1.93818
-1.18002
0.18960
-2.35530
-0.65814
0.39281
-0.36772
0.61997
0.59223
2.05309
