-0.15922
-0.47521
0.24306
0.11302
0.40880
0.71907
-0.55355
0.61836
1.02890
0.48619
-0.12437
1.84820
-1.18586
-0.48487
0.16692
1.39000
0.09493
-0.70634
0.71600
0.60302
-0.81361
0.20505
1.30073
-0.71490
2.03114
-0.88392
0.26062
0.32152
-0.39809
0.16136
-1.60489
0.40167
-0.32893
0.63035
0.79744
0.53026
-0.22043
-1.80628
0.23068
-1.53925
-1.17215
1.10883
-0.08167
-0.49184
0.56405
0.52439
-1.03799
0.32808
0.18602
-1.83314
-0.81489
-0.24018
-0.23784
-1.30149
0.44996
1.74369
-0.06921
-0.31519
0.37531
-0.98921
-0.49827
1.36780
1.31194
1.31349
0.51775
1.41011
2.26387
0.89012
-0.43726
-1.42267
-0.09302
-0.70260
1.61320
0.25725
0.16120
0.65963
-0.67160
-1.47092
-0.87819
0.88231
-0.43453
0.15346
-0.69007
-1.83162
0.96408
0.43398
1.70390
-1.21718
-0.46822
0.03983
2.27780
-0.85441
1.33735
1.18457
-0.91692
-0.29417
-0.92109
0.13961
-1.15049
0.87511
0.54726
0.94691
0.28754
1.38045
1.11867
0.04133
-0.00673
0.32835
-1.48314
-2.17298
0.17817
0.51574
-1.42363
1.87906
-0.10597
-1.30225
0.87699
1.13497
0.07978
-0.36184
0.27519
-1.16525
-0.21406
0.20017
1.02636
-2.43774
1.14827
1.35070
-0.62096
1.24689
-0.43241
1.86499
1.01763
0.61331
0.15710
0.21120
0.46903
1.15134
0.21619
0.38122
1.31575
0.41465
-1.67360
-0.41260
-0.12317
-0.12148
0.50348
-0.69005
0.08719
0.98932
1.52757
-0.14505
0.88810
-1.59723
-0.09716
0.36879
-0.39116
1.09004
-2.40287
0.57226
-0.63230
0.94191
-0.30717
0.85224
-0.30782
1.01369
-1.10689
-0.01884
-0.45809
0.29735
0.98586
1.39009
0.57400
1.38863
0.79534
-0.63782
0.01588
-0.23038
0.46290
0.03904
0.00222
2.38385
-1.52718
1.69667
0.48338
-0.10492
-1.44936
0.15174
-1.23813
0.44314
-0.82243
0.26696
-1.43098
2.12173
-0.28959
0.45180
0.65041
-2.48965
0.57987
0.39909
-2.34116
-0.39883
-0.35361
0.67831
-2.32373
0.35682
-0.54716
-0.06750
-1.97830
0.85923
2.15952
-1.25247
-0.70312
-0.57483
0.07586
1.53311
2.29105
-1.17362
0.17494
0.31436
-0.07550
0.37348
-0.65714
1.65113
-0.98706
-2.14399
0.23498
0.89009
0.47529
0.91461
2.03266
1.77559
-0.24883
0.50213
-1.02994
-0.76774
0.23474
1.64116
-0.57242
-0.00711
-0.91644
0.50522
-0.38734
0.83451
-1.07747
0.26875
-0.54779
-0.01570
0.02981
-0.95446
-0.50543
-0.32155
-0.43844
0.20230
-0.43774
2.43527
0.61631
0.28463
-1.05465
1.41276
-1.36196
-0.30058
0.40025
-0.39992
-0.18057
0.40213
-1.27519
1.12263
-2.16618
-0.28062
-0.04394
0.39785
1.95093
-1.76273
0.35723
0.30931
0.69790
-0.68786
0.78645
0.28047
-0.91231
0.59884
1.28655
-0.31847
-0.50713
-0.74745
-2.34979
-1.80427
1.28080
0.29702
0.71823
-0.52090
1.03188
0.83183
-0.55837
-0.40979
0.78618
-0.41691
-0.26581
-0.02597
0.92763
-0.38872
-0.81208
0.25832
0.01172
-1.12156
0.73777
-1.70091
0.32733
-0.21977
-1.27234
-0.55287
0.63878
1.60172
-1.53518
2.12251
-0.22382
0.78717
1.33063
-0.64795
0.76030
0.08270
-0.25124
0.48874
-0.29540
1.14853
0.92019
0.15029
-1.80141
-0.66276
0.45179
-0.10064
-0.19658
1.40859
-1.51953
1.24169
0.54923
0.31212
-0.20689
-0.62534
-0.61229
-0.78529
0.17489
-1.10848
1.70071
-1.00638
-0.73693
0.33264
0.26824
-1.52370
0.06406
-0.38454
-0.27026
0.17525
-1.61104
0.91518
-1.29367
-1.32581
-0.45131
1.37534
0.53035
-0.42191
-0.74986
-1.35478
0.46437
0.33251
0.21006
-0.23514
-2.18282
-1.01716
-1.07614
0.49808
1.07703
0.71521
1.65377
-0.60474
-0.25838
0.82127
-0.20442
-2.83248
0.49670
-0.51919
-0.81188
-0.03189
-0.06572
0.77539
1.86926
-1.16919
1.07417
-0.02764
0.13179
1.14686
0.21358
1.03861
0.03736
-0.27118
-0.49551
-0.41395
-0.19524
-1.40504
0.63655
0.12004
-0.05036
-0.62223
-0.71355
-0.18585
1.04965
-0.25448
-0.07344
-1.09233
-0.63034
-0.62326
-1.07713
0.42351
-1.88782
0.49861
-1.09180
-1.43317
-0.80179
-0.92978
0.26980
0.09402
-0.99433
-1.65354
0.92184
0.67364
0.41512
-0.63713
0.63296
-1.31047
0.48252
-1.80205
0.48870
-0.34977
-0.47407
-1.36173
-0.19584
1.63325
0.37391
2.16050
0.80901
2.16314
-0.23687
0.31593
1.31808
0.67293
-1.05780
0.39249
-0.72772
1.30728
0.02066
-0.43912
0.29576
-0.12867
-0.71086
-0.01755
-0.89755
-1.15673
0.63444
-1.39471
-0.78247
-0.79734
-0.31201
-1.30748
0.28344
-0.21168
-0.45555
0.69209
-0.44235
-0.42616
-0.25071
0.60671
0.37266
-0.27839
-3.18589
-0.76780
0.93911
-1.57586
-1.22756
-0.49286
0.13709
-0.47468
0.14414
0.64326
-1.04468
0.77285
-1.23508
-0.71777
0.92454
1.23540
-0.99724
0.62954
-0.36236
1.01487
-1.11973
-0.05601
2.01491
-1.76824
-0.39348
-0.81573
1.89647
1.07834
-0.16095
-0.23541
-0.24246
-1.95614
0.89299
-1.29535
-1.94267
0.97181
-0.89158
-1.05546
0.50235
0.07462
0.60541
-0.70008
-0.44247
0.59062
-0.95837
0.77706
0.18752
-0.23690
-0.73089
-0.40323
-0.65764
0.40156
0.45533
-0.83819
1.82035
-0.37013
-1.70937
0.26266
1.22595
0.67591
0.81692
0.04415
0.64480
0.17841
0.27128
0.65030
1.81922
0.28307
-0.48425
0.39099
-3.07588
0.58271
-0.99378
1.44501
-1.35410
0.79343
-0.88356
-0.16420
-0.38735
0.65710
2.12041
-0.74945
-0.53214
-0.48471
-1.25154
-0.45489
-1.40974
0.58147
1.02675
0.87880
-0.12100
-0.16023
-0.87205
-1.32860
-0.39296
0.04850
0.62920
0.77571
-0.41035
-0.26326
1.42227
-2.03195
0.94119
-0.54910
-1.16651
0.65877
-0.22625
-0.67621
0.48820
-0.26733
-0.01719
0.40010
0.99609
0.11617
-0.28145
-0.60308
-0.07974
0.61112
-0.09575
-0.55788
0.95321
-0.10243
-0.11514
1.51290
0.73927
-0.48705
-0.86118
1.43868
-0.36901
0.90591
0.86240
0.66967
1.01217
-0.70900
-1.42079
0.54594
0.66985
1.59331
0.03325
1.01006
0.68801
-0.77762
0.68498
-0.96829
-1.07926
-1.09261
-1.30091
0.80447
-0.37106
-0.91411
-1.48255
-1.05776
-0.48255
-0.52661
0.33979
-0.22629
0.84589
-0.04914
1.13541
1.72374
-1.39420
-0.24254
-0.51947
-0.19403
1.32369
-0.04994
1.25543
-1.78462
-1.57153
0.34984
0.99136
0.74364
-0.28166
0.32345
1.52444
-0.51780
-0.99921
-0.91313
0.28393
-0.87759
0.43919
-0.18767
-0.89046
-0.28279
-0.63419
-0.83964
0.17416
-0.18160
-0.57603
-2.34045
-0.65675
-1.09726
0.55623
-0.77078
-0.32498
0.28597
-1.91876
0.57826
-0.69369
0.82324
-0.68961
2.70813
-1.34368
-0.96214
1.90527
-1.09436
-0.84077
-1.18290
-1.11620
-1.57976
1.17444
0.31382
-0.52932
-1.19876
-0.68555
0.18972
0.11310
0.81149
-0.40911
-1.20979
1.17480
-0.70738
-0.41429
0.99112
0.91117
-2.26961
-0.73910
-1.25539
0.99244
0.62800
1.05115
0.17502
0.52690
0.44251
0.53208
-0.80694
0.43027
0.26524
-1.65172
1.15766
0.46370
-1.58420
0.85444
0.40794
-1.86894
-0.05474
0.76603
-1.41013
0.54612
-1.48338
2.06741
-0.03568
-1.87685
0.64699
0.51599
1.11740
0.86642
-0.75412
1.18239
0.20189
-1.42177
0.36911
0.41663
-1.08652
0.48208
1.21552
0.51286
0.23754
-0.57200
0.58090
-0.67024
-0.98731
-0.64745
-0.74020
-1.10736
0.55176
-0.70955
1.51034
1.53625
0.61135
0.44146
-1.50003
0.79657
-0.38687
-0.85913
-0.03434
-0.36710
-1.30662
-0.12778
0.56653
0.81657
1.58320
0.10919
1.11816
-0.91247
-2.13362
0.38636
-1.17578
-1.17897
-0.97270
0.80256
2.26678
-1.07338
0.98177
-0.96980
-0.49441
-2.37216
0.74379
1.47447
-0.01369
0.67168
-0.15404
0.61827
0.61931
-0.58465
-0.32662
-1.72288
-1.75403
0.50158
-1.64181
-0.35075
1.53031
1.50760
0.48523
-0.54703
0.12911
-0.95106
0.55768
1.24158
-1.37206
0.01101
-1.00102
0.11292
0.14361
-0.10774
0.21414
0.34397
0.46685
0.53972
1.18588
-1.54926
-0.46791
1.72310
-0.64913
0.02292
1.25033
0.71061
0.84265
0.77473
0.60699
-0.67109
0.65329
-0.88201
1.35309
0.17911
-0.63914
-0.74328
-0.17142
1.10247
-0.17354
-1.47766
1.40430
0.32964
0.14742
1.20465
0.90385
0.34074
-0.12609
1.08236
0.50397
-0.40573
-0.56508
1.19911
0.19779
-0.49935
0.45999
0.10082
0.34706
-1.11793
-1.20308
0.69850
0.04886
-1.36609
0.54307
-0.63130
0.14298
-0.33577
0.50988
0.52701
-1.74851
0.71481
2.19670
1.19556
-2.17058
-0.13149
0.23929
0.64955
0.29808
-0.02327
0.42876
0.49295
-0.78535
-0.61239
-1.15447
0.19030
-0.47148
-1.82147
-0.68088
2.13309
0.58734
0.04613
-0.48194
0.83264
1.05528
0.51448
-0.76690
0.94717
-0.63424
-0.76311
1.68869
1.20900
-1.86246
-0.06449
1.12809
1.69395
-0.93531
0.41101
-1.05726
-0.14882
0.01390
-0.18323
-0.30817
-0.59980
0.02725
1.39105
-1.84951
-0.77196
1.09192
-0.09138
0.19958
-1.52889
0.79675
0.88132
-0.73664
0.51164
1.03702
3.25418
-1.73666
-0.67952
0.02657
0.74149
-1.17902
-2.73471
-0.09217
-2.41557
-0.83046
-2.60354
-1.03891
-0.25730
0.74205
0.07935
-0.41891
0.62874
-0.28793
-0.62217
0.72281
1.23300
0.74226
-1.29975
-1.36121
0.91191
-0.75145
-0.26227
0.13808
-0.03109
-0.04937
-0.73749
0.37211
-1.45819
0.66505
-1.05248
1.00187
0.85566
1.41429
0.27862
-0.71250
-0.63104
2.03774
0.88465
0.11947
-1.60060
2.12566
-0.14221
-0.43633
-0.06066
-0.45953
0.18684
0.44694
0.82810
0.46761
-0.85696
-0.91126
0.36666
0.89054
-0.39656
-0.51823
-0.13460
-0.12050
0.96776
-0.17247
1.72357
-1.77920
1.89938
-0.21295
0.55574
-1.40624
-0.22177
-1.25253
-0.07601
-1.10185
0.70673
-0.93018
0.15535
-0.72645
-0.31179
-0.24640
-0.67478
0.38972
0.50563
1.42668
1.58117
-0.03149
0.30177
-0.24866
0.94365
-0.06123
-1.80864
-0.48300
-0.34785
0.44483
1.60444
-0.11194
-0.32459
1.92042
0.30153
0.95953
0.95345
0.50251
-3.35091
0.73223
-1.71566
0.46979
0.69327
-0.12101
-1.21302
1.10338
0.96290
0.96364
-0.85728
0.45152
0.98603
-0.03697
0.89694
-0.00046
-0.37830
-1.25240
2.37978
1.36042
0.66746
-0.20960
1.02457
0.51532
-0.88035
0.25773
0.03090
1.02540
0.42201
-0.25169
0.28915
0.64244
-0.79992
-0.12385
0.76545
-1.46887
1.38739
0.26720
1.78963
-0.75409
-0.01889
0.27312
0.67221
0.62403
0.43171
0.48695
0.02047
0.51664
0.98230
0.29366
1.84947
-1.84495
-1.25548
1.49139
0.15334
-1.22321
0.91851
-0.89561
-0.34919
2.29604
0.89479
1.01639
0.79005
-0.55634
-0.65196
0.19636
-0.21450
-1.70089
2.10503
0.26184
-1.09495
0.16851
0.30436
-1.54854
-0.54302
0.07316
0.65566
1.62998
-0.46428
1.20317
0.93251
-0.36467
1.56785
-0.70136
0.98360
0.13817
-0.55084
1.84144
1.71153
-0.38311
-1.87738
1.54071
-1.67506
-1.33839
-0.03239
0.65303
-0.76439
-1.61358
-0.19491
-0.34018
-1.30238
1.18370
0.94982
0.05250
-0.76024
-1.05856
1.27096
0.28523
-0.58622
0.56131
0.80670
0.20428
1.35598
0.00403
-0.10067
-0.38274
-0.55618
-0.64965
-2.38758
-1.29489
1.03072
-0.98083
0.02928
0.69855
-1.29941
1.52852
-0.29713
-0.07149
0.91468
1.08316
0.27981
-0.80371
0.65649
0.25371
0.08615
-1.99223
1.59088
2.66000
0.21127
-0.17833
0.36297
0.73325
0.21060
-0.42177
-0.10613
-0.16818
0.81896
-0.68086
-0.78058
0.92706
1.20117
-0.91955
0.39720
-1.19242
1.20450
0.29279
-0.73806
-0.05363
-0.12982
0.86537
0.36316
-1.40850
-1.07028
0.20431
0.30191
0.14211
1.63153
-0.38018
-1.22568
-0.54572
-1.36295
1.83736
-2.12538
-2.74554
-0.10795
1.14763
-0.48494
0.19004
0.19012
-0.84211
-0.14926
-0.46984
-0.48247
-1.32263
0.17420
0.69719
0.56296
-1.27553
-1.78739
0.73519
1.25696
-0.04854
-0.42731
0.36484
-0.56744
-0.48359
0.41314
-0.80657
-1.23694
1.41690
-0.63108
-0.17542
-0.99784
-2.94737
0.04974
0.93016
0.25707
0.05818
-0.65655
0.36124
1.34866
-0.16189
-0.67166
1.84424
-0.14332
-1.13775
0.29555
1.32763
-2.98757
0.61978
1.15133
-0.41020
1.49352
-0.76657
-1.11371
0.67681
-1.13812
-0.04515
-1.51165
1.42536
0.06069
-0.73150
-0.73838
-0.52726
0.61875
-0.77402
1.67426
-0.95373
0.16913
2.16118
1.39628
0.95774
1.35821
1.65087
0.70881
-0.53675
0.67408
0.87358
0.20213
0.36915
-0.08990
1.17774
1.29348
-1.14288
0.36618
-1.23865
0.38427
-0.01395
1.07311
1.52735
-1.28608
0.65131
-0.17129
-0.17856
0.33753
-0.40006
-1.34802
-0.08452
-0.91952
1.59281
-1.22406
1.08997
1.59694
0.15847
0.33693
-0.03577
1.36713
0.39196
-0.30418
-1.19003
0.51854
-0.19973
-2.24603
-0.08331
-0.87635
-0.02787
1.53072
-0.46490
0.12121
-0.79539
-0.27582
0.92204
1.45685
1.29420
-0.91862
-0.70329
-1.02636
0.27385
0.35123
1.39336
-1.06793
0.41292
-1.17962
-1.14989
0.92176
-1.20859
0.94032
0.21490
-0.23402
-0.09748
0.15973
-1.06870
-0.73227
0.58631
1.81566
0.44736
-0.90702
-0.30969
-1.41264
0.76396
-0.50688
-0.60187
-1.62999
-3.15507
-1.99649
-0.54963
-1.79621
0.34638
1.16260
-2.42325
-0.95875
1.83629
0.40939
-1.78003
0.14047
0.87455
-2.41317
1.54795
0.25680
0.89313
0.05568
-0.80303
-2.57076
-0.12243
-0.18776
-0.16556
0.51598
0.21533
0.58533
0.16915
-0.78572
-0.69085
0.51940
1.48818
2.20359
-1.49902
0.46711
-0.83739
-0.79844
-0.65626
0.16526
0.73941
0.52245
-0.78851
-0.36959
-1.40665
-0.28571
0.17329
1.95047
3.53192
-1.87645
-0.43593
0.07475
0.98157
0.82021
0.46460
-0.22735
0.91787
0.96551
-0.51112
-1.14813
-0.13146
0.19611
-0.64335
-0.89724
0.43396
-0.19806
0.95676
1.05338
-1.32631
0.02259
-1.24959
1.05678
1.55376
-1.67574
-2.61877
1.04434
-0.56991
1.58998
0.01407
-1.13965
-0.65328
0.72765
-1.22259
-1.07654
-0.94076
0.73838
-0.04077
0.95629
-0.44312
0.18295
-0.57480
-0.35303
-0.83699
-0.14428
-0.84459
0.34114
0.22824
-1.03722
0.07089
-0.56274
0.92399
0.27290
0.78948
-0.30215
-0.57878
-0.68735
-0.46608
-1.25693
-0.28756
-0.65930
-1.45720
0.49245
1.04639
0.15703
-0.31099
1.08413
-0.88476
1.70838
-1.34071
0.91271
-0.44720
0.86434
1.82594
-1.22088
-1.29456
0.38378
0.24778
0.07716
-1.96921
1.33955
1.27028
0.33760
0.45845
-0.51584
-0.26048
0.39005
1.37778
-0.46938
-1.89660
0.37113
-1.09898
-0.95025
2.30779
1.20777
0.21668
0.04212
-0.77342
-0.54421
-0.92620
0.29813
1.07061
0.12279
0.56088
1.35231
0.14816
-0.19490
-0.32390
-1.62493
0.58917
-0.05545
-0.18222
0.40190
-0.09254
0.69420
-0.58797
0.06893
2.55245
-0.04902
-0.13255
1.01342
1.23966
-0.27807
-0.00081
0.60625
-0.18634
-1.14732
0.70492
-2.12273
1.59964
0.71766
-0.27896
-1.62202
-0.23311
1.72618
1.58075
-0.39486
0.17532
-3.10959
-1.46483
0.03576
-0.96236
-0.14719
0.86640
0.59040
-0.38550
-0.79406
-0.33676
1.23468
1.94441
-0.69603
-1.37638
0.85287
-0.53656
-0.72186
0.72480
-0.43752
-1.00979
0.25431
1.71442
0.42030
-0.60826
-0.34316
-0.04625
0.19815
0.55405
-0.45832
-0.84247
-0.01300
-0.19397
0.53088
0.92724
-0.07602
0.57087
0.94636
0.18877
2.18743
-1.07310
1.85004
0.52797
0.02934
-0.40224
-0.69535
-1.44974
-0.76582
2.47876
0.46562
-1.94683
-0.53295
0.23120
-0.30928
-0.82551
0.00469
0.97446
1.44571
-1.18303
-0.25111
-1.23150
-0.24266
0.17878
0.24821
1.15746
0.41934
1.70113
-1.15029
-0.42014
-0.30663
-1.06563
0.37963
0.55090
0.76714
-0.98700
0.73423
-2.11695
0.64739
-0.11401
0.40162
0.70849
-0.08197
0.96254
0.05889
-0.53017
-1.27879
-0.64248
-1.57237
2.10454
-0.57722
1.15669
0.47170
-1.50240
-2.52247
0.41441
-1.43348
-0.10461
0.25508
-1.59623
0.09253
-1.26354
-0.89352
-0.76699
-0.66690
-1.23819
0.80126
0.02828
0.44776
1.11197
-0.90937
0.12869
1.31745
0.21554
0.07069
0.35859
1.30387
0.12856
1.73086
1.48384
0.17102
0.17519
-0.08899
-1.33408
-0.69058
-1.50955
0.61259
-1.87630
-1.05990
-1.02013
0.43574
0.20378
0.21240
1.09490
2.02353
0.19066
2.97942
-0.71293
-0.07858
0.96998
-0.05028
0.26378
-0.53229
1.13940
0.86302
-1.88815
-0.90973
-0.67933
0.91909
-0.35364
-0.33264
-0.78115
-0.05422
0.23655
0.80130
0.29718
-0.21559
-0.02674
-0.66590
0.25701
0.11099
0.14797
-0.11352
0.95322
-0.35906
-1.49466
-0.24635
-0.87372
-0.25257
-0.38327
-1.97911
1.03517
0.12117
1.25217
0.41992
0.11252
0.51919
-1.27240
2.16633
0.87800
0.14656
-0.88248
-0.00995
0.15155
0.42150
0.86333
-0.39198
-1.26441
-2.05516
0.07069
0.13055
-0.44164
-1.19931
1.34120
-1.05503
-0.14136
-0.33678
-1.02877
0.05763
-0.19745
-1.23961
0.55918
0.22456
0.23385
-0.23823
-0.12839
0.53752
1.87733
-0.53435
-0.79003
1.99225
-0.20577
-0.80480
-1.11741
0.84963
0.61251
0.56832
-0.57939
0.42796
0.83940
0.56141
-1.94730
0.46084
2.13840
0.28955
0.25496
-0.71541
-1.40602
0.57150
-0.49222
-0.89495
1.54412
0.48139
-0.70370
2.69690
1.09569
0.55062
-0.61580
-0.96741
0.55405
0.59861
-0.82352
-0.25079
0.19825
0.33891
1.82567
-1.26246
-0.38350
-0.59608
0.16969
-0.49543
1.03789
2.26982
1.40975
0.00490
0.71604
0.41171
-0.28712
-0.33021
0.14397
1.27662
-0.20052
-0.46487
-0.40240
-1.14853
-1.00744
1.52420
-0.18826
-1.27418
-1.14557
-0.22274
1.31583
0.26102
0.08745
-1.09216
-0.18091
0.51592
-0.93376
-0.52885
-0.02823
-0.24879
0.30286
1.66151
-0.05523
0.60379
0.33925
0.22850
0.77588
-0.48290
-1.86370
0.88983
0.63075
0.85592
-0.63627
0.80654
-1.89268
1.12250
1.31322
-0.10899
0.80108
-0.82648
-0.84302
-0.01296
0.17764
-0.51951
-0.09560
-0.68399
2.43023
-1.10465
-0.20062
1.66599
-0.08173
-0.95296
0.29823
-0.14484
-1.33955
-0.15454
1.22771
0.68846
0.79705
1.32709
0.48401
-0.33908
-1.18530
0.45116
-0.46755
0.39716
-0.86869
1.10421
1.03090
-0.59706
0.32696
-0.26683
-0.22691
1.85208
-0.60990
-1.52525
-0.05046
-1.43878
-0.21870
1.57262
-0.34796
0.58483
-2.06993
-0.18498
-0.44284
2.00058
-0.36636
1.37807
-1.81308
0.93194
-0.74916
0.14008
-0.42269
-1.45195
1.95710
-0.69031
-0.76350
-1.12930
0.13414
1.85736
-1.70496
-0.48955
-2.18511
-0.65929
-1.66954
-2.63353
-2.02861
-1.44025
0.48386
0.77941
-1.04870
1.08122
0.54288
0.30942
-0.45945
-0.82273
0.43140
-0.42346
-1.11150
-1.36118
1.67272
-0.37112
0.80791
-0.88025
-0.36357
-0.60766
0.46504
-1.84366
-1.75424
-0.27722
-0.12516
-1.16873
0.31320
-0.42748
0.59958
1.81470
1.42300
-0.23192
0.00537
-0.20192
0.31676
-1.66354
-0.29703
-0.29993
-0.45781
-1.99507
1.09769
-0.40120
0.68763
0.94512
-2.16387
0.97833
0.93758
-0.14999
-0.38536
-0.99874
0.73327
0.87360
0.71561
0.91671
0.59389
0.01167
0.19903
-0.63231
-0.68658
-0.37905
0.30131
-0.05906
-0.07887
-1.30964
0.24734
-0.43491
-0.37671
-0.95632
0.03197
-0.01242
1.42747
-0.53441
0.56844
0.33978
-1.80251
-1.62988
0.56060
-0.15638
1.97970
-0.15049
0.54579
-1.57699
1.19431
0.83007
1.58597
0.02878
0.10339
0.25217
0.03200
-0.06721
-0.73637
-0.53498
-1.29912
-0.06184
-1.37354
-0.48625
-0.13947
-0.26761
0.37413
-0.41986
-0.87430
-1.15345
-1.21479
-0.44863
-0.01547
-0.18062
-2.56769
2.18147
-0.12118
-0.86528
0.31224
-0.47665
-0.18566
0.05492
0.99701
-1.97649
-0.30590
1.02084
1.17365
0.44456
1.17575
0.87465
0.07661
-0.22427
-0.41718
1.41061
0.49509
-0.68891
0.60864
-0.87247
0.89768
0.12466
-2.07306
0.18983
-1.01883
0.97587
0.74513
2.25458
1.14443
-0.91125
0.08620
-1.70860
1.80656
-0.87268
-1.14208
-1.30035
0.50131
1.70688
-0.18173
-0.59086
1.86274
-1.69831
-1.85386
1.08412
1.06414
0.44442
-0.30191
0.70985
-0.52851
0.01797
-0.10508
-0.12541
0.13848
1.78789
1.20161
1.13797
1.65024
1.20200
-0.70617
-0.61473
-0.94724
1.33658
0.32580
-1.93524
-0.41944
0.46183
-1.25629
-0.12956
0.87119
-0.89740
-0.95639
-0.34304
-0.57838
0.72407
0.09440
-1.55770
-0.75994
-0.91316
-0.25923
-0.28356
0.10752
-0.44016
0.95108
-0.78719
0.11276
0.72335
-0.55406
-2.42043
-1.26956
0.54932
-0.56742
0.76931
2.43295
0.02259
-1.51278
0.64163
1.08712
0.53182
0.27271
0.43816
-0.05679
0.13489
-0.03978
0.93363
-2.00800
-1.47516
-1.03606
-0.78256
0.06387
-0.67919
0.32665
1.03396
1.24235
0.25524
-1.52264
0.84780
0.77398
-0.28666
1.17080
-2.15674
-0.68921
1.04726
0.02974
1.10408
1.41561
0.87669
1.71489
1.34664
-1.17188
-1.55178
-0.67472
-1.13770
-0.74338
0.00133
0.54721
0.24963
-0.10992
0.55060
0.46613
0.53509
-0.00488
1.07571
0.24700
0.20704
1.51925
-0.93851
0.50588
1.26643
0.18710
0.36085
-1.09934
-0.46740
-0.31126
0.43694
-1.72949
-0.19097
-0.58130
0.78571
-0.20294
-1.41688
1.30934
-0.20775
1.21396
0.24248
-0.77810
1.89473
0.14013
-1.00563
-0.98490
-0.59625
-0.81786
1.01737
0.07960
-0.10565
-0.44168
-2.50003
-0.59339
0.35747
-0.23795
0.65436
0.11833
-1.58293
-1.43287
-0.32578
-1.59549
0.11599
1.22756
-0.99355
-1.17506
-0.43648
-0.60055
-0.64440
0.10434
2.12416
0.22165
1.12036
-0.62170
-0.41310
-0.21211
0.47017
0.48018
0.24437
0.77326
1.64288
-1.08397
0.94933
-0.17240
-1.36220
0.27497
0.00169
1.95319
1.74209
-0.89279
0.42950
0.91247
0.25833
0.96726
-0.56400
-1.80474
-1.00458
-0.52062
-0.78601
-0.33398
-0.25529
1.24266
0.29574
0.26954
0.19740
-0.83491
-1.70001
-1.02992
-0.09160
-1.07857
-0.24460
1.07744
1.18733
0.27283
-1.25278
0.47123
0.79875
-1.21990
0.60155
0.41821
-1.24086
-0.78261
0.36825
1.11478
1.02081
-0.65922
0.70477
1.33384
-0.00120
0.80994
-1.48065
-0.21256
0.93802
-1.79674
-2.40053
-0.07032
0.87314
1.20579
1.82638
-0.88107
-2.21733
0.79778
0.21982
0.53004
-0.66326
1.07965
1.72846
0.22406
0.47783
-1.26572
-0.82191
0.64535
0.98492
1.13698
1.81484
0.11416
0.40665
-0.25544
-1.43211
-0.04837
-0.00328
0.34457
0.12143
1.05422
0.67854
-0.99320
-1.01925
0.90573
0.68055
0.34383
0.24177
-0.27404
-0.12087
-0.93409
-0.14007
-0.52455
1.62885
-0.33021
0.09122
0.47119
0.05629
-0.35362
0.31113
0.00620
-2.05155
0.22238
2.01766
0.46457
-0.48770
0.63915
-0.11116
-0.34748
0.02380
-0.23650
0.41629
-0.87821
0.03331
0.20816
-0.48606
-0.05191
0.96151
-1.23685
-2.21428
-0.25269
-0.46135
0.28519
-1.39436
-0.02919
-1.05461
-2.09134
-0.85047
-1.96565
-0.54097
-0.14269
0.03368
-0.03392
0.94476
0.60683
-0.21659
0.64826
-0.03109
1.85460
-0.29069
-0.47739
-0.92581
-0.66067
-0.21236
-0.43782
1.44648
-1.20800
-0.33044
1.05285
-0.18557
-1.00519
-0.39516
0.03115
-1.02434
-1.57070
-0.64054
-1.37410
-0.08472
1.60960
0.90087
0.50249
0.08046
-0.89329
-0.05176
0.40492
0.23092
-2.07733
0.50313
-0.64069
1.09540
-1.32089
-0.19017
-0.19770
-0.32714
-1.68838
1.50401
1.18960
-0.34152
-1.44244
1.17108
-0.45727
0.62495
1.41666
0.81579
-1.67949
-0.44273
-0.48436
-0.33517
0.69084
0.69691
-1.31405
-0.87533
0.34880
0.31178
-0.92157
0.03621
0.48742
-0.44277
0.87699
1.17222
0.96756
-0.20765
-0.12177
-0.84578
1.52462
0.62556
0.83134
-1.05198
-0.52771
0.46452
0.14852
0.27202
-0.60876
0.03818
0.07966
-0.67757
0.73287
-0.51626
-1.11596
0.76466
1.15708
-0.50871
-0.59345
-1.34378
-0.25605
-1.46316
-0.98264
0.22563
0.54090
1.11449
-0.61948
-1.14971
-1.71408
0.53702
0.54100
1.52499
0.78080
-0.33275
1.62204
0.22978
-1.49425
1.33674
-0.20633
-0.26520
-1.04027
-0.77957
-1.00571
-0.45369
-0.10129
1.07794
-1.12030
-0.28578
-0.12881
-0.64006
0.62220
0.37610
2.20229
-0.75940
0.81787
1.26417
1.15297
0.52689
0.58858
-0.49397
-0.17230
0.66239
-0.12874
0.86699
-0.40946
1.73054
-0.23393
-0.61536
0.26959
0.68719
-0.87843
-1.08499
-0.87501
0.74121
0.81152
0.11670
-0.24155
0.29844
-0.16901
-0.08672
-0.88324
-0.00212
-1.04909
1.53228
-0.13844
2.03984
-0.33438
0.15046
1.90974
1.16275
-0.66595
-0.47821
0.63006
-1.41332
-0.15480
0.71560
1.52975
0.52076
1.19233
-1.51423
-1.09002
0.79988
0.24586
0.57542
0.28180
-1.71578
0.91849
0.29067
0.59262
0.59378
-2.20297
0.54818
-1.30339
-1.74315
0.55206
-0.88159
0.60594
0.49248
-0.40491
1.48055
-0.75425
1.79218
-0.30801
1.16270
0.90160
1.93847
0.72680
0.90669
-0.17238
-0.95852
0.84675
-0.17106
-0.48584
-1.06007
-0.58974
-1.05964
-1.92621
-0.64890
0.16157
0.46189
0.87894
0.30458
0.27980
0.07056
-1.31177
1.41280
-1.32726
-0.44686
0.00105
1.78449
0.63264
0.49642
-0.80348
-0.17383
-0.14367
-0.93287
2.06877
-0.25514
0.17432
-1.16514
0.83210
0.03459
-0.93051
1.84748
0.09299
-0.16006
0.25431
-2.75321
-0.64611
0.38524
0.55076
-1.51762
0.23467
2.18543
-1.46516
-0.09118
-0.96617
0.04303
1.67846
0.53457
-0.41768
0.27486
-0.80311
-0.87068
-0.26373
-1.32521
1.02285
0.30315
-0.57428
-0.48288
-0.00158
0.78685
-0.52164
0.66302
0.24932
0.83871
-0.60441
-1.53432
-0.54630
-1.38336
0.09434
-1.09439
-0.34898
0.94259
0.06607
0.85655
1.51682
-0.13632
0.86758
-0.86818
-0.11379
0.71316
0.16678
-1.29116
1.22747
-1.33229
-0.21092
1.56451
-0.17780
0.87969
-0.16627
0.70752
0.44901
-0.55316
-0.35617
-2.76138
-0.78627
2.42833
-0.81791
-0.32351
1.98868
-0.53783
-0.53558
-0.56603
-0.27873
-0.38299
1.17038
0.31603
0.07777
0.49964
2.52925
1.21639
-1.29696
0.66229
2.13630
0.77909
1.02097
-0.87444
-0.37261
0.35762
0.66161
0.22759
-0.84237
-1.13322
-0.25611
0.19598
-0.95572
0.66112
1.36191
-0.04611
-0.98013
0.56621
0.42426
-0.13474
1.33217
-0.58289
-1.53172
-0.59828
-0.19038
0.96550
0.07826
1.28175
-1.55643
-1.48460
0.53936
-0.01387
0.97451
0.43997
-1.27875
0.09068
-0.75427
-0.78769
0.06835
0.16403
0.45059
0.00162
0.87339
-0.62625
0.23789
-0.32653
-1.25565
-0.72834
-0.44959
0.48104
-0.55030
0.80364
-0.76737
1.16510
0.26506
-0.20970
-1.65346
-0.61102
1.17789
-1.86073
1.13893
-1.20702
0.07352
0.00128
-0.04955
0.05561
-2.42480
0.56820
1.25543
0.11349
0.68702
-1.09612
0.66208
1.72987
0.14405
0.74114
0.35844
0.97804
-0.48025
-1.72043
0.04404
-0.13877
-1.08870
0.14533
2.81376
0.24658
-0.53305
0.28054
-0.30102
1.09004
-1.29591
0.76745
-0.51483
0.72457
-0.40835
-1.60919
0.08801
0.95409
-1.09552
1.08182
0.78206
-0.33222
-1.05791
-0.69153
2.29138
-1.21745
-0.93518
0.53294
-0.08167
0.59851
0.06095
0.40789
-1.36985
0.70166
-1.78143
-0.09914
-1.98442
-0.14076
-0.42206
-1.19601
0.80703
-0.03537
-0.18135
1.04513
0.03831
-0.33147
-1.92767
-0.61109
-1.52605
-0.52181
-1.91516
1.53841
0.49200
0.88260
0.35485
-0.70794
-1.11594
0.16823
0.37792
-0.38962
-1.45714
0.30687
-0.04626
-0.01818
0.86881
0.36179
-0.99953
-0.34319
0.68198
-2.73840
-1.28204
0.63450
-0.10095
1.07187
0.72250
2.04947
-1.61279
1.10980
0.20428
0.48341
-0.17991
0.49182
-0.76982
-0.43500
1.36726
-0.04575
-0.19779
-1.29792
-0.47465
-0.83828
-0.33999
-1.46916
-0.45244
-0.08826
1.10771
0.07173
0.84024
-0.31963
0.39369
0.36609
0.41337
-0.35203
0.08649
0.57964
2.66174
-1.33235
0.21396
0.90811
-0.56493
-0.66763
-1.63736
1.57828
-0.58627
-1.34512
0.66550
1.57965
-0.67542
0.40442
0.98304
1.02085
0.00532
-1.91840
-0.41076
0.12687
-0.02996
-1.68199
-2.77919
-1.92253
-0.36883
1.70781
-0.32353
0.95876
-0.93342
-1.04887
-0.87698
0.61559
0.61228
2.05521
-3.61671
-0.03455
-0.78160
1.67129
-0.51663
0.83636
-0.72656
0.75604
-0.88825
1.65572
0.62003
1.15903
-0.39115
-1.32695
0.25718
0.09168
0.86479
0.06572
-0.49358
-1.08942
-0.05595
0.65518
0.79955
-0.69509
1.01403
-0.17077
0.05871
2.32897
0.92779
1.55364
0.80887
-0.67746
-0.18353
0.16356
2.04095
1.04952
-0.15506
1.61019
1.43118
0.84728
-1.28868
-0.44042
-1.35086
-2.20009
-0.77595
0.08402
0.10992
-0.87553
-0.71320
0.10984
-1.09218
-0.12125
-0.38350
1.63663
-2.17925
0.26596
2.25984
1.94311
1.99354
-0.77182
-0.48110
-0.00118
-0.99501
-0.40482
0.31421
0.91911
-0.17713
0.61413
-0.06240
0.07594
-0.52503
-1.17070
1.12539
0.48012
-0.19900
-1.96283
-0.34858
1.00356
0.95429
0.37179
0.46989
1.02429
0.20562
1.13718
-1.54820
0.91425
0.01838
1.86465
-0.38094
-0.38590
0.46333
-0.58561
0.24209
-1.32071
1.36248
-0.14186
0.56278
0.74748
-0.10673
-0.74330
0.39844
0.89309
-0.16506
-0.91596
-0.48198
-0.36356
0.11795
0.82016
0.04624
0.97409
0.88464
1.63309
0.44789
-0.61575
-0.84327
0.07525
-1.09143
1.20539
0.27244
-0.05051
-0.22248
0.60156
-0.61284
2.12198
0.57979
0.41451
2.08491
-0.11569
1.12256
0.00527
-0.08394
-0.62645
-0.55787
0.11040
-0.09992
-0.83798
0.21812
-1.21616
1.52411
-1.33293
0.95458
-1.11465
-0.60533
1.71969
-0.73016
-1.30111
0.71534
1.32182
2.09511
-0.27115
1.08997
0.13305
-0.53441
0.60946
-1.00734
-2.49222
-0.13858
-1.54563
0.16776
0.19284
-0.15905
-0.52871
0.00674
-0.29688
-0.62133
-1.66595
0.10986
-1.37084
-0.29835
-0.71134
0.10349
0.61758
-0.24318
0.07086
-0.47785
-1.42325
-0.80282
0.72330
0.53309
-1.00017
-0.33271
0.80377
-0.34715
-0.51405
0.32751
1.02226
1.74776
0.96160
-0.58693
0.87359
-1.41948
1.10621
-0.54619
-1.45761
1.45987
0.43617
-1.06397
-1.63398
-0.76741
-1.19385
0.25591
-1.53235
-0.50792
0.58598
1.44437
-0.53380
0.21282
2.40321
0.09699
1.14204
-2.76156
-0.08997
0.76654
-0.05111
-0.52487
0.01778
0.72843
-0.62310
-1.08576
0.57422
0.83319
0.70224
0.15085
0.90941
0.83440
0.33543
0.40114
-0.36778
0.90694
0.06389
0.41372
0.74249
0.59425
0.49271
-0.65459
0.10891
1.06071
-0.92800
1.34829
0.97903
0.13214
1.99406
1.73096
0.39628
0.45796
-0.35623
-1.06158
-0.21457
-0.27606
0.59314
0.07009
0.52560
-0.64803
1.09863
0.11087
-1.25508
-0.25235
-1.08028
0.83317
-0.86661
-0.64424
-0.28312
-0.21480
0.47962
1.15970
-0.73648
-1.60673
-0.67343
-1.37464
-1.41582
0.54248
-1.87474
-0.02498
-1.06368
0.70981
-0.64337
0.54733
-1.77592
-1.06792
2.06659
2.52025
-0.60368
1.76526
0.16899
0.78230
0.55066
1.15093
0.59741
0.25290
1.45423
-0.01469
1.04855
-0.87896
0.06127
1.23697
-0.33739
0.89928
0.59926
-0.55252
-1.55673
0.21794
1.00043
-2.21821
0.59782
3.00971
0.13169
1.39132
0.30939
0.26842
-1.27124
0.10425
-1.11542
-0.23448
-0.89745
-0.68429
-1.28817
0.61825
0.22236
-1.15756
-1.23922
2.08359
0.30360
0.36582
-1.76849
0.25550
-0.77427
0.75701
-0.37356
2.07201
0.81320
-0.60832
-0.78022
0.41143
0.04586
2.56615
-1.01175
-1.06221
-0.32690
-0.69170
-0.47556
0.35358
0.61874
1.22784
1.13525
1.47744
0.37746
-1.71025
-0.94352
1.21294
0.89149
-0.44595
-0.53771
0.01129
1.03431
1.21582
-0.80965
0.56197
-1.20900
0.02792
1.99596
0.97165
1.89284
-0.26631
-0.09410
-1.80428
0.19267
0.32739
-0.42974
0.77249
-1.17727
0.28155
-1.09306
1.72436
0.85560
1.59085
0.09798
-0.25591
-2.46185
-0.51345
0.37673
-1.12641
-0.89654
-0.79876
-1.71916
-1.67069
0.11308
-0.02688
-0.19432
-0.23261
0.38761
1.36667
0.19662
-0.29843
1.04782
0.18350
0.31901
-0.70115
1.28420
-0.68287
0.95214
-0.60192
0.50244
0.90086
-1.33439
0.96149
-0.63054
-0.27279
-0.48295
0.66368
0.10184
-0.44967
-1.69799
0.05640
-0.34789
1.11146
-1.31509
-0.63211
-0.59456
-1.15763
-0.54430
-1.58030
1.21294
-0.96046
-0.41340
0.00186
1.17310
0.29884
1.50958
-0.16828
0.12496
0.18435
-0.76293
-0.01582
1.41012
1.73848
0.68988
0.42402
-0.81953
-1.58523
0.77747
-0.55700
-0.81410
0.21090
-1.03273
1.43786
0.11357
-0.38296
1.56184
0.98359
-0.97552
-0.10528
1.17123
1.36733
-1.23715
2.10204
-1.04880
-0.07489
-1.23845
-0.49681
0.90488
0.74166
-0.83063
0.56004
1.08583
0.59712
-0.44085
0.15027
-0.72652
-0.36535
0.17070
1.49006
-1.30714
-1.40993
-0.52879
-0.26641
2.25968
-1.02445
1.19321
-1.60590
-0.92690
0.10175
-1.67590
-0.78851
1.20631
1.55319
0.69981
-0.74394
-0.27990
-0.07694
1.00437
0.64826
-0.04634
-1.28263
-2.19493
0.73863
1.20868
-0.37782
0.41390
-1.10300
0.09950
1.05229
0.78834
0.03721
-1.50992
1.75599
0.92444
-1.21347
0.26619
1.08305
-1.26903
0.86893
0.19793
-0.19484
-0.25678
0.35664
-0.52410
1.55866
-0.27502
0.53755
-0.41522
-1.62910
-0.43958
-2.16110
0.65292
-0.89308
0.06932
0.08702
1.21752
-0.90213
-1.55778
-0.20799
-0.94584
-0.39698
0.27720
-1.80269
0.62929
0.77929
1.99892
-1.31112
0.01396
0.01361
0.38819
-0.40247
-0.26513
1.70502
0.28050
-0.05502
0.83700
0.48097
-0.27851
-0.15067
-0.42612
-0.08821
0.79526
0.14298
-1.27611
-0.84805
0.44866
1.29378
0.31353
-0.43171
-1.05984
0.14262
0.06235
-0.14364
-0.50695
-0.85756
-0.47238
1.30708
1.49962
-0.41539
1.25190
-2.14598
0.19121
-0.62602
-0.40104
-0.24127
0.39028
0.55105
-0.39482
0.44115
-0.77147
-0.06704
-0.45202
0.91092
-1.83782
-0.11128
-2.05735
0.07099
-0.99847
-1.21203
1.13181
0.66430
-0.05789
0.56775
-0.88433
-1.95859
-0.38501
0.09929
-1.09345
-0.99599
-1.58083
-1.30936
-0.78699
-1.78397
-0.28799
-0.15674
0.73730
0.37560
-0.65650
-0.01048
-0.15652
1.24333
-0.07144
-0.34646
-0.29343
-1.66154
0.68572
1.82288
-0.23107
0.39883
-1.12352
0.62253
-1.49568
-1.50176
-0.31776
0.89966
0.23655
0.38977
1.22612
-0.41438
-0.20975
1.14611
0.11930
0.25498
-1.44323
-0.83300
-0.29900
-1.34272
2.02243
-0.41677
1.20497
0.97694
-0.16916
0.07675
-1.54592
-2.59759
-0.29306
1.05295
0.86967
0.40608
-1.04522
0.65819
0.61059
-0.65858
0.63873
0.94509
0.74035
0.53810
-0.44272
0.80519
-0.24293
-0.10633
0.34553
-0.86517
-1.86313
-1.52617
-0.08294
-0.27652
-0.58780
-0.28417
0.85945
1.66477
0.31979
1.18258
-1.57206
1.21017
0.12738
0.21190
-0.43427
-2.21196
-0.85384
0.96186
1.48576
1.18337
-1.52433
-1.07272
1.65488
-0.73233
-2.30829
-1.93514
-0.14005
0.98585
-1.51832
-0.97883
1.47453
0.84070
-2.09822
-1.04224
1.25768
2.46770
-0.55298
-0.33658
-0.82620
1.01883
-0.13420
1.42511
-0.90340
1.12066
-0.70067
-0.32916
0.88447
0.64047
0.72797
0.73467
1.79190
0.96987
-0.80642
1.65564
0.48468
-0.01515
0.65631
1.92942
-0.25039
-0.54939
1.28700
0.53068
0.64981
-1.09210
-0.38211
-1.70495
1.37781
0.61957
0.36147
1.28430
-0.28219
0.19257
0.62731
0.59363
-0.33877
0.65179
0.19327
0.15314
-1.11614
0.38875
0.17269
0.13736
0.18177
-1.08196
-0.67108
-0.41344
-1.98054
0.49150
-0.77013
1.70304
-0.66330
1.62508
0.80537
-0.51551
0.28524
-0.82889
0.16059
1.41853
0.18214
0.33605
-0.88079
0.29710
0.56648
1.13570
0.91075
-0.75904
-2.04791
-1.26006
1.06587
-1.06534
1.20266
1.70679
-0.53653
0.07876
-1.06727
0.18745
0.61268
-0.83712
-1.26828
0.58200
0.60089
-0.18935
-0.19895
-1.14319
-0.16576
-0.38933
-1.35541
-0.74530
0.66179
-0.88987
0.25832
0.78199
-0.13594
-1.48316
-0.17418
1.62699
-1.21173
0.77539
0.72076
0.40935
0.42141
-0.05451
1.63553
-1.71937
1.12696
1.62048
-0.89213
-0.53024
1.38806
-0.62045
-0.52857
-1.66998
-0.75812
0.33614
0.38615
-0.06660
0.82797
0.63295
0.58812
-0.49151
0.86517
-0.77084
1.08547
-0.14347
0.88441
-0.31253
0.48821
0.34750
-1.34818
-0.25371
-0.90632
0.35262
0.30227
-1.71737
0.36804
-0.12421
0.45058
-1.31692
0.74983
-0.06574
-1.03689
-0.67469
-0.76064
-0.84888
0.57288
0.66727
1.84644
0.69179
0.92543
-0.20337
-0.60871
0.17631
0.67462
-0.66548
-0.08842
0.97951
-1.79275
0.25961
0.15005
-0.45041
-0.04977
-0.15173
1.01124
-0.67381
0.23909
-0.31104
0.95264
0.37157
-1.71535
-0.21444
1.37034
0.01481
-0.29526
0.57231
0.95394
0.30001
0.15436
-0.32299
2.05945
-0.59042
-0.17485
0.58373
-0.36874
-0.92048
-0.18136
0.52062
-1.55857
0.25178
-0.36834
1.32162
1.18038
-0.65240
2.24889
0.20349
1.05086
-0.79036
0.26544
0.14009
0.11256
0.09527
1.50148
-0.00989
-1.34107
-0.19281
-1.11845
-0.36068
-0.08894
-0.76823
-0.07877
1.22371
-0.02911
-1.06632
-0.12652
1.01516
-0.01087
-1.44486
1.16808
0.82460
-0.21064
-1.26520
-0.85036
-0.32010
-0.51360
-1.04304
-0.09087
0.49987
-0.43011
-0.57267
-0.87428
0.47901
0.83806
0.12641
-0.34294
2.29831
0.01604
0.33973
0.27114
2.36026
-0.33498
0.45037
-0.05084
0.17843
-2.04410
1.27224
-0.34397
-0.05957
-0.94407
-1.90702
-0.60185
-1.00490
1.54976
-0.30356
-1.92423
-0.01290
0.71318
-0.29947
0.05582
-0.39685
0.84787
1.25887
-0.55196
-0.63051
0.84298
-0.36833
-1.49024
1.17500
0.33945
-0.01493
-0.60328
0.48735
-1.61214
-0.14014
1.56724
1.25996
0.47499
0.84185
-0.82099
-0.39821
-0.74904
-0.14981
-0.70248
1.04587
0.05216
0.39359
0.10521
-1.46411
-1.20018
-2.21556
-1.40322
0.05481
0.34376
0.03907
0.13794
-0.46196
-0.41261
-0.77738
0.61589
-0.70863
1.50537
0.07400
-1.02343
0.60619
0.97835
-0.83147
2.81941
0.38426
-2.74671
-1.31082
-1.30299
-0.46531
-0.53140
-1.06532
-0.80674
0.50080
-0.59628
-1.94728
-0.40171
1.84210
-0.14943
-1.41426
0.47504
-2.40835
-0.65587
1.29031
0.83279
0.03800
1.43463
-0.90978
-1.63597
0.01695
1.81688
0.10496
-0.05292
-0.24677
-2.28929
0.01421
1.70019
0.17277
-0.37233
1.01001
0.18262
-0.47267
0.32889
0.79038
-0.20298
0.44644
1.08582
-0.47776
0.70528
0.96869
0.31057
-1.73961
1.23735
0.39224
1.48029
-0.40302
1.24951
0.20822
-0.73013
-0.50666
1.12110
0.61759
-0.76208
-1.07303
-0.04349
-0.11650
-2.52512
-0.24246
-0.08228
-1.09269
1.03681
0.18091
-0.44010
-1.93183
-0.82496
-0.88150
0.85718
0.61963
1.37098
-0.15059
0.63797
0.62407
0.74339
-0.66690
0.14186
-1.52663
-1.04954
-0.37664
-0.27463
0.03714
-0.18461
0.99584
-1.57991
-0.12905
1.37088
-1.75558
-1.08898
0.03067
2.00249
1.30247
0.20459
-1.09139
0.74346
-0.24321
0.59945
1.39783
-0.32101
-0.36683
1.44603
0.19395
-1.21931
-0.74927
-0.36642
0.46135
-0.29215
1.17048
-1.30847
1.60278
-0.75199
-1.90124
-0.12477
1.26016
1.99112
-0.32977
0.29844
2.39403
-0.96636
1.30261
0.75288
1.05895
1.26053
-1.94104
0.82263
-0.61906
0.65183
0.35151
1.98050
0.23418
1.17953
1.65494
0.91557
-0.24264
-0.72189
-0.49953
-0.49362
1.52147
1.24792
1.28181
0.59309
1.50526
2.21554
-0.89394
-0.45573
1.50751
-0.19146
1.31617
0.52215
0.54392
-2.19349
-1.64194
-0.85653
0.41982
-0.87883
0.03641
0.11759
1.43480
-0.54480
-0.74360
-1.73194
-0.24001
0.44792
-0.13885
1.25076
-1.44725
0.63666
-0.52483
0.18638
0.96164
-0.06588
1.15166
0.17807
-1.98553
0.51126
0.11995
-0.41957
-0.92300
-1.41327
0.42805
-1.37112
0.34677
0.39502
-2.24207
0.75156
0.83788
1.37912
-0.09063
-0.13272
-0.54898
-0.75808
-2.03005
1.19452
0.43281
-0.76262
1.14298
-0.37747
-1.84059
-0.65071
1.35632
-0.42052
-0.48335
-0.26803
0.93814
0.68618
-0.44267
-1.35083
0.62141
0.98659
-0.17786
-1.13210
1.09224
-2.26752
1.30178
1.30058
-0.57155
0.84244
0.04982
0.39341
0.31740
0.31436
-1.84392
-0.70723
-1.59724
-0.01215
0.76428
-0.92933
-0.22396
-0.05626
-0.27815
-0.74560
0.32307
-1.12505
-0.14997
-0.39301
1.18013
-0.64847
0.17900
0.59715
-0.63379
0.09861
-0.21229
0.03528
0.47658
-1.24696
0.88735
-0.37768
0.65163
0.02487
0.39978
-1.38441
-0.68254
1.41683
-1.41312
-0.45229
1.12754
1.13003
-0.56701
0.73334
1.04447
0.39419
1.22738
-0.65534
-1.51500
0.55128
0.33585
-0.69371
1.52772
-0.57882
0.70236
-0.82503
0.49521
-0.10496
2.95288
-0.90350
0.64559
0.63376
-0.17632
-0.08921
-0.47968
-0.99728
-0.84243
-0.17115
-1.37195
-0.13699
-1.44046
1.55644
-0.62206
1.15111
0.39760
-1.06166
-0.32779
0.13876
-0.67232
-0.54938
-0.82294
0.21766
0.26022
-0.72437
-0.60402
-1.24062
2.00417
-1.52849
-0.86552
0.97214
1.60022
1.69358
1.14887
-1.05915
0.93144
-0.63804
0.51536
0.17306
0.67858
1.17476
-0.57629
-0.63949
0.97677
-1.12229
-0.69229
1.25665
0.18734
-0.25024
0.48499
0.03180
-2.55050
0.59768
0.83362
-1.49364
0.58465
-0.40599
-1.13326
0.79056
-1.06547
1.14278
1.11281
0.08903
-0.75232
0.85913
-0.10933
1.18708
-1.74138
0.56477
-0.10735
0.17079
-1.02011
0.40957
-0.17530
-0.36871
-1.50334
0.74235
1.07111
-0.99248
0.14819
0.27802
0.49541
0.20431
-0.70454
-1.66425
0.51446
0.28572
-1.33351
-0.28893
0.45731
-0.94600
-2.33608
-1.18296
-0.33893
-0.98371
-0.67516
-1.33597
0.09891
-0.71634
-1.20216
0.77857
0.92491
0.00647
0.34067
1.36776
0.13774
1.54310
0.36393
0.93174
0.29650
-0.35499
-0.17240
-1.33492
-2.07583
-0.49218
0.03335
2.21908
-0.71847
0.19487
-1.43552
-1.16333
0.54334
-1.20418
0.77659
-0.49289
0.64005
0.32400
1.00296
-0.77331
-0.41058
1.80614
-1.79330
1.28884
0.48798
1.26840
-0.01485
1.54810
-0.14968
2.17896
0.24140
-0.55369
0.61081
0.72292
-2.11500
-0.61347
-1.40794
-2.54488
-0.79881
0.90591
0.45331
-1.07456
-0.23164
0.33499
0.90332
-1.52142
0.31921
0.54229
-0.48867
1.17485
1.64577
1.05622
-0.01699
0.51039
-0.99249
0.20828
-0.36018
-0.40189
-0.05416
-0.82802
1.58226
1.43839
0.03038
-0.12889
0.99405
0.06419
0.51873
2.30645
-1.21682
0.16848
0.52561
-1.14651
0.77632
-2.07159
1.31512
0.08187
0.19748
-0.32896
-0.31898
-0.14829
-0.16213
0.74055
0.03155
1.70883
-0.47918
-0.50860
1.30609
-0.07797
0.37694
1.09379
-1.98162
-0.20719
0.70601
-0.59677
1.88162
1.86786
-0.62560
-0.83734
0.41607
0.69766
1.96044
1.06096
-0.59918
0.39107
0.71057
-0.42056
0.29112
1.45944
0.54840
1.11426
-0.87986
-1.51651
-0.51636
1.02740
2.28377
0.07615
-0.79291
0.86420
1.68582
0.91580
0.59668
0.74043
-1.26399
-1.07751
-0.83170
0.06177
-1.90936
0.83311
-1.11169
0.27869
0.85088
-0.84392
-0.06322
-0.35850
-0.29258
-0.44370
0.89612
0.80357
-0.54581
0.25821
1.26432
-1.14829
-0.17988
-1.08582
0.65517
-0.65731
0.05189
0.51110
-0.13474
0.48883
1.99692
-1.13289
-0.52088
1.37858
-0.94238
0.55671
-0.01853
-0.65972
1.30590
-0.68457
0.33705
-1.17327
1.75473
0.37804
0.82179
-0.90854
-1.42996
1.42028
-0.23809
0.34214
-0.33980
-0.74169
0.31603
1.67736
-0.19813
-0.66580
-1.54069
-1.00056
-1.73223
-0.16518
-1.52788
-0.22225
0.20913
-1.27780
0.01495
-1.14987
0.66980
-1.30351
-0.68176
-0.87426
0.53404
0.34281
-0.22964
-0.19096
0.32344
-0.52753
1.69515
0.80656
0.80940
-0.01740
0.56330
-0.71852
-0.76938
0.75432
-2.90852
0.91359
-0.51122
-0.33261
-0.20634
0.28954
-0.04425
-0.44346
-0.00972
0.59631
0.49413
-0.38747
0.85228
-0.56250
0.12248
1.56984
0.45096
0.87376
-0.67350
0.96037
0.05253
0.18533
0.47291
2.30580
0.77952
-0.20486
-0.37472
1.03118
0.63646
0.20887
-1.65070
0.15351
-1.84127
1.98375
0.09516
0.98813
1.92361
1.17552
-2.39095
0.35131
-1.00824
-0.07046
0.67998
0.48179
1.76598
-0.72212
1.11478
-0.43665
-0.98539
-0.37555
0.60816
0.86403
-0.29316
-0.42068
-1.08763
-1.47415
1.14534
0.30969
-0.48658
0.18755
0.31056
-0.49819
-0.56848
-1.11440
0.57382
0.80941
-1.33259
0.94304
0.94993
-0.20410
-0.54201
0.04493
-0.51037
0.37314
0.37159
-1.06239
-0.32583
-0.14285
0.45148
-2.08057
-0.23422
0.37029
-0.27095
1.20190
1.07003
-1.79762
2.02975
1.30680
-0.75093
-0.80935
0.13863
-0.31302
1.06217
0.01850
-1.28741
-1.14243
1.32899
-1.52453
-0.87407
-0.09148
-0.73497
1.08766
-0.63218
-0.89519
1.03385
-0.90608
-0.22828
0.58087
-0.83372
1.02864
-0.29949
-0.33912
0.99472
0.81993
-0.65434
0.36484
-0.26404
-0.03492
-1.93340
0.29555
0.36365
-0.19477
-1.23882
1.55337
-0.30989
-1.30769
0.72177
-0.86728
0.03972
2.76627
-1.05659
-1.18148
-0.33214
-0.32747
-1.64569
0.34104
1.46351
0.20450
2.53360
0.19144
0.73737
-0.76901
-0.04056
-1.78824
-0.75530
0.03210
0.74266
-1.36032
-0.75160
-0.31580
0.68270
-0.88369
-1.01565
-0.90215
-1.25976
0.06070
-0.21615
-1.47874
-0.31308
-0.95127
-0.00820
-0.49686
0.02312
-0.02462
-1.51163
-0.75182
-0.55076
0.76954
-1.21249
0.55521
1.78398
-0.57500
0.15474
-2.04664
1.95776
-1.00031
0.65065
-0.57550
0.15648
-0.54656
-0.42164
0.84399
1.07536
1.21728
-1.70619
0.30789
-0.10873
1.17099
0.26320
1.19560
0.77826
-2.52980
-1.21469
1.17347
-0.78692
-0.53795
-2.47836
1.02029
0.79660
-2.20533
-2.09596
0.83076
0.49909
0.67555
1.37366
-0.15520
-0.59113
1.91744
-1.20725
0.91626
0.07696
-0.12568
-0.79534
-0.14375
1.69033
1.16249
0.79491
-1.92459
-0.65717
0.93194
0.35791
-0.82945
1.91923
1.65370
0.78452
1.78186
0.44091
0.80252
-0.02562
1.18032
0.09425
0.06951
-0.12966
-1.71466
-1.10543
1.10334
0.54221
1.40955
0.47226
0.54004
0.34850
0.20422
1.32906
0.80769
0.00470
1.75851
-0.40655
-1.74914
-1.33997
-0.05031
0.86637
0.63199
-1.38081
-0.19749
0.08498
-0.64338
-0.74281
-0.45944
0.20056
1.39270
-0.63692
1.56910
-0.72114
-0.40529
0.46176
-0.74050
0.59907
1.97408
-1.27952
1.29567
-1.03984
2.87818
-0.21684
0.51839
0.86868
2.02624
1.34607
-2.67418
-0.25600
-0.92506
-2.77854
0.03641
-0.35356
-0.34898
1.15545
-0.10600
-0.16043
-0.34501
0.89338
-0.33211
-0.55557
1.07050
-0.39263
-0.56058
0.46030
-1.39652
-0.07030
-1.36925
-1.05391
0.40449
-0.60584
0.87468
-1.43800
-0.05367
1.19728
-0.11002
1.78692
1.21721
0.80741
-0.39953
2.78141
0.72181
0.02649
-1.97928
1.63708
-1.99436
-0.73669
-0.25627
0.99465
1.33173
-0.79505
-1.65376
-0.47625
-1.77943
-0.13677
0.24626
1.24047
-0.82978
0.23743
-0.41995
-0.69119
-0.49661
-0.47587
-1.13059
0.28594
0.34505
-0.90267
-0.85236
0.36773
0.39131
-1.29742
0.30800
0.22703
-0.18105
-0.04204
-2.08965
1.14920
-0.53407
0.31607
0.13341
1.33454
-0.68620
0.98539
-0.47469
-0.58306
0.23606
0.46507
-1.45523
0.29792
-0.02241
-1.04976
-0.92988
-1.97440
-1.83310
0.08630
0.09355
0.43435
-0.26315
0.48775
0.59328
0.78987
-2.11972
-1.51265
-0.47152
1.15446
-0.71621
1.18099
0.43768
0.86996
-0.16686
0.61758
0.68246
1.32583
-0.44715
0.38976
1.22794
-0.52679
-2.23004
-1.67398
-0.82525
0.63488
0.59083
0.50757
0.21408
1.24846
1.04609
0.79479
-1.14321
-0.03554
1.22637
-0.23544
-0.18580
0.96678
-1.91207
-0.25336
-0.53345
-0.58873
-0.48445
-0.00716
-0.29066
-1.35555
-1.52030
2.49324
-0.24017
1.10045
1.01601
1.83483
1.32290
1.63274
-1.07204
0.03399
0.04017
0.56394
-0.34162
0.30854
0.16343
0.32215
0.86913
-1.00037
0.08535
-1.25409
-0.39156
-0.31484
-1.64772
0.52446
-0.47781
0.44951
-1.20755
-2.20457
-0.70136
-1.21566
2.11436
-2.23162
0.94669
-0.95861
1.89519
0.65057
-0.17094
0.52229
0.65313
-0.08845
0.30286
-0.06851
-0.72064
0.90763
1.33689
-1.17375
1.52910
-0.36994
-0.36733
-0.48568
0.18818
-1.29133
0.57487
-0.38109
-0.55277
1.02149
1.18401
0.56566
-2.44060
-1.72703
0.44490
-0.18981
1.42293
-0.98913
0.51267
1.66597
0.71926
0.61437
-1.11556
1.00652
-0.04330
-0.32689
-0.95908
1.74961
-0.82264
-0.26540
1.52922
-1.59092
0.27409
1.38023
-0.62193
-0.75039
1.36785
0.21525
0.88376
-0.15280
-0.92222
-1.55139
-0.49952
-1.17247
0.73321
-0.33445
0.28382
1.54427
0.48155
-0.67788
0.03295
2.36252
-1.10047
-1.19264
-0.60341
0.28406
-0.17654
0.36087
-1.26582
-1.93096
0.63505
0.08653
0.83818
-1.51263
-0.08167
0.75859
-1.54514
0.01866
0.72749
1.83447
0.12770
-0.59719
-0.19629
-0.48073
-0.26862
-0.46477
-0.54371
-0.68445
-0.08169
0.39121
0.11289
-0.20198
-0.23621
0.59694
0.15728
0.45530
-0.81976
-1.02468
-0.46736
-0.82809
0.28419
-1.04394
-1.44954
0.05395
1.06566
0.55257
0.09075
0.01435
1.63843
-0.90880
-1.00395
0.16536
0.11661
-1.92414
1.92723
1.30593
-0.13742
-1.05137
0.64017
0.40025
-2.28381
-0.67921
-0.57292
0.61437
-0.39822
0.43859
0.26471
-0.25445
-0.33629
-1.60830
0.24405
-0.47662
-1.45778
0.94016
-0.99791
-1.09207
-0.77318
-0.95628
-0.63990
0.91879
0.03854
-0.36034
-0.59764
1.32373
0.67195
0.59875
1.86374
-0.26374
0.09446
-1.91975
-1.29334
0.97840
-0.57715
-0.21055
0.28337
-1.42136
-0.57552
0.56546
0.43220
0.23143
-0.63791
0.83475
-2.13702
-0.65931
-0.72106
1.12988
-2.05753
0.07112
0.51293
0.05768
-0.60040
-0.44687
1.14481
0.38193
-3.32810
1.50748
0.31607
-0.93778
-0.37950
-0.08669
1.46423
0.19186
-1.49599
1.35255
1.33640
-0.89345
0.69383
0.80910
-0.89163
0.54248
0.32138
0.01594
1.04411
0.78521
-0.52204
-2.74281
-1.41568
-0.93052
-1.69616
-0.30594
1.29835
-0.19210
-0.71225
0.63640
0.28777
0.73365
1.88397
0.37907
1.32203
-0.08648
1.20680
1.54929
0.63957
-1.32882
0.46715
0.98842
-0.24561
0.28504
-1.16269
-1.15223
-0.33908
0.86659
-2.40036
1.22312
0.15295
2.40030
-0.30170
-0.21082
0.09960
1.25829
-1.46190
1.09841
0.02241
-0.51168
-0.84744
-1.01811
-0.76681
-0.18974
-0.99620
-2.38705
-1.14666
-0.68810
-0.42364
-0.86787
-1.59327
-0.54411
-0.16694
-0.80728
-0.04941
-0.63891
-0.25201
0.98449
0.61228
1.27558
0.93157
1.72913
-0.37049
0.05699
-2.82758
0.05954
-1.42276
0.66122
-0.33684
-1.96685
2.77668
-0.72430
0.10190
1.37171
0.98552
-0.64260
2.10499
-1.08221
-1.68108
0.53470
-0.44080
1.14034
0.09201
-2.33452
-0.59680
1.06672
-1.34246
-0.54769
1.08548
0.43718
0.68093
1.12471
0.66415
-0.85026
0.12543
0.90249
1.01072
-1.14682
1.40268
-0.70714
-1.57155
-0.14263
0.59128
1.71608
-1.27474
-0.24748
-0.33416
-0.32298
1.96626
0.54524
-1.40500
0.88736
-0.14029
0.10540
-0.14178
1.34127
-0.13562
-0.02390
0.36022
0.13418
-0.99015
0.64450
0.77844
-0.89394
1.07228
-1.79253
1.72301
1.80657
0.73854
0.67683
-1.12858
-0.59634
-0.76708
0.35969
1.57635
-0.77525
-0.15052
-0.84620
-1.05107
-0.06407
1.11509
-0.17797
0.46370
-1.05332
0.39161
-0.72405
0.43996
-0.51081
1.19151
-0.56913
-0.30222
0.11564
0.15218
-1.37681
-0.14290
-0.46730
-0.37220
0.40932
0.42763
-0.52623
0.30014
0.06354
0.24300
0.50768
-0.34994
-0.55208
-0.68194
1.01271
-0.29225
-0.63478
-0.57907
1.73750
0.14853
0.01595
0.85145
0.53057
0.75650
-0.03520
-1.40268
0.46609
-0.85433
-0.50044
-0.09621
0.06311
-0.07075
-0.28516
-0.17529
0.61172
1.73541
0.16780
-1.27842
0.69833
-0.16201
1.26181
-0.52259
-0.70587
0.02943
-1.48779
1.19087
0.76409
2.11688
1.52098
-1.17212
0.29612
-0.23408
-0.68161
1.14183
0.07874
-0.23790
2.89675
0.65206
0.44044
-1.13703
-1.57994
-1.01112
0.28215
-0.11463
-1.10447
-0.51112
0.82285
-0.97583
0.20828
-0.70195
-0.41525
-0.75978
-0.11174
-0.59270
-0.70377
-0.24709
-0.72665
0.02602
0.23481
0.99625
1.19889
2.68507
1.86510
2.94531
0.13033
0.43870
-0.39717
-1.04924
0.08585
-0.33932
1.36869
-1.27343
-0.84536
0.62273
0.04705
1.07426
0.34077
-0.07387
-1.61357
0.40966
0.10035
-0.40267
-0.66151
1.10013
-0.27468
-1.26421
-1.24039
0.45751
0.03473
-0.61500
0.14031
-1.04821
1.39995
-2.04757
-2.90258
-0.07108
-0.24511
-0.76925
0.43950
1.26759
0.82732
-0.41725
0.08828
0.39054
-1.12859
0.64687
0.16462
-0.05027
0.60804
-0.54849
-0.81376
0.28870
-0.22566
-0.72446
0.48433
0.26451
-0.55299
0.01195
0.93878
1.83679
0.65778
-0.80933
0.11821
0.22769
0.37360
-0.88738
0.21059
-1.01319
-0.94091
0.33483
1.44488
-0.06280
-1.29224
-1.26125
0.75046
-0.24468
-0.03064
1.01694
-0.47600
-0.48948
-0.31535
-0.16868
0.47904
0.96104
-0.03727
-0.13118
-1.16953
1.34936
-0.41256
0.64878
-0.68935
-1.40332
0.27503
-0.78463
-0.18339
-1.14021
-0.04283
-0.73785
-0.48188
0.01019
1.02296
-0.18532
0.66862
-1.78834
2.09750
-1.06103
0.57577
1.08004
2.35749
-0.39277
-1.22870
-0.80678
1.33639
0.64258
-1.47553
-0.72418
-0.82141
-1.47758
0.10944
2.00083
0.05934
-1.70729
1.53156
0.19976
0.54835
0.49195
0.78292
1.20439
1.26370
-0.34119
-0.12180
-1.06291
1.15716
-1.50693
1.27753
0.90326
-0.67651
-0.32370
-1.16177
-0.03990
0.67154
0.58897
0.76893
-0.19323
-0.43953
0.61986
0.46953
-0.68656
-0.80596
0.37035
1.11821
0.33692
1.31969
1.72177
-0.40598
-0.49274
-0.28091
1.01262
-0.75708
0.59918
0.38823
-0.54775
0.02491
0.46215
-0.13594
-2.03916
-0.25710
-1.39932
0.71840
-0.26150
0.43692
1.44729
-0.62386
0.51425
0.25248
1.05945
-0.29664
0.26811
-1.26993
-0.11788
1.26485
0.61094
-0.70631
1.52146
-0.29609
-0.87805
0.32742
1.98387
1.06201
-0.43153
-0.64029
1.10794
-0.94717
0.52904
0.73650
0.61667
1.60175
0.46593
0.13165
-0.61643
1.47655
-0.91322
1.27550
-0.26030
-0.53771
0.34855
1.02051
0.90926
-0.74643
1.32771
-0.48286
-0.99240
0.85051
0.59243
1.77018
-0.62403
0.55758
0.60138
-0.03986
-1.60009
-1.03912
2.53614
-0.10759
-0.91138
0.38613
-1.14618
2.26976
0.70258
-0.46538
-0.81359
1.37846
1.57128
-0.42746
-0.55716
-2.62732
-1.13108
-0.13167
-2.47631
-0.36529
-0.62685
0.08647
-0.50424
-1.32893
-1.68096
-0.22423
-0.60303
0.93089
-0.28543
-0.45054
-0.87018
2.33068
0.82995
0.69180
0.32128
-1.13893
-0.85774
-0.40279
-0.16534
-1.41982
0.58389
1.77184
0.29554
0.05658
-0.62225
0.15286
-0.05157
1.43273
-1.60421
0.12688
-0.92052
1.67384
0.81180
3.04958
-0.25764
2.05586
0.12534
-0.08037
-1.22185
0.47635
-1.22953
0.31793
-0.22752
-0.06390
-1.08741
0.99641
-0.45491
0.48095
-0.96153
-1.61777
-0.07789
-2.11203
-0.46613
2.25469
0.19936
0.19803
0.39773
0.61958
-0.08485
0.03570
0.03115
-1.34123
0.43043
-0.50785
0.30004
-0.04980
-0.76358
-0.66923
0.61761
0.10254
-1.10941
-0.22191
0.48688
0.21214
-0.48137
1.26433
0.66383
-0.77411
1.40000
-1.05210
-2.14930
-0.82083
-1.51256
-0.69277
1.54968
-2.19619
-0.10620
-1.16537
-0.53223
-0.29661
0.80831
-1.69133
0.46941
-0.23127
-0.46564
0.48722
-1.12569
1.14377
-1.31392
-1.85954
-0.54330
-0.29321
-0.71090
0.41049
-0.33211
0.32513
0.08537
-0.75206
-1.25838
-0.73743
0.68091
1.06928
1.55239
-0.15513
1.46286
-0.26245
-1.33247
-1.05530
-0.71876
1.34512
0.15403
-0.77849
-1.56136
-0.08811
-0.93008
-0.12875
1.38884
0.19105
-2.33146
0.11702
0.91765
0.31390
-0.86075
-0.24710
-0.00439
-0.90501
-1.46190
-0.67553
-0.02240
1.84605
0.20844
0.91907
-0.61928
-0.92647
-1.99695
1.19529
-0.10707
1.29589
0.95757
-0.65435
-2.23158
-0.08089
-0.93161
0.53123
-0.12640
-0.94138
-0.65257
-1.34168
-0.66196
0.35506
0.20303
0.66401
-0.16873
-1.06436
-0.22443
1.24100
-1.03760
-0.93815
0.72651
1.78443
-0.73276
0.63010
0.17555
0.41346
-0.05859
-0.65598
-1.21665
0.57063
0.14759
-0.33575
1.69086
-1.52783
0.75013
-0.56425
0.52010
0.47881
-0.43523
0.66992
0.28565
-0.74969
-1.49283
-0.13682
0.32049
-1.55886
0.87992
-0.73022
0.22066
-0.16128
0.35003
0.27913
1.17831
0.08829
0.07016
-0.53775
-0.17845
0.87094
-0.52967
1.43162
-0.63501
0.02565
0.17187
0.96932
0.98188
0.24504
-0.08441
-1.26844
-0.68952
-0.60608
-1.00119
-0.62884
-0.08454
1.50910
0.35432
-1.45322
-0.95055
-0.49817
-0.97281
0.96585
1.07378
0.65003
-1.19206
0.44082
0.33664
-0.04917
0.43720
-0.10453
1.54808
0.72341
-1.25229
-0.27306
-0.41133
-2.42782
-0.42727
-0.56782
0.54445
-0.17916
1.07344
-0.66950
0.38096
-0.46934
-0.40689
1.70941
-1.13427
0.53737
1.44979
1.52130
0.45769
0.45005
-1.22960
1.34084
1.44635
-0.08193
1.00552
0.26548
0.29415
0.25431
-0.29082
-1.76431
1.22702
-0.23336
0.20914
0.12075
-1.42725
-0.27845
0.02603
0.63436
-1.37330
-1.58825
-1.28986
-1.24163
3.31478
-0.61383
-0.82077
-0.69319
0.73712
0.15309
1.37717
0.50238
-0.92649
0.34796
0.54501
0.09832
-0.01296
0.06589
0.39974
-0.15336
0.57910
-0.46544
0.77144
1.09157
-0.06519
1.22678
1.15685
-1.83098
-0.23565
0.33502
-0.68633
0.08541
1.11683
-0.39498
0.38768
-0.65496
0.99982
-0.23835
-0.24706
-1.12305
-0.92742
-1.51975
-0.39683
-0.26186
-0.57791
-0.51053
-0.51923
-1.13369
-0.39635
1.83195
-1.87757
0.02765
0.08782
-1.36749
1.62500
-1.14298
-1.25553
-0.77767
-0.84443
-1.98161
-0.72995
0.48635
-0.23948
-1.10212
0.67152
-1.60536
-0.04701
-0.64390
-0.57773
-0.38550
-0.22323
-1.37474
1.44450
0.54486
1.45614
-3.60828
0.26537
0.73012
-0.96489
-0.62118
0.70473
0.84846
-0.19154
0.28576
0.58008
-1.24148
0.12880
0.33114
1.10292
0.82972
0.18126
1.50733
0.41078
0.07931
-0.68930
1.66816
1.44015
-0.00275
0.23613
-1.81606
-0.66837
0.03296
1.44594
1.50343
-0.01357
-0.24502
-0.81592
-0.68992
-0.10910
-0.36665
0.59262
-0.71344
1.42724
0.38255
-0.58100
0.50273
0.91379
-1.09201
0.36953
1.75757
0.05563
-1.50561
-0.51845
1.77334
1.42228
-0.46384
-0.02090
2.76658
-0.25568
-0.31122
-0.68161
0.87806
-0.66985
0.90469
-0.51091
-0.44407
1.49633
-0.61903
-0.12945
-1.39731
0.79329
0.05776
-0.34879
-0.90392
0.14066
-0.34076
0.28296
0.88867
-0.07079
0.03548
-0.14411
0.43766
0.89929
2.15237
1.05529
-1.66438
0.26650
-0.96930
-1.06077
-0.57393
1.49327
0.24847
1.18863
0.54589
0.20499
-1.23610
-1.03399
0.48471
-0.55247
0.94697
-0.81110
-0.25681
0.42631
-1.29528
1.42702
-0.33470
-0.54990
-1.57364
0.74805
-2.62977
-0.30142
-0.11384
-1.63845
0.31706
-2.31683
-0.22491
0.61270
0.23553
0.11391
-0.16540
-1.14944
1.36013
-0.20830
-0.23257
-0.60476
-0.24851
0.61007
0.70630
2.09245
1.08320
-2.08135
-0.66545
0.91901
0.20972
1.07996
-1.33349
-1.03221
-0.39301
0.68899
1.36772
0.56044
0.42030
0.18735
1.61265
0.88556
0.26360
0.25356
1.47805
0.03277
-1.14913
0.76111
-0.77444
2.05928
-2.11330
0.72819
1.59846
-0.83791
-0.27934
-0.83844
-0.34673
2.00506
0.95533
0.39832
1.32110
-0.64730
0.36413
0.67812
0.83310
-0.28156
0.11854
-0.68562
-0.52313
0.18573
-0.97695
0.21135
-0.71217
1.72204
0.60508
0.62454
0.12845
-1.36752
-1.78025
-1.29904
0.41478
0.55318
0.53619
0.87924
-0.63567
-0.38150
0.70161
0.56949
0.42950
-0.91943
-0.40876
1.45143
-0.79704
0.01128
0.26675
0.18433
-1.37412
-2.30733
-0.99651
-0.31605
0.07807
-0.59408
0.30281
-1.01639
0.51223
0.74677
-0.11128
0.47453
-1.70976
1.45837
-0.97096
0.51469
-0.47721
-1.59382
-0.42044
-2.00515
2.61774
1.12330
-0.42380
0.61497
0.57306
-1.60264
1.48997
-0.62993
-2.07782
0.07120
0.05991
1.77080
1.25784
1.21797
-0.01997
-0.25322
-0.84123
0.83969
0.16938
0.52051
-0.40027
1.21283
0.59417
0.06700
0.24712
0.03847
0.45225
-0.80357
-1.44630
0.09112
-0.32676
0.99108
0.90723
-1.37722
-0.84960
-0.11125
1.69437
-1.95829
-0.53138
0.22724
1.13016
-0.61846
-0.08084
0.22130
0.40839
-1.01020
-1.22483
0.34470
-0.56021
0.71660
0.35695
1.43573
0.03886
1.21649
-1.43480
-0.58890
1.84175
-0.15923
-0.90117
-1.44841
0.44299
0.05630
-0.07163
1.53734
1.41083
1.28832
-0.05798
0.36914
0.47662
-1.22699
0.56571
0.31316
0.94609
-0.27739
-0.62415
-0.78922
0.19668
-0.60263
0.92932
0.49703
-0.34646
0.55757
-0.69155
0.60602
0.38492
-1.72653
-2.86322
-0.45984
0.29245
-1.04330
0.49557
-0.67051
-1.27597
-0.37683
1.98794
0.36330
-1.00882
0.77628
-0.10915
1.11087
-1.20895
0.21640
0.04825
-0.18143
-0.14612
-0.72706
-0.56032
1.05578
-0.01997
-0.90067
-0.34729
-1.15500
-0.70925
0.39569
-0.33999
-1.97733
0.29346
-0.43172
0.58726
-0.69593
-1.15574
-0.30071
-2.09029
0.83858
0.56693
0.84778
2.10158
-0.16678
-1.31949
0.20056
0.63531
0.71909
-1.45173
-0.61463
-0.06227
1.16639
1.28451
-0.21241
-1.08013
-0.88643
-1.90281
2.96140
1.90112
0.04462
0.35087
-0.17293
-0.52021
1.32144
-0.71137
1.14248
-1.90510
0.19396
1.07885
-0.56639
1.12836
1.00633
-0.01466
-0.26879
2.26670
-1.80764
0.67241
-0.14306
1.26824
-1.53709
-0.33607
1.30562
0.33633
0.90410
-0.59138
-1.06395
-1.30273
0.37576
-0.00606
1.36851
2.18257
-1.30242
-0.58286
0.16086
0.59954
0.49830
0.17598
-0.48705
-0.47574
0.13727
-0.36477
0.39601
0.36241
0.69590
-0.36354
-0.84663
-0.77627
-1.33279
-1.80695
1.94980
0.30930
-0.49285
0.22527
-0.21657
-1.67495
0.56797
-0.46048
0.53922
-0.80573
1.99457
-0.73474
0.34226
-0.49987
0.15821
-1.31342
-0.21086
0.68833
0.49154
1.45634
2.07179
-0.86701
0.17369
-0.67170
0.52905
-0.43202
0.55491
0.65640
0.41316
0.86750
-1.30502
1.02226
-0.07426
-1.09874
0.19982
-0.40477
-0.44028
0.99164
-0.15204
-1.17862
2.92436
-0.93969
-1.42166
0.61508
-0.12219
0.34343
0.13295
0.52106
0.78268
-0.31064
-0.61739
-0.01267
-1.96960
-0.60841
0.85040
-0.06907
-1.23849
0.56472
-0.54629
0.97342
-0.48669
-0.03518
-2.08723
0.52822
-2.45371
-1.13126
-1.88847
0.21608
-0.46790
-1.26913
-0.15572
-0.34045
-0.62623
1.16443
0.13971
-1.04133
-0.18284
0.39384
0.30508
-0.75646
-1.02225
-0.93734
-1.25347
-0.50898
1.02858
-2.44559
1.51593
0.06820
0.61718
-1.71368
-1.34671
0.02012
0.08779
-0.15168
-0.76916
0.17140
-1.08660
-1.11529
-2.12160
-0.53944
0.11302
2.29852
-2.09674
0.74244
0.55458
-1.25539
-0.10641
0.13167
-0.35225
0.04100
1.12790
0.82688
-0.35295
-0.43305
-0.20782
-0.25644
1.07802
-2.65520
-2.67660
0.26714
0.50032
1.10588
-1.34521
-1.16644
-0.16276
1.51571
1.19046
0.38325
1.12521
-0.19839
0.32019
-0.24264
-0.38559
0.60848
-0.04850
0.30587
-0.09971
-1.85534
0.68841
1.15636
1.03716
0.77091
-0.56997
0.55834
-0.54145
1.99792
-1.02432
1.49248
-0.62385
-0.98430
-0.07613
-0.95959
0.91002
0.26379
0.01762
-2.59646
-1.45694
-0.50942
-2.47751
0.23009
1.80681
-0.47691
0.12507
-1.06698
-0.32963
1.30636
-1.95022
1.81633
0.01414
-0.56836
-0.71535
-0.03509
-0.85406
-1.71923
0.38047
0.61684
-0.63354
-0.13580
-0.33727
-0.27904
-0.64367
2.84673
1.20630
-0.85189
1.04388
0.14589
-0.15051
0.13348
0.81458
0.90075
-0.57448
-0.02278
-0.40569
0.83784
-0.22474
-2.40854
1.67409
1.81914
-0.32159
-0.57928
-0.37094
-1.94876
-0.21475
0.56180
-1.56720
-0.71955
0.42291
-0.74514
0.08163
-1.52009
-1.39284
0.06790
-1.61652
-0.24942
-0.27076
0.23877
0.27942
1.08201
0.65301
-0.61131
-0.08883
-1.73872
0.58398
-0.80832
0.40577
-0.45113
-0.39332
-0.50398
-1.90708
-1.22827
-0.86828
1.26003
2.07193
0.69128
1.21587
0.35521
0.57780
-0.90864
0.68689
0.30764
-1.24424
-0.29837
-0.66293
-1.18116
0.18257
-1.80202
0.08961
1.53119
1.08424
-1.67255
-0.97856
-0.17731
-0.33329
0.33511
0.16511
0.39389
0.44683
-0.04343
0.85221
0.09782
-1.60265
2.57636
-1.88155
-0.98793
0.04442
-0.96806
-0.34089
0.44980
-1.01363
0.36132
0.35999
0.98250
0.78432
0.60259
2.63545
0.89685
-2.09051
0.45919
-1.57470
-0.94618
-2.99661
0.47547
0.85024
0.13369
0.27953
-0.07157
-0.46685
-0.22159
0.48562
-0.14460
0.39806
0.97916
0.77647
-2.39221
1.87263
0.23315
0.23502
-1.08261
0.09163
0.79452
0.68275
0.60064
-0.30744
1.34082
0.42267
-0.18130
1.69464
1.46006
1.46916
-1.12257
1.06460
-0.09559
-0.24570
-0.04394
0.66976
0.11182
0.72195
1.63524
-0.29565
-0.15048
1.29864
0.31400
1.26053
-0.15196
-1.51017
1.08382
0.84480
0.90632
1.79485
0.00067
0.51263
0.80223
-1.13342
-0.86739
-0.58134
2.40952
0.34852
-2.46044
-1.02499
1.38229
-0.81430
-0.02868
0.26425
-1.05333
1.20688
1.35922
-1.23403
0.28754
0.30629
-0.21542
0.07546
0.07650
0.10565
0.91787
0.38026
-1.32762
0.00683
0.05983
-0.93991
-0.56796
1.47912
-0.28280
-1.78439
0.71195
-0.84537
-0.85008
0.07863
-1.57561
0.81906
0.65917
-0.58304
1.44188
-0.82393
0.79212
0.23609
0.91390
-0.81230
-0.94025
-1.79172
-0.61997
0.78111
-0.26585
0.68766
2.12621
1.38524
1.18777
0.18913
-0.74242
-0.65122
-0.51481
0.36934
0.48472
-0.50320
-1.02235
0.25845
0.81937
-0.10936
0.83476
1.14805
0.69836
-1.21020
0.75266
1.23623
-0.11135
-2.44430
-0.14014
-0.00141
-0.65876
0.17611
0.26347
0.65871
0.82174
-1.16580
1.02034
1.12254
0.70486
-0.30990
0.44951
-0.62445
-0.13932
-1.59405
-0.71998
0.50873
0.65118
-1.92813
-2.24275
0.16068
-1.99229
-1.51528
-1.97411
1.85233
-0.24568
0.08360
0.45430
-0.58475
-0.63592
-0.15474
-1.31124
0.09321
-1.60368
0.24404
-1.19873
0.09845
-0.18181
3.28648
0.10027
1.29023
-1.38626
-1.30488
0.15396
-1.02168
-0.52349
-0.08262
0.99148
0.75170
0.30442
1.03834
-0.87353
-0.67090
0.96202
-0.68885
0.79865
0.69581
-0.37798
0.91609
1.44640
0.32922
1.82250
-2.18582
0.00093
1.18368
0.65528
-0.92615
-0.03722
0.76328
2.04386
1.03234
1.91526
0.33484
-0.55905
0.60507
0.21277
1.32891
-0.49924
-0.09727
-0.41009
2.79993
-1.50330
-0.89654
-0.19996
-1.51609
1.76502
0.38064
0.05283
-1.26151
-0.95933
0.65424
0.98337
-0.52389
0.36042
0.49271
-0.04201
-0.19483
-0.27702
-0.36977
0.85806
-0.75880
0.95107
0.19445
1.25544
1.47991
0.68918
-0.82456
0.52021
-1.09107
-1.48603
0.19152
0.59856
0.08638
-0.41769
-1.10469
-0.07379
-0.53722
0.79972
0.32277
0.78676
0.33821
-0.47574
1.88464
0.66948
-1.02256
-0.06408
0.69209
-1.00087
-0.94101
1.20049
-1.25270
1.08560
-1.96332
-0.04153
0.97679
0.08695
0.13557
0.82520
-1.30340
1.00498
-0.36490
1.34476
-0.40772
-0.75631
1.47721
-0.01697
1.01147
1.51902
-0.86775
-0.13626
1.18276
-0.47192
-0.97342
-1.63114
0.25569
0.66087
-0.67016
0.37627
-0.77333
-0.36578
-1.68166
-0.80572
-2.63355
-0.60059
1.06071
1.19213
1.03380
-1.00583
-0.23335
0.25626
1.30989
0.38009
-1.05272
-0.36079
-0.03674
-0.42372
1.50533
-1.13618
-0.32276
0.09538
-0.28005
0.30751
1.09682
-0.65093
1.80693
-0.56218
-0.01555
0.35908
0.04458
-0.55534
0.53666
-0.23484
-2.60975
1.58991
0.29062
2.34785
1.85762
-0.80957
0.46955
0.68682
-0.03810
-0.18082
0.20918
-0.44772
-0.77759
0.92697
-0.33737
-0.92588
0.45317
-0.40043
0.12731
-0.27131
1.26251
-0.08827
1.06241
1.39748
1.31705
0.18076
0.72667
0.15064
0.29241
0.96093
0.55915
-0.60674
1.01613
0.24364
0.36997
-0.19550
-1.40843
-0.78241
0.25945
0.06131
-0.60093
-0.79290
-0.96172
0.38896
-1.33410
-0.35069
0.61019
-1.44814
-0.44714
-1.10869
-0.33759
-0.05875
-1.05463
-0.58712
0.17013
-0.81574
0.05695
1.56735
-0.29550
-0.57173
0.54980
0.15088
-0.67063
-0.64208
-0.15938
0.31492
-0.79791
-0.18721
-1.48433
1.19877
0.64950
-0.27988
-1.16733
-1.40380
-0.39854
0.81332
-0.02020
0.75539
0.17366
1.26737
0.75827
0.56667
0.57672
0.86927
-1.62803
-0.52554
-0.68660
-0.14501
2.12693
1.59699
0.11210
0.18111
-0.29350
0.73216
0.62455
-0.89093
0.79277
0.82390
-0.09134
0.50114
2.13011
0.56836
0.71855
-0.31362
-0.06292
0.99025
0.46156
-0.46123
-1.17170
0.06372
1.07104
1.27785
-0.31111
-1.86916
0.47253
1.49676
-0.72883
-2.06098
0.57128
0.15557
1.65407
-0.29544
-2.88127
-0.15882
-0.22364
-0.03406
-0.89017
-0.01905
-1.48729
-0.16366
-1.70430
0.34598
0.86713
0.27303
-0.35693
-0.21044
0.19217
0.29104
1.13670
-0.43956
-0.03364
-0.02876
0.05827
-0.50619
-0.37396
-2.14924
-1.13325
-1.90988
-0.04383
0.51881
0.07374
0.07291
1.13022
1.55572
-0.34013
-1.40604
-0.82083
-0.43295
-0.15042
1.36551
-0.65223
-0.67073
0.18256
0.36919
0.29095
-0.39964
-0.06287
-0.86421
-1.46968
1.54553
0.36124
-0.00241
-0.60412
-0.05077
1.03861
-0.01414
0.10998
0.86513
0.83100
0.05389
-0.19595
0.76502
-0.05084
-0.29599
-0.28607
0.57486
0.23625
0.84580
-0.72381
-0.14819
-0.80509
-1.65287
0.21169
0.56395
0.50655
-0.43822
-0.03883
1.92012
-0.94253
0.70016
-0.07648
1.22037
1.43670
-1.16629
-0.17017
0.06030
0.90002
-0.42996
0.18493
-0.57731
0.33882
-0.22709
-0.61437
-0.95948
0.63646
0.62470
-1.01197
-0.60071
0.78890
-0.26050
0.63628
-0.37333
0.28453
-0.89449
0.89663
0.36644
0.34933
0.77973
-0.24383
0.87533
-0.47284
1.22966
0.37938
-1.85165
1.68227
-0.13638
-0.04508
1.92077
-0.87969
-0.13593
0.47503
-0.20663
-1.82899
-0.87412
-0.51939
0.59626
-0.37223
0.21894
0.76620
1.69621
0.17619
-0.58229
0.42712
-0.16318
0.55412
0.19226
1.70648
0.33789
-0.80218
0.44497
-1.00197
0.38318
-0.43624
-0.62709
1.07422
-1.50157
-0.95540
1.19543
0.37178
1.96436
-0.48843
-1.90310
-0.40441
0.71289
1.01966
0.12958
-1.67926
-0.16484
-0.86901
-1.34489
0.41562
0.82094
-0.28060
1.53838
-0.90315
-0.87644
-0.62464
0.76051
1.59423
1.06476
-0.27800
-0.09789
-0.01006
-1.38228
-1.46386
2.32641
-0.46782
-1.12679
-0.75643
-0.23938
-1.13940
-0.54499
0.76783
1.18910
-0.12093
0.24294
-1.94943
0.44021
0.69425
-0.10281
0.11202
1.47553
-0.98412
-2.24250
0.98041
0.03531
1.62085
1.34111
-1.49490
0.81744
-0.66510
0.43156
1.72623
-0.40445
1.78978
1.07458
-0.49678
-1.25078
-0.12273
-1.63285
3.32705
-0.38473
-0.62199
1.25281
-0.14110
0.83254
0.19241
1.03989
-0.38430
-1.52170
0.58571
0.48332
-1.01599
0.25685
2.15948
0.47526
1.66925
-0.11870
0.45546
2.14189
2.58340
-1.52166
0.70487
-0.38060
0.71093
0.50128
0.37932
-1.72563
-0.84650
0.51023
1.21896
-1.86054
1.12830
-1.14507
-0.65914
-2.00397
0.58463
1.41908
1.88296
0.21535
-1.76380
0.10396
0.75224
-0.39673
1.04756
0.10055
0.99582
0.51222
-0.98786
0.34583
-0.66670
-0.20367
2.86165
0.75962
0.80133
-0.69804
-1.57105
0.04736
0.67140
-0.95529
-2.02009
0.74781
-3.14084
-0.56792
1.71874
-0.30313
-0.60972
0.82760
-0.62063
-0.79060
0.34284
-0.71740
0.28123
-0.43121
-1.20097
0.65600
1.47053
-1.00730
-0.42480
-0.99526
0.05828
0.52094
1.10683
0.66864
0.00532
0.18811
0.89953
0.14761
-0.89199
-1.73965
0.53791
0.14668
-0.18463
1.42224
0.62578
0.00950
0.24236
1.09264
-1.18030
-0.86208
0.42450
0.13445
-0.28250
-0.58509
0.03606
1.27957
-0.18672
0.19229
-1.16210
-0.77663
-1.17849
-0.73401
-0.97766
-0.45563
1.30148
0.16863
-0.73957
1.70678
0.64471
-0.93764
0.10959
0.82649
-1.01785
-1.30167
0.18423
-0.10512
1.03635
-1.44848
-0.45747
0.52646
1.29292
0.12271
0.14565
-0.56126
0.21292
-0.75002
0.45549
-1.19570
-1.32151
0.01626
0.50947
1.43519
0.29805
-0.82910
-0.04250
1.40597
1.01426
1.68407
-0.92644
-0.61716
-0.07786
0.02072
-0.97386
0.28162
-1.43290
0.74993
1.68986
-0.61587
-0.45803
0.61928
0.21826
-1.09172
-0.84004
1.44382
0.81163
-0.66680
-0.42214
-0.69624
-0.60618
-1.96668
-0.62629
-0.70413
0.57489
0.27346
-0.17691
1.85833
-0.47277
-0.01237
0.97941
1.69936
-0.45291
0.78315
-1.56530
1.65169
-0.17277
-0.83378
-1.32386
-0.36453
-3.68966
-1.15754
-0.24225
1.60895
-1.59343
1.08046
-0.51868
0.65788
-0.42862
0.39206
-0.25138
0.18088
0.46110
-0.75280
-0.01829
0.45425
-1.33849
0.79752
0.63780
-2.58043
0.15503
-0.23227
0.35873
-0.27000
-0.78359
-0.01505
-2.07091
0.40232
-1.04035
-1.41350
0.52365
2.03124
3.19110
1.23891
-0.79644
-0.42105
1.20378
1.26027
0.32434
-0.01041
-0.84096
2.05519
2.23504
-1.39468
0.15266
0.99248
-0.58212
1.99341
-0.16988
0.27074
-0.07159
0.42418
-0.64234
0.50983
0.01208
0.65321
-0.82546
-0.24357
-0.61203
0.58367
0.36384
-0.92892
0.12274
-0.30161
0.78656
0.74325
0.72169
-0.40134
-0.65133
-0.36329
0.00835
0.42680
-0.46088
0.18403
0.04139
0.77373
-0.77874
-1.14655
1.60155
0.86552
-0.36143
-0.53377
0.44826
-0.17957
0.71036
0.42130
-0.43693
-0.16246
-0.24784
0.70055
-2.35884
-0.76771
-0.71703
0.07230
2.24175
-0.81595
-1.18804
0.32574
-0.26916
-0.68780
-0.03702
1.11112
0.34194
1.76139
0.09257
-0.04485
-0.07729
-1.06830
1.62886
0.42194
-0.86591
0.68302
-1.34702
-0.67473
-0.42225
-0.51460
-0.44266
-1.58342
0.06634
-0.32226
0.13100
0.01934
2.33276
-2.22606
1.92874
-0.05618
0.39445
0.67494
0.86161
-0.68517
0.57851
0.55893
1.17485
-0.09510
-1.52382
0.62386
0.96862
1.73946
-0.11811
0.98779
0.39475
0.37529
0.28053
-1.06107
0.40290
0.57593
0.49883
1.02706
0.27770
-1.14086
0.99656
1.78126
-0.30899
-0.08346
-0.74408
1.28724
-0.81525
-0.57255
-0.66461
0.90535
-1.36780
-0.68372
-0.27011
0.18613
-0.42464
-0.63147
-1.92386
0.91173
0.68980
-0.49024
-1.61128
0.74499
2.77446
-0.44907
1.35857
-1.10515
-0.76693
-0.56830
-1.34641
-0.70103
-0.36586
-0.94444
-0.34927
-0.13574
-1.12002
0.63238
0.72725
0.22092
-0.06064
0.74191
0.04095
-0.70784
-0.38284
0.25837
-0.14675
0.53755
-0.80484
0.68206
-0.90883
-2.14584
-0.70723
0.79601
0.65788
-0.31528
0.70205
-1.42961
0.05329
0.06753
0.94180
-0.31693
-0.88243
0.11025
-1.89506
0.22223
1.08922
-0.74043
1.37613
-0.75103
1.84665
1.12981
0.35055
-0.16826
-1.47478
1.31695
-1.27312
0.66990
1.37640
-1.07979
-2.09705
-1.50960
0.82620
-1.38841
0.29177
-1.56332
-0.62803
2.26740
1.47467
0.66956
0.95301
-0.85113
-0.36510
0.51192
0.83871
0.93561
0.31665
-0.36878
-0.54739
2.25176
-0.60309
0.29428
0.45807
-1.48045
-0.34023
0.71661
-2.80231
-0.05909
-0.46451
-0.18427
-0.15855
-0.89635
-1.12343
0.63907
-1.92321
1.17573
0.40367
-2.23888
-1.95089
1.04138
-0.08594
-0.51101
-0.92560
-0.55077
3.04829
0.59960
0.14809
-1.31573
-1.55392
-1.25729
0.45819
-1.12351
0.80197
1.45847
0.13205
-0.17316
0.42121
-0.63830
0.17325
0.38819
0.86424
-0.61273
-1.79488
-0.26101
-0.42162
-0.88439
-0.12540
-0.31849
0.82481
-0.05138
-1.97940
0.02666
-0.62256
0.35427
0.03595
-0.71184
0.00619
-0.93518
-1.69033
0.32640
-0.06639
0.81585
1.13767
0.51558
-0.35501
-0.60406
0.51273
-1.26016
0.18816
-1.07575
-0.49554
-0.56218
0.73060
0.25654
-0.03980
-0.66785
1.92152
-0.30280
-1.11515
-1.83715
-1.21162
-1.59119
0.22769
-0.29386
0.57606
0.31667
0.20846
-1.77396
2.35013
-0.62619
0.56945
-0.91137
0.80149
0.32663
0.41246
1.66730
-0.16319
-1.89189
1.17440
-0.21655
-0.84219
0.35379
0.96667
-0.75231
-0.74362
-1.65084
-0.33539
-0.34109
-0.66404
1.87328
-1.25317
-1.04653
-0.56162
0.85081
-1.60222
-1.10681
1.67682
1.24982
-0.46067
-0.31746
-0.38244
1.64316
1.77145
3.44914
-0.07407
-0.42313
-0.24782
-0.69910
0.10467
-1.12284
0.91597
0.42164
0.61727
-0.24386
0.13322
1.04573
0.37516
1.33295
-2.01920
0.56083
-0.74601
0.89086
-0.43690
0.71719
0.25258
0.75113
-0.12934
0.26713
-0.96357
0.31025
-0.23853
0.18315
-1.25929
0.13224
-0.79449
0.68318
-0.19391
0.15063
0.55780
-0.48884
1.00858
1.53301
0.54993
0.18822
0.11888
0.11278
-0.91488
-1.60079
-0.84355
-1.71330
-1.05083
0.43442
0.01390
0.95078
-0.08190
-2.39986
-0.43219
-2.28311
0.61729
-0.60979
0.27746
0.15165
-0.43692
-0.59068
1.57500
0.60685
0.76993
0.56897
1.59125
0.42983
-1.44103
-2.46733
-0.52743
0.80942
0.86953
-1.08969
-0.94318
1.14963
0.66390
0.00727
-0.08120
-0.51527
0.69754
-0.66599
-2.03411
1.21266
-0.56218
-0.87178
-1.57402
-1.49948
-0.50837
1.53455
-0.57477
0.39037
2.36338
2.06504
-1.10379
0.53898
-1.02195
0.71056
1.13852
-1.36478
0.54869
0.72055
0.31526
0.08620
0.51989
0.57213
-1.24876
-1.73928
1.90311
0.75094
-1.36139
-0.79508
1.18067
-0.86989
2.16294
-0.02920
-0.87582
-0.63620
0.32233
0.82637
1.25285
0.30936
-1.24162
-0.50308
0.10072
-0.78306
1.14498
1.21720
-0.58196
-1.36096
0.21826
-0.01272
0.99339
0.18034
-0.23158
-0.04422
1.04888
-0.67244
-0.41950
-1.00235
-0.13516
-0.22792
-2.57397
0.88842
-1.16288
0.03420
-1.12375
-1.05789
0.70723
-2.29251
-0.95177
-2.00300
-0.26852
0.99336
-1.47622
-0.06148
-1.06633
1.25301
0.94484
-1.14040
-0.20696
-0.50382
1.02887
-2.33321
1.25355
-0.38817
-0.85018
-0.38647
-0.97857
-0.65852
1.01509
0.25929
-0.80274
0.60515
-1.95414
-0.40047
1.61293
0.10062
-0.74368
-0.69667
0.54725
0.43573
0.99342
-0.36573
1.89031
-1.37525
0.20011
-0.59825
0.21826
0.57691
0.93150
-0.40596
-0.96514
0.94548
0.86546
0.07237
0.01955
0.62706
0.38060
0.01228
0.88616
-1.17014
0.45567
0.50404
-1.48861
-1.08465
-0.71704
-0.38377
0.54184
-0.69971
-1.13526
0.30709
0.85973
-1.65311
1.27364
-0.16374
-0.15825
-0.07938
-0.25205
-1.16190
0.49268
-1.87010
-1.43183
0.24842
-1.00969
0.10932
2.02563
1.20151
-0.18694
-0.13015
-0.65412
-0.31203
1.82700
0.40988
-0.53823
-2.24102
0.68301
2.17502
-0.28945
-0.71398
-0.09125
-0.28234
0.49086
-0.63247
-0.58193
-2.10945
1.76168
0.60155
2.18633
0.15012
0.95024
0.96938
-0.52921
1.30932
0.22242
-1.43827
-1.51645
-0.17038
2.33735
-1.79275
-0.71025
1.05341
-1.10986
-0.74673
-0.30070
-0.38262
-0.99551
-0.32510
-1.41003
-1.05360
-0.60905
0.05737
-0.40453
-0.32206
3.08589
0.50297
0.48450
1.26194
0.21687
-0.70610
-0.48971
0.36140
1.68478
1.07577
-1.26675
0.38398
-0.81621
-0.20182
-1.02630
-0.44963
0.92707
-0.76136
0.08551
0.34775
0.16574
-0.91427
2.18692
-0.20094
1.32223
-0.81577
0.05508
-0.73617
-1.59891
0.19914
-0.78678
-0.36674
-0.52506
0.58856
0.21481
-0.37874
-1.88802
-0.84305
-0.50899
0.65778
-0.60408
1.21594
0.08308
-0.66713
-0.31295
0.17366
-1.89269
0.35320
1.41998
1.17222
-0.39975
1.09739
-0.55580
1.20054
0.66092
-0.62764
-0.10989
-0.91103
0.29796
-0.30223
-1.18975
-0.26177
0.77157
-0.65323
1.09029
-1.50021
-0.23222
-0.03811
-0.09064
0.50819
1.89895
-0.14909
-0.21617
-0.07466
0.49657
-0.87837
0.08821
0.67101
0.87479
-1.30384
2.59049
-0.32196
0.16085
0.14792
0.10793
0.05672
0.67053
-0.46241
0.94218
0.05613
0.09292
0.11504
-0.63559
-0.56414
-0.20722
-0.26617
-1.95568
0.28654
-0.36092
-0.86756
1.69335
-0.77793
-0.46034
-1.15690
0.44268
-0.88500
-0.65855
0.42215
-1.63223
-1.00192
-1.16959
-0.19620
0.89322
-0.58067
0.33355
-0.83496
0.00874
0.11991
0.76009
0.00672
-0.11942
0.85767
-0.24385
-0.47149
-0.66217
-0.26057
-0.64055
-1.66335
0.03801
2.03908
-2.13515
-0.22075
-1.69996
0.02739
0.09318
1.00265
-0.23833
1.04086
-0.78507
0.28497
-1.42046
-1.67583
0.13430
2.06745
0.86773
-0.42111
0.97648
1.35021
-0.12466
1.95562
0.58765
-0.01058
-1.14468
1.97384
0.56493
-0.43230
0.98130
-1.72189
2.09256
0.02326
1.43706
-1.75534
-0.93911
-1.62298
1.37007
-0.62155
-1.78041
1.23562
2.83536
0.59741
-0.63395
1.07353
0.01351
-2.16435
-0.70391
-0.24723
-0.53950
-0.57334
-0.67924
-1.41859
0.54347
2.05230
1.28692
1.13246
-0.48661
-0.02808
1.60829
0.59205
-0.47940
-0.28116
-0.07592
0.46199
0.36925
0.03780
0.21105
-0.03469
1.23883
0.73762
0.56684
1.70815
-0.34100
1.26322
0.76067
-0.49638
0.92101
-1.67370
1.57888
0.82614
-0.82908
-0.76499
1.87159
-0.96330
0.35213
-0.84388
0.56651
-0.68177
-0.00108
-0.49154
0.52524
-0.13536
1.81470
0.66519
-0.76800
0.30041
-0.25244
0.94465
0.80892
-1.04843
-1.75650
0.98322
-0.95862
0.83979
-0.21908
-0.93906
1.24613
-0.60271
1.03818
0.74282
0.64436
-1.92830
1.26611
0.40783
1.07588
-0.97316
-0.34617
-0.25868
0.02730
0.48258
0.17220
-0.22326
1.65314
0.93810
0.07437
1.22566
-0.58960
-0.22989
-0.19177
-2.04047
-0.22019
0.40953
1.92196
0.77766
-0.23542
1.25351
0.81004
-0.67240
-0.38640
0.42727
0.15493
-0.24699
-2.29836
0.25377
-1.34497
1.16480
-1.51847
-1.16402
0.24100
-0.88187
-0.33495
-0.92118
3.14456
-0.81366
-1.38537
-0.62794
0.55992
0.93936
0.09249
0.95928
-0.04798
-0.11533
-0.63584
0.53045
-0.57868
-0.18469
-0.52812
1.98778
0.77127
-1.13530
0.57947
-2.41619
1.10801
0.41263
-1.32681
0.29417
-0.53811
-0.31245
0.19590
0.97114
0.59484
-1.08124
-1.03958
0.13700
-1.65238
0.92685
-0.49940
-1.18041
-0.16752
0.76561
-0.85427
0.74817
1.39201
1.15819
-0.40749
-0.91753
3.04248
2.74866
-1.05925
-0.20744
0.06844
1.36224
0.22949
-0.58039
2.25986
-0.88125
-0.54568
1.81271
1.67931
0.90154
0.06684
-0.32856
0.31692
2.98111
-0.70676
-0.73286
-0.41086
0.86316
-0.76632
-1.84417
-0.05697
0.95728
-0.11292
-1.96921
0.83934
-0.02546
0.18539
0.63985
0.18654
0.09763
-0.79222
0.28133
0.22662
-0.49977
-1.35947
0.34909
0.72136
1.04087
-1.14243
0.28861
1.64195
1.29914
0.86808
0.63880
-0.23510
2.57385
-1.21561
-1.31368
1.45773
0.56705
1.90509
1.15857
-0.90609
-0.95886
0.91920
-0.62170
0.67449
-0.97875
0.54413
-0.00262
0.92008
-1.32099
1.28762
-1.04296
0.98625
0.30536
0.63644
1.25315
0.92392
-0.75488
-0.48044
0.10364
1.53589
0.79814
2.73634
-0.69210
1.18423
-1.27386
1.20600
-0.25081
-2.30628
-0.93750
1.11208
-0.77426
0.09734
0.99006
0.03422
1.05223
-1.03544
-1.21690
-0.36776
0.78268
0.87472
-0.97721
-0.05025
-0.71330
1.02063
-0.21366
1.92802
0.64455
-1.14262
1.46849
0.54017
-0.33689
0.19962
0.30721
0.46900
-1.22659
-0.53452
-0.87552
0.98198
-0.45319
-0.99514
2.54271
0.05361
0.07051
0.78597
0.50813
1.44263
1.25443
-0.93039
1.24062
1.39156
1.29511
-2.90320
1.09054
-0.49097
-0.48119
-2.65717
1.73301
1.10214
-0.64552
-0.96782
0.40624
-0.59745
-0.67269
-0.90689
1.25137
-0.39978
1.43665
-0.15313
0.68734
3.34404
-0.73934
-0.11077
0.85546
1.12865
0.99738
1.11324
0.53364
0.39761
2.41296
0.32121
0.78661
-0.62954
0.11883
-0.64657
-1.74970
0.79283
0.32042
-1.06763
1.26369
0.42862
1.00597
0.27026
-1.46828
-0.21763
-0.38387
-0.25035
0.14483
1.36308
-0.33853
-0.63735
-0.59059
-1.02011
-1.12463
-0.78686
1.16939
-0.35028
-0.55950
-0.33261
0.23998
-0.39572
-1.10083
0.21334
1.64702
1.16949
-0.79332
0.23463
1.61412
-1.21477
0.92501
0.10966
-0.04031
-0.07613
-0.82475
-0.28769
-0.16765
0.45172
0.65590
-0.17275
-0.21031
1.00619
-1.01701
0.51868
-1.29009
-0.53581
0.81547
0.86995
1.52259
-0.54935
0.34983
0.70414
0.12861
-0.71271
-0.51277
0.51867
-1.61083
0.46219
-0.30278
-0.07592
-1.03501
0.83918
-1.25521
-1.20224
0.18666
-0.89169
1.21675
2.15620
-0.27961
0.01946
-1.10412
-1.04689
0.09514
1.69781
-0.00845
-0.41250
-0.37695
-0.77403
-1.31114
-0.78824
-1.19796
-1.06738
0.17090
-0.13761
0.32442
1.84339
-1.41119
0.12065
-1.42981
-2.11375
-1.61299
1.05614
-0.16411
0.62591
-3.08442
-1.20270
1.01041
-0.02287
-0.58274
0.07781
-0.64333
-0.00359
0.19692
-0.53559
-0.05438
-0.00187
-1.78834
0.24723
0.05259
1.53885
0.31524
-1.69989
-0.10748
0.77481
-0.21687
0.00087
-0.64044
-1.88739
-0.50166
0.31239
0.18416
-0.64120
0.87805
-0.47077
-1.42245
0.29014
2.13944
-1.55235
0.79504
0.41752
1.33914
1.34086
-0.91827
0.70855
-0.93621
-0.32529
-0.69028
-0.21376
2.14697
-0.59011
-0.60706
1.27184
0.48164
-0.23975
-0.10781
0.10467
0.05317
1.33313
2.60267
0.08910
-0.93215
-0.21696
1.47159
2.05098
0.39162
-0.18539
1.16962
0.31571
0.43311
0.44167
-0.64242
-0.06883
0.56185
1.07575
-2.00102
-0.52975
-0.01559
-0.09696
1.31434
0.22989
1.57274
-0.12537
1.51027
-1.63001
0.19730
-2.25719
-0.07856
1.73151
-0.68659
0.39376
-0.42750
1.14744
1.47757
-0.12555
0.35445
0.39402
1.70880
1.21794
0.32351
-0.43392
1.68299
0.94476
0.06595
0.13276
0.80181
-1.02723
-0.03260
0.98975
0.32597
1.20168
-0.84485
-0.45219
-1.53732
-0.19000
2.19684
0.49935
-0.20740
-1.75761
0.47731
0.09107
-0.71735
0.15016
-1.40177
0.61933
-0.59529
1.08351
-0.75430
-0.53382
-1.56562
0.64249
-0.63440
1.34619
-0.78470
0.17270
0.47225
1.42169
0.10749
-0.52692
0.62703
0.46456
1.39241
-1.26578
-1.37188
-0.46617
-1.26171
1.33454
-0.22817
-0.24474
-0.41916
1.28301
-1.58798
-0.26172
0.54027
-0.79237
1.23449
1.21640
0.60815
-0.60454
0.71458
-0.51032
1.45152
-2.14555
-0.80060
-0.17749
-0.56395
0.85006
-1.23599
0.50453
-1.40542
-0.44295
0.08136
1.61404
-0.62693
0.02678
0.87362
-0.46219
-0.11513
1.04208
-1.31994
-1.60856
0.05743
0.80658
-0.20179
1.12624
-0.03593
-1.22352
-2.04325
-1.11208
0.41122
0.24872
-2.14983
0.10070
-1.70583
-0.59337
-1.07673
-1.04274
1.98187
-0.76585
-0.24119
-1.74024
0.64776
0.37547
0.55269
1.24909
0.72365
-1.16904
0.64060
-0.60700
1.31213
-1.57066
-0.29477
2.01408
0.28807
1.11479
0.55303
-0.15714
0.27001
1.45141
0.09842
-1.44814
0.94894
1.50591
-1.20864
-1.01160
0.37044
-3.07629
-0.80144
1.18176
-0.50659
-0.86445
-0.29012
-1.51984
1.36696
-0.39353
-0.09042
1.63291
-0.28231
1.85699
0.03289
-0.92826
-1.31961
-1.93539
-0.29057
0.54642
-0.24848
0.97295
0.25760
-0.90497
-0.86170
0.57387
0.31742
0.13772
0.30529
-2.15426
0.95453
-0.61730
-0.48124
2.75039
-0.86613
-1.01118
-0.98685
0.06528
-0.63385
-0.15377
1.36594
-0.14878
1.29962
0.36162
0.64527
-0.77100
1.69811
0.46438
-1.26587
-1.92710
-1.26386
-0.10079
-0.03942
-1.02540
0.67145
-1.75511
-0.51589
0.74202
-0.41008
0.00694
-0.71352
-2.06123
-0.16505
0.82837
-1.27868
0.42809
-1.02608
-0.88502
1.13385
-1.12253
-0.91588
-1.19923
-0.37948
-0.75943
-0.23341
0.08284
-0.52525
1.13071
0.12417
0.16173
0.31310
1.09980
-0.85805
0.36582
0.02621
1.79549
-0.15129
-1.71109
-1.07065
0.37502
-1.61631
-0.93950
-0.42257
-0.69289
1.64215
0.15208
0.53441
-1.15490
1.01709
0.35073
1.66404
-1.81128
-0.01749
0.35902
-0.56273
-1.66654
0.94807
-2.17627
-1.15365
0.90197
-1.23654
0.34652
-0.40983
-0.71308
0.85667
0.20802
-0.25850
0.44338
1.29610
0.42087
-0.07433
0.77464
1.98588
0.04536
-0.95435
-0.23825
-0.04246
1.38170
0.43503
-1.03386
-0.29694
0.18537
1.00493
-1.85017
-1.20244
0.07466
-0.49677
0.81896
0.29638
0.31099
1.59812
0.97998
-0.15182
0.83683
1.01786
-0.14250
-0.05427
1.39066
-0.38103
0.34206
-0.86607
-0.27655
1.67958
1.16928
0.14019
-0.65903
0.89515
-0.13332
1.45653
0.11507
-0.88467
-0.36175
-0.08585
0.00059
1.31490
0.45382
1.39407
0.79539
0.18697
-0.06086
0.50056
-0.25027
-2.17304
0.09828
1.12908
-1.32381
0.42993
1.46055
-1.32863
0.37099
-0.15000
-2.58785
1.40400
0.98721
-1.61815
0.98585
0.97473
-1.30788
0.94880
-0.97630
-0.25435
0.59137
2.01016
-1.45738
-0.65549
-0.28560
1.39773
-2.95543
1.41667
-0.38832
-0.65159
-0.23860
0.15373
-0.59028
0.37175
-0.35578
0.32815
1.41581
-2.04609
0.54737
1.68800
-1.06111
0.08868
1.73112
-1.53533
0.64389
2.42252
0.42640
0.07302
-1.73112
1.19731
1.80596
0.50129
-0.54109
1.73512
0.33632
-1.44717
-1.29417
2.37129
0.02560
-0.27019
0.60709
0.25229
0.29704
-0.02050
-0.37139
0.16857
0.40554
0.84226
-0.76916
-0.49564
2.48523
-1.37832
0.53324
-0.17580
0.52099
0.06909
-2.12338
0.40327
0.22387
0.38440
-0.80797
-0.37233
-0.81835
1.95160
-2.05958
0.21522
0.08277
0.66147
-0.21869
0.11812
0.60849
0.70458
2.17300
-2.00191
-0.73964
-1.08478
1.36031
1.45874
-1.40364
0.70332
3.16054
0.24118
0.17901
0.27750
-1.25697
1.44691
-0.10554
1.12574
-1.67909
1.32444
-0.51419
-0.20118
1.57264
-0.53092
0.23083
-0.28945
1.00836
1.45288
2.77659
1.67044
0.27494
-1.28540
-0.53376
0.08385
1.18560
-0.17473
-1.35766
-0.15988
1.57751
-0.21553
0.41577
0.68636
-1.57857
-1.26665
1.47999
0.79159
-0.29527
-1.35451
-0.75572
-0.52934
0.37115
0.58876
-0.30154
-0.22629
-0.52680
0.41741
1.25653
1.38885
-0.83665
0.30140
-0.08641
-2.33685
-0.13874
-0.44836
1.34388
0.11823
-0.68420
1.20515
-1.08557
0.05328
0.75366
1.00881
-0.52111
-0.01714
-0.18020
1.28488
0.44818
0.20688
-0.34967
-0.61988
1.59827
1.39638
2.35251
0.96198
-0.26934
0.48923
1.02079
0.19316
-0.81129
-0.71394
1.55485
0.71469
0.38378
-0.58746
0.23178
0.52001
0.07891
0.38835
-0.88173
0.87614
-0.54234
0.94393
-0.20337
0.07933
-0.16416
0.90097
1.28986
-1.01776
1.60289
0.49093
-0.54006
-0.62713
-1.07558
1.00703
1.12503
-0.80997
0.35619
0.92321
-0.04093
-0.59026
-0.48800
-0.35390
-0.68317
1.05304
0.46091
-1.27250
-1.76371
2.18655
1.71683
0.94807
-0.59018
1.29840
-1.56932
2.13557
1.13177
-0.18754
0.66283
-0.30091
0.81856
-0.55996
1.66431
0.40165
-0.66164
-0.43726
-0.54530
0.11080
0.87065
0.99776
1.50377
0.68139
2.29389
-1.18650
-1.16672
0.57716
-0.07880
-0.16944
0.50938
-0.51184
0.64059
1.49354
-0.00384
1.35588
0.47556
-1.23981
0.30294
1.16104
-0.61500
-1.20677
0.88082
0.09862
0.66592
0.37368
-1.80398
1.05038
0.12162
-0.64628
-0.45826
0.32593
-1.50203
0.19706
-0.13101
2.23037
-1.75077
0.21659
0.77537
-0.55555
-1.20850
-1.00421
-0.23294
-0.10856
-1.25198
-0.25219
-0.52872
1.41383
0.63505
0.22511
-0.11028
-0.31319
-1.11420
-0.00338
-0.27415
-0.16657
2.33014
0.76264
-1.01764
-0.17898
-0.34200
1.87052
0.77035
-0.85727
-1.56177
0.22675
-0.66834
-0.22974
-0.05838
-0.45871
-0.32742
0.03271
-1.05116
-1.00741
0.42356
1.09653
0.77713
-1.95320
0.87911
-1.03973
-1.23438
0.19133
-0.17419
-0.44369
-0.36987
-1.05779
0.62595
0.83660
0.70615
-0.47085
0.39201
0.77322
-1.17515
-0.69085
0.59312
-0.80499
-0.05625
-1.12766
-0.23307
0.14976
0.07494
-1.40034
-0.77369
-0.23846
0.13271
1.34875
1.48766
1.01812
1.82012
0.16158
0.08465
2.27458
-1.15009
0.28273
1.38616
0.11542
0.92959
0.78147
-0.07445
1.77129
0.27121
0.62420
0.15759
-0.36947
1.32451
0.97300
2.41213
-0.05275
1.40318
-0.01698
1.36010
-1.63453
0.59663
-1.94861
0.63003
0.80457
-1.05294
-0.64843
1.32099
0.12771
1.74477
0.43233
-0.02358
-0.25982
-0.38832
0.42028
0.89687
1.13102
-0.15786
1.02586
-0.55633
1.63381
0.78330
-0.63528
-0.03548
0.10775
0.05801
-1.23544
0.56189
-0.88995
0.92308
0.34237
1.66337
0.47449
-0.07301
0.85849
-0.03568
0.56460
-0.36305
0.53194
1.52111
-1.11320
1.87916
1.05790
0.04223
-0.19891
0.58701
-0.48721
-0.71545
0.51004
1.29494
0.05541
0.16939
0.36907
-0.08106
1.12797
1.00021
0.60569
-0.28533
0.47059
-1.54235
2.25758
-0.52917
-0.04909
0.82752
-0.86894
1.85276
0.23502
-1.08725
-2.48778
0.69675
0.50854
2.90291
0.79435
-0.12849
1.83844
0.36640
-0.30113
0.20818
-0.63266
-0.37401
-2.02890
0.18128
-0.96088
-0.37595
-0.94966
0.22221
-0.35783
0.79871
-0.66813
-0.68265
0.22900
0.11765
0.18104
2.15142
-1.12915
2.60690
-0.04613
-0.38943
-0.14453
-0.87673
-1.34618
0.92693
0.20413
-0.19196
0.74094
1.06279
0.15197
-0.33747
1.72415
1.17864
0.90853
0.85326
0.53430
-0.61138
0.20246
1.37018
0.05970
0.76912
-0.81600
-1.13533
-1.44699
-0.12227
-0.26483
-1.78720
-0.53836
-0.40428
0.16909
-1.46713
1.57097
-0.20710
-1.53423
0.33704
-0.84307
-0.16129
-0.57982
2.89146
-0.67944
-0.85503
-1.42743
0.21063
-0.22344
0.17820
0.29142
0.64245
0.32664
-0.32959
0.10840
-2.04764
1.88754
1.07432
-0.36800
0.08454
0.73915
1.28079
0.92416
0.74100
0.30405
0.76800
-0.25121
-0.26962
-0.18158
0.21083
0.33387
0.39696
1.04908
0.69140
-0.05499
-1.24860
0.94755
0.01024
1.76870
-0.84042
0.36996
0.13189
-1.62454
0.47611
0.31480
-0.07271
-0.30430
2.55814
1.52589
0.45016
-0.54537
-0.54223
0.60023
-0.48397
1.07185
0.81564
0.68277
0.39859
0.65356
-0.78363
0.16410
0.00287
-2.05384
0.64653
-0.51883
-0.06321
-2.67031
-0.70217
1.45378
2.53946
-0.48957
0.29990
1.03118
-0.30560
0.46195
0.62319
0.08674
0.45630
0.76159
-1.39588
0.30500
0.34762
1.02347
-0.69551
0.53791
0.27770
0.80802
-0.66319
0.86952
0.76658
-1.47903
0.02265
0.18847
-0.45804
-0.07516
0.45391
0.30602
0.86725
1.07330
0.38567
-1.03201
0.51499
-0.23058
1.19899
-1.10087
-0.22972
1.02910
-0.63945
-0.19550
-2.04540
1.71872
-0.44083
0.42327
0.06171
0.03285
-0.79495
-0.52506
-0.26030
-0.10197
0.94026
0.22436
-0.20017
0.93519
-1.79376
0.15203
0.27480
-2.25436
2.26084
0.36085
0.59674
1.13717
-0.85577
0.44919
-0.25624
1.05700
0.41301
-0.76616
2.03007
0.44056
1.00817
0.25102
-0.07924
-0.63560
-0.23719
-0.50078
-1.22109
0.29790
-0.28099
-0.47350
-0.35624
1.06860
0.41603
-1.10790
-0.26338
0.90430
0.61965
-1.84956
-0.50382
-0.84474
1.38142
0.23427
1.01740
0.78329
-1.03735
0.46453
0.68427
-0.53145
-0.20674
-2.87316
-1.20611
0.85980
0.79130
-1.14730
2.82368
0.36329
0.26502
-1.67843
1.08222
-0.04865
1.76542
-0.50877
-1.87363
-0.73143
0.04637
0.49339
-0.43300
-0.04195
-1.61623
0.16308
0.34279
0.34778
0.25431
-1.23221
0.64799
-0.51451
-0.88881
-1.11245
0.61624
-0.74536
-0.86982
-1.27156
-0.60569
1.03735
0.07630
-2.34537
0.10348
-1.40178
0.98428
0.47573
0.51652
-0.31655
-1.06614
0.52150
-0.29636
0.40741
-1.03682
-0.27677
-2.09438
-0.63740
-0.46263
-1.11701
1.25865
-1.98078
1.18642
-0.92628
2.33336
-0.61256
0.09131
-0.68270
0.60683
-0.12443
0.20456
-1.83612
-0.02845
-1.23283
-0.83274
-0.76488
-0.60254
1.15975
-1.66269
0.35991
0.97157
0.75206
-0.01623
-0.61667
0.90954
0.86126
1.37721
-0.74413
1.84590
-0.04890
0.08996
-0.43066
-0.66570
-0.33729
0.55555
0.43162
-0.55483
-0.71003
-0.40749
-0.23199
-1.00065
0.62457
0.10293
0.16043
-1.88500
-0.23776
-0.30594
1.37228
-2.01696
-0.67981
-0.55181
0.39106
0.07288
-0.54392
0.82672
0.50574
0.50668
2.11669
-0.85415
0.45559
-1.36929
-0.43544
0.14529
1.01439
0.56851
1.44181
0.78468
-1.69539
2.97866
-0.15644
0.07608
0.48883
-1.13968
-0.90860
-0.22536
1.23250
1.09495
0.35028
0.07317
0.04297
0.35509
-0.31592
0.09169
0.92638
-1.25177
-0.77159
-1.44988
0.58463
0.45346
0.28733
-0.37876
1.72501
-0.73708
0.85503
1.37384
-0.13269
-0.50333
-0.62845
-0.59536
0.31354
0.06907
-0.52203
-0.54774
0.33649
1.59700
-0.29010
0.09233
0.35522
-1.56207
0.19170
0.24616
-0.78180
-0.72642
-1.28934
1.79443
-0.54975
0.16148
-1.14190
0.55216
-1.15489
0.72103
2.20152
0.11522
-0.75814
0.33654
0.97603
0.77783
-2.31081
0.24261
0.05929
0.38343
-1.16552
1.04460
0.37103
0.65372
-0.45434
0.47700
-0.45134
-1.39894
1.70389
0.58577
0.00689
-1.00586
-0.44874
0.04693
-0.46190
-0.70812
-0.51557
0.38229
-0.78439
-0.27387
1.48699
0.55358
0.33323
-0.06125
1.28320
-0.32122
1.50485
0.95555
0.63902
0.32346
0.81242
0.14700
-1.49581
-0.99732
1.25393
0.56066
1.94024
0.53156
-1.38569
0.06873
-0.09418
-0.97226
-0.85295
1.54783
0.41860
-0.76650
-1.37341
0.12148
-0.06963
-0.84659
0.97553
0.02529
-0.37457
0.83218
-1.05793
-0.11523
1.98558
-1.72206
0.39035
-0.19432
0.92292
0.94504
0.14333
0.87579
0.44326
1.30111
0.87714
