0.66208
-1.94302
0.40648
-2.20731
-3.70462
3.11468
0.50152
1.73004
1.04970
-0.48429
6.97609
0.44891
-0.81726
4.65821
-1.16835
2.52639
5.57301
2.69282
-0.00656
-4.25972
-0.11558
-2.76877
-3.98168
1.13401
0.50696
0.02429
1.38631
-1.10910
-0.49837
1.01312
0.39291
-1.18447
-2.67556
2.81515
-2.40979
-2.23975
3.86957
1.84125
-0.93200
-1.13776
1.64256
0.71197
-1.35502
-1.69899
0.51042
0.91474
-2.50809
-1.70745
2.65776
4.87761
0.77413
1.44962
1.41228
-0.91566
-2.03199
0.96909
-0.90081
4.21202
-1.91518
-0.62989
-1.64491
-2.09364
0.47897
4.37898
-1.80875
4.46611
-4.71671
-0.79123
3.49753
-2.16324
-1.37054
-3.93909
0.98491
-4.05484
-1.59400
-0.17756
0.54558
-1.31032
1.43942
-1.78065
1.28335
-0.91611
-3.58214
0.56059
-0.06602
1.58789
3.68427
-1.43022
1.85614
1.84659
0.29699
1.52075
-3.50466
4.85675
-2.54705
-1.05294
1.69951
1.18854
-3.33914
1.30117
0.23875
1.13926
-1.40589
0.18727
-2.59392
0.87152
-1.78743
-1.85056
-1.26674
0.51173
-1.54715
-1.19303
-0.50295
1.50205
0.57453
1.12700
-0.78289
0.99220
1.44103
-0.18177
3.26232
0.92227
2.95431
-1.26349
-0.39587
-5.83188
-2.49631
5.37241
-0.71690
2.47515
-4.03072
0.75585
-2.42771
-2.07768
3.03647
0.17753
-3.26935
-2.04969
1.68151
0.05657
-2.02098
-3.87382
1.93976
1.97244
1.54424
-0.89527
-0.99478
0.78833
-0.31530
-0.09314
3.23517
-4.94606
5.91484
-0.54430
-1.34474
3.66634
2.09904
-3.05631
-3.29059
3.11989
-0.32494
-0.28113
-1.47273
0.90365
-4.36557
2.48602
1.27861
2.12964
0.74418
2.10615
-4.73107
-0.55908
0.11706
-0.74905
0.94840
3.98421
-4.24269
0.75611
2.47644
-3.74845
3.08121
2.76403
0.98216
2.93396
0.42849
-3.02129
4.40792
-5.92819
-0.33204
-1.33003
-4.06407
1.42070
-0.27370
4.10103
0.87778
1.00723
6.09761
2.56417
2.30267
-1.94615
0.21968
-1.35938
-0.28908
-4.27947
-0.36405
-1.75869
-0.05383
3.86413
1.88351
-3.04819
0.84741
-0.36376
0.46473
2.26621
2.39438
-0.31246
-0.26272
-5.01316
-5.54072
-3.39062
2.13492
0.62833
0.49139
1.07735
1.27830
-4.55308
2.41801
1.05157
-0.75446
0.86350
-2.60396
-1.29713
1.11448
-1.46443
3.45239
0.96171
4.35014
1.23686
-2.17841
0.01825
-3.21610
0.02039
2.22481
3.70362
-7.25765
-0.40833
-1.36693
-7.86910
-3.83719
-4.29644
2.11120
-3.49841
3.62438
-3.36668
3.30620
2.15619
0.90666
3.52671
-2.35450
1.78636
2.09970
-1.99028
-0.16823
-4.26636
-3.56996
1.60723
-2.03200
-2.50234
-2.55999
0.54725
2.20055
0.86428
-4.79177
4.00920
0.63889
3.14627
1.67779
-4.08376
-1.05230
-1.41926
-3.75320
-2.35441
-2.17172
-0.63888
-3.35995
2.95060
-0.94960
0.84266
-6.60420
-3.61723
4.33191
1.66892
0.78501
2.53698
0.68207
-2.18036
2.21816
-2.98304
-0.07138
1.16975
-1.92737
-2.41027
-1.34046
1.24005
-6.07731
-5.98830
2.31506
4.82997
7.95437
-0.60634
0.27260
1.12645
-3.77522
-1.64621
-4.76700
-0.54329
0.64076
-1.68692
0.32974
0.70410
3.05673
-0.96885
4.17652
-0.59076
0.55975
-2.42216
-3.17898
-1.25458
0.48825
-4.65063
3.29716
1.64159
0.44279
0.52019
-3.37553
-4.15902
2.47044
-0.02833
-0.35127
0.76404
1.04725
0.68606
-6.75913
-3.07690
1.65987
4.86255
-0.37046
1.84017
4.16204
5.13890
0.53766
4.53501
-3.99281
-0.67048
0.60645
4.28813
1.20217
-0.48851
-1.91021
-0.95342
-0.90248
-2.13153
2.33491
-4.15454
-4.76915
-0.52073
0.82332
1.48851
2.55729
-0.82189
3.75260
-2.04945
-0.98276
-1.24709
-2.95597
0.65907
1.29964
0.56216
2.07664
-5.05603
1.43529
1.61118
-2.02152
1.69438
-2.20951
-1.07204
-3.72384
0.61635
3.00745
1.84708
-2.26293
2.14685
1.04146
-0.49318
-1.16447
-1.17129
1.03156
0.50447
-2.58528
-0.60117
1.31671
3.29641
1.38790
-3.51058
4.53899
-2.07292
-0.27987
-0.49646
3.23754
-1.07019
-4.11934
-3.33455
0.87496
1.52193
-3.77778
4.26942
2.52807
3.32153
-0.40248
-0.23590
-0.77738
5.31049
-0.34019
-2.81380
-0.03340
-1.23261
-2.01754
-2.98958
0.20708
0.07711
0.00529
0.69000
-0.75919
5.64523
-3.80529
-3.34410
-3.45793
-1.56502
-1.54632
-2.21660
0.56038
0.76135
3.46463
-3.12592
-0.54262
2.71302
0.76731
-1.83562
4.10528
0.68462
-3.64696
0.42831
-2.88958
3.16029
-0.55049
2.39443
5.84014
-0.58641
-0.53778
1.59713
0.92127
-0.09108
2.11768
0.76472
-5.25669
1.65261
-1.66821
-0.87880
-2.13785
-0.69706
-5.70575
-1.83610
-0.44022
4.03988
-1.98053
2.01104
3.24432
3.21122
-3.06527
-2.48879
-1.99536
0.98361
-3.20834
5.24595
-0.90374
-2.97146
-1.15636
2.92919
4.53573
1.58990
3.30086
-0.38364
1.33560
-1.30005
-0.11583
-0.42266
0.35014
1.95810
1.64816
-2.82928
-3.09841
-1.07052
-1.85668
3.26658
5.53441
0.42448
-2.30010
5.08855
1.88702
0.22437
-4.19670
2.34197
-3.51444
-0.11312
-3.61081
-2.24014
-4.86557
1.08101
-3.87747
0.63596
-1.02709
1.26871
-1.60227
0.29503
0.77926
1.08694
-3.80424
-1.67109
4.62972
0.35114
2.00832
-2.18594
-0.28332
0.79857
-1.78950
1.60529
-2.29238
2.17582
-5.96810
-0.47749
-0.50339
4.29039
0.01796
-2.61936
1.82635
0.97868
-2.51372
2.06019
-2.61746
-1.00958
1.09925
-0.19756
1.08559
-0.77082
0.69838
2.18543
1.95561
1.53947
1.79715
0.35040
-2.09143
-1.23318
2.77495
3.03054
-4.21729
-2.07391
2.28777
-2.40825
3.99695
-1.20632
0.48495
2.30122
2.02212
-1.67255
0.26478
0.40565
-1.38647
1.25693
-2.13464
-2.51781
-1.25114
0.77762
1.17609
-0.96513
0.65712
2.31505
2.30461
0.92061
4.01509
-5.54319
1.37489
-5.11675
6.85682
0.61940
-1.16546
1.87507
-1.72217
-0.57566
-0.04294
-1.91314
3.81363
-0.32639
1.33103
-2.90479
-0.03012
-2.12783
4.32773
5.48990
-0.54405
3.83008
-1.95795
0.91959
1.21483
5.26022
0.85746
2.23814
-9.27377
0.41661
0.19695
-2.97538
-0.08172
4.10132
-0.99976
2.30143
1.84661
-2.02494
-4.43648
3.30874
2.93298
-0.12057
3.44325
-0.05263
-0.22691
-5.78154
-3.16220
2.49524
0.02389
4.14338
3.68944
-2.21802
2.76309
-1.14081
3.30231
0.41567
4.07914
1.33041
1.25736
0.90185
-5.53422
2.51550
-4.56427
0.97139
-2.53518
3.34512
1.66141
-2.23535
0.73172
2.34830
-0.36198
-2.91645
2.85847
-2.68419
-3.25590
2.89924
-2.40099
1.68408
3.35802
-1.17020
4.13507
2.11773
1.02849
1.55560
0.44953
-1.92580
-2.79306
-2.46769
-2.35019
4.19469
4.51202
-0.76505
-0.79463
0.60747
2.31481
-3.03976
-1.21672
2.79830
-1.22222
4.57414
-3.77524
-1.01818
-2.75230
-0.16040
-1.44571
-0.54456
0.78007
-4.06729
4.86515
1.98777
0.88726
3.81397
3.72493
2.62053
4.33741
-5.35504
3.15558
-0.71041
0.56602
2.19324
-1.41937
2.12381
0.88506
1.34963
0.88829
4.94004
-2.95222
-0.20913
0.79734
3.77481
0.97730
-2.79052
-0.98598
3.32163
1.02621
4.56480
-2.28073
-0.28242
1.24426
4.30969
-0.23461
0.92849
3.34091
-2.56602
0.91845
-2.32550
1.28973
-0.45709
4.58366
0.33392
-0.73864
-2.58828
-0.43114
2.39810
-3.36682
1.58611
2.26243
-2.36759
-0.36528
-0.09174
-2.27092
-0.14862
1.33918
-3.37761
1.01470
-6.13442
-2.34586
-0.19490
-4.86543
2.31338
-1.09295
0.12172
-2.45577
3.90466
6.20890
-2.00737
0.62491
3.66665
0.59779
-1.02826
-2.76421
-1.26507
5.53574
2.83749
2.47744
-0.58473
5.42737
-1.80121
1.73321
-3.49375
1.77991
-1.95728
1.34165
2.37287
-0.67353
-1.18954
1.24293
2.89307
-3.82352
-3.21006
0.77728
1.04481
-4.81295
2.39525
1.42186
0.58989
0.31314
-1.60656
1.96080
-2.64315
2.94793
-0.01724
0.32209
0.17917
0.28554
0.91859
-4.24926
-1.61724
-6.71831
-2.65897
5.19459
-0.74090
-1.84446
2.30078
-1.59782
-0.04463
-3.52594
-5.06216
-3.21728
-0.01281
2.73434
2.21333
0.11735
0.61753
-2.13488
0.90920
0.21051
-3.57637
1.64187
0.67661
1.99666
4.08594
-2.97922
-1.41282
1.69564
-1.26694
2.45580
-5.03440
-0.83622
-0.30095
-1.46039
2.96307
1.31266
-4.64317
1.53198
-0.14619
1.27917
2.62132
-2.04302
3.04154
1.76701
2.28493
2.10321
-2.79951
-1.75606
5.53013
1.62704
-1.88228
5.06163
-3.11242
2.54384
4.32108
2.18674
-1.19178
-0.10715
2.53384
1.55569
1.49287
1.86461
2.82780
0.58236
1.91935
1.19833
4.17303
-0.97794
5.17003
-2.03021
-2.66617
3.11278
1.74132
-3.42794
2.54363
-1.89972
-4.45987
-2.55981
0.09287
-1.92613
-1.52418
-0.40272
1.67399
0.53621
3.18817
-5.59310
-2.34151
6.58957
3.92596
-0.10636
2.98210
-3.69488
1.10316
-0.61467
-2.72582
4.11230
-3.95531
3.50528
2.98207
3.73598
0.11151
4.21684
3.56423
-1.47912
-0.79450
0.01594
2.27074
3.44317
0.80927
-2.02078
-2.11789
-0.20870
1.08470
-1.95443
3.03037
2.46130
-3.50138
-0.52733
0.11808
-0.27068
4.07477
5.20370
-3.80540
0.84723
-1.22517
-0.46491
1.83810
-0.45730
-3.88099
-1.25165
0.07606
5.52823
-0.48455
1.89985
-1.27844
-0.19253
1.81070
0.26605
2.14797
3.35629
-0.41814
3.02535
-0.47758
-1.09549
-2.80826
1.01376
0.38630
-3.60150
4.05993
-0.27897
-0.80094
-3.14445
2.27936
-1.45868
-0.60658
1.37140
1.37345
2.35322
2.01182
-1.37233
2.11153
-2.72684
-0.04134
-2.99208
-0.57424
2.18513
2.32773
4.19926
-0.54757
0.02169
-0.89624
1.33632
-2.10209
-1.79252
6.50202
-2.03120
0.68463
1.50443
-2.25187
0.63018
-2.24271
0.49184
2.56100
3.27046
-4.41317
-0.69972
0.06836
1.56632
-2.10734
2.58324
-0.52065
3.20978
-2.11874
-0.11166
0.15404
-0.11204
0.18529
1.86425
1.08617
1.55903
1.52738
0.58847
0.23286
1.59134
3.54026
0.76914
0.93197
-1.35895
3.42456
1.10630
-2.17394
0.13231
-0.65030
-0.78039
-2.18240
-1.98315
-4.10897
0.38980
-5.02448
-3.81281
-1.20101
-6.18068
-0.06970
-1.13601
3.98286
-4.43054
-3.74827
0.78232
-0.28472
-6.85163
-0.63161
-0.60107
3.98521
-1.60945
-4.35963
-4.57660
1.17826
-3.41907
-2.99516
-1.13628
0.84454
-0.06406
-0.73278
1.36575
0.21685
3.85172
-0.66896
0.44638
2.63858
-0.94702
0.97291
1.76948
-1.84027
-3.32673
0.91382
-0.90155
-1.47749
-1.30883
0.59795
2.37264
0.80325
5.06781
-0.50964
-0.54104
-1.98876
0.47134
1.98506
-1.30592
-1.17336
-4.13018
-0.22209
0.35725
-0.96550
-1.09991
2.04026
-4.34938
2.96913
1.80526
4.52323
3.66198
0.74529
-5.06057
0.03942
-0.81074
-3.67528
-1.58195
-3.79264
-0.54685
0.92809
-5.19777
-2.05776
-0.10172
-1.28217
2.84166
0.06943
-3.24788
-3.39238
2.55794
-0.90115
3.29041
-2.31686
2.56241
-1.13729
0.22237
2.46923
1.30885
0.65159
4.04438
-0.05583
-3.71149
-3.60339
4.02134
2.72014
-1.93055
-2.16817
5.36857
-0.03025
0.19250
0.88173
6.21473
1.11269
-5.98507
2.16523
3.61232
0.47844
2.63791
-4.12926
4.13844
1.97225
2.29839
4.34266
-0.61946
-2.01530
-2.91472
-3.13477
1.20697
-0.66370
-3.40077
-5.55639
1.53394
3.24206
-0.22841
6.46484
-3.61659
-0.79218
-2.11435
-1.19586
2.41539
0.83389
0.84757
-0.17700
-1.91170
4.43165
-1.93849
-0.86758
-0.11554
-0.83934
-1.85063
4.44941
-2.67422
-1.50744
1.27833
-3.40712
-2.90610
3.87423
3.47619
2.55753
1.14102
2.83753
-1.00864
0.95989
-0.38942
-1.23159
-1.42155
-0.76930
-2.93137
0.47740
0.85244
-2.64505
4.64067
5.99544
0.60980
-0.35115
-1.97914
2.57149
-1.82564
0.90786
1.74492
1.08480
0.12559
-0.15366
1.08859
2.01071
6.63778
-0.87153
1.16019
0.80958
1.34301
5.71287
-5.58981
-2.72676
0.86748
-4.60299
2.31587
4.67709
0.17077
-2.47653
3.29071
-0.15075
4.34805
-2.02049
-1.34768
-1.87903
3.48455
1.75688
4.91349
-1.06358
-0.12349
0.44916
3.71519
2.29491
3.51050
-0.32281
2.38643
2.18197
-1.72637
-2.80892
-0.64714
-0.07208
4.27058
-3.12979
5.19580
-1.52609
3.28748
-0.14415
0.32787
-2.54689
-3.88080
1.54965
-0.91326
-2.41379
-2.98807
2.45543
-2.38845
-5.02176
-2.01324
-5.91179
-1.05885
-2.22210
-0.44568
1.42640
-3.66205
2.23638
1.26780
4.86620
2.33527
4.91682
2.62871
-0.55739
-3.36180
4.14631
0.89344
0.58622
6.34058
-2.72090
1.08966
-2.32003
-2.49097
-2.87451
-2.41819
-2.78623
1.42065
-0.90054
1.25554
-0.86329
-2.66047
-4.37662
-2.94725
-0.29443
-0.27720
-0.50316
2.57802
4.86379
-0.46286
4.74060
-2.81997
-0.84137
1.93734
-3.15293
2.87110
-1.85590
-2.28793
-0.51579
-1.22469
-2.05898
0.21725
-1.49859
-3.25190
1.99659
-2.14062
0.87865
0.02154
0.18067
-2.22749
-6.40539
3.22399
-1.90719
1.91916
-1.02280
-2.24412
2.20342
-1.13162
1.53979
0.24013
-1.14420
4.40799
1.45620
-2.51550
2.61066
0.54464
-2.49486
-4.89028
-1.96595
-2.89579
-3.84212
-2.17336
1.83466
0.27925
-1.90997
2.66003
-8.30100
0.09421
-1.02503
2.00807
0.90360
3.22465
-1.78449
0.54813
-0.97701
3.77220
1.43772
-0.69455
-2.79389
1.81911
1.31618
-2.66843
0.96688
4.56352
1.18472
-0.79869
-2.80115
0.24959
5.45745
0.40253
0.34842
3.50602
2.53427
5.88549
-0.59164
0.39867
0.12004
-3.13924
1.40582
-0.69577
-3.88263
0.89496
4.36083
-1.11179
4.21254
-0.07066
-3.30865
-5.26187
0.02193
2.09874
5.90482
-1.10916
1.68898
-5.00082
-2.79291
9.89000
3.20419
-0.73333
1.07080
0.06176
0.40794
1.02210
0.58803
-4.41828
5.45689
-1.45332
-1.20284
-1.55038
-0.09494
1.89173
2.02305
1.21730
-3.53758
2.84998
2.10112
-0.01160
0.36653
1.34254
2.54347
4.50644
0.44052
2.62438
-0.24654
1.88023
4.08657
-2.09842
-3.39625
0.73126
-1.63237
-1.33424
2.41750
0.26654
-2.56741
0.50357
-1.38638
1.30100
-2.97497
-0.98411
-0.39087
0.06825
-5.85568
0.22980
-0.38771
-1.96155
0.94644
-0.48328
-5.04010
-4.13685
-4.68375
-1.87201
4.02828
-2.77837
1.89595
-1.40083
0.53582
-1.13082
0.41570
0.19438
1.81677
1.25214
-1.90521
0.85773
-1.55507
-0.32696
-2.22685
0.33081
-2.45943
-1.85545
-0.66363
0.49644
1.02153
-4.83257
-0.24708
-0.50964
0.83973
-1.83935
-0.01656
3.26211
-1.35883
-2.48660
-1.46919
-0.23859
-0.63489
3.86304
-0.27289
1.34002
-0.56038
1.85402
1.68687
-2.11801
1.63229
3.55897
-1.88129
-0.77708
-2.16239
-2.38844
-3.07947
-1.40256
2.17528
-1.27969
-0.63126
1.43795
-1.85859
-3.89398
-4.43355
-0.41257
-0.87305
0.78778
-0.27703
-2.72429
2.13523
-0.99130
-2.47367
0.81519
2.69070
-3.35435
-1.28684
3.19897
-0.77947
0.32766
0.21653
3.21598
-2.53851
-2.21512
-0.14528
0.62251
-1.81674
0.02877
0.16305
-1.91931
-0.70896
-0.26027
2.02447
-1.34936
0.44145
-0.31563
0.46038
-4.54830
1.87269
-5.94674
1.15910
-1.31258
-3.26846
0.26146
3.85845
0.88900
-1.66767
1.38029
0.58144
-0.86403
-3.79100
-1.40836
-3.78664
-3.13756
0.32621
6.02222
-2.85575
-2.72486
2.58370
-0.63181
-0.62809
-0.11689
-0.31600
-1.67894
1.23415
-1.15524
-0.37932
2.57639
-5.74679
-1.70531
-4.27499
1.47571
-0.55459
0.24415
1.89152
-1.21871
4.15581
-0.54301
-6.88181
-4.34750
1.61710
-5.05282
3.33011
-0.63468
-0.31970
-2.70049
1.77192
0.06422
-5.72970
-0.82007
1.50895
2.45358
0.61420
-2.13112
4.25352
-1.55845
2.81174
1.44775
-4.08856
4.01232
-2.20598
1.97323
3.65417
4.69179
-5.40373
1.79925
-1.74241
-1.62603
-1.17523
-1.25399
3.18184
4.49940
1.21016
2.05373
-1.24348
-2.84609
3.73884
-2.22437
-1.69805
-0.39012
3.96459
-1.13166
-2.74669
0.14262
2.33755
-2.16653
1.27924
-1.90422
-1.65501
0.24855
-0.75772
-0.63861
2.62043
0.22789
2.96361
-1.30508
-1.70748
-1.47447
-1.99469
-2.44954
-5.82256
-6.09562
-1.00544
4.57180
-1.13278
-0.90918
2.86064
-2.95052
4.41910
1.84721
-2.32267
-0.65155
4.87903
2.45579
0.37758
0.96560
-1.93695
2.61846
-2.48722
2.99689
1.03984
3.97547
1.23972
7.39873
-3.67566
5.16253
-2.76958
-0.77524
2.38420
3.82457
1.11632
0.89628
-2.81669
-1.34728
1.95903
-0.06585
-0.48328
-1.44831
-0.42871
3.08929
-2.00229
3.37021
1.75129
4.44148
3.10967
-2.11031
-0.63371
-3.72326
-4.22287
-0.47547
0.28232
-1.88305
-1.89012
0.06750
2.41399
-2.50092
3.01217
2.11421
0.80991
2.36796
-2.73707
-2.41075
5.24811
-0.20551
-4.51854
-1.58380
-1.34141
-2.49703
-3.29693
-0.22067
-1.12102
-2.48661
0.91963
1.93734
-3.50787
-1.45053
-3.66389
-3.53574
3.57381
-5.08817
0.58892
2.31723
-2.21400
1.05499
-0.17469
3.28337
1.87733
-6.33931
-1.28608
5.78408
0.59018
0.90140
3.13041
-1.88953
0.26468
-1.14597
-4.76647
2.13859
-2.08170
0.58727
-2.76848
-1.69147
0.98116
0.59833
1.13501
2.37324
-1.71034
3.08579
3.62666
2.30672
0.65830
-2.55977
5.07411
-2.85031
-1.09761
0.29777
5.05928
-3.85666
-1.47839
-0.63374
-1.48056
-4.11995
1.12793
-1.39005
-3.56063
0.58639
3.04384
-1.55087
1.23899
-2.56880
2.93225
-2.44984
-0.01073
1.33791
1.56503
1.42148
1.13997
-3.05239
-2.11545
1.10110
-1.99714
4.06450
2.77081
-2.18349
-3.27206
2.69342
-2.52831
-2.60382
1.22995
1.35436
-1.36301
-2.37995
1.43136
3.67195
0.98782
-3.90552
-0.22893
2.02794
-4.62882
-3.12663
0.12658
3.99686
-0.63439
2.02556
3.04896
-2.92857
-2.09794
2.34705
0.49401
2.43417
-4.54676
-1.35126
-1.24347
0.88257
-2.54595
-1.29562
4.20336
3.03755
0.40851
1.38620
1.58257
-5.47385
-2.87687
2.32927
-0.26051
-3.43837
-1.85407
-2.27785
-1.27430
1.94514
-0.77891
3.40060
-1.51653
0.29647
3.56631
0.41631
3.26289
-1.18435
0.11948
-3.87373
2.18145
1.67513
-2.03273
-2.65093
-1.34880
1.55382
1.17112
0.80941
1.44219
1.34311
0.27931
2.40406
-0.53169
0.82352
-0.11607
-3.94619
2.62707
3.54228
-2.90195
-0.34395
-0.46139
0.48400
-0.33079
-0.89296
-1.13680
1.07643
-4.99783
-0.68418
-0.01639
0.68285
-1.20125
2.21006
3.65476
-0.63982
-2.37292
2.18528
-2.37996
2.39595
0.09216
0.60294
1.36729
-2.26594
4.45741
2.15459
-1.35067
5.29187
6.19561
-1.27570
-0.47293
-4.62079
-1.18501
-5.30974
-0.62522
-2.76397
-0.79175
0.84667
-3.32692
0.06460
-3.37980
-0.39807
-1.04107
-2.99601
3.46365
1.67001
-0.49668
-3.65994
0.05804
-3.32757
0.36934
2.99972
-0.76972
-1.36826
-2.27610
4.20240
4.19180
-3.20773
2.00241
-2.26052
-5.96510
-0.69240
-0.39150
1.13573
-5.05881
2.23040
-0.17637
0.41168
-3.18495
3.02422
3.33842
-2.29171
-0.97313
0.06793
0.04022
-1.29147
-4.90272
2.38819
-3.18799
3.06831
2.53333
1.84102
1.16652
0.54901
0.14057
1.67613
1.36768
4.31145
-1.00440
2.84432
0.57737
-0.33925
0.56747
-0.37408
-3.37601
4.06212
-0.36444
1.32017
3.38865
-0.81368
-1.67776
-5.01763
-3.55533
4.16563
0.33052
-0.38746
-6.31588
-3.27104
5.11066
0.32259
-0.02217
-1.46142
-1.56830
-4.08410
0.16762
-6.52069
-1.17567
-2.96817
-3.81713
-0.92731
-5.11372
-5.89123
0.69156
7.07214
-0.72600
-0.19130
3.26823
0.56595
2.08149
-3.83606
0.03510
-0.57746
2.68666
2.55652
0.09404
0.11393
0.46631
3.10199
5.17227
-3.18790
-0.31051
4.83298
-1.06106
0.01255
-0.09958
-0.02949
-0.78801
-0.30276
-0.54037
-1.18699
-0.04501
-6.09309
-0.65854
0.97954
0.86521
-4.64004
-8.04456
4.19867
-1.28626
1.48909
-1.73022
0.41582
1.86122
2.00408
-0.36888
-1.45975
2.41389
-0.61018
1.55635
-3.52867
-1.72691
-1.88681
-2.63421
3.43832
-1.75983
-2.57191
-2.15109
7.85713
1.30409
-2.14738
3.82153
-3.65535
-4.57860
-0.39774
-1.04791
4.76634
-0.73599
2.86684
-4.44732
3.26519
1.13058
0.49415
-2.72367
-2.96068
6.77502
0.99795
2.41980
-0.10407
-4.40610
-1.35320
-2.19916
0.97540
-1.80308
-1.62277
2.95529
-1.30841
3.56830
-3.88547
-2.10989
-2.85046
2.70145
0.10372
-0.66137
-1.80941
0.24712
-5.93492
-1.11365
0.23487
0.82989
-4.02013
-1.42430
-2.77275
0.67120
2.71416
-4.26013
-3.30864
-2.25606
1.91285
-2.19803
-6.12081
1.17645
-3.28736
-0.99873
1.86544
-3.31685
1.38524
-1.89676
2.65668
3.69488
1.65503
1.98302
0.52568
0.59548
1.54246
0.91340
-4.25017
-1.84042
1.65807
-0.79323
1.33059
-6.19439
-1.82552
-3.26647
0.33352
-3.54504
-1.39235
-2.97300
-2.98485
-4.59760
3.00836
-2.32003
-1.91083
-0.68691
1.30212
5.57137
0.36445
-0.21049
-0.64910
-0.77091
1.48453
-0.31256
-2.84884
0.35028
1.79201
6.12573
0.70429
-0.22072
-0.08116
0.28107
-6.08037
0.98923
-1.77210
3.03114
0.18404
-0.20276
0.20934
-0.95776
1.83213
1.57657
-5.60258
4.37474
-1.53145
-1.59288
0.28998
-3.48324
1.40021
3.89240
-2.68453
-0.79904
-1.23005
1.24489
0.57411
3.99498
0.59518
0.66770
0.54097
1.88002
-0.20361
4.30849
-3.99271
2.56157
-3.42253
-2.01414
2.32868
2.54747
3.53531
1.98567
4.44307
-2.60865
-1.46098
-0.98488
3.16197
-1.55820
-1.20198
-0.25861
-1.73407
1.34212
0.47759
0.81240
0.48985
-0.45816
-0.02953
4.83254
-0.16547
4.45764
-2.39003
5.31384
-0.20152
-0.98657
3.69817
0.00695
-0.43525
-2.79653
6.53624
3.13760
4.31549
0.71042
3.56122
0.54999
-2.36062
-3.44410
2.51612
-0.91921
-1.69869
0.70261
1.16170
0.44005
6.90436
-1.81978
-0.08346
-0.10570
0.01093
3.63136
-0.23700
1.76623
-1.58773
3.43328
-0.38181
3.98557
2.05328
1.75538
0.09265
-0.48649
6.43705
-0.61795
3.15429
5.91920
1.30282
-1.89214
2.07037
-0.29945
0.34986
1.66533
0.40131
3.36974
-0.97513
-3.05293
1.27035
-3.93694
-0.42107
-2.06124
0.37305
-2.32754
1.64338
2.38409
-1.01553
-2.29544
-2.77002
-0.03721
4.33146
-2.38205
3.86885
-0.45293
0.42787
3.51576
-0.80118
1.25598
2.53822
1.29199
-4.68242
-1.79290
-0.95528
2.48370
1.80262
-1.84709
-2.23631
-0.45479
1.19278
4.36973
2.33265
-0.21219
0.23168
-1.56383
3.94045
2.47669
-5.34021
-1.66616
-1.11684
-2.44788
-0.79121
-0.91368
-0.20302
-3.77235
-3.65183
2.02109
-3.97282
2.92898
0.13697
-1.30705
-2.31884
-0.90984
0.95019
-0.82099
-3.36434
-1.85097
1.43628
-0.19561
-0.94442
1.54801
-2.13449
1.30602
0.41590
-2.32444
2.16351
2.59334
-0.56203
-3.63105
0.27284
1.70121
0.66315
2.12920
-1.67268
2.16930
-0.63413
-2.40325
2.86346
0.06859
-2.81100
1.58569
-1.58576
1.24601
-3.47055
0.16678
6.21514
-7.56514
0.52330
-0.05178
0.80482
1.88818
-4.03315
3.36890
-2.28706
1.00293
-0.61295
-0.02713
2.61762
-2.13096
3.66096
-0.52019
-0.11531
2.91467
1.49015
-1.39149
0.73369
0.00466
-0.12417
1.11972
7.79273
0.67846
3.12552
0.70136
-0.28942
1.74598
-2.13439
2.29217
4.10704
3.07302
-0.86812
1.81123
-1.19729
-2.20487
1.00963
1.92902
-1.24550
5.36446
-0.47077
0.45467
5.50880
-3.67087
-1.30854
-0.25490
-0.94459
1.20180
2.29607
-2.93607
1.10239
-0.04617
0.39549
0.64722
1.51959
-0.02079
-0.62846
0.28028
0.73859
2.98658
-3.34697
-2.86523
0.77930
-0.97098
0.64659
2.05555
3.28360
3.03296
1.37867
-5.29383
0.05096
4.63366
1.24554
-1.38817
-2.64090
3.59387
-4.51245
4.08950
-2.14247
-4.25295
-1.03485
0.68041
-0.00745
1.78288
3.97666
1.23961
-2.63819
-1.32916
-1.01204
-2.37915
-6.09419
1.61607
-1.96125
-0.53562
0.36839
4.14858
0.07794
0.39558
2.27586
-2.96967
0.78924
7.64980
-1.16219
-4.44140
3.08437
3.25082
-3.63622
1.57642
-0.12417
-1.52815
1.54445
-0.84170
-1.65898
-0.59573
-3.12854
-2.94912
-2.65214
-1.80019
-2.30931
-2.07064
3.35214
0.40268
2.62980
-2.78154
-5.26819
0.36291
-4.23413
2.71087
-0.13719
1.58150
2.28170
0.10045
-1.93464
-1.29128
-3.75572
4.37872
2.29473
-1.35519
-4.82453
-1.24403
0.67828
1.03360
-6.33603
-3.00050
0.18562
0.75772
-0.23895
-4.98469
4.27494
0.77360
2.81518
-1.02825
-2.33100
-0.37673
-5.70228
-4.09955
-0.51944
0.52247
-0.04162
-1.12990
-1.83282
-4.89818
-0.34215
-2.26773
2.15288
1.32021
0.42805
-0.20008
-1.81219
-1.72537
-0.86492
0.38156
0.53717
-1.74849
-0.18107
-1.65270
-0.84363
-0.40260
-0.24521
0.44709
-2.01275
-2.28805
2.30447
4.71735
1.56083
-3.33076
0.77247
1.49779
1.70628
3.46675
-5.51319
-0.30047
3.62079
-2.96074
-0.29292
0.58231
1.28646
4.09591
3.14715
4.48040
-0.13966
-4.24611
3.44074
2.72930
-0.79836
2.29440
-4.91541
1.14168
1.22386
-0.11969
0.64355
0.70188
0.01206
2.25971
4.61687
2.27088
0.14937
3.56454
0.69680
-3.36182
0.53216
1.13787
-0.47282
0.91848
4.91134
-1.33018
-2.60183
5.33074
2.98349
-0.36506
-1.29218
-3.58691
-1.43780
3.81943
-2.42305
0.40134
-1.08252
3.50889
-0.41119
-1.16531
-2.36503
4.41206
-0.18336
-0.65722
3.13288
-3.18612
4.51975
1.76361
-6.63313
-4.02431
-0.79365
-2.34475
-2.56794
-0.03947
-0.02358
0.33075
-0.09952
-3.83405
1.82231
0.09917
-1.07330
-1.42282
-0.34055
-3.73146
2.49769
-1.65966
-2.44495
-1.65521
-2.79040
-5.08583
0.15544
4.26938
6.13594
-3.90152
1.39588
-0.43525
-2.34597
0.32793
-4.50481
-2.28407
5.21502
-1.15164
-3.35277
0.08853
1.17588
0.83133
0.56220
-2.73626
1.86353
-1.51881
1.21570
4.58237
-1.07843
-2.35518
-3.92799
3.18621
-0.67967
1.59440
-4.05971
1.32178
-0.78807
-0.07710
-2.94948
4.21728
4.94551
-0.08425
1.32650
-1.62547
-0.91772
1.03346
2.05622
3.46369
0.60434
-0.56830
-0.86453
2.08149
6.08438
-0.99263
-3.34232
-3.06009
-3.81896
-2.72435
1.86785
1.01335
0.82992
5.88608
0.44483
4.23324
-1.84825
-2.27447
0.15026
-0.33212
2.86267
2.87985
-3.79877
-3.34977
-2.91890
-1.92067
-2.23314
-1.25674
1.65676
1.69430
-1.15138
2.93652
0.37705
-4.02545
-1.69981
3.81977
1.70145
5.44885
-1.89631
-4.31959
-5.07663
-1.62083
2.79722
-1.32378
3.77078
1.20644
-5.48270
-2.44008
-1.54492
1.59856
0.77310
1.05929
0.39648
0.42449
-5.20076
-2.95571
-2.92589
1.94523
-0.41846
6.46106
3.69239
-1.43647
5.02831
-0.74211
1.25521
-0.46181
2.17045
1.02026
3.23248
-0.69970
2.53782
5.63315
-3.14776
-0.06258
0.51990
-0.14994
-3.47328
-2.04790
-1.72958
0.79552
1.79472
-1.68647
1.98866
1.65677
-2.96284
-3.69777
-0.26453
2.97461
0.95466
-1.85368
-2.73559
1.42141
-7.67582
1.03070
-3.26921
1.36630
1.73394
-2.27486
1.33712
-4.01724
4.14103
1.61619
3.65356
5.71345
0.45398
-4.59175
1.66969
-1.17330
-2.87718
-0.91492
0.04826
0.14599
4.86348
0.96936
0.45854
0.10396
1.78963
2.70697
-3.24499
-2.86429
-0.91429
-3.21321
2.60524
-0.55524
-2.02454
-3.38018
-1.42232
1.10287
-1.31479
-1.62016
1.37758
5.00493
-3.00831
-2.18548
-3.85906
-0.12115
0.72330
-1.15925
1.71532
4.10426
4.02758
-1.30316
-3.87566
0.53180
0.94319
1.87214
-1.70702
-1.02311
0.76531
0.01521
0.48580
0.37293
1.24777
1.02973
-0.63044
-0.67784
-0.43176
2.14622
0.19840
-2.93484
-1.59783
3.18323
1.38175
0.14665
-1.29679
0.16188
-2.82358
-0.36793
-2.56335
-0.18353
-3.71451
-3.07075
1.28585
-1.63457
-0.17242
-4.85272
-0.75792
-3.57497
-2.38143
-4.07574
1.69316
-0.02077
1.33854
-4.25009
-1.55538
-0.73225
-0.38237
2.60166
3.49515
-0.39068
-1.81051
1.88734
2.90442
-3.36157
-1.35316
2.17980
-4.22867
-2.33681
2.90030
2.49869
1.82864
1.71483
3.09459
-5.64378
-0.91585
1.69198
-2.55467
-0.24588
0.51541
2.08582
4.41547
-0.71881
-0.65046
3.67639
0.42617
-1.33546
-2.44592
1.51774
2.97429
3.82489
-0.89777
-1.90660
-3.78093
-2.81653
3.01872
6.10360
1.89745
0.54587
2.18140
-7.18851
-0.44771
3.72520
-2.83568
4.81314
1.11789
0.98680
-2.35567
-0.50518
-3.88776
0.12112
-0.60350
1.20499
2.24930
-0.80350
2.09004
3.02285
-3.98757
-0.67863
-4.53820
3.62107
-0.83086
0.46839
-2.03656
0.08065
2.42705
-2.53313
-2.24397
1.46327
-0.77231
-2.04534
-0.61714
1.55609
0.50596
1.63430
-0.62014
-2.80160
1.49222
0.91455
4.25671
1.42748
3.13308
1.86590
1.73282
2.16757
-1.76413
-0.68065
-2.47825
-6.04418
-0.51321
-0.03803
2.72554
-2.55524
-1.79041
-5.42744
-3.91012
-2.91252
2.89275
-0.14688
0.36863
1.71021
2.22181
3.53226
-2.20225
1.44451
1.39592
-3.59915
0.44705
-2.85118
-3.49055
-0.21242
3.07737
6.74819
-2.42962
4.74530
3.04009
-6.01181
1.67776
3.48975
-3.99285
-1.14555
5.01736
-1.02228
5.50492
1.25116
-2.27966
0.79912
-2.71809
3.97348
2.48075
-1.49989
1.03262
1.06034
2.18335
-1.77542
1.01559
-2.09897
-1.21187
-0.74501
2.12414
-1.56926
-5.06406
2.87046
2.26882
0.97496
-2.53846
-0.79788
-2.47555
0.26320
1.91644
1.06483
-2.55906
-0.44906
-2.66228
2.14100
-3.20808
-0.90866
1.51733
-2.03812
-3.78090
-2.18674
-1.93607
0.35052
-0.48828
-1.05847
-3.84821
1.61437
-1.28228
-2.70186
0.89114
2.63528
0.51722
-0.33181
3.70572
-3.32180
3.92703
1.18555
-0.14252
1.18903
2.18123
2.03290
2.64819
0.77985
0.73722
3.92627
-1.25852
-2.23203
-1.93355
-3.34124
-2.44228
0.76862
-0.78558
1.33431
-2.83903
3.65159
-0.84155
-2.70831
1.22778
-3.17841
-0.10979
-4.48833
1.42922
1.44387
3.35032
-1.06693
-0.56292
-0.48606
-2.57887
1.89401
-3.04942
3.50272
-0.27656
0.02975
1.47939
-0.33264
5.06941
-2.35476
-1.69802
-0.59600
-1.62387
-5.40132
-0.01867
-0.52124
3.69591
-1.22968
-0.45084
-1.48876
1.39485
-2.07617
-0.57389
1.70420
-0.62404
1.13423
-4.04375
-2.05355
-3.54960
0.02366
-1.57405
2.62984
2.44472
3.00837
-3.02258
2.17358
1.72707
4.36019
-5.08968
-0.96447
-2.58641
-0.46114
-1.86685
-1.09477
0.41141
-0.68930
-1.12301
-1.97371
2.02458
3.83578
-4.45751
-2.22226
-3.54674
-4.21302
-3.25391
-0.20844
-0.59188
-3.32253
1.20040
1.41774
0.21110
-2.48214
2.29539
-0.47594
-4.34778
1.51918
-1.18368
1.66814
5.42935
1.55686
0.01158
1.18297
1.45682
-3.49694
0.67323
-5.35405
1.61059
3.59626
0.85427
-1.10607
0.61897
-3.10395
-0.65429
-0.45046
2.47976
-1.18187
1.24174
0.64637
3.18950
3.41346
-3.57785
-2.26350
-3.39958
-0.22935
4.20144
0.15147
2.11128
2.19469
1.75677
-0.38277
4.59506
-3.99203
-1.75009
6.76177
2.88777
1.01996
1.79680
-0.30875
-0.72928
4.28190
-0.63201
2.33606
2.21565
-1.14668
-1.57260
-0.10142
4.48273
-1.12508
-3.86198
-0.86892
3.58421
2.03383
-0.98841
-0.69394
1.55568
-0.94451
-1.15250
-1.00588
2.17204
2.21903
1.77031
-0.64093
-2.61226
3.72930
1.46964
-3.08592
4.60689
-0.99457
0.56834
1.83395
1.41019
-1.19502
3.04858
-2.00945
2.27134
0.98965
6.92574
2.26316
-0.52208
-2.63872
2.51842
-1.86153
-5.64321
0.54527
2.63535
0.76640
-5.41423
1.66314
1.59746
2.63087
-0.68620
4.19309
4.64223
-5.93483
-3.09973
3.50147
-3.84035
-0.72225
3.07444
2.07791
-1.65574
-1.18577
-2.69035
-0.80389
-0.96013
0.88294
-0.17984
4.12849
-3.94300
-2.54014
-2.94925
-2.54251
2.41029
2.51355
5.86414
4.76099
3.76737
-1.94602
2.34658
-6.33374
3.39214
0.45343
-1.72503
2.15988
1.94819
4.92505
0.47251
1.02148
2.60236
-0.80411
-4.31124
0.97705
1.18866
-0.85005
-1.85080
-0.57090
-3.97942
0.37200
-2.71482
-1.69873
-1.44734
1.31310
2.91252
-0.45182
-2.35954
-0.39796
2.16548
0.43806
-1.65923
1.91687
-4.00388
-2.92268
-0.33305
-0.99212
1.50231
-3.85811
2.97265
-0.25854
4.33288
-0.15290
-0.77006
1.33682
-1.66192
-1.61086
-1.36611
-0.41272
2.00473
1.04823
-3.00163
-0.20423
-0.38718
2.79160
5.22572
-0.55271
-4.26441
2.27616
-6.88041
-0.40861
-0.61745
0.89582
0.38178
2.61554
2.17238
-0.38934
2.59195
-4.34683
-0.61441
2.95257
4.03114
-0.36719
-2.63392
-3.70981
1.19750
-1.11567
-5.74473
-0.78106
-1.64256
3.36938
-3.01691
3.03738
0.88252
-0.24737
3.04429
0.68854
4.27848
3.06058
2.43039
1.66825
-2.00849
-0.25272
0.30771
-3.15993
2.66507
3.51669
3.68288
3.59490
3.42400
2.57764
0.20191
-1.50592
3.33361
-0.83918
-1.40666
-0.27557
0.83707
2.05297
-0.73101
-0.89302
0.85129
4.01709
-3.16534
-0.30168
0.04709
0.94050
1.28514
-1.67340
3.98666
3.77160
2.55696
-1.75665
-2.37312
-1.95270
-0.94642
-5.50679
-1.66886
-5.35615
1.02642
1.19488
-1.72454
5.69398
1.74665
-2.91216
-1.39904
0.03271
-2.95174
-1.40340
4.81221
-3.86273
0.07005
-4.22285
6.34266
-0.29223
0.35227
0.95562
3.44852
4.53824
-3.49856
-2.10680
-0.01527
1.19018
2.80572
-1.72058
1.14346
1.54903
1.40845
-0.32471
1.72565
1.27742
0.73342
2.02690
-0.93218
0.43812
-0.53504
1.33868
-0.28271
5.98545
1.53286
-1.09529
-5.15308
2.81412
-4.09128
-1.88121
-2.10150
-5.04369
-0.80871
1.56146
-2.12584
-3.07377
-1.69272
1.44787
1.28231
2.63281
-0.21226
-1.10493
1.82505
2.19385
5.69694
0.81517
-2.97327
-2.22699
-1.29832
1.32277
-3.21979
-1.59832
2.31055
-4.18555
-7.95603
0.31862
0.35270
0.66546
-4.05092
4.91502
3.00160
-2.72070
-2.01461
0.40420
-0.94794
1.53872
-0.34949
2.44958
1.90503
-5.23043
-0.88031
-0.73234
-0.68494
-1.94032
0.92299
0.57930
2.48882
-1.15629
4.86062
-2.86100
4.75027
-2.84659
-1.25679
3.06814
1.71035
-2.13370
0.37768
-0.97998
-0.66255
0.82341
-0.84443
2.15097
-5.14055
1.50149
4.14897
3.67890
-6.04052
2.34618
4.31657
0.93156
-1.85590
-1.93384
4.49203
-0.83288
2.52940
-0.44186
-1.57650
-1.47854
-1.81124
-3.24678
3.28564
2.47090
-0.28176
-1.67225
0.79570
-3.00644
1.01623
-0.02127
1.03660
-5.91512
2.39315
1.23886
-2.12453
-2.84071
4.95125
0.11781
4.77890
-0.90270
-1.22404
-0.77038
-1.63899
-1.80617
-1.16211
0.47704
-3.12889
-0.25106
-2.92891
-2.57995
-5.44811
0.09326
-3.43045
0.17879
5.13812
-1.52309
1.89883
1.68382
3.23032
1.87641
-1.14702
-1.50803
0.33847
-0.08498
2.22960
3.01361
3.88990
1.21159
1.46491
-3.02380
1.66195
2.64506
0.59800
-0.65247
-2.23489
-0.39917
-1.26845
-0.40180
2.32490
0.75170
-3.43930
-8.51168
-4.31601
0.90065
-1.38651
-0.22308
0.04120
1.40597
3.60494
1.54275
1.76002
-1.90255
-4.16282
-0.36908
-0.10989
8.44604
0.84242
3.02805
1.34872
0.97171
5.77762
-1.27477
-0.03305
1.13578
1.46295
-1.74108
-0.43201
2.07747
5.69953
-1.09583
-2.20116
-0.46907
-2.69737
-0.21735
-0.96938
-2.42361
-0.00068
-1.69192
-2.63532
1.12612
4.79435
-2.90519
1.08876
-3.49403
0.46791
2.46757
2.87658
4.80301
1.46800
-3.44804
0.00196
1.94128
-0.07291
-6.25189
4.33363
-0.07536
-4.29349
1.98160
2.22550
3.56080
-2.58592
-2.66036
1.17523
0.75635
-0.07027
-2.57944
2.60543
2.28544
1.51125
-0.31994
3.65083
-3.96756
-0.28495
-0.01351
-1.91279
-1.42042
3.37209
3.80625
5.51661
-3.75025
-4.87266
2.78753
-1.95142
1.04532
1.35160
2.21873
-4.07776
-1.67867
-5.69144
-2.18121
0.59244
2.62686
3.57280
2.98210
0.79573
-1.15344
-0.11504
3.23280
-0.06803
4.23282
6.96975
0.82614
0.21958
0.98716
2.37592
0.73071
-3.32927
4.93566
1.75737
0.62001
3.28354
5.30045
1.00738
1.89161
0.26407
-4.92583
1.19127
4.11864
1.76141
-1.20275
2.92521
-0.93735
1.23163
1.98578
-0.06984
0.06800
3.70060
0.00089
-2.89066
-0.12710
1.04047
0.38717
-2.06083
3.25592
2.14205
-3.68497
0.44171
0.28740
-3.09543
-3.73840
2.99666
-2.04992
-0.62525
-1.25480
-0.66193
3.20004
-5.78165
-3.21943
-0.02163
-0.48122
-0.75151
-0.43172
1.64627
3.45374
-2.36933
0.30312
-2.27185
3.26524
1.82736
-1.19493
0.54569
1.74889
2.26854
3.91889
-2.30336
-0.89852
-0.06085
-0.25186
1.50976
0.42275
0.78637
-0.46617
-1.82386
-3.82990
-2.35538
-0.56976
-2.52119
-2.03752
-1.89895
5.08209
0.30077
-1.44945
2.76239
3.38252
-3.32544
1.48923
0.34712
0.31234
-3.79341
2.04324
3.29848
-1.29647
-0.76861
-4.24713
-0.13200
-1.11543
-6.35010
3.83379
3.32023
-1.09027
-3.03179
-0.73220
-2.66072
-2.95467
-2.34973
0.60035
-1.32874
-0.46670
-2.23833
-0.47145
-2.06320
-5.78042
1.25255
-2.12910
2.24957
-0.90859
0.57514
1.20455
-0.10384
-1.35158
1.67794
-4.29080
-2.42982
-1.15787
2.54313
-1.42319
-2.94337
-2.11597
0.65773
2.83761
0.78503
-2.61072
-0.28232
2.11070
-1.01885
-3.02493
0.72957
3.64373
3.25012
3.71346
0.03566
4.19966
1.27345
-1.69644
0.02623
2.50534
1.41814
0.38437
-1.47703
3.26217
1.21559
-0.68930
5.16422
-1.23926
-0.07533
-2.81564
-0.88493
0.42250
-0.28009
-3.71088
-1.78243
-0.99548
3.36069
-1.66868
-2.17313
-3.64315
-2.39869
-4.60993
-1.63452
0.71428
0.61180
2.42885
3.76182
-2.09053
0.26502
1.46021
0.34065
-1.59627
-1.94374
0.76239
-2.46584
-1.51711
-0.49674
3.64249
0.63528
0.92631
-3.67435
-0.22144
3.27942
-0.13258
-1.78090
-1.33820
4.85189
0.76855
0.67701
0.06228
-0.92133
0.87140
-3.28738
0.07243
1.47802
1.57049
1.97786
-0.29305
2.66922
0.00643
3.97324
-3.27398
2.53515
1.45539
-0.65997
0.33985
0.65020
0.54144
-0.61279
-3.53389
-1.37267
3.65804
-1.95392
-3.39788
-2.04437
1.86568
0.74902
2.09141
0.63086
1.12066
2.09576
6.11034
3.44483
0.36390
-2.10816
2.42120
-2.82608
-1.40838
-2.55472
3.00415
3.81776
-0.53353
5.20685
-2.86446
1.53879
-0.84693
-2.07901
1.36951
2.57213
0.16109
1.55867
-4.82998
-4.68843
0.94060
-1.40278
-1.44856
-3.19671
2.22834
1.68697
2.07891
-4.96044
-0.19164
4.70714
-2.58509
-3.13641
0.37473
-3.61656
1.20144
7.00253
-4.79790
-1.31845
-3.76613
2.56690
3.76725
-2.07130
0.70724
-1.35657
1.85397
-3.63826
-1.41946
-0.09147
1.31543
-4.01430
0.47176
3.72015
2.27268
3.08480
-0.88691
-2.78942
-0.95286
-2.09543
-0.91623
-2.31629
-0.52385
-1.77615
0.50873
-0.42388
0.12811
-2.00041
0.74251
0.43275
1.99908
1.40746
3.37197
-1.14254
1.50709
3.44840
-1.33223
4.93128
0.24756
-0.63063
1.77658
-2.16645
1.82887
1.68716
0.70458
2.01973
-1.26937
2.34529
-4.81618
-0.29685
-1.66835
1.54086
-0.64187
4.85475
-1.60467
-1.04385
2.45520
-0.41795
-0.83737
-1.74917
3.86001
4.03730
1.61023
-0.63551
2.46295
-2.09439
-0.02796
0.20716
-0.07191
1.21548
1.58083
-0.34596
0.66694
0.45537
-1.69081
-1.51512
-2.13123
0.47685
2.01811
-2.69496
1.64986
1.33530
0.94026
1.23716
0.73209
1.63820
-2.99407
1.14737
-4.96571
-1.02894
-0.07304
2.84308
1.03537
0.15339
4.48816
0.38096
-0.14812
-1.27556
-2.26896
0.23253
3.20488
0.88428
1.80569
-0.35390
-3.17187
0.32259
1.14086
1.42139
1.55251
4.93261
-3.11893
-2.49020
1.62350
-2.16825
-2.10074
0.47518
-0.01014
2.07255
-1.37574
3.85605
1.74477
-1.30560
-1.21171
2.15572
-1.43652
-2.16187
-2.47236
0.87953
-1.28302
-2.38913
-3.03479
2.33718
1.79300
-0.90584
2.85255
0.62510
-1.28274
2.46227
1.43713
-1.79700
-0.85405
-3.70075
0.54231
-0.47820
-2.59135
5.00117
0.10170
5.51881
1.57419
-2.58871
4.35628
-5.64316
-0.46437
-1.26376
0.07243
-3.89102
2.53819
1.63771
2.93329
-4.52540
-0.97403
1.36245
-0.49383
-0.86246
-1.01721
-0.12041
1.08559
-2.50557
3.06110
0.49203
-1.94113
2.18782
-2.76623
3.84911
-4.89683
-0.07702
-3.02004
-1.05778
1.12565
2.45325
-4.20028
1.02689
0.93365
-4.40155
1.41264
1.18258
1.13022
1.79693
-3.61613
1.03099
-3.55573
2.83339
0.38632
2.55034
3.05376
-0.21629
-4.41293
4.03019
-1.49937
-1.23321
1.02105
-1.12343
1.04098
-3.03110
0.35879
-0.73210
1.66877
-1.13043
-0.74263
-2.12411
1.19425
3.56809
-1.00671
-0.19923
-1.34228
1.21423
0.59064
1.29670
3.64915
0.27802
1.44428
0.58154
-6.16185
1.26080
-1.82915
-0.44583
-2.89481
2.14862
1.20008
-2.08442
0.72555
1.35624
0.94627
2.99569
-1.72601
-0.80193
0.48854
1.25785
3.33175
-2.19241
1.19836
4.52490
-0.27994
-0.86972
-1.60785
0.40031
1.98325
0.30525
-4.38450
0.34092
-2.26597
2.86933
2.20370
1.52848
-0.43712
0.45643
-1.56655
1.58675
1.54895
1.66204
-1.04892
-0.16228
2.05251
-0.60160
-2.85844
-2.93073
-0.79190
-0.43507
1.39645
-3.14778
0.37558
0.19956
-3.08694
4.70612
0.04284
-3.80780
-2.71478
1.83092
1.70797
0.32414
0.95506
3.45903
-1.04630
-0.03876
-0.66687
-1.06259
-0.87956
2.21037
-2.23494
-0.97063
1.79500
-4.67639
2.24286
-1.13549
0.28402
-0.87812
1.46074
-1.19283
2.23561
2.74853
-2.52241
-0.44300
0.86171
-5.33320
0.14478
-7.22106
-3.24661
-3.77318
4.05078
-1.35511
-0.26040
0.46919
0.68836
2.57321
-8.02528
-3.93732
-1.85419
1.42896
-2.65237
-0.06761
-0.15608
-2.05126
-0.16034
4.81344
-1.03270
-2.88079
-0.70597
-1.28932
2.80665
0.60659
1.56537
0.20224
-5.39735
-3.14929
-8.27709
0.19538
-3.92520
3.13466
-1.16227
-0.45063
-2.91026
-0.55020
1.05368
0.05277
-1.29572
1.51095
1.91970
-2.99990
-0.08544
-3.32074
-0.06211
2.66385
1.95031
1.81009
-2.75364
0.40100
-3.61012
2.64920
4.38945
-0.81285
1.73659
4.86163
5.93147
-0.41945
-1.21988
0.66945
-1.25885
0.45849
0.37673
-0.05334
-2.84487
1.28745
-2.88444
-1.88156
-3.80238
5.86445
-0.27306
4.33004
0.06247
1.75807
-2.99792
-3.58040
-3.19596
-0.92450
5.15802
-3.30723
-3.08111
6.17250
-0.98793
0.27341
2.10737
2.90275
1.89569
-1.00793
-5.64032
-1.05916
-1.13465
-0.15588
0.06578
-1.48865
-4.78391
-0.00513
1.97273
0.35813
-3.97647
0.29489
-2.91253
2.50184
6.31033
3.64014
-2.61911
1.64418
-0.66999
-1.53644
1.40880
-2.47380
-2.24876
-8.09604
2.63184
-3.46523
-2.29819
2.90122
1.06002
2.63220
2.49222
1.33387
2.99075
2.31165
1.86475
-5.54729
3.52626
-0.07438
1.75719
2.94002
-0.79417
-0.19031
-1.32678
0.36078
-0.36517
-0.60054
-2.40661
0.96920
1.66506
-2.29237
-2.24981
-1.69877
-1.54405
7.43328
1.37363
4.21059
-1.96605
5.19583
0.70705
-1.84012
-1.68844
4.04970
1.78272
-4.04791
2.43143
5.71145
-0.21499
0.89371
-2.74138
-0.77160
-0.97736
3.10577
-0.46987
3.56119
-1.09145
0.52928
-0.25571
-0.83007
3.20108
-1.31110
-4.67880
-4.18651
1.82102
1.42696
-3.00233
-0.71880
-1.53280
-2.54484
-2.06541
-0.83849
1.89686
-3.31229
3.40289
-3.14274
3.21440
0.34110
0.04828
-1.79633
1.54633
-0.12244
-2.71857
1.29827
4.52249
-0.03316
0.15457
0.85155
-1.93637
-2.86551
0.66151
0.92706
0.07871
-1.69773
-3.67423
1.66276
0.25103
-1.40931
-2.16028
-0.19008
-3.71703
-1.18788
4.58055
-0.39883
-0.33972
0.84661
-3.71647
-1.69901
-1.22537
3.59885
-0.27144
-0.71734
-2.00899
-4.13202
6.13732
-0.94893
3.22889
1.65596
0.94691
-4.39666
-3.75562
-2.66687
2.04777
-2.01502
-0.63353
-5.50660
-2.95884
-0.91029
0.58020
0.43222
-0.09631
4.15950
3.37187
0.88360
0.20939
6.05623
4.94489
2.98053
-2.46755
3.67239
-3.30439
1.24088
0.74677
2.22935
0.55259
-0.65396
-3.42080
0.68411
0.33218
-1.71567
-2.10885
-0.90363
-4.48088
0.91643
0.01030
-0.93579
-4.24501
-1.14684
-2.11283
0.71295
3.07832
-2.81091
0.40580
2.08676
1.60623
2.02236
-1.81454
-2.39010
3.80931
0.07722
0.01932
-2.99293
-0.88437
2.27954
3.74027
-0.62381
-1.95485
-5.09205
-0.14731
-3.42646
2.79031
1.33158
4.49560
-0.59235
-3.15395
2.27699
-1.69739
-0.37559
0.08136
-0.82747
-1.43972
2.54445
1.53158
0.86419
-4.51677
-1.71371
-5.99032
-2.35264
-0.24382
1.30490
1.33405
3.96748
1.62419
-2.35339
3.93184
-1.00185
-3.53188
0.01546
1.99127
-4.88041
-1.87824
0.78686
1.14083
-1.43620
-2.32730
3.22310
-1.28791
-4.35626
-3.62296
0.15186
2.44763
0.67682
-1.43534
-3.14136
-1.10738
-6.46074
0.90050
-0.98664
-2.11764
-0.96129
-0.50787
-1.02499
-1.64959
-3.20899
2.52588
-3.92758
-1.43826
-2.04142
1.83915
0.11015
4.82565
-0.29741
0.84079
-0.04162
-1.56803
0.95585
0.62613
-3.12675
-2.58439
0.01455
-1.57182
0.88925
-5.24837
1.56497
-0.55860
-4.05226
1.70520
-0.01375
2.18745
2.17627
2.70732
3.29078
1.68270
-1.82314
-0.43990
1.11089
-7.34206
-3.92338
2.28191
-3.67795
1.54873
-3.73837
-0.64194
-1.44402
2.13784
5.47749
-3.76805
1.58544
0.26125
-0.22965
2.50523
1.15061
-1.59210
3.20029
-2.88427
1.49235
-0.32134
-1.05377
2.01675
0.20955
0.00267
2.54108
0.62036
-1.16463
-0.64925
-1.82010
5.06356
-0.30325
-1.06644
0.41714
-1.75885
-1.24176
0.94275
0.40513
2.70119
2.28199
-2.49685
-1.52109
-0.44958
3.42604
1.48157
1.85172
-1.23559
-2.02023
-3.29540
3.91362
2.56089
-0.40620
1.81365
4.52585
-2.44207
-0.45145
1.46195
-5.16824
2.51692
2.17980
-3.19041
0.54105
-0.35567
-0.20307
-3.46049
2.58012
-4.15349
2.66551
-0.82737
1.58916
0.22931
-1.34432
-0.95393
-1.62807
1.69265
-2.17632
1.46913
1.37691
-2.38371
-2.66808
-4.14015
0.63521
-0.37504
1.93323
1.33418
1.45157
-1.64654
-4.37716
7.48671
0.78118
0.65352
-2.21433
2.86193
-0.31379
-0.39151
4.89140
-0.41697
-2.48279
4.74035
1.79167
-1.48093
2.66236
-1.90995
2.22098
-2.54623
4.23026
-7.15166
1.11418
3.77490
-0.23361
0.64258
-1.11193
-3.25824
3.57558
-3.97737
-5.08428
2.01990
-1.69373
0.49558
1.30570
-1.37279
-1.25804
0.73216
-0.88992
-2.59878
0.46040
2.46066
4.21397
1.22611
1.38743
-1.09307
-0.03092
-0.63572
-3.94018
-3.65100
0.18312
1.17313
-2.46234
-0.95430
2.21159
-0.80515
1.42867
0.09976
1.56440
1.21019
-0.76994
5.30741
-0.75628
3.37961
1.74505
-3.78419
-2.62695
1.19912
2.48216
3.47123
4.19958
0.81800
1.46007
1.20475
0.00108
-1.11672
-0.45610
-0.73807
-1.77734
-1.38886
0.62414
0.26745
5.64149
-2.17883
-1.33487
3.94938
-0.60542
-2.11828
4.29181
-0.13059
1.23478
2.05781
-0.37912
1.29656
-2.45387
4.07448
4.23828
-0.25624
0.14586
-0.66307
-2.01684
3.04748
0.49374
5.00143
-1.83586
0.50697
-1.24277
-3.97153
-4.66508
3.21973
-2.98657
6.48857
-0.41996
-0.24756
-4.72088
1.52084
-7.00629
-0.95803
0.24332
-0.54228
-5.12696
3.57875
2.24862
-2.24443
2.71921
2.06486
-3.16553
-1.16610
0.68546
-3.27266
-3.49474
-0.48702
0.45413
0.33793
4.59953
-0.26002
0.28020
1.39800
-2.85583
-1.14359
-2.55977
2.34829
0.13526
-1.00277
0.70162
2.34012
-1.57714
4.28417
-0.36462
-2.69441
-0.20545
4.56067
-2.20060
3.94008
1.21868
1.83626
1.64178
-1.68910
4.77566
3.27270
-0.13939
-1.12839
-0.88353
-1.08656
1.69256
-3.74783
1.57232
-1.64155
2.33358
1.36867
-4.80325
2.77540
-1.25785
0.56889
-3.45762
-3.31292
-3.91199
-2.36859
1.45252
3.21413
-3.97936
-1.17257
-0.63385
-4.07876
5.93236
4.66434
-1.45531
0.06418
-0.47280
0.41208
2.56138
0.63148
-0.52054
3.62553
-5.83576
-2.34416
8.10296
-1.44543
0.31016
2.08804
-3.49342
-3.28991
1.61079
0.92258
-0.71305
-2.89723
-4.57908
-2.48589
3.28789
-5.23511
-0.85587
-1.49236
0.81290
-0.58871
1.52544
-2.02566
-2.81684
-0.48843
-2.11543
0.77162
-0.04250
-2.41469
-3.34513
1.27563
1.17253
-1.29613
7.40195
-0.30591
1.98101
-2.35291
-0.16517
-2.23157
-3.03236
1.58439
2.55324
4.35257
-0.77151
-2.50542
-0.96759
0.90707
1.51534
0.55085
-2.09454
1.34394
-0.19787
-0.99742
2.25200
1.44838
-0.98550
-1.37088
1.18531
2.05033
3.43564
0.31492
-0.46609
-0.20472
3.02286
-0.88175
-1.60049
-0.44334
2.04994
-1.00421
6.73350
-2.04382
-0.31946
-1.70979
-0.49592
2.54646
3.23428
2.32653
-0.81096
-1.04726
0.81576
4.24508
1.35604
0.54451
3.11957
2.71808
-4.58291
-1.35162
0.25207
-1.68178
0.73030
1.32804
-1.64587
-6.49936
1.03459
-4.29654
-1.81394
-1.05137
3.31667
3.60615
4.35423
1.66268
-2.23044
6.12002
-2.93855
2.29960
3.38593
0.47281
-0.60514
-4.70383
-2.16828
-1.31456
0.28122
1.67923
1.74336
1.99668
3.89130
-4.21869
-1.16706
0.20789
-2.52316
-0.30267
3.09344
1.60271
-1.36775
-0.84996
5.21009
-4.49180
3.57009
0.33443
0.05493
1.47763
-2.85126
0.53472
-0.65030
3.17618
-6.54680
-2.22035
1.40378
0.53818
1.15903
0.89489
1.25577
0.72396
2.83653
-2.53359
-2.13722
-0.31237
3.52983
-2.27485
-2.60883
-1.08685
1.02012
-2.11311
-1.76940
0.10462
2.34678
-0.98900
-0.72611
0.46851
-0.69161
3.73310
1.14447
-0.99881
-1.05717
-0.21731
2.49182
1.01761
-3.56446
0.12423
2.33963
-3.38943
0.74563
0.80518
1.22805
-0.79516
-3.29699
1.17360
0.92481
6.43782
0.57599
-2.67028
1.35735
-0.18926
-0.74971
0.52480
0.18222
-1.61348
-4.06677
0.75019
-2.79274
-0.00854
-0.71663
-0.64245
2.77018
-3.73218
1.02232
-2.38657
-2.76845
3.35642
2.02643
-0.23418
3.60395
0.42495
0.35961
0.87466
-0.41502
-0.56617
-0.10802
4.50999
-1.92851
-1.94200
0.65571
-0.45572
3.07605
-0.56730
-2.81710
-0.96528
3.12397
0.88286
5.67143
-1.81771
3.26830
-2.69496
-0.61894
0.28420
-0.04270
0.32269
-0.33742
1.01492
-4.00319
2.07030
-1.19239
0.32800
-2.21751
1.79794
-0.22013
-0.59081
0.27594
-2.03729
-0.50604
-3.79883
-2.50470
0.11764
4.60915
2.05105
-0.46345
6.14709
7.32362
-1.87011
1.53339
-0.35456
-2.73107
4.08494
-0.74681
0.19112
-2.76960
2.08102
-0.45262
2.65248
-2.02430
0.34254
3.91039
1.86382
-3.53025
4.51530
-2.94064
-4.54007
3.81848
0.07976
0.33023
-3.36550
0.15852
-0.61717
0.35731
1.83826
0.47100
-0.43613
6.70378
2.23704
1.04251
-3.78545
2.21490
-2.47795
2.68920
3.38561
2.90814
-0.36029
-0.22235
0.56630
-0.35587
1.28363
-3.15646
0.18733
5.93203
2.67858
-2.21706
0.61490
-4.31672
1.66588
2.24187
-1.25039
-0.29661
-1.27559
5.13753
2.44351
0.15989
-1.45641
-1.22627
-4.67331
-2.48385
0.33812
0.84136
-0.14700
-1.02375
-2.60690
3.46098
-0.61044
-1.92626
-4.89837
0.81911
1.40736
-6.57098
2.43037
1.29926
-4.15946
0.88540
2.92398
-2.54512
-0.29873
0.50395
-0.87779
1.12440
0.52087
0.09590
6.45381
-4.75100
3.49043
5.37878
1.84080
1.46914
-2.68514
-2.62692
5.11883
-0.74558
3.58927
-5.49480
1.58183
-1.94379
-0.54097
2.86099
-1.38128
1.43860
3.10776
3.36595
2.71688
-2.33755
0.94621
-0.88925
-2.82891
3.74686
3.62483
2.63484
-2.73299
2.54161
-8.08094
3.70967
-3.61154
2.41474
0.86250
-3.15462
-3.17471
1.20124
-0.44385
-6.71627
5.37584
-1.13739
-0.25118
0.65628
-1.51539
0.68633
0.32503
-0.74913
2.54214
0.82530
1.52850
-1.99868
1.85694
2.85149
-3.31976
2.76848
-2.38395
1.85606
0.66147
3.03513
-0.45665
-2.01645
-3.24570
2.39541
5.13962
-2.27887
-0.05336
-2.58771
-1.20918
-1.31122
-3.09457
-1.67605
2.41022
-1.78552
-1.94482
1.18248
-3.90564
1.53128
-0.25587
-1.52509
-2.66998
0.27770
-3.09486
6.76327
1.65241
-2.46150
-3.32537
-5.44968
-4.99416
-0.01216
-1.14175
0.56769
-0.74542
-1.37553
-0.05639
-0.16413
0.73892
1.83671
1.78371
1.47237
-4.41220
-3.79070
-0.27681
-1.99703
3.51181
-1.37229
-1.70865
-1.81536
-4.39829
-0.23745
-4.03239
1.37223
0.16286
-0.66124
2.74630
2.24819
-0.64447
-1.93616
-1.86511
5.29414
-1.82849
-1.68762
0.17328
0.13167
2.46441
-0.41385
-1.44040
-2.26998
4.05202
1.23667
0.20026
4.15915
-0.74694
-0.33002
3.05449
-1.25993
0.64243
1.51706
0.47790
2.79118
-3.12254
1.74089
-0.63087
4.19513
-0.94380
-1.03245
-4.17729
-1.70087
2.51302
-1.99797
0.74677
-0.96536
3.22215
-0.53054
0.62627
-5.32009
-1.04171
1.43679
0.77831
2.00085
2.86881
2.73686
1.85699
1.12905
2.28208
-2.17282
0.34445
2.32160
-0.98479
0.41656
-3.34335
-0.25846
0.43800
-0.25361
4.47226
0.78124
5.87209
3.23439
-0.25561
7.10642
2.08632
1.87460
1.43041
2.82108
-1.21514
-0.66075
-2.36353
-0.31087
-2.30981
2.49530
0.39016
-4.25834
-1.20328
-1.27854
0.69916
6.68524
-0.51639
1.16455
-3.21483
-4.18246
5.75469
-5.79121
-2.26978
0.58498
0.06947
-0.47165
1.67531
-0.97717
-2.21755
-1.30677
6.11043
1.83314
5.32930
0.19546
0.65109
-0.62875
0.19245
-1.22884
-1.93905
-0.04287
-3.51362
3.57176
-4.14239
3.28282
-4.42425
-2.88401
3.12590
-4.05392
2.07093
5.16853
1.89570
-4.76905
-2.27073
-3.51110
2.72910
2.85015
3.82421
-2.78965
0.38159
1.21309
0.72588
-2.77461
5.06868
-0.09411
3.12815
-1.52359
3.90804
2.54912
2.94323
-3.04957
-5.38197
-3.99277
-4.54383
-1.01037
-1.63091
-4.30523
2.95400
-2.31213
0.06912
1.92849
-6.08431
-0.64405
1.26142
2.28158
-1.97917
-7.65255
1.13916
-2.64358
-1.42977
-2.88115
-3.19472
3.67813
-1.39034
3.84032
-5.03829
1.86002
1.02962
-0.11087
-3.24565
0.53488
0.26998
-1.59667
2.94711
-0.36292
1.60776
1.22122
-1.68028
0.40154
-3.92062
-3.21052
1.33324
2.54447
-0.50849
-2.12439
2.72169
0.85305
0.44953
-2.87112
-2.07256
-6.80790
0.97120
2.84066
-0.75344
4.35085
1.47869
-2.27057
-0.05805
-0.30751
4.83516
1.53564
1.14201
1.00834
2.88280
0.44347
-1.13244
0.94907
-0.92508
-2.89949
2.48216
0.74297
-4.59266
0.06100
-1.88548
-1.18542
-1.75139
3.60392
1.09930
-3.20714
-3.76808
1.98025
-4.98515
2.43761
-1.26176
3.51177
-2.55325
1.42556
3.05513
-3.67431
-1.95191
1.97208
0.91400
-0.08629
-0.75943
3.11232
0.26058
1.16212
-2.22896
0.30383
-0.73294
0.25354
0.63665
-0.74466
0.07784
-0.85543
-1.79032
-0.07543
-4.07174
4.04462
-0.92693
-0.52792
-2.46369
1.15088
4.26341
-0.54401
7.33958
-3.02531
1.45952
4.11075
-0.13422
-3.02215
0.59253
2.06893
-3.89056
-0.44245
1.20051
0.76976
1.25410
-2.55807
-4.12230
4.80567
-1.03699
2.04297
3.37852
0.25233
-1.66902
-2.38793
-3.59886
-2.08461
4.79312
0.02677
2.60038
3.80736
-1.34684
1.80045
0.67891
-1.26656
-2.65102
1.10757
0.05387
-5.21550
1.15682
-0.78630
-3.59574
0.31587
1.88386
-0.22099
1.78744
1.53624
1.78554
0.38666
-0.33412
-2.63672
3.67527
3.06537
-0.56265
-0.60561
-0.04999
-0.93481
0.35311
0.57656
-1.74451
1.50056
-0.30060
4.11735
-0.59771
-1.40944
1.15280
6.01663
0.63440
-2.88437
2.55594
5.76080
0.23569
-1.64010
-3.38540
-0.80609
1.39261
5.03139
2.89727
4.94665
-1.27308
-0.17797
-4.61134
2.20402
-5.75650
2.52292
2.25834
-5.73557
-1.51128
0.16941
0.22776
-1.43423
2.45074
-0.09549
-0.81180
3.45953
-0.81608
0.55895
-2.07215
-1.23292
2.14521
0.36370
2.15050
0.05808
-0.66935
1.80448
0.15988
1.26632
5.37145
-0.43025
-2.68108
-1.55013
-1.50067
0.19953
4.65141
2.51010
2.08119
0.08463
3.91236
-6.43797
2.85668
-0.54309
-1.83520
-3.27177
-6.40264
-2.63073
-3.66096
2.27743
-0.88174
2.06883
0.69169
-1.06293
-2.12215
2.01966
0.48758
0.04606
-0.76131
0.94019
-1.20040
-2.82269
1.40364
-1.93749
-4.31842
-2.74461
-0.47448
-3.70082
3.56565
0.42654
-0.56312
2.29868
0.59857
-0.22750
-0.93977
-0.33109
-2.55936
5.26030
-1.58620
-0.64079
-2.67986
-2.72379
-0.59203
2.83817
2.89639
-1.13861
1.05710
2.22382
4.34915
0.13823
-0.88358
0.12299
-0.16624
-2.59105
-4.29419
0.43921
3.26530
1.83040
-0.11937
2.82186
-7.51852
-3.92017
-0.91176
2.03091
-3.33901
-2.44081
-2.68193
-2.86533
-0.64333
-1.57552
-3.86662
-2.62930
0.29000
-1.59600
0.29520
2.68434
5.20668
-0.60961
-4.66335
-3.99017
-3.32075
-2.01971
-5.54820
-4.51649
-5.20821
-0.74369
1.68821
-1.95430
0.16855
-1.81898
1.94817
1.83420
-1.01152
-0.75579
6.22996
-2.20422
0.62035
-2.07493
1.55371
-1.56986
-2.51919
4.65902
1.19505
6.03380
-1.76358
-2.65100
-1.29428
1.97641
0.31109
3.39161
-1.44414
-1.39407
0.94245
-3.83334
-4.21950
-1.67336
-1.56401
1.70610
2.37176
-2.59883
-0.40314
2.01649
0.09020
0.12392
1.36810
2.37760
1.76809
-1.84492
0.99518
-3.27182
3.86714
-2.09476
4.12018
1.80195
1.07891
-2.99604
3.40343
-0.83137
3.57648
-1.66693
-2.06750
1.76840
-0.15424
-2.33716
2.07015
-0.01911
0.04544
-0.95583
-0.47774
2.38719
0.82463
-4.03252
-1.62849
0.99590
-2.09624
3.63052
-3.04857
1.12248
6.02641
-2.89497
1.51498
2.97847
-1.70592
0.32595
-4.18763
1.00572
0.44377
2.39562
-4.05472
3.91158
1.21566
-0.33296
1.49758
3.39958
2.73906
1.30242
-0.59102
4.59445
-2.03520
0.56539
-0.76456
1.00317
1.62580
2.79571
0.11985
-2.15727
-1.41543
-2.29453
0.94303
-1.00940
-2.84373
-2.77104
-2.65060
0.58766
-1.94671
-4.00304
1.93203
-0.73574
3.09955
1.38963
0.57351
0.09077
-0.90493
-4.13743
-0.50867
-0.52870
6.20059
-3.38790
-2.75835
4.19161
4.00693
-0.08379
0.49033
-2.37055
2.06254
0.22013
0.53494
1.07431
-5.01868
-0.53597
6.02109
-0.34870
-0.64332
-3.22263
5.57284
3.62133
1.94057
4.61198
2.96172
-2.18766
-2.15318
-1.67523
-2.48905
1.49613
2.01356
-5.16342
-0.87058
-7.00023
-1.08578
2.17598
-3.25465
-2.50390
-5.66094
0.22053
0.63505
3.13416
-2.03293
0.13543
-1.46767
-6.34384
0.93829
1.41032
0.08341
-0.32480
-3.91021
2.27478
0.42283
1.80937
-3.52814
0.22160
2.09641
-4.55155
3.67598
1.58194
-1.27067
-3.44633
-4.18356
4.89696
0.18282
-1.16987
0.09194
0.34903
-2.10538
-0.25899
4.68100
-1.45114
2.57629
-4.78901
-0.29917
-5.04297
-1.09321
-0.58594
-1.89438
-0.38659
-0.42257
-1.11213
0.03480
1.91107
-4.49870
-1.37247
-0.16571
-1.64249
-0.68204
-1.08491
2.22054
-1.67729
0.14844
3.60893
0.03802
-1.12362
0.89844
-1.58488
-0.42358
0.71209
-3.35377
1.27362
1.07598
-0.45676
0.98288
-0.00899
1.24901
-4.48781
2.01270
0.24355
4.10393
-0.74062
0.22214
2.71390
1.71380
-0.00430
0.23401
-1.15804
-2.87736
0.93488
0.63912
3.58405
-0.44720
-0.85989
1.33883
-2.18473
-0.07657
-4.10971
-3.55107
1.78827
0.22537
-4.25947
0.11175
-2.07878
0.29266
1.82467
-1.37081
4.39571
-1.62644
-2.54485
-4.39273
-1.37838
-0.44947
2.96145
0.83730
0.46702
4.05481
-1.33922
0.13782
-3.11593
-2.41299
-1.60719
4.43778
5.16930
-2.34951
-1.59899
-2.12999
0.65952
-1.11103
-3.34970
2.81745
-0.99907
-1.25136
-1.83867
-4.24280
-0.01640
0.86495
2.77410
-5.09285
2.21623
0.81377
-1.10359
-0.63316
-0.10694
2.75499
-0.71664
4.53912
-4.71590
0.48176
4.31709
1.46347
-4.07059
1.15997
5.37204
-1.56261
-2.22063
-2.43985
1.38795
-3.58282
-0.48030
2.09623
1.54671
-0.74230
-0.50991
-1.06585
3.05269
-1.02996
1.60521
2.43569
3.89313
-0.13660
1.05967
-0.09054
-1.74039
-0.15673
-0.12425
0.00254
0.79528
-2.13593
1.63958
-3.53376
0.77771
6.95602
-4.19241
-0.74718
0.77497
3.24463
-4.50110
0.90329
-4.02385
2.55545
1.20975
-0.19206
0.04847
-0.52147
-4.22665
1.27496
-1.17350
1.85244
-0.92044
3.96847
-0.28139
1.66799
-0.49732
8.30095
0.24932
-3.80048
1.87879
2.78822
1.33278
-0.26058
0.41136
3.78157
-2.57551
0.52093
2.54253
-0.38152
-2.77630
0.71505
-3.27280
1.18035
0.61455
-0.17411
-0.64307
4.41691
1.52660
-4.00646
4.07134
2.34406
4.20955
-0.29692
-0.54177
-3.62294
3.69320
1.31333
-2.83478
-0.38312
-0.74260
4.77806
0.09325
-4.63495
-5.04648
-0.38829
-2.84948
-1.84756
-3.83346
2.70605
1.82382
-1.72097
-1.01702
-2.58990
-0.76669
0.55543
3.31075
-0.33947
0.65204
1.90558
1.58536
-1.32481
3.39916
-4.39098
0.68419
0.13557
-5.17474
0.34819
-2.49356
2.49211
1.05131
0.95987
1.04157
-4.48433
3.36920
2.49260
-5.27600
0.01746
-1.15135
3.14536
-0.31209
0.92059
-3.67529
0.48114
0.92173
3.11408
0.33653
1.21269
-0.29411
3.15389
-0.73764
4.08518
-0.38203
-0.34334
-3.33626
-6.31274
0.77952
-3.91518
-5.72964
4.14346
3.96137
-0.50890
1.70960
-3.54113
2.02564
-0.09653
-1.15649
1.84982
-2.62343
1.37719
3.34514
-1.80015
0.17383
3.76258
3.91627
-1.23300
1.66667
-2.11461
-4.25084
2.06846
0.82728
1.38806
-3.63599
-0.46348
2.16447
-1.03203
1.94269
-1.96037
-2.06582
1.45435
-0.08390
-3.41926
0.77955
-2.31612
1.83633
-4.10080
1.72826
-0.29302
-0.76672
-6.12832
-3.03574
-1.14078
2.59075
2.21088
0.39365
2.54943
2.20486
-2.14744
5.94311
-6.37982
1.06356
-2.70064
-1.05946
-2.00416
-5.98726
4.01697
2.33290
2.62891
-0.20512
4.06335
3.25732
-1.83694
1.48933
-1.13348
0.83088
-1.17272
-1.72649
-4.05092
3.55179
-5.49448
2.31369
-1.29575
-0.79990
-5.43615
-2.22013
0.99555
2.44728
2.83270
-0.00998
-3.65938
-0.47361
0.59912
-2.63829
-2.67127
-1.84476
-3.38465
-2.35813
-0.43747
3.60738
-4.31721
6.01358
2.91524
2.21946
-1.96537
1.72008
-0.82639
3.56342
-2.12945
0.56409
-0.72458
3.67923
0.69229
0.60602
0.96498
-5.79757
0.00060
0.11041
1.42968
0.39252
-1.26870
3.68043
-0.93361
-2.16676
-0.08079
0.27822
2.17561
-3.87348
-4.89555
-3.01418
0.40178
-1.36291
0.73237
0.36026
0.69980
-2.85641
0.75934
-0.03023
0.35575
0.82917
2.14097
-1.28561
-1.03072
1.32536
-0.73432
2.12934
-2.73606
-0.57950
-0.66087
1.70033
0.00208
3.50255
-5.09102
-0.65174
-2.53075
-5.44273
-1.38454
1.06042
0.19553
-0.00510
-3.10059
-1.22337
-3.68758
-2.33631
2.66501
-2.92374
3.49674
-0.54070
-3.44956
-1.64046
-0.05306
-1.18638
-4.65488
4.40408
-0.07580
0.88130
-1.12033
3.20065
-1.92615
5.62112
1.50316
0.73452
2.65393
2.56479
2.25578
-0.89056
3.47995
-4.30339
-1.56446
-2.87302
-0.55055
4.18600
-3.20576
-0.53425
-2.75987
3.89207
-2.56991
1.36880
-1.97869
-3.96573
3.90972
-3.76665
2.80761
3.49522
2.66953
-3.07342
-2.44052
1.57980
2.38562
6.02916
-2.78904
0.44699
-0.29339
-2.57498
-0.29418
-0.48080
0.95987
-2.18768
-2.35701
3.50235
-0.05746
4.35227
2.10081
-4.90279
-0.28558
4.19809
-1.08374
2.21885
3.78110
0.17325
-3.09147
0.50189
-2.75145
4.76483
5.11618
1.47885
3.35603
-2.37587
-6.09714
2.78000
-2.67504
-0.70542
6.11697
3.24355
1.17593
3.52500
0.36620
-3.83860
0.55074
3.51632
-0.58617
-3.00400
1.82186
-0.60855
0.40229
-0.22793
-0.07366
-1.40587
-3.23843
0.76528
-1.40684
-1.60624
-3.83646
0.91272
-2.32908
-0.07395
-1.41006
-2.93826
0.98337
-3.22049
-3.48733
-3.79604
-2.92907
3.23561
-0.00784
-0.87277
-1.98867
-3.53802
-2.00085
-0.85054
-0.74157
1.14507
5.26867
3.67778
-1.05781
3.29408
-2.38333
1.04680
1.71692
0.64957
-2.74283
5.02021
-0.06134
-5.36727
-2.76805
-2.00982
-3.36126
0.07801
3.52863
1.67875
-0.24109
2.89657
-1.96551
-0.27766
-1.23938
-0.23373
-3.30501
-5.36918
4.99317
-4.14265
-2.09440
-5.20923
-3.74649
-4.52070
-1.20641
4.06874
-3.96544
-3.87932
2.77325
-0.00841
-0.62365
-1.87976
1.17424
-2.68950
0.74302
-0.18013
-0.65465
1.32584
0.57971
-3.11979
1.42433
-1.76188
-0.69069
1.88828
3.01934
-0.95678
3.44773
2.42255
4.82137
1.71705
-1.53819
6.33082
-3.80000
0.14398
-2.62232
1.37416
2.18296
2.70066
-1.17680
1.44916
0.22224
-1.66782
-1.70628
2.36232
-2.39800
0.63463
-5.15856
0.83991
2.77646
1.49649
2.84309
2.71469
2.09246
-1.68885
1.24848
-1.51106
1.79597
4.14167
-0.65985
-4.39004
-1.08631
-0.24269
4.56200
2.75402
4.15226
1.82297
1.72067
0.58973
-3.85916
5.74523
-2.40128
0.84201
1.24237
-0.99353
1.89289
-0.50544
0.10372
-2.11635
-5.06769
4.69571
0.67814
-0.86263
-0.68745
1.72883
-1.40552
-0.20542
0.71278
-1.05445
-0.44385
0.65704
-1.62023
1.62716
0.67172
4.83585
-2.78187
1.96407
-1.01939
-5.27763
3.27496
1.90756
-1.61028
-2.04642
-0.21254
-5.99931
-0.57835
1.76648
-1.56499
1.44885
-5.54922
0.93395
-2.50475
5.26054
0.80535
-4.00556
0.32466
-1.83133
0.87511
-4.06630
0.77499
-0.82249
-1.58975
-0.50919
1.00318
-0.93329
5.41158
1.03339
-2.13783
0.08193
0.75241
2.32440
-1.81371
-3.53765
0.11820
-1.27907
4.59672
-0.55730
4.56228
-7.07291
3.44980
0.23718
4.21372
1.53881
0.53006
-2.08791
1.15428
0.24427
4.35231
-2.01455
1.14043
3.59200
-0.47966
1.28479
1.22691
0.14801
4.49739
1.33343
0.94316
-0.86816
-1.89906
3.94331
2.11061
-1.07560
1.80681
5.62882
-3.48728
-0.22293
-6.84064
-1.21967
1.15679
-1.81930
-5.02722
-1.23015
0.87669
3.71906
1.77217
0.35396
-0.72657
-0.82736
1.60410
6.20491
0.20087
-1.58846
0.69281
-0.41514
1.11363
-4.39003
0.40544
4.41228
-3.06240
-0.45152
-3.91752
1.22130
-3.79161
2.39597
4.99256
1.37707
2.21039
-0.16859
-3.06964
-2.41927
-1.19873
-1.75786
-1.48128
2.49920
0.68816
-2.10144
-2.75602
-4.75668
2.15209
-1.38255
-2.93078
0.61153
-1.14775
-0.92107
3.55311
3.76875
-0.05582
-1.45058
-1.54447
-0.62021
-1.62329
0.60036
1.57139
-5.60930
2.09577
2.41528
-2.81107
-0.20388
0.96032
4.91996
-2.40406
1.82797
1.72855
1.67062
1.04279
4.04900
-1.08447
1.12138
1.53522
-0.97622
-0.72466
1.67979
-2.38866
-6.97599
3.51048
-1.00860
1.01431
-2.03385
4.99704
-0.08688
7.42794
-2.05347
0.49351
-0.58021
0.72540
-2.64645
-0.61671
-1.08045
0.57231
3.84929
2.63957
-2.64506
1.05284
2.32106
1.37018
1.94036
2.97918
-3.61826
2.21842
3.99720
-0.99169
-1.83335
1.61348
0.72354
1.69236
-1.47491
0.68798
-2.85426
1.35501
0.86955
-3.56614
-2.98026
-1.88896
0.38003
-1.62455
-0.24884
-1.88229
-3.11983
0.35927
0.57748
-0.48578
-0.05749
1.41091
-0.53018
0.80112
-4.86761
1.06956
-0.79240
-2.40423
2.36267
2.92531
0.59770
0.26516
-2.19793
3.55564
1.23989
-2.04098
1.81360
0.61705
-1.29494
0.08834
2.79853
-1.07979
1.80383
-0.66538
0.28888
-0.24767
-0.49631
-1.08846
2.74106
-2.73271
-1.30452
2.87000
-2.58652
-3.33137
0.59785
3.88097
-2.36982
1.29418
-2.40854
-0.36251
-1.82574
2.55784
-2.41550
2.69591
2.52318
-0.93848
1.67547
-0.24832
-2.57234
0.91225
-1.48481
0.45563
6.65058
3.41230
4.72050
-3.23867
-1.97399
-0.75894
2.46834
-0.21742
-0.15878
4.08784
0.63703
3.98115
-1.23382
1.53094
-3.25264
-0.09643
0.00097
3.15210
-0.45666
-3.64652
0.15739
-0.22911
0.63875
-1.32474
0.30153
2.15078
-2.73637
0.54066
-0.07297
0.44296
0.17827
-3.72355
-0.06707
2.13380
0.76042
-0.55722
-0.88417
-3.29629
0.92646
0.90917
3.55419
-1.37043
6.49792
-2.98968
-2.49553
0.50476
4.14390
-2.41205
3.00702
-3.45050
0.95652
0.78822
0.89992
-2.89420
1.76808
0.16223
-5.46459
2.84121
-3.37273
-1.85960
-4.61794
-1.42191
0.44911
-5.85316
2.63565
3.39083
2.97035
-0.58735
-0.02704
-0.95201
-5.16220
-2.20903
-3.51027
-0.95231
-0.59744
1.09558
3.81210
-3.17761
-2.63332
-5.10097
0.83345
-2.19646
2.53549
-0.78183
-2.11734
3.01213
0.93467
-2.03501
2.42612
-1.39299
-1.02432
-2.52324
2.11309
-2.47867
-3.25457
1.69025
-6.26716
-4.53838
-3.73504
-2.10199
-3.07380
-0.01088
-2.99335
-4.13532
-1.18079
4.96722
-0.10169
-0.08829
0.52225
1.63367
-0.16603
1.83314
0.36780
-0.29657
-2.31063
0.23636
1.02169
3.23155
1.40483
-1.56237
-2.99732
1.40138
-0.20210
0.04615
-4.76274
-0.51115
0.37463
1.19702
-3.48703
-1.99690
0.05432
0.67051
-3.39178
-3.49387
1.22569
0.18726
3.28687
-0.43979
0.56546
-3.22001
1.33828
-0.21613
1.87442
4.17691
-2.50967
-2.06118
-1.60239
-1.89761
5.59013
3.84024
-0.51429
-2.01898
0.11923
-6.81907
-0.38971
-0.23944
0.07466
-6.17790
1.76924
-2.66046
-2.11759
-0.41392
-0.16256
-0.60174
1.11483
-1.07251
2.84392
0.62665
-1.96219
-1.73008
-2.25720
0.68434
-0.70889
2.39097
3.77757
1.08950
-0.63257
-2.73305
2.45237
-1.91878
-0.15725
0.56945
-3.15658
-0.73484
-1.14072
-2.38304
6.01189
0.41521
-0.34588
3.55379
-1.01023
-5.18311
-3.20465
2.44380
0.20515
-1.25758
-0.05830
0.27750
-0.39441
0.94034
2.41834
-3.58248
1.64776
2.77862
-1.55978
-1.07831
-3.85744
-0.89958
2.12529
1.59671
4.77691
-6.46537
0.24351
2.60466
1.03014
-1.03848
-0.41366
3.58350
-1.92161
2.17656
1.84249
1.04086
-0.19720
-0.39267
-0.66835
-3.86424
-4.28042
2.11266
5.89895
2.63575
1.54849
2.20103
1.81921
-1.41918
2.04479
4.58258
1.07292
1.94237
2.01960
3.20983
3.12677
2.95389
-1.81540
-3.92086
-5.31344
1.94290
-0.29185
-2.97576
-1.72313
-0.70665
1.34724
-5.19043
-2.71844
-0.49382
-2.79365
3.16006
-0.69966
-2.95083
0.51208
-0.02724
-2.16815
3.14583
-2.94331
-2.19032
0.41309
1.71393
-0.65611
0.25836
2.20725
4.11013
-0.95059
1.79629
4.19389
1.49832
-1.46419
-3.17848
0.44243
-0.40010
4.14513
-2.04299
-4.23276
-1.67632
-3.95803
1.09573
1.01860
-1.81085
-3.12551
-1.07587
0.12286
3.16764
1.82474
-0.75190
-2.51226
2.66073
2.19326
2.16828
3.32459
0.62727
-2.45319
-2.21274
1.23707
2.44661
4.75112
2.06616
-3.96878
4.10318
-1.57163
-0.42198
-6.11374
2.87601
0.67552
-2.99110
-4.08005
0.95419
0.93199
-0.45774
0.84187
2.20434
1.62829
-1.99695
2.60614
-1.13963
2.64711
2.02004
1.92801
4.55408
-2.19876
-0.94216
-0.61257
-0.75917
-1.47281
0.07264
-0.10569
-0.80577
-1.28255
3.44712
0.15257
-3.13914
4.30935
1.54669
3.46006
3.88178
2.05598
4.76699
0.18134
4.26160
1.41614
-4.32370
1.85203
0.73657
0.41251
-1.65025
0.68942
7.17399
-2.50777
-3.89795
-5.21282
0.58778
4.69835
2.07664
0.53530
0.42741
-0.67826
-3.74850
1.63468
-3.61009
1.72986
-1.67689
-1.62968
-1.07180
-4.68280
-0.66247
-1.92263
-1.42661
-1.01400
2.88806
1.02748
-2.46141
-2.85250
-4.24045
0.47386
1.82157
3.06316
-3.87228
1.67965
-1.11735
-0.60966
2.12278
-0.71801
-0.68600
-1.15319
-3.72375
-2.06544
4.29734
4.30880
-2.15180
-1.90872
0.33176
-1.48146
0.37921
1.19893
1.35663
1.58981
-0.74305
-0.47297
-0.24508
-0.29197
2.44961
-3.88265
3.68999
-2.46685
2.60934
0.31044
1.65422
-0.10818
2.51307
-6.90736
1.12633
-3.61506
-1.86240
-0.30048
-0.64082
0.66399
1.78971
1.86274
-0.94893
-1.81136
3.16660
5.54743
0.87818
-2.00932
-0.75239
0.46051
0.65583
-5.48862
2.27697
-1.57998
-3.29566
0.83047
0.58024
1.58179
-1.01701
2.98035
3.11355
0.27175
2.28179
0.41787
-2.61945
-0.38239
4.02006
-2.96778
-0.78338
-1.53648
2.40725
-0.83532
0.20520
4.43850
1.16002
-0.90776
3.58699
-4.99391
-2.47395
0.37391
1.80818
2.60942
-0.07467
4.30809
-6.90115
1.60882
2.34786
1.77459
0.86995
-3.87914
0.03142
0.47465
-0.88306
-0.87444
-0.23731
1.77588
1.65354
-2.65654
0.64225
1.12310
2.05385
-0.96137
-2.75278
0.10073
4.36033
-2.12148
-0.85654
-2.76908
-2.53631
7.64059
0.52698
5.50897
0.39355
1.78538
-1.03150
-1.64054
-2.56173
4.00231
0.16644
2.88800
1.86375
0.18298
0.49791
0.89436
0.56538
-4.98454
-4.82342
-0.94269
-3.27508
-0.31970
3.65370
-4.10636
-0.71125
0.45214
-1.89977
-0.81832
-1.85487
-0.63922
-2.44147
-0.41235
-6.27787
-0.72267
0.15887
3.56064
2.02703
2.25978
-0.76533
1.10998
0.88944
-2.96619
1.56991
1.78192
1.99800
4.10064
1.93243
0.21536
-1.39075
2.28984
-1.92230
-3.38975
0.70409
-5.83338
1.64995
2.02197
0.18106
1.40227
-7.16765
0.29266
1.20098
-3.84020
-4.25500
-0.74497
0.12671
-3.96421
1.84768
-0.07888
2.32611
0.73154
2.22895
2.13869
3.35240
-4.06890
4.35973
-2.01014
0.70012
3.05284
-5.26029
5.82598
1.68295
2.65547
-5.76591
-0.22519
-1.11220
-8.73353
-0.64475
-4.63072
3.88594
-0.32114
-2.70905
2.46209
-5.68848
3.65059
-0.29123
-2.49846
1.12857
2.35712
0.09663
-1.63717
3.25240
-1.24293
0.75647
-4.79075
3.27203
-1.23116
5.39889
1.70469
0.06402
1.49338
1.09453
1.29587
-0.97106
-0.53711
-3.16699
2.08474
-3.04299
0.00651
0.69053
-1.53040
4.44643
-4.97154
1.12200
-2.53057
-1.51073
0.47773
0.15852
4.31914
-1.22351
1.85734
-4.70717
-0.35429
4.13089
-0.39701
1.53805
-3.82164
-0.12392
1.17712
1.63161
-2.13169
-0.15495
0.94867
3.90671
-2.39621
2.16854
-2.63486
-2.02970
4.20184
-0.43920
-2.68611
-5.01299
-0.71457
-1.45871
1.61173
-4.09916
4.69543
-3.79532
-0.26377
-6.65822
-0.98876
-1.21763
1.31082
0.17313
1.16649
1.58514
-0.17854
4.87697
-0.81095
-2.82434
-1.13300
-1.73832
-1.20097
-1.34313
-2.18800
-0.67730
2.44831
4.05236
-1.06098
1.95118
-2.91879
1.14574
-0.81001
-2.91807
-3.74448
-0.97025
-5.27064
0.87090
-1.03006
-0.03016
-1.74735
0.99403
1.16236
2.67603
-0.41648
0.29316
-7.03908
0.77297
0.81929
-1.72066
0.51968
-1.40861
-0.83255
-0.20593
1.39980
3.23534
-0.60470
-4.69391
5.44653
0.88400
0.14826
6.33958
-4.84867
-0.36055
-0.71683
2.37442
-0.15283
1.70977
-3.38663
-0.90907
0.80713
2.61562
3.49462
1.76663
-1.42169
-4.48830
1.42475
-2.11550
-0.80113
-2.49506
0.09973
1.60805
-4.31104
-1.46338
0.81840
-0.84244
-2.24125
2.32920
2.38856
0.10459
2.83982
2.84366
1.66290
-0.24204
-2.83115
1.67458
4.35132
0.97292
-3.45277
-3.84805
-2.11850
-0.67505
1.40632
1.82346
-1.51399
-0.25399
-3.82690
-0.69282
-6.88551
-1.46788
3.42857
2.82488
-0.71458
-0.88208
2.51354
-1.65303
2.01476
-1.63874
0.78419
-0.93406
6.13852
6.58172
2.71739
-0.69819
-2.68161
1.59284
-5.17764
-2.14765
-3.22288
-2.15520
-3.30195
-0.14630
4.94134
1.83016
5.44047
0.82019
0.79301
3.84534
-1.05181
-1.47943
1.66332
1.87769
-1.98441
-8.78276
-0.75326
-0.35068
-3.00891
2.80370
-1.53706
-4.07820
-0.87772
-2.29084
-3.75981
5.32357
-2.13109
-2.99730
0.27572
5.07184
-0.35680
-1.58859
0.60582
1.92231
-2.53042
-3.32840
-0.63288
-2.31473
5.48327
-3.95733
4.66430
3.54166
-1.10825
3.12877
-0.52823
-1.11718
-2.79613
2.00256
-5.52591
0.96970
0.29569
-3.71124
0.17583
1.73671
4.68445
-1.97606
3.29413
-1.82455
-2.52699
-1.51715
-1.64608
-1.69100
1.82197
1.92309
-0.81948
-2.85935
5.48234
2.28353
-1.25869
2.81522
-0.18430
-7.04045
1.63381
1.82804
0.31671
-0.85256
-0.91416
-3.52848
-3.29082
0.04952
3.58865
-1.12267
-2.16836
0.78595
-2.27150
0.72008
-1.09378
0.51843
4.39689
2.87069
0.17419
1.16642
3.38382
2.88343
-1.36673
-1.07579
2.61734
-0.63942
4.01928
-5.71816
0.08863
-2.55409
-1.73563
-2.15662
1.38506
3.04064
1.01561
-1.19824
1.94103
0.23936
-4.18508
-1.59814
1.72136
-3.28634
-1.22440
1.36596
-1.34347
2.68018
2.95597
3.11759
-0.60516
-1.53563
-1.29524
3.52200
-1.64535
0.34706
-0.09520
3.28769
3.66501
0.72734
-1.86984
-1.25881
-0.01689
-5.17633
0.57155
-1.76728
-3.62458
-2.25961
-1.40129
-0.60970
-2.03673
-2.39613
-2.99158
-4.88236
0.58339
1.39384
1.29699
2.53862
-2.00696
3.46175
0.82559
0.00662
-1.79800
-0.46106
5.05712
-0.94547
3.33041
-1.65037
-1.09463
1.01793
-1.10247
-1.25951
-3.86194
-2.20484
-0.41406
-3.12952
1.41760
-0.13806
-1.55986
-1.31238
-2.46938
0.42196
-4.84426
3.93422
-3.47596
2.00462
3.33044
2.64936
5.09956
-1.96726
2.43278
-1.34571
-5.56009
-2.38704
-2.43208
2.20346
0.12048
-0.03778
-0.70093
0.66240
-0.13323
0.70149
4.19555
5.38621
1.89780
0.41812
3.22746
-2.81666
1.55320
3.46830
-1.55988
-1.89423
2.26166
5.83368
1.93423
4.35812
3.48701
2.48407
2.22870
-0.74765
-4.71736
-0.26325
0.64336
4.97175
-2.16132
-3.89428
-1.32959
3.87381
-1.15624
1.89557
-1.77255
-0.87861
-3.83111
0.01449
1.47781
0.75158
3.36516
0.26772
-1.62822
-2.53975
-0.96411
-2.49598
3.63766
0.39110
-4.03317
5.08035
2.13809
-3.59137
-0.25213
-2.45295
3.42038
-2.16867
-5.76397
-2.05947
-4.72835
0.81530
1.44604
-3.44006
-0.65465
-3.53644
0.29513
1.86815
-2.96573
-0.89365
-5.62458
-3.80461
1.67893
-1.29525
-3.09632
0.17326
1.71212
-0.42679
3.69602
2.61184
-1.22549
-0.68996
-3.50514
-4.95557
0.15913
-1.79754
2.89190
1.46115
5.37434
-4.83751
0.23449
-2.22199
0.37712
-3.01718
0.96146
-0.39529
-2.30698
-2.02387
2.43621
-1.70471
3.79432
1.88222
0.81377
-2.83749
1.72148
2.08413
3.02704
-1.39135
-2.77987
0.04627
0.95802
0.92386
2.95066
-0.20467
3.95126
0.94538
2.47189
-0.01855
-1.16341
3.25791
-2.26202
0.60230
-0.08910
-1.94220
3.08663
-0.61056
-4.83540
0.52693
0.98202
3.56605
-0.01654
-1.69673
1.13466
0.64682
0.74439
3.39037
1.01922
4.39107
0.07096
-1.20793
3.89736
1.32328
-0.44060
2.57699
-0.18024
-0.46052
1.10194
3.88229
0.18037
-0.00758
3.79168
-2.29241
0.96413
-0.95344
0.56804
3.40042
-0.37045
-2.42557
-1.99380
-1.00166
1.57239
2.79009
-1.33072
-2.52569
2.31565
2.83160
4.25951
-5.85447
-1.64456
-1.22440
-0.50980
3.91289
1.00461
5.08768
2.22967
0.32521
-4.15634
2.52643
1.15841
3.25234
-1.95539
-0.66327
-0.69452
0.47544
-1.19723
-3.20884
4.44267
-2.81059
3.08415
-2.23602
0.28103
-2.09381
-3.34004
1.21189
4.06393
0.82635
6.26602
-3.03586
1.60280
-0.08936
4.79282
-0.65605
-1.67904
3.00142
2.99980
3.02849
-1.94225
1.22177
2.52120
-3.44721
-5.64634
2.19285
-3.49289
0.34204
-0.11465
-3.71325
2.02336
-3.66425
3.04233
-2.32809
1.73960
-3.99931
-3.33423
-3.26756
-0.77907
-3.06819
2.88359
-2.22905
0.17128
-1.03841
-0.32120
-2.54592
2.80173
-1.27269
2.07174
1.53416
-2.54335
0.11989
1.74539
1.06607
-3.11155
1.67624
2.38463
1.16197
-4.61265
-2.90229
3.48938
-3.12980
-2.72819
-0.94551
-3.76911
-0.58433
-0.82104
-0.79977
-1.99980
1.33304
-4.01887
-2.58188
1.39001
1.76047
1.11761
2.68092
3.80827
3.52273
-4.12304
0.88176
1.99438
2.79158
-4.12710
-1.74822
0.64464
2.38714
2.65048
-8.57913
-2.29091
1.26524
1.06430
1.90159
-3.40408
0.84636
5.10969
3.86803
0.31293
-0.95420
-2.13400
-1.40412
-1.64795
0.02537
4.49190
-2.50697
-0.53227
0.82160
0.93601
1.31991
0.64174
-1.82077
-5.91678
3.47253
0.24251
3.78347
1.55367
-1.40480
1.98003
3.07374
0.96348
1.27344
-0.59531
1.64755
-2.94382
1.63037
-0.60066
0.33919
1.39701
-0.52986
-2.36143
-5.38897
2.08232
-5.08411
3.39019
-3.98183
-1.32853
-2.51464
-1.92899
-4.32963
-0.25899
-0.19797
0.72085
1.36518
-0.43668
-0.73052
-2.06907
4.20066
2.15814
-0.82242
-3.90512
-0.64712
0.43589
4.83392
0.52963
2.03171
2.99352
2.17365
4.32045
-0.25735
2.70200
0.21315
1.33337
-3.67325
-2.39373
3.69210
2.98679
0.12445
0.83368
2.35838
-0.52154
1.13404
-4.04913
-2.23328
1.67153
-2.51017
-1.77272
3.64739
-0.80002
-4.66464
-2.64098
2.25210
-2.05308
3.92067
-1.62710
0.98355
0.60346
2.16351
0.69831
-0.37929
0.90385
-0.58094
-3.99105
1.32910
0.37306
-0.97273
-1.89723
-1.18616
0.87337
-0.88906
-4.19403
-1.02170
5.41396
-0.39079
-0.60292
2.84499
1.30325
-1.70643
-3.56547
0.09390
-3.78483
3.92561
-5.48442
2.50527
-1.05868
-2.07018
-0.90179
-3.56514
4.17749
1.41096
-3.08412
-4.53942
-1.41032
1.50258
-0.28893
-5.16691
0.48348
1.23029
-3.64691
-2.24048
0.11680
-3.30225
-1.89838
0.25687
3.04677
0.87588
-4.14940
0.94033
0.49308
-1.91630
-4.79339
-3.64720
0.44070
-0.88438
-2.59754
-2.42912
2.59682
0.09453
3.55957
3.66860
3.08519
2.57508
-1.75882
0.62735
8.07364
-3.56515
-2.66181
2.97196
-2.27628
0.01244
-0.55736
3.58746
-6.26490
-1.85985
-2.34496
6.21238
5.78775
-0.47320
4.30999
-0.64381
1.38044
-3.12751
1.10595
-2.58965
0.42612
4.54517
-0.15345
3.41234
-0.60713
-0.01547
-3.34203
1.57191
-3.20487
-2.51008
0.53882
-1.40715
0.12026
3.55975
-1.49018
-2.42715
-0.46495
-1.93138
-2.80318
-1.64753
-0.45770
3.57514
-1.35289
-2.83456
-1.61597
4.75573
0.53409
0.13763
-4.41210
-0.58608
5.74855
-3.56523
-3.46224
3.14275
-3.55465
1.23022
-1.37338
6.65652
3.30032
4.32637
-2.47759
1.17350
-2.99970
-2.25534
-3.30815
3.77509
1.04160
-2.35903
0.96555
-1.24792
3.11236
-0.75066
-2.81405
-1.05350
-2.00391
3.82971
4.33443
0.55216
2.16222
-1.20678
-0.94339
-0.32313
1.86571
3.55983
0.36926
-0.83184
0.33968
2.42308
0.76886
-0.63398
-2.87713
0.37070
4.61925
-3.56697
0.95538
-0.64389
-6.33047
5.36160
0.00718
-0.74255
0.80373
1.16615
0.49462
-3.09512
-0.45862
-3.16899
1.37271
3.62527
2.48279
7.33285
0.70399
0.48259
0.82915
0.74871
-4.82185
2.35596
1.19458
-1.33695
-1.91389
2.77993
1.67624
-2.19142
0.49925
-3.09561
-2.46667
-2.89286
0.00580
1.70519
2.48788
-0.74089
-2.44086
1.24385
3.95800
-0.87377
-1.65898
-0.58997
-1.03332
3.28006
8.13674
1.07592
-2.00066
-2.32621
0.62379
-5.14439
-2.76597
3.67365
2.86553
-1.09898
-5.90954
2.54551
-0.93178
-3.69909
-6.96253
-4.17035
1.60946
3.68951
6.47776
-1.36433
4.46369
-1.64455
1.63934
-3.96797
-2.49843
3.20221
-2.00597
-4.28133
0.03213
0.87966
2.54361
-2.54913
-2.35890
0.03662
5.14405
2.25079
0.71223
4.84487
-1.96660
-1.82203
0.64356
1.03047
1.26966
1.07111
2.54945
-0.19864
-3.37108
-2.35460
0.09246
-7.65093
0.51435
-0.57588
1.55238
1.05156
6.26435
0.91368
0.06868
0.57999
-1.14354
-0.33389
1.25555
-1.66795
-1.42670
0.18083
-0.14779
-0.26965
0.99369
-0.91194
0.84497
-4.55200
0.93904
-0.94899
-2.33565
1.04250
-1.67386
-0.09583
-1.92760
-0.85089
2.52023
0.70423
-1.52764
0.40568
1.21868
3.04562
2.53931
1.76562
-3.52407
-1.12324
-1.35328
-5.27643
0.10009
-3.02291
0.25135
-4.81451
-1.06951
3.10781
-1.23976
0.90397
-4.49717
2.76815
0.60829
2.74252
-4.64805
-2.31733
-2.55720
1.29291
-0.14966
3.09849
2.54788
1.72292
0.89169
-1.94757
4.23113
-1.90562
-2.54408
-2.09574
1.26350
2.80182
-1.71325
-0.17967
0.24676
1.06581
1.96541
0.95604
1.93150
0.49100
-1.56333
-1.08230
-0.94159
4.17603
2.65756
3.40568
0.35139
-1.98444
0.04764
3.19238
-2.57368
-0.99162
-2.46680
-0.03095
-3.01663
-1.73507
0.23816
0.25459
-2.41499
1.92068
1.18549
2.12857
3.75438
-1.28873
0.24194
6.66619
2.28296
-2.62847
2.90991
2.66006
-0.71870
6.23177
2.32063
1.26420
2.31984
-2.55946
0.57423
-1.42776
4.01137
-3.64564
1.15667
-0.72392
3.54022
-5.58252
-0.54082
-0.83544
2.10927
-0.43199
-0.19938
-2.65172
-1.00652
-5.25672
-3.27511
2.99936
-2.87486
5.47020
0.16236
3.15612
-0.99252
4.36428
1.54245
2.48389
5.60059
1.54256
-2.50296
3.04465
-5.21593
0.37577
0.56872
0.08666
0.72004
1.14701
2.91489
2.35096
2.50737
0.56423
-2.81233
-0.53715
0.93434
1.40936
2.86456
-4.27609
-2.91970
1.94245
-1.22733
-2.34452
3.79834
2.84318
-3.43570
-0.21389
1.08984
6.55412
-2.29507
-2.18424
-1.12378
-0.72368
2.48274
-1.28861
1.12982
1.44815
-0.66037
0.65853
3.10713
1.03937
3.99279
2.79975
0.11691
1.36615
-2.76225
1.49963
2.82424
-2.13968
3.58440
-5.07705
-0.10760
2.06393
4.14979
-4.66829
-1.86559
0.50937
-1.49528
-0.87218
4.56813
-0.31155
0.32250
-0.21668
-2.22415
1.34163
1.91354
-2.02984
-0.09174
-1.80591
1.43375
3.83519
-0.56253
-2.11229
-2.31475
-1.65234
3.17300
-0.37302
0.42030
4.38943
2.89607
-3.76877
-3.96656
-0.23449
1.16469
1.18941
0.99281
2.84849
-3.91200
0.71652
-3.44336
0.78278
-1.18794
-1.07713
1.24505
-1.91535
2.68862
-3.26614
4.10016
-1.93184
3.67217
-1.70255
1.93570
-0.68203
-0.81030
3.30728
-1.15179
0.66348
-2.98405
-2.03161
1.57852
0.04090
-0.42053
-3.62550
1.60805
3.97812
2.68411
-1.72181
3.52104
1.55047
-1.39155
-5.13805
1.76019
-3.66754
-2.07605
0.61141
0.65982
0.29250
-3.38059
5.09228
3.23123
-3.98558
2.44218
-1.28626
-5.67709
-6.36254
-0.90548
-1.36078
4.49256
-1.29317
-0.54159
2.49501
3.63247
-4.09743
-0.30243
-0.37410
-2.27721
-1.49970
-2.74641
3.51044
-1.61003
4.46883
1.28072
3.75619
5.59634
0.58079
2.84652
3.67848
1.16632
1.74472
0.44198
0.36780
0.04566
0.02512
2.48655
2.43204
1.08128
-1.26463
4.38575
-2.36879
-0.63819
-2.92267
-0.89682
-1.62537
0.45337
2.80298
2.10124
3.82004
-0.97439
0.26358
-2.05359
3.37994
3.83434
-2.23068
2.37919
-1.37304
-3.38144
-0.40816
-1.90676
2.42764
-1.19915
-2.99995
3.36381
4.58350
1.20540
2.93823
-2.15178
-1.13015
2.44215
-1.58081
2.90165
-2.76073
-1.83408
-0.39421
2.28854
3.45857
1.30272
-2.51682
5.86792
2.66219
-1.72821
-2.85815
3.22506
-3.18331
-1.72935
-5.03620
0.50406
5.18238
-4.55893
-3.64583
1.73134
2.34761
-4.31533
-1.51625
0.13201
-2.46030
-0.07047
-2.35206
-3.87917
-0.02324
-0.91418
-1.84468
0.50713
-1.48847
4.30491
-2.97954
-1.63748
-2.45408
4.22981
0.63649
-0.57659
-2.66977
-2.23411
3.18540
2.53968
-1.58776
-3.43747
-3.45176
0.64888
1.04118
0.02007
0.07153
-0.44124
-1.91421
1.43835
5.05606
0.23869
-0.51113
-1.88769
0.28117
-0.46724
-2.87470
-3.25363
-2.57639
1.94747
-0.14860
-0.22444
-0.74375
4.06095
2.10740
-2.93920
0.21698
7.19137
4.42137
-0.72029
-2.78218
-3.19427
3.50345
-1.23858
-2.55575
-0.35266
-0.80031
1.46861
4.41379
0.17357
2.94124
-0.81127
-0.48841
2.75951
-1.53934
1.28229
0.48820
0.82049
2.90121
-2.58353
-0.87121
2.18077
-0.57799
0.54328
4.48196
1.13266
2.02560
3.31595
3.85228
-0.16972
2.81503
0.33242
-2.81580
-1.75321
1.42486
3.01035
0.13520
1.62127
5.48790
0.85624
1.94464
-2.24185
-1.27795
-0.40988
0.09878
5.41831
1.22999
2.29566
-3.17119
-1.33148
-2.76986
-3.10562
4.34896
-4.85397
-1.59281
-0.31041
1.19259
-2.08533
2.67811
2.11145
-1.49658
0.92309
2.29629
-0.18415
2.96053
-0.63132
3.67226
-3.44755
-0.51426
-1.03852
0.97525
-1.19166
0.49080
1.95016
2.18742
1.70163
-0.58778
-3.45840
2.61095
-4.23816
-0.18638
-3.96881
0.06023
-2.97267
-1.04527
-3.24013
-1.34203
0.14132
4.66632
0.42274
-1.63197
4.59685
0.22909
-2.38850
3.49145
-2.86569
-2.20878
-2.20688
0.20233
4.84544
1.90383
3.14445
-4.77515
-1.07562
-3.49653
3.70634
-1.43791
0.75657
4.63034
2.65900
1.00525
0.08724
-1.90961
-2.03254
-0.17862
1.48733
-1.92259
-4.43633
1.84408
1.69024
-1.03982
-0.51332
5.41262
-1.98907
-0.22911
-1.91502
3.20097
0.45181
2.92197
-2.57432
-1.35383
0.49688
-0.24018
2.10237
3.46098
0.39659
7.16073
0.32730
-0.20770
1.42356
2.54879
1.83471
1.26566
-1.92016
-1.60158
-3.76337
0.23343
2.27530
0.82017
0.05048
-0.96601
0.79285
3.28811
-1.58469
0.15193
4.71077
1.02194
0.70178
-2.59700
4.76494
4.97320
2.14020
-0.31226
5.58188
-2.22854
1.67268
-0.72947
0.38060
0.40061
-1.50649
-3.20814
-2.73125
1.17626
-0.74393
2.30387
-0.73337
-3.15621
3.30971
-3.89784
0.96957
2.14931
-3.28831
-3.83867
0.79392
-0.09561
1.38230
1.26799
1.33280
1.40099
-0.73494
0.72739
3.61757
1.00523
-1.35489
-2.39362
1.12233
0.97537
5.69783
-1.52902
-0.08481
0.12504
-3.21186
-1.85223
1.32156
0.24946
-3.08817
-5.06969
2.26012
4.43306
0.06547
0.12128
-2.02562
-1.99066
2.55465
-1.39999
-2.01234
-3.20622
3.53741
0.86380
2.40526
0.03606
0.72071
-1.60729
-3.88561
-0.29209
3.15256
-4.39971
-2.20841
2.82933
0.12241
0.55432
1.09418
0.05881
0.50687
2.63053
-0.77527
0.93984
-4.81080
2.76351
-2.20556
-3.15844
0.73325
-2.78563
-2.32796
-4.39280
-1.55981
4.43590
-1.91493
-1.68815
-0.49806
-0.41050
-4.65092
5.32809
-2.90078
4.43972
-1.98573
-2.28459
2.13627
-3.74527
-0.68894
-3.35787
4.94084
-3.35649
4.85938
1.58644
0.95407
-3.22558
0.70947
0.08783
-2.84323
-2.96523
2.07278
-2.78364
2.72992
-1.52359
-0.59713
-0.87219
-4.81479
-5.17593
1.71180
0.45425
-0.56776
-0.05886
2.79640
-0.52979
-0.27904
-1.66124
-6.64981
-0.22802
-0.63730
0.13473
2.54452
-0.44551
1.74206
-0.44226
2.14409
0.95039
-1.98472
0.92198
1.89972
-3.52050
-4.11456
1.84902
-4.39203
1.44291
0.86582
1.47205
3.07909
0.78199
3.99703
2.30373
3.44922
4.90247
-1.03569
-2.23736
-0.89124
2.37845
-4.57053
-2.77796
1.37202
5.96731
3.79455
3.67521
-1.47797
-3.13264
3.24027
-5.68812
4.27418
1.42209
1.90772
-2.94593
1.63630
4.41166
0.43861
2.61516
-0.69171
-1.67770
-1.24470
-0.56020
1.57787
-2.23354
6.43077
-4.02579
-1.67300
0.82622
1.36103
0.39218
2.79818
0.67628
0.19952
3.82574
0.75260
-2.88868
-1.05297
-0.43316
-2.34288
-0.56829
-3.12724
3.25018
0.21386
-0.23916
-0.09265
4.93306
-2.47736
0.83118
-3.97798
-2.05791
1.86260
-1.81337
-5.80806
1.51977
-3.30488
0.56779
-5.03347
0.97524
2.14732
-3.79812
0.70278
0.21703
-0.81526
-1.52571
3.89930
0.74020
0.69614
-0.81040
1.25795
-1.94235
1.46486
2.52088
-0.57497
1.06315
-2.05381
-1.25843
1.33921
0.28616
3.46511
-0.91111
-2.62792
1.63544
0.36310
-1.15636
-1.04248
0.39215
2.63790
-1.77752
-0.73791
1.00750
-1.48547
-1.20244
0.44136
1.30159
1.39579
-3.88701
-0.32861
-1.85525
0.37499
-1.06705
1.80960
-0.77550
1.35195
-0.91126
-2.54269
0.21849
0.22598
-0.06905
-0.30143
0.31529
-0.08140
0.08517
1.18409
1.19923
-2.52530
1.52956
-2.21422
-4.03251
-3.33197
-0.10646
-0.52557
4.91239
-0.43905
-2.53074
-1.85598
-0.22861
1.99258
-1.35898
6.53605
-4.04147
1.52461
2.63412
4.90851
-2.82327
2.21947
1.38527
-0.98979
-1.28347
-3.56765
1.52467
-3.52428
-4.89656
-1.40772
-2.42440
-4.11560
0.25392
-1.25104
-4.66546
-0.86324
-4.55734
-2.30278
1.32230
-3.86391
0.33385
-0.14232
3.32184
1.35720
-2.55353
-7.55519
-1.99903
-1.75979
-0.41127
0.61639
-1.44944
0.75399
0.08094
-6.86609
2.87088
3.22562
2.20228
-3.95876
1.19249
1.61668
1.63794
-4.67311
-1.26087
-2.95819
4.03873
1.07658
-4.41144
3.83257
0.82330
3.26738
-2.24496
-4.18152
-4.86703
-5.05574
4.89315
0.45754
5.28127
2.49547
1.01523
5.21027
-2.96355
1.75434
-0.21958
-1.73300
0.75257
0.56765
1.69859
1.39425
3.17247
-1.02242
-2.12345
-1.64041
-2.07954
-3.49791
2.26544
1.02747
2.96565
-0.34877
2.40536
-1.60702
4.72314
5.67867
-2.28550
-4.24092
1.76961
1.25869
2.28360
-0.54825
2.14780
-5.50977
4.48622
-1.24264
3.50840
-1.25884
-2.40166
-3.12932
2.14201
1.64963
-1.50952
4.41164
0.02033
-1.06496
1.02813
-2.18228
-0.52425
1.47367
-2.80981
1.04124
1.32638
2.58285
0.70454
3.11298
-0.11763
1.43407
0.16492
-1.34632
-4.49838
-1.40591
1.84920
-1.06375
-1.61927
-5.81554
-3.51618
2.50435
-4.50963
-2.09394
2.08872
0.59094
2.68356
2.08918
0.91144
-1.27499
3.44551
-1.19739
4.51207
-0.88317
-0.61062
0.69070
-3.32773
1.12964
-2.58595
-1.99456
-0.19439
-1.36265
0.67334
-1.14563
-6.20739
3.34850
2.56874
-4.43000
3.08302
-0.52579
-0.66723
4.20125
4.62514
1.31546
0.66246
-2.40187
0.38465
-0.58100
-1.05700
4.56552
0.65528
-0.07562
-2.31704
-4.84188
0.01043
1.67368
0.79054
-4.57201
-0.85208
0.69179
-1.38596
-3.45830
-0.62963
-0.60210
-0.94496
-2.58857
1.01699
1.71158
1.98237
0.62027
4.09822
0.29549
-1.66962
0.47877
-2.01074
-0.01861
-2.29281
4.60167
-4.03399
3.04849
1.36216
-2.83996
-5.05001
-0.42583
4.03715
0.40376
1.71527
-1.07527
0.90478
-1.62863
-2.42354
-2.79278
3.49996
-0.45536
-1.91323
0.54190
-0.76912
0.18283
2.71904
2.16545
3.59356
-2.69395
0.31913
2.14309
1.48097
-0.69240
6.39875
-2.75392
-0.44603
2.56783
3.06137
-0.81292
2.01712
5.86539
2.69481
-4.93149
-0.93547
-0.62903
0.13776
-0.41228
0.35370
1.26238
1.01149
-2.37705
-3.60532
1.44209
-3.77471
0.95861
0.92120
-1.54912
-0.85681
-1.96095
1.88494
-3.12045
-1.80094
0.18368
1.18651
2.38755
3.06280
-0.47857
-2.16529
3.14931
-8.41901
-2.28102
4.31603
-2.50910
2.53358
0.48568
-3.50433
0.25404
0.18277
-0.08415
0.70054
-2.26893
0.96642
-4.43176
1.23066
-1.81303
-3.77535
2.13591
-3.30713
0.81144
-0.32548
-1.20670
-0.28838
1.04885
-0.89693
4.45717
0.00806
3.16136
2.21008
-1.37804
6.57642
-2.37196
0.04132
-2.39922
3.51820
-1.58182
0.31428
-3.51618
1.18913
5.30203
3.04997
5.13431
-0.32125
6.48979
0.48885
0.13904
4.10530
-0.41256
1.58405
6.77373
1.45669
-4.43677
0.15382
0.15693
2.40876
2.49227
2.14633
-0.86019
0.81659
-2.50097
-0.18531
-3.18191
-0.56351
-2.43671
1.16722
0.32257
-0.15617
-3.49231
1.40686
6.45538
-2.50993
-0.25751
-0.91191
-0.96840
2.85432
1.25292
-2.73350
1.82713
-1.89075
0.57581
-6.71039
-0.86997
6.38912
-2.12668
0.54688
-1.66982
-3.47874
0.08700
0.61024
1.00530
-3.39260
0.20435
-0.11293
-3.07168
-0.74425
2.70297
2.97191
1.63006
0.38384
-2.78975
3.15906
1.66014
4.05351
-1.37714
-1.90595
-1.00669
-0.00844
-0.62235
-0.93953
0.07561
-1.01917
0.85476
1.13543
-2.50521
1.44453
-2.43838
0.72267
-1.25324
-2.43715
2.88818
-4.15139
-1.60899
-1.68610
2.15167
-2.52272
0.28127
-0.35832
2.60036
1.36303
3.31773
2.39395
-1.16522
-2.00590
2.14584
0.77491
2.41991
-0.06104
-2.03293
-0.79934
-5.62108
-2.18538
-3.44320
1.00801
3.37949
3.20909
3.22027
0.28010
-0.39645
-1.78483
1.74642
-2.33994
2.29228
9.00966
2.33499
-1.76787
1.95135
-2.13561
1.20973
-0.37272
-3.40891
2.04091
0.73385
-1.55656
1.83164
2.35286
0.98043
-1.80519
1.78386
-2.10093
0.50984
2.20724
-2.77629
-2.98739
-0.17596
-6.63969
-1.34354
-3.31634
-0.98708
-0.76419
-3.20323
1.90628
2.81436
0.36857
1.46725
5.86022
0.31676
-0.83934
0.64782
-0.20329
1.09068
-2.99538
-1.32394
1.27129
-3.46198
1.17371
0.84644
-4.87295
-3.88740
1.50972
3.86461
1.68609
-3.22032
-1.42811
0.24019
-0.72917
1.39105
-1.88263
-0.81517
-1.81522
4.18135
-3.02621
0.27364
-1.81569
-2.54254
-0.00326
1.54478
-2.91233
0.31879
0.27288
-1.17269
-2.29436
1.25693
-0.62970
2.05900
2.41510
3.27901
0.90864
-5.84892
0.46157
-3.06348
1.66750
-1.44324
0.45342
0.68844
-1.30077
3.72455
-1.60657
1.18905
4.41002
-0.51595
-0.50298
-1.98017
0.46068
-3.63477
-2.71410
-2.10674
-2.11067
3.19446
-0.33170
4.15065
0.78162
0.27933
2.27701
-0.09088
4.03866
-2.60675
-1.08611
-1.00666
-3.34624
1.80720
0.56863
-1.16928
2.18567
-2.01539
-1.23041
2.55756
2.70224
2.35911
1.53320
2.57693
5.11305
-2.79135
-3.02431
-3.87536
-1.95439
-2.95593
3.12459
-1.16170
-3.78445
2.62786
3.14712
-2.15677
-0.95075
1.28259
-1.68528
3.08679
-3.37558
2.74530
-6.11240
0.89871
1.51033
-1.54943
-1.22898
5.35036
3.38784
0.63602
0.54115
1.07242
-0.63772
2.91360
-1.29728
-3.33589
1.25901
0.23122
4.41498
-4.44910
1.75191
-0.76099
4.24134
-7.33996
-0.90032
0.94443
4.12309
-1.86469
-3.17377
-1.15710
-1.82818
-1.51579
2.02735
-0.34470
1.37810
-0.22848
-3.49906
-4.29945
2.23024
-1.40744
-2.11087
-0.96590
-1.73467
2.00563
-0.56722
1.04468
4.09646
1.94715
-1.02425
-0.33455
0.50926
-0.59551
-0.18890
3.29603
1.87939
-4.06300
-1.28561
0.05616
-0.14211
-1.09389
-2.51043
0.32169
0.47662
2.49239
-2.16925
1.05724
3.15489
4.17551
-2.43362
-1.55738
-0.22018
0.87649
-1.26905
1.78228
0.99039
-0.11762
1.63096
2.74903
0.98917
-1.25382
-2.21621
2.84596
2.32369
-0.46507
-0.58014
3.46224
2.22191
0.94539
-0.34308
-4.37347
0.21075
4.19593
-4.58111
1.66303
-4.78746
4.36237
-0.23628
1.70495
3.17388
-3.64695
-6.37823
-0.65815
-1.71754
1.09482
-0.20788
0.33216
1.42845
1.48668
-0.39515
1.11499
-2.53111
-3.28567
2.33515
1.65044
0.20127
-0.42512
-4.62620
0.90891
2.04091
3.73454
-2.31443
-2.55692
-2.26519
2.30844
-1.79753
-0.34313
5.69124
-0.69428
-1.78462
2.07650
-3.29077
1.31961
-3.01600
3.96998
3.58203
1.59215
2.81586
-0.01888
-0.66457
5.31665
-2.13703
3.12766
3.35932
-2.82907
2.03207
0.76259
-3.25050
2.35663
1.39464
-0.57342
-3.61527
-4.02957
0.54930
3.51041
1.76329
1.40268
2.52754
1.66489
-4.01151
2.57832
4.19044
-5.90993
6.87270
-6.16485
1.46259
-3.77092
-0.14691
-0.82013
-2.71328
4.20857
0.83142
-1.84777
-2.47172
-1.73311
1.52051
0.13124
-2.02501
-0.61162
0.91613
-0.43423
1.56976
