-0.02049
6.55878
4.31910
0.56907
1.45608
-5.73801
0.94190
2.35762
3.10131
-2.02339
-1.05278
7.87231
0.09651
5.10740
1.02069
-0.97778
-1.08073
-3.38645
-0.88534
-1.68971
5.58210
-1.48709
-0.82056
2.59872
1.53742
-2.02309
-1.66570
2.95332
-4.55477
0.77273
2.58228
1.28952
5.58012
-3.74733
-2.89773
-2.22725
2.86265
-0.34575
1.85477
2.18640
-0.82098
-1.47107
-0.26915
5.43093
-0.10199
1.61418
2.66613
4.37007
0.54232
4.29158
1.54827
-7.18777
1.50357
7.97891
2.82926
-3.62191
5.72249
-2.23094
4.51776
-1.88872
1.00364
-3.09028
-2.36536
-3.96090
2.91081
1.08179
4.55154
2.60840
4.50756
-0.14582
3.89166
4.50116
-2.28441
3.97521
-6.85940
0.66983
-0.97769
0.10103
-2.59772
-4.24764
0.41094
-3.97885
1.75897
-1.68931
1.46185
3.27537
-4.24782
1.05501
4.76970
6.63599
2.99392
0.81110
2.35105
-1.51725
1.26323
1.11314
5.79036
5.14966
1.70943
5.12297
0.43236
-0.28042
5.26275
0.12733
0.79734
12.61213
-2.71349
2.37274
5.89908
-2.53125
0.05040
-1.96739
-2.79914
3.72732
-4.55336
1.40081
0.53362
4.31872
0.10310
-8.12893
-0.41504
0.84347
-3.36137
0.52069
-4.82281
5.89370
5.82586
-2.77164
0.01580
-8.05802
-0.38012
1.16375
-0.92570
-2.18932
-7.41625
-1.49981
2.82290
4.42298
2.99236
1.02613
-3.42445
-4.60356
0.80023
3.86475
1.06344
3.02657
0.75464
-1.18232
-1.63339
-3.66912
-3.23566
-1.39866
0.67275
0.80345
-0.20688
3.46579
-6.09738
-3.16894
-2.24660
-2.19497
-3.42375
-1.62992
2.37234
2.74401
-3.90866
1.80043
2.50276
4.94186
-1.43728
2.51311
-9.15719
-1.71481
-0.08597
2.00570
-2.13898
1.05563
1.08766
2.14301
1.67638
3.97047
6.43420
-3.60855
-0.32550
-3.03679
-3.09676
-5.94859
-4.73803
3.48056
3.06122
3.86510
3.58102
1.23508
-0.71601
-0.26235
-3.76040
-4.90895
5.75139
1.30595
-2.97876
3.87765
1.99809
1.32520
-3.93342
2.40061
-1.68834
4.18446
0.44163
2.83179
-0.26317
-0.32315
-7.87274
4.20223
-3.93915
1.90483
2.40572
2.49861
1.09954
0.61654
4.63887
1.99760
2.00047
-1.51046
0.34339
-5.20886
-6.35957
3.96486
0.58240
2.66244
-3.89618
3.86979
1.03936
-5.71018
0.74300
-0.36514
-1.38240
-4.87805
-2.62922
-1.59271
-2.63554
-2.92425
1.24370
-2.21698
6.03660
1.82873
2.48282
2.04843
0.98141
3.91966
-2.32485
2.52530
-0.48204
-3.97837
-4.80300
-2.35649
-5.13798
2.33372
1.37707
1.40357
2.26427
0.79520
3.49100
0.71156
-1.00839
1.80214
-2.33257
0.46440
-2.88188
-3.94618
3.88783
3.11326
0.78524
-4.27022
2.86363
4.63619
2.48465
-5.15080
2.86221
-5.23034
1.03355
3.85628
-4.52545
3.29834
-1.03929
0.45968
1.15341
0.17749
0.61181
-0.98337
4.39769
-5.52719
2.84830
0.40260
1.96089
-1.20082
7.08849
4.07738
1.73529
4.98310
3.59771
-2.95884
6.24196
-10.98820
8.43235
4.06632
-2.70185
5.08134
-2.26808
-3.42333
1.85451
-3.66693
2.59974
4.36021
-2.53080
4.74997
2.70230
-2.80948
0.97423
4.68780
-4.79447
1.70411
-0.73645
-0.85897
3.03645
4.21022
-5.00498
1.57578
1.65250
2.08467
3.61981
4.50687
-1.83749
5.37049
7.05252
0.77074
-1.13437
0.11292
-1.95482
4.14184
-2.87807
1.64640
3.18117
6.92852
-2.45381
2.29773
4.08975
-0.35465
0.50242
-0.81362
1.94321
2.06285
0.38183
-6.28997
3.77312
2.21752
2.21758
-0.51294
-0.98528
-1.46864
0.50676
3.44005
0.86079
-0.53684
6.46735
0.22028
0.49216
-4.54001
1.28527
-1.95315
0.09840
-2.95492
-2.09431
1.40922
-0.88660
7.50763
4.57522
-2.67817
4.59434
-0.16212
0.53205
-2.60783
0.97462
3.69930
0.77999
3.81930
1.22435
-4.46770
3.93757
-7.58681
-0.28415
2.81867
1.44059
0.26674
-1.29354
-2.67868
-3.19091
0.31410
3.56673
-0.94899
5.84140
4.55162
7.95473
-2.77017
0.72947
3.75382
2.67297
7.11038
2.45778
-2.85820
-1.24420
-2.52783
3.41632
-1.43048
-5.54987
3.52147
-0.84240
-3.87591
-3.32876
0.03977
6.00814
1.81337
0.79275
-0.81189
-1.35181
-0.95446
-3.25680
-0.53850
-3.01161
-2.33320
-9.10123
1.04018
-3.55452
-1.37883
1.99814
2.53145
4.77574
-2.31553
-3.27275
-3.49427
-3.32499
1.07927
2.45283
-2.57823
-0.23578
-4.99742
-0.11764
-1.80922
1.01162
0.15445
2.54699
-3.08531
-0.28443
-6.43953
-0.93649
-4.23128
2.19887
0.22844
1.94598
2.02495
0.08424
4.37912
5.24224
2.60361
0.03971
1.86902
3.81271
3.23355
-2.04818
-0.35452
-0.87345
-4.24212
-2.42328
2.01695
0.49183
-5.48467
-0.24938
-0.94450
9.29010
0.95091
1.52079
1.41582
1.78712
3.34760
3.28683
-5.77002
-0.49307
3.48086
4.81255
-5.20116
2.50440
-1.91078
-1.57285
-3.65773
-0.18073
0.00977
4.18040
-4.31586
-4.34051
4.39728
2.79557
-3.41593
5.97416
3.00696
5.59687
-3.11760
1.17795
2.25218
-1.51578
0.62447
-2.34886
-2.18927
-3.66553
-0.20739
-1.24654
-0.63375
-1.64638
2.10607
0.72097
-3.25446
-6.19438
-0.95989
-1.48792
-1.78025
2.28057
2.19575
-2.08051
-6.18594
-2.36117
1.11760
8.07824
2.97516
2.46201
-7.53486
1.78860
1.64606
-0.26099
2.44379
1.44803
1.49882
-1.01934
-2.29831
0.84290
-0.01419
2.00929
-4.87567
2.08762
0.48985
-4.13366
1.05676
3.65892
-2.83853
0.19556
3.07775
0.43240
-1.36904
2.53202
-1.02672
-4.50405
7.54122
-2.14628
-0.30732
4.16217
0.63063
-3.63135
0.31334
4.05497
3.49220
0.65388
4.27542
1.85180
0.30336
-0.15525
4.09930
-0.96333
3.95423
-0.45375
-0.91951
-3.48465
-7.44640
3.75397
-0.58187
3.51933
-2.42627
1.36505
1.90539
0.65877
-1.59428
-1.78286
4.91880
11.70519
-2.56598
-4.98859
0.84555
4.16637
0.06474
1.79347
0.13809
1.36802
4.19596
0.76430
-2.26283
1.92204
3.37392
-1.10900
-3.87932
5.90708
1.60274
2.72193
-0.93037
3.70273
-3.98379
-3.09628
-0.32944
1.49337
-1.77170
-1.93561
5.22253
0.63206
-2.97044
-6.02237
-3.21608
-2.35468
3.88621
0.98907
-1.24731
3.63916
-6.17422
-4.41403
0.05634
-0.63848
3.60331
2.14161
4.91105
1.72026
-0.78518
-0.21898
0.57871
-0.64821
0.53018
-0.06549
-3.42146
-1.99753
-0.03633
2.65518
2.91393
2.46322
-1.06665
2.99982
1.28517
1.72719
-5.41123
0.08147
-0.60132
-0.04265
-2.50278
2.87946
-1.97099
4.37789
-2.33771
-2.42648
2.91067
1.57367
0.74064
-3.59245
1.27726
1.52742
-0.80654
2.73660
3.33025
0.43043
2.15730
1.03016
-0.00484
-0.31164
-4.48306
-4.18241
-1.06038
3.80186
7.21884
-1.48147
0.71398
-3.17222
0.87795
4.77142
2.91568
8.13386
-0.04837
3.87516
-6.79613
5.91114
2.94157
5.99733
0.85274
-1.38769
-1.67239
1.92957
-0.53729
-4.34724
-9.16708
7.58081
-3.43221
2.29231
-2.30421
-0.88499
-0.63471
-6.35115
-3.49133
-2.63575
-3.88411
-0.55535
-2.70794
1.11837
7.42645
-0.83916
-0.20556
0.02086
-0.59153
-1.24000
1.00411
2.42399
1.70585
2.30796
-2.07283
3.22737
0.43279
3.02319
-5.45837
-2.22514
1.90547
-5.76040
-6.25525
-1.26980
-2.22900
-1.67203
-5.37021
0.65827
-0.93022
0.09922
1.09456
-0.16565
3.52299
2.87331
1.98444
-1.87195
-1.15611
4.20604
-4.27454
-2.48402
1.34240
-1.83129
2.22255
-1.33628
-3.79354
-1.89910
-0.11230
6.25589
-4.43751
-3.38756
1.50404
-1.35438
-2.24149
-4.29401
4.74986
0.25453
-1.54640
1.15453
-2.49413
3.28660
-4.28576
-6.50365
-5.46631
1.10219
0.67017
3.58926
-5.51697
1.50987
2.45182
8.51692
-4.66794
-5.57742
-1.98355
1.88066
-0.59515
-3.39181
-4.38695
0.13365
-2.81784
4.73133
-2.11854
-0.55831
-0.14340
0.45915
-2.36308
3.41775
0.86586
-0.73692
1.13767
0.06193
-5.33959
1.63379
-2.28778
-1.43549
-4.12073
-1.15776
1.95193
-1.38746
-2.74463
-2.07654
4.36191
-2.22657
-1.03340
-3.32388
2.59922
2.14118
5.50584
4.18530
-4.48546
6.64122
1.24653
1.44494
-0.67360
-3.42183
-3.82605
0.02638
4.68007
3.24461
-1.18481
0.58558
2.36517
4.03776
-3.33652
8.51173
2.50347
1.02370
-0.70478
-5.77682
-6.00391
-3.29378
-1.74236
4.02477
0.37961
0.49109
-0.93699
-0.52694
3.70685
-5.83672
-2.83583
1.95125
-0.65110
-3.93272
-4.48608
-4.28329
-1.52719
1.53538
1.36269
-1.11139
2.00099
4.03299
-0.67736
4.57854
-6.26700
0.04268
2.02445
-5.51665
7.00716
-3.77444
1.45669
-0.86177
-2.47652
-3.46788
-1.75942
5.76554
2.91973
-3.19892
4.10551
1.64048
3.68300
-2.18849
-3.76597
-2.04841
1.52140
7.94225
5.31275
1.50383
-0.02243
0.00883
-1.62586
0.78163
-6.63384
3.98613
2.55524
0.81862
-6.46013
-0.03698
-2.74796
3.02937
4.44567
-4.78748
0.32394
-3.87636
-1.58203
-6.95621
-1.90873
2.71697
0.75972
-1.15147
0.40475
1.53217
-2.54352
-1.93292
-1.82173
1.02378
2.40735
0.30235
2.56236
3.65652
-4.47863
4.31346
-4.60507
-1.55408
-2.55350
6.10238
-0.54025
1.00297
-2.09222
-0.20174
2.59838
1.92371
-0.96418
-1.96259
0.54077
4.25915
-1.68026
-1.74803
2.62225
5.66242
-2.84506
2.85628
2.25367
0.68133
-1.28872
-4.53810
-1.29263
-2.89667
6.60198
-2.87066
0.90141
-1.65028
-8.46596
1.27473
-3.02309
-2.13635
-3.37672
-1.01468
3.22651
-3.59723
2.69807
4.60593
-2.48548
6.20891
-5.15418
-4.68542
1.70068
3.28612
4.37844
2.39318
-3.10443
1.47242
-0.83835
-0.78676
-0.90421
2.95659
7.74236
2.66386
-0.16016
1.45806
-0.13445
-2.42800
6.90714
0.57633
0.82301
-0.81720
3.29457
-4.22950
0.16394
-1.06942
2.74076
-0.87378
-5.20931
2.16199
-0.56533
-6.82582
0.79870
0.13500
1.06358
-6.66162
-3.56832
-1.12426
-4.08949
-4.28827
-1.40709
-1.85977
1.80109
-9.70839
-1.17460
1.15840
0.43189
0.08771
1.68068
0.15007
-4.21059
3.23025
1.66046
-3.78835
-1.67033
1.32340
3.45296
5.54319
1.02536
-0.03258
5.02656
-0.22758
-1.47447
-5.78804
-6.04884
2.95510
-6.22050
-1.04130
-1.50223
-3.19532
3.72943
-0.12770
-4.31286
-1.76929
5.35572
-1.87352
5.96306
1.77160
1.17743
0.91605
-0.71583
1.58074
0.18283
-5.05086
-3.29884
-3.06286
0.94845
2.71211
2.25657
-0.88551
0.35102
-0.79857
-0.51216
-4.16476
1.86698
0.16496
6.11235
-3.09574
-1.86143
-2.92207
1.16775
-1.62034
6.14687
1.13123
-1.93557
4.46142
6.73140
1.38547
-0.06902
-1.54263
-2.79159
-1.40436
-5.48216
1.53968
0.92215
-2.60483
0.14012
1.09220
-6.99137
4.21853
3.12186
-4.73896
-1.33379
-2.21679
2.62173
4.57730
-1.38442
7.91388
3.64564
-0.78610
-5.06764
-0.48304
-0.63068
1.43025
-2.05807
1.32792
-4.00566
-1.67100
-1.99766
-1.99653
-6.31715
-1.92337
0.30284
-2.10491
6.20116
-0.99533
0.05466
1.46597
4.83501
0.01997
0.62477
-6.57111
2.22905
3.74652
-1.50867
-1.56772
6.81540
7.38627
-1.99869
0.63914
0.34341
2.42326
2.53189
-4.12821
-5.93388
2.00610
6.36933
4.43033
-2.08438
-2.48183
-2.09921
-1.83554
2.56965
0.81108
1.34455
-1.38886
-4.90829
-0.79514
4.54313
0.35468
3.01506
1.15420
-4.27911
-1.73670
4.03226
1.06507
1.94053
-1.51411
1.76162
3.08109
0.85532
-0.10847
1.27027
-1.94809
2.06690
-13.14245
5.00930
7.02762
1.46106
3.14411
2.95860
1.78211
2.15305
-5.16794
4.85119
1.08365
-2.86388
-2.82289
1.15189
1.09980
7.64164
3.48399
2.26906
-3.62461
1.17081
0.22004
-0.33258
3.27148
1.68643
3.09856
-6.29567
1.04589
-3.27680
2.12099
-3.54849
-0.54022
-5.26993
-2.55595
-0.44236
1.80486
3.90066
3.75693
1.21589
-4.88770
-0.54495
-1.32098
4.33283
-1.85895
-3.08828
4.68534
4.07563
3.67461
1.44103
0.58408
-1.83025
-0.73646
-1.44493
-2.90378
2.27530
-2.72240
1.32660
2.32556
-0.03832
-3.29699
-1.45341
0.25813
1.43202
0.72091
-3.30511
-1.49759
-1.58854
0.12283
2.48574
-3.87194
-0.76260
-4.19882
1.31261
-4.11246
-3.12607
-1.71373
7.84100
0.21561
-3.81350
3.18962
2.66680
-3.04086
4.74642
-2.69552
3.56963
5.31497
-1.79898
-3.99230
-3.70691
-6.02187
1.79668
-2.12172
-3.03409
-3.56304
-1.36217
4.72991
7.87346
3.27796
2.13457
2.78243
-3.07117
0.28785
3.03444
-0.35697
2.08639
5.39007
0.34046
0.56572
0.12628
-0.81178
-1.78092
1.99146
-4.87462
-3.22422
4.49758
8.04667
-2.11753
0.97809
6.80520
5.40151
3.31984
-3.11315
-0.33194
-0.87737
-1.93877
2.89906
2.71492
1.89166
7.08237
1.42401
0.35285
3.86324
0.25195
-0.58255
2.52781
2.44856
1.47760
0.90414
-0.27175
-1.92563
-1.08788
-5.12049
-1.16904
-4.04782
2.12222
0.86951
2.22121
5.51426
4.08260
-1.66120
3.95387
5.40783
2.76902
3.25191
-3.62181
3.83515
-0.15558
-1.42217
2.39442
-0.72007
-0.84891
5.05893
1.80975
-0.03245
1.79056
2.81762
-1.88160
-1.88856
6.81214
0.33590
2.79717
-3.44933
-0.35726
-0.43380
-3.81927
1.44158
-0.64552
4.74138
3.25303
-1.99741
-1.19292
-2.34601
-1.72556
-3.28271
-0.66713
-0.11907
-1.73213
2.33403
6.41068
2.36642
2.71103
-0.89477
-4.33601
1.97690
-0.56786
4.68133
-4.86106
0.69690
-2.70548
-0.61167
-1.90816
3.60406
5.62023
-3.90526
3.85426
0.59870
-4.42652
3.44271
-3.82051
-3.18108
2.26473
1.09936
3.68275
-4.19280
0.92981
-6.24567
0.68585
1.24190
-2.85667
-4.31723
0.75912
8.81404
-2.70129
3.24828
0.68201
-3.79168
1.98373
-1.28924
4.91712
1.06219
-1.59242
6.56169
2.09465
5.68050
1.24764
-4.09483
-2.59396
-1.76173
0.38518
2.73272
0.92415
-0.78983
1.14263
3.22584
0.23343
4.98505
2.96940
-1.88390
3.64398
5.01584
3.05055
0.64316
0.50302
5.00833
4.10018
-3.31327
4.80738
-5.10328
0.52336
1.59907
-8.16808
4.33170
2.97309
-3.89787
-1.52651
0.55637
-6.30913
-7.02984
-1.50464
5.33307
-0.69393
-0.84643
-1.58256
4.49284
0.43724
-1.92651
0.18483
-2.42941
-1.39192
-0.60224
5.65221
-0.02318
0.99852
5.43895
1.88520
2.35613
5.49106
3.35250
2.18354
-1.49408
4.23388
-0.57899
1.98768
-2.37721
2.20803
-2.59312
0.20555
-2.96805
0.70138
4.32974
-1.36319
3.76083
-1.08386
-7.71756
1.37517
0.44093
-5.31224
-4.24372
3.12898
-0.32021
3.18195
-4.20373
-1.23148
0.70207
-1.94026
1.58916
-0.36334
4.06429
-10.29715
-0.38522
-5.83652
3.15009
2.97113
-1.64040
-1.07499
1.87636
-2.79071
-0.61385
-4.61589
-2.55926
-2.52596
-0.74477
1.36608
5.34200
6.05229
2.96128
1.15474
-0.78705
3.02103
1.33011
3.84741
3.71466
-0.77988
0.93105
-1.92938
9.75468
-4.70496
-1.09602
-3.36186
-1.11534
-2.88112
1.96709
-4.04608
-7.86518
0.40797
1.19319
-1.32911
1.79535
-2.23060
1.27308
-0.35152
-1.47265
-2.58133
0.59493
-0.27115
3.17637
-10.62126
-0.84049
6.85768
2.95828
2.95143
-6.49465
-4.35199
4.60270
0.81340
3.53584
-2.78682
0.91529
-0.56083
-5.21366
-7.09101
-0.38915
2.63706
-0.62995
-3.32794
-1.47997
-2.68930
0.58688
1.76153
2.66945
5.54208
5.39223
-1.40721
2.89783
2.74516
-0.72918
-1.06936
-2.55922
-0.45390
-1.48322
-0.66505
3.08280
-2.04936
-3.82495
1.42616
-5.04116
0.23812
-1.70187
-1.61310
0.83393
-1.19301
0.39476
-5.41995
-6.53393
2.68747
0.21718
-0.46496
-1.31398
0.40556
7.25091
-0.83253
0.86478
7.91175
2.85875
-0.95986
-0.28938
-0.14869
6.40156
-4.99764
-3.97711
-6.30189
4.42998
-4.01445
2.50356
-6.14624
3.57193
6.67427
0.16546
2.11849
-0.62111
3.34022
-3.12942
-2.65522
0.44771
3.25759
-3.68278
-1.20931
4.29401
-0.86485
-1.83925
0.38614
-1.76766
8.52089
-5.45247
-2.27296
-0.53713
0.92049
-4.14559
4.80419
3.54800
-5.85967
-0.08812
-0.40762
-3.60700
1.07244
3.68750
1.27045
1.00518
0.32587
-7.03348
5.17793
-6.51480
2.62930
0.74988
2.70752
-0.46888
0.05882
4.83994
6.70572
-4.00242
3.58908
-0.78266
3.80948
-9.10674
1.59764
7.20115
1.33606
1.75517
4.47217
-1.68581
-0.74438
-3.72738
-0.57787
-4.05799
-2.43009
4.97881
-2.23418
-2.59230
-4.85651
0.86213
-0.79413
-1.45274
-4.00146
-0.31976
-1.00918
2.05398
-1.23132
-3.05334
1.62069
-1.80625
-9.36599
0.20630
1.59046
-1.71198
2.01937
9.62262
-1.40957
-2.65804
3.43404
-0.17495
-1.25371
2.79024
2.59435
4.56413
0.68494
3.29139
4.25100
2.54306
-1.47297
-2.53609
-1.03095
0.38270
-1.33789
-1.27930
1.18073
-1.93208
4.17507
-2.18303
2.30384
1.05951
-0.28052
-7.51464
2.82256
-1.22401
1.33545
1.30239
0.39840
-6.00184
3.13569
-3.65547
2.32213
0.25552
-1.20852
-2.32296
1.07647
4.64626
-8.85449
-2.58323
-6.08693
-6.99746
-3.53630
5.31930
1.30601
2.92208
2.47546
4.20240
0.57584
2.87109
1.75954
0.60507
-5.51400
-3.31999
-1.49349
-1.85026
5.19043
2.56906
-0.45737
-4.68700
3.15699
-2.13144
0.98645
4.90079
-6.35686
-0.24613
0.20766
3.46124
6.70121
3.01360
-0.17039
-0.43882
-0.42333
-0.09526
0.11148
-3.47998
-0.99370
-3.97824
1.03005
-4.38693
-3.83147
-0.28386
2.98567
1.44951
1.26623
-2.22902
-1.35542
1.85554
1.97786
-4.30002
-0.29315
-3.55804
-0.19014
3.08035
-2.12283
-1.75452
-2.29114
0.41955
3.30731
-6.92925
-4.59754
-4.37502
4.59228
-4.09223
-6.48312
-0.37731
-2.20286
-3.92285
1.84167
4.10731
-2.09729
0.48923
-2.71605
2.28218
0.40791
-3.55742
1.68582
-2.42063
4.82636
3.17630
-2.81945
-4.74445
-0.32851
0.83127
-5.05346
4.14574
4.20235
-1.69912
1.59242
-2.44527
-1.60969
3.66785
-6.63625
-2.31469
0.39609
1.88478
-0.27322
-0.01316
0.55993
7.94164
4.25238
-3.85986
-2.58103
-1.00214
-6.31839
-0.15897
-2.63134
4.13778
2.26564
-3.50649
-1.37651
0.24282
0.03057
-2.07661
-1.45322
2.20266
-4.75234
4.11524
-3.53241
-0.89815
1.48761
-2.21459
1.18494
-3.40128
1.77931
-1.62136
0.44145
1.60398
-1.98493
2.73536
3.05817
-3.36108
-2.95776
-4.85806
-3.95838
-2.62774
1.52927
-1.61443
2.71653
0.92482
4.58047
-4.47005
1.46640
3.11211
1.69427
5.54963
3.10420
-0.08858
-4.79723
-3.95718
6.98064
7.17299
1.89707
-0.88681
-9.00464
2.00399
0.80409
1.89880
1.16018
6.05629
5.39777
0.26496
3.44554
-0.57164
-0.40139
-0.86848
-5.48049
-5.20381
-2.81985
-2.57851
5.64969
1.81643
1.98166
-3.17541
6.51775
-2.96360
-1.00676
2.36643
2.85702
1.95449
-1.00528
5.84194
1.24125
-1.70995
3.20947
-6.80929
-0.09790
4.64175
1.00045
4.58246
0.88568
1.20522
3.36674
-4.02524
-1.82364
-9.78129
-0.78811
0.96625
1.42603
-4.58415
0.75745
6.98615
-2.66745
-3.81084
-1.69902
-1.15703
2.22016
5.40086
-2.43036
-0.16646
2.26958
-1.28135
1.38317
1.17455
-0.73008
-3.29768
-3.22018
-2.94732
6.19409
4.79561
-0.40838
0.09105
0.86005
0.24662
-0.95006
1.62232
-2.34201
-0.20415
0.43140
-3.40642
6.02020
-4.55864
-2.14095
-5.34666
-5.62427
0.33021
2.87653
-2.80863
1.34538
3.34911
-3.84098
-6.37139
-3.18147
1.30015
-1.15793
-0.50059
-2.36568
1.33598
1.38333
0.43999
-0.15688
-2.66702
-3.55207
1.47798
-4.22095
6.60670
-2.62057
-0.96299
-3.78652
1.55805
0.51648
-2.28846
2.11791
-2.95544
4.70731
-0.06214
0.19803
3.99076
-0.39157
-1.11020
4.55024
-4.04186
-1.56283
-4.91264
2.41348
1.27420
4.13194
-0.62244
-0.93149
-5.31547
2.16159
2.77729
7.12816
2.27985
3.26892
1.43236
-2.00557
1.06083
-2.81526
3.46798
2.23803
10.24136
1.88862
-0.82568
-6.87202
2.62553
6.60139
-3.45143
-1.03397
1.04819
4.12140
1.02262
1.36941
-1.54243
-4.44967
-0.09548
1.33624
-3.15346
-0.96160
1.69613
-6.32848
2.76555
1.47381
0.07123
-0.10031
0.77983
-1.64824
0.51772
2.37334
-6.16439
-9.11502
-2.25500
-1.02894
-2.55254
-1.58710
1.65890
-1.33507
0.63235
-1.95637
4.23889
-2.04460
1.98732
2.69434
-0.13693
-4.64100
-5.11872
-4.71124
1.57080
-3.06573
2.09933
2.90676
-0.90417
-2.56229
1.33994
1.11363
1.06620
-2.09126
1.41279
2.44491
0.44011
3.36206
-4.73433
-5.25971
1.57825
-1.89559
6.67045
1.45466
-3.06166
4.95274
-0.53033
0.15243
1.07280
0.71194
1.63533
-1.13291
-2.00512
-8.99576
-2.93492
1.28870
-2.39619
3.76794
-2.46032
-1.39091
1.87479
-1.17389
5.14581
-2.68007
-0.74302
5.52627
-1.07587
4.44428
-2.51710
-1.69634
-1.42842
-1.12143
4.07015
0.98505
5.94964
-1.36919
2.81354
-0.65872
-0.24772
-5.93058
0.81107
1.74205
-2.72910
1.65625
-4.56275
-4.06105
3.12295
-0.86207
-5.31166
1.93017
6.59656
-3.13786
0.68612
2.24951
0.26546
-5.89330
-0.10586
4.23812
-3.59357
4.91063
-3.15663
3.47030
-2.56524
-4.56674
3.92880
3.70067
0.16522
-5.11211
5.92467
1.72435
3.71909
2.27116
2.12510
1.33826
2.00550
1.34445
3.03454
0.46281
2.20146
-2.40145
2.69527
-0.55590
-2.44252
0.80915
-2.18650
1.88596
1.52592
2.03464
-2.69152
1.10274
-2.66404
-1.83068
3.83029
2.00624
-7.97646
-2.84202
3.71709
-0.80596
2.48870
-2.98689
-2.01643
1.20033
-4.21076
-7.77742
4.45311
-5.88734
-2.02016
6.14056
-1.79540
-1.95626
-8.04769
0.43019
-4.06005
-1.31981
2.19500
1.67651
-7.24295
4.04596
2.43787
-1.34700
0.96565
-3.28691
-3.57545
1.51256
0.88028
-1.96388
0.15915
-4.96031
-1.08974
1.70652
1.24271
-1.84016
0.10769
-2.24814
1.11305
-3.24277
2.32177
-1.54738
3.11225
4.89870
4.36288
2.24086
6.50305
1.09058
2.00816
3.50989
-2.48808
1.79490
-3.71792
2.09408
2.95762
0.95436
-3.07894
3.54502
1.41067
-1.92668
0.50275
0.93401
0.65614
5.32566
-3.55808
-1.97621
-1.79096
-1.37577
-1.79964
-0.20144
-5.92868
-4.20547
-4.47729
0.27775
0.37890
3.52722
0.89682
-1.33505
-0.04404
1.65940
0.78809
1.51434
0.56975
4.33646
-2.23498
1.92208
-2.20405
2.55404
3.79413
3.53156
-1.25940
-1.10792
6.44254
3.80634
0.43275
0.38978
-3.91920
3.33404
-1.38840
0.07336
-1.19031
-1.77139
-0.54547
-0.26219
-0.08013
-2.23978
4.95852
-3.52276
6.00887
2.42499
-0.08365
3.40150
-3.85664
-0.79356
2.58182
1.68251
7.09816
-1.14424
0.65542
-0.35445
3.17824
2.61164
-5.98057
-0.68531
1.72212
-1.44638
6.72086
-3.77496
-0.50018
3.79602
3.41081
0.58949
1.05659
0.33286
4.71100
-2.62024
-0.87821
-3.30252
-0.51934
-2.23604
-2.91772
1.18465
-1.58212
1.24714
-5.62069
-2.45523
5.15766
-0.99131
4.14837
0.04382
4.59003
2.80209
0.86537
-4.07713
0.59163
7.28191
0.77700
-1.65066
-2.30308
7.48797
2.76596
0.33493
-0.26859
3.26280
-3.52646
6.13229
3.72736
-1.12546
-4.01218
-6.11468
-2.65275
-0.06982
-5.07536
-5.55526
4.79024
1.21622
-2.44010
2.15092
2.20324
3.65069
-0.81669
-7.61883
4.72350
-4.67089
-0.07757
4.57254
0.30424
4.53875
-4.74281
-0.97592
-0.75513
3.75747
-0.26904
1.33779
4.93340
-3.21976
-5.12190
3.13357
-1.21099
2.39041
-4.17244
0.38952
-3.83532
-6.19763
-0.06842
-1.25139
-3.24423
4.19763
-1.32992
2.27540
1.53408
8.57057
5.60755
-0.34207
-5.38011
-8.03804
-1.48358
2.52607
-0.20635
1.11559
-1.94146
0.82957
5.67303
3.08099
-4.92087
-1.56830
-7.57609
-3.37971
-5.72432
-4.84216
-5.29659
-1.98673
-3.57822
2.37048
-5.75756
1.60666
-2.75719
-1.75252
1.58486
2.99328
-1.21221
-0.32207
-6.76038
0.44247
-1.09682
-2.90796
-4.09542
-4.11032
1.84515
-3.03314
-1.96115
6.16291
3.64594
0.58112
3.89095
0.22325
2.15742
-4.10151
3.61210
3.48953
-0.35886
4.32261
-0.43859
2.37955
4.34975
-5.96532
-1.60630
-5.76237
-2.39663
5.48022
3.38554
1.99373
1.75218
-1.40418
-2.06808
0.42911
-2.79668
2.77437
-0.15066
-3.41324
5.17433
-1.42281
2.29239
3.13752
0.18873
-5.54323
-5.46670
0.51960
-2.60439
1.68573
-1.49421
2.58548
1.97617
-0.48865
2.49441
-2.79563
-2.14742
4.90936
3.09783
-0.44486
-2.98025
-7.39819
0.58714
-1.59826
2.23057
1.40249
0.70001
-1.50898
5.61398
-4.58523
4.55964
-0.55096
-3.81193
0.66759
2.16609
-0.24767
0.37311
-1.99174
-3.91306
0.40224
1.66922
-1.42703
-4.92915
-3.23236
3.32484
1.78996
-0.34899
1.17315
0.20803
-0.92508
-1.07465
-6.19669
-4.21927
-0.79682
4.45843
1.38051
-5.24606
0.57411
-2.02053
0.78810
-0.63154
3.07400
2.51002
-2.70692
3.96762
2.62467
2.20271
-1.03953
-4.57330
-0.00422
-2.62499
-2.38479
-1.76205
-6.93020
0.57096
2.86590
-1.66290
3.30380
2.64154
-1.80299
-1.90551
1.38620
0.57470
0.36865
2.18713
5.25864
3.29478
-2.00452
6.49290
5.84570
-1.46301
-1.81946
1.61060
0.93694
2.69718
1.47978
-0.53769
0.42774
0.64484
2.71248
2.21705
-2.00166
-0.60944
-1.80749
-0.33372
-0.27097
-3.29752
3.64759
-4.84527
1.45620
0.42802
-1.03442
-7.28061
2.40201
3.68418
-2.07734
-3.63101
2.98018
6.32802
-0.44058
-3.44894
-2.11864
-4.62258
1.69790
-1.49973
1.16987
7.28238
2.23393
-1.73674
2.11137
2.00489
3.13377
-0.37090
-1.39741
-2.02615
-0.45068
4.32916
-5.31409
-4.22326
4.04452
2.36989
-2.67372
-0.84805
1.66629
5.18205
-5.03062
-1.05009
4.09672
2.02042
-1.76891
-1.02931
-4.79330
-2.97414
-1.76352
4.04394
3.36276
3.37128
1.51531
2.88211
1.98222
2.87985
1.58011
0.42853
0.89946
2.04548
-3.13687
-0.97249
-0.17903
1.75108
-1.00719
4.93016
3.35046
-2.24244
0.97632
-2.40023
-5.90243
4.91831
4.42588
-2.06042
3.93034
-4.48072
-0.48842
3.32973
1.59911
5.94483
0.22079
4.12422
-5.95205
3.42332
-5.44325
-0.88785
2.61975
3.68208
-1.98907
0.48422
-4.19576
-2.07791
1.91384
-1.29479
-0.41852
-4.72612
3.74262
-2.23523
1.17399
1.73288
-0.22856
-1.76604
0.53951
-1.64071
-0.83269
-2.98332
2.33079
2.77863
-0.35783
3.26582
-2.56761
-0.76958
-4.92805
-3.33783
3.67293
-0.66584
-3.41918
-1.79685
-6.36907
0.75336
-3.87779
0.79140
1.76603
-3.46788
0.27815
-5.69749
-5.74132
3.54882
3.17123
0.45316
-1.33000
-0.59482
-1.94003
1.21482
0.33153
1.57513
-5.12358
-0.14929
0.20427
3.98711
-3.74190
-1.43425
-0.85560
2.67528
-0.66340
-10.22620
5.61385
2.66124
0.88782
2.36107
1.07599
-0.69801
0.61940
1.03365
-2.55039
0.24410
5.71281
1.35151
2.06695
5.11450
3.71665
1.98475
-1.78204
5.10675
-1.49472
2.86038
-1.32049
0.68116
0.22277
-0.21832
2.13147
-0.29133
6.96732
3.95799
2.44405
-1.98457
6.08141
1.89027
-0.35058
-6.67174
-0.51652
6.33215
3.51785
0.52213
-6.72770
-0.25037
0.14429
5.96638
1.69354
2.26113
4.60486
-0.18802
-3.79484
-0.80380
2.09117
5.05423
1.91624
3.35130
-3.15228
0.29086
2.49555
-3.63115
-2.01567
5.44477
-0.22600
2.40406
0.09947
4.33988
-0.93841
2.77574
-1.21673
3.80518
-4.27912
7.71119
-0.83970
-4.13869
2.50860
1.29506
-0.29845
3.75100
6.38843
7.96206
-2.36038
2.45122
-1.44814
0.15397
-1.41467
3.87847
0.88508
2.95767
-0.59540
-5.32870
1.69315
-0.92793
-2.97652
3.44172
-2.18458
2.24599
0.52894
-2.88710
-0.31524
-3.83537
-6.55111
-3.75015
-0.24916
4.46984
2.60271
-0.06357
-1.27667
-3.34281
-0.42971
2.71102
-0.58453
3.32402
-1.49364
-3.12007
-4.38715
-1.86486
-5.21532
-0.72661
4.45932
-2.64872
-2.62506
-0.55467
-0.33581
-0.60242
3.65975
1.03215
1.43097
-2.15433
-1.39017
-3.53012
6.71282
-4.11572
-1.63766
-1.19149
-4.62412
-1.59712
0.84026
-3.19945
1.38803
-1.03911
-0.18128
-8.23473
1.28908
0.34093
1.04878
-2.22753
-5.80016
0.80819
0.43947
-2.11784
3.05621
0.13709
4.70475
1.38125
0.47187
-4.46733
3.04688
-4.00257
-4.14954
4.38884
1.42083
4.38451
-2.68015
0.65853
6.06119
-3.80297
1.85363
-3.37126
1.42931
0.25170
-1.42549
3.29136
1.10470
-4.73367
-3.20636
-3.00682
0.44740
6.27272
-4.35475
2.18740
-0.89737
2.30144
-0.73697
-0.33040
-3.10054
-2.48693
-3.65311
10.28562
-4.76378
4.61288
6.19748
-4.11270
-1.16382
-0.49937
-1.68328
8.41940
-0.59389
4.06947
4.44908
-1.68644
-0.63850
-0.66282
0.57440
1.37685
2.61770
-6.05438
5.40592
5.34231
1.85392
5.52304
-0.35298
3.51903
-1.77381
-1.49432
3.70218
-5.00829
-1.77024
-1.61262
0.53516
-2.07422
-2.33425
-3.65965
-0.39394
0.55243
-5.09008
1.18869
-0.23345
4.21823
-0.13961
5.62577
5.12561
6.57699
-1.33492
-1.90065
7.60432
0.19588
4.13788
-1.18237
-7.99279
4.01282
1.01974
0.71349
5.10080
-1.16255
-1.42997
1.84932
1.40291
2.44491
-1.69066
-5.37643
2.71020
2.70512
-2.88803
0.32721
5.10798
0.17825
0.25196
2.31238
1.35771
-3.70566
-0.57557
-3.95400
-1.47979
1.34552
1.09145
-4.73395
-4.06337
2.46610
-1.42605
-4.20401
2.25820
0.51760
1.22549
-5.95750
-1.28695
-0.57049
-0.56082
-6.21327
-1.74924
-0.52071
-0.44353
9.70135
-0.53601
1.63387
-2.97120
6.02130
0.17789
-1.26955
-3.21196
-0.14683
-2.82706
1.09410
2.19812
-1.92413
0.37309
0.63603
0.81466
5.11536
1.96643
0.09944
1.58121
0.26661
1.35573
1.75090
5.80610
8.26882
0.69470
-3.70963
-7.57257
-1.30151
2.98674
3.63046
1.74693
-7.10843
1.80007
-0.91420
-0.31304
0.84211
-3.53472
0.17960
-3.25270
1.05998
-3.24596
-3.65140
4.60760
4.40757
2.93017
-0.65354
0.15947
1.58196
-2.95006
-1.66598
4.50804
-1.01399
2.21978
0.71952
-0.64429
-0.41124
-1.43910
2.73793
-5.34602
-2.50960
2.51916
3.03447
2.34363
0.00153
0.15241
1.28966
-2.73634
-2.06090
0.85050
1.17922
-2.30359
-3.49190
2.79518
-5.29298
-7.30342
-4.52144
3.13216
1.88854
-2.63925
-2.31469
-1.22818
-4.74223
-5.15008
0.83943
-1.39311
3.30177
-0.25444
-0.24133
0.56826
-3.73710
1.84164
1.11730
-1.14191
-3.31577
3.57252
-3.39942
-5.26540
0.13275
-1.37141
3.62362
-2.68090
-0.97321
-0.52584
2.40226
3.39718
1.29836
1.28767
1.30814
2.29278
-7.13790
-1.91284
0.56342
-6.00255
3.30626
0.54402
-0.44690
5.27303
5.39495
-4.19056
-2.08476
-0.39688
1.46953
1.53306
1.96300
-0.78134
2.62159
2.07586
4.52369
0.79490
0.11374
-4.66976
-1.16813
3.25258
-3.86308
1.00430
3.88154
-0.63572
-4.23534
6.34438
-4.28631
1.70554
-1.53490
-1.94086
3.16316
2.14504
0.32524
-6.56799
2.93861
0.10244
-3.05617
-3.25605
-2.92967
-3.51076
0.69356
1.55348
-0.95031
0.41820
2.62428
2.85158
4.40008
-0.57200
3.22390
-2.35339
-7.53866
-1.09253
-2.38920
-1.07148
2.50772
2.48534
-2.30413
2.09313
-0.41566
3.85117
1.91820
-0.83432
4.31352
-5.24942
2.93402
2.98479
-1.77460
-1.19315
-3.02830
-0.72512
-0.63000
1.09063
-4.71769
1.49016
2.35239
-0.57579
-0.95384
1.70102
-2.78079
3.25341
-0.19862
0.87898
0.33069
3.49736
-4.51767
-0.66932
-4.56037
-0.87047
3.55967
1.46018
-8.38546
-7.05289
-0.38011
2.16569
-2.78510
5.90891
-4.06414
1.32939
4.79598
1.15083
4.12367
-3.50348
-1.38849
0.31421
2.64859
-1.83482
0.11307
0.36704
-0.63124
6.34121
-1.29480
-1.35695
1.79118
5.22321
-1.23418
6.27438
1.15862
-4.18594
-2.86620
-6.36706
0.10988
-2.32385
0.46404
-0.66542
-0.26808
2.77310
4.21296
-1.93730
-3.03004
-10.73741
0.11482
0.68953
3.70584
-1.97712
-4.20372
2.45085
2.64660
4.59311
0.45417
-2.46618
-2.76513
2.74855
2.37633
3.02392
4.59163
-0.86378
1.94233
0.74949
-3.05266
0.93323
3.59083
0.11286
8.47393
-0.69499
4.52877
-6.73824
5.75896
-1.50409
-0.17905
0.49389
-2.70940
-0.01393
2.55855
1.26564
-3.79152
-0.01747
0.31538
-2.36774
5.19846
0.55931
5.65333
1.87915
-2.00252
1.15749
0.15418
5.82432
1.57385
-0.79719
1.01533
-1.85211
1.84463
-3.93247
-5.94667
-2.95512
-0.28406
-0.04761
-5.75228
4.65659
-3.08801
2.44207
-2.62910
-0.33534
2.33776
1.58955
1.83434
3.16891
4.74077
0.71896
-2.41296
0.95015
3.62597
0.07250
-1.12866
5.17888
0.54480
-1.01115
-3.43011
-0.41678
0.90091
-1.82879
-3.92809
-4.37333
4.44549
-0.86623
4.51889
2.22990
-6.32122
5.70816
2.14268
-1.52297
1.90839
0.57778
0.93960
-2.30409
-2.16274
1.90797
-0.26101
-1.40650
-2.52846
-2.59390
0.17909
2.99253
1.84995
-0.29848
1.81981
-5.68964
0.38950
2.65182
-2.71319
-4.08412
-1.97008
6.10865
3.70820
0.08031
4.27928
3.40124
3.20586
-2.31752
2.68246
2.04291
-0.82895
-0.61306
3.86709
-1.45423
7.76502
2.72261
-0.92427
-0.81891
-2.67874
-1.07088
0.98016
-4.58405
3.74239
6.53514
1.57192
3.48199
-5.90594
-2.31852
0.21926
-1.94164
0.07271
-0.33631
6.90476
-3.95782
5.49677
1.22434
2.19759
3.91222
5.51618
-2.16561
-0.90962
4.79412
-1.36757
2.48506
1.51922
-1.34784
-3.36958
5.35464
2.96437
-1.39926
4.35462
-1.00080
-0.62547
-2.80793
4.63841
1.61682
3.53348
-0.02963
-5.58971
-3.77488
8.91734
-0.21644
-1.16147
0.47320
1.33058
1.44303
0.34365
0.26704
3.20162
-1.91044
3.44328
4.84209
-0.37349
0.71126
-2.45952
-2.20514
-2.80383
-5.52675
1.48746
-0.67668
9.72985
4.17269
3.02765
-4.52779
-0.63430
-4.22385
0.08099
-1.29329
-5.85891
-1.61761
6.10800
1.76301
1.67483
-5.48183
-2.80834
5.75792
-1.64173
3.69583
2.45739
-3.89311
0.77605
-1.26727
0.50450
2.04090
-2.33229
2.84445
-4.46387
-5.61643
4.41891
-1.62370
-2.07325
-2.59311
-1.90581
-5.89380
3.22883
-3.46293
2.77040
-1.18265
0.41439
-3.15790
2.45462
1.01126
-4.07378
-2.98356
-6.03547
6.28794
-5.80236
-3.24450
-0.81016
-3.35185
-2.93076
-0.79480
-6.13814
-1.26020
2.20192
3.32573
-0.67407
6.31197
-8.38853
-0.87780
0.55946
1.88105
-2.37081
-1.08513
1.17608
-2.76693
0.34117
0.94174
-7.00514
-0.65737
0.82305
1.84097
0.12747
2.07191
-5.28120
1.06080
1.78251
0.21198
-0.22880
4.76075
-4.26216
2.23220
2.98246
-1.29993
4.62667
-1.84162
-1.75870
1.25662
9.13506
-3.95707
2.27150
-1.70575
2.32433
2.83509
2.74622
0.79513
-3.27003
-1.40149
-0.39132
4.79401
-1.50540
-1.22185
-0.87697
-0.87299
-5.78776
3.98667
2.55613
1.87007
1.09421
-1.07625
0.38022
-8.51658
-1.47746
-2.90314
0.96680
6.61956
-3.59468
2.21853
0.76614
1.11848
1.21173
-0.48716
-4.56078
-0.33566
-3.68341
-0.20081
-2.31004
-0.96615
-2.11139
0.84763
-8.58983
1.31494
-0.78513
2.89299
1.50849
-4.25912
1.25050
5.14142
0.08878
-3.31913
-3.52978
3.93182
-0.65652
-4.29469
-3.12144
-0.88457
1.22281
-5.24076
-4.43447
-0.35754
3.49159
-2.02882
2.58542
-4.63797
0.25916
4.15201
-0.17258
6.96946
1.23658
4.37312
-1.82193
2.46769
-1.75182
0.82083
0.12653
-3.35400
-5.14948
-2.65513
3.66473
-0.98054
4.11691
-3.39089
3.04828
1.01694
-2.45750
-2.69152
-5.11083
-0.82118
2.32866
0.01558
1.04396
-0.15469
-2.58400
1.63765
0.51802
7.08546
-1.00881
-0.97709
-2.73491
-0.70875
-4.68923
-4.05648
0.80044
3.79223
5.87148
-3.46412
1.17832
4.63133
-4.30402
-4.57452
1.54558
3.05248
-7.68817
-2.75500
-4.69942
2.76804
-1.90305
4.92463
4.13026
-5.92067
0.15977
0.49776
4.14708
-2.51738
-0.47410
3.46978
3.83382
-4.72019
-3.02440
-1.46159
5.74920
1.08011
0.60769
-3.29483
-1.50265
-0.08887
1.06013
0.63588
0.21472
-0.14376
-3.95847
-3.37976
-6.17710
-0.27002
2.94217
-2.06718
2.33539
-4.67386
-3.84946
-2.53150
-5.66715
-1.93879
-2.44641
-0.13077
-4.14826
-3.97116
-2.81296
-0.25327
-2.07075
3.87965
-0.18836
-3.86793
0.25295
3.09341
1.17976
-0.25390
-7.75820
7.14116
3.60705
-1.98840
-6.50286
0.45326
3.16496
-0.10008
-1.17153
2.04700
-3.24734
2.61642
3.52075
-8.30263
-1.19185
-2.48661
-2.59117
0.19997
-5.40033
-4.12358
4.41434
5.84141
-4.41137
0.98417
0.19551
-3.43230
5.49011
0.41463
6.59688
-2.39180
1.74945
-0.32870
6.12404
-2.65121
1.11301
-1.94412
-0.19196
1.66907
1.53996
0.51783
2.07322
-1.83064
-1.17110
1.04519
-4.49714
-1.58524
6.18334
-1.67171
-3.03286
-0.24551
-1.39916
3.00699
1.06164
-4.12851
-0.76260
-3.16984
-1.22560
1.32804
-5.68436
-1.70198
0.41408
0.93323
6.63575
-4.47534
0.09824
-5.90585
-1.00857
4.80576
-5.46015
2.50574
6.11027
4.21363
3.00222
2.54421
-3.62150
0.57077
2.80433
-3.52014
-0.14343
-1.55130
5.84500
2.36778
-4.50171
-1.34022
9.73033
-0.88265
1.11099
-1.21428
-2.08200
-2.94092
-3.19765
-1.38553
-0.68540
3.30968
2.53585
-2.73529
-5.53361
0.04548
3.56166
-5.01354
-1.60008
-1.68053
-4.57820
0.81033
-4.06859
-5.42901
-3.83620
-4.19322
1.31476
0.35655
-7.87701
0.07883
3.82918
-0.34918
-4.18854
-5.08704
1.19048
-6.40195
-0.72584
-1.17077
-0.35693
-1.67591
-1.13551
-7.23734
3.55788
0.66770
1.39239
2.69565
4.77317
0.09900
2.02280
-1.56265
-2.25856
1.38641
1.76540
4.20795
1.62930
1.32759
0.07318
-3.69407
-4.34958
-3.50873
1.27319
-2.52165
0.85747
3.21862
0.52767
1.74525
-4.37819
-3.65967
-0.13963
-1.62599
-3.48289
0.01077
2.93680
-6.08843
-1.94355
2.54979
3.30506
-0.91502
-1.45925
-2.67949
-3.37187
1.29096
-0.77576
-0.61107
2.67007
0.23730
2.02733
1.44634
3.55087
4.14530
3.33196
3.05789
2.11288
5.65927
-2.40596
-7.70386
2.95615
2.59868
1.78608
1.32257
-3.82665
-2.46475
-0.78265
-1.18160
1.37662
2.70204
1.37843
-0.23281
-3.61453
-3.26873
6.17800
-4.70017
5.60424
-3.67503
-4.62824
0.21743
1.37371
-3.84059
-1.37768
0.90940
-0.22676
5.83930
5.11096
-5.98891
2.94407
-5.24726
-1.81127
4.59165
-5.14959
1.30600
2.49110
2.01375
-0.22065
5.19929
1.30902
-4.05312
-4.19790
0.68807
-3.58420
4.43629
-1.73526
-1.42033
-2.77600
-2.89748
-0.85472
-3.92125
3.49846
0.61580
-2.49871
-1.27801
-6.04078
3.43545
-4.95927
-2.53675
5.64795
-1.12244
2.72946
-1.90217
-1.42776
-0.55752
-0.58122
-4.35316
-1.46075
-1.64466
-0.46005
-2.49504
6.83910
1.09312
0.98334
-3.27598
-1.30117
-7.00160
-1.51262
-0.13186
-4.23469
-1.65035
-1.24141
2.62475
3.10277
-0.37891
-5.52326
4.03171
3.89091
0.37134
0.88021
-6.25004
2.22532
-0.51071
-4.72312
-0.80664
-1.94482
-3.74439
0.97849
2.33402
-2.64155
-0.48799
8.07170
0.45899
0.52927
2.81318
-6.83798
-2.23501
0.08463
-4.36416
-1.28349
5.41701
1.46660
3.20933
-3.98784
3.03195
6.57432
-0.92881
0.80902
-2.20046
0.73609
-2.09001
-0.36482
-5.02697
2.45229
-1.74900
-3.33088
1.29900
-3.02926
0.03340
1.36853
0.39260
-0.55397
1.52377
-0.31150
-4.13652
-8.45099
2.51345
1.90672
0.33141
-3.73354
-0.23414
1.24729
2.89557
3.02042
0.50304
-0.28623
2.90869
2.92116
1.21064
1.25211
-2.55969
0.48291
2.37504
-4.85910
-1.50624
6.30881
3.95437
-0.15734
1.53863
-0.35468
-4.07527
4.09903
0.10481
0.86156
6.69137
3.60736
1.78909
-6.05139
-1.72827
2.20045
2.39434
2.83273
-1.34239
-1.98422
0.50317
4.42819
-3.67879
-0.57869
0.18515
9.39738
-3.07058
6.80394
1.11188
-2.03030
-1.52413
-0.45677
-0.97843
3.86698
-2.02761
-3.55232
0.21369
3.39840
0.72457
1.13940
-1.90408
-1.94929
6.28277
-0.10293
0.81442
-1.46681
7.02489
2.39553
-2.59277
-3.60841
5.42700
1.73834
-3.82035
4.63867
-2.40128
1.02618
-6.02730
0.58844
2.23065
1.32930
-1.43372
3.03348
-4.79439
4.33312
-2.37710
-0.72452
-0.43227
-0.60586
6.14587
-2.93833
-6.34395
-3.20267
-0.30597
-3.42674
8.71006
-0.95458
2.83494
2.13421
0.90971
1.12210
-0.04936
3.91379
-4.52257
-0.65358
-2.55492
1.14471
-5.36710
-6.66656
4.79239
0.14751
5.17547
7.86562
-0.76969
-1.75832
-3.05119
-0.64577
-10.30435
-5.53385
-0.44530
-2.33134
-5.32060
3.38299
0.07193
-0.22488
1.93777
0.25734
-4.75843
0.45145
-2.04624
-2.62317
0.74008
2.46725
1.84965
-1.61737
2.80344
-0.80638
1.15162
0.02254
-2.68606
-4.11540
-5.39683
-1.55583
-1.38099
6.37828
-3.36414
-3.07930
-2.23049
2.76717
-0.42302
-2.32844
2.19126
-3.01826
-0.16801
-7.43433
2.65716
3.02376
5.39460
1.58977
1.73345
-2.16949
-2.51399
-0.32843
2.94358
4.71829
0.04879
-3.41594
0.21061
-2.91136
1.69070
-2.57688
1.34214
0.77599
0.63929
-0.55879
0.68771
4.13739
3.53658
-1.10938
-3.70403
-4.28730
-0.28479
3.36851
-4.79797
-2.27300
-1.01704
-2.84987
0.79214
-3.82840
2.35787
0.14281
-1.01117
-5.44338
2.90711
1.04846
-1.64106
-0.43240
2.69019
-0.74407
4.52853
-0.67541
-5.02476
3.27634
-5.15654
4.17892
-6.56004
4.03581
-0.97501
-5.00758
0.52947
-4.18428
0.32768
-3.47689
-4.12924
7.36863
4.56161
-6.21950
-0.74297
3.31434
-1.77658
0.29560
2.66697
-0.45187
-0.39571
-6.12033
1.21751
-4.27328
-0.19897
0.03475
-0.66894
2.08803
3.86830
0.55910
-0.98302
-0.87798
4.57442
0.29188
1.50333
-0.70822
1.55251
0.90734
0.26039
0.37363
5.30823
1.85439
-1.26794
-3.92782
-3.04514
2.73673
1.07224
-4.30594
-2.46040
-1.13681
1.29551
0.63626
-2.40794
2.56356
1.37365
-3.71161
-1.20435
5.95379
5.96199
-0.84598
-1.24217
1.46707
1.47681
-0.06982
6.16095
0.33519
0.98283
-2.86986
-0.93816
1.32772
0.57899
4.91038
-0.09985
-1.37168
-1.76081
-3.37801
3.80390
0.16134
-0.47016
-2.12106
0.32667
0.66014
5.35268
2.61223
-0.82096
4.64503
2.24359
-0.66436
-1.59281
-1.21390
4.93366
-4.02657
0.66922
3.19422
-7.93215
0.35298
-2.45246
3.55009
-0.69086
6.41931
4.80960
1.80717
-3.61669
-1.55723
0.81610
-0.49305
-1.63155
-2.43451
-0.63187
-5.40946
-3.81367
-2.05464
1.98021
-4.57948
-2.42998
-0.91695
-7.37544
-1.38706
-1.02558
1.45568
0.11479
-2.34368
6.44074
-2.25480
1.33069
-3.33775
-0.99358
-2.79490
-4.64320
-2.85712
4.25893
-2.25806
0.15953
-3.63218
-8.37661
-6.54000
2.29379
-1.12906
3.40573
-2.93554
-2.23563
4.81751
0.57606
-3.34664
3.00239
0.00870
2.81904
0.71600
7.51417
-5.93010
-1.19576
3.37639
-2.83781
1.14860
2.49448
4.22001
4.91843
1.52765
-1.25113
-1.32746
-2.82017
2.28766
-1.87366
0.21307
-4.94574
1.21312
-1.81758
-1.52158
-4.73699
1.29900
2.49356
-1.34027
-0.09634
4.40722
-1.96728
-1.66657
-1.06622
0.13650
-6.42741
5.58041
2.53418
1.14132
-2.73289
0.06068
-4.00903
4.75097
-1.41784
-2.95365
3.64624
-0.93555
1.79171
-6.91483
1.88076
0.74657
3.29120
2.40271
1.20877
-6.58981
1.83016
-7.34180
-0.38872
1.13640
-1.28443
-1.16132
-4.54644
-0.75392
0.78006
3.08161
4.88408
-3.97182
-2.08249
-1.10803
-0.73481
-0.56866
2.76475
-1.97979
-2.30832
-3.48884
0.24810
-0.52729
-7.31883
-7.86052
0.34369
1.42177
-2.34340
-3.45668
0.55455
-0.78042
2.84257
-2.62947
-4.34501
-2.83593
-0.67648
-1.42149
4.70451
-5.44706
2.77485
0.54086
-3.54449
3.86183
-2.70508
-4.33840
2.75913
-2.16698
-0.05647
-3.59110
-2.95157
3.40046
-4.38613
-2.51384
-0.60966
-3.25822
0.85759
-4.97794
-1.73349
1.16214
3.39420
-6.31613
-2.20752
-4.89612
5.08190
-9.78816
0.03959
6.35511
4.27122
-0.21361
1.67224
-5.14295
2.07305
-2.36156
-3.41507
-1.21714
-5.90752
4.02738
0.50543
0.64257
-1.07784
0.44332
-1.71100
2.82844
-1.52310
4.07214
-4.86264
0.19380
-4.64901
-8.48671
-2.00880
-2.54448
10.02633
-4.43713
-0.12920
-3.12981
5.12977
10.76815
-2.40353
0.04443
-2.35541
-5.51245
-1.74016
-1.86687
3.72716
0.31526
0.39317
4.70666
-6.85849
-5.85998
-1.12260
-0.54037
-0.95386
0.26493
-2.23289
3.72318
3.78046
4.95697
3.02080
-1.89029
-0.26028
-5.35724
4.97874
2.57489
0.68898
4.05459
0.64748
2.18433
6.01191
-5.75048
-5.71723
-4.43908
-1.92778
0.11258
0.16653
0.55421
1.72834
0.10199
8.73343
4.37643
-1.69451
-3.63631
1.47348
4.03086
-6.18073
1.29007
-1.07319
-3.21398
-0.87024
-1.80346
-0.28549
6.25877
1.39394
0.43651
-1.45544
4.10929
0.18124
3.81566
-5.60905
1.92380
2.09469
-2.00630
-4.24394
-5.43416
-0.82547
-0.77538
-3.89612
-3.77090
1.20634
0.27553
-0.99462
-1.34882
0.88087
3.41450
2.26651
5.09000
6.63817
-0.59982
-1.00318
0.42547
-6.21752
1.02588
-5.99674
-1.93288
-4.34400
-5.05170
0.66896
-5.24529
-1.13789
-0.84417
-3.55358
-5.54148
-0.23265
1.41716
1.11728
-4.81100
-0.53242
-0.43156
4.86484
1.16129
-2.39698
0.21387
-4.39019
0.13043
-5.48831
0.25252
5.80784
-3.15448
2.42937
2.78884
-1.47930
4.21352
1.29149
2.33131
-0.25308
4.72364
-2.75395
-5.06940
0.88880
3.05233
0.10283
-4.11315
-4.13297
1.92830
1.68845
-1.28583
-1.98745
1.94666
-2.41852
1.58058
-0.73208
1.09875
-1.34901
2.16249
0.80346
7.27160
-1.14345
-2.68629
-4.26632
1.73608
1.40059
-3.09460
-1.80537
-0.37783
-3.37895
2.45865
1.39605
1.71230
4.85529
-2.93492
3.49236
-3.39368
-3.01274
0.21493
2.32701
-5.27927
-0.43632
-0.19692
-1.88470
-4.66498
0.82699
2.84028
8.44009
2.24987
-4.99774
5.14215
-1.89155
4.04876
-0.76040
-1.14646
-1.56835
-4.43183
0.95954
1.39014
-1.77614
3.52873
-3.17081
3.00553
-5.75303
1.20131
3.35107
0.56932
2.52223
-4.66735
1.19252
2.84291
2.24522
-1.70332
-4.26626
-4.55124
-5.26114
-4.94395
2.36800
1.75891
-1.63349
2.47133
0.61870
-6.53510
2.06619
3.09707
0.48680
-2.96167
0.78023
-5.02313
-1.10001
4.19589
-6.35190
2.30813
-6.69770
0.60566
-1.65147
-3.22587
-0.02055
-2.73290
5.95531
-4.97782
-0.98327
1.57060
0.50540
1.90221
-0.10496
-1.21633
-1.89802
-0.10123
-2.32511
2.06655
1.60538
-0.07046
-3.30821
4.19537
-3.56788
0.10364
1.11041
-3.48458
0.11908
-5.70941
-5.96405
-1.63116
-3.87761
-3.81559
-0.03665
-3.05895
-0.48670
-3.57500
-0.43814
-3.98668
0.96690
-7.59356
-2.23159
-1.69319
5.05440
-1.03082
-7.12180
-0.74593
-2.04650
0.68901
7.19574
1.91309
-5.83882
0.71863
-4.00479
4.92516
3.92243
-2.07311
2.87643
4.22352
-2.71044
-5.46378
-3.70102
0.96604
-3.13419
-2.35612
3.62865
1.72497
-0.15042
4.00479
3.11663
-4.06829
6.90966
2.04982
4.71599
-1.53427
-2.62516
4.55029
-5.12863
-0.75344
5.88890
4.11828
5.87722
0.23096
-1.35972
0.18601
2.35405
-3.29620
-3.30358
-3.15764
-0.25127
4.86660
-6.48002
-2.16295
4.45103
3.00481
1.13950
-2.22651
-2.13746
-0.10414
-2.52616
0.66599
2.90911
-2.36286
3.67081
-0.74629
-0.48039
-2.81414
-2.73992
-2.16281
-1.77891
-2.11752
0.05173
7.10117
0.61004
0.89606
-0.28592
0.68468
-1.05735
9.09309
8.17547
6.71656
1.26103
-0.15371
-2.44716
6.89625
4.41532
1.45411
-1.47374
-4.48986
0.46258
-1.32035
0.83823
-4.33066
-4.33446
-2.66786
-2.75027
1.30151
2.85094
1.40207
3.01188
3.36128
-2.51773
-4.05239
0.47482
-3.93826
-0.49403
-4.10629
-3.94081
0.49009
-8.53344
3.33800
-6.14756
3.68762
-5.95436
10.49683
-7.38791
4.99037
9.03021
-3.88727
3.38359
0.19333
-6.75277
0.02267
1.73991
-7.66563
-2.57467
-4.57194
-0.46419
-3.11717
-2.38273
-3.17719
-2.52419
0.02719
-4.59246
-2.11951
4.09308
3.30582
-1.94037
-9.85801
-0.50888
0.01185
-1.64200
-1.91821
-1.24283
4.66804
6.46369
-1.31669
-0.91209
1.08138
0.98466
-0.16862
0.99817
1.06729
2.78969
-3.48813
-2.70546
5.09058
-2.93641
-1.05137
2.15786
3.75735
0.63944
-0.17485
3.03099
1.79708
0.49572
-5.77112
0.69005
3.08237
-4.29408
8.13123
6.62332
4.09654
-6.25686
-1.60612
-2.71988
-0.02967
-4.70141
4.33587
3.33620
-0.95958
0.20236
-1.02118
1.24917
1.30518
4.87058
-3.36769
-0.55916
-1.78994
-1.28179
4.59684
-5.78181
1.07441
-0.52479
-0.42676
-2.62669
-0.24867
-1.67583
-0.47173
-0.20250
2.31039
-4.86566
6.68670
0.43055
-2.17505
-1.89846
2.47455
5.38322
3.92630
6.19511
1.07517
-0.93182
3.80154
1.41938
2.58953
0.13640
-3.69390
0.67778
-2.63605
-0.19880
9.56409
-2.17352
-3.68537
1.67708
9.39303
3.22391
-1.62080
1.56911
-2.61190
0.62842
0.05666
-5.35945
-0.20865
7.43146
1.98396
-3.45969
3.92254
-3.75925
2.77867
-2.76355
3.81932
-0.16718
-3.72523
3.75494
3.16738
0.24643
-1.07529
-2.19949
-0.59877
1.83102
1.47969
0.76321
-3.22846
-0.19591
-1.94490
-3.44687
-2.24668
4.82889
-2.53999
2.26585
6.24652
-1.16297
0.93878
-1.87385
-3.03057
4.12366
-6.68380
-2.95181
-1.50646
0.63897
0.02393
0.68591
-2.84121
-1.04497
1.92309
-4.81786
1.19636
1.46911
1.84533
-6.53174
-2.72132
1.22734
-6.35033
1.31943
-6.96468
1.39984
-0.63990
1.58096
3.03028
-1.41023
-0.04302
-2.86342
4.57986
-2.82600
1.68183
-0.29766
1.05783
0.02756
1.08722
0.88961
0.70992
-2.32457
-2.13702
0.26321
1.45838
-6.00027
-2.60708
2.33517
-2.55786
-1.04731
3.00793
-6.97017
-2.16092
1.28765
1.79716
3.14542
2.35781
-0.74303
0.93534
0.26790
2.76222
-1.07117
-1.30991
-3.04465
4.82643
2.21833
-0.26258
3.20172
-1.58698
2.38358
2.74310
4.50575
-2.96091
2.13507
1.18068
0.76298
-1.63407
-1.75956
0.24998
0.83509
-5.94265
-0.52183
-2.09056
0.26168
1.53561
-0.67172
-3.90434
1.70305
0.22265
0.94986
1.29341
-3.36110
-0.48364
-2.60114
0.58631
0.54348
-3.38843
0.67459
6.36623
0.09061
1.85367
1.36931
-0.34703
-4.18513
2.46143
0.73842
-0.24081
-2.32426
0.54210
6.15601
2.17860
3.62077
1.13160
-4.48966
-3.22987
5.95465
-0.32017
2.63466
5.94609
-2.45684
0.69021
-1.95725
3.59291
0.92116
0.91284
-0.34749
-0.69907
1.88569
1.43037
0.51792
2.70829
4.12512
2.35708
-0.93359
-0.18573
-1.71545
1.08309
2.29416
-1.97329
-3.30052
3.57775
1.34933
4.70483
-2.46700
3.62590
1.24543
-3.88467
-6.84632
2.64361
1.43947
-2.65730
1.90314
-7.75044
6.95370
-2.44856
-0.43827
0.77645
3.30199
-2.12480
0.69987
-0.43763
0.82089
-0.19418
-4.02084
0.57143
0.34313
0.27550
2.53094
2.08044
-7.61877
-3.63887
2.70254
4.78808
1.63080
-2.60798
-3.81842
5.77049
4.77820
-1.93358
-0.31336
3.75992
1.80481
-0.14102
-3.83989
-2.62371
6.51301
-1.29145
0.55371
1.05716
1.39710
1.66173
5.60149
-0.84753
2.89738
-3.22285
4.85655
-0.04982
-1.89123
-0.43437
-10.03709
-2.46403
-2.32550
3.09258
-7.45102
7.60428
-2.62923
2.49116
-0.60176
2.76551
1.11746
-2.90108
-0.69176
3.38474
0.20469
2.07793
5.26357
4.00333
-3.18327
-3.86414
-2.67583
4.12537
2.17717
4.93421
-0.45724
-1.46693
2.89774
3.77792
-1.54486
-7.83206
0.68332
4.60425
2.55550
-0.56195
2.63824
4.50582
5.16684
2.49466
0.88128
1.63387
-3.25953
-0.60222
-0.59836
4.45990
-2.20840
-4.48591
9.00719
0.32649
7.25093
0.72403
-0.50937
3.72421
-4.65012
-4.75673
-0.45035
-0.58847
0.92036
-1.28123
0.73728
-5.50715
6.99547
-0.94879
-0.13765
2.60716
2.90391
-1.98120
-1.90988
-1.38294
3.52155
1.69598
-6.01100
0.26572
-3.51170
2.41250
-3.29743
-0.38470
0.26841
-3.37797
0.40507
-0.69168
3.74950
-2.39198
-0.85589
2.20117
2.33006
-2.17730
-0.71644
-2.89583
0.76790
-0.15845
-2.79767
-2.70289
-0.42165
-0.73190
2.12877
-1.20122
0.67669
3.79868
4.71512
-5.75699
0.82787
-2.70638
2.03848
-4.23603
0.25013
3.74124
4.46358
-1.59959
-1.51249
-0.78260
2.59407
2.35236
0.55405
-2.64922
4.21017
4.67598
-0.96699
-4.44379
-2.56562
-3.38346
0.16325
-4.25367
-3.46890
2.65968
2.68523
-1.73865
4.03407
-0.35741
0.24023
1.00236
-6.72072
-2.45933
-5.88057
-0.74506
0.60142
3.21947
0.55922
-2.57770
-1.76455
1.36011
-1.21258
-1.64951
3.35683
1.57168
-0.31273
5.35125
-6.01205
-2.85437
-2.12573
1.86103
0.35239
-3.22820
2.18572
-3.33248
-6.40461
1.84671
1.29469
-1.72327
2.43211
-0.08566
-1.50753
-0.40364
0.82324
-0.05393
-8.07389
-0.12236
0.34573
2.76646
-2.46801
3.93765
4.41925
1.71131
0.16518
-0.29035
-2.01616
7.47728
-0.20177
-5.00530
-2.41153
9.88653
-3.15101
-3.79430
-1.49186
-0.49599
2.22000
-4.25492
3.05953
-2.22438
-1.28098
1.18693
1.98459
3.27939
-1.27785
3.00054
8.91188
1.18397
3.28434
1.86675
3.39584
1.64117
-1.69442
2.61203
3.06379
-2.12476
3.77148
2.70894
4.27995
-1.45023
3.63987
0.71719
-0.14358
3.36154
1.21626
0.99892
-4.98574
0.16835
4.55450
1.45281
-1.47226
2.03499
1.70098
2.22682
2.78817
-0.75579
2.08633
7.42132
-6.95381
2.94296
3.43177
0.28936
-1.00622
2.09967
-1.92346
-6.53715
1.81700
-4.55311
-6.35351
3.35553
-2.39469
2.18445
3.00650
-1.11427
-2.62065
-2.52333
2.26682
4.81168
3.65668
-0.43145
2.68791
3.59769
3.69297
-2.70421
1.08585
-2.63649
-0.55183
-4.98058
-1.37134
5.62692
-2.48205
2.80939
2.40508
-1.76887
5.44058
3.24687
4.32759
-5.79318
-2.38573
4.14258
-2.66272
-2.01751
5.88658
-3.50126
-7.44999
-2.91553
0.77066
-4.97152
-0.57729
0.80836
-4.17853
-3.47253
4.51124
0.40464
2.02709
3.15279
-1.17887
-0.44771
-5.53611
7.72499
-1.80297
-2.80465
2.04248
-1.53380
1.46506
8.77662
2.10456
2.42143
2.74825
-0.94996
1.35736
3.57289
-6.17282
3.00635
-0.18699
0.57157
0.50500
5.21898
2.85880
-2.04903
0.30281
-5.07232
2.37110
-1.16392
3.80937
-2.78283
-1.69033
-1.06151
0.74368
4.29472
-1.24788
-0.58714
2.67422
7.19107
-2.21607
-1.24902
-3.74115
0.75283
0.79240
3.04026
3.20694
-0.30944
-0.45958
-3.29678
3.77820
1.69802
7.10339
-2.57690
-0.81129
9.65813
-3.67897
2.23626
0.06277
5.80795
-0.36897
-2.30772
-3.37603
1.76474
1.38760
4.20353
1.58905
-2.05461
-0.36324
-2.28954
1.35622
-1.48341
-4.71249
0.27089
2.19299
2.40131
1.39160
4.38547
5.52940
4.05500
-5.78234
-0.36899
-2.24029
5.04075
-5.03153
5.13033
6.46541
4.30717
-3.24345
-1.15452
-2.33176
0.73741
-1.58921
-1.73338
2.62097
-2.76074
-2.59356
-2.48703
5.66203
-1.74687
3.51595
-1.47261
5.23754
0.84399
0.35126
2.09255
-6.42140
5.71818
2.99513
-0.50436
-2.92449
6.07777
-4.60883
1.38158
-2.35564
1.31030
2.13152
8.01413
3.97870
-7.33137
-4.63486
3.02089
-3.68316
4.32709
2.29273
-1.03351
-3.49622
0.66450
-5.19025
-1.98861
-1.53306
-0.38432
3.66381
-2.54552
2.81178
-4.19144
-0.75942
-0.88203
-0.84593
0.52810
2.20184
-2.85587
2.60468
2.41618
4.84399
-1.38636
-4.06067
-4.18145
-5.53220
1.95748
1.07105
-2.61204
-3.05437
-3.43360
0.66289
-2.49308
-2.18579
-0.74438
-0.41604
3.87802
1.87954
1.23855
-0.08487
-3.17746
-2.91851
1.04926
-1.00984
0.35501
3.51239
-0.28694
2.02041
5.20613
1.21523
3.51671
-3.20730
0.67692
-6.60789
-2.00795
4.39825
-2.92047
-0.02561
2.64686
-3.74769
-5.95498
-5.37707
-1.24142
-2.92631
4.84295
1.74352
-0.58179
1.05409
-1.26005
-3.83434
0.61735
-0.09649
0.41554
-2.74107
1.98637
2.61416
0.59985
-1.97973
1.64946
-0.71226
-1.47528
4.83742
1.99600
-1.56715
-2.56448
-3.60583
0.08245
-1.39556
1.76665
3.46670
-0.95495
0.71622
3.58136
-2.97101
3.00133
6.10439
-1.26636
0.24481
0.93591
2.57002
-1.10095
-1.54329
1.43761
-0.43326
4.21228
-3.20302
4.97203
-2.79322
1.70428
-1.45591
3.09207
2.27241
-1.56785
-1.87621
-1.07329
-2.20064
1.93767
-5.75092
-0.47750
3.02737
-1.46319
-3.27195
0.06417
-0.15745
0.03835
1.93604
-4.39631
-0.17768
-7.11301
5.58996
-6.67012
-0.23521
-2.84219
-0.46728
3.17736
4.91045
0.38597
2.72346
3.58433
4.26001
-3.41698
-0.68663
-6.47069
-0.57794
-3.01698
-2.47570
6.05739
1.80291
-2.17583
-3.75541
2.55081
-0.00639
2.58058
-0.16931
-0.36898
1.75230
-4.91622
-3.29914
3.02031
-3.90689
1.82682
-4.33799
2.21134
-1.84137
-8.94091
-0.03390
-0.69708
-3.90015
-3.18975
1.21546
-4.88355
-1.01396
-3.35087
-1.15104
0.08665
-0.92599
3.86096
1.35587
4.81982
0.45604
-0.06301
-0.09036
-4.58135
-1.54763
-0.02778
0.83184
-1.41969
-0.86486
-1.27811
-0.37001
0.59411
-2.39888
-0.66381
0.07956
-0.52783
-1.18034
0.07403
0.31440
-3.08973
-0.46861
-2.51940
-2.03686
-4.33977
1.28497
-1.68629
-0.06324
4.19539
-3.01584
0.60519
-0.76809
1.59363
-2.44156
-5.99548
-3.31664
1.67001
0.42664
4.53103
2.58619
1.07728
-0.12765
3.50477
0.68251
-1.66408
10.26269
5.83499
1.12299
-2.34684
-0.00871
0.82994
-4.71986
0.53433
1.85592
3.76543
4.51890
-3.65044
2.89988
-0.04974
-0.49927
4.37241
2.45510
-0.46201
-1.92714
-3.22132
-1.81326
2.18006
2.32489
-2.71345
7.94082
-0.04189
-1.75881
-2.34188
4.28028
-1.65445
-1.71864
5.05159
-2.37761
-2.47450
-4.36921
2.64920
2.42301
3.19898
1.91242
-3.59818
-1.61005
2.41837
0.52019
-1.69323
0.63542
4.34037
-2.71792
4.62753
-0.84968
-6.24982
2.39641
-0.60779
3.11151
-3.52839
6.81254
-1.12229
-4.20308
0.55783
2.39738
0.83312
-7.97006
-1.42728
-4.30442
5.89488
2.40023
-3.46255
2.36145
-5.39921
-2.90771
2.56385
-2.70355
0.32484
4.72263
-0.42726
-0.01211
7.79052
-7.19318
-1.62172
-6.88268
1.97533
5.69016
0.54733
-5.40511
4.13481
-4.46334
-0.33654
0.49570
0.40688
2.01194
-1.21721
6.34639
-2.29314
-3.67714
7.44884
-1.28529
1.11697
0.15550
-4.12990
3.58596
1.87457
-0.65164
-0.80907
-2.19393
-5.80365
-0.01907
1.36907
1.19467
-1.93513
-5.50429
-2.32636
-6.64763
8.05346
2.25601
-0.91883
0.33688
-1.70462
-1.53349
1.38702
-3.84608
-3.67650
-0.86084
-3.68130
-0.94880
-3.78066
-0.24435
-2.67908
-8.82818
2.60589
1.23358
-3.27096
-3.42692
-5.32455
2.90351
-5.47150
0.58627
5.32517
-3.78690
-3.44472
3.23668
4.35945
0.14720
-0.39575
-6.09158
-4.18807
1.55252
-1.53881
-2.36338
2.37735
1.32897
2.09119
-2.15138
0.13895
1.17740
1.26314
2.82015
3.91434
0.82713
-0.20898
1.74744
3.40738
-1.86157
-6.59046
-4.69767
-0.96258
0.82312
-3.67044
0.60785
1.72557
0.69527
5.65266
-0.04669
0.71205
5.91955
3.90500
1.62903
2.19440
-1.96793
2.01052
-3.79251
0.90027
0.25934
-5.85865
2.38214
-2.83847
-3.76111
-0.83730
0.85354
-3.30400
4.95760
1.99532
6.50520
3.44590
-0.47141
-1.92280
-2.21055
2.25919
-6.09925
8.59198
1.51662
-1.50037
4.18385
-5.43824
-2.73987
1.17938
4.22204
-1.55736
1.67897
0.96538
3.15119
-2.60506
-0.18358
-2.03372
5.05509
0.60397
1.93628
-4.53327
2.51426
4.54552
-3.30053
1.30799
-2.60701
5.29593
-2.74409
-0.57514
-0.46843
-3.20766
0.84670
1.11910
-1.85062
4.00973
-3.75767
0.44384
-0.42821
-4.76249
-2.58715
-4.26349
0.31373
-1.82149
3.56086
1.60844
-3.25089
4.59290
5.81465
-1.05018
-2.24576
-0.48114
1.94564
2.49990
1.79837
-0.13274
-0.01038
-6.18967
-2.13849
-5.30702
0.61634
3.15878
-3.78835
0.24049
-2.59840
-6.75237
-1.91593
-2.39988
-0.06299
2.24725
3.96623
-5.02355
-3.87485
-2.19231
1.34549
5.87481
-3.50641
0.49613
-4.42414
4.48020
6.14036
-5.47763
-3.42475
4.00304
-3.98863
2.72309
-2.27597
4.16151
-2.37840
-1.17802
-4.80675
5.77325
-2.97367
-1.30320
-8.11169
-0.35331
3.40566
-0.70503
1.15304
1.42662
-1.08240
-1.78648
4.39124
-5.61849
-0.68260
-0.22116
1.32931
0.27820
-4.16389
-6.36276
0.02154
4.17438
2.17860
-1.00423
5.16681
4.96943
2.72795
3.32172
-4.63113
-0.29054
1.30485
-0.84821
-2.63150
-0.54873
-1.77181
2.53572
-0.45992
2.29007
-7.03196
-3.40499
0.80187
0.09615
-1.34970
2.05746
1.20970
-0.56658
0.15184
0.69145
-1.33044
0.61629
3.17561
-7.43180
-0.22255
2.01305
-0.47281
5.86973
-2.11284
0.86500
-1.53695
-6.05677
-3.53140
-6.74726
-3.36373
0.61193
-1.00897
4.48904
-1.91945
-1.66891
-3.75512
0.58114
1.82755
-0.13447
-0.53921
-3.86822
-4.92687
-5.47816
3.52995
-3.43274
0.78680
5.05012
-0.79171
5.87044
-2.89139
0.47999
-4.50647
0.05884
-0.81970
2.55288
-1.99201
0.16163
-1.39683
-1.24903
-4.42711
6.91232
-1.83534
-0.31496
2.97389
2.78358
1.38068
-0.24709
3.68230
0.85455
-5.27313
2.12458
-7.61429
2.04482
5.84205
3.85945
-3.96522
-4.04951
2.14659
1.26510
6.09053
4.53301
-1.56332
3.00981
-7.96407
-6.19819
-2.19355
0.82683
4.46227
3.50602
-1.74362
-0.78453
-8.22652
-2.96855
0.89988
2.67926
3.16357
3.33831
-1.36884
-2.42871
-0.42853
1.21778
-3.22304
0.78799
1.06411
-0.79508
0.29676
-0.04777
1.43442
5.58688
-2.44108
-1.45335
-0.48873
1.43196
-0.76048
-4.98412
1.22364
-1.18014
2.19806
1.64512
-6.37864
4.80929
1.53684
-1.52014
1.42035
-1.06704
-0.16773
-0.09158
-1.04333
1.48521
1.95974
-0.54747
1.88281
-1.04717
-3.61806
0.90314
2.47296
7.61998
1.75974
-2.21521
-5.45767
-1.78300
-5.09265
-1.73271
-0.35585
-1.93072
-0.28083
-2.04894
1.99215
-1.55993
9.47386
-1.45586
-0.64727
-2.38556
4.78602
5.09062
-0.40858
-5.58635
-0.39467
1.73730
0.70158
-0.89221
3.94031
4.62039
-0.99755
-0.29487
5.78712
-2.05213
2.91582
1.89218
5.67005
0.28026
2.85982
0.81936
1.33298
1.49504
5.74338
-1.27091
-2.56899
0.68836
-3.97031
-4.14690
-3.64644
0.02986
-0.75469
1.22125
-3.71660
-0.69793
-7.38806
1.32556
-0.46240
-2.08213
-0.29487
6.13669
-3.88337
-2.69068
2.55873
-3.51232
0.20968
1.89116
5.67500
4.66355
6.22095
-2.04857
1.55629
-1.54363
5.64020
2.33393
0.24400
1.16901
-1.45430
1.53025
-0.28934
5.71841
3.64766
-4.38044
2.64993
2.69234
1.17677
2.72981
-1.90793
-6.15351
5.39647
0.76084
-4.82014
-4.36259
4.28426
7.26955
4.49438
2.99307
5.18982
1.35027
0.10957
-0.66425
6.54686
0.26960
2.26736
4.66041
-0.26501
1.82971
0.13715
1.18461
-1.67989
0.76300
-0.65378
0.62754
0.26221
-3.02225
-1.88511
1.97506
3.00290
2.75943
-2.66847
0.69950
-1.87593
-3.92260
-1.33415
-2.03092
0.86421
-3.92802
2.30450
1.03297
2.93478
-1.13398
0.05575
4.73209
-0.11945
2.69718
1.36894
-0.61316
-3.41352
-5.43276
-0.82680
0.02500
-2.89877
2.20398
-5.35710
-1.29245
-1.33838
-0.57006
-2.06697
-0.20842
4.37911
1.78686
0.46770
3.00621
2.34656
2.22881
-7.10601
0.53299
-5.49340
-3.16858
-0.24409
0.38667
0.60329
2.04493
1.41589
-1.16802
2.98965
-3.95166
0.20799
-0.77085
0.28268
7.05056
2.53722
0.05613
-5.86252
0.04917
1.59561
2.15433
-6.27898
4.42243
-5.64106
-0.97686
-1.76012
2.60746
0.46308
1.02767
0.29376
-3.93779
4.41830
2.42219
-7.31871
3.57165
-1.55224
-2.63609
2.41559
-5.80124
4.92750
-0.10462
2.16583
4.30349
0.59739
1.63185
-2.66517
-2.19545
-3.25721
-1.16347
-0.49822
1.29052
-0.29245
-4.73695
0.31404
1.30235
1.60298
-0.75604
-0.00756
-4.06305
9.99588
-3.54893
0.17976
7.44586
-1.16678
-3.64455
0.45862
1.24020
-2.31019
-2.86636
3.56601
0.49536
-1.62078
2.89560
0.13851
-4.30128
8.37175
2.29828
-2.30843
-3.54392
-1.38149
3.26386
-1.93797
2.17785
-0.06737
3.47812
-4.14936
-3.52854
-0.23745
5.59440
1.66432
-1.08951
4.31441
3.12180
-2.19767
0.28995
3.55701
3.18521
0.62142
2.25602
2.35998
3.90730
-3.84490
-0.43468
5.14710
2.90671
-1.57410
-7.82346
-8.03462
-0.72271
-1.49681
-1.29327
-0.84289
1.84538
-0.69143
4.07164
1.61534
0.40082
4.35343
5.84793
0.52177
0.06936
4.26298
-1.23480
-4.73559
-7.47107
6.28343
-2.35085
-4.48007
-2.54598
2.39093
1.79754
1.40870
2.26435
2.39218
-1.84323
-2.34262
-4.11050
0.28115
4.20400
-3.12426
-4.21739
-1.67410
-5.88874
3.75952
-5.15218
-7.69019
2.04009
-3.17919
-1.83205
-2.44618
-2.09809
2.67790
0.59101
-0.97692
2.18696
1.48757
-1.27703
-1.85436
-2.59958
-1.89516
4.10434
2.22563
0.17267
0.59222
2.59780
2.38174
-4.19209
-0.17891
2.23551
-2.45530
0.22950
-3.91510
1.59030
-3.41708
4.95917
0.21254
5.38180
-2.99852
1.60663
-2.19893
3.05938
-5.51708
2.27973
-6.39392
5.86391
3.68379
-4.27958
0.34929
0.24159
-1.24119
1.60656
0.26170
-0.94670
0.60684
6.29304
-2.39430
0.45983
1.23769
1.91206
-4.27236
1.13101
1.35447
0.92384
2.55594
1.17058
4.27572
-2.04433
-2.05365
3.38424
-2.61475
2.16500
-0.43513
0.52831
0.06837
2.17587
6.55177
1.89977
3.29366
-0.45158
0.29516
-2.92483
4.72836
-1.14597
-3.93068
1.72915
4.35425
-0.16905
1.02966
-0.19068
-0.77314
1.07782
-2.40388
-1.31612
1.19381
0.71057
3.08478
-1.77499
-3.10765
-1.49453
1.25286
-1.46000
-2.00686
-1.93433
-7.00531
-3.49421
-3.72419
-1.30057
-3.39691
1.22268
1.80246
-1.69965
-1.93218
-5.04855
-1.35224
0.86467
5.56459
-0.21797
-0.35851
0.68861
-4.33326
5.47770
-4.00210
-6.52325
-0.12039
-0.14001
1.17851
4.69956
2.86350
-1.84179
2.34803
-5.46680
-1.29964
-1.76799
-1.87311
-1.49869
2.62906
-2.25539
-3.64606
-1.96993
0.42297
3.61255
6.93605
1.34851
-6.41592
-2.04065
1.74597
-1.43497
1.26857
-1.00730
0.96247
-3.58338
4.59564
2.42843
0.74351
-2.81579
2.67282
-3.12646
-2.22151
-1.93900
-0.96784
0.18172
2.16229
2.63500
-1.07004
0.40840
4.47199
-2.58156
3.08595
-1.36677
-0.98475
-1.87804
7.47085
-9.24677
-0.49847
-2.29232
-3.63638
1.60403
0.88639
-0.07016
-0.96362
-1.14116
3.02874
-2.70935
8.80498
-4.11831
-4.00870
0.73679
-0.50823
2.89032
0.35334
-6.23421
7.82601
-0.52720
-6.42643
-3.07806
0.72530
-5.78766
0.12200
-4.33344
0.77897
-3.52928
-1.68750
3.32143
-4.06738
-2.43083
4.38553
1.52769
-4.57545
-3.24795
5.70780
1.47340
-3.22328
-3.85393
6.80806
3.34858
-0.60068
0.94186
-1.66427
0.61861
-2.61202
-1.13112
2.56632
6.21061
0.28363
5.35454
-4.22071
-1.95000
-0.13919
4.55629
7.34349
7.31109
-6.00857
-5.68343
-2.83436
-1.74152
-9.03937
-1.67972
8.95909
-1.64779
-2.98209
-4.82660
2.85606
3.23329
2.51560
2.00676
-3.49402
0.74713
-1.74749
2.36244
1.27020
-1.12612
-3.57355
2.31003
2.62617
-4.39972
-4.51736
-2.14001
6.46360
1.35730
1.63110
-0.41302
2.25139
-2.63258
2.58470
0.38300
-0.81703
-0.91295
-1.85299
2.25070
-3.92778
0.13683
2.87535
0.40913
-0.32960
-2.02056
-1.61286
1.99077
2.15005
2.95537
1.43260
-2.69198
-0.88784
4.54510
7.09185
-1.32108
5.61881
-1.30687
3.14373
-0.09790
-5.23230
0.62508
6.10721
1.97887
2.06613
0.96527
-1.18748
-1.22898
0.09573
-0.78719
-1.72673
-7.64556
1.29571
-5.59560
0.18705
0.99522
2.30804
5.69752
-2.24470
-3.03694
3.10372
-2.88568
-1.90982
0.18269
5.58865
0.36604
1.07623
0.14808
-1.32595
3.10508
-2.04452
3.44353
-1.72706
-4.34485
-4.16293
2.53913
-1.81486
-1.49680
-0.15898
3.91499
3.80107
0.02325
0.93612
-3.70153
-3.33540
-4.92562
6.49513
0.09862
3.80688
3.14056
-0.55362
-0.42431
4.05553
-0.72942
-0.39631
1.45449
1.70477
-5.66228
0.42178
5.20564
-1.83530
-4.50050
3.35031
1.37102
-4.69780
0.74678
-0.47017
6.48527
-5.42743
-3.15919
-3.30313
2.70743
-2.29368
-0.14946
1.59628
-2.62667
3.98907
4.59266
-1.78606
-0.62628
-2.13749
-0.53580
-2.33113
1.11759
-6.12090
5.07351
-2.24321
1.20360
-3.34486
7.41531
1.49103
-9.09230
-1.36856
0.45373
1.92948
3.31710
-6.77789
2.64177
-0.53277
-3.85435
0.52835
-7.43335
-2.98570
3.32174
1.10870
1.47539
3.89706
-3.28295
-0.25467
-1.85305
3.09807
-3.84623
6.35275
1.63331
3.36005
1.19614
3.55212
1.54979
0.96977
1.32925
3.98621
-1.89431
1.19657
8.33901
0.16800
-2.27284
0.33454
5.57667
4.65147
-1.75366
3.00196
1.85800
1.74333
-2.33716
-2.16657
2.30489
2.62038
-2.86402
1.77917
-1.77539
0.70525
0.12683
3.83581
4.80782
5.01028
-6.51884
6.33587
-3.67192
-2.55453
-4.52853
-0.09343
-1.89144
0.34811
8.74305
-1.39085
2.51141
0.07695
0.97835
-2.83671
-5.43438
-2.95186
-0.88077
1.13403
1.93610
2.47259
-3.64824
0.04850
5.81084
-2.23211
0.44902
-5.52846
-4.23984
2.96837
-3.42893
-0.48695
-0.43570
0.35849
-3.76249
1.85069
2.06454
-2.91589
0.44636
-0.93878
-1.91216
2.16974
-4.72026
-4.52406
1.05905
1.03309
0.39770
0.44292
-2.32032
1.54489
10.09237
-1.89700
2.80781
-1.35618
5.44969
-2.89267
-7.05753
-0.24066
5.97584
0.37447
-4.82249
2.75987
1.53924
-3.03886
-0.62367
0.28758
6.00394
-4.07423
-0.99392
1.65835
2.88039
-2.43839
-0.13834
-5.00736
-5.28205
1.25683
-1.73003
2.04775
-4.52870
0.54990
2.50366
3.60700
2.57127
-2.41402
-7.96472
1.36605
0.27367
-1.75960
-2.09263
3.10587
-1.38034
-3.05196
-1.29248
2.30448
0.72463
3.76177
3.89457
1.55689
-4.87076
2.44934
2.94270
0.38643
2.66905
-0.87826
1.18251
-6.97898
-3.60382
3.12532
-0.91993
-0.46071
1.16848
1.19022
2.95933
-1.08449
1.32929
-4.96666
3.86835
-2.21812
-2.76042
1.32297
1.11950
-0.50896
-0.93825
-3.77203
4.81542
-3.07075
2.87374
-8.23624
1.34973
-5.66074
-1.51788
0.50306
-4.36554
0.90427
-1.63106
-0.75413
-2.32826
2.60206
-1.99457
0.51581
0.44782
-3.51371
-2.09761
-2.44560
2.86127
-2.74419
-1.66367
-2.00533
-3.18244
1.23737
1.88691
-3.56514
-1.84443
7.22063
-1.91872
3.11023
2.49243
2.14789
-0.40790
-2.59743
2.19284
-2.26689
2.76887
-2.19927
2.25787
-2.50641
-4.63603
2.22530
-5.85282
0.97390
3.12594
3.01693
-2.29862
1.81530
-5.86464
-0.65597
-0.36998
2.37993
-0.26129
-0.72089
1.01403
5.62019
3.45243
0.32002
-0.36488
2.54775
-4.05330
1.83771
-4.72854
0.19765
-0.22035
3.66464
-1.77326
0.75049
-3.43004
-1.38499
-1.78413
1.36311
-1.35929
-1.20937
0.46983
-3.69314
0.01846
-4.66774
-6.90448
4.16706
0.55944
-2.78707
-0.56428
4.41114
3.52121
-3.06175
2.01899
-1.16205
0.99872
0.82803
-2.55141
-1.55151
-6.08584
1.62772
-5.54754
1.54016
-1.12367
1.91723
-3.29216
2.57679
-0.15769
-1.37170
-1.00287
-1.72806
-0.36220
1.44033
2.12304
-3.29309
-1.07860
1.15965
1.45628
2.77450
-3.28878
6.70620
-0.92503
0.15239
1.48780
0.79838
2.23308
0.00023
0.79035
0.62590
1.00983
-0.21773
-5.75363
0.69138
-1.81292
0.02756
1.92079
-0.25932
-0.24459
-1.87614
3.49667
-2.77107
-5.71269
-3.57169
-0.21139
-1.02854
-1.57631
-1.46225
-3.41242
1.47677
-1.26708
5.82056
-4.49766
-0.49063
2.82409
-2.53557
4.94600
-2.23185
2.50373
-5.06673
1.28706
1.69851
-2.17471
1.66020
6.11619
5.31728
-2.07166
-1.25320
-3.30248
-2.93402
4.75314
3.66282
5.64090
0.34196
-2.59589
3.88154
1.49941
-0.28676
-0.74396
-0.96646
-1.04288
-5.92233
-4.06942
-1.46072
1.15492
-1.33213
2.76215
-0.61460
2.62232
-2.88060
2.39375
-2.14612
-4.11737
5.09748
3.29893
-0.38537
-2.72533
0.19203
-9.52411
1.16431
0.12418
0.19414
1.40278
-4.19742
-0.26986
-1.26631
-3.56770
0.55770
-0.21665
-5.63696
-2.26605
-1.71904
3.50809
-4.57382
0.31121
1.16108
-5.00622
4.08112
5.67314
-2.66583
-1.29219
-4.51401
-4.76904
-0.92509
-2.24769
-2.01079
-2.11962
3.49974
2.09899
3.50814
3.19583
-1.07648
0.52481
-0.92256
-0.55692
-1.23228
2.80104
-3.80611
-2.22301
-1.76580
0.20311
0.55757
-3.48758
0.17355
-1.42529
0.92959
-2.54303
3.10667
-4.09731
-0.20195
3.42519
2.67216
-1.25123
-5.20814
0.27621
-0.53605
-0.55213
-2.66883
2.02103
-3.63099
2.03831
-4.59546
0.65638
0.35305
2.05450
1.00037
0.34590
-6.74111
-2.16354
1.35918
-1.41732
-1.90731
-6.29167
-3.81481
-1.89755
-2.85568
4.44095
2.79732
-3.51466
0.66743
0.47110
-1.19265
2.82906
7.12329
2.27193
-2.83792
-1.06505
0.24109
3.07335
0.78855
1.62590
2.68254
-1.34399
4.03205
0.32046
2.57878
2.84936
-0.83813
6.17443
-0.98523
2.46483
5.98544
-2.89925
0.07293
-0.40698
5.42660
2.03772
3.76326
3.69783
5.13796
0.39266
-0.08085
3.55439
5.39785
4.53328
-2.92068
-4.49694
1.40643
-3.34331
-3.15620
3.90987
1.25923
-0.86930
-0.41381
-0.09447
-2.86121
0.65360
-3.21750
5.27255
-3.67781
1.45525
1.90042
1.27651
-0.38246
0.69142
0.78463
0.85482
-2.67531
-1.78604
-7.18370
-0.42338
-0.97991
-1.17346
4.04505
-0.55027
6.21171
-0.66658
0.03608
-1.38084
1.38820
-1.08479
1.86561
4.46707
-4.81850
-2.07059
-2.23628
-1.10839
-10.68342
3.98524
-0.18397
3.61674
-0.81857
2.36122
-0.20790
-3.83652
-1.90876
2.07603
6.70940
-1.61076
2.56165
-0.44132
1.60166
3.14473
-10.14447
-0.57407
-2.25469
-3.05814
-3.42456
1.72393
-0.07254
-1.97284
3.80546
0.45918
-1.15573
0.67293
-5.36681
1.25882
-2.21751
0.70623
0.34765
3.17567
2.13181
2.12990
1.37508
-2.93652
-0.23219
-1.47290
0.02047
5.40604
0.41987
3.48477
1.09518
4.48172
-2.09041
-2.93921
1.47346
0.14965
1.94947
-3.09649
2.96964
1.95010
-2.57672
5.59381
-4.11937
4.57098
1.69693
0.97543
2.53127
0.82288
1.19941
5.07878
-0.34522
0.25891
5.19305
0.17544
2.14825
-4.18682
-2.27900
1.57301
-0.60834
0.54042
0.89186
1.65695
-0.99602
1.67608
-0.55749
5.92226
3.17591
0.32690
-1.20983
3.61434
-1.34768
2.13278
5.78260
0.56869
-4.41054
-4.93399
0.23794
1.11399
9.73292
1.50210
2.63836
-3.25885
0.09517
7.38745
4.05832
-2.83800
-0.81053
-3.05885
0.68513
7.32024
-3.19323
0.58859
2.86975
1.96896
-2.50628
4.91221
3.60951
-0.01616
-4.89823
1.46649
3.62761
1.21659
-7.44938
1.22490
1.61066
-2.30059
-2.35414
-3.88800
1.08530
-3.41766
2.68444
5.52499
3.78639
0.66731
-2.21646
-0.67919
-3.12095
-2.91920
3.17951
4.12358
4.26237
3.73676
-0.20410
2.01289
-4.97055
0.57541
1.19057
-3.21578
6.89363
3.26362
-0.63169
5.48256
-1.35584
3.60337
-5.35070
0.00103
3.64244
-4.97045
-0.88884
-3.22191
-0.19714
1.74817
-3.57330
-3.32167
-0.28276
0.39225
3.81448
2.21288
-3.49053
-1.56684
-3.28498
-0.84863
-2.79385
1.94921
-1.04993
1.39534
-2.12044
5.30574
4.12791
-1.09996
-2.04315
-5.60222
0.93133
-1.32893
-4.06603
0.64512
0.51670
-3.38844
7.24686
7.27822
-6.56636
-1.59120
3.17979
4.80199
-1.21484
-2.60472
1.87291
3.53810
-1.49657
-0.38883
-2.38515
0.74869
-0.84210
-2.43523
0.73227
-0.21761
-0.93565
-0.32716
-0.58423
1.42529
1.37198
-1.60064
1.79132
-1.60949
-2.96765
0.34919
0.11360
-0.81104
-1.39821
-0.97853
-5.36312
-0.39597
0.81665
4.28783
-1.91896
-0.36144
-1.40904
-2.81003
1.87739
-5.28320
0.37548
-0.93808
-1.43615
-1.23638
2.50634
-5.71466
3.67869
-1.10926
-6.11757
0.04769
0.37005
0.68818
-0.78920
2.26356
0.66451
-0.34754
1.85289
0.79781
-5.49664
-1.95023
1.67778
2.74641
-2.12359
-0.83244
-0.64554
1.65623
-1.59521
-0.67518
1.63080
-1.49705
2.95830
1.09502
-2.16389
-7.83218
-2.97984
-1.08038
0.31214
0.59599
3.58309
2.03356
1.81457
4.49270
-1.00957
1.44078
-0.41685
0.07647
1.95329
1.26300
-4.27813
-2.30493
1.34574
-6.37831
-1.29017
-0.80523
-3.37180
3.51467
4.13262
0.61694
-0.89783
4.80648
5.25723
2.24228
-2.74442
-0.73188
-3.27778
2.78724
3.74047
4.41464
-6.70517
2.47877
3.70051
7.66994
-2.24530
0.27815
1.56189
1.04149
4.38700
2.07512
1.80728
-4.90330
-1.85915
4.14845
-1.51380
-1.88099
4.96617
-0.80507
2.44236
-4.39821
-1.71274
3.69154
-1.17376
-3.87314
2.79640
-1.71045
2.21344
-0.12424
1.75922
0.93401
1.32068
1.04794
4.56492
3.05450
1.03173
-5.47131
3.38884
-3.49162
-8.20047
-6.23669
-0.31848
0.33597
-1.28346
1.42446
4.69997
3.85349
-4.05556
-2.99072
3.13586
-4.16826
-1.55908
-1.66740
-4.04715
-2.86803
-2.08910
-4.33192
-2.52523
-8.80920
2.87929
-6.88149
-3.20636
-1.77246
2.88533
0.83292
5.46687
-0.86607
-5.95336
-7.85459
0.80336
-3.20396
2.40762
3.27335
-3.28311
1.29226
5.43403
3.13918
-5.78453
1.20888
3.12356
0.21867
3.14308
-6.76050
-1.12563
-6.16007
-0.04864
-1.54847
0.26393
2.72684
1.55661
-1.95892
-3.34965
-2.30890
-0.60062
7.45503
-6.29652
-2.31893
1.28049
1.76741
1.47538
3.24441
-4.74969
-0.53526
-1.11016
0.34053
-1.08621
-3.74059
0.68281
-1.62595
0.97660
3.26219
1.51476
0.36295
-3.18000
-0.08811
6.71673
-1.02401
-2.92244
0.49746
-4.51727
0.25697
3.53004
1.41185
-6.36214
-0.39495
4.38267
3.67805
0.60355
2.87857
0.65890
-3.68317
-5.58892
-1.27157
-0.96166
2.79075
4.94903
-0.33084
2.39777
-1.77689
-0.67414
1.88076
-3.92802
-3.47230
3.49902
-2.53812
0.90698
3.94688
4.16571
-1.38733
0.93602
-3.44079
-2.57468
-0.04007
-5.14298
-3.67350
-1.74666
2.13627
-3.40285
-5.56723
1.57128
4.28652
-2.65214
6.13052
-1.61380
3.67209
0.25101
-3.98957
3.05425
0.22223
2.02276
-3.17797
-2.37595
-1.02136
4.78318
-4.75144
-2.13493
-3.59493
-0.70248
-0.56586
-0.68752
-3.71146
4.13460
-1.36967
1.52641
-1.73057
-0.47891
-3.18130
1.14824
-1.17981
-1.25323
-2.93953
2.31305
-5.62504
1.71104
5.17979
-2.66421
-0.46982
-6.53161
-4.49179
-1.04255
-3.42313
3.41949
0.93290
1.02096
-2.50270
-5.39591
1.86597
-7.16505
0.43369
0.68403
-8.77147
-0.04875
-5.19368
-2.54334
-1.36291
8.88544
-0.04356
0.43113
-0.46149
9.77769
-1.17203
4.11497
-3.10405
0.59332
1.84905
-3.60331
3.31724
1.82220
0.13994
3.57853
4.74993
-4.99421
-1.78287
2.91816
-3.03377
0.52272
5.97243
-1.05768
-1.86041
-0.80047
2.21295
-0.87388
-1.62595
1.30980
-1.66812
0.10127
-0.50953
-6.16786
1.53577
-3.37803
0.63303
-2.57857
0.10514
-1.44345
0.14403
0.40022
-1.18752
-4.15221
-0.05835
5.15601
1.89973
-3.34963
5.03592
-3.09394
-2.92837
-0.87304
-0.70546
1.09227
0.86365
0.18157
-0.42660
0.90459
6.19037
0.66205
1.26970
0.94962
0.11213
1.72360
-4.31665
2.34338
2.20352
-0.33232
2.67792
-3.07909
1.26737
-2.24710
-0.98919
4.63490
3.20937
0.42032
-1.30668
-0.49498
4.97396
-1.25400
-2.42697
-5.45637
-0.19939
0.90086
-0.38443
2.25512
-5.02014
-2.30795
-3.79320
1.60376
-1.66491
0.03729
3.25328
-5.44785
3.19821
-0.91194
1.35534
-0.12400
2.89043
-1.44258
-1.62411
-0.55202
-1.37274
2.75872
-1.27128
2.00407
0.01181
6.42907
-2.25045
5.48954
-0.20881
4.40607
-2.17442
2.51989
2.67030
-0.25891
6.54642
-2.98685
-1.59633
-1.37327
-1.19567
-4.38067
-1.87214
-5.79573
9.15142
-1.77782
0.79360
4.73832
3.23638
0.71975
4.18841
-0.10225
-4.87042
2.03887
6.26310
-0.64133
2.06838
6.17989
-3.98126
-3.83754
-1.31520
3.07753
-2.62252
3.64559
-1.48547
-1.47913
-2.87932
-5.25788
2.34181
3.46571
-1.70460
-1.68303
3.17781
-3.09171
-1.44681
-3.30871
-2.96966
3.35230
0.06116
2.31172
-6.76656
-5.99105
-1.41122
1.28505
4.39120
-2.26802
-0.16858
-7.98755
-2.83560
-0.39704
-0.74711
0.80553
-0.74888
2.29414
0.63947
-1.13044
4.11482
0.28637
-2.27742
-0.11409
3.28766
-1.81436
-0.36760
0.23355
-1.89805
-2.54778
2.28176
-2.13298
5.48600
-5.66211
-0.71929
0.71475
-2.95813
1.83034
2.24890
5.13189
0.17014
-6.55811
1.10327
1.47406
-4.52057
4.90157
1.98382
-5.23432
-5.50801
-1.00651
-0.32100
-1.46128
10.11898
-3.54252
-0.97668
-5.55920
3.41426
0.62917
4.38633
-1.40172
2.71573
0.18171
-5.72804
-0.68532
-6.68428
-0.10243
3.05945
2.63785
0.96535
-3.22757
0.50858
-2.88285
0.43477
0.56505
-0.65819
7.89042
-1.39680
1.11127
-0.43940
-2.82107
-1.36184
0.32765
-4.40093
-2.41263
0.97351
1.63157
0.12156
-6.71144
-7.88315
-1.11363
-1.28465
0.56141
-1.63136
3.80902
-1.16446
3.66960
4.78239
0.27004
0.54877
3.41534
6.65792
0.46085
-4.93565
3.14940
-1.13851
-2.49662
-5.41257
0.44486
-0.45948
1.35014
0.78550
0.19734
1.74269
-3.73576
4.03479
-0.25923
0.95587
-2.50324
1.45962
-2.20533
1.91349
-6.12721
2.22497
1.82251
-2.47635
3.02469
-0.62509
-1.20040
2.17867
0.84861
3.02013
-2.32514
11.33334
3.41749
-1.97168
-0.75366
-3.76877
-4.62496
-0.87585
-5.92977
0.82867
0.94315
3.76661
-3.39056
-1.61374
2.66240
-0.24549
-0.88352
-2.54496
-0.30274
-3.40244
2.81997
2.58239
-2.04173
-0.34363
-3.54973
-6.54890
0.06807
5.07969
-5.06592
0.23794
4.08699
-1.40353
3.88198
-2.42571
-1.58771
1.57062
-1.31149
6.08006
3.93030
-0.87119
0.09504
3.40727
0.50010
-1.80539
0.50120
3.63415
-2.49714
1.16464
2.63380
6.36687
0.18403
-1.77132
2.38256
3.79097
0.12026
-1.01988
0.47942
-0.66227
-1.19393
-2.19402
-0.23680
-0.38042
7.01083
-4.60544
3.68630
0.30701
2.92638
2.94045
-10.32321
5.50932
0.14896
3.30202
-0.93974
-2.60591
-0.34125
-4.37092
-1.20777
-1.41612
-1.72299
-0.33385
-4.78379
0.58243
-0.82713
2.33081
3.80328
-2.88285
1.70657
-1.07140
0.75565
1.75509
6.84788
1.92506
6.45721
2.15072
2.62693
-0.14515
-1.92745
-3.76689
-1.59149
1.97726
1.62965
-2.06077
0.56139
6.15645
-0.02330
-2.76989
1.36019
-0.63420
1.94859
5.32612
2.58595
0.31237
-3.07419
-4.04551
-1.16396
-0.72946
-6.36702
-4.58836
-2.39453
-1.49322
7.71734
4.72530
1.77648
-2.32584
-4.30675
-8.51247
-2.75235
-0.07056
2.40375
-2.99265
2.21409
1.37606
-2.89887
-9.27647
-3.70693
1.72047
-4.65601
-1.01418
0.09688
-3.13413
-1.03299
2.16442
6.07355
4.04490
-3.61071
-0.22598
7.08438
0.67422
0.41072
2.08410
-1.17648
0.14395
-3.01210
-0.04993
1.83649
-3.71307
-3.16472
-5.31510
-3.29726
1.47137
-2.60235
4.32732
-3.37048
0.13833
3.04871
-2.11957
-3.21888
2.25223
6.43299
-0.44781
7.18523
-0.24459
0.75289
-3.34589
0.33177
-1.46367
1.02749
0.58316
2.86131
0.94394
5.05979
-3.90850
1.78675
-1.23978
8.11212
-1.77106
0.64894
1.91680
-3.99338
0.47664
3.42425
1.29169
1.58640
6.94508
4.66400
-7.85143
4.84030
-1.15730
-5.22907
-5.99036
0.08923
-1.57077
-1.85803
2.53962
0.13403
-2.26061
2.75004
4.54681
-0.88172
-3.37974
-0.84429
3.34355
-2.07924
2.99815
7.04329
-7.23203
8.55486
-2.61700
0.24114
1.52102
-1.75745
0.13743
-6.11355
2.61523
4.11039
-0.21173
-2.81272
4.70879
1.02449
0.90396
-0.67644
-4.61895
-0.40745
0.92294
1.73925
-5.44793
-2.73309
1.47509
4.93547
-1.05333
-5.71034
-2.24886
10.98801
-1.13554
-4.55098
2.67464
1.50234
-0.97987
5.74832
-1.69698
-0.11910
-5.18925
5.74253
-7.30744
-2.00578
2.05368
-2.53540
-1.12062
0.62499
2.60328
0.56755
-2.24057
3.52603
-0.41738
1.64301
1.02957
-5.48513
-2.14331
-1.75313
4.04068
2.68906
0.60251
7.07283
-3.95066
-2.49425
-3.81421
-4.48584
-3.72388
0.23345
-1.93710
-1.08120
-0.30412
6.64831
-0.16042
-2.34082
4.24665
-2.86098
4.20012
-1.52730
-0.35539
-1.15194
-1.05425
-3.05011
6.17517
-5.99593
6.45043
-2.84691
0.91128
3.22077
-1.01196
3.04715
1.04162
-1.20365
-5.10802
-0.69990
3.12083
-0.53482
1.08809
-3.79151
-4.92763
-2.54187
-1.27159
-2.94977
5.16077
-5.49033
-2.53997
-1.32058
3.12684
-3.43200
-5.65752
-0.71661
-2.34445
2.29065
2.46222
1.66540
3.38544
7.63023
5.54244
-2.29701
-3.74673
-2.39703
-10.70128
-1.86754
-3.94847
-5.41743
-5.10704
-0.67679
-2.03536
1.24005
6.50817
2.49645
2.27723
-2.90733
1.94658
0.27179
-5.93077
1.65079
-2.40107
-1.08705
-0.51570
1.73037
1.59224
1.68349
-6.80834
0.25452
1.73829
5.40228
1.64514
-4.44493
2.71280
-3.21151
-0.37256
2.65421
0.52992
0.50469
2.37022
3.81846
1.05371
-9.03932
-1.55814
-5.28331
-1.60430
1.86540
-0.00499
-7.41279
1.22118
-2.82819
3.68885
1.73463
-0.54233
-2.87379
2.69640
-1.36665
-1.07006
-1.14756
0.40258
5.48138
-3.39366
-1.61275
1.47167
-3.62934
-4.36637
-1.20941
2.38081
-3.03147
0.96592
2.68364
4.85002
-2.41018
2.97796
-4.08020
-0.31631
5.23816
-1.09507
-1.44319
-2.15219
-0.41909
-1.76254
6.26317
4.69270
-0.93946
3.40343
4.80168
5.18345
-3.22585
0.58717
5.01938
-2.69019
0.47417
5.86006
-3.23728
1.92735
-3.92310
-1.30093
-0.96799
-1.05261
-5.10438
3.83078
-3.96379
-0.11095
-0.39888
-0.66631
0.05219
-2.12936
2.61321
-0.22167
3.11329
4.31515
-0.36275
-4.68246
0.67154
4.99236
-2.53163
0.98691
3.03359
-4.46239
-2.80141
-0.36990
-2.85716
3.06863
-0.66145
-2.46628
1.64237
2.07040
1.19372
3.92243
0.56121
-0.85070
-1.38189
-2.22938
-1.44790
1.33694
3.89613
1.51797
-0.20508
-1.43020
4.92088
-1.56218
-6.10893
-2.54951
0.13203
5.23119
4.45377
-7.34514
-2.42073
1.17596
-2.20323
0.56238
-1.84279
3.74516
-0.91931
2.68474
2.17823
-1.89632
-0.31623
-4.24205
0.65602
1.46454
3.75885
1.31374
-0.83001
3.95670
-3.16718
0.18203
-2.31606
2.30825
-1.01420
-0.35369
3.18396
2.32843
2.16635
-3.83352
2.53725
-3.31931
2.29063
5.19612
3.15879
3.95107
-6.31395
-7.98139
-1.45321
1.57541
-0.18911
-2.39261
-1.90436
2.00103
3.27171
5.47418
-0.90904
-2.02001
-4.21273
-4.48557
-3.50210
-2.35276
-1.32924
0.86322
-0.71701
-0.81911
1.95051
-0.19606
-7.60027
4.54254
-2.01344
0.65667
3.95675
-7.96581
2.99458
-6.42717
-2.63911
0.02457
2.22335
1.74628
-3.18988
-0.04355
-0.65894
2.53671
0.75944
7.02583
-5.08130
-0.71148
2.62029
-1.54031
-0.33131
4.96573
-4.13495
4.15732
-1.47841
7.29125
-3.16148
5.91169
1.25679
1.59068
-4.72817
-1.89962
0.72518
1.93628
0.21021
-5.37580
-1.19425
-4.01240
-2.70938
2.73185
-2.04933
3.56690
-3.12829
-4.79857
-2.01277
1.02222
-2.50356
-2.53778
-1.27692
-5.12074
-2.24168
3.58438
-0.90705
-5.05249
0.48804
2.24385
1.91043
-1.51917
-0.24808
0.59170
-0.08852
-0.01168
-1.99086
-3.71029
-0.71244
-0.71114
0.65695
0.28400
4.52236
3.42981
1.89748
-1.11909
0.26873
3.94799
-0.36596
1.51785
-3.35804
0.36901
-1.14636
1.40965
-3.08194
0.60212
1.74588
3.74527
5.36776
1.96576
0.93736
3.44265
1.83882
4.74441
-0.83212
-0.95723
-6.21923
-1.51001
-2.68805
-8.05593
-2.10380
-4.43283
8.34183
-0.28638
-0.39849
0.17126
-0.46384
2.68886
-3.52986
2.76521
5.62419
-2.92757
-3.62089
1.85128
1.12832
-0.29548
2.51994
1.97716
-2.42574
-3.78180
-0.19263
-6.56031
-3.73316
4.32889
-2.68226
3.48626
1.80185
1.56035
-3.66471
3.02928
2.34400
2.56284
0.91626
2.68490
2.01354
-3.93846
1.70993
-0.33570
-0.86992
2.76161
0.55256
-2.24977
3.13314
2.38016
-1.23984
1.10842
6.78883
0.99347
5.14908
-2.25687
-0.02843
1.99313
-7.93924
-1.25092
0.35130
-0.44583
0.60424
-5.23300
0.13299
-0.34726
-0.51559
-4.77805
2.81859
-0.46254
0.50797
-6.77211
0.56339
1.72118
2.83824
0.32031
-5.01333
1.98759
0.71578
3.57814
0.32737
5.21817
-3.51185
-1.87419
-3.23811
1.02588
0.40001
-0.66815
-0.97519
-2.90184
-2.87162
-4.89914
-0.05099
-0.45730
-6.03290
3.89005
-2.30216
4.21686
-3.65608
3.23737
-1.06684
4.16995
-5.45340
0.95316
-3.48458
-1.63467
0.05957
2.20228
5.29120
1.98833
-5.46043
1.99196
4.87262
1.81233
4.20448
-5.06922
3.60946
1.23727
0.19554
5.15505
4.60112
1.65243
1.49538
4.66299
-2.64431
1.59520
5.75219
-3.81965
2.39761
-1.20292
7.31179
0.18126
-1.25919
4.10811
3.69084
-0.39949
0.63508
-6.03994
4.13792
-1.03325
5.71205
-4.14310
-3.96161
3.79963
-0.05742
-3.25884
-2.93823
3.20738
4.90424
1.50268
-2.61165
-1.99995
-3.21489
8.15149
0.53781
0.18472
-3.41295
-0.94218
-0.35538
1.63646
-0.72940
5.13500
-3.86700
-5.98943
0.12641
-1.02105
3.38050
-0.36753
1.06126
2.00368
-0.84143
4.66742
-2.41740
3.86505
-0.01945
0.62792
3.74391
2.02737
0.27751
0.34380
2.05126
6.10550
1.99282
-3.84701
2.83662
4.10926
3.64625
-2.10298
5.73136
-2.89559
-1.09677
-5.42291
1.90605
3.21135
-2.26903
-3.60785
-1.10338
0.38063
1.24540
-3.37043
-0.35510
-1.29897
-1.44362
-0.85665
-0.87290
-0.64711
6.91931
-2.03862
1.12868
-5.16810
0.43764
3.98855
3.91995
1.93965
-4.51549
-0.98597
-1.10683
-6.82803
1.39193
0.02571
4.69424
2.83223
-2.83333
-6.80360
-1.60783
-0.23981
-2.49351
-0.32285
-4.57659
0.54000
-1.03559
2.05284
4.71490
1.36504
1.79455
2.31753
-0.31510
-2.82226
-1.04074
-4.38755
-0.06890
0.71106
1.01449
0.14748
0.12997
2.25514
-3.78320
0.67272
-1.42292
0.54561
1.05226
-0.51670
-5.60068
0.20204
-0.19447
0.91245
-5.97009
0.16175
5.58818
-1.81260
0.75274
-5.61469
-5.79585
-0.58456
4.88053
2.04720
-1.69155
2.26287
2.03491
5.54671
6.91773
3.12346
1.68070
-1.08801
1.25478
-1.85334
-8.05888
-2.21885
6.04427
3.32893
0.50426
-7.14644
-3.35370
2.55701
0.05817
-0.41594
-0.01045
3.60968
3.47407
2.06743
-0.38085
-4.30799
4.70886
-3.16618
7.98635
3.02048
0.22554
-1.47465
1.42242
1.14083
-2.30946
-7.73931
8.05369
-3.74709
-5.03405
-4.48374
-2.34334
2.75471
2.51470
3.95361
-1.12953
0.51996
-0.88144
-7.98112
-0.36608
-4.26210
1.50663
1.43249
-2.37292
0.12814
2.37226
1.57628
1.79335
2.80964
1.35448
-3.92210
-3.65846
2.66380
2.56993
2.41164
-4.11575
3.04200
0.24423
4.34951
3.33483
-0.45218
7.56035
-0.94806
-2.47598
1.20228
-1.15501
-6.94430
4.47228
-0.95779
2.56728
-5.87804
-2.68345
-4.21249
2.93535
2.59117
-0.46892
0.91901
-3.97036
-1.99250
-2.42486
-2.30516
-4.77752
-0.71348
-2.17759
-6.17603
2.85632
-0.28463
-3.81288
1.29248
4.60524
-0.59285
-3.97157
6.11536
0.28095
3.16397
0.99059
2.97799
-1.44407
0.94085
-2.95628
-1.70794
1.81279
-1.32528
1.93939
-1.89520
4.46440
1.91205
-2.01464
-2.60633
-3.89984
0.04701
1.42534
-1.97132
-3.29936
-1.27196
-4.05958
1.34717
2.59800
-1.47383
5.97910
-2.19558
-0.82135
-0.58735
-1.48469
-5.30223
0.85248
5.82733
2.35816
-4.38283
5.49546
3.45460
-7.93710
0.89926
-0.15968
7.20831
1.09278
1.68712
1.36275
-2.31475
-0.95442
1.71748
-4.30691
1.27807
2.46487
3.29025
-0.34951
-0.36114
-7.22830
0.35879
-0.97850
-4.35542
-4.00015
-7.98981
7.51466
-8.87093
-0.60511
3.71340
-9.18038
0.85449
-7.14876
-1.28554
-2.22110
-2.15820
0.36572
-3.82755
-0.84289
0.51542
-1.86864
5.16581
1.43823
-1.47504
-0.40217
2.09546
-2.67944
3.28811
1.57842
-3.25253
3.80119
-3.44220
5.16819
2.66222
-0.64857
-3.82184
3.25873
-6.47280
3.78292
9.10615
-0.93035
6.72339
-3.25012
-0.88598
-1.50286
-1.64468
-2.00933
-3.25326
1.68249
-2.81345
-0.49847
2.91097
6.98743
4.73684
-1.77417
-5.93316
2.59853
-0.87113
-4.14779
3.69311
-5.61334
4.50014
-1.82482
-2.70639
-0.42962
2.24618
3.14600
1.39022
4.71449
-3.58907
2.54290
-7.48798
5.32696
-4.39695
-3.90191
2.00702
1.18311
2.23010
6.86007
-3.18052
3.56476
5.84864
3.91099
-4.81997
4.31131
1.71017
0.17996
1.64179
-0.97094
1.39284
4.19654
3.38976
-0.19902
0.22100
-1.16187
1.65696
4.29546
4.33984
2.46482
4.01640
-1.57477
-2.87311
1.27050
-1.28358
-3.84075
6.13019
-4.04676
4.55618
-3.35121
1.36739
2.67159
0.03691
4.82158
-0.21375
0.26130
6.31871
-2.63499
-1.04353
2.02912
0.88839
-5.55863
-2.28031
-0.78473
2.64798
0.94673
0.88728
5.01624
3.91568
-2.72957
-0.06131
1.86778
-1.81250
-4.38460
-1.73457
0.43273
0.73867
1.47984
-3.87839
-4.09473
3.15924
4.40280
-2.84979
3.43468
0.56871
1.39498
-4.89365
-0.89471
-3.59137
-2.98893
-0.65052
3.14829
2.71464
5.10404
-1.81760
3.64728
-0.30846
-3.36170
-2.95221
1.01608
-0.21011
2.45444
-1.33862
10.01006
4.13738
-0.70592
-5.52984
1.03276
6.36717
3.01854
-1.59213
-5.95478
0.44206
-3.70486
1.37073
-5.78215
-2.48753
-1.92356
-2.38451
-8.28309
-2.30396
-1.63118
5.57942
-0.86920
-0.56765
1.12744
-3.25773
3.40365
-0.45061
-1.64111
-4.70741
-6.76012
3.43815
1.44227
2.31201
1.54306
-6.13199
3.20670
-0.05992
-3.00293
8.25237
-3.07139
0.39947
-3.41718
-6.09778
1.10896
0.05689
6.00793
-5.20732
0.96551
6.62220
-1.58015
-3.99997
-6.11230
0.54495
2.09607
-1.30506
-1.39135
2.33507
0.99823
-2.44758
-2.40354
-5.81860
-1.80238
-4.33825
-1.51558
3.36544
6.64366
-2.27819
0.28575
-3.64662
5.34265
-0.94708
1.29000
0.28770
-3.22580
-1.73383
1.73544
1.76076
1.94907
6.17882
-2.44944
1.01257
0.66886
-0.97557
-0.09778
-6.84003
-2.93614
-0.68317
1.62170
0.94084
3.25102
-3.92304
-2.39574
-0.15579
0.33396
-0.97880
6.36702
-5.61030
6.44453
-1.66171
10.80382
-0.57913
-2.45983
-3.23729
2.86599
3.99548
-2.40301
-0.09545
-2.38793
2.22440
4.03844
-0.34646
-0.53756
1.74307
7.09898
5.59126
10.61646
4.46117
6.33902
0.04130
-3.60489
2.94208
0.92137
-1.62266
-0.97733
-3.47366
-5.98473
1.28883
-1.85782
4.06268
-0.25710
-2.16784
1.21944
1.81352
4.69613
-2.91666
-2.38752
3.69479
6.49556
-5.11677
3.84697
-3.11781
-6.69898
-2.19758
-1.30476
-2.40363
-0.45497
-0.75497
-2.06272
-7.80866
-1.25658
0.85868
-0.59488
-6.47642
-0.37427
-1.44318
-3.74162
1.07416
0.17396
-3.46817
3.35647
2.34386
-0.96022
-3.63357
-2.91029
-4.84682
4.14135
-2.73512
2.20499
3.08070
-3.04851
7.72357
-3.68676
-1.88499
-0.73400
-1.91070
3.75039
-0.24949
3.85426
-1.51213
-1.53887
-0.13399
-8.69892
0.17389
-3.92420
6.51944
2.04799
0.38274
3.09075
-0.67026
1.44000
1.63220
-2.12230
-5.02906
-1.00403
-2.84382
-5.32881
-0.36702
0.51601
-1.28409
0.46442
-3.50494
3.80112
2.07058
0.90593
-0.82796
0.89149
1.80009
0.31591
-0.14138
0.66671
0.06268
-1.23931
5.97317
7.18010
0.27504
-3.27907
1.35066
-1.27223
-2.05424
-1.62887
-2.14407
-0.17083
-0.48936
-0.18313
-5.49827
2.55148
2.01448
-1.26755
1.18096
-3.86457
-0.26125
5.22249
2.80142
-0.25087
-2.99567
0.50728
0.89356
0.17972
-1.10774
-1.47394
-2.04184
4.45235
3.64681
0.96989
-2.50669
-2.09308
-2.39935
5.12851
-4.52590
-5.49817
8.79103
5.75666
-2.03382
-3.94293
-2.91095
3.64417
-4.55847
-4.92657
0.29691
2.76341
1.06454
3.08532
5.01625
3.10138
3.40456
-5.87716
-1.76131
-2.65428
-0.33554
2.41854
-1.41540
-2.47618
-4.92199
-1.07330
-0.16397
0.67378
0.48272
-0.98886
-0.98027
0.05342
0.08120
-3.07872
1.97519
-6.91245
1.34844
-2.00537
0.48806
-3.53976
2.14231
0.17981
3.64383
-2.26239
-0.07282
-2.31801
-1.01485
-1.54379
-2.69451
0.83718
-0.26992
-6.19355
0.44256
3.27225
-4.65615
3.62859
0.48100
5.57987
-0.21142
-2.49109
0.78149
2.32186
-2.89104
-0.37392
7.82991
-1.83862
-3.09703
-1.13080
-5.55960
2.56609
1.34429
3.67801
5.82015
-3.89727
1.16351
-0.73185
-0.81540
-0.96126
-9.06951
-0.97153
-8.31881
-2.05960
1.45102
2.47598
-3.37938
-2.08482
2.91785
3.24234
4.78828
-5.66536
2.53012
-0.76161
6.96580
-0.87972
-0.95717
-1.35201
7.77375
0.70319
0.00539
2.74456
5.05703
-1.53052
2.61678
-1.88692
4.84329
-3.07083
4.62284
2.62552
-5.69779
3.91914
-0.23162
0.34267
3.24104
-6.24912
-4.53250
-6.32323
0.71377
0.54224
3.55954
0.46217
-0.92915
1.92836
2.85234
-0.38081
5.04204
6.39442
6.46723
-0.79584
0.99234
-6.13832
-6.23829
3.69060
-0.21035
7.45429
-5.90628
0.37579
-0.67101
2.96086
1.75932
-2.96112
-6.52041
2.07979
2.91472
-2.20610
-0.93188
4.75070
0.32163
-1.96249
3.47946
-1.23266
-2.73259
-2.87267
1.08512
-4.42343
-2.70646
-3.82250
0.59458
2.40949
-0.85246
-1.31895
-2.16275
1.73774
-1.51173
8.45308
-7.59002
0.11085
-5.43229
2.77722
2.45021
-0.67854
-0.83456
-7.98072
-1.83130
2.87994
-1.74893
-3.44601
6.74263
6.68276
-3.73057
0.20049
-0.14831
-5.14222
3.44209
-1.76482
-7.14737
-2.63342
0.17429
2.29391
-1.35873
4.35363
0.74648
-6.51665
2.01796
2.08315
3.04002
-1.36340
2.76250
-0.16044
-4.98135
-1.18943
0.95553
5.36685
7.40272
-2.31665
2.08538
1.82487
-2.44158
-0.41692
-0.68724
1.47025
2.19860
-3.60654
-0.93988
-0.07463
4.72685
4.37314
-1.53010
-0.76758
2.79474
-4.81576
1.32029
2.15657
1.87525
0.60416
1.93673
1.11693
-1.55486
1.42369
-0.88146
0.51825
-2.43743
7.28727
-6.09203
-5.17395
-7.94946
-1.41775
2.11392
3.75300
-5.20045
-1.84259
-0.46777
1.39493
0.16573
-0.67873
3.81354
-1.51504
1.92827
-0.32260
0.75112
-1.54538
3.19686
1.18432
1.85681
5.68893
0.09280
-7.37472
3.21948
3.35835
0.87746
3.71752
-3.88678
5.72452
2.23703
1.00893
-1.85645
-3.71371
-1.78266
7.09986
-1.52709
-4.09738
-0.40752
4.92918
2.10967
1.62665
5.39360
-0.94435
-0.24954
-3.75111
-2.43031
-1.12538
-1.28417
2.94216
1.19994
-0.10145
1.94430
-0.69246
-1.58074
0.21847
-0.22518
1.89203
2.90863
-0.41857
-3.51929
7.71865
-6.35187
-2.56253
-1.02788
-2.30292
-0.14782
-2.04201
-5.58016
3.38665
