-0.74699
0.96050
0.06555
-4.41666
-0.55854
0.81260
0.74344
-6.44253
7.92139
-2.04331
-0.92404
8.77839
-0.29525
1.21724
2.27597
-0.82039
-2.31629
-0.73660
3.04953
6.62793
-6.01769
-3.50542
-2.79739
0.11158
4.05247
-6.10672
3.20501
-3.12917
-0.73597
0.58341
-1.55503
-4.79097
-4.70108
3.58154
1.37912
-2.87549
-0.14018
5.53900
-7.32264
-3.19169
-0.99928
0.95513
-2.82133
-4.57294
-3.54773
-1.36950
-8.77141
-0.36598
6.34172
-0.58209
-1.33975
0.58712
0.88574
-1.77329
-2.22565
2.42106
0.42913
0.70525
-6.81652
2.46181
-1.30695
-6.28233
2.99032
-4.43740
3.29290
-1.38784
8.80139
2.71378
-3.07412
5.05467
3.72610
9.50553
-5.17534
6.21535
6.18112
-2.61086
2.45002
-5.57421
0.30651
-0.15079
5.32341
5.25831
10.01425
-2.34137
-0.72807
4.85476
-0.13768
-1.04527
0.90673
4.77792
-5.44006
-2.07544
2.25671
-3.56137
-7.55037
0.18194
-2.66208
0.22486
-1.01686
-2.22689
8.50065
-0.62962
-0.95251
4.95618
3.82881
4.63004
-1.83323
-2.30473
-1.22407
-6.44339
-2.35586
-3.77245
0.27461
-1.63038
7.80162
0.45260
0.87331
-3.23002
7.57618
2.91520
0.66397
-0.13932
6.35106
4.22284
-2.11486
3.29364
0.43168
-1.58055
3.58665
-2.97842
-1.31335
-1.72222
-11.89059
-3.04925
-5.27528
-2.67387
5.40701
2.65732
1.53824
-1.67281
4.25181
5.06299
1.63667
-3.70025
0.40776
-6.31572
-3.90159
5.32494
3.58407
1.19969
7.10673
1.32682
0.49953
-1.53917
-0.54996
1.10148
-0.55041
2.62132
-2.29742
-4.22901
1.83099
0.16908
-0.54705
1.89600
-1.57001
-5.32008
5.58902
2.09367
2.63148
-2.88721
2.57524
0.31981
2.06727
-0.39321
-5.84499
-1.63336
-5.81370
-3.43341
-2.12756
-4.02674
6.11680
3.18524
1.08905
0.85123
-1.57969
-11.77334
5.77539
-5.37816
-1.53407
0.83971
-0.42523
-4.53033
-5.08782
8.05067
5.50084
3.08335
-4.58837
-0.71127
4.34146
-5.32314
1.43599
-6.23550
4.55722
0.23871
-3.76384
-0.61939
4.52010
1.98824
-4.44601
-7.80030
0.45052
-0.60576
-0.45824
-0.92217
0.88170
-3.46704
2.14868
-3.77944
4.07668
-0.02922
0.64904
-4.09659
5.14063
3.93142
4.94180
-4.58273
4.83147
-0.16234
2.77337
-0.39528
-2.24481
0.00595
-3.65715
0.29460
1.61052
-1.10479
-4.49888
0.53180
1.52556
6.21967
-1.51236
4.05624
-2.83664
-5.34906
-2.20651
-0.08681
-0.31968
3.91993
-5.19155
-1.55376
-6.04345
-1.55320
-6.24408
-2.40956
2.93798
0.45395
5.35948
-0.79815
-1.33135
-0.14049
0.46026
2.27241
3.20748
1.31227
-4.86171
-6.26512
0.83909
4.12931
0.79212
-3.58756
0.06530
1.39771
-9.05636
1.10821
1.56415
3.83737
3.31171
-0.05168
5.79157
2.34611
1.74478
-2.25398
4.99503
-2.60335
0.09417
5.15259
-1.52263
-1.18365
0.87654
-3.81821
0.28588
-1.72244
5.09219
1.93462
-1.45845
-3.49367
1.14987
1.66314
1.50318
0.93228
2.10710
-7.65983
0.58410
0.68510
-2.02260
6.15671
0.09622
-2.17556
-0.19032
-1.60681
-1.06001
-2.17027
4.64762
1.26076
-1.11255
1.24823
-5.24228
4.43115
-0.87109
2.01711
-0.77335
2.13418
1.71973
-2.34773
-1.69550
-1.22571
0.17848
7.09663
-2.93074
-0.15589
-0.82097
0.87883
-5.09366
-2.33018
2.24263
4.06801
-8.23438
-0.79624
-3.57580
9.90553
-3.43524
3.38569
5.20790
1.15672
-3.17964
-2.80208
-2.05337
-4.08128
-0.83099
-0.21890
-3.05805
2.83635
-4.45370
-5.59368
0.62742
4.71725
-1.57787
-3.44507
-2.99989
3.10667
-8.33977
0.50410
3.25301
1.89481
3.70039
1.26760
-1.72568
3.19890
-4.02143
2.83912
3.96367
-2.97379
6.74117
-2.42977
2.67160
2.40559
-4.76509
5.37272
-0.63852
7.85247
-0.94175
-1.16764
0.79962
-7.42086
-2.01285
4.39051
1.78370
0.10307
2.04359
-3.08756
3.65904
-3.43988
3.66085
4.53496
3.29059
1.91255
-6.52259
1.80073
-2.85974
3.13424
-2.91252
2.68256
1.94095
2.58110
0.29704
1.53096
-6.59613
-2.19297
-9.71204
0.87015
-0.53494
-5.80136
-0.21667
-5.71099
4.45849
5.32714
-2.89240
-2.40189
9.05499
5.71678
-3.65905
-3.23133
-4.51596
-1.85997
-5.70732
-2.78043
-0.22732
0.67528
2.90366
-3.17771
-3.50978
-5.00312
-4.30611
-6.42894
-7.94136
-5.26945
4.24517
-2.61924
3.03025
4.82023
2.87908
-1.15992
-3.11901
-6.60661
-6.23194
4.73086
-3.81606
3.33514
-2.61965
0.02637
-5.10441
4.22666
1.14847
-5.68974
2.28237
-1.06658
-0.47781
4.26782
-3.51128
-2.41699
-3.41445
4.97452
-1.56742
3.35208
1.90420
-0.51687
8.44729
0.76081
-1.61483
-3.53068
1.60622
-3.56687
-4.31275
0.05538
1.04582
-7.09090
-6.75244
-4.37445
-2.66268
3.40566
-0.05009
0.03695
0.77039
-0.18207
-1.42852
-5.67936
-3.02176
-4.25275
0.05101
-1.22013
-0.31124
1.32184
-3.80381
3.36444
2.65469
8.28690
-4.23496
5.58680
-2.65775
-2.05092
1.74473
-6.27335
1.62947
-0.17839
1.32371
-0.04354
5.04703
6.60082
-1.54658
-2.52080
-3.50171
-0.43517
4.22749
0.88596
-3.65361
-2.15411
0.53315
-0.05589
0.04853
-7.53334
-3.13733
0.24420
-6.17056
0.00733
-2.26716
-6.73509
2.19689
0.00360
-1.03029
-0.04243
0.11219
-1.03807
-5.60303
3.40905
-8.28969
4.60974
-4.85831
-4.03151
0.46278
8.09537
-8.37347
3.58026
-0.57493
4.05219
-8.27398
6.90695
2.86491
-0.91017
7.99639
4.27029
1.68878
-1.95986
-3.46395
-2.96398
4.59832
-3.69123
3.66385
1.73319
3.72115
-5.22264
-4.56638
1.05191
-0.63053
12.19933
2.46944
0.01290
2.87322
4.30950
2.27896
-0.18315
1.83185
6.58988
-9.78814
-0.20012
-3.76797
-3.83737
-0.03731
-0.20684
1.59407
-4.47409
4.80522
-4.40954
5.55415
4.30568
-2.44319
-3.66405
-8.44222
4.96066
-2.28928
1.19309
-4.97676
-0.28110
-1.96066
-4.01635
1.59512
-7.89597
-4.99036
-3.29919
3.05518
0.67507
2.99537
-2.03429
-0.91146
2.51184
-4.12652
6.81378
-1.12644
2.84068
1.74326
1.85821
11.28293
1.42136
-6.02466
0.88680
0.78163
6.49194
2.43304
-4.06764
4.77189
8.74764
-2.62590
2.45341
-3.82229
-9.75024
0.37476
1.15884
1.81427
2.81691
-2.94541
-0.16879
4.29405
1.61928
0.54074
9.41538
-0.90416
-0.57885
0.31639
1.54012
-0.80178
2.55109
-4.46165
-3.10237
-4.32975
6.66790
1.48680
-2.79282
3.33628
7.69962
-1.26202
-3.52829
-7.03032
1.49222
1.29265
3.35912
0.04767
-4.34465
-1.22183
-5.32414
5.46633
-2.00451
3.08906
2.73510
-7.85724
0.27723
-0.70259
2.66818
6.80929
-2.04665
0.12067
3.77512
-3.88047
3.37552
-2.95712
5.51594
1.48143
1.54930
4.07265
-0.42572
0.13945
3.38454
-5.13218
-1.72241
-3.01849
2.46148
2.81609
1.90231
-2.34141
-2.51138
-6.27414
-6.54421
-4.74723
2.52404
3.40065
2.15677
1.49243
-1.78727
-2.12389
-8.21953
4.91679
-5.83953
-1.51214
2.84897
-7.93578
1.79784
-1.35979
0.74149
5.12942
0.18527
5.11755
-0.88920
-5.31632
6.17052
-1.73918
4.46487
1.64403
-6.44277
-3.00457
-3.27993
5.64442
2.37896
3.81507
2.48224
-4.06263
5.87291
3.01698
0.93482
-3.24408
0.91869
1.52099
-7.95757
7.31617
2.94426
-5.74436
-3.21482
-2.11759
-3.77485
0.34454
-1.95465
-5.89254
0.96507
-5.72380
-7.86016
0.37440
-4.00931
-1.14650
7.78894
-4.02901
-7.48977
-7.36763
-0.13655
-5.29258
1.67753
-3.50366
7.32464
-3.62566
2.77800
4.37215
1.93862
-5.96522
-6.48344
-3.45183
-0.37478
5.14843
-1.53859
4.59464
-3.87618
-4.98275
1.81640
0.28963
0.31485
0.10322
2.39323
2.80554
1.50975
-0.20108
0.71232
4.10887
-4.29403
0.19968
-2.52453
4.61599
9.73567
5.75055
2.24526
1.68308
6.71887
-0.75963
4.54963
-1.12877
6.71977
5.51848
-2.76331
-6.38249
3.35123
2.07996
-7.15029
-7.65423
5.80136
9.55033
1.80162
1.69924
1.31453
-4.44222
2.30286
4.02144
0.48847
-3.88080
14.44272
-2.76269
5.88991
-1.56708
-3.73501
2.10692
1.38229
-4.21305
-2.18421
3.77507
-1.06617
-1.41819
-2.54535
-3.65961
-2.97720
0.01518
4.08933
-0.74256
-2.60474
1.50381
-5.07249
-6.43558
7.38714
-0.43390
8.93998
-3.38389
2.93945
-2.27257
2.75424
-0.77664
1.14585
-11.31116
2.53371
-2.07836
2.73713
-3.51600
-7.91109
-0.14154
-8.38092
-4.09527
-0.72057
1.07255
3.73466
-0.72749
-5.22885
1.85811
1.46156
2.18191
-3.35953
6.76279
4.74208
1.63703
-2.27773
0.07657
-4.95072
-5.17336
-7.20474
-4.19391
4.21188
3.34949
-1.09133
6.56907
1.26543
5.83160
-0.95363
4.74126
-2.03066
3.50430
-1.93408
-3.65119
4.50724
-2.75444
0.62845
2.56440
-9.10799
-4.22829
5.34614
0.26325
-6.33992
-1.94382
1.59563
-3.38236
2.60527
-1.90791
1.38396
-3.07367
-0.28414
-4.68791
0.10592
-2.27803
2.27585
-3.14877
0.84099
3.13490
-11.81892
3.62485
-3.03884
0.65785
2.88152
3.21692
-4.46093
-1.21050
-1.04774
0.66473
-0.73971
6.36633
1.45917
3.26038
-5.66776
1.72608
-0.67288
3.24270
-5.79584
3.08949
0.09831
0.54587
0.80040
-4.65395
1.41416
-8.96783
-4.53795
2.52486
-1.95574
-3.18121
-0.91478
-2.23132
3.54480
-4.38887
4.65476
-0.53315
-4.48962
1.61944
-5.18062
1.27893
-0.63142
-3.64785
3.95855
0.87560
-0.25469
-3.15878
4.83126
-0.34826
10.75536
0.93961
2.38914
0.18166
2.25221
-3.01302
0.63504
0.40582
9.10672
-4.17985
1.71449
2.50041
8.92387
-0.06922
-2.99089
3.63687
-8.17155
-1.38639
0.42226
0.99459
-3.94837
-1.44409
4.69284
5.63115
6.08171
-0.18323
-3.67277
5.36267
2.56074
-4.12471
2.53593
-4.54902
1.14257
3.03732
1.34083
-1.59453
0.92294
7.25647
0.27557
-2.27706
5.67419
-2.12388
-2.47745
-7.79637
-3.88874
-4.83770
-1.04189
-2.46927
1.89995
2.19419
2.11419
-4.86761
5.98815
3.98356
7.55039
-0.20110
-3.70103
-1.72967
3.14144
-0.40028
-1.80597
-1.11562
-4.28449
2.13366
-5.44901
5.97941
0.62487
4.40169
2.27414
0.54808
1.95918
6.21843
-3.19206
0.63577
-3.85447
3.46540
-5.81379
-0.61191
-0.53320
5.64473
-3.15639
5.27545
1.66695
-6.80926
-7.66371
3.91092
6.00419
-0.81923
2.78523
-3.76137
1.63799
-2.68902
-10.34812
4.29816
-4.25949
0.99259
-5.62617
1.98560
-2.57784
0.66930
-1.75726
1.58918
2.40755
-0.40504
-2.78122
2.11299
-1.05945
-4.88409
7.86284
10.41272
2.22209
0.04612
-0.38964
1.46480
-6.57449
-0.36825
-2.68062
-2.79230
-2.27124
-2.79650
-0.39459
-2.78659
5.79106
0.44572
1.12376
-0.66106
5.00354
-8.69985
1.22814
-4.04867
6.07806
1.29082
-2.22816
2.74411
-0.66876
-4.24548
-0.69687
0.83312
4.95563
-2.20740
-0.75412
5.56384
4.08440
-6.47801
0.27322
-2.61431
2.38373
1.12949
-3.09652
1.88460
-0.89733
-2.64018
-1.10619
-2.26659
4.29841
-0.00973
-3.97113
1.37397
-0.17003
-4.65760
-12.57502
-1.75473
-4.44029
5.91649
4.75501
6.00454
-3.89232
-1.53249
-2.57339
-0.86600
-6.03585
-2.71665
-6.77278
1.68941
2.20894
-0.87432
-1.84909
-0.24494
6.27145
-1.06050
0.36353
-2.14732
-4.83972
2.24280
4.11252
-2.42493
-7.65164
-2.88343
-3.23219
3.50828
-7.14749
1.59838
2.04113
-4.51881
4.36202
-6.15025
-1.60762
-4.75191
5.12241
-4.13856
2.52845
1.84256
-4.14139
-5.21685
-3.26792
1.98308
5.80193
-6.11120
-4.74066
-4.66444
2.82383
-2.89205
4.05907
1.50724
-4.11568
0.86209
0.96813
-0.79938
-8.09092
-8.44267
0.51467
-0.63727
-1.80396
3.03373
3.53396
4.40986
0.97003
-5.37794
0.78773
4.96793
1.99457
-0.90620
-0.04062
-3.98331
4.73311
2.59162
-0.32377
-4.74543
2.17187
-0.11060
-0.76372
-8.17586
4.26381
3.24827
-4.02476
-1.02642
5.91995
-1.16526
6.59996
8.55947
-1.27002
-6.65693
-3.35748
-4.31217
2.05965
3.23428
3.46835
0.48889
-0.40298
2.07004
2.67863
5.35223
-1.92989
3.78254
-5.85593
4.81795
0.86027
4.20491
4.04965
6.31170
-2.96620
-2.53219
-4.41373
-8.62336
7.43078
0.78927
-5.48021
-1.57901
6.73015
-8.34059
2.76734
-1.49728
4.44756
-4.51971
4.44930
-4.63040
6.02007
0.96356
-4.38124
5.89653
-0.52610
4.51185
6.48528
-3.79992
6.68603
-4.13066
2.76188
-1.31221
-1.69760
-0.78640
-3.06366
-1.97863
-8.17201
-4.80005
0.20584
-5.62652
2.65512
-3.57791
3.80557
-1.20276
-8.29412
1.86397
1.04758
-0.01307
-2.46685
2.27315
-0.97300
0.91530
2.22289
0.04772
-2.46821
6.07635
-0.77158
2.26107
1.37219
-5.82516
3.48721
8.10338
3.33009
-3.66018
-5.62254
-1.84071
-2.53934
-0.76302
-0.85597
4.10225
-4.05318
2.87085
4.25507
-8.31025
3.96868
4.19781
-0.71686
-1.54306
3.61403
1.10772
3.71865
1.75379
-4.75795
2.42732
-0.76657
-3.71600
0.01760
3.22011
3.33361
3.13294
-3.03465
-0.02363
-3.44796
-3.98510
6.70329
0.25099
-4.45258
-0.98301
-3.24539
-4.74126
-5.36357
-3.42975
7.23730
-1.72642
-1.69121
2.71509
-4.41823
-4.81614
-0.14088
1.98969
6.14943
4.28177
-6.03834
0.89726
-5.47723
2.76839
-2.17743
1.86185
-3.41496
-2.76131
-8.38637
-4.53157
3.84218
9.18103
1.86957
1.25911
6.99329
-1.36239
-0.89897
7.58867
-2.52193
1.73984
3.42943
-0.16642
-7.40166
4.13518
7.48144
-0.54935
-8.39999
-0.11756
-8.02759
5.36706
3.50730
-4.12088
-1.43249
-0.05169
3.62689
-1.77451
2.12791
2.57752
2.56616
9.39209
2.43223
0.29011
-4.43994
-0.33085
-8.87368
-2.12658
-2.90786
2.90013
-1.92165
1.44752
-3.87936
0.56019
7.08223
3.44239
0.62835
-1.28377
0.78281
-9.52234
7.19867
4.68989
-8.75089
-0.02335
-0.03477
-0.70192
-8.07360
4.46799
3.67572
4.10667
-0.08922
-2.28381
3.40148
5.41773
-0.72940
-7.06292
0.17994
-6.89661
3.61955
-1.81257
-3.30256
-1.16279
-0.48752
10.24511
0.27725
5.04554
-1.83454
-1.19103
2.88690
-0.98384
1.17750
4.34137
-8.47758
6.44032
-0.31859
1.36095
6.00334
1.98667
1.56022
2.90818
1.80601
5.16975
-5.99485
2.48849
0.07579
-0.51387
-3.05957
-3.86020
-2.67478
-1.75217
0.77604
6.03627
-1.26087
2.28397
10.60853
5.75652
-0.65073
-3.10531
0.92768
0.28516
1.72360
1.06431
-3.60941
3.34531
0.30326
2.18094
0.28458
-1.88097
0.98899
-5.88255
-3.55133
-1.16008
-1.56383
1.38614
2.17248
-0.27088
1.59164
0.37045
5.75582
-7.94091
-0.87873
2.48209
-4.03109
9.30285
2.03911
-1.86867
2.42751
-2.85990
4.27348
7.59739
1.92248
5.50181
10.01689
-1.04950
7.85303
0.05096
-4.78176
1.84732
-1.15191
-0.18654
0.88617
1.19222
2.23046
1.07477
0.82816
3.33796
-6.45361
1.22566
-1.30872
-2.58398
-0.50870
-6.43716
-5.68265
1.64653
6.19365
0.10041
2.83861
0.83517
-0.84050
3.60607
-10.16182
-1.36437
-3.02550
3.64122
-1.68096
-3.72591
6.00753
6.18838
2.49440
-7.12188
0.73674
-2.01253
5.61113
-0.44760
0.48061
1.50321
-1.65456
0.56455
1.54106
-2.30485
3.24587
-0.92104
9.21084
-2.09958
-8.17410
2.72024
-6.31512
-3.78162
3.51485
-1.82331
6.38057
-3.09785
-6.93251
-3.64467
3.07816
1.49392
-1.06551
2.69662
-0.44473
-1.81794
-2.02180
-2.32232
0.94783
7.34130
1.55370
0.57510
-4.16914
-2.30965
-0.90622
-2.95875
6.71035
-7.78350
-4.75854
5.43808
-0.33499
-2.67823
-5.12484
-1.86933
-4.96034
4.09353
-2.19889
-2.26280
3.21287
2.54829
-0.32127
-4.03632
2.33385
0.37700
-2.43878
0.31224
3.00779
-0.67007
3.92838
-1.84750
9.51027
-9.19262
7.88569
7.69306
3.97609
-2.82214
6.11080
0.37139
0.46372
8.61386
-4.74006
1.59514
-5.01621
0.74819
5.43105
1.13503
3.28822
3.82844
-7.40355
-1.76707
0.04831
4.62560
0.78934
2.80814
-2.26918
-0.10689
5.57461
-1.88831
-0.08698
4.45489
3.30749
4.35767
5.29721
-3.45381
2.95670
-4.39165
4.45851
4.55954
-1.12183
8.92446
0.61259
4.05385
0.13350
-2.65338
-0.72892
-0.86660
6.11737
0.13195
0.50480
3.14680
-4.60582
1.41251
-1.86981
1.03904
-1.13937
1.27541
-2.61105
0.88836
-6.41190
1.61379
2.32867
4.97356
-5.86893
-1.68092
-0.79367
-6.62616
-9.39016
-6.05319
-1.11221
-4.47757
-5.03740
2.04319
-2.14664
-4.34947
-0.56772
3.93773
1.13143
-1.18302
-3.52356
0.02775
-7.42075
-3.93049
3.98047
0.84069
-2.43505
7.77521
-2.39619
-1.68373
5.38968
3.81950
1.75730
2.94266
-0.49355
-1.60855
0.32726
-3.28801
-0.14228
2.48494
4.98111
0.41991
-3.28117
4.76988
-0.29692
-0.66569
-0.97827
-0.05682
-1.26425
-1.92353
3.07080
3.33490
0.04576
0.68952
-0.72294
-1.08869
-8.69681
-0.20072
1.62895
-5.26064
-1.35795
-2.14016
4.59314
0.02369
8.03700
6.17865
-5.17637
-12.76619
-6.04759
0.63621
8.22941
-1.29093
3.38656
3.47074
-3.32713
4.09418
4.75786
0.90918
0.77428
-5.13065
-5.90980
0.47085
-0.35353
-0.95706
3.35736
-1.21033
-6.34558
-7.06045
-8.05072
1.39063
0.16823
4.15093
-6.96622
4.87248
1.30277
1.29646
8.99205
1.51449
-0.94601
1.27638
-3.44034
7.59736
7.67430
-0.15298
1.19599
3.09807
-3.70656
-7.15103
-0.92166
4.19124
4.58169
-0.89892
-1.89688
-3.80404
8.55288
0.82815
1.85816
2.73457
-1.16588
0.77261
10.85591
-4.52982
0.27962
1.15131
3.89399
3.24506
-2.50055
0.14008
0.78686
-1.50821
-3.14863
-3.08869
5.03498
13.47242
0.89990
-2.17365
6.44387
0.23470
9.92990
1.61224
-0.75911
-3.91321
-0.53945
5.46514
-2.43465
-1.70660
6.56857
-0.65984
1.79475
-3.93718
0.68991
-0.63370
1.24022
3.46745
1.33809
-1.35103
2.71355
0.15063
1.29839
-1.49569
-5.00639
-1.37480
-8.66015
4.86520
2.78059
1.71547
2.05239
2.77850
-0.44431
-4.38288
1.28899
1.36540
4.71644
5.22336
-1.57446
-1.61825
3.29106
-0.53463
1.08647
1.05914
-0.32702
2.25146
6.52155
-3.08091
-5.76985
-1.11327
1.71880
-3.42480
8.86466
-1.24726
1.20642
-0.98513
-2.61888
3.36305
4.22514
-3.09688
5.24697
4.79648
3.51015
1.47917
-0.90241
4.88098
-0.63963
-0.30390
7.00774
2.57860
-2.28157
5.62376
-2.47336
4.30404
-1.58550
-1.32466
-0.46113
4.06940
-5.34642
4.05741
2.95595
-1.78057
-4.71604
3.73345
-1.52085
-1.78044
5.30117
-4.52260
-3.42578
-9.21549
4.40203
2.81828
-1.75366
0.78587
-1.34829
-1.12926
-2.13438
2.01877
-3.01477
-0.97487
3.18983
1.45290
6.63100
1.77633
-2.55139
1.78213
-0.74889
1.69963
8.19625
-0.10390
0.42435
0.81202
-2.60294
2.55404
4.97639
6.37910
3.50055
-0.70695
3.71629
5.90125
1.66707
-5.24156
3.28043
-6.12267
1.80923
-1.84920
0.54001
-4.15960
-2.43454
-5.01145
-3.14108
-0.17104
2.33219
-3.20677
1.26828
-0.94847
5.62174
-0.81420
6.89012
-1.93036
5.08716
6.26879
3.44242
-2.77362
9.56166
-0.17731
0.38595
2.44585
5.25861
-3.00841
2.34291
-1.49543
2.92279
-0.60898
4.00739
0.20286
7.96192
0.63361
4.79545
0.40293
1.91079
-0.29208
-0.88213
-0.87580
2.06188
3.03517
-3.58862
3.14935
-5.00571
-2.96119
0.63200
0.52922
0.75138
-10.66496
6.77838
2.48111
-2.82043
-1.20043
2.71139
0.04607
4.46855
-3.81401
3.93605
0.87673
-4.36240
-3.34430
0.82241
-5.13070
1.33163
-1.00365
2.02827
-0.65324
3.22784
0.14185
1.36172
-8.65438
0.29344
0.65510
-5.54867
3.52562
-7.96837
2.63284
-1.09202
0.70544
-6.48786
3.44913
6.33241
-0.39490
5.79748
2.76421
0.13367
-3.34582
1.04233
-2.92355
0.70611
0.24177
1.60495
-7.16044
-0.03098
1.58859
-7.70013
0.65671
-6.85960
-2.97643
1.02581
-0.23366
4.79865
4.28127
8.24979
0.65704
-0.73255
-1.25636
2.60073
-0.61869
-2.61798
-0.36383
-8.01979
5.14847
4.25445
-0.15732
-1.28557
-0.24055
1.65034
-3.21542
0.04666
4.23349
-4.00554
5.57849
-1.36346
1.53807
0.07874
-0.12886
-8.13726
-4.67398
-0.72794
-7.20703
-1.40659
-1.99975
1.26450
2.61189
-1.01995
0.84533
0.00853
3.11090
2.95212
5.25378
-1.74496
-2.69000
3.32018
4.96591
-6.60346
2.41650
-1.00616
0.39740
2.90090
0.69760
2.59268
-4.70006
5.38665
-3.32907
-1.08298
4.43566
0.35343
0.18584
-0.67552
-7.17351
0.04743
9.56010
-7.43399
5.52287
0.50182
-2.61198
1.47420
-1.30484
4.06660
6.06061
-1.02921
0.76994
0.77834
1.89215
11.68300
6.71590
-2.65543
-1.46536
-0.98035
-1.50504
2.35323
1.66980
-0.12780
3.97897
-3.33755
-4.36043
6.38465
-2.22371
2.92400
1.84955
-0.62523
-4.64873
-2.09063
-3.97664
3.91063
1.26999
-2.15052
1.47932
-2.93158
-1.96657
-1.29929
-2.64127
1.56888
-11.08618
0.69574
-0.85488
-2.31016
2.26028
-4.04845
-5.98752
4.56421
2.69697
-4.30162
-5.09786
2.55819
1.77868
0.58720
3.61337
4.56582
-1.14283
4.44542
-1.26558
-1.83470
1.32819
-0.02507
4.50795
-2.76393
-1.46847
2.87009
-2.72489
-2.00870
6.03446
4.70599
9.03461
2.55673
-6.50692
1.16639
6.81975
7.38615
-0.82910
-5.61491
-3.45413
-3.62766
4.04594
-2.69924
-3.06772
3.03276
-0.64986
4.15511
-6.58225
-1.69266
-6.28563
-0.14676
0.75117
-2.22702
7.08440
-0.87507
-5.95818
-7.57305
-5.96204
6.17009
-0.78058
-3.91477
-7.27463
-10.38003
-1.71109
3.81472
0.04268
1.29757
-3.12319
2.75349
2.42316
-2.55013
-0.66378
-3.71165
-0.20799
-2.67937
-1.34762
1.44743
-3.16006
-2.10070
-6.60749
-3.42756
4.88149
-0.90554
-1.10998
-8.75498
-1.05088
0.81125
0.72686
-6.53919
-6.52465
-2.17672
1.04809
0.21633
0.47966
-9.93893
-0.43705
5.00188
3.18941
-1.20525
-3.75581
4.83866
0.63345
1.24212
3.07006
0.97671
1.75282
2.19883
-2.49225
4.49726
2.32509
4.40421
-0.37601
4.81614
-0.60577
2.45757
-2.48072
-2.13588
-2.05658
-1.65408
2.15871
-3.40612
1.45934
4.87930
-3.83313
-4.43321
2.03884
10.33994
0.19277
-0.90372
3.64754
2.48068
2.70622
-1.42685
2.99400
1.63310
-4.81469
2.02022
-5.60020
2.18298
-2.29477
0.52777
3.75870
4.03304
1.10865
5.64181
-3.82483
-7.42231
3.17480
8.42076
-2.89527
-4.75529
-3.20991
-0.88977
3.58239
-0.94478
0.11540
3.89120
-2.48214
-0.01355
3.98868
-2.16313
0.44503
-5.60854
-0.87844
-2.40112
0.94052
0.82762
2.16259
3.72437
-0.13087
1.46481
2.77547
6.34519
-2.19967
-1.81473
4.18203
5.54427
0.40205
1.94628
2.40319
9.04970
6.22974
-2.24820
-1.38157
-1.83068
2.27475
0.22814
5.79282
-7.01123
-3.07000
2.38464
-1.50295
1.33634
8.55771
0.23149
0.67729
6.53569
1.80954
-8.73225
-0.14748
-3.48770
-2.90858
-0.15996
0.99107
0.61822
-0.31865
3.25706
-1.16739
-5.99690
-4.30302
-2.44737
7.08128
-7.64683
-3.58055
-7.33395
-5.20901
-4.04152
-2.12906
0.93908
-2.78868
-2.73819
2.71680
-5.30022
-4.41680
0.26035
-3.89886
-2.33599
3.02053
4.82703
-1.47982
-3.83893
-4.49503
-0.53633
-1.37964
-9.72147
-4.23069
1.04150
3.52200
0.54926
0.78710
-1.81953
-0.57435
-6.41476
-3.83753
2.71169
2.32914
-4.50619
1.08877
-0.35802
2.29645
-4.15340
-5.49434
1.44285
-5.32715
5.81187
1.97819
-3.82136
-6.32393
4.20384
-0.89167
1.81238
3.64470
2.82227
-10.30737
6.62539
3.18267
-2.89734
2.71542
1.08376
0.24230
-1.00471
-3.88870
4.73435
0.26307
-5.20459
-5.42990
-8.96508
4.13989
-0.67631
3.65006
-3.69282
-3.11833
0.03517
4.63205
-4.54708
7.34009
-1.03745
-5.38457
-4.14616
1.66070
2.25978
3.91548
-3.95575
6.18866
4.29675
-3.39042
4.10426
-1.50981
-1.08633
-4.58369
-0.20917
1.12729
-3.71423
-1.51787
-3.89786
-0.35172
0.21625
-1.37624
-3.04105
-6.24020
2.76879
-4.90133
-0.05679
-3.33981
-4.67345
0.13803
-0.18837
-2.68365
8.90087
1.48674
2.75901
0.71771
-0.58290
6.75059
0.82836
-0.67225
1.23100
-3.41895
2.35194
-4.44749
5.02124
1.42540
5.78422
1.31372
7.60972
4.17897
6.82432
-5.79232
5.05564
-0.77436
-3.87584
-4.42167
-2.39667
0.02115
-3.75317
-0.80698
-1.70557
-8.81375
-4.74199
-6.15011
4.42796
1.03756
3.09173
-4.06953
2.54616
-3.09454
-2.30586
0.87132
6.00588
1.28348
3.58303
-5.16634
1.05177
-5.72253
-2.61901
5.50124
0.89754
-7.28822
5.34026
3.55351
2.52134
-5.62442
0.03472
-10.33076
-0.32510
-4.22709
-0.65607
1.85769
3.82655
3.08765
3.99660
-3.92870
2.14149
0.88917
-5.07174
2.75049
5.95078
-3.20152
1.94685
1.32176
3.57391
2.87819
7.23547
7.72807
-4.36868
-2.28835
-0.43631
-4.13362
-4.89820
4.31271
-0.68440
0.14834
-0.64273
-2.33111
-0.27260
6.62298
3.76014
1.42370
1.72439
-9.85551
-10.95279
-5.32007
-2.85148
1.27798
-1.47204
-0.54328
0.58156
-1.74320
0.30471
-3.26602
4.99729
2.58742
2.24884
-1.55591
-3.28057
5.45399
-4.62850
-0.89894
3.10557
-8.74484
2.35953
-1.19972
1.73325
0.97736
-3.13777
0.06343
0.99517
6.76841
1.96535
-1.56428
-4.36653
-3.09136
8.78814
0.98664
-2.66135
-1.92612
10.01146
0.56016
-0.51746
2.44217
-0.47952
1.09691
0.75482
-2.35325
-10.06343
-7.86579
-5.72055
1.25401
-1.73806
8.20083
-7.97907
4.35458
-5.32474
7.28108
2.18634
2.93297
2.72846
0.26292
-1.17074
-0.90836
-3.65610
-2.69154
2.39059
7.13253
0.86203
5.70592
-0.53729
-4.50740
-3.25300
4.82233
-0.98400
0.15095
-4.84826
5.21898
1.12106
3.17231
-3.47512
5.11009
-1.03955
-0.03527
6.67170
-3.71115
-4.07703
2.48627
-0.09661
-2.59461
-2.36961
-7.40898
-0.45225
3.31488
-5.45072
0.47705
1.20610
0.18206
1.47741
0.05424
1.98262
-2.13612
1.70553
0.67766
-0.74823
-3.64466
-2.95270
-0.01035
0.55135
0.28352
-8.44754
7.73637
-4.40949
-2.31613
1.41256
1.36901
2.54729
-2.16986
-2.42264
-4.41140
-0.88652
3.09320
0.82193
4.77732
-0.71474
1.78823
1.27877
3.22283
2.59663
-0.86501
2.61508
-2.91848
2.33271
-0.13074
1.93203
-3.13195
3.05244
-2.65730
-3.05451
-1.96533
-1.46925
-1.65434
1.65693
-0.60801
2.44481
-6.44691
-2.38652
0.66847
-3.20497
6.07730
1.90519
1.77632
-1.77413
3.19749
1.17836
-0.76083
-4.25966
4.94543
0.14404
-0.92306
-1.58987
-3.52073
3.60983
-1.69966
2.04801
-0.11442
3.99777
-5.05468
1.65024
2.43389
-4.63801
-3.18828
-2.57828
-2.02380
-2.04608
-0.61019
-6.02745
5.57052
1.04935
-5.39522
-0.37447
0.70740
-3.77522
-6.82112
1.49894
-2.72660
-1.06696
-7.21663
-3.57556
-1.92562
0.61472
3.67895
1.60346
-0.84255
0.80279
1.19718
-3.51274
-3.15821
6.72689
-4.03159
4.15013
1.47628
1.74208
-5.30707
-3.14050
-2.03729
4.19131
5.22469
7.17249
-1.03823
-5.21478
-0.35169
4.51582
0.14821
-1.16501
6.99204
5.28984
0.12537
-3.79130
5.97615
-2.40729
1.29081
-4.12466
6.30523
6.81827
4.01982
0.31091
-7.15632
8.38278
-0.52263
2.11375
1.06299
-2.01478
5.87555
0.05542
1.42688
2.97647
-0.44106
-0.94752
3.83917
-6.25231
-5.85224
-5.91636
2.89353
6.21576
0.73947
-0.24277
0.31788
-6.37647
-1.84171
-1.11853
-4.46680
-8.00021
-3.70856
10.23751
8.31723
2.88046
-2.52178
-1.53809
-4.09190
1.81979
0.88234
1.85637
3.39992
-2.66978
-5.06124
-3.65263
0.45764
-0.46899
0.23525
-6.25958
-2.02079
-4.44591
-1.72224
-3.68111
-2.46602
-0.40494
0.92356
-8.47205
2.38472
-0.28687
1.67137
5.71171
2.84886
0.37095
-0.44707
-3.13184
8.14349
-6.10378
3.12623
-1.07799
5.98664
-8.42383
-0.70839
2.88051
-5.96083
-3.64183
-4.04580
-5.39045
-5.89792
-7.73599
0.99320
3.80611
-6.96462
6.74863
-1.28498
0.57041
-7.02247
6.47965
-2.01828
3.21818
-0.58299
-4.98948
-0.69537
-6.02517
-8.22392
4.34931
-2.59696
-4.18840
1.11950
2.52104
-4.99138
0.63414
3.71013
-1.80456
3.03298
-2.00251
1.84494
9.17586
-2.96725
-0.45566
-7.24725
4.67393
-0.86446
-6.50335
-2.77312
-3.98513
-10.71902
5.86811
-4.65610
-3.32135
-6.38048
-9.49792
4.60087
-1.52627
0.12191
2.17628
3.11567
5.42466
2.06281
-7.67523
6.80934
-2.85472
4.96061
4.29065
3.69544
1.98067
1.39561
-4.64471
-4.80507
-7.44974
5.36101
3.04407
4.22574
2.98950
-0.61755
1.48952
4.13134
-2.39716
-0.12006
4.69428
-0.71955
-4.71507
0.11831
0.61577
6.46460
6.77941
4.27995
5.08112
-1.34425
0.51281
-4.95396
-5.18638
-5.11092
1.12391
-1.29701
-1.82704
1.68853
-3.42703
-5.58149
4.89739
2.10641
0.48236
-3.56117
3.04393
-3.16865
-3.00960
-2.27747
-8.86742
2.92216
0.81437
-4.15932
2.36589
-3.33681
-0.79862
-3.61033
7.52392
0.98848
4.16235
-2.65615
-4.65080
-1.16245
4.72644
-2.21793
1.24844
-3.14439
3.43197
-5.20779
-1.18074
-0.47238
-2.84333
2.65294
8.76515
-1.36829
4.09972
-6.27703
1.08680
1.03646
5.17628
-4.66719
2.25260
1.10214
-6.78349
-4.18911
-7.06459
-2.15723
-3.68196
-2.02212
-0.22202
4.79659
2.15157
-2.95274
4.73832
1.33023
-1.60015
1.30233
-6.78574
3.93363
-1.14427
5.17630
-1.77401
0.71430
2.53446
1.14231
-6.21543
0.47654
4.19390
-2.76473
-4.07298
-0.83816
2.14787
1.24414
2.96469
3.21022
-2.47841
0.77233
-9.01788
-1.58480
4.51325
-3.92836
2.40708
-0.27773
4.77454
7.50415
-0.97319
-0.77861
3.70506
0.49152
-0.29968
-1.42249
1.57521
-2.53144
-4.56176
1.01752
-0.14691
-3.40679
6.27397
-2.20997
-2.38789
6.79593
2.74568
2.00749
-6.75695
-1.98603
1.87295
-1.31452
3.91472
3.65314
-1.58290
-4.63157
1.10455
-2.85111
3.08512
6.91633
4.38559
0.27425
-2.28101
-3.77268
-3.86874
-5.73692
-1.68035
0.21935
-3.56896
1.75300
0.15249
2.31750
3.38686
-3.55864
1.06596
-1.64007
-4.23256
-1.41807
1.71265
2.53234
-3.93559
-2.05596
-0.46203
-1.87776
-0.48052
-0.97893
-4.26580
-1.44574
-4.58725
-5.13592
-6.46360
0.26456
-1.46703
-1.73535
-3.74565
-3.05724
-4.54968
2.08332
-6.03351
-0.48303
1.58234
-0.41750
3.89901
3.94130
4.80699
-0.47358
2.61136
10.29860
-5.93772
-2.15752
-1.59107
9.73442
-2.88268
0.05463
1.13978
0.14642
9.06053
6.24450
-2.65589
0.45752
5.37642
0.16643
-1.00217
-2.13184
-1.64556
1.69628
6.20862
3.47885
-0.88462
-4.26068
4.36975
-3.20001
-1.73464
-6.80120
-3.35275
-1.13366
-6.54403
-3.58932
-0.61018
-1.80803
-6.24641
0.72319
2.85708
-0.55459
3.13068
-4.19979
2.32231
4.59465
-2.21873
4.59998
-5.63625
3.50726
-3.37624
-2.17349
0.56728
2.26598
5.07470
0.37977
-5.35769
-0.52454
-0.44595
2.69990
1.75086
2.07077
-1.73414
2.79768
-3.83477
0.92867
-0.33785
1.45015
-0.54691
-7.71822
-5.19199
3.80688
-5.78253
-1.04283
-4.93190
1.74249
-4.30289
-2.94818
-8.64558
5.81779
1.38575
-4.99624
2.78381
-7.60358
3.75513
-8.58688
-3.27133
-0.23971
2.82071
0.44663
-4.51978
0.26458
1.24070
1.88293
5.35244
5.88423
0.40065
0.88276
5.65569
7.16419
-3.27991
0.70662
6.40672
-7.40084
5.08363
2.82032
-5.22015
0.38765
-2.46873
5.01646
-3.95332
1.38641
4.93665
-5.38156
4.86465
8.40586
-5.35403
-4.26946
-1.44366
-5.09400
-3.41949
3.32081
-2.56669
-3.03548
3.23091
3.49474
-6.97026
-1.42798
2.52648
4.74018
1.84894
-3.08099
-0.69936
0.99166
2.85886
-1.64124
0.07067
3.93672
-3.26457
6.53332
-2.21799
0.45134
-4.49553
-0.42149
4.88547
3.71928
0.51089
-0.84158
1.18414
6.36740
9.94715
0.60126
2.45894
0.19010
5.15920
-8.34495
-1.97966
-0.55813
-3.98438
3.05737
-1.12058
-5.35446
1.65372
1.12006
-1.11794
4.84204
2.64226
1.20371
3.14556
-3.46483
10.41831
4.99286
1.40730
-4.27018
-2.73304
-5.14829
-1.15645
-1.81482
1.42185
-5.87875
-2.12034
3.41139
-2.00687
-1.51187
3.03435
-6.48513
-5.65397
-6.35616
-3.35787
0.77575
-3.05861
-3.66408
3.78628
-3.34250
-2.61729
-1.10518
0.52425
3.46009
-8.40666
-2.92566
1.20238
-3.17359
2.42596
-8.81384
2.48767
-7.78933
-3.77098
0.46899
-1.54942
-3.05586
-4.38730
-6.86989
1.90126
-3.65627
1.22491
7.38950
7.16529
2.04840
3.90013
-3.94415
-1.62504
0.16438
0.65242
0.78067
-3.16819
3.79259
1.27985
1.29383
-1.47071
1.18976
0.59797
1.25053
-0.15831
3.76364
4.10387
-4.53489
-5.18645
2.27133
2.67587
12.29028
-4.36538
2.91227
-4.36539
1.29491
3.58000
2.59523
3.20646
-8.27245
6.53148
5.53270
-1.25150
-2.12106
3.25109
3.77504
0.44067
0.08253
-4.67557
-1.81763
0.14988
-0.69756
-1.14779
-1.22875
-2.46041
-0.53239
-1.80761
-1.02034
-2.18997
-1.22220
-4.13950
-0.44820
-4.28772
7.84116
-1.63039
1.95223
4.70402
3.72873
-4.33706
0.96851
1.92104
-1.62725
2.78597
2.40545
3.97593
-2.44059
2.13084
-0.27955
-5.63771
0.61950
3.84639
-1.35594
-4.00956
-0.81856
14.40133
2.13496
-3.52553
-3.07780
0.75700
4.19579
4.14096
4.85256
-6.67792
1.98331
0.55984
-2.32626
-2.67021
-2.17613
-4.17355
-4.17576
6.51931
-4.74371
3.93232
-6.13556
1.67334
4.29871
0.25773
4.71291
1.76687
-4.84666
-3.28231
8.04467
-5.92788
1.46149
-3.65296
3.59722
-4.59995
-3.61257
4.18214
8.30408
0.00161
0.58557
-3.55043
3.11091
-1.24127
3.51094
-3.68241
1.73998
1.89092
-2.67261
0.89510
-0.79968
-0.41798
0.69833
-0.77953
-4.67243
-4.66536
-3.72020
1.85277
0.90705
-1.75276
2.81512
3.89452
8.67974
1.13617
1.55730
0.19402
5.29264
-1.64989
3.75276
5.24480
0.24536
-1.24676
3.20609
8.17247
-1.51492
-3.48851
-0.01331
1.34820
-2.86678
-3.64737
-1.64773
-1.59440
8.37107
4.54239
3.42466
6.03425
-5.04065
-1.30899
-2.13774
-12.34948
-1.16877
-0.16322
2.86943
-1.61319
0.46259
3.57570
3.53611
4.78284
-0.55364
-8.20598
-3.03690
3.29340
-0.12526
-4.08179
4.66215
3.23083
-10.31218
-0.96891
0.48798
-3.03673
2.22793
-1.51416
1.85515
-0.09722
-0.18512
3.30462
-0.82064
1.87880
-0.85227
4.03565
-2.93851
-5.89951
-0.91036
-3.43692
4.09272
0.17237
0.88860
3.00577
-1.31339
-2.03058
4.40169
3.27680
0.07235
0.66496
-0.83024
0.59333
-4.08388
7.66531
-0.90160
3.07298
-5.42516
7.88636
3.93743
-8.74795
-0.02870
-7.28607
-1.96032
-0.93628
0.88706
-2.14539
-0.54728
3.33020
1.21551
-4.10323
3.22911
-1.45900
3.85728
6.06012
2.12607
5.97243
0.05026
-3.70962
-3.17994
-6.86485
-2.85644
-1.61090
-0.80689
7.08506
-5.03512
1.27089
-1.72757
2.09723
5.11406
-0.95793
3.50751
-4.35378
-0.79601
3.53989
-0.78319
4.42828
0.13707
-0.96453
4.05436
0.91730
-0.19872
0.87577
-4.79018
-0.25315
7.61380
0.57808
-9.07587
-0.96192
-8.67833
-7.53326
0.45897
4.04539
-1.14252
-2.35044
-3.71096
-1.41731
3.35038
1.21177
2.06288
-4.42458
-4.29421
-7.52048
0.69494
-2.77050
-1.10488
2.42092
-2.32440
-5.42220
-3.09046
3.78062
1.11591
5.04498
8.57984
4.45759
0.81215
2.66776
2.26048
-4.35066
2.18673
-0.72934
-6.62421
-2.12757
3.61642
0.51760
-1.67420
-1.73625
8.42597
-0.00045
-4.45938
6.80785
1.54061
3.00567
-2.57938
-5.10758
-0.81600
-0.62673
-2.09515
-4.02628
-0.70136
3.62521
4.34579
-5.88857
-2.12748
5.54774
-0.99644
-0.09155
-3.73551
-6.06971
1.51266
5.67969
1.29948
-5.94179
5.40116
-0.04691
-1.40614
-0.26582
0.99690
-0.80010
1.96486
-5.46919
-1.84970
-3.87188
0.55805
5.68027
-3.52501
-6.22191
0.27386
4.69899
2.61673
-2.59737
1.54065
-1.71949
-0.41087
-5.04070
0.12028
-3.47761
-3.43369
2.85846
3.33451
4.39385
-5.94288
2.64653
1.33225
-2.53692
1.32976
2.58867
-3.75300
-2.93291
-0.79430
-1.16205
-3.27100
1.62056
-1.27687
-2.82839
0.73065
-2.42787
-1.78259
0.94673
-0.69680
0.97465
1.90953
0.91891
-1.00447
-1.39212
0.84956
-4.69428
-5.47885
2.62258
-4.03490
-5.26878
3.47758
-1.92707
-2.09788
-0.70255
2.48591
-0.21673
-3.96929
2.06721
-0.35450
-2.29562
-3.25096
6.04921
6.34162
-0.52288
4.25248
-2.86669
-1.25588
1.63273
5.73667
-3.90178
3.25122
4.22097
0.04181
-8.39660
6.31314
0.66039
-1.55366
0.03205
-7.51358
-3.57900
-6.78837
-4.33660
-4.41067
7.14526
0.48684
2.17447
0.57150
-4.52344
-0.63140
2.74476
-0.65256
-3.37303
2.04263
0.94745
8.47472
-5.35427
6.20250
0.70081
5.32346
3.92605
3.15692
2.35735
-0.87474
-6.92925
-1.97692
1.31280
-3.55224
6.95292
-0.64691
-2.78352
-0.49492
5.10701
-2.99048
-0.78177
5.47893
6.74688
6.05020
-2.04018
-10.35452
-0.61068
-1.59665
-1.09203
7.04266
-1.93574
-1.48991
6.36551
6.19209
-9.79743
-0.47187
-2.58702
0.04161
2.51378
2.28355
0.21505
9.21857
2.10179
-1.29955
4.37947
-1.41243
1.62913
-3.81325
-3.66850
2.68853
-7.12534
0.07479
-3.21584
-0.54905
4.29297
-2.54872
0.19355
2.14172
-3.28122
-2.86549
4.05410
5.62175
-5.48794
-2.02033
-6.05033
4.36227
-3.11093
0.71643
2.51257
9.22014
2.41914
-4.22877
-3.04220
-0.23445
1.15890
1.31435
6.35088
5.85472
-0.96015
-0.35395
0.56528
-4.10244
-3.72525
0.96005
5.21875
-3.15048
1.17081
-1.80568
-2.71484
-1.72492
-6.30079
3.17347
-1.88624
-0.34207
2.50826
1.36316
2.75185
4.00458
-3.88295
2.26176
-3.32059
0.68443
-0.38994
-2.35168
-2.13361
-2.40332
6.59666
-0.72790
-1.48393
-0.71006
-8.71344
5.17370
1.09957
3.02186
-1.46694
-5.90714
-3.17821
-0.93754
-5.13981
-3.72511
-3.11806
-6.57637
2.44043
-1.58781
-2.01113
4.56568
5.08713
2.15385
-0.64190
5.23024
3.99933
-1.15930
-0.23531
-7.53654
-2.75807
-1.95987
3.51492
-6.80613
3.03193
3.16060
0.26366
-4.29166
3.17999
-0.22709
-1.76373
-0.54196
5.49245
-5.21734
-3.06167
-5.90851
-2.75303
-5.28347
-7.39831
5.65954
-8.01089
4.28894
-1.31449
-2.78997
-1.95020
-2.85777
-7.58722
1.06354
4.18843
5.32560
5.42380
-0.69877
1.88239
0.89416
2.24929
-3.96954
5.12128
-2.50434
2.34171
-1.41900
-4.15016
4.82913
-3.55886
2.32715
-4.29595
-3.68255
1.21166
-0.88233
-3.78201
0.78008
6.55387
3.49801
-8.22654
-3.45902
8.18919
-0.19234
5.46340
1.70335
-3.95635
-1.28797
-2.76273
-0.22594
-0.26088
-0.99172
4.35116
-1.87468
-2.66708
2.39220
0.07997
-1.19008
2.03399
2.84244
-2.92241
-2.01299
2.99589
-4.16761
5.54785
4.58467
3.77175
-1.98820
1.48978
-4.27920
-1.59025
-3.81703
7.03577
-3.99228
-3.88957
1.61197
-1.49100
-4.00025
-0.34097
1.07614
3.14685
-1.41969
1.02115
0.67945
-9.15704
-0.09126
-1.84633
4.51585
0.68281
1.38065
-6.51434
0.82690
6.81820
2.67355
6.43934
4.08314
-0.91214
-4.42160
1.99189
-1.65579
8.55789
3.17036
-7.92087
0.92604
6.13590
3.10028
-0.22979
0.91627
0.17948
-8.00828
-2.41679
4.87391
3.60162
4.97539
-6.21410
3.63897
3.83529
-1.48239
6.47191
-2.01657
-2.61834
1.90538
-1.10294
-5.73429
-0.28174
-1.51993
7.28770
-1.58238
-1.78396
0.38022
4.15278
-4.03434
-3.61224
0.74309
-0.88633
2.96857
4.49536
3.90263
4.78906
1.38360
-6.00325
-1.79302
3.93520
-3.24783
-6.87664
-2.35646
1.14198
8.27179
2.10355
2.07161
-1.28015
1.64786
-1.69018
-1.12752
2.09663
2.79469
-4.13820
-1.19207
3.85647
1.12009
0.45140
-1.44110
-4.20892
0.49060
1.48304
-1.31542
1.90601
-0.89847
-2.24072
-5.84593
-0.57167
5.75208
-4.53054
-3.36378
7.83122
-5.66155
0.46942
-1.75840
1.76144
3.25655
2.66080
0.38598
3.91567
3.88901
1.02442
1.32747
4.94674
-0.53479
1.40235
-3.60887
10.23251
5.08956
4.16415
1.57155
-0.86303
5.91122
-1.83955
2.20262
-1.65820
2.75264
3.73308
4.92132
-7.42547
3.74205
2.76022
-3.15931
-1.38680
1.74898
-3.63285
2.82434
0.62776
2.10638
-4.69268
1.63587
-1.50513
1.25191
1.08236
-1.25838
1.34985
0.61426
0.86935
4.21036
-9.98947
2.20159
0.49263
2.38198
-2.02418
-0.58520
-0.57517
-0.36234
2.30635
-1.78668
-0.41474
5.08064
-1.94541
3.17158
4.21907
0.33077
0.02540
6.73066
3.69668
0.10200
-4.26646
5.96394
-0.99357
-3.53976
1.85087
2.51493
2.61519
3.68127
-1.07950
6.09572
1.65937
4.52986
-0.46975
-2.10307
8.67286
1.33040
1.17684
-3.52041
-1.43149
3.95055
-2.59344
-4.32336
0.49058
-5.96485
3.52709
1.43429
-4.99596
-1.85363
-3.99640
1.32127
4.33647
-9.08753
3.53545
-2.71412
-0.29311
1.83113
0.01543
-0.48331
-0.87130
-1.19046
-5.75096
1.40763
4.18537
0.32065
-5.07253
-4.61350
1.34852
4.72023
4.91808
3.16522
5.84449
5.70544
-7.22283
2.49559
-2.87223
-2.66507
-1.93321
-3.83350
0.88935
-1.15161
-3.59811
7.65809
0.06686
-1.23830
-7.69981
7.76403
3.32098
5.52336
-4.78425
-1.15227
2.27379
2.76784
0.69672
-1.58470
2.93422
4.42873
9.34992
-0.54719
-5.69447
-2.39544
-5.81754
-0.07484
-3.12525
0.55737
5.51316
-5.44667
0.75627
5.47682
3.81868
1.32691
-3.75967
-1.26659
-1.71106
4.29444
-0.38554
-0.23774
0.65871
-5.28105
-0.28334
3.31716
2.62445
1.97889
-2.89598
6.75740
1.86600
2.27624
0.83320
-8.56351
3.62665
-1.24165
2.40686
-0.45492
1.80527
-4.96081
-0.56294
-0.75054
2.15777
-2.04583
5.02659
-0.83437
1.20807
0.63316
-0.14772
-3.23028
3.19403
2.87168
-3.06373
3.83567
3.46994
-2.06669
2.26326
2.68030
-1.06284
-2.44119
-1.13196
-8.85229
-2.30474
-5.70256
0.23735
-0.67208
-1.80032
-3.94585
-4.41950
1.72055
-6.53661
-2.35022
-4.37269
2.71506
4.44441
1.11799
-2.24866
4.66470
-0.62053
-1.69305
3.17972
-2.09677
2.35327
0.03076
4.36095
-2.88097
-1.44272
-6.46057
0.31441
-0.78281
-0.12134
-1.31207
-0.06090
-7.64496
-1.73915
-2.05387
0.71887
-3.47894
-5.56341
2.87372
-3.57058
-2.57554
-3.24417
-3.55713
3.23724
0.31042
-2.52823
7.45085
2.03634
3.01366
-1.08883
1.69357
-3.06961
6.06955
0.06860
0.26752
8.23046
5.77058
-3.85410
-0.93070
-2.84645
0.11820
-2.37002
-4.39211
1.64879
-7.14758
8.14378
-5.97599
5.53762
6.64514
-4.60613
11.63694
2.37049
-1.21476
4.83080
-9.79837
1.56277
-0.49915
-0.43081
-4.88023
4.07300
1.30947
1.25575
0.82703
2.77308
2.15167
-10.38164
8.65833
2.63115
3.99372
0.67674
4.99578
-2.01137
-3.30249
4.69810
-4.94183
-8.90243
-5.55418
-3.29763
-1.75670
2.48138
3.45215
5.49976
-9.14108
-8.91387
5.27788
5.61612
-1.82102
-0.23206
-1.05723
1.33354
-1.58789
-4.75794
-5.80705
-8.40020
0.99796
4.63011
4.51584
0.40562
1.22621
-4.61150
-0.58632
0.43518
-1.36727
0.51505
-1.98852
0.18405
-0.83640
-1.95755
2.44792
-0.32456
3.66942
2.87915
-0.96346
-2.00146
1.85218
0.60318
1.73183
-2.19226
2.37032
-0.77815
2.38670
0.43545
-1.89562
2.58270
2.06917
0.92597
-1.68333
3.85656
1.45506
-0.19245
-7.05798
-3.58099
0.56290
1.01083
3.64732
2.22141
3.98084
5.36946
-0.04609
-0.92004
4.37090
-0.83908
-2.07180
-1.60068
4.77336
-2.46032
0.51145
-0.45573
-0.35935
3.82909
-2.16869
8.09763
3.61689
3.10909
-5.09997
-1.68954
6.18348
4.15761
4.28720
-3.80070
1.04893
3.32388
-5.77014
-3.26280
8.34159
5.73647
-0.03974
-5.63731
-3.78439
6.04397
-2.99006
1.49870
0.25679
2.19682
-3.73299
-0.14866
-1.63264
-2.30204
2.10081
1.21728
-3.52695
4.15131
-2.48636
-2.90351
3.89008
0.51574
-5.60252
-2.19561
-8.03533
-4.11167
-5.42325
-7.49460
-3.05304
0.02389
-2.26666
4.34997
-2.13913
3.15821
-9.60301
3.27360
-5.50305
-1.80056
4.17935
1.48234
1.93394
1.07897
-0.17524
0.26087
-1.17020
-4.08500
-10.34760
1.47122
4.62796
-3.15685
7.94135
-9.44310
0.90257
3.48630
-5.12093
1.24574
0.73850
1.46620
0.12396
-2.53447
-3.30467
-3.74768
-2.14312
-5.93292
-1.75658
7.26079
-3.31343
-3.41955
3.66834
3.55487
-2.99738
1.68859
7.12835
-4.66821
6.96451
2.07882
0.47384
9.47690
1.01941
-1.54019
-4.77947
-0.37061
-3.82803
-1.83041
3.44131
-4.07660
-1.67917
0.46868
-3.92149
-5.62781
5.38053
9.57222
-1.57155
-3.59603
0.08885
1.65253
-1.88949
0.69187
2.18689
-0.60517
4.25593
-2.03524
3.46569
3.04084
-1.64105
-2.51898
1.30636
-7.79779
4.30197
-0.35275
-2.93539
-0.21413
-3.73863
-2.89184
1.14147
-1.74995
-0.84353
0.09100
3.96341
1.63450
-2.51516
-1.65011
-1.54398
1.45448
3.29206
2.47980
1.02268
-6.11945
0.11413
-0.64687
-2.35067
7.46499
1.22224
6.13193
-2.61698
-6.58102
2.06178
-1.93143
-2.45476
10.57941
1.55538
0.57782
-1.32730
2.79693
-2.77418
0.09426
-0.68426
-2.95545
-3.28835
0.83070
2.71900
-6.62232
-5.79335
-2.51705
2.96428
-0.36256
4.27639
4.25919
-2.55899
7.17102
4.18119
-2.53802
2.06865
2.51564
1.94581
-4.35107
-2.72222
4.59229
-2.54107
4.00685
-0.72368
4.44731
12.12109
-0.98885
-7.43467
0.64388
-3.59820
-0.41957
-0.09307
-6.00363
-1.53935
-2.52241
-0.21168
-1.45934
2.01030
0.99577
-5.09996
-3.82302
3.82683
3.22302
1.26215
0.62711
-1.22501
-2.87467
-2.94502
5.66246
0.77064
5.30475
-5.55078
-4.89437
4.07604
1.63055
0.85369
-0.53367
1.25252
-5.61460
0.01506
5.02293
-1.65721
1.23382
-4.06367
1.80911
-1.32380
-2.13339
-1.07358
-2.39931
3.71507
2.94684
2.82697
4.26060
-1.66083
2.53427
-4.52129
-1.49753
-0.41280
1.67877
0.85018
-5.67351
-1.32126
-1.16062
-1.22555
0.79752
-2.32294
-3.33084
3.00174
6.18190
-1.14785
-0.56296
1.53792
8.76901
-4.05216
-5.87592
6.58244
-8.41385
-3.59601
8.80928
-5.07873
-0.91895
2.25229
2.01544
3.88451
4.73442
2.60620
7.60995
-0.72649
-2.84719
-4.61091
-5.28275
4.25398
0.94338
-3.29713
-1.32850
3.12617
-4.49542
-0.57791
-3.21124
2.14058
-2.44999
9.86396
6.18940
-0.65301
2.78890
6.96333
5.60901
-1.74881
6.49900
2.06859
7.99085
0.00216
1.18835
-0.67982
-1.27767
-1.82901
7.39219
-5.01679
2.26970
5.30492
-0.24129
-2.90845
-0.50928
2.19000
0.67898
3.75806
-0.04411
1.98537
2.89417
3.49771
4.07903
0.78501
1.41172
-6.11058
-2.80376
1.37275
0.55422
3.78938
3.94868
8.92968
2.60618
-1.57808
-0.44769
-0.80568
-4.21287
0.60901
-1.60229
-6.50585
-0.51822
0.25882
-3.01368
2.16149
0.83354
-1.52045
-5.61911
0.52625
0.90031
-0.29055
4.59402
0.53242
-2.11613
0.18217
3.28419
4.38308
2.27803
-1.60825
-8.04271
1.11682
5.53201
2.38042
-5.94989
2.23992
-1.97439
-5.49547
-0.58686
-5.06541
1.87785
1.92964
5.18773
-1.98658
2.17686
-1.23002
-4.77512
-0.57991
-0.43459
-7.56306
-3.22550
0.49996
0.04308
-1.04563
2.96135
2.70228
1.21249
1.50692
-6.92075
0.25177
10.16291
5.98896
-0.05998
-2.19503
-3.01544
5.06776
-8.34473
-2.18286
1.50546
5.64206
6.47051
2.29179
-3.23280
8.19358
0.31566
2.72011
-0.51255
-4.59811
4.52733
3.48292
1.22507
-3.97460
-1.77723
-2.05763
5.42281
2.10658
2.99040
3.79517
1.61959
1.49732
0.83610
-6.18777
0.02961
-2.35793
1.54751
-1.93304
0.01292
0.40228
2.05927
-2.15380
-0.68646
-1.60227
2.67571
0.67358
-6.33198
-1.15224
6.19460
-5.59806
-0.77680
0.78717
-3.77552
-3.24932
-3.08203
4.22605
1.57121
-2.20628
-7.13569
1.12970
-3.06944
-2.24844
1.35471
-0.92593
-1.36871
-1.48021
0.66636
2.86233
-3.79716
1.50293
-2.07864
-5.17778
-5.94710
-2.85260
5.84007
2.65567
-0.28882
5.38104
-2.30680
5.67012
-0.99742
1.64647
2.78521
3.44529
6.62203
-0.90655
6.39376
6.90325
-5.54861
-7.48945
-1.77160
-4.36673
0.87681
-2.90280
-1.36686
-2.99527
-0.85952
1.26000
-1.41630
7.17315
-2.04851
2.25180
0.02487
1.69779
2.66418
-2.79223
4.09020
-4.83061
1.18762
-0.12740
-1.99437
1.04536
2.70697
0.94692
-4.51856
-1.29188
-2.51930
0.90572
2.06136
3.70343
0.83433
-5.35782
-2.47080
-3.05795
-5.68746
-4.71666
-0.51245
0.94070
-7.71690
-9.77050
-3.70910
2.43229
-1.43592
-6.22275
6.91436
0.58255
-1.84121
6.55792
-1.37394
0.17307
1.27005
5.42501
2.91050
-1.70373
-1.46174
2.57070
0.15675
-2.73139
-2.60574
-3.93247
-4.23012
-0.75399
-2.41760
2.86776
-2.93595
-5.02948
1.90493
7.99431
6.36822
-0.02411
-2.45382
-7.19703
6.57174
2.39151
-9.45257
-0.74461
3.71375
2.49286
-2.29436
2.83612
-2.25565
4.51892
1.19957
3.22012
1.29827
0.08517
3.07667
-0.26563
-0.81639
4.72426
-5.82733
-4.85086
1.08115
6.29817
-1.92181
2.25485
3.93800
4.49012
-3.22067
-2.58142
-3.47964
0.12119
0.00323
-2.42617
-6.89936
-3.66172
-1.21018
0.20771
0.71127
-3.01746
1.44882
-0.32652
-3.94508
-3.82218
1.59361
-0.77964
2.16729
3.68430
0.49641
-0.38762
-0.04753
-1.08931
-7.67131
-2.90650
-2.27065
-0.57956
-2.12761
6.56122
0.32453
3.45212
-3.67067
-6.70072
2.76134
-5.76613
3.90483
0.41630
-1.46050
-1.84883
-13.03622
-2.54167
7.83161
6.09858
-2.59179
-3.22793
0.09453
2.02052
-0.74326
2.46427
-0.59800
0.43224
-0.40063
-2.66397
1.00226
-2.91468
-4.29337
0.66548
-2.91310
2.30907
-2.68851
4.26571
-2.36091
6.00568
-2.77133
-6.12601
1.21248
-2.98297
1.99329
0.99771
-3.21464
4.31900
-6.91739
0.27173
0.01653
0.87999
7.04849
1.15664
3.41622
-6.16998
-4.06674
-2.27895
2.13889
-9.29205
3.63675
1.50935
-2.39857
-2.11454
-0.25408
4.28958
-0.86657
-2.06106
-1.55939
-2.58142
-0.17945
-6.21831
2.63607
0.05879
-1.17658
4.66908
-7.08073
6.60335
3.09796
-2.35078
-4.25927
3.97956
1.60688
-6.28844
-0.14344
2.49336
-0.87436
-6.09755
2.03266
1.60007
5.35391
1.27566
2.46644
-1.33268
-4.10375
-4.71023
10.07073
-0.26691
-0.29339
2.16309
-1.92654
-5.03808
1.44767
-2.66734
-5.28109
-8.07273
1.32785
5.55339
6.02358
6.51171
3.56231
0.12829
-3.33003
-2.79799
0.40342
1.37319
6.70062
7.97230
-4.51881
-2.90846
0.42384
-0.00780
-8.59426
-2.66421
0.70924
5.04298
-0.00154
1.37241
-6.80597
1.82078
2.76797
-2.04611
-0.34127
-8.16503
-1.14946
-1.49186
-0.57227
6.15858
-5.35982
3.72375
-2.81232
5.78896
-3.86003
-2.84216
-3.02266
-3.18543
0.67107
0.25924
-2.10993
1.11239
5.08589
11.61414
-0.70996
1.44132
-11.05143
-1.14178
0.99043
0.65127
-0.89859
1.79925
0.13604
-4.43449
1.69641
-5.14431
3.96876
-0.83329
-2.18674
3.32961
0.11426
-4.79739
0.64432
0.32236
-6.50444
1.37123
2.36871
-2.24031
-0.09881
10.24611
-1.45977
1.28648
-0.92800
-1.06896
2.43442
-8.66746
3.20228
-2.39740
-2.31047
5.73405
8.00126
1.43622
-3.06605
0.74539
1.08488
-1.30035
-0.19419
-2.61855
-0.34065
0.30676
8.32770
4.22138
-8.23093
-8.69189
0.23948
-4.88467
3.54168
-3.61776
1.02721
4.34401
4.83956
0.94260
-0.56897
2.41715
-1.79078
3.16255
-5.59076
0.84979
1.98380
-0.70052
-4.66657
6.90563
1.23477
-3.11284
4.38927
2.64439
2.90975
3.40264
0.31436
6.18045
-1.56098
0.81611
4.75955
2.09545
-2.27225
2.78075
-6.34114
-2.18022
1.68962
-0.84344
1.07965
0.33757
3.90051
2.49454
-1.68659
-4.76024
1.16751
3.73518
5.24751
-2.16470
-6.02124
2.57576
-4.15654
3.41978
5.72343
2.67216
3.71584
0.56663
-3.71506
-8.22689
-7.08366
-5.65795
0.50006
1.18264
0.69994
-6.53270
2.32706
-1.75378
4.48482
2.40345
0.48794
6.43044
5.29750
5.74185
5.21881
-1.46080
1.67416
3.28243
0.85517
-4.99748
4.06014
0.44871
1.26714
0.89103
-2.75797
-1.08516
-6.14240
0.91177
-0.34803
-5.55602
-0.82695
-3.77326
-5.57548
0.84857
0.21530
1.22563
-2.44951
3.88483
-4.25799
8.59251
4.12700
1.67534
-2.41962
-0.61280
-3.24896
-0.19758
1.93066
3.19750
-4.10690
-1.62703
3.02316
1.98894
-3.42367
0.23447
0.24400
3.07307
-1.81797
-4.36499
1.85584
3.83228
4.76550
-1.46219
4.71348
-3.40021
-1.60425
0.46646
2.28369
0.62405
4.29112
4.48524
-0.46993
-3.12065
-1.99385
-4.55155
-5.33111
-2.82052
1.92651
-1.36795
1.48463
2.41362
1.20455
-3.84300
-3.38781
0.59258
-2.17767
-1.47604
4.86605
-5.74785
-0.06602
1.44145
-2.71844
2.35282
-0.32060
1.15729
4.28354
4.36512
-1.70421
5.28228
-1.81491
4.84097
-1.26412
2.37669
-1.39613
-9.53781
-1.75388
0.26922
2.72414
6.40803
1.42165
2.89019
10.82640
2.74768
1.82817
-3.33781
-7.52884
-1.56765
1.94036
0.72823
3.30664
-5.62577
5.65816
-0.58565
-2.77147
-2.02648
-3.41782
-1.62111
-3.03917
2.91632
-0.21879
1.93727
1.36977
-3.98338
-5.84320
1.71805
-5.65730
-0.14451
-3.55349
0.23231
-0.60143
-2.88636
1.57402
-2.02159
6.07921
-0.68785
-2.70186
4.26083
0.03209
-1.20681
-7.52536
3.69689
2.05030
-1.06021
-1.20710
-4.86351
1.64451
1.91274
-2.23933
-2.24338
-0.44380
3.53798
3.35008
-8.05908
-6.64874
-2.29179
2.71492
-5.79839
-1.28619
-5.31498
-0.96577
-2.26119
2.28908
-5.63442
0.38133
2.54218
8.46545
-1.09137
4.21009
3.50904
-3.10299
1.47574
0.30302
-2.82765
0.90244
-0.34047
-3.65908
6.47193
2.73887
1.05725
3.99738
-0.03556
-0.26117
2.00267
-7.30980
-0.07231
-6.81942
0.85274
-6.28451
-1.19012
5.09984
6.50050
-2.59069
2.61986
1.20303
-1.09759
-3.12300
-1.62300
-7.56387
-1.44452
0.86984
-4.45613
0.96111
2.08420
-1.11799
0.90775
1.92490
3.77195
-2.02983
-5.59008
3.77520
-6.61957
3.42992
0.99391
-4.11096
4.71925
2.83013
-1.33093
-4.77564
-1.97754
-6.06897
2.36186
1.77723
0.06573
-0.14619
-2.90446
-2.21762
6.11586
1.56956
4.30900
0.69721
-0.77070
3.86611
-0.49567
2.82208
2.76969
-6.73989
2.50163
3.07974
1.93047
-3.85988
1.41043
2.66876
-2.88277
2.00481
-0.03407
6.19355
-2.61342
-2.66095
0.60687
-1.35905
-0.84242
1.96402
5.17583
-0.34169
0.60146
2.57005
-7.74719
-1.00925
1.70738
3.92656
-3.84518
-2.87230
-7.69557
-2.47136
-2.53627
-3.23892
-8.55476
6.97236
-2.57651
6.90129
2.28347
-3.49682
-4.50394
7.26582
0.63184
-2.53762
6.25535
-7.96126
-0.34757
2.01841
-2.66274
-12.14445
2.50884
2.57358
-5.12536
3.46791
1.65075
1.79963
-6.09362
-3.05104
3.40640
-2.05297
-0.79404
-0.34463
6.95441
-3.02538
-0.40397
-8.97214
-1.11568
-3.97989
1.88040
1.46147
0.44556
-3.42936
-5.01984
3.56977
-0.32742
-1.26786
-3.96616
0.85614
4.37752
3.26140
3.34652
-0.22992
-4.92822
-1.27067
1.59800
4.69320
-1.04880
-7.01663
4.54056
-1.87415
-0.83068
1.63038
-1.25569
4.43669
-0.76201
-1.11075
-0.29206
-2.90474
3.72754
-6.78705
-0.22887
-0.24870
2.45855
-0.25459
-2.36163
1.12428
-1.88386
-2.71766
-0.51229
-6.39506
0.87397
2.11243
-5.53015
-3.28679
4.94242
0.14150
-6.49230
-1.18549
-6.41441
-0.39734
-9.51788
-4.31774
0.82282
-1.21315
-0.38510
-1.81332
-5.22797
-1.10575
-3.34550
3.51848
6.28151
-1.20092
5.27729
-4.44074
-5.49097
-1.91218
-2.10162
-6.66333
5.21144
-3.76863
4.38445
-4.67623
-0.71311
-4.12913
-3.50375
0.65915
-1.86729
2.32280
3.14884
-2.92898
-6.77501
-1.43026
-2.60130
6.43034
-1.45747
-3.41375
1.64547
4.58858
4.72449
-5.39776
-3.06636
-0.39056
6.87427
-0.65902
3.24158
3.24948
2.76014
-0.85612
-6.69541
-5.07657
3.87637
-2.83013
-0.85704
4.20018
5.60079
2.60054
-2.44859
-0.59968
-4.29530
-7.48497
-3.46600
5.75347
-5.59207
1.16104
2.83365
2.97767
-2.91900
0.91430
3.81329
2.10981
4.45490
0.29331
3.64892
-9.70788
0.58814
7.14489
4.61150
-1.31825
-4.53278
-4.82579
-3.67956
1.59722
6.92630
1.89015
-7.44008
0.57538
-1.32908
0.98187
0.29566
4.20156
2.43197
-3.89603
-4.67414
-5.41074
-4.27807
-2.25363
2.70167
-0.44060
-6.61920
-0.72708
1.38830
0.60707
-4.73112
2.17161
-5.32663
1.41477
-2.77670
-1.91822
-6.90142
3.19130
-7.50836
-3.26554
2.07186
2.92555
-3.73627
-8.97735
-6.33463
2.71308
6.19884
-5.29141
0.45025
-7.70210
-4.23509
-4.95805
4.67606
-4.06561
-2.03672
1.43027
-0.70696
-1.39006
1.02150
-1.35892
-6.01972
-0.65466
6.10714
3.54220
-0.27563
2.92193
-1.58400
2.81885
6.62790
-7.03163
7.30575
3.03189
-2.92753
-4.60747
1.11997
7.51355
1.61180
-0.39618
-0.81153
3.49820
3.38966
-3.22632
2.21917
-2.76349
-3.33390
4.25172
-6.78099
-1.27991
-2.18322
-2.81416
-2.61922
5.21687
-5.80349
5.44358
1.58325
5.64912
6.99847
-2.35101
-6.58654
5.76947
1.93807
-8.61389
5.89600
2.17302
3.44493
-6.39818
-2.37348
5.87304
-1.04671
0.58405
2.03760
-2.17414
-10.06260
2.86446
1.50900
-1.03070
1.14761
-1.51742
0.09618
-2.02754
-0.64135
-0.04646
-11.78611
1.07082
3.01583
1.59366
-5.31087
-0.23859
3.74130
1.67027
0.67104
-1.38633
-0.23310
-0.67356
4.22098
1.13298
0.93114
3.28644
4.02031
4.55012
1.66249
5.31189
6.01069
-0.10496
7.55691
-2.75607
3.04172
-3.53899
-1.99260
1.16656
-2.38287
3.28190
2.78489
10.77025
3.84556
-1.52807
-6.88168
0.11398
-0.47181
-2.06784
-1.26190
5.25568
5.26552
-7.47636
-4.36346
-2.44907
3.22794
2.07610
-1.64612
-0.40008
-0.38409
1.50932
0.20915
2.43983
2.71807
2.57935
-0.04023
1.04918
0.65850
-1.93092
-3.76976
1.41604
-3.16777
-5.35272
2.95485
0.05940
4.60968
-5.69138
3.78816
3.52016
0.17844
-7.82399
-0.71678
-1.16859
-2.23950
-5.05788
5.87334
-0.45340
-1.33009
-2.46668
-2.17833
-0.59370
0.88092
-4.15480
-5.17478
-3.40666
-8.31058
5.85468
-6.05030
0.56706
0.58654
-0.92526
-0.21662
-0.57529
5.04817
-6.23202
0.73205
-1.15179
0.68085
-2.04206
1.62106
0.70724
0.15517
3.76262
2.07585
-1.94461
0.26200
-4.81975
-2.92858
4.66245
-0.24188
0.75890
0.16607
3.16291
2.64973
1.26376
-4.05865
-0.09352
1.50500
-0.39476
7.44760
1.16140
-2.05677
5.19944
1.45162
0.57825
0.19610
1.94174
1.10316
5.95877
-0.36391
1.99362
-4.34756
2.15014
-6.50503
0.01630
-1.46691
3.62853
6.64801
2.30770
-2.39433
-6.46548
6.54584
-3.34771
0.18241
-2.39317
-4.61788
0.88580
1.47335
-2.93023
2.22025
-3.95359
-2.68235
0.98342
-3.20575
-1.51053
8.76327
1.26116
4.75054
-3.81492
2.17295
7.09622
2.97860
-1.25593
-2.14520
1.11840
10.10935
4.22063
-6.55091
-1.41564
-0.18138
1.68499
-5.35699
-1.64888
0.01563
-2.97984
-2.08541
0.72372
-0.30071
-1.94508
0.11104
-2.70697
2.82049
-0.50385
-6.56881
8.58048
3.22118
6.75678
-0.50625
-0.85537
-0.54617
-0.93732
1.04656
-4.35740
-8.23214
-0.66968
-6.26017
-1.52647
-4.38311
-1.09895
-0.31458
-2.80423
0.82527
4.15644
2.59169
5.46717
4.40244
-3.90145
3.98500
-0.04556
0.78948
4.19085
1.49674
1.42537
-2.39691
3.51554
-0.86700
7.55697
-1.20995
0.80813
1.07884
7.46361
1.18438
-0.02897
1.61410
3.35522
5.28375
0.66336
3.61889
-2.55565
-2.69424
-1.54004
-1.90485
-3.66782
2.42976
0.33896
2.43848
-4.83977
2.33964
-2.77353
0.00832
0.74068
1.51330
-0.83464
1.07441
-2.49088
2.57233
0.33159
-7.44714
3.26047
0.19766
7.24979
5.14802
1.54010
0.76952
2.46087
1.25457
-4.92020
-3.00578
-3.82906
-2.28078
3.28502
-0.08192
-4.26081
-2.68925
1.23991
2.12712
3.70844
0.41316
-3.03125
4.70191
1.87568
-4.69875
-1.51549
6.02727
-0.65410
-2.55803
0.37627
-4.70877
-2.90540
-1.49834
0.79092
7.97491
2.09393
2.79393
-0.90483
-5.47318
6.57225
0.42992
7.65144
-10.85999
1.23429
2.00559
0.22750
-0.26478
5.53680
-2.51280
-0.68367
-0.24434
-0.91495
4.41828
-1.20795
7.73751
0.54975
-0.67553
2.50744
5.42415
-5.19415
4.48734
0.04476
2.79516
-4.80564
2.46442
-5.23855
-2.98873
-2.68182
4.57229
-2.18464
-10.62145
-3.11590
-0.28236
-5.48888
-0.24797
2.98264
-0.05298
2.46620
-1.41236
-0.56812
-0.90148
-4.09573
-1.52399
-8.06694
1.69210
-3.19273
-6.70876
5.32409
-2.07413
1.21749
-6.61410
-2.04036
-0.13397
7.59371
-3.00022
-2.46879
-6.46529
-6.42264
2.55668
3.82666
-0.12698
-1.30634
-2.64769
-1.46526
2.99630
-4.42273
5.28581
-4.22784
-3.27357
-0.57073
0.43373
5.26991
-1.99646
-0.54473
-4.38544
1.98404
2.03680
1.29369
-2.21794
-0.33586
0.11710
-4.58433
-1.03599
-2.77216
-4.75557
2.26730
-0.31891
-2.25368
-5.88840
-3.87208
-4.88486
-0.33404
2.02043
2.24176
1.62129
-1.70112
4.40096
-7.40346
0.45479
1.48606
0.19363
-3.69049
5.26757
-2.65222
-1.46802
-7.64808
3.01436
-2.99858
-0.71722
0.61391
8.67645
6.63549
7.91322
-5.90444
-2.68886
-4.58356
-4.35577
0.80380
-5.63827
-1.84404
-1.71780
1.73920
-0.60456
0.10530
8.05115
0.61235
6.18211
6.08967
3.38661
-7.15428
-1.91159
7.09966
2.66060
-4.22498
-1.91686
0.10893
6.09440
-4.14890
-1.30762
1.59191
-0.87599
-5.47804
4.78111
4.70284
-1.02935
-0.05052
-5.52024
1.15706
-0.07065
-6.23628
3.12651
0.56935
-4.97798
0.30717
3.44541
0.04177
7.31875
-0.21741
1.62791
-6.33013
-5.64467
1.95058
1.10464
0.23690
10.13243
-4.42107
-4.03408
-0.37618
-1.98036
1.08498
0.05321
-0.91172
0.05573
-5.33543
4.40991
-4.32063
-5.06478
2.81899
-3.43762
1.31051
-4.59513
-5.38150
6.66600
1.50264
-6.29917
0.31858
-3.48015
-3.23146
0.93772
12.18986
7.15901
4.37784
1.67488
4.96641
-5.76628
-2.16042
3.95467
4.51518
3.09316
-5.86962
4.33247
4.95400
2.98623
-1.37830
-1.75983
-1.50578
-6.74974
-1.99562
-2.10741
1.75534
0.77309
5.00672
2.44466
1.71681
-0.85642
-7.24733
6.69413
-4.44469
3.03510
-0.02331
-1.06597
5.95471
6.29166
5.36541
4.03451
6.79849
-1.97159
-2.44014
2.72975
3.41382
1.75929
-2.69611
0.47486
7.19100
-4.62607
-8.09956
1.99908
0.68563
0.10528
2.28320
0.82606
-4.46382
-2.08421
-3.10061
1.06226
-1.01846
1.90275
0.08189
-1.87558
-3.89842
-1.82899
2.88505
-0.95155
-3.53540
3.83837
1.38552
-3.32560
0.18324
1.87187
-4.12962
0.73531
2.33224
-2.58407
-3.24159
8.97091
-2.14218
1.01816
2.83272
4.38282
-1.86538
-8.10055
0.09967
4.18986
4.14925
1.29637
-3.63323
-0.96226
-5.11116
-2.72557
0.21888
1.76591
0.62430
8.78788
3.42588
2.97798
-5.60185
8.68685
-8.14609
5.60920
2.95536
5.83312
5.07938
-2.60937
-2.73608
3.83581
-1.54343
4.01433
3.30995
1.12648
-3.15018
3.81831
4.59202
2.10233
-1.50445
0.75207
0.78078
-3.82518
1.30781
-2.66164
1.55418
-4.57492
10.76620
6.51162
4.57575
2.36044
-2.92622
-2.40024
-0.23703
1.85328
0.93370
-3.00724
0.87884
-1.57359
0.75760
-3.59328
-4.31193
-6.49471
-6.48789
-2.90597
-2.23605
5.73111
0.20013
-3.31111
2.46697
-4.24897
-2.63926
3.08268
-0.23037
0.02623
-4.72735
0.49066
4.74533
-1.50788
1.13971
-9.14332
1.86425
-3.34472
1.71370
1.86194
-1.86715
-1.55903
3.86909
-4.14668
-1.40761
-0.27903
-1.81779
3.27728
-3.30458
-5.44974
0.75942
1.62777
-9.65795
1.23173
-2.44547
6.04581
0.92150
1.98547
2.93040
0.33362
0.04881
-1.86289
-0.27361
-2.41969
0.92829
-3.48523
-3.89048
-2.99079
1.95506
-0.97366
2.75596
1.80925
-0.52203
-8.16201
1.12258
3.74357
0.06865
2.65730
1.20525
4.44244
3.59792
1.08543
2.08743
-7.47610
-4.25896
-0.24991
0.54929
-1.30251
0.86191
-0.52092
-2.77652
2.70526
-2.52156
-4.82094
-1.39013
-4.71862
7.51081
2.21405
4.12780
4.21876
1.00752
2.50577
-0.26730
1.59164
2.35386
2.64880
-3.43619
-1.43737
-8.87603
0.82431
-2.94175
0.01008
-2.07930
-5.00405
0.87738
0.20108
-4.30091
6.76064
0.20070
0.17232
3.49313
6.03120
-3.18547
-1.08552
5.03921
-0.94169
-6.49528
-0.66298
-6.71647
2.18004
-0.33574
-0.67820
1.00104
-1.46625
-2.14842
-5.77502
-4.18902
-7.73951
-8.89049
-1.33910
-1.84419
2.18427
2.17125
-1.40589
-2.39741
2.56139
-8.03747
9.19493
0.78201
-4.03035
-2.74637
-6.33929
2.45699
-4.54045
4.39371
1.94751
1.33468
1.18570
0.79774
-2.84209
-1.88784
-1.07249
-0.02453
-1.39062
-5.50262
-4.99379
2.34144
-6.86065
1.63385
-0.65618
-1.94879
-7.60495
3.46395
0.45272
1.44884
3.64989
-6.09357
-3.83545
-2.82193
-1.64428
3.48953
2.12091
4.15173
-3.14556
-1.71399
6.48005
-1.11296
3.38188
-7.12052
-1.64349
4.55864
5.38712
-4.10085
1.95198
-3.40536
-2.88994
4.54067
0.22130
-2.58942
2.69318
-2.32185
4.44673
4.01844
-5.71288
-0.81348
-3.87144
2.53668
-2.62065
0.59438
-1.81157
-6.44236
8.27908
4.84080
-2.62156
-0.95050
-1.42034
0.71007
-2.14574
-3.65490
-3.32298
-8.26556
-1.30935
-0.22641
2.40061
-3.54565
-1.45345
-4.59286
-3.05200
6.19222
-4.12350
8.63385
-1.12223
-2.74345
1.80859
6.60091
-2.51082
1.44156
4.53439
1.12366
1.04721
-0.60390
-0.99731
-1.51634
-3.59658
4.61217
0.69951
-4.70155
5.46660
0.85396
-3.64128
3.05198
-0.97195
-3.01692
4.03960
9.47417
-1.25732
5.07147
5.55434
-6.17781
-3.71982
-2.87377
-0.34660
-6.46986
-4.90850
1.93662
-8.47381
-2.01109
-5.60004
-1.80339
-4.22774
5.01614
-1.96697
-3.46130
0.97042
-5.10436
4.75953
-3.40867
-3.77108
-2.12582
7.86011
-1.97229
0.76681
-1.91354
7.41430
-5.22708
-1.26216
-1.34705
1.15728
-0.80400
-3.79247
-0.19409
0.73151
-1.58240
5.13393
11.75462
4.34740
3.86605
1.89735
-1.45765
-5.98674
-1.65327
0.57940
1.16620
-2.90768
-1.77599
-0.14162
0.51015
1.87356
-7.54770
-0.27078
7.88340
-0.52221
-2.41034
-2.04818
-2.24085
4.65636
3.10877
3.46243
0.12292
-1.77542
-0.94289
-9.00242
-4.83479
-3.31190
-0.89312
-6.82256
1.11994
4.51871
-2.32824
-1.26237
-5.06641
-2.47740
-2.89951
1.22308
-2.11310
-1.90063
0.81835
0.92208
2.23966
2.49601
10.00817
4.94600
-2.83451
-4.47868
-4.06537
-0.74158
0.58780
2.57218
-4.91574
6.20130
-0.66449
8.41406
-3.25230
-4.28213
0.46786
4.90673
2.24428
3.29862
-3.32287
3.53142
0.08204
1.16252
-7.28481
-1.21341
-4.69342
3.02776
-8.59643
-0.14446
2.52496
-5.27200
-1.55129
-4.97913
2.28835
-1.18570
2.25855
-7.71701
-2.19639
-4.08594
-7.95904
1.19077
-2.03074
-0.28313
-3.69714
-6.34085
-8.28605
0.66294
3.15878
-1.28818
3.08489
-2.98726
-5.41989
-7.72778
-6.56228
-5.67783
2.12486
-2.57893
4.84829
-0.95246
-5.97971
3.15253
-0.41692
-1.15551
4.86742
-5.20898
3.60283
4.40898
-5.79616
-0.74302
-2.29600
2.25271
2.63574
-3.44303
-3.19652
-1.02712
1.31596
10.49428
5.50860
-4.75348
-9.20389
-0.22440
1.19199
-1.45170
-0.08708
0.51654
-0.89187
-3.22900
-0.95806
-3.85883
-3.90542
-0.09878
1.23010
1.59388
1.91520
3.14586
-7.56274
2.24152
0.11923
-10.33534
3.48053
-4.06858
-0.24546
-4.22161
0.32870
3.14786
-1.02503
-1.62891
-0.57180
1.90211
1.58548
2.53661
1.87632
1.77259
3.98834
-3.67106
-6.92756
0.67100
-1.76122
0.09236
2.06412
-1.42604
-2.69583
2.27460
1.14205
-5.78015
1.52111
-3.74522
-3.83117
0.92304
-3.68019
8.60450
3.54269
-0.46344
-6.34633
1.95493
-6.05607
5.93930
0.36073
-2.85348
7.41623
-3.34721
-0.65494
0.02289
1.95924
4.48018
-1.33513
-7.67350
-0.35055
5.77922
-0.43616
3.85831
3.47069
2.45595
1.32049
7.44971
1.41535
8.40954
2.17106
0.11352
-5.83860
-0.08710
-13.14137
0.74449
-0.98789
6.42740
-3.42416
1.01177
0.95766
-1.28905
-0.29462
3.17224
1.47670
1.06758
-2.24011
9.26231
-0.97863
4.57069
2.68643
-1.59615
8.19177
6.40186
4.57383
-1.69090
1.25139
1.71663
3.14399
-0.55017
5.53700
-0.68218
-0.57808
-7.90066
-2.19666
-3.02455
1.51905
-0.76322
9.44378
1.77882
5.14006
1.67575
-1.77775
0.50690
0.21577
-3.25235
1.37658
4.95597
-4.98877
3.88124
-1.49944
5.09652
1.32683
1.59546
-0.40558
-2.00939
1.06730
6.68476
-0.33382
1.74610
-0.80175
-0.32971
1.40335
-4.58454
0.42128
2.33780
-2.59490
9.13392
3.82082
-2.42708
2.21973
-0.71461
-0.95270
2.31297
2.38277
-4.70064
1.97023
-3.75277
7.36366
-0.91026
-2.94452
-3.91682
-3.39162
-5.45787
4.48003
-2.08735
2.05037
5.57980
1.31209
-0.64056
-6.14397
-2.23527
-1.40419
-1.84675
2.33053
4.49022
-2.14988
-1.98661
1.80959
-0.05908
-0.78830
3.26783
5.42207
4.86815
-1.99000
-0.14238
-1.43293
-0.15037
2.92360
-1.90330
-5.19080
-3.52441
0.33999
-2.26406
4.64974
-0.18472
2.07440
3.83712
-2.72221
4.32738
-2.36596
-1.79661
-3.20032
-1.10784
-2.34185
7.34601
0.74569
5.50744
-3.92517
3.95976
-6.70096
-0.84797
3.02360
-1.00416
1.12747
-0.73981
0.94327
-4.10534
0.40503
-1.99767
4.41573
0.42372
2.42183
-1.71027
0.68910
5.81741
-5.02514
0.30541
-3.34265
0.31516
3.46972
1.84159
-4.64736
-1.76070
2.00009
-0.66554
-0.41339
11.45815
1.14675
-8.63961
-2.54960
-0.17826
-0.53208
1.27896
-2.86171
-5.95210
-1.71110
-1.68206
1.27119
2.12370
2.73997
0.46498
-4.15618
3.33520
-0.83209
0.86587
4.65394
4.50096
-4.46349
0.50265
-2.02170
-1.90953
-1.29811
-0.65306
-8.96198
1.94137
2.14028
1.65626
-6.42393
1.27333
3.80367
-9.85432
6.89850
-4.14477
6.76843
-3.53826
0.78561
4.12042
-4.86032
8.88257
-4.19844
-1.80514
-7.74498
2.99412
6.28549
13.38862
-5.83532
-3.07855
-2.55893
-3.85739
-3.69197
0.80033
5.33814
5.15117
-0.81020
-2.74769
-4.21612
5.74213
2.15064
3.21106
-4.04639
1.30492
5.07926
-7.71254
-3.24815
3.63479
-6.57692
2.08665
-7.06009
2.72859
3.32218
-5.94101
7.89437
2.30436
1.60006
-4.00534
2.33913
-4.12561
1.05583
-1.69148
-3.28522
-1.22295
-1.54264
-2.69651
-0.26969
-1.96734
3.48089
0.05445
-3.95487
-3.14361
1.49041
9.04356
-1.17644
-0.53429
0.94872
-0.77412
4.40883
-1.07814
-2.91040
-2.76095
-0.97500
-0.13767
-0.08332
1.19480
-0.11851
3.56804
-4.66402
-3.64982
0.68599
-0.35204
-1.70317
-6.25477
-4.66396
-0.37461
3.60134
3.95693
4.11376
-2.91785
1.69524
0.88322
-1.74331
-0.00931
-0.62651
-4.66222
1.38306
2.15810
-0.77356
-0.02232
-0.65322
7.13386
-4.68271
1.00320
3.15189
-1.67506
-0.03421
-2.08466
4.49770
4.55739
-3.51984
-0.28597
-3.92918
-2.13525
1.87033
-2.36895
2.53407
-0.16334
-6.60318
0.03050
5.80811
-3.77974
-4.16121
2.85380
-3.25002
2.93698
2.15854
-1.67745
2.25409
5.11605
1.89067
-2.93492
3.66106
-0.24133
-0.93690
5.77465
2.16037
1.48933
-2.47765
4.43248
3.28109
3.11984
2.33771
-6.01166
-1.61154
-0.01226
0.87394
-0.03254
-0.21533
-3.13376
6.83200
1.98655
4.99314
-2.69018
7.10444
-4.33805
0.53798
-1.06756
1.49069
-6.46980
3.48285
12.30298
3.30582
-0.15595
4.33090
-2.45386
6.27370
2.56042
5.88606
2.07478
-0.71195
5.55061
-3.16003
-2.20547
-2.04515
-3.73761
-0.43287
-0.56452
4.72046
-3.01645
-2.96953
-3.81547
13.04012
4.07150
-2.59152
-5.28559
2.21144
-0.75873
-0.55558
-1.00496
5.84010
-0.03968
-1.07542
-1.17192
3.39227
4.79964
2.68101
5.10128
-5.60851
-6.48742
1.47593
5.43456
-3.01144
3.12515
4.35105
2.92662
-1.13022
2.84147
5.03886
-5.29826
3.25852
-5.42321
1.74921
-2.33469
2.20171
-2.71270
0.95047
-0.15517
2.14905
-2.08658
-0.82567
5.78940
2.54831
-2.07126
-1.11168
1.62697
-3.68603
2.65112
-2.41023
3.36982
6.17262
7.21136
5.34526
-7.93764
-5.22590
4.23117
2.36314
-9.72216
-4.98952
4.74094
-3.15491
-3.03228
0.99910
1.85836
2.67557
0.40384
8.90534
-3.38785
-2.14113
-1.27369
2.59455
0.66591
4.95590
-4.19064
2.72009
-1.75567
0.06013
0.26420
3.54556
0.31443
-1.45840
0.54754
2.68209
-5.47956
0.95083
-3.73591
5.12011
-3.03329
2.04782
6.85393
1.56309
0.18435
2.69413
-2.26204
-5.90723
0.70251
3.77535
3.49107
-3.87495
4.94372
2.47546
-6.04995
-8.01885
-3.02694
3.09163
-0.58348
2.30637
1.29518
-1.31228
1.06842
1.57871
-5.87309
1.04504
0.84048
-3.44605
2.07367
0.23665
-5.75678
4.01444
1.21862
-4.51993
-4.04577
-0.52236
5.01880
5.11521
7.29682
-4.55481
-0.28674
8.39531
-3.65818
3.35682
-3.17628
3.45003
-6.11217
-1.00708
-2.39231
-4.51440
4.90497
4.01686
3.75579
1.06685
-5.35446
0.94514
11.06162
-8.20632
-2.79852
-5.09683
2.29008
3.59603
5.29843
-4.98811
3.77409
2.40321
3.17693
-1.22082
0.98006
-2.90809
1.79690
-1.61949
1.24796
-1.56788
-0.05156
-2.76280
-0.69946
-0.66371
-5.60004
1.41560
-4.55826
0.17925
-6.15876
3.07577
-1.30079
0.96086
-0.39566
2.28418
-4.66441
-2.74304
-0.79544
6.30175
3.41693
2.26987
8.27463
-2.02851
-1.22332
-6.31327
-1.97485
-1.69708
4.04133
1.73931
-0.79436
5.79218
-2.32500
-6.21668
-0.05039
-3.55938
1.09901
-4.65816
3.60490
4.11808
-9.12839
2.78634
-0.79188
0.51954
8.70316
-7.67065
-5.67202
-5.70139
6.21130
-2.99106
1.06698
0.18942
-1.52579
0.85171
-1.39686
-1.46739
1.91727
1.78392
-0.58237
-8.16154
-3.02039
-3.25563
1.61056
-2.53196
-3.25008
-5.81974
0.87115
-1.43627
1.26196
0.37063
-1.50661
0.35433
-3.95025
-5.98168
-2.16137
0.50381
-3.48980
-2.59490
-0.87240
-2.83936
0.60439
-9.07837
2.02243
-5.86901
3.50415
1.96828
-3.21715
3.73033
-1.12200
9.73003
-2.73674
-1.52323
6.18380
7.08383
0.26808
1.22752
1.85009
1.77076
-4.40507
-0.98425
-3.87344
-2.60920
9.65570
-2.11958
-2.51808
-0.63997
-2.25916
2.53555
6.20498
4.44583
2.18248
-6.41373
8.44390
-1.10088
-3.65109
4.22589
-1.79294
-0.30908
5.91602
0.41910
-1.21211
-1.18134
1.31928
-4.41679
-3.38278
-7.75475
-1.07965
-2.76487
4.29354
-0.71735
-2.34513
4.07264
-0.55125
4.50637
0.83982
-0.64016
-2.57223
-5.28953
2.84310
-4.57381
-3.73589
2.61930
-4.82084
-4.33382
-0.55928
2.86712
-0.02830
-7.51424
-3.77075
4.85343
-3.87207
1.76521
-1.62194
0.89362
4.03895
-5.23787
-7.44976
-5.04101
5.56963
5.69624
1.07579
-0.20254
-7.47641
4.12094
-2.94907
5.41161
-0.65699
2.32641
-1.87334
-2.33365
-1.68780
2.73260
4.17829
1.87556
-4.12677
-7.28829
1.69876
2.28172
-1.99335
0.63637
0.69811
4.25910
7.64179
5.32559
5.91118
-2.45220
2.66647
0.76225
3.18009
-5.93851
4.78606
2.38286
5.12429
0.57918
-3.41589
4.18590
-1.42338
2.17920
-9.17364
-1.88837
-6.98805
1.19056
-0.68801
-5.34400
2.31590
0.30536
-2.75823
4.01709
1.16082
-1.48230
10.69150
0.51311
-3.64962
1.08174
1.21880
-2.55507
1.84725
-4.67115
0.45258
-3.13511
0.84531
-1.01128
1.56652
5.92345
-3.39996
1.92230
1.12579
4.08698
5.86410
3.16322
-0.77869
-3.63838
1.50190
4.31466
-1.55513
2.55011
-0.62578
5.15770
3.14683
-5.21719
-2.13089
4.18862
-0.78283
-4.50192
0.82027
1.94291
0.45449
4.41152
-3.24624
2.50474
-3.27336
-3.97111
1.78459
-1.01659
-5.26101
1.10963
4.34652
3.60896
-2.40254
-3.14826
-8.16299
-0.21997
3.32130
-3.43510
3.97976
3.62074
0.85661
5.93291
-8.58757
3.25353
8.36646
-0.40818
2.98984
9.19307
3.80202
3.80086
7.16096
2.98445
1.25741
2.30474
0.48073
5.16163
-0.42091
0.31151
5.38298
5.46146
1.23408
-3.86939
-1.39384
6.78359
-4.29726
1.89108
-1.83798
-1.86308
4.71129
1.46140
4.25234
-1.53322
-7.18484
1.55933
3.65804
-0.94386
6.58604
-1.67386
-2.34355
-2.20784
2.54271
-0.79768
4.94838
1.59360
1.68244
5.92543
4.21087
-6.52580
2.97944
1.39180
-0.45598
-1.04218
-4.10648
3.61236
0.79037
6.83908
-2.63480
-3.62285
-0.99704
6.92942
0.68798
-2.38388
8.78667
-3.72710
-0.48158
3.43010
2.56513
-0.11473
-6.96206
-4.43148
5.14200
4.29669
1.88994
1.75054
-3.49939
2.35344
0.64392
2.70972
6.05423
0.35932
2.50105
-3.49085
-5.10485
2.95557
2.08092
2.50011
-0.98913
-2.41124
-0.62608
-2.58658
3.71772
-0.50620
-1.15642
3.46365
6.21322
0.56054
-7.67149
1.11221
1.35368
0.08675
-1.83528
1.40939
-4.92061
-1.33492
3.22479
4.56492
0.17203
-2.41382
-7.41929
-1.08488
-1.82444
0.61770
4.80070
-1.01310
4.48388
7.34585
-2.69110
2.18514
5.54709
2.37841
-2.48125
-5.91290
2.83076
3.24036
-5.18688
2.62659
3.03439
-6.71799
4.35928
-3.99310
-2.38749
2.81736
-2.06403
5.28964
3.64686
1.60957
-9.09147
-1.26822
-1.44723
-2.36025
5.37507
-0.67838
1.36334
4.43986
-3.64297
2.32944
-2.75796
-3.59215
0.12855
-3.98818
-2.55041
-1.64820
1.21265
-5.69532
-1.60855
3.87722
1.04698
-0.86957
3.25177
3.25508
-5.48643
-9.93445
1.95731
-3.76408
-7.28948
-3.43073
-1.13438
2.02586
-4.14294
8.73507
0.52183
0.33727
-2.12267
-4.06331
-1.36589
-3.24059
-4.02571
0.62514
-6.21694
-4.59921
-8.08364
-7.48587
6.91133
5.78320
1.52404
-1.59952
-0.97726
3.10260
0.06597
2.70392
-4.72857
3.83168
0.36971
0.59501
4.59582
5.25809
9.99118
0.87445
5.41105
-3.68560
3.66816
1.36584
-2.95160
-8.71813
-1.16480
8.44061
-4.08259
0.22296
4.06724
-4.21837
4.82517
5.39664
3.46097
8.17213
-6.32246
-2.38678
-0.03806
-4.02559
0.09266
-8.47750
-2.67218
-4.32070
-5.76463
1.81113
-4.06480
-1.67389
3.66878
1.64752
-7.20975
-7.69246
-3.02878
-4.45979
1.04398
0.80492
-6.15240
-0.65134
0.10927
0.66900
2.98187
-1.19814
-1.74676
-7.79994
5.13631
-1.32949
-10.00582
1.85404
0.15147
-4.87810
-3.64679
4.70418
-3.66328
-3.72023
-6.42794
0.03544
2.97307
3.53763
-6.03118
-4.00150
4.45067
1.72738
-0.15098
-0.74152
2.17404
-1.64542
3.50974
-0.75351
1.55637
1.89241
2.52478
-4.86257
0.78361
-4.69177
1.63111
-2.97903
-0.43659
-3.29505
-2.77578
0.57006
-0.69178
3.12307
1.11491
1.98300
-1.16341
0.16406
-0.62688
7.14838
-3.06599
-0.64262
-1.04019
2.25606
8.37115
3.63229
-2.16290
-6.16753
-2.42751
3.41567
-11.96877
4.62917
2.72855
1.97252
-1.36509
-1.15626
-2.40290
-9.26054
3.74429
-1.80194
0.79746
-2.90355
6.42913
-2.45907
-5.33414
0.70544
1.46445
-3.22063
-9.89557
2.80170
-2.32913
3.39919
5.36017
2.62998
0.67121
5.57746
5.11959
-4.61172
4.06029
5.36207
-4.59806
5.30993
3.91782
-2.50441
-6.78715
-0.39013
6.69641
1.81049
2.98648
0.45475
-4.90003
-4.40210
0.48331
-5.51460
-3.31107
2.63456
-2.74836
1.08351
1.49435
4.04560
4.16919
-2.74048
-3.21982
-0.60504
-9.02450
1.41956
-4.40692
-0.11233
1.96293
0.46515
-9.04030
-2.30144
1.95700
1.02847
-0.46002
7.31615
-2.56043
-1.54451
-0.60665
1.87798
1.11719
0.11106
0.56516
0.86227
-1.51844
-6.69640
4.61598
-1.57108
4.57544
9.80993
2.59848
8.21511
-3.83748
10.59205
0.62450
4.77021
-2.18168
-1.48432
-0.40220
-2.41572
10.63796
2.38751
2.31952
-3.49752
1.35552
0.69032
-9.43885
-1.19115
0.31929
-1.01460
5.77707
7.64888
-5.83541
-0.18611
6.55236
0.73546
-8.68154
2.56759
2.72827
-0.15420
-0.66010
-0.32002
1.15558
0.61235
-1.66621
0.06198
5.47168
1.77797
-5.16717
-5.61061
-3.44082
2.03150
1.51983
-2.36439
-9.09592
-1.94486
3.98320
-1.32313
-1.24596
2.60489
2.88483
0.86902
4.81790
5.48789
-3.49117
-7.57924
-3.35919
3.44821
-2.31699
-1.90753
-3.36330
-3.91438
0.63016
2.61502
-2.16869
-1.88222
-7.10281
-6.54836
3.42062
2.60305
-11.35030
1.95946
2.77113
0.48143
-1.32317
-3.90703
0.41227
3.85282
-0.33479
-2.23272
0.88093
1.99198
-4.08703
1.32665
-0.32254
0.96222
-6.79722
-0.39118
-0.22245
-7.17008
-3.25496
-2.37022
0.46494
-6.64518
-0.13404
-6.38036
1.24406
1.53024
-1.02806
8.38511
-1.61213
-2.05806
2.82362
-2.91366
6.88330
1.81655
-0.39664
-9.35371
-0.67192
5.78773
9.00894
-2.68429
-1.94205
-2.46032
-1.54080
1.69008
-4.70691
-8.98800
-1.25898
0.26310
-0.16320
-1.17932
-3.66314
-2.85861
-1.39826
-5.37515
-4.46862
3.86250
8.33770
-0.05972
-5.79561
-13.12050
2.71959
6.34547
0.79440
3.20482
1.56593
-2.93978
1.64897
-2.80150
-5.19887
-1.53098
3.11667
3.86971
-0.16081
-1.53999
-0.76174
3.82886
-4.56277
1.75947
-2.28204
4.86982
-8.46059
-2.67621
-0.95102
4.31582
0.28675
-1.24479
0.96217
-5.14424
-3.73715
2.72752
3.01219
1.74950
-4.01600
0.93966
0.81277
-2.62689
0.05177
-12.06706
-4.09562
-2.53695
-0.36266
0.99323
5.21280
9.52495
-0.39999
-2.44746
-3.41461
-2.15696
2.20750
4.05815
3.57805
-2.44649
4.33319
1.04010
1.68467
-3.30614
-2.99424
-9.51339
-1.24963
-3.39871
1.54873
-1.53843
-5.30670
6.25063
-4.18947
-1.65772
2.97270
-0.21984
1.36938
-0.20310
-1.50594
1.32845
-2.09859
6.21335
-5.34121
1.36995
0.91379
-2.72296
-2.06998
1.75567
-4.66867
3.57579
-5.38620
2.88484
-4.62603
-1.68104
-1.25386
1.46448
6.53559
-1.41979
2.30328
3.23702
1.65197
1.91579
4.56449
-0.37773
2.87374
-5.36314
-2.94637
-3.70981
-3.43531
0.04022
-2.31871
2.55974
-1.09000
-0.98547
-4.60123
-1.35656
3.77445
0.16892
5.66992
-4.56491
-1.74686
5.41895
-4.60474
3.76870
1.01738
7.20246
1.83190
-1.95523
-0.59044
-6.10077
2.81586
0.28630
-0.76279
-4.71594
3.09909
5.77269
-4.54005
-0.89968
3.19430
-1.08779
0.34571
-2.80622
-0.10063
-2.82847
2.27760
-0.89083
-0.57176
-3.25892
4.38800
6.64623
2.84947
10.31494
4.62586
6.38979
-1.58041
-3.41752
-6.13262
2.10520
2.60477
0.33391
3.31907
-4.65361
2.62408
-0.49631
-2.91255
-3.29149
0.72777
1.89451
-4.79072
-1.84156
4.62113
1.92480
-6.66227
-5.46629
7.39516
0.91897
-0.80966
3.52129
-2.82886
5.01751
2.04644
-2.07579
-2.79501
0.22325
3.73196
4.19789
5.31176
0.35441
-0.82754
-0.51281
-4.76732
2.93780
-3.26851
-0.81338
-2.34144
-0.05175
-1.10377
-0.83687
4.89403
0.23363
-0.41885
-0.18908
2.42521
0.42742
3.75300
-1.18688
-4.66949
-2.03789
-2.89354
2.33220
-1.59387
-5.68063
-2.02538
-2.70712
5.89625
0.88341
-2.13110
-0.19793
-4.49475
-2.19793
0.41709
-5.38479
-2.92468
2.80971
-5.04611
5.47196
-0.45885
-4.86951
-2.05543
-6.50710
-6.13292
2.09605
-6.23625
-2.54685
-2.45312
-0.71336
5.43233
1.84712
-0.93166
6.77236
0.95775
0.37636
-0.54609
4.41545
4.35933
0.08163
5.50663
-4.01927
-1.86446
-3.51960
-3.54254
-6.20438
-2.44645
-1.17152
-0.50423
-1.46002
4.62794
1.08885
-1.65721
4.01203
5.27640
-0.58412
1.40845
-2.62088
-4.76153
3.27773
-0.15089
-1.99538
-5.42582
0.05206
2.19926
7.03860
-4.76214
-0.91240
2.35422
-1.44381
4.10937
-0.18340
0.57545
8.35580
-0.13178
-3.83732
0.94144
-1.83923
-7.27937
1.00803
1.24939
1.34341
1.52723
3.47135
0.38942
0.30757
-4.57762
-1.23695
-2.81134
-1.25723
0.18897
2.26741
-5.29013
-2.24971
4.01056
4.13597
4.39147
-1.77145
-1.63097
3.63180
-8.30945
-5.89685
-1.56791
4.10269
2.22156
-1.28083
-3.70911
0.57344
1.11146
4.24004
6.02619
-6.27383
-3.30042
3.85280
-2.37616
2.75661
-3.84356
0.81787
1.39326
-0.63024
-1.04215
-3.77287
3.90484
3.70537
-7.18957
-2.85569
-1.80093
0.11943
3.24801
-2.79503
0.74882
0.95613
-2.48303
-2.13664
8.49931
-3.16804
4.95134
-5.79905
-1.60963
4.07399
-2.22274
3.78442
1.67416
-4.68414
2.94049
-4.52154
-3.22908
-1.32019
-1.86228
-0.77429
4.14496
-5.53694
-2.71689
3.63799
2.32038
-4.46336
-6.57996
-1.54321
-2.90688
-4.25245
1.21556
-1.02905
6.71811
-2.32083
5.66696
3.99423
0.08724
-2.81826
-11.24363
0.21341
-4.19304
-0.67577
2.41898
1.32371
-2.99726
-0.20000
2.35729
-2.51075
-6.55740
-1.05899
5.73862
-0.21063
0.11420
4.34385
-0.64859
0.84651
3.94016
2.45309
2.06042
4.42238
9.60252
-3.93265
4.70810
2.13824
2.26831
-0.36691
-1.72581
7.51188
0.12004
-2.58400
-0.55863
1.78871
-2.10216
3.38756
3.59841
-2.59669
-8.22265
-0.41963
0.90424
1.14843
1.68870
-1.35628
-0.42039
2.46716
-4.04935
3.33537
2.57502
4.89171
0.99372
1.31226
0.04355
-6.15975
6.92463
3.44305
7.25067
5.96644
-7.61994
6.11658
-2.36728
3.00495
0.99181
-2.77353
0.76585
-6.73363
1.94369
11.77049
4.77714
-2.98245
-2.17273
-1.19987
9.64694
-0.70495
1.97868
-3.79162
0.48370
5.07603
8.85358
-3.81590
-3.61445
-3.32306
-0.10518
1.58544
-1.20220
-8.24146
-5.38174
-6.22965
-3.29999
-6.46079
5.63564
-0.60629
2.79009
0.30079
2.34086
-4.15487
-4.85405
-8.55452
-3.94032
-3.59311
0.68432
1.08480
6.83443
2.12818
-9.29180
3.02527
1.18578
0.83346
-3.12490
-7.62396
2.00642
-1.40989
-2.52123
2.66186
-1.87402
-2.99265
4.40859
-8.79280
-0.79485
-0.03549
0.76549
-4.78842
5.70073
3.81291
-0.44901
3.14228
-2.68931
7.40583
-2.20101
-9.62198
-1.56387
-1.21028
-1.34787
-4.68997
-0.53613
6.40534
-2.26033
-5.95846
1.24698
3.11053
3.03902
-2.32139
1.08072
-6.77897
-4.17044
5.19303
0.97417
1.18310
-3.12390
-1.56589
5.09725
-3.93686
-2.16105
-2.40263
-4.11036
-10.03700
-1.45623
-2.77759
3.36454
-3.90019
-0.71932
-0.42796
-11.25838
-6.43006
-1.11783
-2.43527
4.62564
-6.43002
2.51374
-0.40685
2.89971
5.99721
-5.40579
2.78616
0.30883
-3.69190
-3.63533
2.30025
-5.52006
3.50676
-3.38640
0.24509
-2.11214
1.75882
2.71543
3.60326
0.85381
3.03893
4.31361
-0.91616
1.44416
12.76769
-2.58246
-4.44260
-4.37532
-4.97987
-8.98558
3.26287
-1.21438
1.46909
2.38436
0.09321
-6.37328
4.29353
-2.91986
1.03421
4.23459
-1.46667
1.50004
-5.14431
-2.37629
-4.39155
-4.37914
2.99066
-2.37535
-1.61977
1.93948
-8.75684
-3.68486
-2.63379
-8.72963
-3.50948
2.88867
5.75667
-9.23358
6.99274
-2.98048
2.95190
2.16486
-7.08835
-1.50866
-1.14785
-4.93867
-4.35746
2.45158
-1.58139
0.75062
-6.05091
1.43472
6.17988
-4.02409
-1.85413
-0.92228
-0.05266
-6.44080
-2.00416
-1.68976
-0.01070
4.47921
-4.13710
1.22587
1.95576
6.03762
3.97073
-1.53154
-2.29460
-0.27614
2.46621
-0.63351
3.81020
3.51469
-0.51341
-9.25933
-5.60900
-4.17153
0.44112
3.60554
-3.13206
3.10534
-1.31891
8.12740
2.30735
-3.70079
-2.30868
6.76148
0.94034
0.35066
-4.19110
2.42788
2.51510
-7.69048
-0.53885
-4.03482
-4.88667
0.02525
0.36687
-6.45038
0.13130
0.99836
-5.78111
-7.89631
-3.00655
2.03565
-6.74214
1.07553
0.74126
-1.13903
4.66078
9.03187
0.39589
-1.15028
-1.49740
2.14760
5.26590
-1.79649
-0.04508
0.19737
-0.33519
3.38682
7.84495
-5.71007
-0.14681
1.47630
-4.79757
-9.37953
-3.83348
0.58514
1.27842
-0.83712
-8.42673
0.91734
-0.20780
3.10466
-1.36860
-0.87263
-3.16702
0.90671
-9.29523
-3.43452
-2.16763
7.55507
-4.13128
0.91822
-9.56543
2.02826
-1.58627
7.37138
6.15475
-3.67060
2.27183
-0.90755
3.73135
-0.11271
-0.60744
-3.39299
3.24766
-2.72938
2.42656
-6.70713
9.29413
1.39068
4.37356
-1.48741
4.91226
-1.49329
-1.89711
7.67358
2.04358
-5.57607
5.03476
-0.04160
1.65370
3.59347
0.69313
-0.38411
-1.55960
3.76201
-5.47389
7.88012
-1.88825
-5.60393
-1.65749
1.51467
2.71572
-0.73904
12.39689
-1.95488
-4.02143
6.34059
-5.86611
-3.61978
-0.20324
5.91924
-0.82883
-0.96178
3.32268
5.30231
-6.46919
2.34256
-0.12835
-2.34529
-0.82278
0.86130
0.16632
3.49223
-4.93068
-3.71811
-5.78765
0.59168
1.63313
-3.35984
6.80595
-9.31931
-3.37460
-1.98017
-0.73062
-1.94966
-6.71099
-8.03251
-1.06830
-0.38539
1.27210
4.28305
-0.52376
-2.10011
4.17603
2.42708
0.54912
0.26484
-0.47428
-2.71895
0.19455
-2.22407
-0.40250
-1.44756
1.44335
-2.65052
-1.84133
-4.38683
3.69559
6.24404
-4.93751
3.60962
3.11913
6.67383
-1.43852
-4.91019
2.60568
3.60742
-1.37563
-4.23993
2.76155
-1.62713
-0.74739
-1.59550
-0.29382
5.04245
0.19133
4.17057
10.59307
2.51013
-2.25088
-1.23053
7.46231
-1.91114
1.17301
6.82986
5.02021
1.72790
1.91682
5.80765
-0.31526
-2.00259
-0.23086
0.87431
0.44776
-0.63357
3.62292
0.96951
-2.72487
0.23721
2.12896
-6.11799
0.99873
0.66615
-0.57338
-1.03603
2.61062
1.22600
-4.02453
0.63370
-2.29550
0.33275
-6.00186
1.60690
-3.12493
3.99379
-1.72580
-2.90358
-1.02753
3.36240
0.87112
-5.45887
0.77707
1.67062
-0.46977
1.67920
4.30913
-1.47332
-0.53384
6.14879
3.28031
-4.07182
-3.69680
0.18879
6.15771
-4.42275
6.30133
-3.14459
6.67110
-6.67405
-3.56825
-1.83755
2.25851
-1.68195
2.45110
-2.09619
1.63432
3.22136
8.54879
4.03712
2.67200
1.54437
6.69903
-2.35304
-4.01609
2.91761
3.04689
0.36182
-2.78246
3.88321
-1.04687
-4.00206
0.89496
1.57895
-1.70672
-5.57622
5.33871
0.03661
0.89586
-0.28001
-4.01968
1.85779
-1.73715
-0.31738
1.15131
-1.21131
3.46141
2.45257
5.98610
-4.54441
7.28219
-3.92724
2.64611
-1.74284
-1.27318
2.75185
0.72401
-1.87346
-3.74615
1.98508
3.31273
1.22748
0.17257
-1.07852
-1.63147
-2.55091
-3.53079
2.40629
0.38190
2.65330
7.18094
3.37542
-3.03090
-1.26021
-8.71575
-7.29709
-0.18915
-3.55200
-2.97716
-2.09916
3.24888
1.81503
-4.22060
-1.01747
2.16442
-1.92043
0.10540
0.11267
3.18755
-10.08268
-1.73903
-2.93323
3.96414
-4.42025
1.97974
-3.94270
-3.17235
-3.18220
2.48726
1.57123
5.78318
-4.47919
-0.51530
-3.40051
-0.42715
-1.02476
2.81327
-0.43974
6.88842
-5.53593
-0.22386
-3.06821
-0.52960
-2.71970
-2.89133
-0.61231
-3.45528
0.09881
3.01533
-6.57980
5.95429
-3.51915
-0.07294
-0.62795
-0.57450
-0.49932
-1.93365
5.95163
-2.12414
2.17376
-0.80426
-1.78167
2.12778
-4.84350
-1.91727
3.37998
0.70767
-2.39387
-3.57051
2.58991
0.02542
-3.44842
-1.32636
1.29370
0.70250
3.85109
-4.25404
3.04319
-0.26593
1.08700
1.53566
5.50048
3.24552
1.60490
-2.85728
-1.00000
0.12751
-4.41098
2.33368
1.30911
1.57618
2.64884
-1.16243
-1.95685
-8.10235
2.32012
-1.85893
3.27651
-0.32553
1.93426
-0.09924
3.52226
4.25713
-2.44479
-1.83819
5.37954
0.53141
3.69173
0.91005
4.50449
2.86579
1.90778
-1.23365
11.72058
-3.67488
-3.03792
0.07607
-1.26720
1.18705
-0.52432
0.70688
6.96594
2.66199
6.30263
1.25510
2.95551
1.71536
-0.36132
2.34885
-0.87897
3.26763
-4.89554
-4.20713
-2.80916
-5.88992
-2.07247
-0.08960
-0.87695
-2.41318
3.17160
6.90724
-3.10143
-1.55902
3.44111
3.65142
3.17580
5.68916
-1.22454
2.62049
1.99183
8.44788
-4.65569
-2.28453
-1.81030
1.67011
-0.75773
3.69495
-7.84995
4.39812
3.79029
-2.48299
0.34842
7.06000
-2.83700
-4.44967
-6.97031
6.93598
-0.02418
4.48112
2.02663
-1.71094
0.32598
3.99573
0.65429
-7.45514
8.74969
-0.50113
5.15781
-7.14086
2.66370
2.02266
1.62936
-0.96670
-0.56742
6.49114
0.03678
2.80687
0.00589
0.88288
2.12697
1.78772
2.45059
2.77184
-6.14210
5.64618
-1.13231
-3.60244
-1.56035
-0.58813
-0.88490
-2.24429
2.35685
-0.12243
-1.66275
-2.77753
1.80997
-5.44520
1.17835
0.79180
7.63661
-0.84600
-5.46526
2.40208
-1.71374
8.10009
-1.83546
-4.48130
1.47465
-1.26019
0.92574
1.69790
-4.23204
-6.49896
7.18077
3.69481
-5.37731
-4.78567
4.38546
-3.89568
10.12692
-3.71739
-4.51867
4.47128
-7.77039
-0.80187
-1.21903
-6.17831
-1.37271
-2.88665
3.91679
-1.01333
4.27695
4.60685
-2.82192
2.17933
2.37962
0.07649
1.95060
3.25503
1.58141
2.83069
5.63054
-1.34659
-2.27449
0.55218
-2.24614
-3.37048
-0.31829
-2.08905
-5.91833
-3.54623
-1.17113
-3.25161
-5.44665
-2.36206
3.21379
3.73376
1.54086
4.48383
-6.35227
2.03030
2.54162
-3.30429
-6.20216
-3.51125
-5.30749
-7.38945
3.65127
-1.31139
3.71827
-7.67803
-1.61156
5.24662
-1.69157
0.72499
1.33615
0.69776
-4.61323
4.13278
1.80103
-2.50694
2.49505
-0.92258
3.57258
-6.47082
-0.99356
3.25925
-4.51034
-0.96445
1.40112
0.84682
-1.75941
1.78521
0.62541
-6.12482
2.52079
3.95568
3.73598
2.40807
2.78900
-3.33626
-4.33326
4.54394
1.56343
3.80500
-2.07879
0.15326
1.46839
0.34565
-0.05712
-2.78787
2.82790
-5.97967
0.78974
2.10505
3.64762
-0.46575
-1.18663
0.88699
-0.40987
4.40716
-11.16783
0.99595
2.05071
5.34225
-1.95035
-4.84472
-4.34594
7.45328
2.17917
-2.34314
0.80245
-1.05553
-0.15294
5.05405
1.20838
5.50787
-3.98505
-0.86373
-0.26735
0.75733
5.46557
-4.24234
1.58500
-0.19914
1.36645
0.41550
-1.14957
2.11322
-5.91062
-1.81443
1.09291
-4.42357
0.32359
-8.54742
2.25915
-0.90100
-3.39635
-3.42478
2.54117
0.96658
2.07546
7.22915
-1.57533
-3.06978
-1.76560
3.60843
-6.97398
-4.04634
2.23585
-1.91873
-3.55634
4.26943
-5.40734
1.49263
9.22584
-0.77196
4.88466
0.27479
1.79268
2.13843
-2.69761
-0.86519
11.02917
10.23435
-5.27542
-0.40549
-1.44639
7.01987
1.47956
-5.96740
-0.73454
0.06328
1.80408
-3.20316
-0.59881
2.19803
4.26249
1.16697
2.47717
-3.55562
-2.74216
-0.64419
1.59280
0.61933
3.89870
-6.14218
-3.80680
1.67687
0.04565
-0.22680
4.31942
-1.97128
1.82862
-2.24774
3.81747
3.41083
-1.62145
6.15116
-6.14078
-0.69591
-3.61755
0.08750
-1.47385
-0.83418
6.82325
-2.40973
0.08359
-6.35602
-3.99776
1.75516
1.87559
-2.98391
1.70799
0.96094
-5.81557
7.16900
-1.20957
-0.45874
5.42796
-0.55063
-4.36340
-1.04324
-2.24108
-2.44718
-3.69126
-5.02608
2.66793
-3.34567
-4.33243
-0.68984
1.73715
1.09787
0.20980
-4.77779
-3.94420
-0.41441
-2.84334
4.47188
-0.27197
1.58977
0.15800
2.13071
-6.18815
-2.88059
2.81522
-7.33645
-5.08110
-2.92666
-1.09571
-3.49408
-0.87867
6.61519
0.87616
-2.51430
3.23642
-4.12700
-1.96162
3.95525
-4.32762
4.86642
-0.62269
2.18160
-0.22542
3.40628
-6.76475
4.44604
2.04365
2.21651
1.09891
-0.13489
1.05250
-1.11097
-6.67469
1.36222
-1.68622
-5.49526
-3.78941
5.02917
3.67546
0.66959
-0.42507
-3.59980
-3.71882
-1.76908
0.17226
-0.74924
2.31994
-1.88255
2.51353
1.94875
1.40773
1.86061
6.67713
4.34269
-3.04302
3.47613
2.63476
-2.49581
-2.19602
3.70740
1.41477
1.49851
-6.63371
0.53079
-0.37260
2.97641
-10.40967
-0.51593
0.97195
-2.45117
-5.07899
2.67702
1.70647
-6.95887
-3.56275
-2.04297
1.33661
-6.17682
-1.31316
-2.69828
-2.78176
-3.00925
1.66126
3.55786
-2.53829
-1.62671
2.42799
5.07339
-11.84640
0.61614
-0.14561
-0.64548
0.79151
5.04158
6.46668
-3.51712
-1.42760
3.78868
-3.73678
-2.06565
-0.28141
5.02861
2.52286
-2.37375
-4.26415
-0.06940
1.38935
-0.11077
-5.30823
3.51644
-1.38979
-1.61786
2.81737
-0.44312
-8.19823
-4.34232
7.45509
-0.03054
6.06605
-3.23658
1.10005
0.71034
-1.39074
-1.47575
2.79026
-5.79945
0.78711
5.28235
-6.91035
-5.10634
0.20767
2.69203
-2.92279
-1.03821
-0.75784
1.64564
-4.54145
3.19821
8.83049
1.14106
-1.19956
-5.09795
3.83576
0.25663
0.16499
1.60074
-1.35854
-3.23411
2.72342
1.81724
-0.86753
-0.26740
2.02487
-6.64072
-1.06843
-1.57957
0.32792
-3.05120
-2.99161
-2.04549
-5.74642
-3.20046
-0.11691
-4.48182
1.09806
-0.64915
0.24606
1.11557
0.59205
-3.38432
-2.33080
4.35080
3.31858
2.09561
-0.74199
-4.32322
5.32445
-2.01089
-3.79712
5.72287
0.52238
-5.75184
6.19861
5.39286
3.06718
6.32636
-1.22827
1.47489
3.05399
-0.94459
-2.73244
0.50316
6.65782
2.84089
1.32897
0.73174
1.14216
1.35469
-1.15692
-2.61341
-5.82341
4.39852
-2.55270
5.84879
4.09568
3.35062
-2.10395
2.47910
-5.37802
9.84932
-7.85276
4.82988
3.73592
3.03964
-1.82246
3.65191
-3.57637
-2.61576
0.78725
3.30177
-0.99580
7.67633
-6.06762
1.01814
-3.05776
7.05403
-4.53670
3.03165
0.32519
-4.64766
-2.21522
5.34521
-4.27345
-2.79360
-0.37672
1.31363
-6.09893
4.08759
11.13364
-0.65829
2.65795
0.93321
-4.05385
5.60488
2.90401
0.03005
-0.48087
-1.88656
4.27590
-0.78072
-2.07328
-2.79771
-8.76689
3.63018
-1.48724
-6.26235
-4.48783
-1.31201
6.44594
1.08766
7.04371
3.27994
6.54255
2.95364
-6.86901
-4.94234
-0.49246
-1.67679
0.41523
-0.56015
-5.18671
6.94208
4.54736
-1.19443
-2.11026
-1.86591
0.95873
-5.45557
-3.79051
2.57772
1.00816
7.42917
2.22362
-0.29879
-0.17027
4.38523
-5.06313
-2.81615
7.17893
-2.88335
3.87702
-7.08296
1.14238
3.67071
-0.55867
-4.13510
6.32744
-1.29424
-1.92935
-1.40907
1.41061
3.64592
0.60394
1.91569
-2.27390
-0.83737
-4.63397
0.78482
-1.00280
-1.79561
-3.23893
1.24822
-8.99646
2.46862
1.82935
3.09311
-4.67273
8.25970
-2.41158
2.12710
-1.39012
-2.03117
-8.54335
-4.63716
-2.41693
10.24444
-1.73190
0.10919
3.26784
6.46317
1.03750
-7.46251
0.77156
-0.11537
3.46338
-6.73883
-3.46518
-2.20009
8.50633
3.71566
1.78379
2.37957
-3.30537
0.97948
-5.28354
-4.98408
0.50423
-1.16213
-1.11057
0.75444
1.07496
-4.67655
7.64549
2.13195
-2.16600
5.76562
4.43012
-3.17279
2.40016
-2.73727
3.62597
-10.62675
-1.35582
1.54219
3.73744
-6.77132
2.27008
7.63282
-1.84051
4.47167
-1.36524
-0.78171
5.03805
-2.38408
5.64774
-6.14048
-1.91769
1.78483
-1.17436
7.77322
-1.81618
-4.95732
-4.04832
4.23454
4.10133
4.41105
7.03283
1.76421
2.38632
-1.21695
5.85009
1.47112
-0.89937
3.18570
-1.77509
-2.63773
-0.22071
4.49519
4.12539
-7.35845
2.27662
0.30640
-2.12622
-6.93293
-0.87687
-0.17842
-0.52450
-1.11941
