-1.22802
-3.35004
-2.98630
-1.20545
3.79736
-2.47933
2.48324
4.51445
-0.27122
-0.96615
-0.70557
3.51119
3.55574
1.85166
-2.59520
-2.71019
0.11403
1.72559
-4.65732
0.09300
2.37753
6.26081
0.08301
-1.56899
1.11984
-2.28906
0.24845
-0.68040
3.84052
-0.83305
-0.32197
0.88291
0.29707
-1.59480
-1.98637
-7.19354
-0.48204
-2.02379
-3.45913
-0.38919
-2.94782
-2.78593
0.83329
-3.22660
0.62834
1.39242
0.91072
-1.34699
0.41667
0.74051
2.56163
-0.57441
-0.76669
-3.32989
1.04957
1.81316
4.04745
-1.04539
-1.10539
-4.43651
-0.23900
-2.55864
-3.29869
0.36109
-2.54247
0.17426
-1.64667
1.56239
2.90268
-1.40402
-3.69154
-1.21710
-5.42721
0.99754
-0.92819
-2.60673
-1.12018
-0.01690
-2.54067
-0.45413
0.13371
-1.25429
-1.57600
0.92185
0.54929
2.28020
-1.67250
6.09947
3.17483
4.80580
-3.93289
0.95384
2.24321
4.18210
-1.34472
-4.26455
-2.10567
0.77200
-4.23840
-1.29430
1.05052
2.38497
6.14884
0.14465
-3.58067
2.64754
-0.30016
0.92145
3.63039
0.73760
0.54310
3.98244
-1.77340
2.76634
-0.59991
-3.34336
-0.62732
1.65967
2.44970
0.68274
2.13333
-2.27608
3.90193
-1.88380
-2.16552
-0.59866
1.54355
-2.27481
-2.06555
-5.36759
-0.61084
-1.41893
-0.27962
0.65833
-0.51019
2.88818
-1.19826
0.82410
2.44468
-3.64576
-1.17921
0.60432
2.28872
-0.35261
2.26225
1.95473
0.78460
0.42049
-1.39594
-0.56618
-0.66288
6.67881
-1.70568
-3.00129
-0.69793
1.31816
1.06319
-0.04435
2.03136
-3.20932
0.57125
2.54289
5.31994
0.32331
1.69647
1.44466
-2.08134
2.06230
-1.53572
2.00319
-0.58661
5.26303
-0.03683
-1.31888
-0.19774
-3.27853
2.47057
-1.25503
-1.54785
0.07347
0.13955
4.92115
7.32976
0.50134
2.68830
-2.49675
-1.71547
4.28859
0.58500
-4.46615
2.04471
0.12122
1.05122
-6.66232
-1.93716
2.84996
-1.90563
-4.50832
-3.78222
4.22845
-0.75571
-3.46865
6.57341
-0.46060
-7.67017
2.15322
-3.24784
3.22975
0.90785
-0.80855
-2.98937
0.38633
4.59746
-0.41122
-0.97936
0.11313
1.95399
-1.51021
-0.21129
4.33538
1.29041
1.40330
0.67701
1.83558
-4.65601
2.98674
2.13359
2.53856
1.53493
-5.12801
3.05792
3.70799
2.44808
-2.90138
-5.11394
5.54576
0.92191
-0.64783
4.16888
2.28161
-2.02888
-2.70770
-1.29722
1.23922
-0.93749
0.29662
-8.11153
4.76558
-1.35273
-0.97340
0.35544
3.44789
-2.17172
-4.28948
3.54289
-7.06896
-6.92717
2.51551
-0.57107
1.35643
1.98520
2.40627
5.89013
1.07104
-2.09327
-4.41752
-0.87351
0.15354
1.39045
-2.13506
0.20762
-1.25348
6.21522
0.07369
1.00510
2.27127
0.50089
2.23777
-2.72841
-4.48548
-1.95963
-1.37582
-0.01234
-1.88214
1.47553
-2.19664
2.62901
-5.25998
-0.47386
-2.87257
-1.34282
1.85522
-3.80887
3.03003
1.56786
-4.84885
3.83143
-3.30602
5.98275
0.46934
1.01894
-1.60159
2.43906
1.03418
0.34978
-4.77842
1.72674
-2.54514
-0.40326
-3.88287
-0.15774
0.65295
0.64481
1.79493
-1.92899
2.42207
6.56759
-0.42615
1.72374
5.61837
-6.35848
5.29097
3.45043
0.83982
4.91921
-0.47977
-1.58274
-1.43945
1.75816
3.80536
-2.00108
-0.90678
0.83364
-1.07257
-4.76450
-1.75645
-2.53643
-0.37436
0.70277
-0.98680
1.00930
-1.39612
-5.53833
1.26610
3.59399
-2.06591
3.47934
-2.10656
3.33921
-2.70655
-2.85739
0.03552
0.53880
-1.73740
0.15177
-0.77516
1.13664
1.97580
2.53500
1.49189
-0.53677
-0.22791
2.02123
-2.96700
0.05260
0.32189
1.81080
8.56194
1.20449
-0.25258
-3.08507
-1.29098
4.94107
-0.12727
-2.06715
-0.80790
1.65551
-2.94951
0.13940
2.37402
-1.49741
1.28913
4.27172
-1.89191
-0.82643
1.56244
0.44216
2.64179
4.00264
3.81644
-0.21833
-3.40653
4.51326
2.85256
1.90322
3.47011
-1.16851
-1.41738
3.98900
-1.58902
-2.95276
0.34579
0.30421
-0.10090
0.34128
-1.24092
1.10839
2.09143
-3.11615
0.50127
-3.18642
1.14857
0.13212
-1.60863
1.28526
-0.88302
0.40103
1.31016
0.73995
1.28457
-3.50486
0.15092
1.35450
-3.02517
0.85870
1.26143
2.33117
1.60983
-0.88359
-1.05767
3.30497
-3.42606
-0.14038
1.48508
-3.96884
2.86917
0.20540
-1.33876
1.68031
-1.45990
1.84483
1.85209
-1.61939
0.49046
3.34426
3.64542
0.09466
0.80389
-1.61897
0.82483
1.78037
1.77460
-3.01121
1.18444
-1.78125
-1.27807
3.16112
-0.30795
-7.97879
0.69965
2.08156
-3.32190
2.96972
4.85045
0.91957
0.76648
1.41420
1.27914
2.27889
-5.08737
-3.00498
-3.62564
-1.76212
4.38353
2.22347
0.38366
4.95291
-0.26280
5.02092
6.02190
-1.33892
3.64421
-0.64480
-1.65779
-1.64032
-2.36699
0.93073
0.36172
0.49333
-0.02459
3.48908
2.46768
1.79314
-4.77005
-0.76026
-0.11852
-1.59418
-0.86236
3.05827
-0.03097
1.37207
-0.69008
-3.84265
0.66822
2.23209
-0.18756
-0.85512
1.84138
-2.73616
2.23171
1.86950
-2.40217
-0.04017
-2.76027
4.93875
-4.62494
1.91074
3.29514
2.13150
-0.96973
-1.28464
-1.15638
-1.79042
-1.97813
4.69398
-3.50000
-3.02097
0.82762
0.94828
-2.70659
1.96109
1.03936
-0.69926
-1.03794
-1.37960
-4.81072
3.28395
-0.75870
4.32629
2.73210
-0.12316
0.59604
0.76699
4.63249
-1.17269
3.72224
-2.31799
-3.12606
-1.79932
0.77883
-2.54257
-3.47238
-1.62795
-3.23510
-1.91211
1.28792
1.88801
2.25144
-4.74165
0.58052
3.46849
-2.05557
-1.64975
-0.27461
-1.22446
-1.13924
0.19675
1.81724
-2.00092
-0.89691
-0.82407
3.41698
0.74060
8.31372
-0.22757
-4.36472
-1.22812
-1.03858
0.13875
3.44618
4.04739
-0.72992
3.82619
0.70698
-0.07139
-0.07738
-7.14240
2.79916
0.25493
-2.89921
2.24197
-1.28246
-2.85631
1.21350
-0.17665
-1.61818
0.26376
-1.86243
-6.36992
1.13835
-0.15272
2.81651
-0.58591
1.42617
-0.12110
3.06280
0.30167
3.18044
-2.74915
-2.69760
-2.06351
1.04335
-0.48143
-0.52341
-1.01601
6.60577
-1.46814
1.26216
6.33963
3.13961
4.96078
1.30636
-3.82892
-1.86350
6.12189
0.00751
3.40200
-4.19927
1.32398
1.33312
-0.49273
-1.94836
-2.18960
0.65902
-0.14906
-1.31086
0.43555
-1.64978
0.38337
-0.89087
-0.52129
-0.49897
-2.58238
-5.48103
2.18588
-5.92547
0.29938
8.16144
-0.54371
-0.13726
4.56410
-1.20861
-0.07830
-1.31962
-2.20615
-1.71691
0.57300
3.10554
-2.36242
0.63303
3.96298
-1.15886
-0.18506
-2.36364
-0.40262
3.40342
-0.53112
-6.44228
-1.77045
1.68117
1.96900
1.29917
-1.83208
2.44452
1.02746
4.00116
-1.93615
3.26533
2.41006
1.40904
-0.18753
-0.97060
-1.13193
-1.75270
5.52049
-2.54656
-0.24203
-4.63783
1.00225
-3.18155
1.45027
-0.30962
-1.77336
4.39019
2.57216
-0.84208
-2.74031
-1.01568
-0.26074
1.90091
-0.24260
4.16950
0.44648
-6.14762
-0.10372
-0.62355
1.95295
-0.25041
-1.35597
-0.13729
-2.81808
2.99626
1.01877
-2.01447
-0.78637
3.08885
4.10458
1.35040
0.64734
-1.63687
4.55031
1.08736
-0.50370
0.81902
-2.23136
3.69117
3.51372
-0.60217
-1.10146
1.08915
-1.96136
1.05477
-3.47244
-0.45730
-1.90658
-2.47720
-1.02414
3.43664
-4.00260
-2.54823
-2.42762
-1.24251
-1.53755
0.80276
0.71026
-0.33504
-2.49983
0.89733
-2.92859
1.38323
1.40203
-4.28452
1.27243
3.40502
-2.10547
6.68170
0.52826
2.17371
-0.76884
0.07452
-0.83115
0.69785
1.28732
0.65050
-1.03075
-2.10879
-2.35705
1.03477
0.90360
3.10592
0.96688
-4.00096
-2.79436
0.13582
-1.11597
-3.21500
-0.05988
-3.05335
-0.97785
1.40860
-0.55577
-3.06290
-3.78930
1.74417
1.16466
-3.87891
3.61207
1.24907
3.94868
-2.26350
-4.66099
-3.55229
-0.83574
0.48995
1.13058
-1.80434
2.07517
0.16813
-1.94976
0.17737
-0.15056
-1.74487
-1.53820
4.03953
0.68550
-0.37468
-0.41717
-0.86842
-0.74060
-2.92581
-2.19204
0.80084
0.17757
0.48391
4.01145
-1.29082
-0.51630
1.43857
2.13557
2.98986
-2.04822
-2.08227
1.08205
2.41416
4.45127
0.44728
-0.72860
-0.98630
-1.76744
-1.68137
-0.96114
-2.91622
4.65710
4.26542
3.78682
-2.66295
-0.74523
-2.43917
2.39590
1.15066
-3.53613
-4.61010
-0.47819
-0.51987
5.41605
0.83118
-1.58935
-3.29716
0.53398
2.99201
2.67132
-2.24640
-0.86326
0.61254
4.40024
2.94806
2.29487
-0.94933
-0.98404
-1.16066
-0.35426
-1.77579
2.27522
-1.83344
2.55054
-1.00888
3.73714
-0.11917
0.36942
-1.80099
3.01964
-1.36384
3.03255
-4.57397
-0.11818
-1.53707
0.57964
5.86144
-3.86966
5.41061
2.89299
1.53642
2.48751
-6.76497
0.44703
-2.24778
-2.62583
1.73083
-3.57811
-1.88932
0.58246
-3.61811
0.53780
-0.89861
2.24564
0.36937
-1.88881
-1.54349
-2.27334
-2.40305
2.04001
1.37382
-2.87169
-0.30559
-2.02831
-1.08263
0.31989
-1.61790
1.92326
4.10861
-0.84360
2.93417
-1.97847
0.96589
0.16304
-3.72026
-1.45782
1.50945
2.94390
-0.49015
-3.26076
4.09568
6.73722
3.66949
2.17767
-0.04155
2.70300
0.78947
-1.65851
0.48071
-1.64640
-4.28103
-1.93063
-0.25869
-0.49344
6.00605
-0.63717
3.25356
0.66296
-1.36223
3.87091
-1.44452
3.86626
2.92308
3.67352
-1.45200
0.90685
2.19076
3.02795
0.72542
0.17710
-1.22244
0.04637
-0.38899
3.63844
-0.09118
2.38874
0.45731
-4.27753
-0.61687
1.24672
1.58175
1.72158
0.07168
-2.00890
3.28670
1.08616
-0.81335
-1.27486
-2.17386
4.67983
-0.97515
-0.55800
4.55361
-0.90942
4.35476
-0.74124
1.01148
1.48670
0.82000
-2.84646
-2.61747
1.76013
0.97534
0.65168
-1.63513
0.36548
0.06916
-2.88150
2.64921
2.86030
-7.11892
1.30836
-0.88002
4.94507
-2.15396
0.38286
3.35763
-4.54926
0.02909
-1.03894
0.85890
2.37285
2.05971
1.37850
1.04307
1.86660
-0.34489
-2.05601
0.17496
-1.20604
3.24148
0.75034
1.57179
-0.33335
2.83637
5.46184
4.64476
-4.16144
3.59651
-0.83148
-1.31396
2.21520
5.94095
-2.85193
2.54488
0.58688
-2.49776
-0.52653
-3.68026
-2.65751
4.52372
3.26363
-6.01311
1.41971
-0.75160
0.84639
1.96715
4.53053
2.19489
-4.09889
1.28023
3.73912
1.60731
-2.89339
-2.21958
-2.75023
2.08727
0.64804
2.86604
-4.46415
-1.50662
-1.20746
3.13209
-1.67176
-0.68750
-1.83252
1.05382
3.56091
-1.47178
0.89262
-1.53842
2.09766
1.40130
-0.26820
3.27640
-3.51607
-0.43929
0.75536
4.17985
4.65370
-0.43426
1.95634
3.51941
-1.83734
-0.15358
-2.95287
0.67420
2.96848
2.52942
-1.26245
1.03156
-0.88498
-4.08725
4.15218
-3.14890
1.23150
-0.42369
4.44440
0.86930
0.77448
-2.45791
3.27862
-3.72291
0.00847
-1.12950
-4.50376
-6.28028
1.93335
-3.44532
4.58783
-5.10925
-2.26393
-4.09827
-0.11900
-2.09526
1.23043
2.00428
-2.33048
0.40009
2.20279
7.29054
-1.62418
2.99698
2.31353
1.26595
-3.30133
4.70232
1.92926
-2.63063
-0.44327
-2.36091
1.31536
0.64571
-1.06077
2.11587
3.92502
-4.58491
-0.19909
0.85003
3.15434
-0.37567
3.07840
0.03616
1.72052
-2.67457
2.38568
-2.01464
4.72036
-2.76930
-2.67261
0.60623
-1.20136
-2.90766
-1.83073
-0.81312
-3.01415
3.79826
-4.00795
2.23940
-0.39380
0.59224
3.98767
-0.08760
2.23854
1.71401
0.85288
-1.30719
-4.04887
-2.16366
4.14050
-1.58222
2.86989
-1.11596
2.00309
1.83029
-5.39239
-0.04057
-0.93872
-3.14087
3.04651
1.11502
-6.31636
-1.60007
-2.29892
-0.83207
3.78931
0.33661
-3.40228
-3.05905
-1.22800
-0.99391
5.49048
-1.29613
0.97125
2.64688
-0.76387
-5.85152
2.09616
0.60357
-1.95461
0.04774
2.15013
-0.96114
-1.07107
2.35002
3.09394
2.30941
1.63011
-4.03211
0.34643
1.26075
1.21413
1.92185
1.83580
-1.68995
0.04575
-5.69162
-0.58071
-5.85892
2.08082
-2.64254
-1.80694
1.26464
-2.99487
1.41565
2.74194
3.48593
3.51586
0.54705
-2.00575
0.86643
-3.47831
1.65463
0.93106
-1.20113
-0.61450
-1.87974
1.17487
0.06146
2.41564
2.77597
-2.14131
-3.98498
3.07534
-2.70016
1.61361
-2.71167
2.35363
2.57276
0.09660
3.95944
-1.74007
-1.82870
-4.05096
0.40749
-1.60539
-1.60711
-3.60102
1.11352
1.24754
0.97409
5.46238
3.52112
-3.53506
2.39989
-1.86934
-1.52342
-0.93135
4.60761
2.87669
1.61792
-2.00742
1.90863
2.40093
2.15471
1.55067
1.10045
2.49195
-4.22684
3.53584
-4.06583
2.63507
-0.69125
1.64265
-4.76734
-4.27560
1.55503
0.35448
0.93307
1.98489
1.67961
-2.01978
-5.10310
4.79050
-3.14461
-6.56659
0.82381
0.03625
-2.83687
2.67566
2.97873
1.24495
6.07073
-6.25667
2.11770
-3.62721
-0.86385
4.69961
-1.47904
-4.21154
-3.13625
-2.10868
-2.58712
-3.31207
1.13486
-0.64147
-3.81308
2.17007
3.37020
2.72747
1.50878
-2.03447
1.46065
-3.00204
3.68949
1.63345
-2.78589
3.02576
-1.99878
-0.10828
2.51532
2.33191
0.04081
2.23133
0.08468
3.29085
-4.60396
2.26671
-2.91303
5.25131
-4.25075
-3.01883
-2.11532
5.81824
-2.16004
-1.28279
2.14241
-0.23254
-0.10291
-1.11355
-1.05211
3.41126
-2.00557
-3.79957
-0.19543
-2.99740
-1.35849
2.89266
3.87925
-1.71540
0.53937
-1.21636
1.45394
-1.03941
-2.29447
1.92483
0.47449
-4.87718
-2.23796
-4.73237
-1.21410
1.60225
-2.00229
1.62697
-1.82509
4.66626
-0.40885
2.87208
0.04872
1.66680
3.54233
-1.78959
-0.69293
0.21403
-2.09105
1.47862
-1.79640
2.01541
-0.21361
-1.26188
0.64535
-1.84892
4.62735
4.89990
-3.64053
4.52698
3.94249
-1.97998
0.39453
1.59367
2.13225
4.12364
0.05648
-3.48428
-3.97530
-2.81560
3.92465
-0.71897
-0.36566
-2.65663
3.54758
3.02991
1.09958
4.31725
-0.94691
1.44261
0.91097
-0.42953
-4.04264
-0.13182
-1.05283
1.02361
-0.50806
0.98249
2.19344
0.84679
8.01028
-1.42999
-2.61276
-1.81777
0.36233
-3.09277
4.33976
1.29164
3.32180
-1.73220
-0.61307
3.49710
-5.34099
-1.82136
-1.23316
1.25180
2.78836
2.93825
2.77654
6.28241
2.04082
1.09737
-2.99312
-3.44990
2.65762
0.14252
-1.16991
-3.80064
-5.25781
0.55838
0.97579
3.58074
2.58062
0.44930
0.02999
3.67748
-3.81063
-3.01265
-6.41324
3.33615
-2.97481
-3.29081
-1.32007
0.02027
1.44784
-2.12079
-1.58621
-6.43234
-4.98866
1.40499
1.09468
1.66744
2.69539
0.94444
-1.72725
-0.64145
-0.32612
-1.06033
-4.60857
-1.00933
1.11281
-4.95704
2.52285
3.34157
3.41015
-1.35953
2.27928
2.13422
1.80687
-0.28800
1.42430
-2.24371
-2.36096
-0.67015
-0.39524
1.46802
-5.53803
-1.25012
0.70771
-1.97056
0.40305
2.13954
0.98460
-1.13813
-1.88821
0.77125
3.83551
1.04711
-0.10141
0.46855
1.04309
-2.07275
-1.23503
1.74309
1.00445
-4.03560
1.55017
-2.90812
4.24788
0.23005
0.75544
0.61325
-2.42815
1.98534
-3.04687
-1.10681
3.81737
3.27648
-0.44261
-0.68613
-1.51231
1.62502
-1.89712
-0.38429
0.95261
1.73194
0.04190
1.79832
-0.32638
-0.29515
2.31847
2.23406
1.32736
0.79320
-3.48586
4.22980
0.14019
-3.31699
-2.64061
4.31527
-1.70708
0.07869
1.69831
0.17755
-1.65359
7.98097
2.65287
-5.71958
-3.72932
2.04153
-0.32529
4.02064
-4.11832
-4.13224
-2.07073
1.59795
0.50684
2.56653
-2.72218
-3.45421
1.40451
-1.05959
-2.50563
3.88881
-0.35186
0.68098
-0.17652
1.61875
4.49162
-0.57274
2.10227
2.00618
2.09454
3.43074
-1.40356
5.84296
-0.43355
-4.19994
0.34154
-2.56974
3.77942
2.62302
4.52064
3.18088
-3.54121
-4.24755
5.31318
1.87418
0.90124
1.34488
1.16768
-4.80212
7.15682
5.42443
-3.65055
2.78751
-3.63592
1.18632
-3.75242
5.38843
1.71286
-2.88932
-1.03547
-0.84435
-1.57707
-2.91296
-3.82923
-1.35655
2.37924
1.91956
-1.34229
-3.15470
2.74720
5.04080
-1.47861
0.35879
-2.00769
1.43143
-1.42180
1.07200
1.59122
0.53246
-1.74722
-4.37368
-2.02060
-3.39451
0.00483
-1.82788
2.60325
-1.97027
-0.42796
-0.38118
-4.49288
1.56652
1.04091
0.55533
-0.79930
-8.51896
-1.92754
-0.08359
-0.61636
-4.27488
-0.53694
1.36575
-0.61958
-2.38283
3.89806
-4.88666
-3.93552
-6.59187
-0.20314
1.42384
-4.33011
0.82122
0.09150
-0.54932
2.64265
-0.20525
-5.64293
-0.09582
-2.98327
3.02497
1.34597
-0.86305
-1.23129
0.28323
0.80775
0.71501
2.36406
-1.84696
-0.78611
2.21018
3.12959
-5.20059
-0.70124
-0.54753
-4.40602
-0.08729
0.84868
4.73160
1.66909
-2.94905
2.45441
5.62378
5.09723
1.86046
0.18559
-4.25208
1.18613
0.04086
0.90518
-1.48880
-2.89973
2.86324
5.58138
1.00870
-3.21158
-5.12171
-2.47360
-1.55638
0.91881
0.00901
2.84909
-3.63694
0.88481
0.10962
0.43341
-1.29230
-4.54593
4.24769
-2.51721
0.67117
-1.29534
-0.79812
-1.64636
2.70097
0.60836
2.74769
1.45103
-1.97104
-0.38544
0.64863
-2.84349
4.65212
-2.12324
2.43339
2.07565
-3.42824
1.40586
1.55214
1.82882
-3.24145
-1.61232
-1.15138
-0.37059
3.10887
2.75762
2.28850
3.03476
2.93427
-1.27261
3.15994
-0.98885
3.32420
0.50131
1.79176
1.00121
0.41929
3.14439
2.67264
-0.06116
-4.97910
0.30127
3.69487
-1.33067
8.60247
-2.03957
3.37628
-3.46801
-0.76835
0.61455
-1.88175
2.17856
7.95751
-0.87808
1.22214
-2.33315
0.08339
-2.08847
-0.71736
-0.81943
3.06778
-1.37025
-1.13165
-3.61858
-1.95150
-3.15069
-0.12226
3.46415
-1.61283
0.76479
-1.60039
7.57640
-2.65035
-0.68360
1.92158
3.75117
4.82888
-0.02355
1.92985
0.07869
-3.87106
-3.98268
0.12505
1.04910
-0.73920
1.01785
-0.29107
1.34319
-2.60225
0.94970
2.07141
-1.24992
4.19673
0.91407
-1.36361
-1.00977
2.63043
2.57497
-2.97831
1.34878
-1.18107
2.51287
3.64062
-4.63245
-3.79765
-2.62088
0.21873
-3.05564
1.00941
-5.84702
-2.92296
1.21022
-0.50002
-1.40874
-1.68752
-4.71086
-1.40252
-0.73787
3.74546
7.32450
-1.57556
-3.06898
-4.66224
2.75924
4.58740
0.39935
-2.40372
-4.15941
-4.56344
-0.09708
0.40318
0.79438
-0.87821
-1.83295
-3.66644
-3.60513
-2.45299
3.65591
-0.01388
5.38765
3.32862
-0.90180
-4.19340
2.07090
-0.92490
5.51558
2.72543
-3.56261
1.79545
-3.61852
5.43108
0.16504
0.22529
0.23430
0.80327
2.55176
4.99671
-1.42174
-3.50465
-0.69705
-1.69182
2.19309
-0.15171
-0.45465
1.44141
-3.33489
2.09304
2.50769
2.84713
-2.48943
1.08879
0.25467
-4.19890
-0.78891
-0.35712
-5.50843
2.59947
-0.71246
0.81963
-2.42056
1.30133
-0.94002
-0.43435
1.58188
-1.67376
3.97630
3.64193
2.73751
1.44132
-2.15790
3.28714
5.01224
2.07031
0.40166
-0.34199
0.77442
-0.15569
0.98289
-2.89168
-1.80523
5.00917
-4.63498
-2.87923
0.29767
3.50858
2.06321
-1.94483
-4.44576
-1.14244
-2.16741
3.94389
-1.88281
-1.49873
0.33693
-3.97036
1.89381
1.84685
2.33675
1.46710
-2.14952
-2.82849
2.10761
0.54139
-2.20108
2.29147
1.88545
-2.04141
-0.74400
6.32402
0.38927
-2.68182
-4.33406
-1.08719
-0.75371
-2.95978
-0.44799
0.96488
-1.60775
1.34174
-0.65054
0.98248
2.56957
1.51815
-2.74953
0.61182
0.19029
2.27184
-2.94569
0.41630
-0.18598
1.02599
1.79013
1.42378
4.42144
-0.76258
2.22374
-2.20503
2.23298
4.97546
1.67443
2.00895
4.86699
-0.27844
-3.91555
2.83838
-1.50176
-1.50531
-4.36599
-2.44986
0.33862
0.27681
-2.69961
-0.86801
0.59683
-6.20135
1.54028
-1.13615
-0.85317
-4.85725
-2.10317
1.89813
-1.52652
-4.08340
-5.41928
-1.97048
2.74082
2.40610
1.69394
1.50516
2.00159
1.03876
-2.72122
-0.44983
6.81610
1.74788
0.16688
-2.98504
-0.09724
-0.91489
2.60153
-0.93040
-4.20560
0.88315
-1.17631
2.79016
-3.08872
-2.66885
-4.32988
-0.05726
-1.30907
1.82939
-2.20344
0.48403
1.98287
-3.23452
-1.13645
-2.14279
-0.58878
-4.22562
-2.60965
-2.05311
1.55520
4.63507
0.17163
1.15358
-1.72436
-0.98611
-0.25592
5.11143
-5.76147
-0.04165
-6.17852
0.55971
1.67090
-0.97764
-3.05705
1.31337
-3.55868
2.87150
2.75035
2.07053
-2.54955
-1.33831
-3.08417
-0.55628
-1.07407
4.34106
-1.20781
1.45919
3.25121
3.21609
0.16986
-0.49817
-2.25305
-0.70143
3.34122
-0.07911
-2.05790
-2.75190
-1.29781
-1.44622
0.06880
-0.39311
0.64042
-2.70108
-0.57349
-0.19659
1.05242
0.99009
-0.54168
0.51831
-1.51913
-1.02493
-3.95883
3.97955
6.67564
1.27768
0.41422
2.25281
2.07164
-1.45123
0.61600
4.17586
5.73688
-0.63357
-0.26637
-3.59804
-0.86395
-0.36565
1.78125
0.33668
5.36072
-2.23358
-0.30357
5.20111
-1.71114
-2.22608
0.88029
-4.22944
-4.71876
-2.19287
-0.61016
2.61566
0.30485
-2.97552
-3.18140
-0.72670
-2.96264
2.80250
6.62329
-1.33550
-0.10460
1.33672
2.69351
5.73942
-0.12212
1.92805
3.01076
2.72017
7.78358
-0.58588
1.55695
-0.77412
0.14557
-3.56337
0.78282
-2.47564
-1.36942
-1.76475
-0.55329
0.50845
0.75865
0.28245
-2.87535
0.51780
-0.97353
-4.39916
1.42409
-0.35980
5.95272
3.47269
-1.29113
1.35322
-2.69629
-5.33501
0.08069
4.84027
3.71429
-0.48868
1.03167
2.18718
-0.08051
2.05083
-2.26310
-2.74690
-3.53421
-0.96436
1.84154
2.85863
1.19553
-2.09775
-2.11770
-1.73709
-2.29557
-0.58961
0.15280
2.02412
-2.37317
-2.38691
-2.44620
1.36706
1.43866
3.54596
-1.03626
0.90810
2.44540
3.11297
2.68364
0.37552
0.73542
1.47210
2.66438
0.08506
-4.86865
-1.60934
0.65353
3.83729
3.31985
-3.47460
2.92115
2.19278
-1.91789
2.23391
1.17110
-1.56522
2.38307
-2.66053
-5.21680
2.11396
-2.55949
1.52721
-1.31073
0.57242
0.79886
0.26669
-4.49569
0.87541
1.33235
-1.04821
-0.77047
-0.82175
-2.67341
-2.12790
5.01598
4.00265
-2.05766
0.66004
0.30877
2.41365
-0.03640
2.46562
-2.01352
4.42233
-0.34065
-1.51750
0.79327
4.87732
-2.92445
1.41036
-1.55502
2.35954
-1.67544
-0.67346
1.40391
-0.16189
-2.30804
-1.51035
-0.12887
0.24147
-3.16255
-0.42881
1.41673
-2.38447
2.31619
0.17008
-4.39057
-5.37515
0.51354
1.76962
2.78744
2.59707
2.33493
-2.57757
-4.44611
-2.19586
-0.15269
4.56662
-2.24948
-1.03128
3.76263
1.42830
1.69662
0.69171
3.32233
-2.29575
-3.41786
-3.86011
2.12201
-0.36768
-1.77627
-5.55301
-5.33247
2.37680
2.99432
-2.23019
4.03693
1.31757
-0.85952
2.06292
-1.59727
-3.13605
-2.10453
-3.93272
1.49066
-0.69338
-3.89527
-1.87044
2.63286
2.51693
5.05758
2.17498
2.33771
-5.37822
2.52238
-3.16568
0.21203
2.95513
-2.68939
-2.85754
-0.24655
-4.77100
-1.53298
1.21970
-0.64143
5.43066
-0.18210
-1.35252
3.39188
2.94966
3.03644
1.68046
0.06127
3.40705
-0.13327
6.15616
-0.46093
0.77790
-1.88676
3.47925
-1.87071
-2.28750
5.83649
-2.45434
-0.50925
2.73087
-0.70835
-1.84330
-3.63626
1.39455
2.14077
-3.58519
0.89358
1.89553
3.23475
4.45946
4.28525
2.45005
0.61443
0.65372
4.18468
-0.46932
-4.56062
-1.95088
-1.97101
-0.83385
-0.06824
-1.43883
4.15991
-0.25706
0.71937
0.67742
0.04977
2.79596
-3.32015
-2.44886
-3.09251
-2.43382
-1.19412
0.91881
-0.83780
0.67914
-0.39540
-0.73686
-0.63693
0.28132
4.89016
1.14945
0.80222
5.05583
-3.72816
-2.23072
1.27440
3.70303
-3.79787
-3.42035
2.61157
-2.43272
0.10549
0.10154
-3.74779
2.55438
3.73765
-0.18022
-0.53803
7.14355
4.54342
-0.88840
-0.29893
-1.13067
0.03392
-5.35330
3.30245
-0.00575
3.14549
0.48163
2.29692
2.08366
-0.39108
0.20187
-1.91983
1.93499
0.57507
-7.33437
-4.24147
-5.04992
1.87042
3.58157
2.15379
-1.92817
-2.42701
-0.70934
3.48989
-4.13222
1.48144
1.15790
-0.57050
-0.10218
-2.03669
2.00572
0.65759
2.58549
-4.07716
-2.16274
0.25520
-1.51110
0.54806
5.07959
-2.14128
1.67337
7.29907
1.35467
2.19803
3.13017
-5.80967
1.38611
-2.83154
0.78497
-1.70385
2.87171
-0.82198
3.32493
-3.55811
4.08769
1.95217
-0.95981
-0.93154
1.01304
3.40493
3.95522
2.57741
-2.06044
-3.62487
-3.43110
3.75980
0.07639
1.13927
-4.20411
0.30444
-1.44263
-0.07846
-0.25228
-2.84282
2.11153
-1.51140
-0.19294
-1.23154
-3.97345
-3.21546
0.82414
-4.26829
0.64309
-1.34799
-6.57417
2.56673
0.58277
1.54138
-0.06566
0.37107
2.04296
3.29733
4.65378
1.16365
-3.25458
-1.41488
2.58932
0.78082
2.00314
-4.91256
1.88066
0.21887
-4.09092
-0.70749
3.52766
-0.50179
-2.67300
-4.25772
-1.14561
-0.77108
1.89289
1.12741
0.10942
3.50549
-6.94940
-5.68803
1.69020
-0.10582
-0.97200
2.06445
-1.23057
0.64737
2.17067
-2.80759
-3.53856
-0.54322
2.13806
2.84363
-5.86225
-0.39452
-0.67372
2.83263
1.29544
0.37400
3.93741
-0.42390
-0.06726
0.93513
1.67815
0.00946
-0.50291
-2.24630
-1.15253
-3.89400
0.02478
-1.69781
-4.77621
2.66488
-4.45591
-2.45387
-2.98827
1.46698
-0.24021
0.23389
2.55206
2.79463
5.22247
-1.17256
0.16476
1.46799
-1.56793
4.63550
3.91468
2.93931
-4.45334
0.98006
-1.88072
5.19698
-0.46569
-0.72277
-0.37228
0.08282
-0.20582
4.78581
-5.44603
-4.96341
-3.40492
3.19488
-0.09090
2.38270
1.02415
1.70839
3.11339
-3.33982
-4.39182
0.60968
3.66499
2.36980
-4.86116
0.81130
3.76489
-4.10965
1.80667
-1.89322
0.83548
-4.46684
1.04639
1.88104
4.65787
-2.41539
-1.51216
-3.49555
-0.39269
2.14677
1.01509
1.28377
0.63726
4.24081
3.56481
-0.60268
0.34111
-0.32604
-0.06394
-1.96349
0.46117
0.73502
0.97132
-0.54884
3.82273
-2.62925
4.98818
-3.18416
0.88009
-3.10086
3.17602
-0.26312
1.20090
-4.00689
1.60412
-2.00751
0.14446
-2.27815
-5.07758
-4.23581
-3.22661
1.78597
5.22852
-3.06512
4.94750
-1.12505
-1.59536
1.25285
0.98927
-3.65695
-0.10988
-0.39661
-3.00296
-1.40120
-0.75197
-2.93210
-1.90947
-0.74646
-1.10278
0.89015
3.24238
-0.64601
3.98880
0.95874
-5.22354
-1.78445
-2.51518
-0.83746
-3.53413
2.39006
0.28323
0.54123
0.92944
1.70960
-0.27112
-0.13454
-1.61783
3.45295
0.54403
-6.06077
3.25008
-2.83833
-2.52235
-0.02249
-1.24726
2.67101
-1.89380
4.25763
-3.24753
2.62890
-4.47311
-0.11854
-1.26399
2.79636
-4.54352
-2.76371
2.73757
0.23555
-4.97456
-1.94067
2.04207
0.48417
2.91892
-3.15486
2.76508
-3.58887
-0.27118
-1.05421
1.46605
2.18159
-2.16000
-0.74315
1.13701
0.19992
4.44382
0.26385
1.11396
-2.56641
1.79967
2.74413
-1.53193
3.34693
3.38863
-3.59480
1.35896
-1.18304
-2.16524
-1.37136
-3.62143
-0.82223
-3.41986
-0.79551
-3.38033
-3.25798
1.64859
3.81825
1.97128
-2.31114
1.39620
3.59066
0.33249
2.83974
-1.79448
1.84103
0.01920
1.09217
-0.23375
1.92927
-0.60054
-1.15011
-2.35067
3.45766
1.03140
-3.25330
3.02150
-0.74071
0.36730
5.80954
-0.96000
0.09577
-2.62495
-1.52128
-2.70162
5.86614
-3.74399
-1.50733
1.97067
-0.24860
3.58880
2.98982
-1.41182
2.76997
-2.36499
0.21787
1.63030
-0.09148
-0.17894
-4.84450
4.16212
-0.62752
0.97252
1.63306
-1.09758
3.49893
-1.34623
-0.00174
4.65808
-2.20701
0.68740
1.47503
0.67635
0.55140
0.73760
2.95994
-1.17707
-1.04828
-3.05335
-4.41704
-1.93040
0.57892
0.14111
2.73480
-1.35955
3.22038
1.94158
2.15296
0.25394
-0.58623
3.42934
-1.86274
-0.21412
4.73749
-2.77718
1.14618
-3.92795
3.37932
2.53641
5.50864
2.77208
-5.40888
-2.28904
-3.27956
-1.64315
0.22431
0.19587
-0.76836
0.26121
-1.05456
1.47100
5.16553
-0.86309
0.08986
2.32081
-1.72179
-1.45063
0.44010
-1.00910
-2.31826
1.58339
-3.78678
1.96648
-2.08626
4.32746
4.93674
-0.45533
-1.44762
-0.28155
6.27947
-3.19010
-0.56606
-0.44756
4.41219
-3.82758
-3.56620
-2.58887
-1.95574
1.74437
-0.71778
1.35892
0.99380
-1.65366
3.29662
-0.00516
0.20841
-4.07472
-4.13512
-0.45913
-2.56386
1.99678
-1.25378
-0.16379
0.75275
-1.65316
-1.16418
2.38813
-1.87896
3.65300
-2.25495
1.97690
1.68300
-0.49137
1.50132
2.15270
-3.25012
-3.05650
-1.37359
3.21310
-3.05630
-0.51342
-2.64500
-4.54683
-2.13097
1.26907
-1.41739
-2.43318
2.27364
4.03945
0.19088
2.06055
-2.93673
-2.82115
4.43154
-2.63919
0.62392
0.16753
0.54011
-0.78486
-1.91466
-3.45380
-0.25657
1.57983
0.67174
2.60879
4.28924
1.54947
6.50734
1.56439
-1.52312
-2.39594
1.62712
0.15520
-0.00468
2.30870
-4.33904
3.15433
1.75683
2.92776
-1.57678
2.85691
5.53439
0.57713
6.85446
1.58011
-1.60290
0.98555
-0.73577
1.41215
0.49073
-0.69403
-2.44068
2.17079
1.01865
2.91713
0.84087
1.13797
3.48724
1.31314
6.57422
1.07268
-3.05193
0.49268
-0.18597
-2.30112
-0.82290
1.42326
-1.35228
-1.63559
-0.68697
-0.40563
-0.50359
-5.21300
-1.19612
-2.35919
3.98552
2.57235
-1.62785
-0.22755
1.52251
2.15219
-2.89490
-2.01932
-1.84868
-2.87686
-0.60974
3.93351
-1.40182
6.38696
-1.78098
1.19296
-0.97528
3.44242
-2.25372
0.92014
-3.19464
-1.63946
-2.33589
-0.85087
1.99274
2.67910
0.92028
-0.27421
4.68063
-0.88142
-3.74060
-0.96849
2.10688
4.46484
-0.95834
0.79970
-2.54483
2.52324
1.56435
-2.28484
1.58368
-1.38452
-0.70994
0.58687
-2.40366
3.46493
1.26487
7.28400
-2.88140
2.72536
-3.51652
-0.40660
1.41066
-2.38813
1.48741
-1.15726
-0.21930
6.76375
0.33431
2.43509
-2.98723
-1.96484
0.05000
2.97348
3.57063
1.38401
-1.92637
0.60336
-4.27128
2.32985
5.45718
-1.64848
1.72651
-5.77122
-1.75406
1.49066
-0.56084
-6.92997
3.56165
6.86300
-0.20180
3.06357
-0.40577
-0.30430
-5.69346
0.59538
-0.36852
0.72979
-1.33904
3.37574
-0.24623
-2.81060
2.75331
-5.14407
-2.13105
6.20347
-6.56191
-0.02416
3.65983
2.22000
0.51491
1.10737
-2.97562
2.32051
1.72578
1.08216
3.65915
-2.07328
-0.80058
0.83846
-3.95546
1.06750
0.96399
-3.68620
1.47332
-0.19675
2.02555
-1.53718
0.69683
1.17040
0.25341
3.05419
-3.00272
1.36810
-1.38763
-4.02914
-5.02166
2.28279
1.97277
0.42764
4.89257
0.49606
-0.37132
-2.08638
1.95519
6.05857
-1.04571
0.61805
-1.26650
0.86313
-4.23543
0.89729
-3.02569
1.27973
4.63383
0.23529
5.26953
2.25595
3.49807
2.59904
-2.53165
0.52922
5.25802
0.02331
-1.50848
1.62959
-5.54107
-3.74087
0.96668
-0.96492
8.02972
0.05499
4.10923
3.52738
-0.46086
2.15790
3.22033
-0.49395
-0.97119
1.05755
-0.08932
4.55461
2.41999
0.50481
6.01322
0.56383
-3.08330
-4.71719
1.59795
0.20075
-2.65709
4.64358
-0.32332
2.55188
0.51121
-1.08216
5.66441
0.57552
-1.16309
-0.18675
5.91197
-1.22158
-6.10012
-0.78816
5.52620
0.33482
-0.05246
4.62574
-1.57062
-0.78484
-1.86370
0.16821
1.89620
-0.67993
2.22176
-1.65216
3.19628
2.21708
-1.23071
1.32753
-2.88279
-0.24186
0.46110
2.31089
1.30511
-1.23629
-2.64151
-3.03627
-0.07811
-3.11882
2.69610
3.51734
-1.29753
4.35811
-0.26745
-0.20754
-1.20424
1.05236
5.16638
-3.11365
2.19543
4.39374
-2.96866
2.24135
2.46971
2.85820
0.60661
-2.08124
-1.13366
-0.28818
1.27807
0.45794
0.90871
0.74430
-1.22467
1.93432
-0.95714
2.81312
-2.15779
1.04433
-1.92114
2.12195
2.10865
1.59456
-2.65636
1.83689
1.27919
-1.47510
0.67076
-1.80315
2.32751
-5.72640
3.15973
1.38874
1.16682
2.30201
-1.10997
-1.73663
1.08345
-4.03870
-1.26464
-0.92717
2.33057
4.53673
1.06615
1.98214
-0.49044
3.35944
0.01917
-0.41941
-0.37732
5.91686
0.03805
-1.66297
-0.62307
-0.77170
-2.25410
-1.56716
1.81658
-0.35400
-1.61614
-5.11566
-4.08449
0.69053
2.46254
0.47739
-0.80180
0.77718
-3.57178
-2.22675
-1.75375
3.09259
-1.56246
0.99323
6.42761
-1.02167
-0.51031
1.27145
3.59983
-0.81446
-3.53072
-1.67072
-2.31732
-3.39275
0.09978
0.61087
4.31749
1.49550
-1.39584
2.90392
3.31643
0.89830
-2.36481
2.48160
1.59516
3.27948
3.41389
1.97327
-1.19585
-2.55505
2.64565
-1.36976
1.15119
1.46987
-1.21604
-0.45584
2.64914
-0.84356
-3.04896
0.48491
-1.24099
-2.35264
2.89404
-2.42879
-0.00342
-1.10565
4.18464
-1.38103
2.98926
-1.02865
-2.73958
0.63170
0.72585
-1.42026
-3.81897
2.16880
0.65434
0.01320
-2.21883
-0.96803
0.47850
-0.69110
-6.42638
-2.35160
0.33173
1.16170
-3.34249
-0.00410
-0.66841
-1.14550
1.31680
4.39681
1.35067
-0.28442
3.44989
-1.29166
2.36886
0.23135
-0.49565
-4.22584
-2.13175
-8.05813
0.08076
-1.28900
-3.69512
5.44859
-1.63509
0.19761
-3.05680
-1.66541
-0.47638
-1.79131
2.96483
3.07545
-1.19354
-1.92502
0.05039
-0.61997
2.88445
-2.15171
-3.64904
-3.79560
4.22515
-0.97450
1.30300
0.51580
1.59329
4.77881
-2.10620
-5.73763
2.21803
1.60386
1.25043
-3.89187
0.03762
3.24158
0.71913
0.08118
0.06194
-3.00582
-0.92439
2.71813
1.69207
-0.31490
1.77952
3.89475
-0.69830
1.98617
-1.82601
2.01208
-6.22051
0.22977
0.53642
1.15833
0.62889
2.87733
-0.68090
2.63098
3.74143
-2.50808
0.56927
-3.46703
1.44829
4.38917
2.70969
2.15982
-2.91953
4.06749
-1.44961
-0.69817
3.72312
1.02149
-1.17968
-2.58033
-1.68540
1.20740
1.80780
2.00081
-1.55162
-3.70284
-2.57195
-1.30359
-0.74910
-1.66529
-2.46677
-2.11252
4.54422
0.63796
-2.48224
5.40057
-0.92968
0.42995
1.91685
-3.43068
1.56974
1.29190
1.75991
-2.67453
1.61031
0.39528
1.26434
3.61475
-5.45891
1.06499
-0.22227
1.23124
-0.99734
1.72729
1.55515
4.82220
-4.20981
2.22245
2.92654
-1.37857
1.54608
-2.20280
1.31992
-2.18878
-5.17505
6.49237
1.27000
-1.33026
-2.99080
1.38431
1.91822
-3.32463
-2.56600
-3.97462
-0.08992
0.53438
-2.72509
0.14256
-1.35003
1.46249
-1.33783
1.23873
4.80362
0.47865
-4.25880
0.39267
-4.49041
-0.85115
0.13166
0.20171
4.63648
2.89050
-2.85659
-3.27205
1.99577
1.71694
-0.86049
0.55819
-0.32425
3.97247
0.85708
0.26358
-4.57163
-1.76304
0.94909
6.00163
-0.18302
-1.29628
-2.78787
-5.29894
-2.21759
1.48522
2.47519
-3.06843
0.11295
1.32017
-0.15654
0.12228
-1.55449
2.42407
-0.99093
4.19184
-3.74951
0.64344
-3.13444
-0.98489
4.06286
-1.06257
1.71568
3.75017
3.16798
0.69548
1.51786
-1.42019
-0.11431
2.41355
3.65031
2.67700
2.33807
-2.84285
-0.09057
-3.02401
-0.94557
1.63967
-6.61496
-0.78151
-3.20028
2.29675
1.41614
0.85975
1.14649
-4.54163
0.46133
-0.19658
0.78205
-2.46747
1.54434
-0.60534
-3.67674
-0.43133
1.48602
2.10078
1.32256
-3.96749
4.73361
2.91451
0.64220
0.21905
2.76352
4.78328
0.43474
2.35469
-2.86108
3.16343
0.31919
1.30312
0.14558
-1.69129
-0.44990
-6.36464
1.69623
0.21270
4.09621
-0.83293
4.09282
3.06596
0.90557
5.63900
2.30341
-3.01308
-0.18698
0.24122
-0.71095
2.82121
2.94474
-2.64003
1.97486
1.50799
-4.91132
2.25260
3.90023
3.08832
-1.97009
1.43705
3.90071
1.81388
-0.64913
-1.51912
2.64618
-1.17767
0.93074
4.39714
-1.92801
-3.50330
6.22559
0.22934
1.25816
0.69514
-4.87669
-1.13025
1.49435
-0.33986
-2.65641
-2.73109
1.87484
-1.21763
0.99763
1.06298
3.94057
5.75729
0.35428
3.15942
-1.61937
-2.52043
3.46758
3.25791
2.77767
1.13461
2.08542
-0.58426
6.61177
0.19877
0.02676
1.74431
1.89359
8.03936
-0.18490
3.50389
-2.86722
-4.60121
2.47349
-0.42717
2.97994
5.65341
-5.60612
5.30854
-1.56822
-0.31116
-2.78420
-3.15424
-2.65218
-1.98702
1.24104
-4.91993
-0.17900
4.63597
-0.10844
1.06548
-2.24029
-2.96489
1.08536
-4.72815
-0.11780
1.14209
-2.29882
3.59571
0.71084
-1.71050
-0.00364
4.82372
-2.13796
-2.94083
3.51673
-1.82941
3.90065
-0.01270
-3.44222
3.56359
1.92481
-4.01356
-0.04100
-3.92626
-0.87474
1.40510
4.65289
0.90649
3.92054
-4.07048
-7.48861
2.76144
-2.79492
-0.09007
2.42980
1.40014
5.00475
4.24862
2.98792
-3.33274
-1.02641
-0.06379
-1.08849
1.67260
6.33837
2.57654
0.69262
-0.66237
-1.40878
0.35486
4.18598
1.64116
-0.34041
-6.38470
0.84902
0.38925
-0.72969
-2.28055
-0.42517
3.74697
0.33586
0.60653
-1.56241
0.32711
-3.48780
0.70940
0.98745
2.92729
1.10455
-1.26049
-3.02930
2.26167
5.20428
2.93645
3.36561
1.31196
-1.37973
4.36028
3.15677
-0.72185
-2.64627
-0.74664
-1.97600
-4.87556
-0.12807
-3.84144
-0.58889
3.36975
-2.77394
0.22773
-2.14303
2.98461
1.12666
-0.11271
-0.59012
-1.47479
2.90157
1.69831
6.60740
0.95130
-0.68126
-0.78219
-2.91752
-0.72554
0.87992
0.24142
-1.20164
4.04849
-3.82020
-6.54016
-2.78428
2.03334
0.03968
-2.25507
4.74334
-1.98363
-0.67474
-3.54988
0.79359
2.35927
-2.70201
-3.46062
-1.11973
1.26870
2.11856
-3.67669
-3.23655
-1.66879
3.15129
-2.26066
-2.38896
-4.24899
3.03981
-2.53253
-7.17912
0.53097
-0.01601
-0.53302
3.57898
7.22033
0.44795
0.73931
1.19259
-4.64752
2.24310
2.31795
-3.67570
2.86843
-3.54090
-4.88920
-1.90631
-3.18539
-0.98141
-0.71946
2.75533
-1.45769
-0.81900
-1.82127
0.22101
2.01856
3.80128
3.63169
1.51649
-4.18880
0.26014
3.66266
4.44885
2.57630
4.42385
-3.67188
2.29660
5.12068
5.89385
0.61115
-2.13839
-5.61537
0.77462
1.45197
4.90878
4.44049
0.07580
4.75119
4.41026
-4.38710
1.01452
4.80273
-0.27410
0.04056
-2.11564
2.36527
-2.92181
4.13026
-0.68388
1.05765
-5.95936
-0.20068
-4.43920
3.67017
-5.47718
1.14795
-3.72833
-1.30375
2.81262
2.60497
-0.80529
-5.15834
-2.29862
2.14621
-3.48697
-0.07128
-3.81838
0.35006
-1.60706
1.70195
3.47954
-3.36448
3.61282
2.56777
-0.16741
2.80360
-5.08532
-2.57714
-3.63282
1.52100
1.13314
2.25124
-0.40527
-1.38686
-1.16927
-0.95647
-2.72441
1.52578
-6.23750
-2.76101
-1.56791
-1.77790
2.82357
1.44371
4.54796
1.02892
-2.32977
-3.51707
-1.87454
-0.79374
-1.01875
0.89840
3.13134
1.62428
2.35568
-1.34899
-3.27270
3.18884
-1.59688
-1.22403
-0.11892
4.77768
0.17958
-0.42327
4.42751
-2.17792
1.30644
1.51657
-0.74116
-4.15066
0.26082
-0.78746
-0.90748
-2.47255
-2.22039
0.87991
1.68473
0.50199
-4.13255
-0.98995
-2.37258
2.11957
-3.97667
-0.59410
-2.15617
-1.23241
2.43846
-0.83612
-4.64001
0.21403
4.03476
3.85983
-0.61724
-3.12902
-6.70792
-2.61779
-0.90910
-2.56204
-2.83652
-2.47237
0.37826
-3.94426
-2.48227
1.35298
2.13623
0.54424
1.74695
0.83428
0.29090
-2.62881
-0.63377
0.65347
-1.43149
-1.71351
-2.77733
-4.34586
-2.66123
4.89639
2.67986
-0.45231
-3.04741
0.62710
-7.37744
-0.46274
0.73491
4.46757
2.06466
-9.12583
-3.61174
-2.52961
-0.98573
1.66208
-1.50238
-3.66187
0.68170
0.95108
0.06527
-3.32297
-1.41517
8.37626
4.78376
0.83444
4.60651
-1.20691
1.44405
1.45502
-0.07625
-1.73536
2.60379
-1.17405
1.83922
-2.99434
-2.47483
-0.98922
-0.36381
3.33541
-2.85350
3.01199
-1.87357
0.49227
5.44615
2.47478
-1.22466
-2.44251
6.23739
-2.25442
1.55083
0.68077
2.74509
2.15769
-4.68558
0.47220
4.05700
-0.27947
3.74530
0.94569
0.63286
1.60814
2.86389
0.85460
1.14911
-1.53104
0.02311
0.59226
1.19616
3.20885
2.74641
3.87050
-2.43806
0.26963
2.49647
0.05077
0.31209
-2.73131
-1.79798
0.70460
-2.64994
0.76674
0.24872
-0.42445
2.04085
-3.43763
0.09707
1.65261
-0.61974
1.16803
-3.09660
1.92289
2.35336
3.55214
0.84626
2.35981
0.26789
-0.49702
1.53598
0.93552
1.22718
2.48154
0.99535
3.18517
-2.53181
-1.34658
1.14467
-4.81196
0.09354
-1.75957
0.23499
-1.88249
2.56320
-0.72798
2.30324
1.63765
1.57372
-1.88088
2.04913
1.41986
1.22520
-0.55318
1.54935
-0.55250
-3.30601
-3.77598
1.79025
-4.48649
3.54804
-2.34114
-1.44655
-2.61440
-2.75296
-1.40688
-0.87342
-0.56027
-7.74142
-0.09705
-0.06998
1.47528
-0.41586
-1.22417
5.92139
4.91770
-3.97151
-0.56679
-0.43693
-0.16817
-0.42399
-1.65791
-1.18371
-3.39112
-3.86614
-1.68886
2.86319
-0.34707
-2.54911
-2.99649
-2.92938
2.92606
2.99266
-0.64687
-0.91207
-1.33864
1.66040
-3.51138
4.56009
1.67481
2.56545
-2.91284
4.71643
2.31036
-4.13092
-0.92043
-0.60698
0.96482
4.78937
-2.94344
2.95400
-3.13907
6.83923
-2.14004
1.07076
-2.18215
-1.28292
-1.78208
-1.94930
-3.20094
-0.16688
1.32637
-0.11071
-2.04657
-0.22880
-0.98762
1.06211
2.24064
2.05827
4.26406
1.48210
-1.16551
4.81732
2.49625
-3.69772
3.43625
-5.05436
2.71419
-1.72184
0.81533
3.66353
-0.05981
-0.50578
-0.08569
6.02762
5.27731
-0.22573
2.73273
-0.38058
-0.01553
-4.98954
0.80857
-1.15054
-2.88491
-2.20608
1.64692
3.68907
0.48650
1.38302
-1.17931
-0.11229
-0.45473
1.49976
-2.87534
0.69447
1.97867
0.42477
3.21465
-2.26065
1.15734
2.47600
2.28151
0.57292
2.43645
-1.80773
-3.16320
-2.25377
-0.19976
-2.11380
-3.84213
5.28569
4.86278
-1.82282
1.11681
3.39500
0.81636
0.99937
-4.39958
-5.30525
-1.59369
-2.19351
1.80913
0.41422
-1.19167
0.90563
0.71061
2.72266
-3.99341
2.20962
-3.27661
-0.29003
-0.74112
-3.75596
0.28541
-0.20944
-2.21366
2.62772
0.35533
-2.24623
-2.55045
-1.46180
-1.92162
1.07823
-2.63898
-1.63659
-2.80827
-2.50381
3.03697
2.43773
-1.87911
-0.20450
4.72225
3.46865
-4.74855
2.17771
0.37502
-2.39749
0.18334
1.10232
-0.43069
-2.11386
0.21414
-0.64097
-4.03389
-3.41194
1.42429
1.41927
2.48003
0.32250
-1.11288
-0.63594
-0.59434
-0.62868
-2.13157
-4.54707
-2.96563
1.16058
0.88390
-4.78655
2.99861
-2.41011
-0.57984
0.48099
1.50947
3.23816
3.43718
1.45100
-0.49062
1.09751
-5.79414
2.31725
2.22533
1.57449
-0.93732
-4.21959
2.58717
2.17169
1.51662
-1.75181
1.73744
0.74056
1.34659
3.48356
-1.83891
-2.23724
0.98226
3.26210
3.87797
2.98503
-0.98427
-1.58752
-1.72962
0.64874
0.62863
-3.64721
-1.53943
1.85825
-2.93769
-2.31691
1.27505
4.22171
-1.11241
0.36518
-0.05403
3.57034
2.13571
-3.14837
1.44954
-0.53030
-2.71798
2.69576
3.61775
2.49622
-4.85034
3.09429
-0.39602
2.59851
-0.53723
-2.55348
-2.45228
-2.32212
1.95892
-0.42438
1.37187
0.15041
1.08549
-0.07641
-2.07295
-2.67370
-1.14566
-0.43410
-2.17472
0.17559
-0.21732
2.30840
4.34129
3.63467
2.22552
1.36902
-2.35941
2.15056
-1.57002
1.50899
-1.29673
-2.49465
-1.16545
0.98954
2.75679
2.29578
0.39462
0.42776
-1.74387
-0.75140
-3.99806
0.27599
-2.56052
-0.57316
1.41931
2.09504
-1.46144
-0.99381
-4.12615
3.66994
-1.40848
-0.85154
2.25828
-0.39971
1.56572
1.61853
3.05400
-0.81673
0.44848
4.34982
-1.52744
6.49672
-0.33324
0.33671
-2.56599
4.14728
2.51181
2.18079
7.08042
-4.16294
1.35664
3.00053
2.19812
3.14766
-6.53410
0.46478
-2.61774
1.20428
-0.59992
5.91512
-2.68552
2.22752
-1.73471
3.60271
2.45484
-1.97126
2.25919
0.82491
5.04912
0.50620
2.10259
1.96205
5.74640
-0.51522
-0.97719
-5.76001
-3.05730
1.61862
2.09980
0.27663
-0.05042
-2.14745
-4.20338
-0.61086
-1.68514
-2.26191
3.21508
-1.41494
-0.26830
-1.92128
3.61891
-0.21841
-3.91043
1.02644
-2.78383
4.42546
4.68135
-4.10719
2.78675
1.15884
0.95888
-1.53576
-2.44181
-4.02607
-1.90730
-0.20168
2.91059
-1.56588
-3.14655
0.58619
1.02232
0.20886
3.04507
1.94795
-0.10894
0.48787
0.57420
-1.06167
2.50140
1.52847
-3.18781
0.72674
4.02214
-0.43218
-0.70799
0.12729
2.31056
-2.80739
3.22636
1.75998
-1.00810
-0.30359
-1.34627
1.50896
-0.33275
5.57422
-0.99750
-3.46959
0.52656
-2.83316
1.31271
-2.15191
2.99692
2.31735
-2.55599
1.55212
0.37854
-3.84073
-5.43981
-6.38602
-0.19374
-0.42996
-0.43792
1.09217
-0.78673
-0.93807
4.03380
-1.86151
2.30456
3.06305
1.20356
0.00465
1.88216
0.54416
-1.90066
-2.06762
0.80707
7.02713
-3.19748
3.94842
-1.93825
-0.05255
0.87207
-2.02029
-1.58803
-1.33825
-2.31800
-2.20165
0.18584
7.28988
-0.37272
1.72440
-1.61296
5.67301
1.05124
2.21743
4.13382
1.38409
4.83390
1.10413
-2.28669
-1.43721
-2.46337
4.84688
3.01537
-4.15852
-0.17456
4.06134
3.68665
1.57449
4.64293
4.53133
-0.19337
-5.11393
3.02753
-0.59042
-4.77547
0.16533
-1.36609
0.96453
-0.48101
-1.53934
1.02457
5.26429
-3.65635
1.72297
-2.89008
-0.61656
-2.32573
-2.89939
2.91454
-0.17280
2.76481
2.19976
0.89370
-2.40771
2.52076
1.00187
-1.24263
-3.37815
3.44949
-1.52942
1.22594
2.55854
1.92027
2.51434
-0.89248
2.47958
-0.64644
0.65484
2.45045
-0.07368
0.52043
1.35200
3.55722
-1.52168
0.11948
3.70790
3.79534
-0.54133
-0.48214
0.14214
-3.60824
0.92880
2.58974
0.91724
-3.16675
-3.76711
1.02928
-3.56718
2.06461
4.79756
0.13504
1.11758
0.36594
1.25326
1.08315
-5.05687
0.44699
-3.89711
1.27859
-0.32727
-1.38141
0.48577
-0.65519
-2.34853
-1.11819
-7.60900
4.62790
-1.30048
1.61598
1.00162
0.45806
0.87454
-2.27885
0.48611
-1.03818
-0.27478
-2.38989
0.28204
4.64936
0.17601
-5.95390
1.86572
-2.08338
0.97668
-2.48967
-2.32079
-5.99417
-0.89626
-2.59002
-0.80093
-1.22884
-1.25996
-2.45197
-5.70158
-1.59388
-1.56741
-4.02619
0.48782
0.55547
0.49429
5.01336
-0.19464
0.16880
-1.83015
-0.71144
-0.48016
1.93727
-0.83111
-0.60525
-3.90112
0.57756
-2.25263
2.95447
4.43111
0.67770
-0.13788
2.85440
-2.57300
-0.39782
-1.46938
-0.44028
2.62464
0.55651
7.39622
1.53811
-0.21089
-0.10848
-2.83068
0.86305
0.32573
-2.26604
0.65450
-0.80206
1.56008
-2.34913
1.73832
-1.49738
0.61345
-0.95398
-0.29660
-0.22118
0.38910
-2.26459
0.45963
0.71515
3.47773
-0.52877
-2.73430
-2.72742
-2.18148
2.26012
0.86925
-2.41903
0.47058
0.54451
-1.13430
-2.70568
-3.72114
1.51341
1.48275
-4.71746
0.82527
-0.37946
4.08380
1.68391
-2.86208
5.22035
0.22941
-2.58597
0.71229
1.59997
-1.82150
-2.70307
1.27032
-3.05921
1.51625
4.19434
-2.23550
4.08955
2.42502
1.10623
-5.22726
-0.61433
0.60556
-3.70347
4.00535
-5.64581
-2.21904
-2.57166
-3.65793
-1.54903
-2.17784
-2.02640
-1.28137
-4.44325
0.17851
-2.45991
1.36571
0.67978
-0.07543
2.59383
-1.76897
1.55628
0.78041
3.88953
-5.32050
-2.48956
0.54218
-0.28952
2.43503
-0.21055
0.06831
-0.72849
2.79456
-1.94127
-2.91513
2.11320
-0.57315
3.89598
-3.68663
2.29288
0.64035
-1.92145
0.84397
-0.65849
-2.88248
-1.18455
-1.14785
0.45648
-2.12699
-2.69352
0.95414
-1.81513
9.34006
-1.29221
-4.37772
-0.30930
0.44450
2.25973
2.56087
-0.79976
3.18560
5.50849
1.48223
-0.01052
-0.15262
2.52873
-4.02424
-6.07731
-3.39818
4.66821
-1.00220
-5.25784
3.34047
0.78703
-1.15056
-0.05628
-4.37126
3.03094
-3.34176
-1.03189
1.72416
-2.69097
1.77487
1.39265
2.18941
5.07297
0.32921
3.75174
2.52548
4.29752
2.76333
1.82797
-2.33243
2.19705
8.57507
-0.17184
-3.80858
-2.75764
1.66524
-2.58752
1.20725
2.38217
-0.30182
1.51473
0.54937
-1.40774
0.12591
0.64590
1.73022
-6.66133
-0.44072
1.03943
1.27366
7.18454
0.25367
-2.11504
0.18581
0.47010
-1.03248
-0.68332
0.90902
-0.32308
0.33141
0.52830
-1.69650
-3.61246
-1.35822
-0.86644
0.49516
0.98128
0.14289
-2.49857
0.19404
-2.29366
1.34884
-4.70964
-2.25444
-0.17072
0.27713
0.67273
2.43458
5.03426
-0.76512
-0.36377
-0.79137
-1.59115
-0.54672
-0.63895
0.94172
2.50121
-2.70006
0.60381
1.85253
-3.11919
-5.20167
-1.08780
-1.11052
-4.20205
3.03618
-1.42878
-2.99059
-0.09829
2.01685
-2.44880
-3.90251
2.23310
-1.64198
2.75362
2.28417
-3.54726
1.31806
2.03538
-0.43829
-0.11478
2.10575
2.31181
-3.78377
1.67279
-1.07696
4.43395
2.27360
-0.79170
2.81890
6.45947
-1.45224
4.72994
-1.49491
-3.84392
-2.54508
0.13337
-4.78318
-4.47354
-0.70687
2.55084
3.67990
-3.06073
-1.39166
-1.23567
0.85518
-3.46238
-1.81419
-1.60158
1.19570
-3.72316
-0.73280
-3.22222
4.24311
-0.03011
-4.33827
-1.11409
4.41903
-2.64921
0.64355
2.78969
-3.51046
7.94244
-3.81380
-3.75896
-3.72774
-1.58554
-1.87859
3.30307
2.78066
2.01333
0.56905
-2.39162
0.52995
3.87464
0.96830
-1.77772
1.88715
-0.65725
1.18125
3.53739
-2.83068
0.11145
0.69868
-0.11937
-4.65887
-5.16143
-0.50720
1.75317
0.64368
-3.92903
-0.12201
-2.53713
-0.08663
-1.75951
2.65908
8.03377
-0.39292
1.96771
4.01696
-1.08310
0.25605
-0.66093
-2.51779
1.77845
0.99363
1.38611
4.04225
3.70026
-4.09321
3.82231
0.87519
0.10566
-1.04620
5.74177
6.77812
-0.67382
-1.97448
1.85237
3.86299
3.13235
-1.48515
4.67272
0.08532
-3.32069
-1.96421
-2.85701
2.83371
3.60134
5.33634
-0.91291
-1.75942
-3.20136
1.58173
-1.95796
1.83177
1.80339
2.80025
2.00381
-4.03372
0.38060
1.81253
1.56717
1.79215
0.68135
1.59286
-3.09556
0.22498
3.58894
2.34815
0.75776
-2.16148
3.31351
-2.26805
3.84788
-1.23231
-1.60833
5.62479
3.40246
2.37539
-0.99228
2.71980
-5.87130
3.29017
-1.14271
1.37561
3.08259
-3.58931
0.10477
-0.09257
-1.37669
-5.36317
1.43916
-5.59029
2.23146
0.18761
-1.15890
0.41515
-1.80137
-0.11726
-1.20125
-0.89150
-0.95360
1.33738
-4.90766
-2.71604
3.25183
-1.73829
3.30263
3.75271
0.94365
4.19468
4.10819
1.72680
1.69753
0.35584
-0.85326
-4.83032
-2.67972
1.83418
2.51055
2.29367
-0.85142
0.43670
-1.05416
4.89463
-2.10829
-1.57072
-1.41032
-1.46386
-0.75279
0.21871
1.56222
-0.53349
-0.37212
-4.87770
-2.29157
-1.44331
1.08994
-4.47677
-1.61957
1.26729
0.13866
-0.17343
0.43876
2.04304
-1.41104
-5.41236
-1.69781
-3.81812
-4.10190
-1.56160
2.41889
-0.09509
-0.65386
-0.02682
-0.03754
0.04457
-1.50118
2.76581
2.19452
0.70911
-2.11069
-3.49659
-0.40409
-1.62373
3.61759
1.90664
-2.00601
3.44896
-1.97871
-0.22557
0.72850
-0.24761
2.05375
-1.04550
0.08853
-0.50684
-3.12290
0.42956
0.73312
0.79052
-1.10043
-0.50995
1.11345
0.90952
1.26605
-4.95406
0.31416
-4.74439
5.34992
-2.49950
1.19862
-1.37289
0.62935
2.38114
0.88532
-0.61895
-1.95173
-1.76714
-1.40982
0.55352
-1.06325
0.08183
-3.86356
0.21207
-1.76276
-1.12867
-1.02073
-1.11646
0.69802
2.81916
3.57043
1.08111
-2.16841
-6.84291
-3.36209
0.55965
-1.01789
0.46093
6.44523
4.17567
-0.60170
-0.67201
-2.14142
2.32241
3.08976
-6.29916
2.39291
-0.87910
4.14806
-0.58260
-0.43750
2.96423
0.55724
-0.81535
-2.13813
-0.07198
-3.74427
-2.76404
1.32826
-1.11148
4.10984
-2.74835
1.66500
4.59313
-2.92340
2.02153
-2.75073
-3.81254
-3.78971
-3.94151
-1.13151
3.52158
2.41271
1.12478
-0.11448
-3.91211
3.03331
2.15188
4.15558
-2.97508
5.17983
2.34964
-3.33328
3.52899
2.75828
-3.10743
-0.44645
-1.37534
-0.43866
0.23117
1.39336
-1.43354
-0.82567
0.75554
-2.29176
-2.94167
-4.38126
2.19074
-0.21870
2.39058
2.86930
-2.98232
-0.25873
0.52625
1.36224
1.52822
0.22010
5.45784
-1.40282
6.45019
-3.44938
-5.44061
3.06557
3.96287
1.61803
2.32969
-4.09031
-0.68204
0.21497
-0.29078
-2.26578
-3.53284
0.24101
-0.48096
-2.50662
-2.63357
1.27046
0.96582
-1.14153
-1.53004
-1.04991
2.18060
-2.37872
1.13049
2.00246
1.06940
1.19246
-3.95943
-0.37431
-2.22572
4.39196
-0.31084
-0.03985
2.74307
-0.64592
-1.27068
-1.49815
-7.52223
-2.64417
-1.38011
1.46268
-0.46073
-3.87252
-0.70375
0.38112
-0.14295
0.68515
-0.05817
3.04298
-3.82627
4.67584
-4.07887
2.82317
2.07980
1.55051
2.08260
1.25071
-0.97772
1.09857
4.48829
3.31795
0.83931
-1.05189
-0.12107
3.24066
-0.04492
-2.86584
4.10859
-4.70769
3.06277
-2.92392
-0.34609
-5.22023
-1.46694
-1.29259
0.44297
6.81705
2.30913
-0.24498
-2.09754
-1.50365
3.99058
3.40783
-0.36130
4.01297
2.51084
4.28709
1.77026
-3.51212
-3.53732
2.14966
-3.39750
0.65642
-3.24744
0.47751
1.08174
1.23720
-3.09098
-6.13600
-0.70811
0.93640
0.74713
1.28179
-8.11657
1.30964
-1.01172
-0.26150
-0.25342
2.51218
-3.04205
-2.47235
-3.63295
-2.78572
-0.44431
2.42155
2.83091
-2.63732
1.08132
-2.87011
-0.73327
2.86734
3.26671
2.66981
0.89415
-2.26687
1.93172
-4.75317
5.71457
2.30804
-1.64263
-2.04493
2.00007
0.13546
-0.89661
2.36716
1.92572
-5.55686
1.94108
4.07842
-2.89507
1.19719
2.73418
-0.58198
0.31086
1.86015
3.19966
-3.75963
-1.67922
-0.57353
0.03563
-1.37178
-1.92479
-3.73608
0.15635
5.33634
-0.60576
-0.13794
-0.85264
2.51854
-6.07303
4.97124
-0.32634
1.45875
-3.01104
-1.80272
-5.87173
1.03497
5.99868
3.76727
3.13513
1.70431
-0.26934
-1.65065
1.07576
-2.35737
4.50550
2.70848
0.73664
1.32472
3.40869
2.78687
-0.55404
-2.49641
1.14038
-0.16345
3.10174
0.21640
-2.91685
-1.48580
-0.47694
0.93831
-1.44618
3.51860
-0.87061
-1.84429
0.24679
-0.02041
-0.47574
-0.75454
4.31352
-1.84523
4.68685
2.14865
-3.37739
-4.39696
-0.02880
-4.69672
-1.83075
0.02412
1.08110
-0.17803
1.32174
-1.72609
1.09947
-2.24091
0.07010
4.37133
4.21454
-1.54505
1.36587
0.45737
-5.16255
1.37699
1.73168
0.97494
2.53478
-2.09046
1.05265
1.55966
-1.62945
1.59769
-1.27091
-0.16727
-1.47219
-0.64412
-1.84491
-1.36495
-3.57460
1.82760
4.94289
-3.99794
4.40920
0.84115
0.27188
0.00645
0.37066
0.78610
-1.05309
5.13105
-2.51038
0.37995
-3.59296
-5.16281
1.77244
1.24228
-1.38256
1.50804
-1.14882
-1.42845
-0.01713
2.33681
1.93061
-1.80162
1.55340
1.29941
-1.21657
-4.56769
5.87811
-6.03667
-3.40859
-0.08011
0.38201
3.26686
0.90904
-0.15170
-0.74937
-5.83287
-0.63109
-4.53533
-1.39446
1.10844
-3.66378
-2.10778
-0.00015
2.00689
-0.86220
-3.05758
-0.81177
-3.71004
1.97489
-0.82231
-0.87454
-0.01108
1.11768
-2.61562
0.95588
-0.15745
3.64083
1.56717
-3.46617
-1.31045
0.42950
-3.98005
-0.07666
-1.78923
-0.98163
-1.48086
-1.23922
-1.43150
1.94211
-3.07401
-3.89331
-2.13219
-0.58343
0.48606
1.84738
-4.92192
5.87795
1.61574
-3.51046
-2.71420
0.85273
-0.06222
2.71995
0.32080
8.13862
-3.33554
1.78188
2.36704
0.97177
-4.35640
-4.08222
1.83264
6.25903
1.28406
0.99949
-1.82761
-0.87280
-2.11468
2.28770
3.37823
6.52934
3.72031
1.51142
-3.77153
-1.46734
-3.31279
-0.90466
-0.14154
0.05211
1.43377
-1.97250
1.98701
-1.33521
-1.80611
0.66187
-1.89123
-2.12052
0.66960
3.46249
-2.57662
-4.90929
1.40485
0.39771
-2.48022
-1.68544
-1.40690
-1.30385
2.37159
-3.61554
-1.47064
-2.84530
1.03163
3.00120
-0.49236
-3.01126
-3.12964
-0.37615
-5.80899
2.10099
-1.68519
5.03200
-1.56908
0.94217
-1.20996
-0.30678
-1.42931
-0.79749
0.24677
1.25164
2.26740
2.21618
-1.51752
4.49899
-2.91087
4.44633
-3.41060
1.35781
-3.04034
-0.74158
-0.75275
-3.36875
1.13267
0.98050
-0.66721
-1.84125
2.51154
5.10219
2.28457
2.28311
3.57197
3.24328
-3.13251
-5.03638
-1.38496
-0.14807
-1.65910
0.50527
2.13437
-1.85462
0.69446
1.81534
1.44909
-4.60686
-2.38400
-5.79328
1.57985
0.81434
4.86040
4.20689
-2.83985
2.97968
-0.68630
0.91586
-1.67202
-0.94096
5.58864
0.25632
0.24069
1.22672
7.52506
0.17842
-2.97551
-1.95684
-0.69971
-1.21548
-0.12421
1.69637
2.73362
-3.03080
1.41690
1.22205
-1.79739
0.31896
1.85490
-1.23187
-2.09007
2.04262
4.00672
3.85886
-0.59905
-0.67876
-1.65715
-0.40497
-0.40541
1.53799
2.03105
0.32778
-3.03303
-2.09259
3.71648
-2.20437
1.31626
-3.80975
-1.59289
1.60120
0.17692
-1.52655
-2.65005
1.01815
-5.50909
0.69873
0.30066
-0.50286
-1.39265
-2.90339
-3.46430
0.76261
0.65263
-2.29095
-1.12760
-3.14871
1.19145
3.44214
-1.20271
-3.86630
1.81466
-1.50780
4.65075
1.53098
-0.54033
-5.84564
-4.81477
1.04096
3.16455
-0.26187
-2.62079
-1.41106
-0.05458
-0.55739
3.49068
1.53532
-0.83136
-1.81469
-0.25652
-0.91577
1.47006
2.11144
2.26027
3.99139
0.72264
-2.51193
2.90489
-0.65170
-0.82497
-3.86017
-4.41491
-5.62967
-0.06773
-0.01066
0.24021
1.37620
-1.03323
-1.86881
-6.01412
3.58878
2.03957
-0.00196
-0.81602
-2.54803
-2.32916
4.26156
-5.09928
1.99481
0.43566
-0.57642
-0.08200
-6.54976
-2.16914
-2.79721
-3.80191
1.83892
-0.34082
3.23434
2.75974
-4.27480
-1.73684
5.26059
-2.73325
-0.34463
-1.20634
-1.33827
-4.73102
-6.29138
2.78013
-2.05842
-2.51060
-4.94521
-1.03226
1.96341
4.51179
3.75408
-0.65698
0.34204
-5.15562
1.82923
5.78096
-2.19138
1.69280
-4.10677
7.12870
-0.60301
-0.89962
-4.29746
0.21766
1.21934
-0.67824
-1.77411
4.67230
-4.42883
-0.66161
1.62166
-0.37691
0.69100
1.39477
5.13101
3.59936
-0.17105
-2.19762
-2.09760
1.39332
-1.10097
-0.70636
-1.06926
2.61712
-3.91492
-0.46223
-4.21544
-4.04102
1.02936
-2.63665
4.30551
3.73434
5.72324
-4.33112
2.13208
-0.99241
-0.43719
0.95522
0.11238
1.02320
-3.52725
2.56097
-0.14627
-0.48041
-1.99579
0.90960
0.86174
-3.07204
3.77746
2.28948
-0.87231
-1.78952
-0.26408
4.99262
-1.82211
-1.04449
-0.24923
1.78326
-1.89057
1.37916
1.05159
2.58813
1.57395
-2.13977
0.52560
-1.67848
-1.78542
2.26221
0.59188
-4.76229
-3.60978
0.99146
1.54285
-0.68931
-0.79692
-1.11682
2.23936
0.10870
-0.25790
0.53233
-1.92574
-4.04179
1.75184
0.20626
1.53047
0.49894
1.35714
1.17206
1.25160
-1.80721
-1.44943
3.69101
3.24942
2.46424
1.34241
3.65278
3.73536
2.18029
0.78689
0.53817
0.20135
-6.81527
4.01075
-4.07117
-0.80634
2.52488
-0.06271
3.87191
3.85239
2.26638
1.91149
-0.27676
0.66335
1.03058
2.39984
-0.12383
4.77019
1.80335
0.63012
2.17583
-0.83701
2.26297
5.28303
-0.69433
1.10571
3.74338
-0.71620
1.40660
-3.00744
-4.14205
-3.33686
-0.94470
-3.32366
-0.15136
1.19664
0.19071
7.43207
-6.53562
-0.94112
0.40348
-0.36003
-1.64090
-1.76577
1.94835
-3.32401
0.68353
-1.33647
3.80482
-0.75349
3.38890
0.19899
-2.36287
-2.26272
0.80768
-3.10545
-0.27905
2.83566
-0.34665
-2.04245
-4.97917
4.46437
-3.55776
2.04406
1.22323
1.75235
2.39190
-2.73407
-3.98114
0.26580
-0.25188
-3.83024
3.14267
-0.28008
3.89183
0.00168
-6.83954
1.54191
1.06457
-3.74130
-5.25649
-1.42468
3.84467
-0.51991
-1.57342
1.34538
-2.36207
2.05317
-2.39825
0.59204
1.30966
3.49449
1.62727
-1.26200
0.11528
2.72883
2.73532
0.46271
0.99979
0.65241
1.60527
2.69814
0.44438
1.79702
1.77903
-2.47412
-3.18232
-4.73782
-2.66322
-0.17577
-2.77291
1.57139
1.79231
-1.80219
-1.79008
9.85913
-0.88427
-4.69441
1.42204
0.00305
0.39143
-3.21971
-0.29218
2.84516
-0.34997
-4.85804
0.70111
5.14934
-0.50000
2.19409
1.46740
0.57219
1.13635
1.78682
0.62365
-2.25819
2.86774
0.41909
-2.57741
3.23303
-0.34294
-2.00472
1.36031
3.05842
2.63904
-0.18903
-2.49819
2.84464
0.47636
0.82805
-0.76942
-3.46813
3.43797
4.44004
0.09722
-1.14233
-3.50248
-1.14798
3.13829
-3.41826
3.69311
0.04876
-1.00492
-2.30683
1.31543
-2.49684
-0.40586
-3.37691
0.71356
0.19615
2.95010
3.51079
0.10317
2.26068
3.46305
-3.78977
-4.82819
1.45148
-0.35001
-0.41324
-3.45843
1.04693
5.72313
1.21085
-0.08896
-1.26236
-4.13187
-3.30603
-1.06334
2.46087
0.34198
3.58583
0.62300
-0.00040
-1.34834
2.74315
-3.06728
-2.23301
1.92006
-1.12099
3.09996
2.49759
3.34594
-1.48019
3.43590
-4.12411
-1.24077
-2.21407
-1.61029
-1.25124
-0.16777
-0.55240
1.03205
1.47470
0.92335
2.31975
3.36693
-0.66952
2.01573
1.51179
-3.37258
2.24690
0.20620
-3.30832
-0.20004
-1.51014
-0.13705
0.71720
-0.98026
-1.44421
5.51542
0.60939
0.53923
-1.44303
-1.13035
-1.68274
-2.17497
0.70996
-0.91706
1.64501
0.48464
-4.73594
-2.85947
3.97982
-1.09806
0.46978
-0.48391
-1.75032
-0.07908
-1.00354
-3.08233
-2.20888
-7.19409
1.23411
-0.20311
1.64833
0.36839
5.13914
-2.86388
-0.40389
1.36150
-5.96060
-3.97523
-0.04594
3.80080
2.68527
-2.05427
-1.96599
1.29415
7.31358
-2.09512
-1.68489
-2.40962
7.23570
4.53402
1.79392
-2.80233
-1.08760
-4.72656
-1.19965
6.51696
-0.89784
1.83410
-0.15041
0.76216
-3.98152
7.65608
3.93128
-1.23439
-2.53143
-6.29547
0.67440
0.23970
0.51937
0.42179
-2.16108
-0.76458
-2.53699
-2.37478
-0.06171
-1.86927
0.34463
0.72295
-3.47995
-4.81702
1.17720
-3.83096
-0.92015
-3.69483
-3.67263
0.38424
1.78870
-1.58756
-0.17261
-1.50133
0.13628
0.59524
0.63407
-1.39579
1.97506
-0.68126
2.75223
0.05628
2.47248
1.42675
0.97220
0.91686
-4.41490
-0.37931
3.85525
-0.35618
1.91214
0.05154
1.07126
-4.69746
-1.33678
-4.10784
1.09996
-1.00449
0.08347
-3.49270
1.86661
2.00451
0.39957
1.76374
2.90307
5.25613
0.94599
0.00190
0.88842
-2.40127
-2.79270
4.69168
-4.76213
2.37522
3.07088
-0.35172
-1.99570
-1.79289
-1.46288
-0.02300
-3.58087
-2.50245
0.51449
1.16978
1.03607
-1.37431
1.27490
1.10853
-1.83626
1.53720
1.11659
-3.97741
-1.41455
2.62721
1.01046
-0.25312
1.02854
-2.97874
1.37604
3.33341
-4.32070
3.30006
1.99924
2.23507
-0.78308
2.78316
-2.22399
-2.15340
4.75408
0.30266
2.68172
1.16218
-2.10757
-3.02163
-1.28535
-6.42972
2.81917
2.60549
-4.64066
0.45276
3.64931
-0.09645
-1.06388
2.72046
-2.69794
1.57778
-2.37861
-0.50079
-1.85100
-3.56901
2.71410
2.66977
-2.24086
-0.61506
-0.75819
-1.01020
-1.29943
-3.16233
1.89498
5.06319
2.46428
-2.29669
0.51589
-0.92543
-4.09741
-1.07660
1.20266
-0.94342
0.35135
2.62765
0.01604
0.91580
-0.78691
6.02231
3.53774
-0.13639
-1.72340
-2.20408
-2.34402
-1.32631
2.64124
-3.01129
0.05075
-2.04845
-1.72616
1.79442
-3.24597
0.46657
-0.84156
-2.61498
-5.54502
-5.17322
-1.65171
-1.36749
-4.75469
2.15617
3.55819
2.87771
0.56013
1.40859
3.09338
-1.67564
-3.62016
-1.03333
-8.87767
1.85907
4.28594
-2.14357
-3.28748
4.06873
-0.02072
-0.87965
-1.04911
-2.82801
6.43822
-2.75242
-1.63188
0.55913
1.72686
-1.40875
-0.44710
-1.87995
0.42828
-2.03536
0.29537
-1.40886
-5.55173
0.13711
-1.13334
1.70522
1.42603
3.19523
1.50516
0.21276
-3.96574
-0.10975
5.29714
-0.56471
-0.10926
1.01032
2.47768
-3.68770
-3.42767
2.35722
-0.74266
1.94960
-2.22303
0.97251
-1.65287
2.71767
-1.19793
4.41351
-3.91806
-0.75432
-1.36461
4.69774
2.13827
-4.76405
0.98540
1.94571
-1.74714
-1.58172
-3.01820
2.01676
-4.28172
2.04187
1.09678
4.21692
2.09258
-2.51044
-0.41787
2.75816
-2.74129
4.02138
0.14724
-3.01333
-3.94742
-0.09781
3.21865
1.79555
3.41593
-0.96770
-4.99853
1.01612
-6.74347
0.01945
2.04189
1.64860
2.24682
0.50360
0.81161
-1.23072
-1.41689
2.26276
3.45948
-0.14113
-0.09858
-4.24028
1.19821
-2.07554
-1.94481
4.05280
2.74852
-2.25486
1.29852
0.01488
0.16311
0.66901
3.06267
0.57585
-3.02110
0.54545
3.48056
-3.60736
2.94069
-2.52745
0.24845
-0.82748
-1.01711
0.98758
0.32524
4.99415
1.84841
0.75812
-0.10672
-9.19947
4.61423
1.83056
-0.98000
3.33120
-0.16092
3.34703
1.47308
0.40899
-1.35232
-1.63968
4.56906
0.68617
4.71770
-1.95989
-2.03898
2.67156
0.10552
-0.32235
-0.17977
-3.00354
5.30681
-2.30192
-2.27114
0.91004
-6.90187
0.98879
0.98291
1.33196
-1.44721
-1.88909
-1.95646
-1.89741
1.50112
-1.53892
-2.12353
-1.43145
0.12165
0.50246
-1.63292
-2.94321
3.22307
-0.22424
5.01616
0.44085
-1.45697
-2.04240
-2.14009
-0.08153
0.71423
5.46870
2.39668
-2.13849
-0.95095
5.06482
-4.64057
-2.47227
2.78078
1.86778
-1.72583
-3.14275
-0.58050
-1.99203
-3.75654
-2.56567
2.08835
4.35754
-0.48174
1.10088
1.59351
2.45727
-1.59749
4.91574
1.96489
-0.48850
1.57260
0.61982
1.49261
-6.22215
-0.22532
-2.75817
2.73824
0.07699
1.09306
1.69585
-1.65938
-3.47143
0.23448
-2.52154
-2.64334
2.60725
1.81123
-2.63587
0.88402
3.28153
3.54303
1.54090
3.46278
2.51286
-2.46617
-1.83252
-0.12082
-1.97232
-0.32298
2.35959
-2.56664
5.60963
0.95351
0.46603
3.44496
3.17436
0.87364
-0.97600
-1.15807
-1.43673
-1.07762
1.83811
-1.77232
3.00792
2.47856
4.52632
-0.60162
-0.21465
4.13028
-0.72231
-0.32427
-1.13389
-1.11374
-3.59987
2.11130
2.56292
1.33576
1.68045
5.22626
-3.25504
-1.53083
-2.47066
0.84473
-1.76065
-1.94739
-0.05580
-0.78757
4.80254
-0.82024
-3.03910
-1.93411
0.81146
1.96650
2.66424
-1.30471
2.40617
-1.47641
0.21883
-1.23129
3.06968
-0.62259
-0.90858
0.48284
0.72612
-2.44818
-0.72969
-0.79710
-1.16095
-3.49596
-2.17994
-5.07251
-2.69368
3.12052
4.17086
2.54888
-2.83417
4.42407
-0.04531
-1.41472
-3.13351
-1.00610
1.04804
-4.12850
-0.32679
2.12840
3.19380
0.62262
-0.85728
-3.61551
3.87291
-0.05452
1.20861
-6.56948
-3.00516
-1.65486
-4.37993
-5.89268
-6.15525
-3.74026
-0.78608
-1.50464
-1.21048
0.79593
1.85352
0.77042
-4.56973
0.32988
0.18282
2.07830
-1.22893
5.60526
-3.44879
-1.54195
0.42727
1.20883
0.36502
1.54157
-3.52540
-3.92041
-1.49986
4.63381
-1.74118
0.06806
1.36666
1.51975
-1.60767
0.08083
3.87099
-3.45773
0.70429
6.51091
0.91659
2.70464
0.91249
2.16256
-4.46433
1.30466
-2.02575
-3.96786
3.46721
5.20257
-4.46682
-3.87914
3.53817
2.47896
1.46547
-0.29585
-1.19788
2.95546
1.39809
3.02248
-1.28989
0.51795
2.29532
-1.25793
2.95832
0.88951
6.61058
0.92710
3.63190
1.25932
2.28649
0.26179
-1.04780
-1.09191
-1.86011
-0.02432
-2.74332
-0.81046
-0.89510
-1.05863
-0.02237
-1.63432
-1.83292
-0.49447
2.60265
7.27175
-1.41352
-4.35780
0.28096
0.42640
-1.26300
2.24872
-1.78245
-0.59599
-2.65986
-3.29855
-2.34481
-4.83591
1.42679
0.66411
3.22099
4.67280
5.48070
0.95670
0.96896
-0.17436
0.09360
-1.02164
-0.05798
-2.48025
5.16675
0.96875
-3.27718
-2.04546
-0.19010
2.01360
-1.01277
-5.66911
2.37189
1.17298
0.90337
-6.07666
-6.11934
-0.06890
2.43289
-3.78683
1.00469
-1.71645
-5.93265
0.25434
2.62117
-2.24391
3.47835
1.24793
-0.53487
2.72379
0.87161
-1.01866
-3.13029
5.29149
2.07345
-1.49966
1.67278
0.55425
1.81034
0.71091
-1.78810
-6.09856
-2.42448
-2.08898
1.49701
-1.92458
-1.80963
-2.56979
-2.10645
0.86655
-1.37708
-2.97802
-0.51705
-2.78859
-0.69672
4.92245
-0.62326
1.61728
-1.48328
1.03783
-0.74066
-3.51751
0.57458
5.32117
1.52826
1.36595
2.74658
-3.47037
-0.05538
1.50751
3.47459
-3.92137
2.77621
-0.18990
4.71312
-1.01176
3.88511
-0.05418
1.72435
3.27345
-3.79112
-2.76574
-1.30051
-0.24609
0.17880
-1.17288
1.85902
4.72315
3.41579
-0.22813
-1.24907
-2.66449
1.06376
5.60036
0.84562
3.62188
0.02482
-1.77334
-1.58977
2.30067
-1.10612
-3.14359
-1.74348
0.75043
-4.12677
1.01618
-0.92936
-3.08782
-0.91360
-3.62119
1.08642
-1.41427
2.55196
-3.23750
-3.58914
1.09343
5.70977
-2.91379
1.16879
5.34291
-0.59340
-2.34614
2.00131
0.95810
1.27843
-1.34071
0.29409
-0.10159
1.98661
0.48410
3.09394
5.14124
-0.73588
0.78827
-1.19681
0.23893
1.02039
0.18089
6.89479
2.13926
-2.58005
-0.08282
2.80315
-0.84295
3.04901
-2.88594
4.53946
0.26448
2.83194
1.47413
-1.44678
0.33163
-2.47878
-2.34550
0.85081
1.87781
4.66372
2.43799
0.51054
1.52703
1.25894
0.84025
1.97565
0.58677
1.30804
-1.76172
-3.04425
-0.97461
0.68207
3.52209
0.12063
-1.31251
-2.39778
6.75626
1.65378
-0.66454
0.91163
0.11581
-0.59015
-0.69566
0.31920
-2.43107
2.74713
-2.12324
0.40067
1.57881
-3.64130
-2.48780
-1.85391
-2.62832
1.86760
-2.52699
2.69723
2.11796
-2.88438
-2.57904
1.49016
-1.47327
0.65782
-1.25594
-0.25317
2.76128
-0.79517
0.51102
-3.26246
-4.66319
2.53421
-7.33329
0.22377
-0.36218
-1.04055
4.06191
-1.77271
2.74495
1.93283
4.05108
-2.57367
-2.26595
1.41310
1.88935
4.38454
-2.94736
-2.19184
-5.49219
0.74480
1.50525
2.77480
0.58334
2.25199
-2.09003
-3.80829
5.34740
-5.82584
1.44900
0.02507
-0.40673
-5.90221
-4.29793
3.92246
2.55983
-1.02265
3.49178
2.64714
-3.89119
-0.72973
0.47309
-1.92042
0.33489
0.96147
0.29480
2.36107
-3.41839
-4.45066
1.70756
1.24025
3.44142
-1.34017
-2.01609
-3.00530
-1.52279
-1.72720
1.92256
-1.53012
-1.71206
-1.94430
-5.59323
-0.15859
0.21087
4.52955
3.71518
-2.85438
-7.21667
0.53415
-0.84742
-0.14551
3.39659
8.52504
1.15344
-0.14893
1.02076
0.02264
0.56963
-0.80011
1.61604
0.85221
-1.18285
-1.41244
1.97606
-1.19709
1.08618
-0.01723
3.64519
-2.53691
-0.65759
2.61630
0.05757
1.84821
0.97080
1.52728
0.80412
-1.05134
1.69248
-1.18726
1.13961
-7.67928
0.63342
3.48616
3.38260
-4.59295
-2.36126
-2.09324
-3.71343
1.53536
2.43027
1.95314
0.29326
-2.04549
0.65805
-0.49878
-2.55494
-3.44414
8.91086
2.02125
1.78304
0.28207
2.47181
-0.84184
-0.16772
3.63709
-1.73042
2.06664
-5.26740
4.61516
-5.79374
1.97760
-1.84829
-0.55921
-1.59014
2.65231
-5.77195
1.57234
5.15459
-1.77745
-2.56335
-1.60548
1.88466
3.51432
4.00932
3.51566
-2.08358
-1.13099
1.82786
1.50994
-0.08937
-0.57441
-0.59688
0.92697
-1.17648
0.60866
-0.58138
0.82166
2.82432
2.01588
1.02440
-3.81688
-0.65173
0.83156
-3.49345
1.00386
-1.33543
1.66906
-1.13154
0.21998
-1.13974
2.86495
-3.38466
-0.54489
-0.16538
-1.49946
-8.26836
2.21976
0.56865
1.24283
-0.79410
-1.31259
0.74640
0.81462
1.32237
1.82542
-0.51725
3.98045
-1.24279
1.02201
2.06623
2.52134
0.55001
-2.46489
2.77905
-0.26059
-0.43440
-3.34368
6.15036
2.85520
-3.46913
-1.59539
-1.43931
-2.04877
-2.42999
-3.43861
2.39573
1.59391
1.03490
1.02915
1.28034
3.45571
-0.75794
-0.46305
0.27879
-4.28858
1.67170
-4.04997
-0.14572
-4.00792
1.47821
3.57422
-2.18955
1.87345
1.99307
5.38117
4.03900
1.68523
-1.32509
1.14374
-1.48652
-2.16668
0.03399
0.25462
3.76595
1.55028
-1.55573
2.95897
-3.25063
1.20790
2.15164
0.14649
1.10905
-2.70428
-1.10721
2.77929
-0.56805
-0.44753
0.24738
0.99283
2.15977
-2.04946
-1.34611
0.40592
-1.60621
-1.44681
-3.62468
-4.46506
-0.14761
-3.15397
1.54329
-2.30417
-9.09066
-1.75808
-0.50088
-1.63529
-0.18890
-2.10211
5.21497
-0.93160
6.20907
-1.75258
2.65112
0.01762
1.13267
3.00058
-3.85302
4.21552
-0.22984
2.35726
3.67353
-1.09999
-6.86813
4.66463
-1.27453
-1.19048
0.71054
-0.16709
4.12807
0.44250
-0.69538
1.21632
0.60206
-2.83487
1.64249
5.90555
-2.24845
1.48187
-0.00491
0.46606
2.78709
4.12802
1.96596
-0.32568
2.30150
3.33372
1.93100
-0.98366
1.06875
-0.86095
-2.13228
-2.99480
-3.32245
-1.99393
3.78730
0.56542
-0.28703
1.39123
0.51272
1.78669
-0.64864
4.84458
3.51169
-3.01935
1.61335
2.49814
-0.79073
0.61315
4.99114
1.66220
1.80618
0.33401
2.32419
0.58943
-0.74314
5.75088
2.09757
-1.99949
2.76559
-3.12218
6.35527
-2.49426
-0.05070
1.87206
-2.58190
0.73417
-1.15099
2.17002
-3.33512
-5.42235
-1.34570
-0.89702
-2.16274
0.86705
2.68002
2.58114
-0.82710
-0.56031
-0.58262
1.91942
6.10552
-0.86210
1.60796
0.28612
3.17477
-2.06334
3.24642
0.66595
-0.38688
-4.13968
4.65466
2.52095
0.96726
3.48029
4.18467
-5.91768
0.89690
3.25026
-3.94395
-0.83226
-2.52569
-1.42564
-0.11857
3.39648
-2.18980
-3.40782
0.58814
2.80849
1.73320
-1.07729
1.10138
-0.19366
-2.51613
0.34844
-3.00543
-2.03941
-1.17509
-4.03527
-2.57083
-0.96808
-1.53552
2.84470
1.00897
1.87750
0.10024
3.90921
1.40246
3.12664
-1.76010
-0.21707
-3.68235
0.90502
5.29981
3.55072
-1.76799
-3.75976
-1.07354
1.30140
-3.11987
-1.52894
-0.53409
0.14779
0.47607
0.50337
-1.04811
-2.78573
4.16164
1.70961
1.43942
2.24165
0.51518
-3.52437
-0.08322
-2.32731
-1.80441
-1.08377
-1.57124
1.80581
2.85656
4.20360
1.11029
1.74581
-2.01334
-1.56690
4.21104
4.24135
-0.19502
2.64884
-6.98093
-2.05052
-4.02703
3.08229
-5.15349
-1.58944
-7.28995
0.54286
-0.25176
6.44105
-1.86289
1.88871
-0.48278
-4.24191
-4.77908
0.28707
-2.45652
1.99423
-0.94815
-6.44234
-0.72748
0.49721
-1.66513
1.73880
-2.46626
0.44686
-4.55477
2.49239
0.62612
-5.76412
2.35260
-2.31427
1.83384
-3.15805
-6.97791
3.11064
2.15396
3.69660
-2.56555
1.44534
-0.60998
-0.10620
1.27009
0.90204
2.55576
-2.23327
-1.05586
-0.70160
-0.75020
-4.14018
2.53468
-1.70600
5.86101
-2.55184
1.54328
-3.61827
1.88102
-3.41191
1.47514
-0.63380
-0.81847
0.68443
0.36375
-0.44131
0.12666
1.03234
2.24467
-0.42869
-0.87931
-0.80361
2.10208
-0.47613
-2.54694
-1.81673
3.90011
4.05003
-3.19607
3.21210
-1.41552
-4.55484
-3.02465
-0.26896
-0.64872
0.28448
-0.00758
-2.32475
-2.44313
-1.61806
0.25070
0.07986
0.64148
1.82841
-2.06594
-2.50586
-5.62590
3.59054
-1.61745
0.30626
0.70512
1.55011
1.45203
-2.60351
2.23942
0.49411
-0.45125
-1.05370
-2.07264
0.95086
1.35390
-2.24356
4.13425
0.61482
1.10519
1.93138
4.49285
-0.56070
3.07873
-3.69986
2.10924
-2.22564
0.49076
5.73344
-0.81053
-0.81684
-3.15326
-1.64253
-0.17381
-1.31249
1.68137
-3.01729
-0.89872
-0.51829
0.17092
0.78931
2.80255
6.56966
0.40657
4.62157
2.38284
3.81229
-4.68574
-3.87096
1.91928
0.59891
-2.81368
1.52666
-0.69853
-6.60640
-0.10053
2.72991
0.45114
0.10185
-3.26043
2.61653
4.82167
3.65637
-1.45628
-2.43214
-5.46434
-4.15576
1.25380
-1.39291
1.14516
-1.36129
0.94427
4.11729
2.39903
5.82676
-4.41225
0.13433
-2.19819
-1.26285
-3.37462
-1.26117
-1.96117
-4.21833
4.26411
0.19826
3.70163
2.15438
-1.02993
1.84552
-4.32435
-2.76576
-4.03820
-0.86089
-0.02546
-1.11166
1.21070
-0.51732
-0.92853
-0.15800
0.77717
0.35977
-3.49561
2.22087
-0.38916
-1.68983
2.01585
0.45891
-0.56504
0.22152
4.08721
0.19060
-3.52308
-0.19611
-0.58095
0.63661
-2.86820
1.74508
-1.36173
0.31761
-0.54847
1.57516
-2.02528
2.22236
1.97000
-0.73958
1.49840
-0.52543
4.44199
2.44316
-0.38552
-3.61094
-1.81080
-1.13346
0.28669
-0.47279
-0.53243
-2.91670
0.53972
-1.73490
1.58100
-0.12075
0.76145
-2.40412
-2.55579
-3.61886
-3.35065
-2.44901
-0.55131
-1.85295
-4.35496
-1.46007
-3.51147
5.81393
-0.40757
-0.29683
-6.55590
2.07029
0.40441
-3.31569
2.21830
-1.96922
-4.16612
2.09193
0.18755
-1.47412
-0.83290
-1.26708
1.08309
1.12539
1.35293
-1.49398
-2.40778
-1.48391
-2.54633
1.22365
-0.68096
0.99628
-0.98758
5.39836
1.77851
0.06963
1.95121
4.04133
-1.32089
5.09373
1.10959
-1.22292
1.02789
-0.79296
-0.42241
-0.56003
-3.79140
-1.28601
4.79723
-1.30820
-4.11237
0.10329
-2.67828
-1.68987
0.06433
-0.65509
-0.92647
0.27246
1.67252
-3.41435
-5.00968
0.47282
-0.48930
7.66580
-3.44678
-1.25185
1.94780
5.08081
1.07758
-1.25817
-2.68014
1.59448
-0.95010
-3.40357
-3.26572
-2.07537
0.13290
2.04718
0.29856
-0.34359
-3.46947
2.00589
1.14423
-2.53724
6.84237
-2.75553
-3.24658
0.61434
-0.74737
-1.29997
0.55289
-2.46868
-1.10328
2.51511
-3.54144
3.02241
-4.37800
-4.66999
5.06069
-1.65831
0.60389
-2.86814
0.60317
-3.45049
1.18158
-0.12681
-1.16745
0.33137
-3.57027
-0.43903
0.67547
5.61017
3.40376
-0.00505
-2.48286
1.07596
0.03664
-0.66464
-1.77138
0.81089
2.21150
-3.79126
-0.97373
-2.58256
3.16487
-2.05399
-0.78756
-5.27694
4.46382
-0.41984
2.29362
3.16798
-1.07664
1.52094
-1.58030
0.13662
0.71293
-2.04784
3.53095
-1.05385
-2.14614
2.08864
-1.53888
-2.42299
-1.47471
1.72599
1.23735
0.59759
5.63654
4.48456
4.37023
1.66285
2.09515
-1.85072
-0.26018
-1.01793
-1.69705
0.96160
-3.52838
0.23877
-5.26015
5.39192
-2.57038
1.09992
-0.99533
5.14147
2.70087
3.40788
3.75146
1.71617
-0.00221
0.60618
-4.04761
1.38252
0.07369
2.50871
0.10389
-0.04351
-0.26549
0.52193
-0.05506
-1.34149
1.34295
3.43586
-0.21544
2.44110
-1.71359
1.84954
-1.82744
-1.33710
-0.24704
2.74491
2.84171
1.34092
-0.48691
1.29741
-3.47702
-3.85824
-0.03774
1.67036
1.95183
-5.22484
-3.53524
6.33449
-2.23031
1.71391
2.65409
5.97093
-1.69859
-4.56877
1.05708
-1.39841
0.98291
4.86264
-4.81671
5.92162
-1.83620
-5.41667
0.44961
0.90830
0.59481
2.44505
0.06585
1.46340
5.26863
-0.35508
0.66132
4.01866
1.76728
-2.32210
-5.61426
2.91373
1.51310
2.30887
1.57497
-2.54777
-1.10863
-0.32843
-0.46238
0.66382
-2.51173
2.46538
-0.39594
-2.87908
-0.75606
-2.94793
-1.35672
-2.73433
2.81616
-2.50535
-1.57579
-0.82866
1.68158
-0.88977
-3.00792
-0.34058
1.55676
1.75107
-2.72868
-5.03843
3.27207
0.76522
-1.46198
3.03432
-4.32647
3.42579
1.00650
-0.74576
-0.00063
1.94606
-3.35487
-1.29906
-0.81191
-3.40652
0.40137
2.64148
2.84173
2.77301
-2.23985
-5.48562
3.31933
-1.92091
-4.25158
2.93911
-0.56144
-0.59223
1.11674
-1.94563
-2.89087
-2.67741
-2.69213
-1.08361
-1.39665
2.92328
0.27035
-2.17951
2.81466
-1.80021
2.69617
-0.96698
-1.35657
-0.09239
0.76281
4.11682
0.24867
2.57945
-5.06282
-0.03747
0.81631
-1.25549
-2.92865
0.53192
0.05971
5.38289
-2.80527
-1.61393
-1.94981
-0.46640
-1.66119
0.66075
1.50941
3.95780
2.80131
3.47881
0.14746
1.16000
1.17161
0.97470
0.07814
6.26125
0.13412
-0.11925
-0.64924
-0.21605
-1.96053
1.60761
1.55808
2.28939
-1.79253
-2.18388
2.05455
-1.78142
-0.35139
-4.03779
6.46183
4.88586
4.12691
-0.00534
3.93625
1.21351
-1.38805
-3.93919
-2.65560
-1.33124
-2.54374
-2.77425
-0.64361
-3.29669
3.11888
-2.09600
-2.44527
4.87055
4.79719
1.82094
-3.14600
-2.15721
-2.35166
-2.34326
-4.78598
-1.12606
-2.51388
1.62117
-0.14400
0.70199
-3.14491
1.64161
-0.23241
1.91742
1.98054
3.08727
-2.24114
-3.43848
1.74191
-1.56013
-1.37290
1.05158
0.10394
0.57020
-2.76234
2.71263
3.02487
-0.80910
4.75721
-0.04432
-2.94423
0.08747
-1.84704
-0.44549
4.56879
2.07608
-2.76586
-1.88504
-0.78569
0.35294
-4.03117
-4.61593
-0.03213
5.82986
0.54384
0.02018
5.93216
-7.92810
3.10963
0.40637
-1.90464
0.06309
0.88300
0.73120
2.09485
-1.22406
0.74410
0.43329
3.67489
-2.94181
4.83964
0.84117
1.29776
0.40092
1.80676
-1.61356
4.05909
-0.10168
-0.82024
0.68822
-0.26663
0.20413
3.29780
1.11359
0.01044
0.82686
-0.77952
-2.62716
6.10746
0.72210
3.13084
2.84416
-0.02563
-6.44937
1.22071
-0.75553
1.38102
3.61096
0.24745
-1.57932
-0.46716
2.08639
0.73493
-0.04778
3.88398
5.28365
4.73916
1.05827
-3.78038
-0.30637
-2.83156
0.43962
-1.21372
-0.73089
-0.42883
1.02048
1.34407
-1.14534
0.50874
1.71144
-0.32161
-0.05565
-0.90401
-1.03576
1.35765
-4.96908
0.05825
4.83725
3.01855
-0.37166
-0.86200
0.68954
-2.69037
-1.08214
-0.70352
4.84789
-6.60230
3.67017
1.89396
1.75929
0.09102
-1.44979
-0.46506
-0.32052
1.15787
1.29258
-2.20954
2.75713
1.20684
2.46808
-5.75329
0.86007
2.97673
3.12542
-1.47983
2.37177
0.81786
-1.50591
0.92532
-3.44568
-0.22780
0.80238
1.10377
-0.14405
5.15135
-3.09376
0.74471
-0.19481
2.13952
-0.72653
2.84667
-1.92496
5.70655
3.11222
-0.82334
-2.59804
4.66565
-1.11853
1.04330
-3.61900
-0.39391
1.24177
-1.28090
-2.01326
3.00879
2.14263
-2.17339
-2.85920
-1.48799
-5.49799
6.72115
3.07057
-1.46381
-4.91469
2.67281
0.06666
-2.12194
-4.38181
2.00135
2.46013
2.27919
3.63949
0.73493
0.65365
-1.19330
2.15191
2.99318
-0.33869
2.97639
-4.22248
0.41434
0.59960
-2.55292
5.03943
1.74073
3.49895
-0.70269
-0.91533
-1.75225
3.40367
2.55187
1.65772
-2.84363
-3.36272
-1.57505
-0.32853
-1.00501
-4.25153
-1.72386
0.35703
0.49810
-5.67757
4.38893
4.17818
-0.96308
0.61295
4.86226
2.32873
-0.99772
1.24827
0.06693
-3.53099
1.55535
-3.32589
1.85394
3.15767
-0.73084
3.59620
-1.95578
-0.97304
2.44242
-0.61181
-0.02482
3.87408
-0.66602
3.35854
2.20840
3.55544
-1.69163
2.59152
-2.08089
0.76282
1.73635
-1.52360
1.92238
0.07426
3.96583
-4.61120
-0.01644
-3.89564
0.99056
1.18070
-1.27390
-0.71796
-1.63013
3.26532
5.20318
0.27182
-0.63624
0.91798
-2.84734
-0.30680
-0.13709
-3.92324
1.25907
1.17229
-7.53402
-0.58703
-3.85124
-1.67237
0.60376
0.95631
3.28027
3.16751
-1.87203
3.00529
0.14354
2.61757
-3.13284
1.34169
1.55202
-3.60737
4.06324
0.36659
-5.57463
-1.89095
1.83833
-0.48444
1.44234
1.43172
0.35455
-4.22246
-7.87044
2.65101
0.10240
4.31249
0.58355
-3.34490
0.38260
-0.92419
-1.13532
-0.50041
3.59041
3.87602
1.50102
1.82575
2.61616
-2.71836
0.45276
-3.69456
2.41631
0.04454
-0.31680
3.19494
1.34452
2.32202
-2.49377
6.70263
-1.29797
2.96921
0.67683
1.65508
-3.22936
5.51279
1.28985
0.73193
0.20703
1.21856
1.41967
0.33486
2.62129
4.45669
-2.30708
-1.46934
0.64336
2.92680
1.37781
1.56254
1.61784
3.77911
-2.00522
4.03990
0.59432
0.75681
-0.33742
2.41186
-0.39180
-2.48915
-2.09538
0.29581
0.77293
4.36861
2.41669
-4.09554
-2.00447
2.00184
1.66559
-2.27832
1.31447
4.95214
-2.09141
0.13623
-2.86240
2.39240
-0.53789
-3.30318
2.58581
4.52610
-1.07790
-3.46668
1.67829
-5.24728
-2.90878
0.61237
-5.20705
2.39877
2.20524
-0.00289
3.09651
0.58601
-0.07955
-4.48408
2.04368
-2.47294
2.26672
2.45716
4.97268
1.84156
0.88068
-1.07059
-4.24359
2.21439
2.34657
-4.32453
3.88540
1.82969
1.45906
-3.31783
-0.05116
-0.65195
-2.37039
-2.22973
0.21209
1.33766
-0.84837
4.74329
-2.94551
0.41455
-2.48891
-2.31929
2.00471
1.71679
-1.17050
-1.12427
-1.89700
2.35554
-4.96060
1.05217
2.73477
-1.92084
-0.14682
0.93559
-0.42231
5.42244
2.11288
-1.28450
-1.24935
-0.31054
-4.20166
-4.23720
1.53050
-3.49120
-0.59699
-3.98798
2.97683
1.62140
-9.93573
1.91375
-0.96549
-0.03793
2.85728
-1.01145
-0.68274
-5.18278
-0.68584
-2.60207
-0.06133
3.44394
3.16136
-1.00872
0.72852
-8.37896
0.18930
0.15715
-0.24721
-1.57199
1.02434
-3.27243
-0.48820
-1.47380
-5.21276
1.48750
-0.45557
-2.26154
-2.18766
-2.70432
3.09652
1.39537
-0.22039
1.64887
-3.55496
0.98218
-0.46491
-2.28152
-0.80151
2.31197
-2.60386
2.50835
1.31255
1.03469
5.15347
-0.37917
1.07428
0.36055
-0.34424
-2.13980
1.00758
3.21923
-2.48149
3.62018
0.25838
0.53330
-3.88646
2.45655
-0.52025
-2.48616
-3.05709
-6.32804
0.09631
-7.21914
-1.79345
3.35058
-2.99785
-3.49082
-0.96270
-1.82171
0.16069
-0.83058
-0.53937
-2.93055
2.69313
1.41490
-1.55001
-0.31251
0.71126
-5.25558
-4.36146
-5.55463
-4.94109
1.22887
2.90208
0.95098
-3.52013
1.91422
-5.26124
-1.04270
4.24968
-3.56057
-1.53560
-2.30715
1.02916
1.53736
2.24398
-2.53787
3.80337
4.40791
3.79446
4.32351
1.55587
3.86938
4.00689
-0.77315
-1.60206
-1.00366
-0.13403
-0.48205
2.07361
-2.62540
1.83063
1.91355
4.66513
-6.59072
-3.81798
2.37014
-1.65003
2.29081
3.33640
-0.64993
0.98140
-0.31184
1.65540
0.94766
-1.15210
-4.51953
-2.18299
5.78870
-5.30026
2.90269
1.59049
-0.19095
-4.67410
3.30330
-3.36424
5.66454
-0.22123
1.05094
-1.25243
2.70640
-1.52911
1.74036
0.76380
2.59674
-0.90857
0.15822
0.90799
3.15183
0.81123
2.97955
0.13433
-2.03805
4.47596
-1.71231
4.07389
-1.55048
0.46328
-4.24196
0.63650
0.63032
3.08218
7.05770
0.81991
1.89961
-0.40048
-1.57471
1.54838
-3.73136
5.17599
0.83061
1.18939
-1.11189
-3.05827
-4.86977
1.36089
0.29995
1.79052
1.81170
-1.65503
-0.97931
-2.53496
2.15291
-0.79426
-1.20778
-0.27114
5.88185
-4.37654
1.41872
-0.82505
-4.16339
3.35941
-0.27923
1.44123
1.86392
4.92387
-1.59523
3.29222
-0.92038
0.43408
-3.55798
3.31411
-1.00020
1.20296
-4.75023
4.00311
3.72447
3.43676
-2.76736
-4.58372
1.75197
2.07704
-1.37574
6.81200
-0.58432
2.14747
2.05085
-0.99869
3.04315
-1.07908
-3.76676
3.21324
-3.80608
2.43381
-3.90125
4.15116
2.05677
-0.93618
1.08029
-1.40669
-0.16950
-0.75806
2.02688
-2.22417
2.11998
-1.85061
3.25913
-1.21266
-0.71964
0.20171
-1.33775
3.28821
-1.39243
2.39907
3.13549
2.91754
1.84926
-1.72826
0.37461
0.49159
2.82447
-6.48005
-4.01724
0.04882
4.71154
0.79885
3.87137
-1.52680
1.82110
2.50286
2.66703
1.44425
-2.72392
-6.32870
-2.97304
1.79161
-1.43110
-1.64042
-5.80602
-2.94398
-1.73636
8.38501
0.51966
0.19915
6.08942
1.34293
3.86080
-2.42519
1.35799
2.31683
-2.21954
-2.12242
1.96091
-1.40916
-3.55757
1.74142
-2.21315
2.28574
2.11414
0.68242
-1.85253
-4.13248
-4.19228
0.86117
-2.23566
-3.90621
0.10223
-1.01653
-1.15595
1.29861
-6.42283
-5.41099
1.13143
-2.19625
-0.23965
0.31309
-3.94774
-4.08279
3.57437
-1.77545
2.41648
-1.54290
2.29474
1.78206
0.05463
-3.45979
-5.28749
-2.73748
2.61701
2.14814
1.94564
-0.73303
0.11315
0.04959
-5.17553
-2.52171
-0.82531
3.31201
-5.89328
-0.47724
-2.11173
1.40608
-3.69848
1.76065
4.24295
-0.55878
0.74228
-2.55079
0.50492
0.77641
1.91554
4.85980
-4.29352
-3.74207
0.58048
-0.23032
-2.38041
1.24111
4.71142
-2.98923
-0.89408
1.26603
-1.15862
1.70178
5.10467
-4.72414
0.91541
3.05838
2.16459
-0.29688
2.92365
-0.26171
-2.99365
2.52173
2.77016
2.69467
0.49864
-3.16299
8.44542
-1.93771
-3.02164
-4.38862
-2.14448
1.56042
-6.21717
-0.60564
4.03461
-1.60609
2.13051
-0.00851
0.64388
4.73296
0.87004
-0.44300
1.64675
2.21229
-3.09255
3.57773
0.04425
-2.10611
-3.12124
-3.23740
-0.66662
1.91957
4.15961
-4.32122
-0.35313
-0.52951
5.33495
2.70374
-0.64811
-3.02478
2.92232
5.48407
1.92669
-1.01199
-3.31447
-1.64850
3.14681
-0.64958
0.77728
-2.16309
2.92205
-4.29409
-0.25313
-6.59411
2.38925
1.40853
-4.67321
-3.28664
-0.22101
-2.75537
-2.15907
-0.86290
0.28867
-4.71088
-1.89219
-0.84851
-0.59236
4.03814
-0.80034
-0.80266
3.36989
0.24052
4.23962
0.62127
3.42471
4.46398
-1.04036
-1.64233
4.14911
-1.26088
3.85248
2.35211
-1.54946
-0.39828
-2.28480
-1.72893
-4.51317
-0.12071
-3.99789
2.69620
-0.07914
0.24654
-1.60708
3.89306
5.70071
5.38376
2.90570
2.61363
-2.35975
-5.79422
-4.14528
2.30239
-0.93990
-0.15072
-0.83525
-0.07372
-0.03410
-1.40862
3.04289
1.46225
-1.54242
-2.69116
2.98896
4.86196
-2.26362
-1.08225
-0.91659
0.81725
-1.52991
-2.12809
-2.58038
1.59948
2.29223
-1.64128
-5.00938
7.69980
-5.29574
0.92616
-1.61920
-2.00558
0.99366
-0.05552
3.63535
3.14191
-3.01998
0.14070
-4.26993
2.56728
5.14289
3.76921
0.48436
2.57816
2.46499
2.50651
3.10070
2.03459
0.81082
-1.09602
1.35699
0.51508
3.49163
-1.61665
2.44956
-1.56711
0.72580
4.08129
4.70177
1.37648
1.69631
-4.74190
-0.36004
-1.55160
2.98752
-0.27586
-0.00320
0.71411
-4.12719
-0.74444
0.37755
-2.42883
3.44222
0.23676
-2.92525
1.51107
-2.37004
-1.26428
-2.71883
4.43099
4.73808
3.74001
0.50016
-1.86921
-1.12544
-3.99610
-0.94961
-1.08557
1.63804
3.26595
-2.12264
0.95147
2.56121
0.24671
-6.90312
-0.53442
-1.89959
-2.22145
-2.35934
2.90498
-1.55049
-2.45692
-6.96530
-1.74987
0.66573
-1.27959
-0.56220
-1.42841
1.70341
4.34663
-1.66527
-1.89195
-1.23184
-1.70996
3.97613
-7.06740
2.13059
-4.51159
-1.37585
1.68463
-4.01476
1.77470
0.81403
1.42536
-0.31473
2.04671
2.82191
-3.13901
-3.11288
5.35182
-1.58476
-3.02023
0.62142
3.90896
-0.36139
-2.60255
5.21790
-3.67195
1.28541
-0.26570
-3.12609
-0.21182
-3.28109
2.67916
-3.46219
0.21839
0.41777
-2.79990
-2.61418
-1.55108
0.21479
0.11902
4.89676
-0.28585
-4.21105
4.24213
4.22865
-2.61327
-7.03188
-2.73859
2.13127
0.69382
3.12634
0.48738
-1.27338
0.18018
-0.27782
1.37974
1.66653
0.65592
1.46384
0.99542
-2.49329
2.20930
-0.82037
-1.14448
0.46409
-0.27667
-1.39857
-1.42136
-2.04281
-3.91963
4.02216
1.73174
2.04248
-0.05533
0.68223
-3.54018
1.01076
-0.36130
-3.41255
-0.55059
5.25962
-2.80544
-0.68592
2.38400
-2.13747
3.04804
2.18509
4.38788
-3.14611
2.70564
0.66121
-2.54297
-1.12822
4.69374
-1.63514
2.23932
5.83701
2.48239
-0.94468
-0.53931
1.96381
-0.81428
-2.53954
1.56698
-2.07834
0.26382
-2.57059
0.71081
0.38555
3.47862
-0.78855
0.84444
0.30920
1.17758
0.23257
-1.38218
-1.05133
-1.04335
-1.03172
-0.61103
0.87421
-0.41119
-1.03140
2.70363
-2.37719
-0.52970
1.38647
-4.54369
0.60274
4.43795
-3.36375
1.53304
4.21626
-1.72835
4.87497
-5.85636
-0.31713
0.22172
-0.93761
-0.42539
2.68331
-1.46785
-2.20895
-0.45917
2.37350
0.33790
4.12562
1.35583
-2.95103
5.32129
-0.96894
-0.24228
5.62800
4.99746
6.07974
-3.84895
4.93272
4.07786
-1.27019
-1.38834
6.11159
-0.77224
0.29836
0.99370
-1.83657
4.92300
1.13944
-1.19368
5.08565
1.10000
-0.65492
-2.53784
3.71677
-0.08858
-2.44757
-1.15620
-0.71841
0.19475
0.57302
-4.48873
-0.13261
-2.44528
-3.38306
-1.87615
-1.79706
4.45692
-0.84223
-1.47177
-2.85106
-1.62338
0.96140
0.57662
2.84658
3.30844
-3.36633
-4.32878
0.25932
-1.05285
2.53717
-3.19271
-0.25870
-1.99184
-4.06713
0.34841
-0.17586
1.02386
-2.59721
1.95760
-5.33181
2.51519
0.00799
3.57844
-3.91853
2.79256
-1.16213
-8.71184
5.40781
1.90142
0.61466
-0.28285
2.87655
0.32154
-2.86920
2.33452
2.25560
-3.18623
0.79394
0.33887
0.77448
-1.37128
2.99502
-1.56306
-2.91029
1.90384
6.01654
-1.27464
7.47806
1.90370
-3.94184
-2.08250
-0.38803
-1.46436
-1.18318
-0.57327
-1.59153
-2.07192
-5.84130
-0.86411
-2.83731
3.81227
0.19905
0.54557
1.19135
2.32685
1.25181
-0.59579
-0.66784
-6.37285
-0.80677
-4.77877
-1.54717
-1.31236
-4.02897
0.12147
2.37049
1.21864
-1.32731
-1.48730
1.17752
4.23861
-3.86683
3.49679
-1.55141
0.91956
0.40007
3.47980
2.61223
-0.28939
-2.58185
4.31594
3.46066
1.00939
1.40379
-1.19897
2.85505
0.58750
0.70308
-0.04650
-0.57105
-0.34422
0.42883
-1.39040
-3.13887
-2.02299
3.52398
-0.72973
-0.96515
0.75304
-1.85148
-1.79036
5.28577
-1.79777
-0.36985
3.23359
-1.05419
-1.35292
1.60201
-1.30641
-1.69060
1.07135
-4.80455
-7.03665
0.16104
0.79049
1.85203
-5.80175
-1.79620
-1.26723
-4.98661
0.94551
-4.22330
-1.10603
3.67557
-4.40744
-0.66129
-1.04759
0.20469
1.30567
0.68893
-2.48855
3.30913
-2.35590
0.60090
1.83555
-2.42823
-1.70187
-0.23969
-3.39202
-0.31229
4.30068
-0.13831
-1.10864
-1.57871
-1.94203
-1.11307
4.51666
1.11428
5.91899
1.54057
1.11304
-1.36786
-0.93242
1.19116
-2.85255
3.84646
2.60272
-2.32530
-0.17906
2.38864
-0.43467
-0.59580
0.22071
-2.77700
1.63182
-4.11268
6.00161
-0.60703
-2.50814
0.35930
2.95072
-2.34455
-6.61398
-2.10177
-0.58995
2.49372
0.08658
1.71081
-1.29471
0.75547
1.17390
-0.85088
3.70115
-1.43294
-2.29176
0.73693
-0.51978
3.85056
-0.26259
0.74436
-1.08069
-1.88610
4.72850
2.84232
2.46448
1.54254
2.14001
-3.08103
-1.57336
4.70074
2.38962
0.63302
0.37913
0.18756
0.06293
-0.84593
-2.44720
1.44896
-3.02119
5.22205
2.68486
0.54036
-0.13127
4.36148
-2.06431
-1.39860
-1.19414
-1.43403
-0.77398
1.23232
5.10027
-3.25053
4.61552
0.93219
0.66648
2.24687
-0.32694
0.77299
-3.14912
-7.05122
0.05228
3.17854
-3.14031
3.33541
-1.33893
1.49680
-1.10870
1.63384
0.24130
-0.47340
2.41013
5.77811
-2.16867
-1.98234
6.35990
-2.69848
5.31402
1.98319
2.37996
4.86330
1.77013
-2.81643
0.05054
-0.46900
3.43405
2.22136
4.80342
-0.17241
-0.30994
-4.29716
-0.83728
2.06029
0.55853
-1.28493
0.09214
0.57315
-3.91651
-0.27567
1.79420
0.42850
5.60142
0.52845
-2.51593
2.78626
-3.56980
-3.35869
1.45300
-6.87733
-0.53192
-2.02004
0.77383
3.85231
3.25760
0.58088
1.22177
-4.30817
-0.79933
5.34453
2.61716
-0.12851
1.62138
1.57522
-3.70163
2.86340
3.81076
-4.46958
-0.23464
-0.83113
3.30792
-2.38399
4.23188
0.22689
5.07806
-0.51319
1.25053
-0.01842
5.93603
0.38658
1.70146
-4.15856
4.05910
3.94152
-2.86289
0.96853
3.43507
2.42988
0.25689
-0.59370
-4.21506
7.15644
-4.15342
-3.08458
0.43800
1.17469
7.22337
-3.48721
1.23135
-4.19896
2.04392
-2.77097
-2.73632
1.24534
3.00287
0.75910
4.61022
0.81552
-0.02118
-0.39734
4.16851
-2.97113
1.13018
-0.19299
2.56298
1.46546
1.47754
-2.99947
2.26718
-0.22155
-3.04262
2.86376
-3.43291
-1.68871
-0.49051
-4.15477
5.84455
2.63883
1.56925
-2.94957
2.45954
-3.40742
-3.01716
0.87509
0.05503
2.49603
-1.52106
1.28747
-0.45756
3.26322
-0.71617
1.31340
3.18514
1.47677
2.82968
3.53825
3.28173
2.06507
-2.62707
-0.90263
-2.42865
0.28344
0.33157
-0.26434
5.22081
4.30649
-2.41908
1.90240
-1.46820
2.27774
-3.07876
-1.27790
-0.37630
2.37606
6.22119
-0.51930
-1.26310
1.19232
-2.85122
2.38621
2.11709
1.42263
0.60129
-0.13963
-0.06710
-2.47259
1.32314
-0.10365
-1.35760
0.10548
1.11483
1.71790
2.40972
-1.99841
2.70861
-1.81678
-0.20156
-1.77637
1.32612
0.62103
4.57588
-1.35800
1.87345
1.74025
-1.98930
-0.28171
-1.02020
3.52469
-0.39503
1.64220
-0.43291
-0.79191
0.71787
-1.86113
-2.48101
-0.95251
-2.00815
-1.11772
0.79065
-0.40295
0.87693
-1.06124
1.49536
2.74932
-0.37582
-0.09075
2.34325
0.92960
-2.53015
3.40993
0.34782
0.29451
-1.07832
1.77562
0.02170
1.30304
-2.59065
3.44661
5.07613
3.21062
-0.78514
-2.83309
-2.11107
1.28435
0.62806
1.28783
4.33138
2.26060
-0.15539
2.17673
2.36488
-2.72155
-0.66714
-0.06248
1.47667
-2.98050
-0.38895
-2.44706
-1.82372
-0.26053
-3.35804
1.11105
-1.14137
0.28297
4.43534
0.71602
0.49373
-0.64778
-0.83784
-3.39104
-1.44438
-2.68721
1.46744
2.15232
-5.47713
2.18065
2.33626
-4.33949
0.90696
-2.44487
2.32325
-0.32860
1.14022
-4.26258
-1.51791
-4.48167
-3.16305
-0.33659
-2.39469
3.12177
-2.38560
2.67785
2.08437
2.08061
-2.18585
6.70220
1.08695
0.63397
-1.14269
-1.60318
0.14628
-1.08555
0.95631
0.44777
0.28179
0.65003
2.03414
2.86843
-4.51719
2.32990
-1.90603
-4.11387
1.06063
-4.67526
1.27363
-2.30713
-4.25907
-0.05811
-3.69074
-2.71270
3.84099
2.84264
4.13635
0.72662
-0.20656
1.31465
-2.30861
-5.99317
0.02827
0.27376
3.32864
-3.16234
0.37698
-1.81177
-1.76299
0.78031
-1.65732
-1.05708
1.60800
3.79436
-3.75843
-0.87697
2.93430
-4.26005
2.53776
-6.99059
1.84670
-3.02967
-1.33265
2.34559
0.32453
-1.53647
-0.00098
1.15086
-1.04661
4.41014
-3.60561
1.30880
-4.36253
-1.69217
-2.82563
2.05746
0.50810
0.24311
0.18958
-3.47358
-2.90983
-0.95910
1.66145
-1.59300
-1.27838
1.78045
2.72780
-3.56994
-2.91930
4.23231
2.99212
-0.61346
4.71724
1.09295
-1.15716
0.98911
2.00511
1.44472
0.89749
-0.61664
-4.02118
-1.20841
0.80983
1.79619
1.13791
0.66575
-0.72489
-2.34208
3.53994
-1.58312
0.90648
-4.11915
-0.30241
10.00290
-0.64605
0.46933
-1.40861
2.15329
-2.67298
0.16809
1.55369
0.85803
-4.41707
0.60092
-3.04305
3.03685
1.48275
1.15445
1.12221
-0.92636
2.65428
2.34740
5.36690
-0.28963
-0.79150
2.30404
2.08170
-0.39838
-5.18298
1.91411
-3.44921
1.16579
0.39960
-0.80287
5.88616
2.59580
-2.88512
-0.42319
-1.41098
2.88075
-1.42735
3.81463
2.03461
2.39034
-2.00703
-1.87276
7.00168
-2.43324
0.16119
-2.98717
3.82661
0.63155
-0.35031
0.40645
0.47621
-4.39533
-4.50600
-2.14191
-0.07805
-1.72536
3.49856
4.28300
4.11491
2.74788
3.12125
5.53701
-1.94437
2.28755
-0.53201
5.69040
5.89655
0.43999
-0.68436
