0.24710
-0.11925
0.20654
-0.86493
-0.15440
-0.17755
0.87770
-0.52716
-0.17128
-1.07515
-0.50991
0.27567
-0.49491
0.35761
-0.33833
0.56744
-0.58294
-0.54062
-0.57057
0.08019
-0.08435
0.89655
0.56145
-1.22385
0.71422
0.20368
0.84894
-0.69987
-0.38164
-0.08303
-0.50108
0.16756
-0.30862
0.02443
-0.91588
0.16526
-0.47067
-0.12151
-0.09350
-0.29234
-0.46164
-0.24875
0.97031
0.25954
0.42439
0.06797
-0.29869
0.50925
0.54102
-0.71483
0.23630
0.23027
-0.42848
-0.46609
0.84520
-0.19471
0.47512
-0.85722
-0.64165
-0.58549
-0.04477
-0.04840
0.28345
0.13446
-0.51880
-0.19087
-0.01722
-0.02388
1.00785
-0.43129
-0.48610
0.01837
0.69507
0.28835
-0.68306
-0.34598
-0.55554
-0.04441
0.09715
-0.41906
-0.27717
-0.03443
0.36535
0.05941
0.88773
-0.19617
0.24125
-0.69173
-1.52327
0.08434
-0.09945
-0.06634
-0.31102
-0.33233
0.61886
-0.30472
-0.15034
0.32853
-0.21825
0.29978
0.02196
-0.12921
-0.69231
0.10128
-0.09743
0.62260
-0.45508
0.27508
0.60175
-0.69918
0.53664
0.08279
0.28706
0.03857
1.05546
0.15066
0.30257
-0.62710
0.22378
0.22273
0.01819
0.24237
0.66152
-0.25105
-0.28430
-0.07159
-1.05467
-0.15373
-0.56909
-0.23095
0.68621
0.08579
-0.58102
0.17310
0.38045
-0.25964
0.08279
-0.05217
0.37561
-0.39515
-0.29925
-0.34501
-0.60208
-0.01713
-0.13265
0.49124
-0.44818
0.13928
-0.48303
-0.34586
1.17589
-1.13655
0.55505
0.48926
-0.06167
0.22602
0.87189
0.40584
-0.05578
0.19988
-0.26579
-0.03981
-0.06532
0.10097
0.13979
-0.16946
0.56241
0.74587
0.21416
-0.49566
0.63870
-0.02645
0.93925
0.11817
0.52370
-0.17847
-0.89395
-0.61653
-0.45410
1.02686
0.47059
-0.12287
-0.41871
-0.54877
-1.49555
0.85310
-0.18841
-0.17040
-0.05597
-0.21312
-0.22630
-0.00036
0.28916
0.74646
0.77606
-0.20627
-0.10247
0.39428
-0.82190
0.50641
0.05726
0.50418
0.44642
0.87127
-0.08408
0.82865
0.44151
0.09312
0.59074
-0.31763
-0.13196
0.18361
-0.14320
0.39811
0.42913
-0.17278
0.23304
-0.57803
0.52181
0.42710
-0.21650
0.59526
-0.63691
-0.26757
0.03529
-0.93116
0.95778
-0.85106
0.00856
0.48794
0.34343
0.13381
-0.14118
-0.46951
0.54790
0.03261
0.36029
-0.17470
-0.64622
0.28100
-0.39063
-0.48099
0.52782
0.79564
-0.79095
0.74632
-0.08898
-0.58033
-0.05231
0.04297
-0.32219
0.33265
-0.64347
0.25211
0.52816
0.58093
-0.16553
-0.72517
0.70496
-0.12933
-0.64482
0.19805
-0.02926
0.99430
-0.08556
0.65076
-0.73210
-0.27438
0.30381
-0.50618
0.67343
-0.32339
0.11615
0.29649
-0.28005
-0.61736
0.08171
0.09616
-0.47952
0.33158
0.82981
0.43461
-0.16384
0.19399
-0.79525
-0.32118
0.10367
0.14559
0.96784
-0.20874
-0.39233
0.12483
0.59173
0.77047
-0.25882
0.14193
0.30916
0.18034
-0.18896
0.24158
-0.66187
1.36772
-0.69543
-0.11903
-0.12716
-0.60675
-0.08870
0.02291
-0.20311
0.02420
-0.18398
1.29898
1.16659
-0.43859
-0.65295
-0.11806
0.44013
-0.19150
0.39298
-0.14661
-0.23169
0.72431
0.51093
-0.32029
-0.94328
0.30694
0.02144
-0.32809
-0.56427
-0.13587
0.10488
0.24072
-0.50275
0.10902
-0.53181
-0.78886
0.24860
-0.21248
-0.35126
-0.56642
-0.58890
0.42479
-1.07046
-0.16283
-0.50199
-0.49786
-0.05915
-0.36845
0.19821
0.19965
0.89505
-0.58939
-0.00525
0.80312
-0.25111
0.00543
0.40231
0.18515
-0.10004
-0.18084
-0.08105
0.35395
-0.10292
0.61054
-0.13489
0.23815
-0.17534
0.20026
0.35348
-0.35452
-0.60879
0.29003
0.02815
-0.38235
0.77570
-0.95357
0.16583
-0.03648
0.64531
0.35159
-0.33010
-0.18700
0.15484
0.31842
-0.50185
0.76676
0.13066
0.18380
-0.28736
-0.17879
0.14743
-0.64907
0.13769
0.18983
0.33756
-0.50524
-0.20318
0.67133
-0.22684
-0.39214
-0.25873
-0.46362
0.37939
0.88116
-0.75900
0.66624
0.03601
0.14848
0.03814
-0.70897
-0.08399
0.59341
-0.61789
0.43113
0.59204
0.80590
-0.15771
-1.16296
-0.00538
0.00514
0.26533
0.31811
0.00854
-0.62468
-0.47461
-0.23851
0.25811
0.98389
-0.31000
-0.85339
-0.07507
0.38038
0.33108
-0.36302
0.08573
-0.04804
-0.14471
-0.41102
0.08185
-0.67420
-0.52648
0.72188
0.59944
-0.33448
0.03345
-0.13596
-0.28847
-0.23709
0.00898
0.38865
-0.07843
-0.33373
0.23506
0.12375
0.24981
-0.26089
0.34282
-0.36363
0.16435
0.26809
-0.88784
0.64358
-0.01058
0.03686
0.01873
0.11461
0.31524
0.68858
-0.00262
-0.21455
0.40148
0.94467
0.66861
0.18877
0.33314
-0.22223
0.69584
0.45420
0.46624
-0.52026
-0.24230
0.28957
0.09320
0.45325
-0.26826
0.57588
0.79058
0.44448
0.19427
-0.22465
1.04933
0.48809
0.51583
-0.76049
0.95879
0.38787
-1.08986
-0.45610
0.10166
-0.74167
-0.22511
-0.46523
-1.01570
-0.03968
0.66486
-0.66420
-0.56606
-0.14917
0.18454
0.32680
-0.63015
0.29180
-0.37477
-0.42232
-0.65594
1.49432
-0.78823
0.02909
0.17098
0.14676
0.15461
-0.27638
-0.38101
-0.17190
-0.25857
0.39205
-0.68983
0.24181
-0.15251
0.45025
-0.13484
-0.41142
0.65392
0.43797
-0.41952
0.52511
0.19976
0.46600
-0.30520
-0.86909
0.43757
-0.43150
0.01279
-0.09292
0.02876
0.70601
-0.27206
0.17931
-0.27095
-0.66462
0.14131
-0.01184
-0.18213
-0.54967
-0.09023
-0.73255
-0.76733
-0.37372
-0.32998
-0.26094
-0.41898
-0.26372
-0.46308
-1.08203
-0.12164
0.25085
0.42138
-0.37208
0.54430
0.03026
-0.28724
-0.48895
0.24599
0.29066
0.31952
-0.48212
-0.52805
-0.76715
0.43019
-0.03483
-0.64137
-0.40300
-0.19614
0.62745
-0.77153
-0.02370
0.33549
0.51191
0.64636
0.41302
-0.29507
-0.26408
0.66600
-0.14077
0.28788
-0.11413
0.07083
0.24695
-0.52972
0.43029
0.27202
0.55008
-0.12480
-0.28490
0.01133
0.12249
1.09918
0.28736
-0.84773
1.19966
0.77498
0.22542
0.18549
-0.01722
0.43197
-0.39262
-0.14689
0.35181
0.00081
-0.25782
0.94620
0.27264
0.41313
0.34563
0.58071
-0.06709
0.45453
0.14828
0.17933
-0.76464
-0.08139
-0.91102
0.34213
-0.38367
0.29829
-0.56241
0.51514
-0.19595
0.70306
0.01507
-0.54660
-0.15412
0.09328
-0.14843
-0.77161
0.01248
-0.74100
0.01002
-0.21635
-0.51049
-0.24169
0.25968
-0.31072
0.59201
-0.01747
-0.91328
-0.69941
-0.01441
0.08631
0.14570
-0.19613
0.14398
-0.43939
0.12775
0.05662
-0.18784
-1.17712
0.53704
0.64297
0.40498
0.98588
-0.39787
-0.03338
0.07644
0.00548
-0.63964
-0.07355
-0.32909
-0.41167
-0.57494
-0.00278
-0.06836
0.21978
-0.11482
0.18637
-0.23227
-0.60364
-0.60356
0.52396
0.38827
-0.22419
-0.11646
0.89535
0.46727
-0.06955
-0.07318
-0.06918
-0.60076
-0.86073
-0.25221
-0.25767
-1.50584
-0.13583
-0.08565
0.43503
-0.10399
0.08289
-0.70555
-0.17505
-0.54432
0.06685
0.57519
-0.38734
-0.04290
-0.05586
0.49440
0.30677
-0.13597
-0.09230
-0.28234
-0.01343
-0.78180
0.27469
0.06009
0.21803
-0.09513
-0.04034
0.22349
0.57633
-0.09603
0.47153
0.32438
0.73895
-0.40117
0.42970
1.06980
0.52800
-0.60964
0.14832
-0.58908
-0.52232
0.38720
-0.15045
-1.40409
0.27955
0.04653
0.75316
-0.64734
-0.26522
-0.13599
0.34727
-0.82867
-0.60683
0.57053
0.18002
-0.88973
-0.51720
-0.89135
-0.88686
-0.30003
-0.02791
0.86555
0.50377
0.66749
-0.83326
-0.65115
0.44794
-0.42090
0.25500
0.07361
1.02600
-0.37539
-0.73335
-0.88169
0.82774
0.03336
-0.08082
-0.80220
-0.43792
0.06037
0.01479
-0.47598
-0.24689
-0.19032
-0.40429
-0.03717
-1.00082
0.42846
0.34707
-0.78785
-0.71500
1.08466
0.90879
0.31863
0.35483
0.64888
-0.53519
0.07243
-1.31394
0.35541
0.61991
-0.60361
0.43025
0.34615
-0.13428
-0.89853
0.27915
-0.18988
0.89400
-0.10080
0.70126
-0.18779
-0.22380
0.41425
0.69262
-0.35588
0.67256
0.00087
-0.08050
-0.24148
-0.40537
-0.26733
0.34901
0.03759
0.74942
0.50798
-0.58648
1.01536
-0.30905
0.59711
0.47058
0.49421
-0.66194
-1.04258
-1.44773
0.23188
-0.20455
-0.01963
-0.13070
-0.22533
1.23751
0.50682
-0.52668
-1.04312
0.39905
0.20620
-0.51020
0.98621
-0.24595
0.37761
0.28914
-0.81221
-0.09283
-0.29357
-1.16905
0.21982
0.36850
0.63088
0.22418
-0.31475
0.17127
-0.24481
1.28807
-0.97440
-0.39777
-0.38982
0.36103
-0.05606
-0.49973
0.87948
-0.41646
0.62345
0.33318
0.63942
0.46022
0.33175
-0.36140
-0.97325
-0.30162
0.46601
-0.92805
0.16411
-0.20089
-0.28134
0.43618
0.15757
-0.12695
-0.35894
0.25428
-0.00925
0.01676
0.48444
0.16354
-0.00424
0.24548
-0.32582
0.18123
-0.10786
-0.23880
-0.13233
-0.56132
0.44750
0.85236
0.20728
-0.11287
0.23321
-0.12802
-0.18550
0.53111
-0.33718
-0.46370
-0.33608
0.32055
-0.13840
0.44771
-0.36727
-0.50465
-0.37176
-0.30625
-0.45546
-1.35225
-0.12407
0.18680
-0.19320
-0.45254
-0.68564
-0.31078
0.47706
-0.17963
0.44584
0.23978
0.30521
-0.39287
0.49536
0.43889
0.19386
0.46820
0.48817
-0.36420
0.11994
0.50574
-0.06162
0.08324
-0.19414
0.21926
-0.08814
-0.10723
-0.09424
-0.02011
0.46907
-0.43620
1.27274
0.21649
1.16302
-0.53080
0.76145
0.40755
-0.24178
-0.09284
-0.08978
0.35888
0.40769
-0.93050
-0.06197
0.09176
-0.32973
0.08701
-0.70224
-0.40172
-0.58181
-0.32525
-0.67310
0.45042
-0.37928
0.05737
-0.15729
-0.23452
-0.10793
-0.16358
-0.20043
-0.61573
0.57709
0.10754
0.63365
-0.05646
0.10968
0.24584
0.11410
0.68049
-0.48385
-0.10242
-1.02729
-0.03970
0.17125
-0.41019
-0.54565
-0.76634
-0.54743
0.66914
-0.18473
0.05241
0.08701
-0.29589
0.04796
0.33914
-0.28574
-0.79889
0.70608
0.53414
0.50222
0.39390
0.39526
0.61583
0.30548
-0.67966
0.17082
0.11529
0.91098
-0.22085
0.15973
-0.67877
-0.77130
-0.26375
-0.31687
-0.60603
0.95859
-0.00231
0.15016
0.23694
0.01448
-0.15067
0.37743
-0.19485
-0.26587
0.52126
-0.37897
0.20906
0.04513
0.36444
0.63324
-0.51335
-0.65415
0.02879
0.97849
0.16645
0.36955
-0.13305
-0.30904
0.42333
-0.18553
0.60622
0.15306
0.46998
-0.30380
-0.32471
-0.82562
0.27071
-0.35185
-0.16095
0.48524
-0.26785
-0.26968
0.08362
-0.31037
-0.06858
-0.74751
-0.15181
0.52177
0.85619
0.88750
-0.80666
0.28235
-0.83744
0.20568
-0.35064
0.31765
-0.24343
-1.21991
-0.40767
0.70160
0.07474
0.23419
0.08878
0.34948
-0.53670
-0.51967
0.07831
0.52508
0.22037
-0.43608
-0.03629
0.11457
-0.46040
0.25363
-0.85565
0.59793
-0.10400
-0.77383
0.87993
-0.09279
-0.04952
-0.26517
-0.70292
0.36519
0.13661
-0.58404
-0.23248
-0.22051
-0.02188
-0.46479
0.45394
-0.23354
0.33472
-0.24795
-0.08274
0.02236
0.18941
-0.61617
0.37721
0.44963
1.23531
0.46108
-0.08968
-0.33133
0.70013
-0.38893
-0.71226
-0.18618
-0.61121
-0.06940
-0.48866
0.23897
-0.49504
-0.23512
0.03370
-0.21392
0.22519
-0.09459
0.53087
-0.11762
0.49873
0.53095
0.07404
0.63188
-0.75876
-0.05742
-0.73525
0.29223
0.18637
0.13263
-0.28474
-0.35482
-0.30616
-0.22075
-0.47732
-0.92103
-0.34142
1.00552
-0.20170
0.21670
0.41173
-0.28211
0.01640
-1.28846
-0.42807
-0.17338
-0.82148
0.67388
0.19511
-0.63592
-0.07726
-0.81597
-0.19014
-0.09007
0.21150
-0.11421
-0.18978
0.28661
-0.74920
0.08570
-0.04626
-0.80467
-0.43120
-0.16123
0.10455
-0.38788
0.05496
0.45520
-0.24881
0.94931
-1.09599
-0.15522
0.26307
-0.65179
-0.71216
0.59427
-0.60668
-0.41170
-0.27406
0.04508
-0.24692
-0.85840
-0.51030
-0.14950
-0.78181
0.04130
0.08371
-0.73054
0.06356
-0.79822
0.11028
-0.90206
0.52622
0.61011
0.36520
-0.27359
-0.17439
0.31813
-0.27915
0.40124
-0.08042
-0.22599
-0.64023
-0.17277
1.22484
0.71497
-0.62978
-0.02341
-1.17672
0.15352
-0.42210
0.66456
0.20645
0.14679
-0.02018
0.07485
-0.45682
0.13592
0.69454
0.15198
0.03445
0.82943
0.80013
0.64861
0.10243
-0.11907
0.21081
0.29100
0.79907
-0.56645
-0.71098
-0.31066
0.02985
-0.25910
0.58640
-0.63771
-0.03808
0.13777
0.67318
0.16253
-0.02262
-0.60312
0.00176
0.36707
0.29771
-0.41566
-0.26968
0.46824
-0.05535
-0.32607
-0.22067
0.45817
0.21451
0.07010
0.68157
-0.97156
-0.03778
0.13531
-0.17565
-0.74898
-0.97122
-0.28866
-0.37175
-0.43460
0.33180
0.59297
-0.42065
0.46183
-0.78505
0.57154
0.06579
-0.07594
-0.29889
-0.11643
0.20577
-0.71049
0.13613
-0.97537
-0.12617
-0.14421
-0.08701
0.25553
-0.30842
-0.92137
-0.41046
0.39584
-0.99016
0.45702
-0.04224
0.47417
-1.04184
0.57371
-0.23126
-0.02502
0.60393
-0.09362
-0.19300
0.39672
0.06131
-0.10909
0.22191
-0.28271
0.28566
0.20997
1.01817
0.48268
-0.51047
-0.34786
-0.15779
0.10074
-0.50077
-0.28853
0.21920
-0.30289
0.99138
-0.56270
0.57225
0.42932
0.35323
-0.83527
-0.73240
-0.01052
0.46779
0.02566
-0.17773
0.10180
0.55131
0.35803
-0.00558
0.72701
0.25998
-1.19430
-0.55076
-0.51587
0.40448
0.11462
0.25594
0.57853
-0.62515
0.75860
0.85802
-0.07516
0.84261
0.36695
-0.22599
-0.18382
0.19885
-0.10867
0.07470
0.51909
-0.32507
-0.19611
-0.65770
0.60049
0.30500
0.12070
-0.53303
-0.74844
-0.26608
-0.61813
0.47568
1.21446
-0.37223
0.84426
-0.24000
-0.24373
-0.58028
-0.24193
0.70021
-0.45369
-0.45148
-0.56286
0.07820
-0.32885
-1.16601
0.26941
-0.34267
0.05098
-0.94879
0.18194
-0.25634
-0.09436
-0.05382
0.58134
0.30812
0.53220
0.24505
-0.12431
0.46384
-0.00645
-0.10220
-0.82648
0.06955
0.04543
-0.13458
-0.77494
0.00966
-0.18004
-0.59091
0.38974
0.43346
-1.05147
-0.52723
0.37685
0.33996
-0.25641
0.89460
-0.36861
0.39819
-0.53064
0.29910
-0.70275
0.01628
-0.45658
0.36480
-0.56744
0.15619
0.18164
1.02623
0.38678
-0.64796
0.06002
-0.12060
-0.40989
-0.01331
-0.03324
0.75495
-0.08117
0.39800
-0.85090
0.61973
-0.59107
-0.21929
0.24462
-0.06450
-0.89274
-0.70920
-0.00417
0.16017
0.43519
-0.84724
-0.29048
-0.44252
0.56511
0.80971
-0.83122
-0.03012
-0.23149
-0.44767
0.64754
-0.28225
-0.70671
-0.32617
-0.68507
-0.23794
-0.52309
0.30934
-0.34948
-0.65775
-0.36602
-0.47240
0.56235
0.59075
-0.89622
0.33803
-0.14216
-0.17223
0.11428
0.49146
-0.45535
-0.95467
0.06111
-0.09041
0.09863
0.31494
0.23736
1.31641
-0.00449
-0.14934
0.48829
0.85955
-0.02155
0.49102
0.17278
0.01185
-0.53711
0.35873
-0.08820
0.00535
1.29140
-0.59093
0.27145
-0.41141
-0.03391
-0.59739
0.75755
0.73649
0.28100
0.62789
0.27405
-0.34029
0.19037
0.29807
0.64992
0.07123
0.62763
0.30157
0.03380
0.31278
-0.69035
0.72982
0.21953
1.50154
-0.01627
-0.65259
-0.16156
0.18874
0.73512
-0.39436
-1.40107
0.05681
0.89823
0.28853
0.01594
-0.07801
0.18313
-0.07549
-0.75163
-0.55469
-0.05282
-0.43845
-0.19171
-0.13626
0.56596
0.14349
-0.72089
-0.40413
0.13651
0.87589
-0.45567
0.58487
0.19304
-0.58361
-0.15006
-0.43274
-0.48883
0.22407
-0.27548
-0.69471
0.23501
-0.14919
0.45772
0.04504
0.15219
0.25626
0.65523
1.41513
0.00595
0.34589
0.53551
0.49972
0.36985
-0.41425
-0.07672
0.02187
-0.01983
-0.43191
0.96577
0.07164
-0.00016
0.41772
0.31526
-0.33842
0.38103
-0.40061
-0.80898
-0.04933
-0.17326
0.48906
-0.11311
-0.17001
0.24212
0.46249
0.07554
-0.73075
0.05263
0.48102
-0.02985
-0.12786
-0.00960
-0.26331
0.30149
-0.52045
0.42140
-0.12726
-0.58243
-0.19973
0.56832
-0.68710
0.35307
-0.06439
-0.24098
0.09379
0.04412
0.02558
-1.20986
-0.38162
0.11756
1.16957
-0.20215
-0.70163
0.32856
-0.71999
0.05204
-0.47117
0.22795
0.16983
0.79269
-0.69587
-0.24133
-1.16757
0.30564
-0.67368
0.38760
0.13648
0.35165
0.25608
-0.57195
-0.42584
-0.86990
-1.00687
-0.18359
-0.08239
0.25421
-0.77028
-1.01772
1.13641
-0.48658
-0.42900
0.27235
-0.19623
0.40896
-0.17744
0.05164
-0.33698
1.27246
0.14682
0.20561
-0.39083
0.51415
-0.43805
0.94270
0.29785
-0.27286
0.21223
-0.28645
-0.23736
0.88468
0.59688
0.08366
0.37474
-0.23826
-0.43763
0.69185
-0.48988
-0.34256
0.15567
0.43835
-0.59015
0.11181
-0.04509
-0.31302
-0.05585
-0.50824
0.14142
-1.52640
0.62913
-0.10613
-0.40740
0.96358
0.71063
0.31421
0.97674
0.02359
0.29827
-0.17369
-0.39162
0.32509
0.17176
0.21458
0.16096
0.32616
0.63811
0.37771
0.23581
0.59854
-0.94216
0.05464
-0.85382
-0.18211
-0.04574
-0.59510
0.14652
-0.01685
-0.38429
-0.93178
0.11305
-0.06453
-0.07744
0.02197
0.59323
-0.19436
-0.41559
0.30410
-0.33686
-0.25878
0.51890
0.36367
0.60760
-0.27491
-0.46579
-0.33107
0.10530
-0.41415
-0.49615
-0.52133
0.24338
0.59255
0.15786
0.28858
0.02407
1.43892
-0.08423
0.24884
0.56329
0.46683
-0.16713
-0.77628
-0.07311
1.25018
0.11406
0.44512
0.57618
0.30565
-0.21355
0.23703
-0.14658
-0.12149
-0.04415
0.73343
-0.23013
-0.19345
1.70228
-0.31446
-0.19797
0.01890
0.07770
0.69481
-0.11573
-0.04110
-0.66146
-0.52383
0.11250
-0.63642
0.58016
0.34335
-0.68819
0.37013
-0.15747
-0.18637
-0.98634
-0.09364
0.50710
-0.29537
0.21151
0.56507
-0.06431
-0.30387
-0.05174
-0.33552
-0.04585
-0.04941
-0.46212
0.45199
-0.07241
0.17391
0.45897
0.50165
0.76187
-0.84770
-0.45369
0.12776
0.43616
0.72061
0.18526
-0.70854
-0.26828
0.34867
0.25647
0.55006
0.38434
0.45130
0.25036
-0.69321
0.27704
-0.91151
-0.80345
0.05657
0.29510
-0.03718
-0.44140
0.32466
-0.02273
0.34148
0.54010
0.83181
-0.70628
-0.38368
-0.63860
0.61554
0.16247
-0.12874
-0.98218
-0.38158
-0.11754
1.10413
-0.02965
0.33764
-0.00336
-0.22499
0.20652
-0.14601
0.66550
0.18548
-0.66634
-0.09547
-0.39655
0.04961
-0.71222
0.24315
0.57286
0.37838
-0.10629
0.60921
-0.89125
0.12463
0.99003
0.66479
-0.63025
0.58135
0.39020
-0.36105
0.19427
1.15190
0.66686
-1.09659
-0.07224
0.64694
-1.44578
0.05067
-0.51559
-0.30757
0.14209
0.38310
0.34624
0.06669
-0.47065
0.11120
-0.14216
-0.38635
0.91308
-0.28013
0.20475
0.26230
0.30960
-0.16138
0.31214
0.53976
-0.14229
-0.06678
0.16929
0.58057
0.46973
0.20554
-0.26016
-0.09376
0.19881
0.34641
-0.29374
-0.91950
0.24757
0.77747
-0.00661
-0.46495
0.83657
-0.99385
-0.54414
0.30063
-0.09454
-0.48670
0.33862
-0.10376
0.03377
-0.55548
0.91473
-0.32425
-0.48176
0.78416
0.25976
0.41686
0.74022
-0.49293
0.09318
-0.55923
-0.41424
-0.53943
0.04385
0.00769
-0.27323
-0.24951
0.17346
0.95419
0.51206
-0.12106
-0.55260
-0.49150
0.60465
-0.27083
0.03360
-0.83834
0.55334
0.02106
0.40914
-0.19530
0.30314
0.14829
-1.16173
-0.51507
0.31161
-0.76360
1.02227
0.52753
0.52729
-0.67178
-0.06278
0.14823
-0.03252
0.03609
-0.10161
0.52188
0.00597
0.11219
-0.02807
-0.05523
-0.03864
1.56266
-0.04502
0.61565
0.00693
-0.36884
0.39520
0.80590
-0.48176
-0.64457
0.33112
0.64971
-0.27680
-0.06020
-0.83396
-0.02806
0.29895
-0.19633
0.64275
0.68823
0.35958
-0.10184
-0.31052
-0.46925
-0.50392
-0.10263
0.02244
0.46145
-0.21633
-0.40757
0.56416
-0.39855
-0.33172
0.11017
0.06394
0.47503
0.63583
0.34356
0.06779
0.05452
-0.17766
0.58772
-0.00685
-0.40107
0.98069
0.73877
1.48413
-0.12664
0.64884
0.28807
-0.25106
-0.40524
-0.00367
-1.42458
-0.24538
0.63189
0.19440
0.33613
0.31904
-0.87529
0.95518
0.59220
0.21596
-0.00594
-0.51011
0.29222
0.44992
-0.23989
-0.35268
-0.82798
0.17371
-0.49317
-0.06533
0.26962
-0.26411
-0.91022
-1.67881
-0.82500
-0.15953
0.25689
-0.27428
0.12146
0.66814
0.50603
0.35886
-1.66249
-0.48948
0.36490
-1.18007
0.13246
0.08798
-0.63832
0.38865
-0.88434
-0.34291
0.60297
0.05937
0.44919
0.18359
-0.04920
-0.06985
0.14565
0.08576
-0.16129
0.70444
-0.90070
0.20862
0.36425
-0.02363
-0.17236
0.28845
-0.30428
-0.41735
0.82105
-0.64304
0.06851
-0.01158
0.95839
-0.02168
-0.39086
0.28201
0.24448
-0.90900
0.15660
-1.04603
0.84711
-0.56709
-0.20056
0.53683
0.00795
-0.20081
-0.22058
0.19332
-0.34914
0.33845
-0.72770
-0.07121
-0.30987
-0.93896
-0.22583
0.25251
0.40282
0.05825
0.66889
-0.67281
-0.07593
-0.43640
-0.52089
0.02142
-0.43572
-0.33811
-0.15599
-0.32925
-0.13450
0.40499
-0.20650
-0.09825
0.40727
0.53547
0.32255
-0.09067
-0.57220
-0.39074
0.07801
0.09489
0.12717
0.03831
0.73594
-0.37373
0.64096
-0.75397
0.27531
0.03009
-0.28109
-0.10341
0.36168
0.69601
0.23622
0.48479
0.53116
-0.30381
0.21263
-0.39902
0.48853
-0.71838
-0.22636
-0.64573
0.01397
-0.36975
-0.20915
0.01774
0.10287
-0.17406
0.07027
0.26147
0.44414
0.44874
-1.31715
-0.11070
0.31688
0.45968
0.09832
0.08162
0.36639
-0.12161
-0.75358
0.25662
-0.60778
-0.27433
-0.86848
0.55215
-0.33924
0.23763
-0.01463
-0.07225
-0.30071
0.48730
-0.94147
-0.52055
-0.08849
-1.17174
-0.19618
0.96662
-0.57104
0.26956
0.77907
0.56448
0.13389
-0.31262
-0.07020
-0.05177
0.12034
0.22327
0.25351
0.65555
1.08247
0.83067
0.06683
-0.79063
-0.59440
-0.31812
-0.47563
1.04803
-0.71680
-0.23821
0.33886
-0.39905
0.01775
-1.34549
0.66474
-0.73130
-0.06555
0.72812
0.32396
0.15494
-0.91286
0.09017
0.45866
0.39736
-0.13727
1.03629
0.66789
-0.25061
-0.22665
1.56277
-0.34846
0.19027
1.07887
0.08912
-0.49790
-0.48619
0.76226
-0.30395
-0.73211
-0.11720
-0.09167
-0.57024
0.02491
-0.68017
0.81093
-1.28340
-1.28561
0.35976
0.23681
0.06095
-0.29801
-0.13008
0.15656
0.00377
0.28131
0.82962
0.13676
-0.36921
-0.51219
-0.40909
-0.48910
0.18242
-0.68637
-0.44515
0.14286
0.41071
-0.25986
0.91985
-0.11266
-0.34436
-0.38173
-0.01137
-0.67360
-0.53230
0.83098
-0.40766
0.31397
-0.09521
0.76549
0.82344
0.29042
-0.41594
0.45701
0.01853
1.05202
0.25384
-0.10086
-0.68225
0.11351
0.23041
0.54189
-0.15507
-0.29389
-0.61065
0.44946
0.34050
-0.63140
-0.47746
0.50788
0.13078
0.41954
0.00465
0.14105
-0.41045
0.15641
-0.06968
0.26907
0.58888
-0.04422
0.12247
0.10809
0.44463
-0.16453
-0.18397
0.48382
0.23499
-0.16973
-0.05579
0.06864
0.07475
-0.82657
0.39548
0.29822
0.55955
0.16912
0.19239
-0.10405
0.19642
-0.32557
-0.20798
0.88339
0.42210
-0.34552
-0.61387
0.23037
-0.21534
-0.20552
0.53454
0.09058
-0.16281
-0.04854
0.47171
0.78782
-0.06109
-0.69415
-0.37930
0.25112
0.61839
-0.57341
-0.53767
0.17174
-0.51093
-1.27376
0.14623
0.96192
0.00950
0.80561
0.51397
0.21327
-0.64805
0.30506
0.92580
0.57203
0.33184
-0.21376
0.09918
0.31111
0.37681
-0.48870
0.47566
-0.29585
-0.50074
-0.11221
-0.61582
0.19372
0.34743
-0.01985
-0.34755
0.08630
-0.02869
-0.49777
-0.06592
-0.28925
-0.14783
-0.04270
-0.86910
0.32234
-0.49205
-0.53074
-0.46333
1.43809
-0.60410
-0.19132
0.09941
-1.25887
-0.02714
-0.69231
-0.04480
-0.22532
0.60660
-0.90021
-0.05346
-0.87213
0.00923
0.87106
-0.27345
-0.09944
-0.08764
-0.36209
0.74898
0.49883
-0.03788
-0.17027
0.19123
-0.15021
-0.19251
-0.34330
1.16296
-0.40288
-0.31842
0.20551
0.17650
-0.33529
0.22516
0.00400
-0.02147
0.82056
0.20072
-0.63281
-0.11383
0.16477
0.38051
0.70820
-0.63799
-0.52636
-0.12666
0.69154
-0.44653
0.13615
-0.29517
-0.69072
0.23278
0.17807
0.28940
-0.30986
-0.57319
0.22894
-1.02311
0.34219
-0.28377
-0.33872
0.20976
0.22392
-0.19212
0.41380
-1.28245
-0.36149
0.59331
-0.76694
0.78605
-0.76373
0.24779
0.14211
-0.47794
0.04959
-0.01870
0.05399
0.50673
0.34616
-0.09495
-0.10402
-0.57933
-0.31866
-0.69500
0.11842
0.32416
0.37408
-0.08368
0.08259
-0.45171
0.06211
-1.19066
-0.12271
-0.88445
-0.20577
0.19887
-0.02916
0.58679
-0.35102
-0.67221
-0.13069
0.21447
0.59576
0.13489
-0.09103
0.63374
-0.16618
-0.38705
-1.07562
-0.26017
-0.16731
-0.66863
-0.41714
-0.04041
0.31164
0.27490
0.02479
-0.04207
0.44409
-0.29515
0.44841
0.09680
0.60874
0.47525
-0.14377
-0.60381
0.41254
-0.15657
0.22488
-0.29897
-0.39861
0.98381
-0.30412
-0.13128
0.31997
0.38830
-0.13299
-0.15797
0.16512
-0.29842
0.63866
0.20815
0.32013
0.06246
0.39227
-0.20879
-0.77402
0.63171
-0.07763
-0.71087
0.68907
0.02146
0.43707
0.09243
-0.86585
-0.10328
-0.60740
0.25619
0.24309
-0.96146
-0.31724
-0.19880
0.86002
0.92677
-0.53161
0.13408
0.41433
-0.14936
0.01694
-0.29386
0.15021
0.66901
-0.28180
-0.69327
0.06007
0.31113
-0.09915
-0.63773
-0.07353
0.25375
0.28174
0.29768
0.59895
0.48286
-0.03337
-0.30336
-0.46258
-0.07301
0.57291
-0.59129
-0.69286
0.66701
0.04693
-0.06944
-0.48595
-0.02184
-0.02231
0.42591
-1.03476
0.67888
0.52099
0.12613
0.23872
-0.42929
-0.08219
0.26500
-0.31667
-0.11590
0.37568
0.53920
0.31716
-0.09049
-0.05210
-0.56540
0.64166
-0.64677
-0.24858
0.06868
-0.32537
-0.07940
-0.03811
-0.08762
0.41575
0.37527
-0.09865
0.19833
0.67712
0.69590
0.18438
-0.16013
0.30453
-0.61202
-0.44638
-0.27815
-0.59905
-0.07818
-0.45784
-0.31334
-0.15109
-0.12338
-0.36491
0.48702
-0.62430
0.11626
0.69807
-0.38191
-0.63749
0.36022
-0.04376
0.17747
0.19823
0.48796
-0.10424
-1.22509
-0.32938
0.53345
-0.13733
-0.18185
-0.40983
-0.44600
-0.38218
-0.88744
0.57176
-1.58699
0.13312
0.06701
0.17007
-0.53922
0.49765
-0.60065
-0.75814
-0.44054
0.17950
0.43373
-0.60608
-0.70002
0.84884
0.19585
-0.24571
-0.18232
0.66027
0.63817
0.95387
-0.38913
-0.47463
0.43898
-0.76272
-0.30481
0.40823
0.60904
0.00789
-1.24196
-0.22250
-0.75016
0.02336
-0.18457
0.11387
-0.09429
0.26206
0.49916
0.05359
0.19952
0.04399
-0.63093
0.19055
0.48445
0.70412
0.35094
0.38450
-0.51682
0.14087
0.47613
-0.75431
0.39803
-0.34408
0.21566
0.26871
-0.47843
-0.50115
-0.21628
-0.22577
0.60582
-0.06961
0.00421
0.30679
0.00760
0.87392
0.07783
-0.28584
-0.30615
-0.40035
-0.09180
-0.87744
-0.08218
-0.11522
0.34758
0.95843
0.16590
-0.33679
-0.02618
-0.27642
-0.14335
0.46697
0.41869
0.29818
-0.15624
-0.91847
-0.08360
-0.44078
-1.11650
-0.23476
-0.13645
-0.75087
0.37035
0.09643
0.98131
0.32852
-0.07661
-0.39718
0.22430
0.92926
-0.08462
0.55735
-0.28887
0.54105
-0.23324
-0.60263
-0.26185
0.14605
0.03562
-0.44190
-0.08131
-0.86160
-0.33858
-0.53889
0.69882
-0.84767
0.03325
-0.62080
0.29347
-0.23349
0.01799
0.10534
-0.03722
-0.11656
-0.49109
-0.31555
-0.55090
-0.07844
-0.65790
-0.63806
0.11992
-0.44264
-0.53334
0.37732
-1.12342
-0.63097
-0.31749
0.64186
-0.47221
-0.39074
0.01004
0.36546
-0.30532
-0.10040
0.31518
-0.41422
-1.03590
0.14559
-0.21605
0.44179
-0.08849
0.04806
-0.17869
-0.49422
-0.22755
0.56289
-0.02330
0.17673
-0.26245
0.19041
-0.17293
-0.45075
0.58614
0.08714
-0.06451
-0.20703
-0.41676
0.08767
-0.95173
-0.32186
0.57986
0.48712
0.31460
0.63772
-0.23812
-0.84564
-0.51789
-0.08190
-0.40826
-0.48192
-0.91371
0.46969
0.07380
-0.30636
0.08085
0.02617
-0.08003
0.17011
0.51665
-0.20526
-0.05029
-0.08120
0.55866
-0.37362
0.33584
0.16189
-0.37935
-0.63300
-0.61151
0.38138
-0.66106
-0.23999
0.23649
-0.03525
-0.16020
-0.36701
0.18498
-0.46569
-0.52746
-0.19046
-0.22789
-0.80571
-0.19902
0.60412
0.23424
0.39516
0.68468
-0.49288
0.04689
-0.86706
-0.20719
-0.45237
0.62784
-0.03411
-0.18938
-0.06390
-0.08440
0.90271
-1.02181
0.49168
0.12590
-0.19145
-0.07305
0.45633
-0.61874
-0.02225
0.08655
0.22097
-0.76646
0.23159
-0.37133
-0.24066
-0.58234
-0.00038
-1.03364
0.02251
0.16091
-0.91856
-0.33483
-0.12154
0.46351
-0.60084
-0.06407
-0.34526
0.40375
-0.06837
-0.19701
0.26194
0.50154
-0.06837
0.38534
-0.06059
-0.87464
1.16004
-0.32066
0.27601
0.22936
-0.32965
-0.20849
-0.51419
-0.07397
-0.27672
-0.48589
0.45787
0.13022
-0.61457
0.00879
0.45317
0.19368
0.64111
-0.35488
-0.21437
-0.26491
-0.02982
-0.12854
-0.76947
-0.52659
0.27346
-0.66099
0.45740
0.24622
-0.16595
0.48073
0.35516
1.17790
0.26379
0.65997
0.81457
0.83889
0.23510
0.52192
0.33643
-0.58311
-0.04033
0.58756
0.25032
-0.04324
-0.66196
-0.53531
-0.07792
-0.09714
-0.47580
-0.87770
-0.01748
1.15550
-0.15817
-0.30164
-0.14576
-0.43952
-1.06708
0.65130
0.74653
-0.09594
-0.42546
0.93531
-0.14807
-0.90849
0.47249
0.72150
0.19837
-0.70197
0.46628
-0.33605
0.58753
-0.01076
0.43196
-0.31229
0.11060
0.48319
0.94183
-0.27584
-0.15395
0.47619
-0.35476
-0.63825
-0.44097
0.25461
0.93805
0.10180
-0.35584
-0.23330
-0.22847
0.16691
0.32283
0.01281
-0.27598
1.14595
0.34107
-0.00879
-0.83633
0.09142
-0.19978
0.48423
-0.27696
-0.53465
1.12434
-0.78369
-0.64618
0.32071
-0.41781
-0.22940
-0.40693
-0.62106
0.52491
-1.26657
0.75388
0.45294
-0.36810
-1.10392
0.40128
-0.69732
0.33972
0.22140
-0.20135
0.32189
0.46197
0.59021
-0.31812
0.42935
-0.30482
-0.15181
1.30570
0.06102
-0.27974
-0.35009
0.71645
0.35256
-0.63990
-0.29026
-0.22450
-0.87296
-0.70556
0.18734
-0.57298
-0.51936
-0.27591
0.44092
-0.18448
0.03579
0.33949
0.85469
0.06440
0.23543
0.62204
0.88672
0.41826
-0.75816
-0.20935
-0.54626
-0.14881
0.29541
-0.15665
-0.12430
0.16270
-0.88405
-0.67770
-0.38171
-0.50340
0.33342
0.45908
0.55549
-0.32304
-0.24506
0.06117
0.63231
0.35949
-0.26026
-0.43183
0.05501
-0.39134
0.20114
0.01530
0.07467
0.42016
-0.16470
-0.59893
-1.26678
0.84366
-0.86460
-0.10472
-0.61801
0.44978
0.32400
0.34532
0.34026
-0.65785
0.47441
-0.60590
0.23509
-0.52631
0.11771
-0.37757
-0.34101
-0.17206
-0.12567
0.16193
-0.33635
0.00618
0.27781
0.37594
0.46682
-0.16852
-0.00003
-0.48782
-0.84935
0.20650
-0.69431
0.44052
-0.31737
-0.27917
-0.18092
-0.51271
0.72030
-0.09053
0.81560
0.29012
0.10893
-0.12332
-0.28337
0.25429
-0.47708
0.43881
0.21326
-0.41106
-0.19432
-0.93228
-0.34485
-0.38307
-0.56781
0.07122
0.36600
-0.77747
-0.03761
0.25252
-0.21506
-0.34562
-0.12525
-0.75867
-0.92407
-0.23669
0.11935
-0.55300
-0.57739
-0.36267
-1.01656
0.06514
0.38762
0.07315
-0.03128
0.17870
0.30578
0.18395
1.24295
-0.07921
0.13099
0.15089
-0.01534
-0.70188
-0.19831
-0.59065
-0.28010
-0.15282
0.06525
-0.38643
-0.24251
-0.19859
0.53423
-0.18390
-0.08677
0.22847
-0.10146
0.24732
0.11759
0.61485
0.78113
-0.51594
-0.06280
-0.03338
-1.00635
-0.26726
0.49625
0.25531
-0.62966
0.85146
-0.04893
-0.47771
1.24603
0.06635
0.46001
-0.07160
-1.94304
0.26581
-0.22042
-0.25148
-0.30939
-0.84650
-0.02007
-0.62309
0.02037
-0.26174
-0.41680
-0.07471
-0.90391
0.44655
-0.16607
-0.33386
0.20819
0.68411
-0.09743
-0.28441
0.16886
-0.34490
-0.41483
-0.18424
0.24422
-0.26927
0.78852
-0.33032
-0.53681
0.04133
-0.60163
-0.61137
-0.33784
0.10871
-0.85429
-0.16508
0.00505
0.90094
-0.74454
-0.62270
-0.10249
-0.39673
0.00275
0.03658
-0.75410
0.16706
0.69164
-0.06165
-0.06536
0.79963
0.77425
-0.56392
-0.57971
0.44444
0.06357
0.55789
-0.17274
-0.13864
-0.16012
-0.12562
-1.17315
0.28070
0.99220
-0.84755
0.17653
-0.55898
0.57938
0.11965
-0.79355
-0.00706
-0.20039
0.77081
-0.00081
0.42994
0.91560
-0.04823
-0.50809
-0.84061
0.07298
-0.38556
-0.06946
0.13454
-0.06127
-0.64759
-0.84021
0.03964
-0.45711
-0.21309
-1.08206
-0.89429
0.11955
-0.74995
0.21353
0.17990
-0.37441
0.33479
0.38013
0.04598
0.67904
0.30642
-0.88306
-0.37824
-0.00239
0.49036
-0.22683
-0.02471
-0.21226
0.33883
-0.64224
0.53444
-0.03370
0.51361
0.26903
-0.44313
0.38499
-0.30298
-0.23961
-0.54209
-0.46262
-0.39557
0.43517
-0.74223
-0.97340
-0.33712
-0.68655
-0.01478
0.46833
0.53068
0.06898
0.68910
-0.12532
-0.28485
0.57287
-0.77487
-0.62189
0.04471
0.07919
0.36906
-0.04353
-0.01116
0.60509
0.38265
-0.18993
0.81882
-0.18451
-0.46222
-0.85842
0.52338
0.17428
-0.70398
-0.06520
1.10697
1.18474
-0.84659
-0.12104
0.05182
-0.94089
-0.10324
0.14547
-0.89738
-1.62241
0.19615
-0.34137
0.13429
0.26805
-0.65375
0.42101
-0.15146
-0.33175
-0.22106
-0.82915
-0.05474
1.25493
0.09625
-0.03880
-0.58176
-0.04502
-0.81019
0.21214
-0.32887
0.55761
-0.53954
1.34303
0.04762
-0.17729
0.27926
0.30007
0.56251
0.52244
1.20463
-0.62544
1.17765
-0.40836
-0.28763
0.00965
-0.41148
-0.32517
-0.34524
0.19412
0.63508
0.08978
-0.31254
-0.51220
0.35745
-1.14659
0.10324
-0.03458
-1.27461
-0.27350
-0.43135
-0.61225
0.13050
-0.62863
-0.11625
-0.46009
0.57730
0.32185
0.25034
-0.00559
-0.55625
1.01365
0.14963
-0.28072
0.07560
0.53050
0.05534
0.03157
-0.17126
0.24995
-0.41110
0.33602
-0.74429
0.51893
-0.43634
0.06526
-0.62305
0.39143
0.44410
-0.65143
-0.30890
-0.12793
-0.09629
0.12927
-0.57700
-0.36594
0.67407
-0.35519
0.66649
0.38785
-0.50740
-0.22073
-0.40381
0.69574
0.12870
-1.04881
-0.31287
-0.07705
0.48448
0.14252
0.19036
0.56548
-0.21606
-0.72600
0.42674
-0.01271
-0.59697
-0.22018
0.08717
-1.31129
-0.83038
-0.28345
0.87554
0.01207
-0.22165
0.45005
-0.03748
0.14784
-0.05085
-0.28247
0.70028
-0.45782
0.05577
0.15533
0.15920
-0.15682
0.08058
0.02887
0.78402
-0.98901
0.31750
0.83510
-0.13632
-0.52503
-0.60627
-0.07561
0.36057
-0.28933
0.02926
-0.46909
-0.75362
0.83530
-0.33371
0.05434
-0.19547
-0.55642
-0.14918
0.47994
-0.04266
-0.70608
-0.20643
0.02379
-0.46581
-0.22248
0.11438
-1.20951
-0.86632
0.98240
0.06317
0.67430
0.19756
-0.41693
0.03935
-0.00568
-0.71415
-0.59639
0.01924
0.67428
0.18867
-0.57781
-0.50987
1.15868
-0.69658
-0.45416
0.19052
-0.42563
0.19060
-0.08826
0.27526
-0.03686
-0.33272
0.53325
0.13700
0.12613
-0.48678
0.26630
0.58483
-0.66994
-0.16525
0.32591
0.54085
-0.73245
-0.13341
0.17169
-0.24854
-0.72022
0.76389
0.51575
0.78275
0.40603
-0.29240
-0.18687
0.02956
0.47826
0.22288
-0.70684
0.57328
-0.14754
0.02834
-0.54667
0.79250
-0.21195
0.31319
-0.09307
-0.26615
-0.40335
0.12092
0.05373
0.04657
0.93800
0.50417
-0.30635
-0.48576
-0.43371
-0.15449
-0.26786
-0.08151
0.07359
0.18833
-0.00358
-0.25117
-0.70428
0.26412
-0.14452
-0.26111
-0.28831
0.40623
0.65972
-0.68126
-0.38290
-0.14181
-1.05378
0.21572
-0.41823
0.00770
-0.67384
0.12040
0.60856
-0.15964
-0.33950
0.98919
-0.71532
0.17634
0.00177
-0.94152
0.22518
0.52142
0.43416
-0.09007
-0.10949
0.16048
0.12903
0.04247
-0.81394
0.53461
-0.18129
-0.13516
0.02818
0.00763
-0.13144
0.22573
-0.19392
-0.23973
0.00837
-0.25437
0.35173
0.29773
-0.08988
-0.41348
0.15838
0.04100
0.14876
0.50654
-0.41538
-0.00138
-0.28597
-0.30587
-0.69419
-0.61330
0.32983
-0.34934
0.25066
-0.24838
-0.20432
-0.08613
0.03404
-0.98824
0.73755
0.43384
-0.19460
-0.10347
-0.13038
0.00059
-0.45069
-0.60789
-0.80533
1.00867
-0.13830
-0.01026
0.59101
0.61187
-0.14036
0.14340
-0.09346
1.00853
-0.42227
0.16402
-0.60870
0.37377
0.14680
0.09683
0.83138
0.01522
0.10021
0.65720
0.16397
-0.15928
-0.18453
0.04297
0.02382
-0.42935
0.10010
-0.49220
0.03557
0.12710
0.45637
-0.31842
-0.19687
0.90063
1.17723
1.65812
-0.38376
-0.04557
0.04570
-0.28811
0.49930
-0.09917
0.90205
0.09967
0.41822
-0.58939
-0.19788
-0.30685
0.47875
0.73328
0.49782
-0.18514
0.81632
0.65538
0.40222
0.41438
-0.35130
-0.39595
0.09792
-0.07268
-0.09849
0.10647
-1.24317
-0.43635
-0.28514
-0.29236
0.36428
-0.04706
-0.90626
-0.78275
-0.36408
0.41747
0.23564
0.17198
-1.06470
0.46588
-1.23234
0.15788
0.32710
-0.14608
-0.58076
-0.30540
-0.09207
0.05256
-0.70870
0.28544
-0.32921
0.44066
-0.07579
0.67792
-0.43693
0.23741
0.20181
0.59077
-0.27460
0.16321
-0.46152
-0.14882
-0.00628
0.52996
-0.04121
0.38651
-0.46097
0.65523
-0.21047
-0.65711
0.64219
-0.36240
-0.32064
-0.17278
0.02487
0.66203
0.55630
0.69199
-0.64887
0.16297
0.57020
0.12226
-0.91395
-0.41904
-0.01726
-0.39293
-1.22581
-0.17477
0.28705
-0.96823
0.34468
0.53297
-0.60764
0.62553
0.01505
-0.56518
-0.01582
0.48569
-0.33784
-0.48497
0.50862
-0.69293
0.14990
-0.30061
-0.10106
-0.55163
0.06312
0.02222
0.78306
0.10834
-0.28601
1.01814
-0.13585
-0.41898
0.13003
-1.31774
0.49055
-0.30354
-0.45453
-0.09003
-0.07231
-0.33835
0.47304
0.71415
0.39998
0.38399
-0.21271
0.90126
0.68441
-0.51076
-0.39441
0.22062
0.23727
-0.27502
0.28462
0.20765
-0.70033
0.39520
-0.97117
-0.94647
0.24924
0.03294
-0.35702
-0.51672
0.17694
0.31441
1.24158
0.70024
-0.23893
-1.07528
0.63769
0.21036
-0.18506
0.00626
-0.47933
0.83812
-0.21053
-0.07819
0.04150
-0.99901
0.31672
0.39541
0.30985
-1.07264
-0.21752
-0.05879
0.22782
0.68509
-0.26477
-0.01389
-0.04668
-1.09484
-0.07561
0.28879
-0.11864
0.34924
0.18009
0.40559
1.04899
-1.38035
0.01085
-1.03425
-0.17217
-0.09416
-0.02059
1.09556
0.33846
-0.13169
-0.84283
0.61399
0.08496
0.48134
0.22900
0.28045
-0.00949
-0.30358
0.39812
-0.67893
-0.01929
1.08283
0.40459
-0.36286
0.25019
-0.19227
0.86916
0.51338
-0.34791
0.03368
0.07092
1.08378
-0.88403
0.21848
-0.48743
-0.52657
-0.03192
-0.45100
0.21132
0.69656
0.20050
0.51231
-0.73814
-0.43009
0.00156
-0.19693
-0.09888
-0.20457
0.62101
-0.53333
0.72306
-0.62945
-0.49902
0.59949
-0.24054
-1.03699
0.38214
-0.03647
0.38820
0.39293
0.53850
0.83278
0.25424
0.83649
0.23965
-0.33473
-0.44585
-0.27511
-0.18755
-0.05782
0.52063
-0.57621
-0.56355
0.00120
-0.07006
0.24756
-0.37916
-0.20999
-0.22445
-0.07213
-0.07358
0.27457
0.15751
0.37983
0.24882
-0.88860
-0.93051
-0.07901
0.73157
-0.72021
0.88982
0.03712
0.83708
0.78866
0.43626
-0.62240
0.01644
-0.83290
-0.23171
0.68471
-0.19990
0.63042
-0.74063
-0.01849
0.68778
0.31153
0.40023
-0.49594
0.15799
-0.66605
0.33483
-0.10719
-0.03630
-0.48539
-0.16679
0.50282
0.89081
0.32975
-0.12883
-0.11608
0.31154
-0.34460
0.22180
-0.10863
0.58609
0.14746
-0.11549
-0.13950
0.38233
-0.68847
-0.26380
-0.72428
1.26088
0.06725
0.13773
-0.24698
-0.23311
-0.20192
-0.06283
0.67969
-0.49306
0.08289
-0.00024
-0.72796
-0.37860
0.02040
-0.40234
-0.64107
-0.41905
0.71592
-0.31342
-0.54825
0.52751
0.47965
0.64382
0.27272
0.02419
0.14849
0.05090
0.29097
-0.43627
-0.17179
0.74091
-0.03061
0.86718
-0.22064
0.30003
-0.12906
-0.22913
0.12225
-0.12336
-0.30432
-0.00381
-0.19294
0.24011
-0.19120
-0.29272
0.49177
-0.06129
0.35864
0.08312
-0.24916
0.02570
-0.92177
-0.28055
-0.29373
0.67343
0.00292
0.08322
0.52025
0.25317
0.09856
0.55400
0.37985
-0.04056
0.30734
-0.71677
0.01385
0.27202
0.36661
-0.06261
0.72914
0.51168
0.30153
-0.87315
-0.74941
-0.54002
-0.30643
0.63076
0.07126
0.46439
-1.09393
-0.59425
0.08775
0.30632
-0.12529
-0.79536
0.10458
-0.44256
0.08350
-0.53167
-0.05658
0.43454
0.63899
-0.70521
0.86735
-0.75185
-0.39197
0.09927
0.42624
-0.22954
-1.09791
-0.08895
0.01772
-0.84486
-0.47975
0.05857
-0.43574
-0.86757
-0.51447
-0.63391
-0.04618
0.43945
0.24185
-0.32722
0.35495
0.42378
0.14133
0.13636
-0.56388
0.52875
-0.98905
-0.62413
-0.73633
-1.16829
-1.26459
-0.42169
0.62116
0.03107
0.60028
0.55408
-0.64155
0.15382
0.58953
-0.32656
-0.52113
-0.54552
-0.59946
-0.13025
0.51231
-0.24866
-0.22288
0.22066
0.18093
0.45185
-1.26869
0.77526
0.24465
0.99865
0.43890
0.40382
0.31917
0.41674
0.04370
0.38426
-0.00443
-0.60917
0.06690
-0.01936
-0.05932
-0.35425
0.85340
-0.53243
-0.22627
-0.36960
0.55958
0.68830
0.17798
0.46576
-0.10393
-0.03565
0.32746
0.33253
0.39892
-0.64785
0.81917
0.32145
-0.48790
-0.06185
0.86169
-0.55799
0.19720
0.10593
-0.55405
0.73184
0.38576
0.33560
0.32250
-0.00011
-0.23882
-1.04843
0.67488
0.00673
-0.14252
-0.08527
0.17079
0.34766
-0.60551
-0.33382
0.04367
-0.62348
0.47730
-0.20217
0.47339
0.61466
0.45586
0.48582
0.01487
-0.44275
-0.45805
0.57343
0.01804
0.22738
0.12798
0.14669
0.06621
0.17540
0.36552
0.29667
0.57732
-0.01545
0.07160
-0.00768
-0.33893
0.52071
-0.25160
-0.71480
0.01493
0.19410
0.82868
0.35096
-0.02780
-0.19910
1.15944
0.23483
-0.12490
0.23735
0.03694
-0.06230
-0.05935
0.81999
0.09237
-0.38451
0.36381
-0.64997
0.69037
-0.93340
-0.11683
0.30975
-0.01025
-0.01495
-1.04136
-0.37391
0.16708
-0.43613
-0.60584
0.05595
-0.62653
-0.77165
-0.48791
0.32518
0.11285
-0.10561
-0.50179
0.38993
-0.08343
-0.65851
-0.36872
-0.01108
0.37116
-0.03077
-0.01935
-0.35889
-0.78677
0.18292
0.98079
0.84156
-0.69246
1.16661
0.65388
0.03578
-0.27997
1.21882
0.03084
0.01109
-0.48693
-0.45053
-0.15082
-0.12690
0.31173
0.91015
-0.36586
0.82467
-0.16689
0.77508
0.93924
0.21040
-0.39885
-0.65522
-0.11653
-0.14933
0.06833
-0.75028
-0.07284
-0.41179
0.06198
0.52976
-0.04062
0.40193
-0.56346
-0.01384
0.69702
-0.84863
1.01367
-0.19635
-0.36405
0.31245
-0.42441
-0.82945
0.10017
-0.16309
-0.01438
-0.36915
0.70354
-0.39211
-0.39206
0.64689
-0.58716
-0.50841
-0.08464
0.33631
0.24201
0.55887
0.21534
0.03846
-0.21780
-0.69320
-0.63211
-0.20988
0.00369
-0.18673
-0.73823
0.72799
-0.09410
-0.53707
0.13378
0.70088
-0.30721
-0.46213
-1.03320
0.46542
-0.00805
0.08203
0.13263
0.30530
0.18443
0.01792
0.50732
0.08501
-0.15494
0.12888
-0.34911
-0.63041
0.59493
0.03979
-0.26101
-0.70519
-0.89864
-0.82413
-0.50034
0.35949
0.54629
0.02115
0.24239
0.57199
0.91630
-0.32402
0.54281
0.74549
0.66361
-0.43443
-0.55502
0.28009
0.00254
0.41085
0.52625
0.51461
0.95917
-1.51366
-0.34289
0.41346
0.32165
-0.34217
-0.44362
-0.58911
0.32770
0.65863
-0.14094
-0.11087
-0.63250
0.09331
-0.14563
-1.12633
-1.13230
-0.38588
-0.55590
0.76453
0.69708
0.81591
-0.39202
-0.00346
-0.05430
0.59119
0.42026
0.63866
0.54538
0.57962
-0.56250
0.50546
0.70133
0.10866
-0.03583
-0.12212
1.04101
-0.14073
0.37718
-0.11226
0.33970
-1.14637
-0.00747
0.00862
-0.44853
0.56660
0.23060
0.66850
-0.32476
1.35877
0.30288
0.42049
0.11864
-0.12275
0.10873
-0.42876
-0.20511
0.53134
0.89428
-0.27374
-0.25525
-0.31902
0.52929
0.62679
-0.29286
0.62171
0.25538
-0.28493
-0.15008
0.54668
-0.22799
0.44496
-0.14242
-0.18438
0.21257
0.59815
-0.62948
0.22706
-0.63857
0.01751
0.40995
0.06808
-0.58273
0.26560
-0.15939
-0.60659
0.51223
0.86669
0.37669
-0.49402
0.50711
-0.09158
1.06368
0.17022
0.37141
0.09444
0.59404
0.02290
-0.13326
0.42595
0.81615
-0.48714
-0.02501
0.23334
-0.33938
-0.69043
0.28970
0.18237
0.45913
0.01230
-0.40932
-1.04873
0.76530
-0.74688
-0.76972
0.20787
0.33974
-0.09491
0.09744
0.54891
0.27876
-0.20790
0.31693
0.21155
-0.41399
0.19794
0.10749
-0.32682
0.38662
-0.04234
-0.17395
0.27210
-0.81957
0.37429
0.03831
0.27875
0.16006
-0.05921
-0.17492
0.21790
0.26462
-0.83513
-0.97376
0.26443
-0.16840
-0.27943
-0.69009
-0.39570
-0.52543
0.09730
0.13813
0.34784
-0.50949
0.24031
-0.58213
-0.00571
0.08556
-0.53532
0.67559
0.44584
0.06335
0.19996
0.25471
-1.08123
0.00047
0.08267
0.31526
0.51962
0.66463
-0.28336
-0.07358
-0.87686
-0.61772
-0.20581
-0.57072
0.78609
0.04126
0.19327
-0.55135
-0.46345
0.80283
-0.54684
-0.01454
0.09827
0.31648
-0.59990
-0.42972
0.87627
-0.41197
-0.76556
0.30116
-0.48143
-0.25274
0.44487
-0.64687
0.23335
-0.54619
0.25030
-0.39200
-0.68310
0.14571
-0.07077
-0.53746
0.57453
0.54965
0.50847
0.16356
-0.39231
-0.33925
1.34359
0.06055
0.19944
0.29597
-0.06584
0.52791
-0.43989
-0.78443
0.80827
-0.39018
0.33034
-0.45540
0.45606
-0.09788
0.60648
-0.19391
0.52982
-0.61989
0.56069
-0.69092
0.15250
0.25121
-0.74454
0.29662
-0.46765
0.03950
0.67160
-0.21578
0.52589
0.16630
-0.02985
0.41679
0.36047
-0.37545
0.32769
-0.08639
-0.43222
0.06699
-0.07543
0.24585
0.33498
-0.09927
0.29964
0.97606
0.21413
0.59365
-0.70210
0.18773
0.53009
-0.69631
-0.12032
0.00268
0.26768
-0.30791
0.21729
-0.55410
-0.60390
-0.28034
0.29410
0.14456
-0.16063
1.28443
0.88065
0.68013
-0.55613
0.15602
0.00585
0.35819
0.31388
-0.23107
-0.04376
-0.63505
0.07351
-0.29474
0.41477
0.31150
-0.38364
-0.20845
-1.28255
0.74786
-0.18241
-0.19379
0.09482
0.67141
-0.59398
0.00884
0.63317
-0.27490
0.13771
0.45034
0.13551
-0.25355
-0.23990
0.22981
-0.49523
-0.24724
-0.64848
-0.17315
-0.25609
1.01254
0.31161
0.31407
0.85836
-0.37913
-0.47665
-0.02977
-0.37348
-0.24065
0.52764
0.14566
0.86225
0.33570
0.66646
-0.56779
-0.01478
-0.42210
-0.74945
-0.16494
0.71098
0.13309
0.27273
-0.03769
-0.60475
-0.75295
-0.26822
-0.05676
1.06845
0.33890
-0.17613
-0.22023
0.71541
0.11781
0.34931
0.40498
0.03181
-0.14379
0.23114
-0.65848
0.90983
0.01778
-0.19986
0.15082
-0.01591
-0.72965
-0.72241
0.96141
0.55950
0.13777
1.45289
-0.23456
0.21752
0.25044
-0.02665
0.70942
-0.97134
-0.21329
-0.74431
-0.33527
-1.11118
-0.26679
0.03137
-0.11646
0.19779
0.61584
-0.18781
0.79477
0.68014
-0.28502
-0.06542
-0.01461
0.49624
-0.26523
-0.14758
0.54022
0.53300
0.44086
-0.17591
-0.29906
0.21545
0.07835
-0.01407
-0.39167
0.54054
-0.28733
0.02148
1.43902
0.28721
-0.11943
-0.42949
0.52291
-0.01218
0.05656
0.85367
0.35129
-0.13627
-0.33420
0.51593
-0.09270
0.03764
0.59687
0.86272
0.53698
0.93213
-0.38906
-0.29877
0.57004
-0.58687
-0.64804
0.89717
-0.29025
-0.27413
-0.26072
-0.25463
0.00589
-0.47369
-0.14284
0.02333
0.46458
-0.29831
0.91122
-0.16678
-0.04011
0.61867
-0.03355
0.66647
-0.26837
-0.37246
-0.05524
0.31468
-0.49988
0.73699
0.26145
-0.49976
-0.80593
0.52917
0.16503
0.39418
0.83203
-0.83572
0.27582
-0.55876
-0.53645
0.09522
-0.04869
0.43807
-0.39382
0.03716
0.07020
0.44848
-0.17905
-0.15501
-0.70404
0.54587
0.07048
0.27998
-0.96673
0.15688
0.55192
-0.22452
0.80729
-0.18448
-0.01147
-0.19608
-0.37002
0.11295
0.67079
-0.58154
0.74780
0.15647
0.23134
-0.21720
-1.15704
0.47162
-0.16506
0.58208
-0.37086
0.06146
0.14630
0.74482
-0.55198
0.41540
-0.11698
-0.09684
0.23545
-0.65508
0.05063
-0.11632
1.04574
-0.28603
-0.09598
-0.07268
-0.06675
-0.47188
-0.80732
-0.32973
-0.62094
0.62978
0.94436
-1.13768
0.13986
-0.19415
0.37774
1.21010
-1.04420
0.10434
-0.26359
-0.60524
-0.06265
0.55916
0.16676
0.91174
0.08388
0.43067
0.85702
0.53288
-0.45650
-0.87194
-0.28549
0.00118
0.16696
0.71743
0.50800
0.02733
0.33666
0.47830
0.38235
-0.10759
-0.15093
-0.38421
-0.60907
-0.81563
-0.34590
-0.01816
0.13734
-0.08515
-0.76273
0.37424
0.32411
-1.07081
0.05412
-0.88539
0.29179
0.51260
-0.20337
0.12206
0.13517
0.44554
-0.76786
-0.75135
0.74598
-0.43925
0.12062
0.09739
-0.67083
0.29145
0.24767
-0.63669
0.21546
-0.33957
-0.00239
0.46656
0.47570
0.38507
-0.66502
-0.23247
-0.01714
0.03224
-1.06337
-0.12516
0.40198
-0.09732
0.47559
0.42634
0.39804
0.08326
0.44510
0.36685
-0.58579
-0.11856
0.11818
0.63776
0.30893
-0.25532
-1.14159
-0.07078
0.42144
0.55167
0.31314
0.48662
0.26603
-0.31886
-1.03287
-0.64867
0.39428
0.66624
-0.07180
-0.77064
0.45915
0.03698
-0.08990
-0.16475
-0.53833
0.21615
-0.47936
0.28684
-0.11893
-0.48035
-0.07486
-0.29282
0.22019
-0.21853
0.04147
-0.23460
0.20394
0.64370
-0.42585
-0.68352
-0.19889
-0.45865
-0.19205
0.23970
-1.42827
0.71984
0.26563
-0.07679
0.09643
-0.47928
0.97704
0.16661
0.13429
0.09443
-0.06270
-0.17504
0.46397
0.39330
0.32570
0.49737
-0.31565
0.91029
0.44675
-0.58554
-0.64053
-0.87216
0.67735
-0.39596
-0.27320
0.56732
-0.07914
0.66237
0.25729
0.92437
0.22853
-0.31989
0.49565
0.55089
-1.42441
0.87277
0.57831
0.44155
-0.35815
-0.52207
-0.08268
0.16167
0.72265
-0.60161
-0.18830
0.08011
0.01379
-0.14032
-0.48843
-0.35180
-0.36302
0.40921
-0.18508
0.45581
-0.17584
0.47096
-0.22515
-0.31905
0.03008
-0.63757
0.54506
0.38107
0.23562
0.19361
-0.22737
1.06965
0.89056
0.08854
0.31988
0.09657
0.14854
0.03656
0.49774
0.45387
0.47619
-0.78895
-0.34546
0.37713
-0.56964
-0.51834
0.59241
-0.53576
1.07624
-1.01883
-0.36988
0.85893
-0.41879
0.03533
-0.37520
0.11889
-0.12227
-0.08240
0.64179
-0.42380
1.11273
0.18544
-0.38481
0.08433
0.78646
0.50935
0.32494
0.16487
-0.31221
-0.17558
0.07083
0.09778
-0.84701
1.25309
-0.78174
-0.26816
0.09648
-0.14468
0.26922
-0.75044
0.08055
-0.20708
0.64104
0.43151
0.82817
1.38133
0.11484
-0.20731
0.04762
-0.04707
-0.35834
-0.94888
-0.13107
0.57117
-0.64193
-0.75001
0.01502
-0.29366
-0.15754
-0.39490
0.09300
0.04617
-0.55720
0.10965
-0.33974
-0.58301
0.10398
0.04195
0.07332
0.24188
-0.41290
-0.60916
0.22665
0.16980
0.52313
0.66037
-0.45895
0.54707
-0.77584
-0.92760
-0.17521
-0.10096
0.48506
0.43496
-0.60803
-0.06590
-0.77241
-0.24834
0.10446
-0.29644
0.55356
-0.65352
0.32667
0.45709
0.16274
0.24764
0.41325
0.03132
-0.64729
-0.35683
-0.04962
0.11319
0.07117
0.17173
-0.00579
-0.77342
-0.30784
0.05647
-0.61048
0.17760
-1.09497
-0.20178
0.29779
-1.04409
1.43970
-0.52825
-0.51604
0.16122
0.22802
0.26022
-0.38371
-0.09151
0.06788
-0.94502
0.21499
0.23414
-0.17870
-0.28820
0.28973
0.24659
-0.16409
-0.28807
0.04295
0.03895
-0.14445
0.25192
-0.50899
-0.30430
-0.40151
-0.43914
-0.02924
-0.07418
0.77722
0.48555
0.52877
0.09534
0.46227
-0.72709
-0.72994
-0.35608
-0.41357
-0.38621
0.07417
0.59930
0.65767
-0.71983
-0.04731
0.31251
-0.35836
-0.34822
0.26159
-0.16152
0.18925
-1.15805
0.07395
-0.16844
-0.30508
-0.14359
-0.16450
0.71069
-0.68804
1.21945
-0.83283
-0.00381
0.06891
0.00427
-1.19159
-0.62796
0.01848
-0.82719
-0.03572
0.72435
-0.40048
-0.32125
0.21882
0.70928
-0.24631
0.11136
0.01841
0.48473
0.57435
-0.37955
-0.12344
-0.15878
0.04607
0.54255
-0.13894
0.14351
-0.26234
0.35750
-0.62183
0.55761
0.71702
-0.57508
0.31272
1.07681
-0.71662
-0.10268
0.70426
0.62353
0.43503
-0.27376
0.34531
-0.24782
0.45510
0.70018
-0.45279
-0.56224
-0.22036
-0.39096
-0.31879
0.88028
1.09301
0.19980
-0.28309
-0.46356
-0.16293
0.36848
0.09555
-0.05257
-0.38552
-1.24910
1.14745
-0.59091
-0.57020
-0.56883
-0.51523
-0.04688
-0.37256
0.62464
-0.63108
0.77597
1.43209
0.76886
0.33668
0.30424
-0.06206
-0.08572
0.01822
-0.64891
-0.01787
0.26239
-0.21143
1.25029
0.08102
0.06984
0.55876
0.78057
0.12317
0.29902
-0.09332
0.37887
-0.39773
-0.21065
-0.18760
-0.27500
0.35193
-0.27955
-0.36390
-0.67953
-0.13334
-0.10431
-0.30713
0.55192
0.38138
-0.29930
0.18699
0.29141
-0.69478
-0.05484
0.28697
0.34392
0.67432
-0.72272
-0.54434
-0.57331
0.31367
0.38854
0.45270
0.04390
0.68947
0.46485
-0.08287
0.69706
-0.01416
0.47439
-0.76505
0.26774
-0.42646
-0.43009
0.26136
0.98379
1.34886
-0.34316
-0.02912
-0.59202
0.83094
0.09129
0.45851
-0.03432
-0.29702
-0.42400
0.37869
-1.01793
0.46450
-0.74552
-0.01002
-0.17369
-0.17312
-0.22699
-0.19276
0.58709
0.10555
-0.86994
-0.09928
-0.62609
-0.31194
-0.00726
-0.53275
-0.16672
0.27087
-0.22366
-0.06598
0.21253
-0.22229
-0.16854
0.25967
0.64989
0.15490
0.00633
0.80693
0.14757
-0.50035
-0.24924
-0.25727
0.72785
0.27477
-0.84214
0.13457
0.29939
-0.08704
0.32543
-0.20922
0.28228
0.72825
0.09792
0.35235
-0.32802
0.26961
-0.06382
-0.49476
-0.69503
-0.19832
-0.60213
-0.06990
-0.53876
-0.27229
0.24809
0.48999
0.58953
-0.51726
-0.09829
0.62394
-0.37185
-0.24202
0.52077
-0.64211
0.25187
-0.27691
0.28491
0.52179
0.23749
0.36617
0.07856
-0.30758
-0.67555
-0.04474
-0.33125
0.27796
-0.28944
-0.18175
0.03680
1.08690
0.50189
0.12198
-0.18684
1.06902
0.12234
0.01036
-0.21424
-0.74103
0.03304
0.76398
-1.42344
-0.25818
0.37341
-0.46029
-0.41938
-0.04060
-0.78274
-0.45281
-0.66960
0.49820
-0.12129
0.12254
0.03025
0.71787
-0.28973
0.04039
-0.33854
0.23958
0.06007
0.19745
-0.26819
1.00608
-0.17786
1.47435
-0.25222
-0.29380
-1.14283
-0.16841
-0.32921
-0.16082
0.37850
-1.14410
0.35172
-0.94532
-0.07863
-0.16159
-0.55435
-0.19510
-0.14213
-0.23283
-1.50941
0.06326
0.62379
0.38570
-0.15017
0.12461
-0.01267
0.78666
0.00618
0.40543
0.67915
-0.36314
0.65177
-0.62091
0.29660
0.20459
0.39295
-0.50847
-0.48268
-0.70738
-0.52227
-1.17132
1.04608
0.08861
-0.13875
-0.02971
0.08713
0.23059
-0.31897
0.45250
0.25398
-0.55374
0.25841
0.44480
-0.93092
-0.29456
0.78435
-0.38592
-0.16967
-0.95378
-0.40686
-0.32910
-0.19328
-0.11509
0.03599
0.05463
0.39319
0.13592
0.05578
0.57388
-0.82753
0.38244
0.11323
0.34860
-0.36287
0.38918
-0.06096
-0.52557
-0.51997
-0.18667
0.03403
0.14932
-0.71220
-0.14455
-0.35458
-0.13957
0.34831
0.09719
-0.40352
-0.06961
0.27898
-1.43237
-1.37887
-0.31408
-0.35094
-0.52167
-0.37398
0.17388
0.47748
-0.02776
-0.12289
-0.01475
-0.75085
0.86226
0.30357
0.74569
-0.65243
0.33435
0.00697
-1.38540
-0.75843
0.35295
0.58355
0.86196
-1.03124
0.18985
0.07154
0.98359
-0.33248
0.68403
-0.06351
0.52883
0.45649
-0.76050
-0.51185
-0.04801
-0.31607
-0.08417
-0.18530
-0.01038
-0.37665
0.01994
0.01697
0.64601
-0.13139
-0.00533
-0.60300
0.06332
-0.31518
-0.13052
0.33773
0.50596
0.24689
-0.49769
-0.17170
0.34497
-0.29145
-0.78047
0.10813
0.12226
0.42319
-0.06467
0.13966
1.33792
-0.09110
0.43529
-0.51719
-0.27439
0.22096
0.78633
1.12039
-0.03952
0.31541
-1.11689
-0.64983
0.36048
-0.46953
0.08433
-1.37409
-0.38979
0.61852
0.47013
-0.36088
0.29507
0.17398
-0.52264
-0.14367
0.00989
-0.35757
-0.49026
0.16590
-0.07548
0.22207
0.47816
0.17849
-0.25826
0.50682
0.20029
0.55431
-0.03905
-0.43429
-0.03322
-0.61511
0.34550
-0.66381
0.59021
1.04119
-0.25491
0.26864
0.60060
0.26039
0.20271
-0.62867
-0.26962
-0.08623
0.79536
0.10525
-0.69020
-0.00068
-0.56438
0.12671
1.01944
-0.06392
0.95338
-0.60512
0.32605
0.90247
0.10486
-0.79853
0.25496
-0.27948
0.00126
-0.63050
0.04655
0.09336
-0.35003
0.29497
-0.08240
-0.00255
0.48227
-0.41135
-0.02772
0.52112
-0.30812
0.01133
0.09670
0.22625
-0.97666
0.44420
0.16601
-0.83019
0.11033
-0.09318
-0.32217
-0.63159
-0.11497
-0.14960
0.75999
1.01264
-1.04970
-0.33747
-0.36452
0.81013
0.67218
-0.18261
0.50904
0.13140
-0.01737
-0.84093
0.39540
-1.23582
-0.77344
-0.58473
-0.25911
0.06971
-0.12455
-0.12750
-0.62237
0.40331
-0.15370
1.23844
0.17738
0.47161
-0.01885
0.01583
0.32949
1.02126
0.17828
0.06039
0.12813
-0.05912
0.08823
-0.21087
-0.08321
-0.09350
-0.13066
-0.53243
-0.53743
-0.55120
0.30155
0.49377
0.23982
-0.42537
-0.33301
0.62573
0.69283
0.47509
0.28050
-0.61800
-0.23112
-0.97986
0.73701
-0.12684
0.11846
0.50813
-0.83754
0.22439
0.40142
-0.28123
-0.17590
0.12203
0.34721
-0.05640
-0.44275
0.20498
-0.66385
0.33734
-0.15890
0.30430
-0.75871
0.68980
0.27709
0.22005
0.08374
-0.12116
0.19703
0.07247
-0.73224
-0.29135
-0.12094
-0.81067
0.19980
0.10632
0.32054
-1.15520
0.43112
-0.17406
-0.36005
0.73856
-0.45557
0.52070
-1.36385
-0.26418
0.05972
0.36076
0.10239
-0.43331
0.13081
-0.53307
0.92785
0.14280
0.54597
0.02010
-0.24895
-0.07464
-0.69812
-0.97793
0.90385
0.58686
0.40961
-0.68984
0.19003
-0.30497
0.38647
-0.20051
-0.21063
0.02993
0.43333
0.41250
0.45312
0.01533
-0.15798
-0.67157
0.81330
0.47796
-0.14502
0.28679
0.42982
-0.02297
0.30499
-0.38473
-0.77963
0.94239
0.39000
-0.32110
-1.09827
-0.82524
0.22820
0.26993
-0.66841
0.11598
-0.13408
-1.03098
0.81360
0.53879
-0.16114
0.51987
0.22193
0.00892
0.01148
-0.27704
0.22166
0.39308
-0.57322
-0.18869
0.04246
0.23855
-0.75146
0.61117
-0.17578
-1.26353
0.42228
0.08321
0.34095
-0.55809
-0.80567
0.02614
-0.57182
0.13934
-0.67963
0.01297
0.55860
-0.04943
0.44801
0.51019
-0.32002
0.21335
-0.40052
0.68783
0.59610
-0.18947
0.03905
0.41942
-0.17466
0.15013
-0.31471
1.18179
-0.80171
-0.64669
-0.73453
-0.12803
-0.18393
-0.53902
0.39571
0.35630
-0.00368
-0.18785
-0.23270
1.29620
0.45072
1.04965
-0.04193
0.15556
0.21495
0.80314
-0.04809
-0.16183
-0.90345
0.52323
-0.43231
-0.25541
-0.16241
-0.08781
0.64347
0.46198
0.06418
0.03138
0.06147
-0.11793
0.25366
-0.04372
0.47492
0.30785
0.35913
0.43514
0.03994
-0.42499
0.26781
0.10980
0.50681
0.00507
-0.89624
-0.74703
0.53778
0.51269
0.11592
0.70319
-0.02254
0.44035
0.14341
0.44463
0.57806
0.80053
-0.48343
0.10821
-0.89623
-0.40347
-0.30559
0.34105
-0.20636
-0.18767
0.27710
0.30193
0.45098
-0.76175
-0.14391
-0.24861
-0.60383
0.10923
0.54531
-0.59698
0.28753
-0.49821
0.30752
0.31001
-0.35488
-0.05058
-0.83479
0.22364
-0.11467
0.49840
-0.33797
-0.34956
-0.45988
0.39675
0.65465
-0.33428
-0.26612
-1.24212
0.66454
0.75854
0.63335
-0.76962
-0.28733
0.14381
0.55435
-0.09464
-0.64756
-0.60164
0.56287
0.88667
-0.21972
0.85410
0.03546
-0.41514
-0.55624
-0.08186
-0.14606
-0.13393
-0.06711
-0.47239
0.05606
0.26047
-0.13288
0.01823
0.40984
-0.37400
-0.17489
0.48566
0.10959
-0.11499
0.03404
0.28296
0.33256
0.77810
0.82102
0.19831
0.05660
-0.82621
-0.39982
0.16108
-0.12733
-0.15364
0.75971
0.43628
0.41267
-0.02251
-0.50712
-0.17378
0.12621
0.38438
0.11461
0.45559
0.17273
-0.68096
1.14939
-0.35351
-0.03689
1.08121
0.20135
0.46314
-0.84208
0.32826
-0.20225
0.18990
-0.67442
-0.38302
-0.24122
-0.10674
-0.62253
0.33834
-0.21678
0.13756
0.26954
0.19292
-0.19708
-0.50383
-0.17216
-0.30940
-0.86830
-0.14964
0.93883
0.47839
-0.14481
-1.08485
0.56784
-0.77376
0.96448
0.16102
0.01402
-0.02806
-0.58596
-0.06069
0.55073
0.08835
0.06029
0.07493
0.38617
0.15708
0.12906
-0.83355
0.00235
0.49780
0.24799
-0.10218
1.05884
0.56082
-0.46337
-0.25682
0.31476
-0.79735
-0.64011
0.05593
0.89638
0.08488
0.14212
0.50439
-1.17878
-0.00892
0.11246
-0.30863
0.28375
0.36876
-0.05292
0.01803
-0.55056
0.20255
-1.05341
-0.75696
-0.87298
-0.12369
-0.12316
0.23773
-0.29328
0.53976
-0.84876
0.86977
0.77817
0.41060
-0.08869
-0.93943
-0.05686
0.46521
0.50544
-0.10123
-0.43389
0.19432
0.47107
-0.74975
-0.40973
0.41263
0.01295
0.95594
-0.02308
-0.54728
0.69016
-0.66666
0.35801
0.08729
0.01901
-0.60225
0.39571
0.21321
-0.12444
0.26127
-0.02060
-0.16270
-0.54912
0.37425
-0.31762
-0.19771
-0.22224
-0.79861
-0.05520
0.42220
0.16432
-0.01604
1.16590
-0.14487
0.19863
0.76419
0.23565
0.34196
0.27300
0.53550
-0.62438
-0.12924
-0.20727
0.11162
-0.21977
-0.72804
-0.83788
-0.49934
-0.54533
0.42304
0.07253
0.84250
0.08085
-0.31356
0.12843
-0.68247
0.09194
0.38295
0.08192
-0.01288
-0.83220
-0.06797
0.17619
0.62119
0.01051
-0.01796
0.16956
0.01479
0.28037
0.34652
-0.53165
-0.25129
-0.03080
-0.00775
-0.07008
0.07135
0.05881
0.97716
-0.27223
-1.03676
0.62125
1.09814
0.40126
-0.02353
-0.48872
-0.27340
-0.94653
0.08931
0.34357
-0.23087
-0.09992
-0.16611
0.33014
0.28806
0.40959
0.84908
0.07096
0.13527
-0.31354
-0.47070
-0.12472
-0.20371
0.52303
0.29741
1.04921
-0.38729
0.84267
0.11371
0.37516
1.05622
0.51079
0.23804
0.15083
0.30320
0.19648
0.03917
0.17013
-0.08926
-0.52761
0.23535
0.09268
0.01688
0.22777
0.01470
-0.10581
-0.87595
0.52483
-0.95629
-0.54374
1.32196
0.79617
-0.35629
0.08745
-0.70574
0.18559
-0.21082
-0.22596
-0.42938
0.13323
0.08000
-0.88236
-0.52238
-0.48432
-0.10153
0.29652
0.36214
0.12929
-0.44538
-0.12600
0.50986
-0.13798
-0.34276
-0.15081
0.65268
0.76836
-0.15666
0.10455
-0.60725
-0.32956
0.09397
-0.22018
-0.49019
-0.48515
-0.22552
0.25481
-0.04907
0.48880
0.61636
0.75104
-0.06090
1.09719
0.71411
-0.26712
-0.20141
-0.48969
-1.11339
0.28144
0.89228
0.34760
-0.77855
-0.54447
0.07165
0.19775
0.49249
0.25802
0.23879
0.05199
-0.61804
0.25252
-0.75415
-0.20612
0.10747
0.70463
0.68440
-0.61763
0.64844
1.24917
-0.31063
0.33330
-0.08121
0.39078
1.24835
-0.85835
-0.13760
0.16565
0.15320
0.33875
-0.22506
0.14222
0.56193
-0.59611
0.12242
-0.08636
0.47564
-0.95659
0.32755
0.15868
-0.98765
0.57044
-0.15172
-0.34848
-0.58417
-0.08468
-0.92345
-0.10562
0.00510
0.23191
0.18212
0.33885
0.80343
0.02481
-0.67846
0.48067
-0.45015
-0.28828
-0.20048
0.09744
0.22233
-0.61645
0.46474
0.15477
0.84382
-0.65522
-0.49678
0.94365
0.73340
-0.12815
-0.56851
-0.55381
-0.97845
-0.80674
0.05263
0.59688
-0.06670
-0.18057
0.01464
0.81908
0.48417
-0.47685
0.04246
0.82086
0.28446
-0.37150
0.00215
0.05167
0.83080
-0.95864
0.70580
-0.11818
-0.21145
-0.36058
0.51484
-0.11412
0.62331
-0.69638
-0.09551
-0.49323
0.74339
-0.16242
0.33565
0.29489
0.31541
-0.57527
0.19964
0.17376
-0.26092
-0.30491
-0.16471
0.02341
-0.29460
0.09307
-0.09754
-0.10732
-0.25718
0.00910
-0.34547
-0.31926
-0.92071
0.17327
-0.17490
0.05998
-0.35358
0.16672
-0.17645
-0.09860
-0.54975
-0.45680
-0.41476
-0.19693
0.01290
0.40285
-0.59570
0.00108
0.69446
0.54581
1.00846
0.78283
0.56114
-0.08718
-0.40069
-0.48945
0.67118
-0.71473
-0.17022
0.52760
0.36994
-0.16393
-0.38444
-0.93965
0.67607
0.94454
0.61764
0.52181
0.49566
0.08253
-0.27456
0.26172
-0.52742
-0.52838
-0.21864
0.08101
-0.11883
-0.15523
-0.10250
0.91587
-0.13670
0.64729
1.14122
-0.05894
0.69125
0.01663
-0.89302
0.60766
-0.89637
-0.10470
-1.09154
0.74341
0.16395
-1.02192
-0.41798
0.27549
-0.61741
0.11914
0.93102
0.24946
0.13884
0.08045
-0.57848
0.39472
-0.33975
-0.36176
0.30248
0.61604
-0.09033
-0.82594
0.39414
-0.38484
0.37303
0.27388
-0.45228
0.00478
-0.48291
0.84206
-0.15498
-0.18907
0.37724
-0.53743
0.18739
0.29018
0.04211
0.71640
0.18330
-0.77793
-0.02024
1.00098
-1.61880
-0.16690
0.43438
-0.36528
-0.60168
0.31995
-0.05395
0.18885
0.91464
0.48224
0.13892
0.60216
0.09519
0.42721
-1.12556
-0.76775
-0.36913
0.27607
0.08463
0.10469
-0.84784
0.52758
0.25412
-0.07692
0.33257
0.16367
-0.75763
0.65541
0.49961
0.01513
0.44390
-0.03546
-0.20599
-0.52818
0.73656
0.01387
-0.48392
-0.08286
-0.21959
0.53750
0.20655
-0.53950
0.25463
0.48825
-0.08673
0.25952
-0.60046
0.00282
-0.37306
0.45343
0.29629
-0.72729
0.18113
0.48158
-0.28668
-0.01907
-0.38227
0.91406
0.61619
0.73979
-0.47077
0.64289
-0.61893
-0.11047
0.57764
-0.02923
-0.73352
0.84194
0.88544
-0.51884
0.77087
1.23134
0.68165
0.67314
-0.14653
0.65907
0.05962
-0.67105
0.12493
0.36073
-0.58782
-0.23424
-0.68289
-0.36426
0.33190
-0.19547
-0.82129
0.57383
0.35259
-1.15403
0.15636
-0.22063
0.82116
-0.56976
0.03047
-0.80031
-0.41988
0.44964
0.57844
-0.37437
-0.04804
0.05900
1.02820
0.40453
-0.61762
0.87567
-0.47924
0.21637
-0.70495
-0.23204
-0.13306
-0.16109
-0.80318
0.36016
-0.01425
-0.25708
0.01778
-0.55985
0.56579
-0.52007
-0.66133
-0.82981
0.12877
0.54946
-0.79307
0.48843
0.27208
0.03951
0.05709
-0.16890
0.05707
-0.12294
0.40396
0.66604
0.76515
0.47867
-0.23622
0.13451
-0.47711
-0.23471
-0.02741
0.14426
0.92363
-0.37820
-0.30766
-0.40238
-0.08509
0.59657
0.59015
1.00504
0.02830
0.15008
0.57209
-0.25255
-0.37533
0.60390
0.14415
0.40231
-0.16982
-0.15924
-1.13555
-0.14315
-0.50622
-0.59858
0.56280
-0.04634
-0.40858
0.37666
0.11983
-0.21033
-0.62654
-0.86935
-0.78623
0.13509
-0.52309
0.03552
-0.05506
0.68687
-0.87795
0.18076
0.34133
0.60971
0.34583
-1.29951
0.29104
-0.28530
0.22611
-0.48234
-0.38254
-0.18006
-0.27514
-0.57537
0.68843
0.79021
-0.21522
-0.51823
0.08967
0.29307
-0.79049
-0.80163
-0.75428
0.30679
-0.18746
-0.18860
0.42796
0.00220
-0.16929
-0.26985
-0.37212
0.24770
-0.35234
-1.00630
-0.11250
-0.10708
0.20827
-0.18282
-0.33456
0.39012
0.38557
0.69963
0.14838
0.50417
0.53440
-0.17454
0.16749
-0.26663
0.26745
0.76284
-0.06518
-0.53626
-0.20416
-0.30405
-0.55260
0.55027
-0.21506
-0.10032
-0.35781
-0.21385
-0.24630
-0.33072
0.64570
1.32755
0.52438
-0.28633
0.96065
0.05904
0.13572
-0.22468
0.11817
-0.22103
-0.29728
0.71332
0.01534
-0.17774
-0.42202
0.15619
1.02546
-0.11076
0.21090
0.61797
-0.45219
-0.14994
0.04590
0.04257
-0.02560
0.57416
-0.28632
1.00736
-0.60744
0.15869
0.43160
0.00356
0.11650
-0.40744
-0.58502
0.33606
-0.70406
0.04894
0.11794
-0.28659
-0.55788
-0.25050
-0.35111
-0.47121
-0.46805
-0.47430
-0.16554
-0.81849
-0.03157
0.65129
-0.17561
0.38848
-0.65984
-0.38180
-0.52578
-0.79182
-0.02027
-0.04607
0.38857
0.51520
-0.85110
0.85961
-0.25617
0.28268
-0.07724
-0.06859
-0.38280
-0.22540
0.38972
0.50680
0.09692
-0.19410
0.34135
0.23286
-0.33663
0.29559
-0.82011
0.29156
0.57016
0.46196
-0.75275
-0.46519
0.57039
-0.01634
0.89085
0.05518
-0.43657
0.58693
0.47786
-0.29584
-0.59090
-0.12037
0.36695
-0.53004
0.05810
-0.59645
-0.09161
0.69738
-0.25312
0.61472
-0.47028
-0.79221
-0.07924
-0.20730
0.18136
-0.34468
-0.49955
-0.23534
0.49258
0.48519
0.01909
-0.47084
0.01678
-0.09052
1.13416
0.78318
-0.25173
0.48988
-0.62294
0.45250
0.36077
0.99786
-0.28093
0.49957
0.47598
0.17694
0.00373
0.13177
-0.19534
-0.38932
0.07638
0.15589
-0.31377
0.65894
-0.46559
0.39131
-1.43786
1.16874
-0.43791
-0.76397
-0.13080
-1.04701
0.29600
-0.34205
0.64362
-0.33883
-0.52938
0.05800
-0.32012
-0.21098
-0.14896
-0.03229
0.50784
0.11267
0.10782
0.17033
-0.52214
-0.00697
1.19555
-0.77497
0.13934
-0.08502
-0.16336
0.18800
0.72415
0.20883
0.34073
0.98458
0.26752
0.44388
-0.52134
-0.48411
0.47430
0.28879
-0.96859
-0.49354
0.79872
1.21096
-0.58947
0.41566
-0.05100
-0.79533
0.08286
0.41085
0.44951
0.19683
0.49664
0.39173
0.63828
-0.15575
0.76671
0.26094
-0.43355
-0.24939
-0.25252
-0.42124
0.25873
-0.15028
-0.30041
0.48541
-0.62595
-0.13974
0.47750
-0.30926
0.46289
0.53670
-0.27557
-0.05163
0.02486
-1.05014
0.02884
-0.66878
0.03389
-0.23533
-0.59210
-0.71317
-0.01022
-0.14471
-0.56397
0.43206
-1.01819
-0.49790
-0.19762
0.48067
0.34323
-0.13442
1.18853
0.10119
-0.05271
0.20063
-0.07149
-0.19227
0.53614
0.29904
-0.30997
0.17743
0.22204
-0.41627
-0.19732
-0.35463
0.44201
-0.59963
0.86409
1.13998
-0.77657
-0.62729
-0.68772
0.35191
-0.39583
0.23535
0.08582
-0.50520
-0.24812
0.28571
-0.04977
0.45415
0.12036
0.06754
-0.19342
0.46015
-0.73401
-0.46484
0.16929
-0.12268
-0.31780
-0.10089
-0.04669
0.47548
-0.44771
0.45041
-0.55471
0.66842
-0.37328
-1.10662
-0.08678
-0.21883
1.33067
0.14292
0.03663
-0.93545
-0.06473
-0.13000
-0.30162
0.40699
-0.16525
0.35908
0.32738
-0.52019
-0.94382
0.29369
-0.26829
-0.10888
1.05686
0.82632
0.04634
0.88103
0.32759
0.09681
-1.63036
-0.24099
0.44014
0.28432
0.27503
-0.36708
0.71413
-0.44157
-0.23620
0.42422
0.40970
0.39607
0.92196
-0.58560
0.00035
-0.08546
0.30855
0.36124
0.22406
0.73520
-0.48783
0.84156
-0.27647
0.18229
0.06256
0.66383
-0.53766
-0.97687
-0.04785
-0.17313
0.06754
0.87742
0.57807
0.46826
0.07713
-0.31032
0.64371
0.25113
0.10023
0.66873
0.41990
-0.49740
0.41034
0.10651
0.34836
-0.11010
-0.54773
-0.80367
-0.43181
0.28092
-0.11215
-0.38242
-0.19147
-0.37409
0.24075
-0.46692
0.24064
-0.36724
-0.44300
0.70858
-1.13382
-0.57064
0.31684
0.79721
0.05773
-0.65232
0.27407
0.06701
-0.03196
-0.27694
0.44480
0.13931
-0.44388
0.09012
-0.16946
-0.24825
0.74546
-0.38954
-0.47371
0.55856
0.33779
-0.49520
0.21230
-0.09076
-0.91747
-0.57025
0.50451
-0.16992
1.24967
0.03140
-0.43914
0.19709
0.24768
-0.48082
0.87939
0.15452
-0.59131
-0.12625
0.67136
-0.32264
-0.07012
-0.38386
-0.22097
0.78092
-0.79387
-0.06533
-0.17408
0.13948
-1.13345
-0.43433
0.79190
0.11163
1.27252
-0.07654
0.70564
-0.92029
0.85767
0.07898
-1.06162
-0.84398
-0.16651
0.66927
-0.15886
-0.31240
0.89334
-0.38630
-0.07046
-0.64056
0.41516
-0.57886
-0.25733
-0.68124
-0.77785
-0.33766
0.32130
0.12459
0.64083
0.57641
0.52329
0.72644
-0.30984
0.44530
0.31860
-0.13629
0.05986
-0.03642
-0.70223
-0.36151
-0.26982
-0.69031
-0.02606
0.97174
0.46628
0.16595
-0.35726
-0.31795
-1.07174
0.04004
0.78232
-0.22670
0.63275
-1.03562
-0.14075
0.67317
-0.57449
-1.00545
0.09792
-0.56858
0.14980
0.22506
-0.20493
-0.34411
-0.25625
-0.04800
-0.09025
0.33312
0.31678
0.16303
-0.58698
-0.01845
0.32164
-0.84344
1.06712
-0.19044
-0.03593
-0.04738
-0.24987
0.04993
0.25015
-0.42192
-0.78716
-0.61961
-0.54682
0.22496
-0.18779
-0.18718
-1.37725
0.27984
-0.26845
-1.03609
0.58907
-0.09948
-0.07714
-0.17575
-0.08004
0.08628
0.27864
-0.41954
0.22340
-0.57198
-0.03068
1.09482
0.43373
-0.30467
0.03332
-0.58476
-0.35848
-0.41446
-0.23852
-0.53259
-0.48070
0.12505
1.05177
0.50359
0.57355
-1.07405
0.58074
-0.17230
-0.14427
0.61869
0.27413
-0.52577
-0.02261
-0.93067
-1.18378
-0.92093
-0.78491
-0.33474
-0.07804
0.72241
-0.67340
-0.23582
0.39813
0.14189
-0.25515
0.17626
0.62439
0.04225
0.85478
-0.22132
-0.14108
0.50594
-0.35459
-0.88645
0.29630
-0.44782
0.05702
0.00256
0.64197
0.48638
0.30776
-0.47793
-0.33515
0.01412
-0.93701
0.54414
0.13596
-0.37170
-0.71145
-0.17332
0.41660
-0.28985
-0.37257
0.55255
-0.00631
0.44154
1.08862
-0.16515
-0.55467
-0.27461
0.54417
-0.58210
-0.05617
0.84758
0.20420
-0.89750
-0.58561
-0.03612
0.40494
-0.03953
-0.17199
0.44035
-0.07111
-0.35460
0.21552
-0.20514
0.96431
-0.07348
-0.34154
-0.17870
0.46750
0.28374
-0.21581
0.01544
-0.32483
0.07376
0.27924
0.61169
0.48396
1.17235
0.60117
0.27389
0.55911
-0.37871
0.13160
0.18848
-0.08056
0.50987
-0.32660
-0.38516
-0.54651
-0.28828
-0.13262
-0.32260
0.35552
0.72014
0.06154
-0.70846
-0.29378
0.85228
0.06712
0.75425
-0.50243
0.33742
-1.04881
0.79641
-0.22149
-0.48964
-0.14370
0.24342
-0.67993
0.28131
-0.65069
0.52413
-0.50849
1.02105
-0.49170
-0.54606
0.20466
0.08876
0.36965
-0.21170
-0.51745
0.10185
-0.70663
-0.55758
-0.56924
0.51222
-0.20310
-0.62908
0.12607
0.19197
-0.14065
-0.61508
0.25658
0.16083
-0.13077
-0.43141
-0.28648
-0.99280
0.54625
0.13099
-0.67705
-0.22333
-0.16376
-1.04735
-0.40909
0.34211
-0.39854
0.21823
0.24532
0.32644
-0.47478
-0.57967
-0.07427
-0.67847
-0.60720
0.18768
0.09556
0.08736
-0.26660
-0.53803
-0.46730
-0.20962
-0.01579
0.53510
-0.44941
-0.22590
0.44821
-0.66351
-0.13875
-0.56312
0.35898
-0.16334
0.20170
-0.23638
-0.18185
-0.87369
-0.20227
1.32788
-0.02884
-0.57610
-0.58217
0.51041
0.00552
-0.12451
-0.59896
-0.31760
0.93331
0.13544
0.20264
-0.21321
0.00737
-0.00151
-0.01235
-0.54146
-0.60674
1.13894
0.03685
-0.68242
0.02013
-0.78942
-0.78069
0.35961
-0.07224
-0.18629
-0.06104
0.21493
0.47306
-0.95436
-0.18447
0.41704
0.23383
-0.92023
0.03587
0.68522
-0.47647
-0.22420
-0.34733
0.09886
0.22409
0.77949
0.51440
0.58214
-0.40634
0.48131
0.10462
-0.24003
-0.85403
-0.35293
0.90837
-0.37627
-0.52218
-0.45791
-0.25392
0.16593
-0.31840
-0.84855
-0.87222
0.61110
0.55229
-0.35611
-0.45586
0.63318
0.12379
-0.50488
-0.82729
-1.10184
-0.39416
-0.24535
-0.04361
-0.51272
0.49118
0.61421
-1.43965
0.49023
-0.25229
0.69527
-0.00152
-0.53142
-0.37765
0.61724
0.53498
0.20740
-0.93367
-0.37147
0.64251
0.40866
0.04572
-0.14745
-0.30185
0.13233
-0.29613
0.83506
-0.17399
-0.40312
0.15371
-0.46265
-1.01419
-0.64379
0.22800
-1.54942
0.08775
1.11999
0.51583
0.76698
-0.10279
0.15152
-0.44849
-0.16633
-0.48631
-0.51571
-0.35838
0.74820
-0.25057
-0.12930
-0.66684
-0.54145
0.26508
0.09818
-0.27740
-0.13215
0.04016
-0.49993
0.58683
-0.12683
-0.39613
-0.04569
-0.42904
-0.41698
-0.17376
0.35011
-0.24919
-1.15731
-1.08376
-0.91175
-0.02087
-0.11621
-0.19523
-0.11064
-0.03207
-0.07278
-0.20061
-0.18583
0.49851
-0.62045
0.47330
0.15709
-0.67663
-0.17853
0.32296
-1.33412
0.08446
-0.32873
-0.14752
-0.62866
-0.01478
-0.30395
-0.54835
-0.47003
-0.70699
-0.45191
-0.50948
0.35180
0.48659
0.20683
0.27774
0.28720
0.64637
0.04477
0.12302
0.05160
0.50196
0.83599
0.27954
-1.02608
0.05621
0.25123
0.17797
0.87652
0.18376
1.75028
-0.08862
0.35878
-0.02371
-0.38470
2.14307
-0.53865
0.86185
0.36972
-0.37836
0.20095
0.62885
0.07287
-0.07743
-0.15647
-0.16158
0.04066
0.24766
0.59018
0.26961
0.40542
0.18940
-0.33712
0.01772
-0.01966
-0.52900
-0.37618
0.19211
-0.35033
-0.93910
-0.12909
-0.17245
0.16936
0.02116
0.62231
0.92533
-0.51889
-0.65493
-0.33707
-0.38881
-0.52090
1.18449
0.27192
-0.12164
0.18232
-0.15068
-0.02766
-0.24806
0.02619
-0.46169
-0.84678
-0.15695
-0.52377
0.88555
0.19247
0.21173
0.21994
-0.55886
0.39073
0.19912
0.05201
0.14085
0.01359
-0.36139
-0.30864
-0.38610
0.12420
-0.37988
-0.24783
-0.19919
0.22621
0.95293
-0.52263
-0.00046
0.25818
0.81525
-0.48531
-0.94598
-0.49097
0.22893
0.08955
-0.48543
0.51317
-0.84988
0.54426
-0.04043
-0.17152
0.45984
0.83732
0.60381
0.16136
-0.28083
0.56352
0.74777
-0.74063
-0.04482
0.33345
0.25969
0.03284
0.07188
0.47435
-0.16680
0.10035
0.53616
-0.29546
-0.14955
-0.15010
0.29161
-0.87015
-0.25816
-0.20848
0.25652
-0.58447
-0.46985
0.61476
-0.06385
-0.36855
1.00693
-1.20808
-0.15821
0.10060
0.95122
0.36306
0.35380
-0.24916
0.05614
0.46446
0.82864
-0.66193
0.15991
0.23861
0.50545
-0.56995
0.26405
0.21824
-0.47806
0.39967
-0.16860
0.12197
0.41725
-0.12765
-0.92665
-0.39212
0.22191
-0.11968
0.84610
-0.19415
0.36575
-0.06507
1.35056
-0.22549
0.07597
-0.37883
-0.70832
-0.36319
-0.47456
0.03756
-0.41082
-0.28186
-0.15679
0.01040
-0.37198
0.06213
0.81958
0.05551
-0.05737
-0.56599
-0.16284
-0.00668
0.26377
-0.00826
-0.03542
0.31369
0.00001
-0.11815
0.82553
-0.26929
0.36995
0.63244
-0.11055
-0.91944
0.64001
-0.34028
0.99229
-0.43206
-0.25148
-0.69694
0.06713
-0.69861
0.21551
-0.18738
0.31358
-0.39111
0.72630
1.22009
0.57632
-0.23234
-0.00535
0.46828
0.12573
0.14390
-0.21738
-1.05259
0.60379
0.58215
-0.65669
0.20696
-0.29597
-0.10244
-0.00501
0.59091
0.01481
-0.69318
-0.27339
0.76419
0.10743
-0.35856
0.21454
-0.31128
-0.83367
-0.29230
-0.53736
-0.46162
0.14648
-0.52362
0.97091
-0.01442
0.84600
-0.19177
-0.09527
0.31450
0.04988
-0.00224
0.50815
0.55807
-0.45573
-0.34237
-0.64085
1.01173
-0.38109
-0.16493
0.50756
1.13995
-0.28203
0.47836
-0.26001
-0.27572
0.63753
-0.54033
-0.20476
0.45192
-0.19396
0.02515
-0.60895
-0.26219
-0.00759
0.12212
0.42799
0.73814
-0.21918
0.54503
0.24824
-0.14940
0.40834
0.21666
-0.59110
-0.36787
-0.24943
-0.29245
-0.30670
-0.28367
-0.19238
-0.20124
-0.80473
-0.69628
-0.80761
0.12752
0.52397
-0.66186
-0.73571
0.67206
0.39543
-0.00573
-0.24519
1.03037
-0.50738
-0.53063
0.09182
-0.01627
0.14547
-0.01806
-0.13416
-0.25798
0.26887
0.41922
-0.41570
0.54713
-1.00423
-0.53788
0.03889
0.25038
0.83996
-0.82753
0.29040
0.02836
0.34592
0.53183
0.05583
-0.29580
0.05488
0.38769
0.28348
0.42699
0.47363
-0.68241
0.18447
0.11998
0.47624
0.64434
0.20903
-0.10975
0.02324
-0.35109
-0.72872
-0.05675
-0.57646
0.24097
0.42248
-0.71858
-0.67626
0.66730
-1.18282
-0.23942
-0.19862
0.58235
0.32613
-0.59631
0.63054
-0.53816
-0.27306
-0.21205
1.48552
-0.21981
-0.43436
0.06263
0.22678
-0.18864
-0.21824
0.57270
0.53181
0.12110
0.14463
0.45861
-0.89084
-0.26726
-0.20248
0.09337
0.24705
-0.09093
-1.18310
0.20909
-0.17523
-0.05464
0.02298
0.20231
0.36218
-0.63854
-0.44005
-0.31493
0.62080
-1.32081
-0.44949
-0.23584
1.13113
1.15290
-0.36349
-0.62891
-0.94271
1.10365
-0.17925
0.30516
0.37955
0.12428
0.04657
-0.07314
0.58750
-0.31150
0.30055
-1.31627
-0.42263
-0.13909
0.30537
0.40816
-0.62195
0.85380
-0.06446
0.44920
0.81961
0.09104
1.10439
-0.41858
-0.40394
-0.54102
0.71240
-0.13971
-0.23403
-0.46198
0.03282
0.31586
-0.29937
0.13091
0.16978
0.33543
-0.50169
0.56919
0.30889
-0.00920
0.21344
0.21271
0.29002
0.18246
0.73173
-0.28764
0.11440
-0.74471
0.33460
-0.29437
0.47723
-0.76261
0.26121
-0.04863
0.69549
-0.86690
0.81613
-0.24827
-0.23355
-0.08911
-0.08087
0.20477
-0.11440
0.46044
-0.69811
0.22742
-0.57301
0.18647
0.69697
0.38859
0.26181
-0.18066
0.27325
-1.42708
0.21863
-0.10353
-0.07371
0.19005
0.51830
0.27257
0.59712
1.11169
-0.58346
-0.38284
-0.29102
0.96150
0.20941
0.49535
1.06043
0.35086
-0.58813
-0.74978
0.54007
0.27747
-0.50649
0.10714
-0.19753
0.32986
-0.01645
-0.81749
-0.06826
-0.02227
-0.23339
0.62275
-0.29313
0.58846
0.58437
-0.52278
0.56994
-0.19548
0.98888
0.43646
0.17599
-0.19426
0.40196
0.27360
-0.51529
0.07827
0.36389
-0.56702
0.28861
0.20038
0.12872
-0.21535
-0.34928
0.38277
-0.76815
-0.32141
-0.08797
0.13928
0.03622
-0.04749
0.12407
-1.18310
0.15744
0.31472
-0.06477
0.01204
0.56373
0.11900
-0.45084
-0.65481
-0.31665
0.23940
0.14154
0.49592
0.38299
0.09744
-0.30433
-0.27504
0.61735
-0.49939
0.32351
-0.05336
0.07486
-0.18398
-0.80577
0.57203
0.34592
0.15319
-0.01276
0.39486
0.46439
-0.22782
-0.38980
0.25065
-0.05483
0.45764
-0.64527
0.42360
0.90029
-0.81123
0.50961
-0.26793
0.31153
0.16765
0.37631
0.57864
-0.44118
1.14054
0.54651
-0.29275
0.89657
0.18072
-0.34735
0.84285
-0.66331
0.33145
-0.31110
0.36465
-1.17559
0.35832
-0.08137
-0.06943
-0.32532
0.35858
0.04133
-0.32639
0.70540
-0.27547
-0.13375
0.00216
-0.74484
-1.32235
-1.36661
0.15278
0.28523
-0.03602
-0.02484
-0.46972
-0.72807
-0.01213
1.13039
0.37653
-0.31338
0.10855
0.82721
-0.02603
0.29070
0.22422
0.00378
-1.05622
-0.57740
-0.08232
0.12213
0.42468
-0.11037
0.30811
-0.13849
0.12745
-0.63181
0.22344
0.12291
-0.35070
0.00407
0.53168
-0.71248
1.12082
0.04083
-0.99171
0.40348
0.56650
0.61429
0.02610
0.37633
0.23680
-0.04083
-0.08451
0.30835
0.51060
-0.18668
0.01828
1.22036
-0.49392
0.70142
0.07013
-0.14941
0.05091
0.20407
-0.18123
-0.11516
-0.20784
-0.37908
0.58220
-0.01445
-0.13903
-0.25705
0.00184
-0.25450
-0.01519
-0.95925
0.03382
-0.11941
-0.04034
-0.24585
0.35490
0.46345
0.08156
-0.09782
-0.54604
0.27013
1.47144
1.22737
0.82658
-0.01228
0.37927
-0.63754
0.05720
0.71142
0.42801
0.39646
0.00642
-0.31435
0.46468
-0.11795
0.27517
0.07156
-0.30855
0.34939
0.65346
0.20908
0.02672
0.52255
-0.16293
-1.06732
-0.08356
0.41178
0.48152
-0.33610
-0.94131
0.22338
-0.40990
0.63875
0.53712
0.39628
-0.60903
-0.49153
-0.79949
-0.07422
-0.47174
0.57162
-0.63046
0.89272
-0.65522
-0.50646
-0.57820
-1.16636
-0.05579
0.22871
-0.13524
0.16327
-0.47787
0.32957
-0.28997
-0.60104
-0.04517
-0.52508
1.99160
-0.20808
0.10307
-0.47119
0.11690
0.17460
0.00174
0.12845
-0.17268
-0.54880
0.20169
0.16778
-0.08910
-0.06258
0.47987
0.39482
0.66138
0.28082
0.56128
-0.10385
0.56275
-0.59603
0.20755
-0.50187
1.11790
-0.22100
0.69361
0.12953
0.49790
1.08543
0.81605
-0.44542
-0.36075
-0.05889
-0.46165
-0.24792
-0.26893
0.50957
-0.56445
0.84660
0.31526
0.51250
-0.88199
-0.92697
-0.17895
-0.02466
-0.29912
-0.08476
0.00548
-0.15592
0.00951
0.13351
-1.07778
0.35846
-0.23197
0.20963
0.28231
0.03327
0.31189
-0.22717
0.89846
-0.43127
-0.47982
-0.18610
0.42051
0.92253
0.23039
-0.21547
0.20990
0.37494
-1.17377
0.39422
-0.50332
-0.54563
-0.15513
0.25176
-0.24391
-0.61472
0.66994
0.05321
0.54226
0.26727
-0.24543
0.35942
0.02063
0.71794
0.87623
0.23332
0.18524
-0.14124
1.28297
-0.48404
-0.34306
-0.20825
0.13981
-0.28396
-0.89124
0.23773
0.19037
0.44513
0.14827
-0.30985
-0.31977
-0.29256
0.24819
-0.04150
0.45592
-0.49997
-0.39979
0.58579
-0.41568
-0.66810
0.18331
-0.72783
0.11315
-0.15147
0.12287
0.11545
-0.42323
-0.20980
0.59106
0.32947
-0.92761
0.27591
-0.00871
0.87982
-0.89477
0.01513
0.13424
-0.30257
-0.31123
-0.29070
-0.48007
-1.13123
0.73174
0.01454
-0.24058
1.05725
0.12668
-0.91738
-0.82215
1.51166
0.19839
-1.07818
-0.54322
-0.02020
0.03097
-0.62255
0.13942
-0.28488
-0.06995
0.08838
-0.65177
-0.19523
-0.38903
0.04406
0.17702
0.70377
-0.63736
-0.94898
0.19402
0.74277
0.68004
0.23840
-0.20438
-0.03584
0.37975
-0.02002
-0.04893
-0.52686
0.13999
-0.26168
-1.20727
0.35255
0.46831
-0.45690
0.12051
0.52685
0.36739
-0.36452
0.38357
0.13913
-0.26135
0.12122
0.46204
0.28730
-0.08365
-0.61830
-0.70619
-1.88297
1.11773
0.26642
0.17509
-0.41755
0.42934
-0.81677
-0.33512
0.50770
0.25023
-0.93093
0.19796
0.74195
-0.59724
-0.37299
-0.23128
0.15497
0.37096
-0.50713
0.16220
-0.54957
-0.12057
-0.51911
-0.53027
0.08680
-0.05956
0.40995
0.78181
0.33735
0.39744
0.98098
-0.47359
0.37223
-0.24824
-0.38494
-0.82069
-0.53671
0.69718
-0.44613
-0.12068
-1.33413
-1.10747
-0.00651
-0.10730
0.21906
0.52955
0.38898
0.10995
0.13743
0.93268
0.59715
-0.63207
1.56171
0.66414
0.66838
0.02216
0.80675
-0.17856
0.73161
0.09164
-0.22089
0.06631
0.00368
1.00806
0.64629
0.18727
0.03802
-0.65588
0.77578
0.67294
-0.29623
0.16888
0.49090
0.24714
-0.22687
0.77102
-0.03991
0.29856
-0.26868
0.30514
-1.01018
-0.29235
-0.24939
-0.78631
0.20210
-0.07894
0.65206
0.53293
-0.62381
0.63090
0.32091
0.53294
-0.18056
-0.64481
-0.32870
0.21224
-0.88892
-0.58653
0.44813
0.07350
1.11919
0.70328
-0.09202
0.59421
0.82481
0.43556
-0.03354
-0.52910
0.92995
-0.63425
0.37875
-0.36363
-0.24649
0.76815
-0.11478
-1.06669
0.84010
-0.35285
-0.01097
-0.17400
-0.17180
0.30575
0.30182
0.05531
-0.45442
-0.29005
0.00171
-0.66279
0.64950
0.17341
-0.17990
0.61103
0.04490
0.08209
0.31157
-0.01573
-0.68586
-0.70261
0.39273
0.21757
0.52475
-0.13237
-0.08931
-0.08852
-0.91282
-0.81285
0.63197
-0.19241
-0.09368
-0.20140
-0.03426
-0.15276
0.15875
-1.01598
-0.58697
0.08764
-0.15466
0.10680
0.48763
-0.56239
0.43369
0.08171
0.12662
-0.93226
0.20168
-0.45558
-0.55266
-0.11740
-0.41576
0.39593
-0.74296
-0.33663
0.41060
0.60014
-0.67900
-0.35877
-0.24840
0.31217
-0.97966
0.11846
-0.92065
-0.20984
0.23150
0.14231
0.45133
-0.09631
-1.02164
0.11477
0.38770
0.37680
0.33527
-0.85400
0.00667
-0.96354
-0.05970
-0.08789
-0.13775
0.60364
-0.06672
-0.78232
-0.62657
-0.67838
-1.02530
1.03807
-0.37851
-0.14281
0.71054
-0.14611
-0.40518
0.59450
-0.48634
-0.15221
0.07544
-0.73372
0.04788
-0.58550
0.17740
-0.08983
0.34485
1.11657
-0.01018
0.02684
0.65675
0.20419
0.57161
-0.47264
-0.03300
0.17022
0.39550
0.94464
-0.02120
0.07280
-0.20451
-0.03009
0.97893
-0.27765
-0.14906
-0.18904
-0.60168
-0.43821
0.38510
-0.11530
-0.55094
-0.59779
-0.74947
-0.08147
0.20176
0.21832
0.01958
-0.57801
0.22888
0.40439
-0.03954
0.00682
-0.01906
0.03555
0.05307
0.21759
-0.13647
-0.12948
-0.53898
-0.14378
-0.61004
-0.36305
0.63827
0.25704
-0.57715
0.65518
0.02802
0.49560
0.17847
-0.70202
-0.57173
0.24332
-0.44442
0.38554
0.30913
-0.71541
-0.51512
-0.84865
0.60976
0.53145
-0.21700
-0.25303
-0.93710
1.14056
-0.03197
-0.55732
0.09395
0.14334
-0.03035
0.65464
0.05025
0.52157
0.08055
-0.97267
0.71799
-0.19511
-0.24961
-0.12354
0.40800
-0.13933
0.43557
-0.77053
0.04634
0.70966
0.27334
-0.93936
0.42232
0.22132
-0.02609
-0.08123
-0.02442
1.32929
0.16931
-0.03444
-0.01342
-0.40676
0.57464
0.68941
-0.75959
0.12285
-0.73979
-0.02298
0.14837
0.26358
0.64039
-0.55281
0.09192
-0.07208
-0.08562
0.13016
0.39168
1.03240
-0.11304
0.62692
-0.37488
0.53413
0.74275
-0.19193
0.44350
0.14291
0.57196
0.27970
0.43418
0.97379
0.61868
-0.39001
0.20932
0.17713
0.27727
0.58607
0.42625
-0.26619
0.44179
-1.13132
0.10857
0.83238
-0.46678
-0.13451
-0.54371
-0.02064
0.88269
-0.50417
0.01883
0.07838
-0.75633
0.03757
-0.55986
0.37317
0.52317
-0.53518
0.38557
0.65350
0.80272
0.08806
-0.23086
0.42777
0.22148
0.97318
0.03926
0.29911
-0.05530
-0.35830
0.00632
-0.20024
-0.11629
-0.74950
-0.08038
0.25176
-0.16932
0.07705
-0.54674
0.45556
0.18677
-0.23050
-0.33484
0.67522
-0.03807
-0.73861
-0.27193
1.05319
-0.23298
-0.27995
-0.74513
0.22830
-0.43857
0.67194
0.40074
-1.40254
0.14887
0.79430
-0.23935
-1.07122
0.75326
0.59082
0.37685
0.25259
0.01673
-0.05279
0.62838
0.48759
-0.02832
-0.11143
-0.48938
0.16967
-0.06690
0.73391
0.11681
0.76059
-0.08783
0.41997
0.12525
-0.72092
-0.42715
-0.40574
-0.26686
-0.07195
-0.17730
-0.03308
0.02119
-0.14683
0.39061
-0.01407
-0.56940
0.68529
0.47537
0.74599
0.03493
-1.13811
-0.43308
0.68156
-0.88385
0.49999
-0.35029
0.10885
-1.03938
0.12129
0.13090
0.12358
-0.05495
0.23060
-0.24560
0.12656
-0.24380
0.63553
0.04778
-0.01935
0.41164
0.73774
0.61953
0.77783
-0.08260
0.23681
-0.79747
-0.04222
-0.29307
0.20501
-0.61481
-0.58838
-0.19331
0.62434
-0.01637
-0.46635
-0.23928
-0.39980
0.46208
-0.28092
0.32793
-0.60883
-0.19268
0.78726
0.75413
-0.41289
0.01589
-0.24780
0.44574
-0.64063
-0.62600
-0.42735
0.25555
-0.27894
-0.41612
0.92699
-0.32091
-0.01480
-0.00641
-0.25107
-0.03720
0.70364
-0.02766
0.59064
0.54126
0.69690
-0.69555
-0.11285
0.06424
-0.37427
-0.13521
-0.24732
0.33335
0.74023
-0.35524
0.19021
0.22890
0.38886
-0.45325
0.24092
0.52361
-0.12361
-0.38799
-0.01619
0.19017
0.20979
0.17285
0.32598
-0.62557
0.51361
-0.59287
-0.85830
-0.10960
-0.56538
-0.09868
-0.69997
-0.26026
0.09286
0.25909
0.21418
-0.01302
0.72081
-0.14346
0.90322
-0.33407
-0.38484
0.52877
0.83026
0.25854
0.78575
-0.59685
-0.79232
0.72002
0.13037
0.03259
0.24753
0.83446
0.22767
-0.13294
-0.26012
-0.48355
0.52655
-0.10989
0.51091
-0.05379
-0.14762
-0.99925
0.18669
-0.71725
0.38775
-0.01512
0.46269
0.72197
-0.50345
-0.34721
0.94833
0.12430
0.54236
0.18556
0.22744
-0.38550
0.19864
1.08499
1.25857
-0.39138
-0.70674
0.26597
0.90134
-0.08061
0.49683
0.38181
-0.52064
-0.29974
-0.55472
0.06604
-0.06013
0.26923
-0.22955
-0.09095
-0.02710
-0.19459
0.18841
-0.67480
-0.29953
0.85774
-0.20797
0.45389
1.03221
0.75396
0.28684
-0.09898
1.07042
0.13492
0.02161
0.19631
-0.68423
-0.30248
0.69428
-0.27910
0.18550
-0.84331
0.14538
-0.00628
0.68136
1.30330
0.68788
0.42765
-0.12913
-0.12137
-0.44968
-0.09008
0.35796
0.30504
-0.34309
1.04768
-0.29605
-0.23417
-0.61629
0.54134
-0.35880
0.34099
-0.61381
0.34810
-0.26314
1.38596
0.52219
-0.21115
0.93285
-0.68975
0.98214
-0.62876
1.23722
-0.34874
0.20667
0.14791
0.43347
-0.63402
0.25135
0.61594
0.21888
-0.06863
0.09504
-0.14303
0.07658
-0.85769
-0.79701
-0.66681
-0.49648
-0.12947
0.18359
0.14959
0.01324
-0.39214
-0.60669
0.32669
-0.73328
-0.70262
0.71234
0.27348
0.86850
0.07253
0.05763
0.62135
0.26812
0.67762
0.44919
-0.96701
0.41979
-0.24344
-0.15925
-0.23695
1.05152
-0.28943
-0.68602
-0.82197
0.94375
1.06281
-0.49106
0.28130
-0.58652
-0.31686
-0.68785
-0.01310
-0.40438
-0.23986
-0.46199
0.15176
-0.12728
0.71363
0.98119
-0.95427
-0.75674
-0.49351
0.04183
-0.99582
0.24698
-0.14703
0.55310
-0.02699
1.09745
0.31405
0.34935
0.17056
0.02973
0.19820
0.37533
-0.19080
-0.77337
-0.08806
-0.21534
-0.07058
-0.61502
-0.24238
0.50018
-0.32830
0.44173
-1.07224
-0.69112
-0.75323
-0.29605
-0.01712
0.12388
-0.52129
-0.13524
-0.34101
0.41917
0.17096
0.33780
-0.51148
-0.94471
-0.83764
-0.72677
-0.36201
-1.67482
-0.22180
0.28879
0.76792
-0.45831
-0.36736
-0.34578
-0.57931
-0.38589
0.42655
-0.28327
0.14934
-0.15902
-0.36000
0.32002
-0.48578
-0.70645
0.30576
-0.01801
-0.04681
0.24368
-0.28689
0.46792
-0.35529
-0.82727
-0.27973
-0.24937
-0.01838
-0.28312
-0.47097
-0.68610
-0.11063
-0.21689
0.96124
0.69079
-0.68487
-0.93138
0.41239
-0.43756
-0.46446
-0.48581
-0.02220
-0.19007
-0.26673
0.33911
0.65425
0.36183
-0.43228
0.08258
0.21845
0.06223
-0.37122
-0.27247
0.00434
0.33966
-0.32516
0.73372
-0.64110
-0.57293
-0.28475
-0.35993
-0.01934
-0.05336
0.18349
-0.35314
-0.28258
0.49851
-0.09086
-0.73907
0.55354
0.42697
0.43561
0.22136
-1.02062
-0.05653
0.12139
1.44226
-0.23081
-0.06145
0.31676
0.02387
0.21298
-0.54863
0.36976
-0.18826
0.02863
-0.35417
0.59208
0.36233
0.23326
0.03831
0.53564
0.61535
0.72136
-0.24833
0.17799
0.55509
0.11798
0.29612
0.19997
-0.13745
-0.36451
-0.27411
-0.29602
0.22507
-0.15825
0.44646
0.72840
-0.30137
0.42829
-0.17538
-0.18817
-0.49307
-0.06066
0.24742
0.41881
-0.38441
-0.56670
0.21322
0.45811
-0.06353
-0.32985
-0.02704
-0.08203
0.53616
0.37710
-0.72241
-0.40020
-0.38843
-0.54420
0.21407
0.32449
0.21806
0.31565
0.65519
0.26060
-0.11232
-0.18093
0.28450
1.49018
-0.34108
-0.41470
0.12199
0.16233
-0.09880
0.82532
-0.45569
0.08270
-0.12096
-0.47802
-0.00503
-0.82451
0.27176
-0.44980
0.22877
-0.35108
0.13925
-0.46393
-0.29821
-1.02522
-0.82308
-0.09531
-0.08079
0.92604
-0.25289
0.05422
0.67715
0.09044
-0.01430
-0.49891
-0.15671
1.36143
-0.70464
-0.10778
-0.08440
0.19365
0.38517
0.08905
-0.03282
0.51134
-0.10537
-0.72235
-0.15083
-0.20480
-0.39997
-0.18629
-0.10584
0.05925
0.05607
0.46370
0.18802
-0.22288
-0.36878
-0.43717
-0.11181
0.36399
-0.54711
0.33276
0.24915
0.26942
-0.50768
-0.31229
0.65677
0.01200
0.16796
0.31006
-0.12347
-0.32688
-0.11055
0.38874
-0.56023
0.20621
-0.43231
-0.21914
-0.09532
-0.02671
0.10307
-0.71004
-0.13766
-0.81630
0.40076
-0.09744
-0.11599
0.88785
-0.29462
-0.29337
-0.31283
0.17079
0.79304
0.01133
-0.10873
0.27949
-0.81133
-0.78054
-0.15154
0.49886
-0.49419
-0.66994
0.26481
0.45410
-0.69463
-0.30360
-0.09881
0.35957
-0.00650
0.86586
0.12526
0.38870
-0.12883
-0.49152
-0.26068
0.23688
1.20256
0.89794
0.53015
0.51671
-0.28032
-0.20920
1.48871
-0.06922
-0.82431
-0.61274
0.20786
0.38736
-0.05951
-0.32459
0.03369
0.39257
-0.03559
-0.26265
-0.14106
0.03758
-0.65918
0.05817
0.01484
0.30499
-0.07497
0.30466
0.60197
-0.33926
0.08868
-0.03674
0.06091
-0.38495
-0.06272
-0.86170
0.51831
-0.44967
-0.39386
0.44258
0.59459
0.43051
0.15488
0.24019
0.07670
-1.12129
0.27728
0.49617
0.50878
-0.54191
0.43295
-0.65799
-0.26308
0.42824
1.02575
0.00515
0.53819
0.68050
0.46161
0.02042
0.21194
-0.06305
-0.23783
0.69280
-0.25228
0.06333
-0.02662
-0.48458
0.15849
0.54894
0.38432
0.41898
0.00163
0.15581
0.30631
-0.27522
-0.46163
-0.62048
0.19595
-0.47148
0.33599
0.88206
0.38767
-0.26395
-0.88405
0.34445
-0.20716
-0.66162
0.17993
0.35815
-0.14324
0.37157
-1.19000
0.43208
0.43715
0.35163
0.10924
0.78287
0.08462
-0.35944
-0.61714
0.45160
-0.62767
-0.38133
0.02799
0.42873
0.64624
0.33461
-0.11973
0.26415
0.22799
0.55562
-0.49493
0.24410
0.41132
-0.11914
0.64902
0.49687
0.64812
-0.19568
0.14476
-0.59553
0.31349
0.80004
1.12378
-0.29797
-0.06483
0.40217
0.51379
-0.18391
-0.08218
-0.18918
-0.73167
-0.36193
0.71738
0.31617
-0.14845
-0.06775
0.21454
-0.12002
-0.51503
0.02152
-0.08466
0.08088
-0.48184
0.32670
0.39632
0.12504
0.45893
0.45148
-0.78702
0.05126
0.10894
-0.26613
-0.14807
-0.31728
-1.31034
-0.04750
-0.41491
-0.24771
-0.16978
0.39002
-0.67206
0.52045
-0.37947
-0.81593
0.01247
0.27955
-0.22058
-0.33958
-0.54423
-0.82441
-0.32379
-0.42874
0.52861
-0.28973
0.02025
-0.27441
-0.27397
0.16560
-0.04953
-0.04385
0.65414
-0.22741
0.43486
0.37919
0.37405
1.00157
0.09283
0.21679
0.50178
0.14670
0.02541
-0.38794
-0.86850
0.12805
-0.87190
0.12849
0.67693
-0.49697
-0.88087
-0.38842
-0.80596
-0.08696
-0.70423
0.88009
-0.39895
0.29526
-0.39055
0.44660
0.57631
0.11576
0.21349
0.53742
0.32872
-0.31231
0.45326
-0.27382
-0.67202
0.02290
-0.84603
-0.52962
-0.04876
-0.91304
-0.50607
0.65759
-0.30804
0.33060
-0.70550
0.18029
0.12039
0.39235
-0.54317
0.70281
0.00700
0.27529
-0.00779
0.85039
0.31264
0.57369
0.53555
-0.27926
0.08274
0.09604
0.24913
0.75335
-0.56027
-0.37093
-0.73483
1.55399
-0.78082
-0.63935
-0.88358
-1.11546
-0.49268
0.10770
-0.78810
-0.57973
0.73274
0.80090
-0.19052
0.01697
0.01526
0.06025
0.14622
0.43072
0.75298
-0.03034
0.35694
0.54472
0.70699
0.29520
-0.28794
0.57983
0.14712
0.22576
-0.32003
0.97283
0.31321
1.06442
-0.43757
0.39893
-0.06496
-0.22124
-0.06564
0.23205
-0.55827
-0.31431
-0.19407
0.45424
0.90240
0.31964
0.01959
-0.43062
0.70089
-0.06583
0.14805
-0.18533
-1.09621
0.30294
0.41112
-0.06871
0.40751
-0.30190
0.13738
0.70313
-0.31016
-0.35039
-0.28980
0.43216
0.59987
-0.26027
-1.09760
-0.53763
1.00127
-0.16971
-0.15885
-0.42517
0.36087
-0.74768
-0.38549
-0.29804
0.32261
-0.25257
0.43314
0.05425
-0.57579
-0.64820
0.36254
-0.51512
0.29225
-0.56451
0.15728
-0.23998
-0.21770
-0.54928
-0.02558
0.28583
-0.56959
-0.43883
1.16553
0.27638
-0.89524
0.25465
-0.44892
