1.74241
4.38637
-1.62492
-0.53249
-6.50337
2.76427
-0.04155
-1.71781
-1.34337
1.87610
-0.79999
1.50090
-1.79555
9.42739
-2.37791
-2.63642
6.17630
4.33369
4.61611
3.83547
-1.52053
5.74892
3.28829
4.36486
3.46722
7.99101
4.48556
1.95236
0.18896
0.57788
-5.56893
14.41266
5.36572
-7.87460
-6.51915
-0.27910
2.05559
4.04071
10.59271
-3.59953
-9.73492
-1.05889
-4.22146
-1.40571
2.89350
5.47616
0.74290
-12.45214
8.36902
-7.31798
-4.96859
-4.95935
-3.75564
-8.26170
10.47823
-7.21304
-4.36946
-13.70873
9.27201
3.58134
-3.18937
3.59608
-11.07363
-0.84326
7.52976
1.65952
-2.03333
0.79782
6.02255
10.93646
3.16886
2.94496
-16.96669
0.50848
10.47584
6.38859
-4.08615
7.33877
16.89207
6.97773
7.25041
0.13529
-6.57163
-10.22027
-2.52919
0.76330
-12.35550
10.70844
-5.54199
3.30539
-6.51423
0.85691
3.55847
-5.81946
-5.77392
-2.88624
-2.79479
1.27628
-4.62871
2.03051
1.56765
-12.60962
-1.78560
-12.01116
3.45752
2.14536
2.09468
-9.02155
9.10882
4.31496
-6.18827
-0.29916
-11.90349
14.59564
-4.62289
-9.06147
17.16371
-8.42412
-4.93479
-11.86040
11.70958
0.04351
2.44199
9.91947
-6.85744
2.59237
4.71562
3.71614
-4.44902
8.50146
6.10273
5.35189
-0.20276
-1.15453
4.41996
8.73536
-2.78362
1.11924
7.01264
7.14918
-6.23370
-1.57794
13.79731
-3.12652
2.09499
-0.53450
-12.88011
-3.04013
-1.37068
1.89539
0.34710
10.07123
-0.03382
5.36328
3.40343
-6.07034
-3.26832
8.78705
3.16908
2.82134
-7.56287
1.15121
7.96479
-3.88727
-1.94555
8.99919
-1.25979
7.34009
-8.72299
3.36886
-5.12752
1.44390
1.59825
0.07251
-2.57517
0.84595
-4.67543
5.20102
-1.44381
0.40203
2.38153
5.83961
0.39781
-1.44572
-5.29106
17.71091
5.85492
-0.06562
-3.93419
9.24057
1.15371
-1.99947
-6.59415
1.39254
-6.80494
-2.84747
-2.88299
1.24153
-0.17134
-3.29590
8.87809
-11.63658
2.92990
4.01964
-0.12613
4.80215
-3.25165
3.92630
-6.19215
-2.47140
-4.24097
-6.40580
-4.89245
-6.81060
8.69089
-4.96588
6.35243
9.14375
1.87407
2.41305
-1.13554
6.57775
3.74217
0.21777
-3.56832
-11.28377
-9.35654
-2.19960
-0.69571
-5.68586
0.42212
7.20737
-9.97626
1.93742
8.44225
1.87721
1.28214
7.26110
-2.89427
9.51987
5.75661
4.91631
5.17416
-3.47402
2.53281
-8.62828
-8.11394
-7.05477
8.31502
8.55928
-5.18310
0.54210
0.03414
2.26341
-18.76137
7.56433
-0.43875
7.30003
-1.96049
-10.32047
10.73694
-10.66402
10.61307
-4.85513
-1.45545
5.98772
-5.16483
6.21654
-7.71403
4.70860
-12.40417
8.25128
7.27417
1.18811
5.77236
-11.55735
-3.62429
-0.18005
0.51749
-1.49849
9.79236
9.76269
6.82892
3.53483
-1.36797
0.20740
4.67363
-14.34154
-5.16964
-7.38138
4.66008
9.67971
1.42413
-11.02336
-10.05681
2.34577
10.51559
-0.36914
-2.68654
6.12470
-10.39340
8.13815
-7.91935
-1.19677
-7.43428
4.83527
-7.38069
-0.55611
2.91541
-6.80254
-0.77164
16.73818
14.97033
-3.54289
-1.00634
1.20033
9.80467
-2.39883
-3.21168
9.09528
-0.03810
-3.61337
-8.05724
4.77909
-3.71528
-5.98172
-2.98917
-7.29566
-4.26744
1.18971
0.68204
11.65142
-1.87496
9.21219
5.55685
10.09826
-8.02694
-10.68776
-10.72615
11.64017
3.85578
2.78600
2.14169
0.88602
2.05316
4.62540
6.43821
-0.12828
1.56798
0.50701
-13.53787
-3.65044
19.58224
2.64714
3.26400
-2.52481
-2.14545
-2.13900
-0.07886
-3.06687
1.82424
10.07199
9.24526
5.05202
12.48842
3.38020
-8.03942
-2.73602
0.73012
4.08874
6.19807
7.45729
-3.42109
9.46082
2.65698
-1.04773
-13.22709
-6.03131
17.32341
7.50714
12.40151
-2.81763
-2.65240
-11.84033
-5.09403
-11.20434
1.86403
-13.92595
-12.32460
-7.40235
-3.15529
-1.83159
-7.49518
-7.75810
5.84010
-8.80167
-15.73545
-10.72776
0.70459
-4.79279
-2.95202
-6.90883
2.89040
6.26991
12.97595
-9.36083
-3.62908
-9.74664
11.85978
7.05223
-9.57825
1.36041
1.64332
-4.91444
0.31966
-3.01657
-2.32117
11.75180
-13.20172
1.18898
-3.92059
5.36055
5.55280
1.29257
-4.99725
-8.96582
6.07874
-6.32139
-8.18487
4.72885
-9.90699
0.82249
3.74300
-1.49401
9.33368
8.86174
9.10972
0.55078
-1.99836
7.44295
0.52778
1.23358
-3.98209
-7.22685
0.25372
4.95024
-21.99686
2.82537
2.54551
-3.55125
0.40518
12.20017
-1.00204
14.88844
-3.07956
0.55192
4.10078
-5.22956
1.03476
0.56332
-2.78990
4.13118
-1.36977
0.96037
-2.27426
-12.00245
2.16856
14.07978
1.91068
3.94894
-6.95743
-6.52051
3.13931
-8.72970
-3.79938
0.18976
-5.45547
11.45457
2.72898
9.19861
3.22781
-2.13949
2.09053
-4.86419
-6.32042
6.71740
-7.07915
-2.92146
-11.24197
-2.69154
-2.85149
-2.41823
-2.52494
-3.68564
2.00489
-0.86059
-5.21913
5.11781
10.71586
2.65738
2.18423
-3.94095
5.95546
-0.63777
-5.39009
-3.61297
0.20331
1.96974
3.63238
6.85846
1.30694
10.05198
2.32779
-11.09682
3.71080
3.96566
4.62309
3.71442
17.71149
3.62462
-0.41026
-1.72921
1.32788
-4.18758
-5.23629
-5.27965
0.85827
12.42378
6.07085
-7.88624
-3.74907
-2.71438
3.23961
-1.09438
-6.44854
7.90138
-3.25967
8.37261
-12.88007
7.31737
9.83185
2.96471
-7.07335
10.67472
3.54577
17.51483
-7.39036
0.15091
2.02386
12.30925
-2.50548
5.66297
0.60767
4.18662
3.35253
8.38238
6.95456
5.16468
1.79742
-6.18541
9.40104
9.68809
11.49292
3.20882
9.11278
-10.12838
9.18818
-8.40187
-13.96361
4.61934
-2.48821
-2.66822
-5.47052
0.94997
-5.82231
-9.19559
-3.71947
-2.70805
-10.72582
5.37592
-3.03488
-9.55454
-5.76713
2.91591
-6.22682
2.47331
-7.35392
-0.08773
5.66615
-1.40928
-3.94471
5.63341
-3.41604
6.24448
7.10703
-4.46309
-13.36399
-3.08565
-0.94632
-4.08524
-2.28238
-4.62065
3.95205
-4.62380
-3.52102
7.86767
15.82969
-8.75502
4.23173
-3.60709
4.47092
-3.61053
3.88403
6.49936
6.66466
-11.99798
6.23770
4.19833
3.15147
9.98653
6.00306
-5.47433
-0.28440
-5.46048
-19.20040
3.86121
-2.77164
8.61260
3.65638
-1.49940
-8.82797
1.31514
12.91004
-6.06310
6.38050
-5.22841
-7.77853
6.35351
0.34670
1.78824
-2.92944
-11.16032
2.34271
1.26075
1.15192
2.83804
1.00628
-13.52960
7.58581
8.34831
-4.41241
1.43870
1.65615
-8.31741
-3.63835
4.41180
-9.36468
-3.02288
7.17278
3.79666
6.20996
3.31184
8.02333
-4.60389
-1.07535
-0.53384
1.68020
-2.95097
3.34673
3.05055
8.99582
14.31795
-2.60609
-1.14316
3.44167
8.22044
2.28442
8.23060
-1.38185
-0.38379
-6.37565
5.67151
-4.51586
-8.02348
4.77084
1.66108
4.45644
6.40874
8.03927
-10.61544
-0.13066
3.94304
-4.12178
-1.67380
-6.23373
-0.38982
2.07781
-15.77702
-2.84960
3.47318
-3.10764
-5.47470
7.25059
2.79858
12.16033
2.93719
0.11368
-10.60615
7.86546
-6.74178
-14.15612
3.12463
5.65607
-4.88762
-1.30636
5.02408
-14.03055
3.76860
-2.38078
-6.30507
12.41843
0.76067
2.62260
-15.12536
-6.46329
3.33588
1.65444
-2.14414
3.27753
-5.50160
6.36325
0.71398
-4.46132
4.27949
6.44239
-10.78323
-5.35760
3.63003
-1.37337
-7.80332
12.94072
-5.04877
-4.22992
-0.49806
7.15779
1.73405
-0.49557
4.80174
-5.47901
3.87003
6.67694
-0.11152
4.63976
1.85527
6.35796
-8.02090
-2.66077
-5.93300
2.96730
6.86221
-4.55671
8.34502
3.16328
-5.40655
-7.82748
14.77663
4.39470
6.14781
-4.94777
11.60714
7.14597
1.92543
-9.85231
2.18979
6.36908
-1.03370
-8.36372
-2.76180
3.75208
1.44248
-4.31056
11.25224
4.95827
-0.94701
-5.28818
-0.50382
-1.58462
-1.11373
4.52690
-1.27267
-4.53017
6.80246
-0.57778
-11.28510
13.71970
1.82126
-2.52989
-5.88528
0.21185
0.96098
4.48330
-5.46099
-6.61763
-11.17874
9.70408
3.94634
-0.77533
0.78886
-5.25420
-9.20473
-3.42073
1.55349
-0.55029
3.82857
-5.71243
3.22428
-0.85135
1.94492
-3.55034
7.98450
-0.67473
4.17286
-4.35214
-11.12852
0.95534
4.54033
5.46494
-4.06595
2.91338
-3.56940
-5.05853
-1.88877
-11.86515
-1.04369
-1.99468
5.49451
9.48547
-1.41021
8.41910
-5.04326
-12.96229
1.36226
-5.92608
3.35031
1.90463
3.97164
-10.89871
9.53172
-4.40711
-1.19286
0.82289
-2.76280
-8.92377
-5.42883
9.95436
13.27270
2.56514
7.63674
-1.36746
0.77567
2.43561
8.90208
-0.73578
6.28197
-17.33022
5.22224
-9.22186
6.21709
-5.34499
-6.78183
2.82831
-5.76422
-8.93194
-6.88523
3.25107
0.76753
-15.60838
-6.06874
-5.24758
10.16687
1.22318
0.53214
-5.33054
-6.70664
2.14761
0.59468
9.67014
-3.65396
-4.80432
-5.96119
-7.74003
2.69176
-10.23291
5.55945
-6.68165
-7.66567
10.21547
-1.26004
4.15065
5.77684
-6.68366
-3.54975
-1.17738
-13.34859
6.48672
-6.33375
-9.42982
5.46913
-11.69484
3.81404
5.29479
-3.58392
8.74273
10.17033
-0.47888
2.97404
-7.58348
-4.51373
-5.69949
-13.69524
3.31864
7.92914
-5.55222
-0.01328
4.29590
2.79666
3.64663
10.03867
-6.95462
6.11565
11.58035
1.68965
18.23706
-5.82386
5.94339
-9.71350
0.44426
2.37597
2.13890
7.37477
10.03066
10.09953
-9.19327
12.60444
2.90827
5.17454
-0.78916
9.30905
6.45263
-5.11247
3.01457
3.43290
6.90462
0.77708
13.20788
2.54858
0.55455
-9.73194
1.53283
-5.22293
-3.02200
-8.26562
-4.67451
-11.61996
5.29620
3.10167
-13.37591
0.50522
5.14152
2.30748
5.97945
0.63209
2.53208
5.10202
-6.22818
-5.05243
-0.36463
9.79213
1.16857
-10.18975
-7.72952
-6.62380
2.21758
0.28118
2.13999
7.28763
10.17324
-5.28542
-2.19904
-15.81677
0.47578
9.19053
-1.35358
-5.34484
12.77611
-7.64070
-14.67780
-4.51813
-11.73153
-5.46130
-3.92757
3.91240
1.15761
-2.44311
10.47732
-5.63078
7.00379
6.08605
14.14173
2.03405
8.06168
-16.39308
-1.18440
3.19230
-7.39501
0.21848
-11.68217
9.03166
-3.52894
4.08363
8.95172
7.96765
11.15071
7.72938
-6.68995
0.26798
1.30706
-9.58773
0.82061
1.43973
3.71032
0.66120
-1.86900
-4.43631
0.40298
14.66328
11.06820
9.19788
-0.60876
-11.94493
-14.86272
-2.87944
-4.11808
4.25440
-4.41215
3.52548
1.60524
-1.03329
-7.55501
15.34135
13.01776
4.84870
-5.08610
-14.10325
-4.20762
3.47595
7.63637
-1.44726
-4.76887
-9.00189
-3.09943
1.33152
0.13669
9.18409
2.68162
-0.53695
5.05991
1.22855
-6.58408
1.76922
2.79746
8.00363
-2.33920
1.15037
6.09526
0.50331
3.44066
-2.65768
11.53468
9.56143
9.12160
-5.22814
5.85039
16.35999
-0.69070
3.95254
3.68102
-3.85388
3.20279
8.16157
6.75826
-0.84358
-0.43397
-9.50984
-1.62039
2.41862
1.61970
6.41242
1.68256
-5.50314
1.80867
3.35899
-3.01657
1.12587
-12.33222
-6.64313
2.85035
1.23877
10.29427
-4.33514
-1.48064
2.13846
-4.81141
-5.36680
-2.87646
-1.25366
5.66900
-4.24783
-0.33432
-11.44163
5.73281
-3.29937
-2.34897
-7.56120
-0.12225
-2.23155
-7.36616
3.89493
7.78428
6.35212
-11.60349
5.81972
-4.11180
-1.29217
-1.34140
-8.69776
5.93215
-2.71192
0.73389
-11.77945
-3.10779
0.04241
5.20956
16.64585
-1.64943
-4.61935
3.29276
-7.13015
2.70620
15.24723
9.10976
-7.34410
-0.01197
-4.89283
10.27241
-5.00698
2.70885
-5.54638
-3.16528
-5.00910
-4.31792
-2.37592
0.06937
1.23547
-15.48363
9.27623
-5.59118
-20.23686
11.12856
4.62245
-6.58314
-2.06749
-5.31123
-3.52298
-2.10653
3.30715
-2.49479
4.22222
9.49434
-0.02161
2.70794
-0.38193
-7.29311
2.33552
6.91851
3.84839
1.72331
8.21335
3.63838
10.58669
1.58724
8.37893
4.04935
3.47277
-0.66536
-3.07576
10.07030
1.96009
6.75830
10.91590
-3.02964
-1.76841
-8.51658
-3.27776
5.27854
14.90011
-2.13082
-6.47203
3.11161
6.27257
4.79387
-10.21674
3.51166
2.71013
7.40160
-8.90461
-15.06243
-5.13621
8.93057
-7.76843
4.82151
-2.05965
15.26949
-5.38503
4.78069
10.02029
-1.42173
-1.16075
9.23759
1.33151
-0.32035
-3.72976
-5.00086
-3.71285
-1.89279
16.80272
-7.84540
-0.45364
2.18666
-0.62543
1.29639
4.74723
0.83714
-2.46072
-13.00365
-3.55239
3.20549
1.04543
-0.00505
8.26616
-6.76484
-5.75366
-2.99465
8.74995
-3.69470
-0.87235
1.44841
-3.25703
-7.45753
3.60889
7.41205
0.69288
11.58956
4.31079
-2.47681
2.19738
-0.53932
-4.33117
-0.44163
7.52830
3.67599
-8.30241
3.58502
0.80149
-1.36633
-0.41543
2.26243
-4.08304
-7.50219
-11.40341
-1.30294
-3.48476
-3.85182
-8.28253
1.53977
3.44153
-3.71938
-0.15315
-15.52960
-2.38282
2.90525
3.14332
4.99139
-11.14268
-9.37227
-17.80211
10.45569
12.40548
-2.64573
3.81031
-0.41400
6.69230
0.57283
-2.23859
-2.46493
-3.42611
-0.91709
13.49202
4.67420
0.22106
-10.94395
-2.82935
-12.06315
-1.05913
-2.43730
-9.71208
-0.19053
-3.07571
-10.85760
-2.46991
5.90655
3.58379
-9.24144
-12.17807
1.15440
-10.53385
-4.97876
-16.13820
-6.86197
-4.69932
-8.59279
-0.03146
0.26419
-13.95883
-12.55380
-10.60635
-2.47494
13.12955
-6.81202
8.74694
10.71824
-9.89625
-7.24008
-10.17465
-2.71078
7.59142
-10.04472
-12.10160
-0.31391
10.47851
4.07062
-5.61440
-9.32755
0.49720
-6.35926
-3.13354
-5.12814
-1.38098
4.09117
-2.55229
4.57137
4.11817
1.74758
-4.87443
-5.46066
-4.90640
3.21215
-3.01384
-2.17636
7.93845
-6.71935
-2.26394
12.89282
6.17912
-12.41643
8.32452
7.45783
0.54949
8.64908
8.33180
-0.03078
-4.10519
-8.19477
1.45907
10.78131
11.75448
-2.68048
-4.60368
-3.22686
-3.00065
-0.42145
13.31178
4.39241
-8.85233
3.37803
-6.98377
1.42207
2.25256
-8.29080
-4.06937
2.35633
-1.37601
5.96710
-6.72197
-9.13506
-9.13595
4.87089
-3.76835
13.29553
8.38661
0.43411
-5.02004
-3.35633
15.27802
-1.63781
-2.15527
9.23637
2.13626
-11.31337
-2.35264
-9.00253
4.72992
-2.11704
3.53017
-4.73126
-6.82136
-9.77071
4.04205
-0.76412
-7.01924
12.37176
-0.85064
12.01900
3.21019
4.28972
-9.37541
1.13176
3.08867
1.66697
11.44965
-7.12584
20.09100
5.85708
7.02381
-0.70427
13.67617
-0.26869
0.51815
12.04166
6.22938
13.17842
-6.13973
5.09091
-3.57403
-8.27614
-7.00827
-4.03661
5.51501
-3.50115
-14.03532
7.24362
13.94310
-2.99234
8.04439
-9.47348
1.52842
13.96289
-6.00237
1.06273
-1.73996
8.92064
-2.29586
0.56349
-0.42370
-5.34342
0.29196
8.11269
3.83616
0.72703
4.15443
-10.96581
-1.83957
1.97201
-2.73263
4.50075
11.13815
9.12759
-3.63029
-1.09957
0.52636
-15.91442
0.44972
-1.01291
0.16971
-3.34379
11.26490
8.04022
5.93054
-12.66763
-7.09904
-2.83859
0.20251
9.69722
-2.02467
21.46311
1.13303
-4.00118
4.19316
7.62683
1.93365
-0.54213
-6.98276
-8.08356
13.46044
10.10054
-5.64522
-6.33804
8.06935
5.03697
1.62276
2.76771
7.07605
4.24065
-9.06426
2.03461
4.73731
-1.14651
9.50121
3.98552
-2.04847
1.80568
14.74296
3.66466
4.56913
7.98035
-8.06844
-8.38782
-3.69343
-13.56943
-2.35957
-2.87562
5.58813
0.13287
8.01537
1.28431
7.31474
-5.15689
-10.10194
-4.24744
-3.44501
1.67298
8.98877
-5.11679
-4.45841
5.55385
1.24946
-4.98865
-9.28724
4.65981
-3.54534
-1.63602
-5.81931
2.14993
-2.38084
2.36693
-3.51723
-6.44062
0.23731
-7.42648
-11.45392
3.79319
7.75712
-5.88406
-1.48327
-6.34156
-9.14513
-9.17012
-2.14290
6.87177
-11.23763
-8.33164
0.36550
-8.34459
3.57586
-0.72450
1.62702
4.05666
1.35762
5.16392
-2.61833
1.32115
4.22590
13.72209
-2.96569
3.32777
-3.92409
-8.00421
3.70316
-15.37914
12.00694
-1.23219
12.13121
10.85436
-0.07552
-3.22293
-15.94161
0.00313
14.25567
-13.87240
8.73562
-5.15623
-9.32032
-16.02081
-0.38355
8.08607
-7.27830
3.14975
0.82114
-3.84233
-2.85777
-4.73700
-3.22115
0.34534
3.90329
1.66133
2.42951
3.49930
-11.33267
-11.62968
-12.19147
-6.97977
6.71549
8.70597
0.99295
-2.69373
0.23298
0.84631
-6.18936
-0.23934
4.70341
9.23013
4.84186
14.41991
3.49024
-5.15147
-0.48769
12.17099
-14.22285
5.08493
7.43141
-4.28407
5.80411
-0.37137
8.20475
-8.85353
2.42427
1.37748
8.53582
3.68722
0.32090
7.31726
-7.58138
2.36092
9.62980
4.07541
-4.11793
8.09208
5.11643
-8.56707
7.12480
-1.97456
1.38450
5.17167
-7.24974
-8.77421
8.78781
9.29667
0.70285
-0.96333
-3.93530
-19.44200
2.30114
5.50081
11.53660
1.42470
1.59518
6.93160
2.86419
0.50209
-1.95678
-9.11537
-4.36759
-3.61148
0.45300
4.98709
-16.13153
-5.71893
-7.53129
8.57277
1.84077
-8.40768
-1.05349
1.34608
-9.16852
-6.64874
6.78196
-4.02894
-12.20131
4.97408
0.35400
-7.28758
1.23872
-10.45965
7.52698
9.09067
3.84035
-14.74791
9.08512
2.70329
8.57526
-4.09523
-6.36756
-7.48737
3.58630
-2.33886
8.38279
5.21154
-6.13536
-2.69103
6.74799
-2.46514
5.52160
12.73978
-1.95501
0.05609
-1.03155
-16.68288
8.26199
-3.49286
-1.37080
0.99435
-1.54184
-5.14709
-3.25036
-1.94360
-1.77269
3.20964
-2.29451
0.40059
-13.70270
4.93943
7.74355
-0.97142
-11.24960
0.36651
-1.90870
-9.48814
0.31443
6.91566
1.57043
-9.49631
-7.62100
-7.61680
6.17628
-1.73568
4.58151
3.12037
-5.13022
-3.99584
5.49041
-11.15396
5.86758
-3.07692
1.74325
1.68792
9.65377
16.57080
-3.78149
13.55515
3.13708
-8.53313
-13.83017
-11.30398
-14.28236
5.91228
-3.81896
-0.01827
-0.86502
-11.56756
3.66329
-0.59127
5.02878
4.22462
-2.17790
1.86551
-6.74254
8.79451
-6.94888
-0.42415
9.66770
-5.35993
-0.85747
12.51604
-3.56279
-0.82781
-13.27769
-0.36839
1.45812
4.57499
-4.60534
2.77135
1.62792
6.71799
-13.21592
10.36756
11.08932
4.27700
-21.12458
-5.16385
-10.18117
9.95014
-3.43087
-1.49262
-10.02123
-2.41025
1.18524
-2.54647
-2.26592
1.02181
-6.41786
5.33249
-4.44974
-7.31907
-2.27989
-1.56945
-10.58408
-4.73477
-9.56413
-2.04391
-0.50313
-9.13942
11.58828
-9.68977
-5.65002
-0.78617
-4.21277
-2.45059
4.98656
3.12809
-2.45512
9.63197
3.61816
-2.42322
-4.27942
-4.13059
3.73876
2.32200
0.58553
-2.43464
11.80737
7.30691
-0.92710
-2.23305
-7.80859
-5.46607
-5.10456
-9.53379
12.48237
3.33319
6.15983
6.28586
3.72234
13.40694
1.85422
3.21303
4.83175
-5.33156
3.59627
-4.13423
-3.30270
3.80457
-16.67109
-1.71304
14.20602
-2.75169
0.15522
-5.44551
-1.58728
2.07068
3.80561
8.47916
5.46435
0.00347
0.43390
-6.08701
1.15634
-10.19528
-2.06026
-6.66766
-4.61483
-2.41959
-7.87594
0.27154
-3.46056
0.59794
0.70871
-5.89977
14.56957
16.05411
-6.10449
7.95393
-4.94276
2.33467
3.35163
-2.23614
11.57822
-0.06324
-4.75532
2.05233
15.25461
9.62710
-9.69351
-7.40168
-6.23664
3.82442
1.34439
-13.01747
1.65682
-6.31172
-2.49572
-3.77106
13.90656
-6.07478
4.14822
-1.40871
-8.32667
4.14449
-3.24670
6.00966
0.18775
-3.55991
-1.05780
-4.15775
1.49614
-0.27609
-9.73174
-7.33211
1.55866
3.66802
-0.17259
1.74915
-2.26041
-12.22537
-12.31256
2.29299
-5.00595
-2.85358
1.42717
10.31370
-10.63869
-11.37278
6.90693
3.60075
-11.45269
5.01444
-15.47711
-6.11231
3.04031
7.08186
3.71999
2.02219
3.28140
-7.51494
11.78808
1.11724
10.48244
3.88046
-11.52170
1.36865
-0.50851
-7.61850
2.27370
-7.34448
-4.86040
7.90694
-2.04476
-2.78864
-2.76335
7.88920
5.28426
-0.73761
-0.14435
6.96972
-2.28784
-1.62796
10.24258
2.36387
-4.80709
7.53370
-3.49253
2.28719
-5.66297
0.46856
-2.09252
-0.14235
0.44249
-7.45748
10.16263
8.87400
13.11725
6.79053
-8.02960
0.58535
-0.96201
-14.16819
6.61690
-2.32049
-5.56649
-3.07294
6.07694
0.54505
6.22774
-8.83500
8.59238
-7.04546
-4.47749
-4.12376
-10.85156
-3.88795
14.69035
0.34108
8.14373
-0.36266
-4.27443
0.85173
10.25851
-2.65711
5.44412
-3.01259
10.65187
-2.89865
2.02395
-5.56085
-7.07007
-1.55640
-4.92836
2.00996
11.48110
4.08280
-3.70037
-6.15408
7.51638
4.19645
3.81824
8.64606
-0.71770
-4.12022
12.14277
-7.42142
6.63171
-9.22539
-6.36747
-5.08331
-0.80938
2.09600
3.67028
-4.99627
-5.86138
14.13798
3.73343
3.86257
2.64234
1.39593
-2.24386
-4.54518
-10.43320
3.62869
-3.30687
1.79859
11.62658
6.54405
8.93497
13.79938
-15.16660
11.22262
-9.80827
-1.03971
-12.59115
2.03000
-6.56104
3.59014
6.44649
-5.20756
-0.36767
5.95376
-6.45806
-16.69117
-1.92093
0.24830
-1.00215
-10.28864
0.81116
-11.90174
8.03644
-0.76531
-13.37651
-5.84977
-2.58029
-2.52468
-3.41110
-0.83658
-6.65785
-0.27420
6.25780
-8.99339
0.89152
-2.17936
8.47478
8.09572
-10.41578
13.98779
-1.55011
-1.12847
6.11675
2.53406
-2.74710
-0.27480
-7.89670
-1.99120
9.69937
5.04220
-9.25113
-9.11250
16.28327
7.36576
3.94907
-11.89618
-12.46316
1.24894
-6.22191
-3.74001
-9.05995
4.26579
4.27877
10.38329
-0.92040
3.64000
4.31388
-4.78983
-3.17387
6.08430
-0.15980
4.11287
7.37578
0.15651
8.32538
5.35445
2.92724
-3.02163
3.60421
2.48767
-0.66318
10.89356
2.64206
-8.54146
0.49742
-6.90055
4.48310
-11.98923
2.08937
-1.29196
0.60489
-4.75253
2.96525
-0.73544
-2.12051
-2.22883
-9.59983
-4.08317
-0.64383
0.74325
10.19337
5.23958
5.97224
3.70346
-3.96017
-6.75765
6.45411
4.08966
-2.49389
1.46545
4.08843
-4.08202
0.56214
-8.86476
-3.27436
0.44176
-4.15569
-8.78314
4.07647
13.94697
-2.32589
2.22620
10.88192
-0.19117
5.30710
-2.61384
4.07809
-5.62404
5.55239
1.83980
-4.01689
-9.38084
-3.04391
5.83498
9.20520
-4.61730
4.16989
-3.19865
-1.59834
4.77482
0.96648
-3.12050
8.35780
1.66385
4.67783
3.97878
-4.39974
10.31556
-3.35809
-10.91186
-10.32745
6.86098
6.71390
4.36506
4.19947
4.71633
-8.70601
3.28187
5.28009
-16.16118
5.89095
-7.65933
4.12271
-8.81805
-4.44582
8.05264
-10.70107
-0.17574
0.34006
4.32629
8.65734
-10.76421
6.95504
-0.33302
1.50700
-11.88905
6.86317
0.17063
-8.33028
5.38555
-2.76737
-3.04681
-6.65503
-0.40296
6.74635
-8.46390
15.76180
4.63262
-11.13418
-1.12473
4.86324
1.99447
-1.07457
4.98762
8.96938
-3.66775
-13.79010
4.61991
-0.46309
-0.97323
5.42682
-2.62741
0.86156
-17.65109
-5.29896
5.51707
-6.65466
-3.40291
-6.75986
-6.56786
1.23306
-6.05730
-1.25031
-17.11934
0.34255
7.99170
4.85658
1.30023
-1.41328
-2.43868
-3.44414
23.91794
1.00898
-16.92925
-1.90476
-7.20722
-0.18005
5.06634
0.63321
7.43197
5.46503
3.49601
5.45107
2.61805
-11.69490
4.42740
-2.46553
-1.80240
4.78536
-1.39569
-0.26046
8.00325
-13.13361
1.26269
-0.67426
-3.85511
7.81168
-5.22070
4.25987
-0.50538
7.05279
-5.52608
0.08639
4.37374
-1.92222
-7.02110
-10.05612
-0.43506
-0.29191
4.19257
-0.55363
7.75764
6.92887
-6.53369
7.42036
9.36148
-0.48215
-0.04959
9.61945
4.00533
-8.39493
2.80232
-9.02114
-4.42989
-1.90259
-13.17620
-6.47311
-4.55972
-4.85657
6.73908
-5.26942
-4.66425
-14.58145
6.97546
13.77908
-8.32855
5.94701
2.51131
-3.80242
-0.63488
6.81548
16.08181
-6.47721
8.68739
-9.05227
5.78581
7.50090
-3.11727
10.14811
-2.77397
8.46569
-6.23222
2.59422
-7.14744
8.41389
7.55532
1.49912
-7.20648
8.89316
-2.90799
-6.80076
3.31547
-0.95461
0.48223
6.40810
-13.28980
-2.01140
10.80950
19.40149
-6.98237
-9.33504
-3.13022
3.70366
5.05942
-7.72142
1.17660
-0.28088
7.60465
-10.55881
14.82907
-2.60971
-11.06135
1.75200
2.57231
3.19440
2.57889
-3.04674
-1.64765
1.72872
-0.91711
-0.49026
-5.17158
5.91329
-6.30074
2.96095
2.23987
-3.62164
5.61293
-5.92472
2.20916
-9.18584
-11.42288
-2.09842
7.85501
-10.42625
-9.22416
-0.43163
6.57904
2.22202
-1.32290
2.51664
-7.28395
-1.08520
6.72044
-4.65147
-7.08652
-2.96050
0.17825
-1.37092
-0.01368
-0.80700
-10.63539
-2.00424
-1.80670
-1.09790
2.38228
7.41133
1.87123
3.54623
-1.01238
-2.21439
-1.60087
-11.13470
0.87940
-7.93120
-13.53619
-3.92824
-4.93057
-0.44682
-4.49660
6.83821
-2.90237
4.74871
4.81443
5.96561
-3.68743
5.42193
-6.74793
6.06120
-0.96868
-5.78967
14.02218
6.83129
-6.73063
-11.53160
-5.69877
4.33978
4.15753
-6.34355
6.81126
1.39568
5.93044
-17.85514
-1.68058
1.53269
9.81431
6.37195
0.79630
-2.59814
-5.74830
1.35565
1.41940
8.99182
2.47246
3.49970
-9.71112
1.73059
-4.90297
-7.53344
-0.29994
-18.23315
-10.40108
6.86992
-5.38226
-10.61550
4.57284
-11.71268
10.51219
-1.10515
17.90442
5.25923
-3.27139
-2.15704
-2.03129
7.95972
1.89271
2.53393
-10.71306
6.22371
-17.61987
6.50749
1.14797
2.24459
12.32399
8.25557
6.52034
3.07557
-2.32961
13.50583
8.79850
-6.57404
3.51013
0.22196
-5.67300
9.27696
15.11797
10.36299
15.24500
1.14811
-3.31191
-1.38143
14.64968
-1.15344
-6.90984
6.39624
-5.58932
-7.75236
0.93769
0.27949
3.13859
-13.14008
-1.13106
-0.20030
-8.08964
-5.73635
-0.80705
-10.09527
2.02849
-1.90181
4.39998
10.72291
-9.28891
-15.72625
-4.35209
-11.10409
-4.99695
-6.16786
8.87411
-0.28166
3.98452
-1.56413
-0.61552
6.85799
-0.52089
-5.25578
4.37699
0.19993
13.40429
2.57432
-7.07717
0.37106
4.41302
5.93820
5.62476
-3.96100
-2.24255
-10.29469
0.44792
4.11403
-3.71288
10.37633
9.95274
-10.56850
4.32835
3.11271
-0.11111
2.29970
8.84764
-8.95664
3.39244
0.46915
3.61116
1.94738
7.05144
0.45319
-0.16686
-1.51360
0.43542
-7.18436
6.20939
16.55367
1.14190
-0.34073
-0.61554
5.83191
6.69449
-7.35572
-0.01077
-9.97043
-3.91847
-14.92041
2.64483
5.29716
11.56459
3.31705
-1.12144
-4.13978
9.09348
-1.30952
10.89702
0.48081
-5.43153
-15.65252
-0.68033
-9.95884
0.78254
0.32222
-1.43797
1.20728
-2.21932
-1.65616
1.66308
11.85104
7.30781
6.70486
2.71645
-4.38524
2.56630
0.75759
7.18461
-10.49153
6.08532
-14.32120
-0.77021
1.96556
-6.64550
-1.49434
-3.55531
-2.64508
4.18085
2.07168
7.32244
-1.71600
-1.26816
-3.32341
6.13957
5.01881
8.40737
3.17003
6.85163
1.94689
7.45916
-7.18528
-2.90472
-3.86138
-1.80768
-4.33131
-7.58932
-13.09576
-7.47692
-2.94182
-11.25742
2.58426
4.51882
-12.51568
-1.12690
-5.00414
6.26078
7.59472
-9.15366
5.41161
-1.59378
1.12014
10.18124
5.55806
0.12027
0.68404
4.05697
2.19609
2.13620
2.81567
-17.56730
4.15741
-4.72288
7.09892
1.63425
-9.70216
-2.81631
0.94008
-3.78383
-0.20506
-1.74500
-0.83134
11.26551
1.97735
-8.48675
-1.64658
1.84112
4.92732
-6.25707
0.32461
1.80012
9.06542
-12.96887
9.42048
-8.05200
-4.44515
-7.01287
6.12467
12.03737
4.75597
-1.93206
-2.02173
19.48781
4.99560
-3.38910
12.52027
-0.68578
4.63574
2.37129
-0.01611
8.20800
-4.83063
5.98234
6.67244
-2.07516
3.33514
-2.14309
4.33484
-5.95061
2.93966
-1.21224
-10.17023
4.19460
-2.75374
1.42237
7.90208
-8.15822
1.69611
-12.57729
-5.21564
-4.09812
9.51898
5.54028
-4.78351
-4.55392
-0.96817
-8.80424
-1.83942
3.74263
-2.88560
2.52476
2.49863
-1.33685
-7.70667
0.56723
16.27244
-3.23154
-8.36399
6.12555
3.74594
-6.90284
2.67477
-2.25025
-4.75403
5.14825
-1.93875
0.63591
-4.17337
5.00458
-1.84304
7.59807
8.19683
-3.31569
2.33810
5.18157
1.21516
4.73403
6.51544
10.31321
-4.51776
-9.24806
-2.57174
-5.41729
-11.45250
0.50161
-4.14722
-4.79611
5.47431
2.78902
-1.14912
-8.59683
-4.95276
-0.69538
-17.53365
10.15021
2.30325
5.97703
1.09177
-1.75549
5.89364
-5.30529
-3.36773
0.50805
10.26216
1.54784
-0.90475
3.51566
-3.44938
3.28765
-7.03904
-13.22578
-8.73980
-8.99425
8.42092
7.50789
11.34133
1.52610
5.65533
-1.36750
-0.14533
0.01596
3.48546
-1.45273
-3.24649
-5.20877
-11.45788
-7.22869
-1.69967
8.73235
5.13776
1.73349
-1.09209
-9.15418
-10.17085
-2.53615
3.67889
-0.78542
-3.10340
9.46027
0.07766
-0.44012
-4.96827
9.33320
1.01201
-3.45713
7.40110
2.32006
-9.38888
-4.61090
1.41647
-7.02623
-7.00802
-5.63944
0.56027
4.19005
-3.42043
-4.15450
-2.30904
3.56503
-2.63840
-9.35102
6.47403
-1.81074
3.45006
10.05340
2.34549
4.25371
-6.79386
-2.07429
11.49105
-8.01075
-3.89598
9.56457
-8.80754
-0.74416
4.52938
9.21278
2.52804
-7.26115
0.50146
2.59510
-10.68560
3.45768
4.38942
0.28132
-4.41848
5.22310
16.52981
-0.75626
12.46691
12.01488
-3.95550
-4.96282
11.42025
-0.78484
1.78464
9.02364
9.17821
4.40710
0.38228
-7.94527
4.35721
5.86095
3.19829
7.79762
10.38988
-10.25257
-1.26216
-0.83515
6.57273
-1.32844
-7.79063
-2.61494
-9.32975
4.54621
3.43731
7.43322
-2.55785
-11.76253
-2.98488
-7.40690
-6.34168
4.78317
-0.93614
1.13115
11.29254
4.53601
0.39166
-3.70650
2.85019
-1.84343
2.66032
-6.58135
8.30722
0.86866
-3.24123
3.75314
-3.66581
7.15745
9.79806
6.40937
-0.83622
-0.51913
-1.05938
-1.20892
8.88304
3.40334
5.84471
0.91607
7.06971
-4.59477
6.67514
-4.03192
-6.37195
0.10078
10.93213
5.71900
20.85893
-5.35537
6.36866
10.02609
-6.12371
-10.16119
-8.78956
-2.26995
10.01441
6.58600
-1.37294
7.62779
9.64162
-0.83584
1.35758
-4.75334
3.23916
6.24927
-4.30046
6.78158
11.31768
-7.28711
1.44260
-1.79569
-4.91770
-1.97099
3.79795
-2.79940
3.05866
2.30595
12.21755
0.75973
-4.75016
-10.10115
6.65331
18.15065
0.43203
7.84001
-2.72446
2.64503
-6.71076
-2.69656
-6.37304
-1.25171
4.65973
-4.75204
1.48523
3.91643
-11.69893
1.20173
5.15586
-0.66152
5.09400
-3.98820
-4.74051
-9.61819
-8.61744
5.77972
-0.24141
-14.86709
7.57543
4.98621
1.02166
-3.85802
-1.78589
1.93713
-2.90691
-4.98755
-13.76544
-11.29507
-4.93173
-2.11583
6.79204
6.95987
4.06490
0.82946
6.50665
-0.09170
-4.56052
-0.64383
13.46137
-0.83270
-1.54583
-10.17044
-4.42890
4.29606
-5.36300
6.86718
4.32928
-11.06245
1.38562
-6.57909
6.58190
-12.36568
1.36137
10.16669
-8.75539
-5.24619
5.23396
7.11981
8.82770
-7.01028
10.52277
-16.61135
2.84010
6.05382
-6.50111
-1.03085
1.52726
-4.57822
2.93266
1.30094
-1.25667
-11.84838
-3.97274
3.18976
-0.79636
1.77281
6.76380
8.72256
6.93814
-2.41628
-3.30065
-9.50314
9.02300
1.07060
-11.31547
9.73384
2.38386
7.08713
-4.14946
5.81956
-0.19220
-6.21563
-4.20188
6.02917
-11.80245
9.02569
-3.39513
3.84379
9.71908
-4.73015
-10.61636
-4.50668
1.64069
6.03165
-11.07616
4.57869
4.42665
0.72690
-4.74771
-8.66163
1.92556
-9.13058
-10.57086
-0.50739
-1.52268
-3.65401
10.00094
-9.08190
2.20916
-9.59708
-1.37729
-2.83455
5.11369
0.06415
13.56725
3.01316
-1.99349
1.84121
12.06033
5.27631
5.44418
0.82805
-2.29213
-2.51451
-3.58117
5.08827
5.44742
2.98789
4.48048
-6.40906
13.83799
-0.02581
0.13283
1.24514
11.20603
0.74782
0.14700
-1.34047
9.93853
-1.23187
1.67730
14.47151
15.62732
-3.42445
-0.38707
-3.93464
6.15014
-16.56520
-3.63561
-1.52399
0.37835
-9.84455
6.42269
-8.72373
-1.47373
-15.42938
-1.01763
5.40841
0.24931
-4.00704
-0.33015
11.45389
1.22772
-14.07741
-2.26743
2.53821
10.68286
-3.85746
-3.53601
-4.25041
10.58195
0.01288
0.38709
8.05924
-4.03187
1.33648
-1.82303
-1.88136
3.52484
6.63120
-2.69011
-0.27401
8.39115
-10.46716
0.36264
10.38060
4.87784
-6.80388
-9.29108
-1.28866
-4.05285
8.30516
7.70601
-7.24366
13.59220
9.80248
-5.81617
-0.89812
0.31659
-2.92609
-14.40627
1.98493
-2.48704
0.94452
4.39019
-8.75826
1.05949
7.39028
-4.22921
1.19826
1.19894
5.51848
3.92401
11.98375
2.81785
-13.20403
-0.57984
8.88514
2.15607
-4.20800
-8.72318
-1.56951
4.59212
-11.84078
-2.69755
-2.59528
4.47416
-7.04689
3.93355
-0.67267
2.02158
1.83270
-0.31781
-14.11272
-1.51969
1.58744
-0.41529
-7.77428
10.39339
0.53779
-5.61794
7.10546
2.17428
-0.28842
-4.51283
3.90696
-3.07293
-5.38408
-0.55668
-3.78540
-7.50692
-0.85922
-2.52592
10.03463
2.39484
-11.64896
-2.73198
-8.68041
15.31316
-10.37781
-7.00201
-7.82313
-5.52021
-3.64634
-10.11766
14.63831
-6.59355
-1.65216
5.54617
0.02327
-6.45617
-1.46567
-4.26016
-2.86232
1.09403
-2.41157
13.98196
5.88517
-7.15911
1.65499
15.61949
1.45801
-7.56325
4.47907
-9.47251
-4.11971
-8.58690
-2.56929
-2.23525
2.39798
5.78443
2.65687
0.73006
-5.85708
-9.66492
0.15170
-12.21949
2.98292
-19.26000
5.80648
11.85112
2.65546
-7.69693
0.17985
4.18449
1.17854
-0.41904
3.70146
-15.51654
-2.75330
-5.48540
-1.57428
-0.34135
0.63666
-4.73889
2.25548
1.46454
8.35643
-1.68278
1.88953
-10.93101
-9.61241
7.38245
-3.74296
-11.37741
4.85232
-3.87333
-4.10688
3.44043
-7.43986
19.70093
5.50750
-2.17409
0.57843
9.18850
-8.52330
-11.35725
13.42423
-5.49115
-9.62324
1.81942
4.27274
1.35215
4.84338
-4.43599
10.84836
6.83877
5.73631
-10.85517
-0.72146
-3.73942
2.12668
14.06086
-1.84899
9.47417
0.99328
4.37948
-6.68035
3.24781
-6.05526
0.79727
1.10063
-4.16796
-0.71923
-7.40648
-1.40053
-8.33348
-7.85297
3.22466
-2.86849
-1.35129
-11.81190
-3.60267
-13.38323
-1.99525
-5.94371
-10.98901
-0.64725
1.03437
1.68480
-8.30813
5.97488
0.84100
7.55063
2.28771
11.91616
-0.02919
1.99090
16.25074
-15.46617
-8.73260
-4.86645
1.99820
-2.00393
-10.36276
-7.54558
-0.81511
-9.91713
-0.37534
-5.49278
8.59462
7.92347
0.03743
-10.71124
3.86856
-15.88158
0.52123
3.38837
2.82961
-5.13947
3.80951
4.49693
-6.98038
-0.76849
1.91984
-8.80198
6.45864
6.64837
6.75857
-10.34515
-3.56244
0.99857
-5.08539
0.37011
9.78069
-1.56985
-3.52245
-12.05136
0.46749
10.20461
-11.62230
4.40795
7.92576
-0.91854
-8.53985
-2.39092
-6.43741
-4.27013
-1.86446
-0.28019
-2.98743
4.85181
-2.61175
-3.48264
-3.68558
0.64095
-3.74250
-5.81796
-5.41963
13.08003
4.29150
-2.90955
13.93114
-6.03909
-8.12696
0.62812
2.39371
1.16938
3.26162
2.06544
5.10075
5.69156
-5.54176
4.10623
15.46967
2.93860
0.87888
1.64640
-0.25160
2.09328
5.49862
4.59374
-17.28646
-1.36322
2.74502
-3.89075
-6.05396
-5.56556
-14.20489
-8.53667
-10.73951
-3.79696
14.54171
1.63567
1.07396
11.52564
0.77406
0.10935
-6.62849
9.60309
-1.16668
2.99294
-0.64269
-9.42621
-1.34953
0.27503
0.02976
-6.71544
-5.01852
6.06516
-1.20132
6.54335
-8.95689
1.13113
2.37307
-11.68773
10.11580
-6.01169
0.82426
-7.48366
6.01310
0.51080
-12.13987
-12.95739
8.28458
-7.18264
-11.40043
-0.02406
8.75779
5.91997
5.79903
-4.15146
7.34535
0.02110
6.78433
0.09858
0.54513
3.21503
-4.74874
5.14056
-1.92987
-7.38802
1.81658
-13.50740
3.58171
-14.76585
12.12925
6.92275
1.26210
10.16000
-1.69401
-3.45943
3.84258
-5.20223
-1.42974
-3.79351
9.63676
-6.89004
7.13336
-4.58529
1.43116
2.24314
-6.42982
-5.25934
1.51341
8.22631
-0.11582
8.98719
-11.34483
3.79233
-5.65497
10.14736
2.71356
-0.44893
-6.07712
-3.92178
-8.93600
6.01808
-5.63533
8.12941
-6.83105
-0.83554
9.46854
5.45383
3.92565
4.64210
-8.27287
-14.74586
-2.32786
-0.59264
-8.91953
-3.88617
5.01314
8.18638
-4.39676
11.52449
-0.09961
-4.09497
-0.67913
-6.69394
-3.29583
8.22279
11.72654
-0.25891
2.62980
3.38676
-5.28674
-9.57623
-6.09540
-1.72688
-2.80609
10.83200
-13.37670
1.95972
9.03901
5.70466
-5.52710
0.47768
-6.39508
14.41292
10.96410
14.39805
0.80198
-1.36869
-9.23094
-10.41829
3.95278
-8.47279
14.81172
-4.06129
0.53435
20.64074
2.01191
-6.43745
0.44933
5.51399
1.47866
3.91435
-0.98502
6.59173
-4.39707
-10.07839
-5.23266
-1.74926
0.57006
1.36917
10.89190
-2.66183
8.37433
6.24178
12.29815
-2.30018
-7.68113
-4.69230
7.55530
4.13754
-3.84356
-11.73674
-8.15206
-6.40376
2.19360
1.90265
-1.39009
4.12557
-4.77997
7.34895
-4.27828
-3.08058
7.03843
3.97548
-3.06626
9.14833
-17.02166
8.12455
6.60258
-0.39054
-13.62793
-0.14677
-7.20240
7.15005
-12.10472
-2.82770
7.19106
12.00660
-5.73466
-1.00828
3.54642
3.77545
-7.89863
-5.52048
-13.84347
-9.42409
-8.41621
12.15318
-8.42384
-11.52907
-7.81072
0.44186
-10.50683
-0.38637
-0.29247
-6.27793
7.65089
3.64162
-7.45233
-12.64360
3.58850
-4.87848
5.66384
-3.90056
7.96336
-3.64936
6.13659
-0.58077
-0.37915
-3.82973
-7.12102
10.93999
2.63546
-5.73991
-12.53492
-0.19499
2.11403
6.65485
0.22927
-14.13310
-4.22647
3.16221
-4.28314
10.51478
6.19245
3.54227
1.44847
3.11045
-5.78568
4.07373
-1.75617
-2.24714
2.08244
3.61312
-5.65515
8.31718
0.28377
1.39132
9.61274
6.75643
3.90079
6.57098
-8.87546
-8.95083
-0.05940
-8.52943
-1.24143
0.43680
-0.50003
2.54885
-1.83140
-3.42082
9.75624
2.86392
3.39503
4.72269
-4.40707
0.80402
3.48633
4.79312
-11.63944
-7.38983
-1.97208
0.17870
-2.69617
2.47915
4.94351
4.99081
3.92308
-2.92568
-5.78675
-5.08261
8.87180
-5.38390
20.43181
6.03338
-6.65015
-13.95895
-9.89820
-0.09987
2.17644
0.28851
-3.24503
-9.01863
12.30419
-6.44001
4.43913
6.71590
2.45075
-4.39842
13.63419
-3.42186
5.64445
6.11712
11.04898
4.83904
-0.86156
-0.49105
0.62262
-4.80566
10.85222
9.40534
-1.39416
-1.56195
3.67749
-8.31627
-7.34273
-13.87765
-1.12888
-2.98517
-3.97998
2.37281
4.48575
8.65405
8.76910
7.28457
-0.74716
8.63917
-2.27408
-8.82806
5.13083
1.71692
0.96423
-1.53958
-12.87811
0.52969
9.49647
-9.16780
3.78166
-9.56104
-9.09854
-8.46814
-3.46414
0.15992
-1.11580
-4.55196
-7.90876
0.35246
-7.75051
3.78099
10.31604
-0.69171
-15.63886
-8.23584
15.39333
1.59222
-2.47133
-3.37992
-5.52376
4.97728
-2.48372
2.62002
-3.19398
11.04065
11.73318
3.45041
3.40306
1.71735
12.97381
11.46113
-3.22490
-6.05558
3.39785
7.35132
3.48334
-11.79470
5.39525
-10.99478
12.93312
-5.82464
7.24404
-6.66860
-9.07704
1.28242
2.79130
-2.91837
-1.61067
-11.02999
-7.11976
-0.78572
3.11711
2.68141
3.83426
3.92256
8.36907
-4.74489
0.54024
2.39315
-8.85042
0.15866
5.07763
-5.91115
-9.53899
2.43964
3.74993
6.50281
-3.18915
-1.55455
-4.44251
-4.33049
-4.71516
-11.91239
3.04699
-0.64902
-18.46685
7.90155
5.11634
-1.68430
1.14249
3.00450
7.56209
-9.64609
2.97687
1.15541
12.11295
-4.15870
-6.20659
6.52867
2.49987
-2.27703
0.43548
-0.94818
-0.49571
-4.05645
4.20972
9.16538
-2.25939
-5.08459
6.67947
-5.44579
-5.61554
2.76820
-6.30205
7.74648
-7.15603
-9.42747
3.02969
-2.07014
-3.22270
-2.51732
7.22729
5.61952
10.78535
6.22985
-1.89924
-7.51292
1.41889
-2.13622
-4.80226
5.76695
2.73137
-11.62453
2.24404
0.52953
-5.19086
3.45570
-6.10921
1.64630
9.50893
-5.17625
-3.37060
5.45959
2.67283
2.01037
9.30639
16.25976
8.80026
0.40669
5.85067
-1.95948
-10.77856
0.28631
7.36664
2.82387
5.27946
4.32000
4.16759
-4.23612
6.60811
-7.43641
-3.40131
5.06391
-6.54996
-3.82084
-5.49787
4.29118
13.67301
2.90097
1.42834
-5.68075
-0.37474
-4.36776
-5.79949
-10.70822
-2.02809
-4.68132
-1.32906
4.96078
4.75518
8.38306
2.89268
-5.02535
-3.56741
4.06937
-9.47177
-18.34308
6.47446
10.10758
2.29378
-17.44769
8.99047
-10.00232
0.65242
1.71810
16.38315
-9.12616
-5.83529
-8.96944
12.72025
8.50052
2.92558
-2.99328
-6.00612
-5.95868
15.75772
6.25325
0.22190
0.07292
4.96834
12.95158
-14.43750
-1.95686
1.56230
-13.30948
4.02344
-9.21500
-1.61901
18.86165
-7.42468
1.51169
-3.13001
-20.94288
8.72508
-6.85872
0.42211
4.76580
-2.57919
12.31005
9.84758
7.42850
9.49283
-1.70981
-6.21092
1.28640
-4.08608
-1.66416
-4.50310
4.82766
-9.92471
1.32226
11.84835
1.60681
9.62328
-1.93622
-5.55219
3.91774
8.64772
4.48300
-0.71704
11.36178
14.55664
3.55023
3.90166
2.61795
1.35478
-13.22745
10.65789
-9.34014
8.91431
11.17133
-3.05848
-1.47779
4.89328
-4.82425
-1.30918
5.30018
-7.55548
3.90197
-3.79766
3.63085
3.79185
-6.95772
-2.63519
6.66616
-0.33174
3.84943
0.75652
-2.19137
-9.40697
-9.39282
6.26199
7.68809
-5.00398
-0.87487
-4.40361
11.35925
5.87103
1.13020
10.22757
-0.18856
10.04424
12.08226
6.26707
-3.06561
-2.28061
12.32115
-8.49675
-1.04736
1.89550
3.68617
2.81588
-4.87291
-2.17389
4.30574
-0.30866
-2.29159
2.24931
-7.15595
7.97301
5.16482
5.27997
-7.74140
-3.18347
-9.04754
-4.52810
-1.95195
-0.75472
-5.60948
-0.94950
-6.33829
9.33211
-8.09451
9.26579
-6.42540
5.77661
5.10823
-2.03253
5.31315
-2.20672
7.58396
0.93587
-0.54754
-1.40374
-8.56398
4.94170
-7.22905
0.58220
-15.24060
-0.25829
4.69134
4.70763
6.05353
-3.41743
-5.77905
7.55696
10.66647
3.29293
0.15469
7.82293
-3.31331
-5.27827
-2.75351
-10.71281
12.93884
2.01618
-4.56506
5.79020
8.67439
-2.31730
3.69336
10.97342
14.51169
-7.27767
-10.56010
-4.99545
-7.38204
8.55755
0.16908
-5.87504
1.54760
2.37227
-3.30523
7.55148
-1.37028
-1.81058
-10.76137
3.11457
0.38292
-3.24116
-13.17073
13.83267
0.48248
-1.56234
1.88321
-1.77989
-5.43864
5.51876
9.52924
4.02171
-1.35283
4.72620
2.02404
-1.79635
6.25552
-2.66476
1.09560
8.24046
6.83474
-6.29829
5.95313
-0.69158
4.45893
-3.25136
-9.04757
0.10327
3.19414
2.78124
-8.01066
11.43182
8.43234
-0.75770
-17.51753
-21.65549
2.58216
8.95333
-8.10242
-6.79268
0.02312
3.08717
-8.26259
9.66132
-10.82523
-0.91911
-0.89670
14.07681
12.75727
-0.23017
12.06318
2.04817
-4.26693
15.28626
4.64067
1.87973
-12.94107
0.16918
-9.08950
-3.32635
5.67002
11.08845
1.17947
7.14902
-1.00592
4.78091
-3.68976
-5.09708
-1.39700
12.50137
0.58411
-1.67387
4.88374
5.04158
-12.59471
6.82309
-0.39242
-3.65858
10.87468
2.71675
6.46649
-3.78119
6.30408
1.12852
-2.65726
-3.66830
-0.53563
4.08265
0.22424
0.35790
9.52057
15.60905
-11.01918
5.39723
0.16205
-3.54213
-1.97550
-1.64797
-5.03753
-4.47683
-0.68452
10.87869
0.72044
9.28048
-0.30809
0.38863
9.78958
-1.19751
2.53010
-6.53363
6.23058
1.57054
-5.54136
-4.68800
3.29770
-13.04336
3.69408
-3.70703
-3.63339
1.96388
12.79279
-6.03236
-0.25281
7.36983
-1.54829
-9.46881
-7.62037
5.42283
2.34705
12.62894
-4.77827
1.46458
18.97595
8.52566
4.98358
3.87476
-4.94180
15.63805
-4.26466
-2.43467
-1.17581
-11.59776
0.67185
6.14645
-5.74616
1.04524
-2.07587
10.18398
-10.64458
-2.04084
12.38223
5.59130
4.16577
14.04791
9.30321
17.32008
3.86792
-2.52314
7.25378
-2.20372
-3.12347
3.90329
2.35190
0.49461
-0.89107
-3.17999
7.73800
-1.84914
-8.06169
2.42848
-3.45409
11.97284
-3.23179
3.08432
-14.96982
-4.60612
4.20400
-3.02695
-0.48009
-12.15744
-11.39872
3.38947
7.90662
-1.93609
5.74009
-9.00170
-1.05788
6.91373
-2.08086
-11.06161
-8.64361
4.18969
-3.85928
-3.07578
6.69072
9.75895
4.06733
-0.43952
-4.98225
4.64673
-4.62814
5.27800
-1.00405
-5.12208
-2.55522
9.20005
-2.14508
-8.04220
-7.33338
13.57405
-1.57509
10.39483
-4.55585
-14.31674
-2.35134
-1.13810
5.12164
7.33800
-3.55508
-7.00334
7.95508
9.32814
3.23282
1.02731
-7.54590
5.81450
-0.99640
0.91983
10.17340
8.91510
-3.77602
1.18879
4.08598
4.32029
3.88341
-0.27672
-0.22262
6.20851
2.51656
4.10351
-0.03890
1.53549
0.80944
-14.46331
0.46436
10.79616
-0.01759
-3.06927
6.25469
9.52138
2.40631
-6.13566
-11.60134
-0.15406
-4.83445
-10.46437
1.59690
-2.89834
-16.41448
4.95274
1.70870
-0.51652
-16.59726
8.03886
3.25673
2.91452
-1.71579
-6.03549
0.78469
1.05936
-11.94509
-4.49523
-2.97779
0.52195
-1.65297
0.90558
6.04962
11.85730
-11.28161
-0.02375
-1.83929
-4.98953
5.31122
-0.64802
-3.10356
-10.79088
1.47812
4.41513
-12.86959
-7.34666
1.77414
8.23508
4.13246
0.72016
-3.87249
-8.98530
3.20764
-5.15856
-1.63636
9.47207
1.34611
-6.69306
-13.87853
10.07056
5.26163
3.13917
4.13531
0.21027
1.77550
10.80333
-2.28200
6.94724
4.05102
-2.66968
0.86840
-6.19657
-4.84184
-2.15858
-2.88882
7.31641
5.25191
0.89750
-2.40709
6.55039
11.27892
-0.56523
-8.31040
11.63386
8.65204
-2.17385
5.73429
3.44340
5.44379
4.06383
-3.00502
1.74187
-0.11820
-5.60450
-2.14169
-5.08271
-9.01723
-5.30432
-2.08089
-3.26488
-0.91172
4.63396
-3.90989
-5.36902
-13.89127
-6.67024
4.05824
4.51154
-4.88664
-4.93411
11.96412
2.95197
10.62272
3.84924
4.60328
1.51893
9.49369
-1.48182
5.11883
2.07131
3.05696
-4.06570
3.51741
-2.88279
-5.88485
-6.03222
4.74808
13.34788
-6.34977
8.77512
-0.92868
2.33190
5.94268
5.47254
3.98623
-1.13182
15.53707
17.32592
-4.02044
4.91953
-9.60773
-9.43526
-9.83567
9.42212
0.58206
1.79856
-8.70818
-3.47752
5.37743
-8.71779
3.04608
3.80686
-3.83396
-2.59621
0.31351
9.47138
2.92581
14.23034
7.77482
12.12391
0.40683
0.02904
1.65172
12.02187
3.88076
-8.57062
0.68696
1.98996
-2.67524
0.99806
7.28939
-12.86289
17.75296
-0.88381
8.35371
9.66143
-8.80403
-3.96350
-12.99018
4.49873
-2.11884
-2.28260
0.67683
5.09810
-2.00066
-0.28432
12.22050
-10.83705
2.90028
6.03144
-0.12073
4.03495
7.41533
0.94726
1.06264
1.31800
-7.43047
3.13745
-5.23083
6.40799
10.00920
-3.01535
0.45137
9.41854
-3.71392
6.14048
2.32281
2.47206
9.64826
-5.82196
2.48404
5.84310
-10.24474
-4.68127
0.42212
5.20844
8.01575
-11.03937
6.51294
6.17691
6.46263
-5.79408
4.75506
-0.81212
4.68105
5.18932
2.68331
-0.00291
5.36896
10.49849
1.90978
-4.41517
3.26421
3.97943
16.70804
1.27774
-0.34453
-8.89473
-4.11735
1.92723
-1.28620
7.74546
1.52365
5.21174
2.08295
-4.57444
10.80883
-5.64036
-4.47360
-4.17001
3.34834
0.17195
-5.31019
9.54144
8.48957
8.89209
1.19085
4.40899
8.16834
-15.35214
4.99007
3.71972
4.01070
1.59534
-9.90092
-0.58910
2.65575
0.53545
4.46272
4.42577
-6.21237
-4.22092
9.43601
-11.31638
-14.92038
4.77444
5.61785
4.72833
-10.48236
3.75684
8.34061
-7.07415
-10.38471
-2.29939
2.83407
-3.79897
-0.97446
3.63508
3.45648
-9.86546
-12.87302
-0.99892
0.06313
11.97861
9.68701
2.42829
-9.55121
6.34643
-5.18247
12.05205
-4.89897
9.67373
-0.59472
-9.46014
-0.30240
-11.36931
-14.22734
5.88174
16.33394
2.67076
4.50877
8.81934
2.83685
13.55585
-5.38215
1.65072
7.24370
16.29296
10.94255
3.36070
15.87710
5.78045
10.55813
-1.91111
-8.51903
4.31835
4.33082
8.45703
4.20393
2.22241
13.68022
6.37443
0.51229
9.08739
-2.85226
-1.20950
5.72818
-0.68699
-5.55394
1.33596
4.00398
-2.11268
-1.71245
-2.66210
2.69809
-11.47317
0.22657
0.43683
-4.43199
10.71081
1.20924
1.77267
-3.31161
3.72391
-0.44830
3.89104
0.18342
-2.36073
4.55645
0.34009
0.51831
-6.26386
-7.07058
-9.72876
-15.11563
-10.75222
-1.86414
1.21975
-2.83814
0.20656
7.92640
1.97356
-4.13096
-6.39436
-0.71573
2.19235
3.83077
-3.55823
-7.29704
-1.98387
-2.07282
4.43814
-4.15036
-9.89689
-3.44953
5.79227
-3.62525
-2.91039
0.44328
-7.36245
9.30210
1.47555
0.71772
-4.03187
-2.85859
3.86749
7.76946
-3.76921
4.01027
-9.87327
-3.60308
1.73338
-0.32318
-14.62014
-9.04241
5.47564
2.09729
0.73987
0.55097
-0.70660
5.24465
4.07848
-15.27246
5.07989
-2.44563
-2.12794
-1.43683
-5.57263
-17.85066
6.50573
-0.94422
-0.66405
3.05020
9.60036
-1.22595
0.98860
-10.12145
-1.08400
-2.15208
2.78237
4.96353
-5.93327
-7.41486
-1.42067
-2.58704
13.17552
3.21813
-4.99469
-4.61447
0.79117
0.27458
-2.28212
6.63719
-6.90025
2.72004
6.61853
2.88419
-2.99614
-4.09461
17.18414
-3.51673
-3.10212
-6.23366
5.34271
3.46647
5.62078
2.14170
-0.10219
8.87507
9.10109
-4.33897
-1.94997
4.78347
-4.81381
-10.93242
-5.98357
8.55277
9.25913
5.62659
8.84382
8.13677
-2.63111
-4.46536
3.72612
4.74863
5.93639
3.51353
-6.21281
-8.41847
5.98719
-3.56205
1.90108
6.77641
-20.23751
-5.40179
4.78435
-8.63999
-16.49672
4.05739
2.54622
-4.79012
2.71173
0.51722
5.97934
7.51910
-0.92209
1.42244
1.73501
3.95579
1.64099
5.22171
2.00855
-0.17619
19.42649
0.60755
-2.68249
0.11886
6.70872
-4.02296
5.88950
9.72249
0.38872
-3.77506
2.17165
19.43695
9.48870
-9.43610
4.13367
-13.02826
0.25672
2.12845
-2.39717
-5.77055
6.90723
-5.83366
-3.22360
-1.85021
7.69458
-1.01232
-3.02980
-3.22148
-4.64009
-8.69560
-13.05187
1.64858
12.84761
-1.05550
5.79954
1.58284
1.23391
-1.31574
13.22150
-9.33723
7.04750
1.58282
1.27402
7.56055
-6.59966
-3.02087
-2.95982
15.02193
-10.55057
1.17231
2.51662
10.89302
-4.26954
12.19178
-9.57700
-2.09115
0.11424
-2.23445
5.02650
4.01106
3.12710
9.40187
5.83494
-3.92107
2.01863
-3.76574
0.15680
-9.60650
-7.78600
0.83280
-0.82340
-20.99221
-2.67310
-10.46356
1.34840
5.49843
-1.59865
-2.65155
1.87586
3.72696
9.54382
-3.86802
17.96873
6.73448
-3.75412
-13.24496
5.70302
3.72519
1.86875
1.51927
3.99556
-8.50386
-0.70430
3.97565
-0.21315
-1.45346
-3.48699
-6.46443
8.33008
7.71270
-1.09488
3.73729
-12.18882
-1.11921
1.29597
-9.71816
9.83578
-4.29432
5.77059
-1.21295
-10.58349
-0.76892
-4.34855
3.25822
2.25662
14.92525
4.58740
10.23331
-4.61200
8.57178
-3.05998
-5.04001
10.98042
2.79750
0.23190
9.66899
9.07600
6.93533
6.01471
4.22785
-9.80068
5.65399
-0.79630
8.26796
8.84037
-1.32115
-12.24131
-4.58972
5.07978
-10.54043
5.07922
4.39010
-15.03624
-3.10996
7.98465
-10.85375
3.18414
-5.17781
4.65845
-7.45980
-0.61079
1.40641
6.48070
-6.11171
3.86796
3.64599
-16.99345
-1.81865
-3.86567
2.56104
-0.32167
0.88240
0.71112
3.62208
-0.13056
-1.50392
2.24877
-2.21106
-1.50760
1.29340
6.54476
-2.29194
4.09741
1.59176
-1.89105
2.85644
5.75546
-5.71531
5.66448
9.05987
1.13209
10.28151
6.78019
9.46842
-9.76852
-3.03631
7.18725
0.03031
4.69985
5.01340
-11.25951
1.80513
-0.68646
9.17430
-3.89500
-0.34952
0.88640
2.92919
-8.62846
7.10128
-6.60151
-15.72931
-2.79549
-1.81280
-3.82859
-5.43844
4.02246
3.11132
-11.45014
-11.74015
-8.37190
-4.53516
-4.56037
4.95651
-2.98034
9.46372
5.29790
2.08365
1.00527
2.93446
2.36068
-7.13570
14.01778
-11.54338
7.81394
-3.40395
5.58259
-2.90269
-6.00434
1.10511
-5.63661
7.97031
-12.16217
-7.26553
5.22840
6.59427
-4.62755
-4.75308
-11.49495
2.45727
-0.01458
2.63527
-10.15033
-2.46344
0.61582
6.16510
15.45261
-2.08309
10.13160
-2.76765
-11.86386
14.00305
14.88318
-5.46885
7.02273
8.05929
-1.20076
2.64093
4.72630
2.61128
-8.42941
1.37113
-3.50876
3.08477
4.85614
-4.44633
0.74174
-0.84730
-3.69051
-4.92036
-3.91111
-19.36785
-8.30369
0.35599
-2.88225
1.40437
3.81036
-1.38710
9.58557
4.27543
8.88004
0.53845
-3.94520
8.29646
0.55646
-3.05498
-1.23560
1.11430
-8.18045
0.06725
8.54233
12.13999
-4.45366
-1.76420
10.94727
-6.82985
-6.54100
-1.79396
-2.79317
5.37702
-1.43267
-5.70986
3.47215
3.13711
3.38705
-0.31296
5.82360
-3.69233
-8.97922
3.58078
3.27026
3.55120
12.61014
2.89585
-5.32297
6.90569
2.20486
3.02349
6.56328
-7.74163
-1.57063
1.58180
2.67423
2.14540
-1.88596
-1.35930
7.88720
-4.34009
-8.26691
2.73399
3.32197
6.34208
-4.17435
-8.13665
-6.77992
0.55833
-0.66439
9.14184
-5.58853
-5.45840
-2.63533
4.43164
-1.40972
-11.31617
4.50458
-11.13520
1.36039
4.21121
-5.19158
-15.09196
2.85532
-8.51498
10.76870
-10.25269
-3.05994
0.66000
-10.38337
-13.60271
-1.82427
-9.77979
1.77011
0.41918
3.37944
13.13730
2.75261
1.12923
-4.27656
10.38685
2.14972
-4.79790
-2.23881
-14.18591
-7.75683
-5.19716
-4.84609
-1.66063
11.85462
-4.09868
-8.84765
-3.66282
1.52557
-13.01715
-1.74358
-14.08832
11.57673
10.86709
-6.40953
8.00702
0.81281
8.04845
5.87461
-10.19004
-1.15901
15.13173
8.52116
6.22851
8.73172
6.27317
-6.58029
-8.59852
2.32633
6.65572
-6.02369
4.23067
2.95241
-0.25429
-8.73952
-1.49086
-0.52815
-5.72237
1.10540
8.25016
-0.68995
-0.69789
-2.04497
5.89443
-2.93636
-6.52510
6.25706
-2.67497
7.42502
4.76886
-0.18601
8.42476
5.86195
-3.90548
-4.16770
10.75572
-7.04078
2.50558
5.18917
-9.64644
8.96937
-9.32856
0.55162
10.67244
6.17895
0.01883
9.12809
7.69296
0.29547
2.31416
-1.38602
-5.35861
4.50118
-6.80812
7.17601
0.80588
-2.73535
3.80736
8.86753
0.28173
-5.67425
6.93358
-5.42570
3.48509
13.99623
5.83231
-3.42643
1.61314
2.67754
1.52880
6.24172
-15.85276
3.64255
3.57695
7.06651
1.91312
-4.72795
1.89691
-0.41823
-10.15415
6.05858
8.66787
-3.65949
-0.77300
0.17293
7.11674
9.36889
-5.25458
4.25450
-1.26895
-0.56554
5.42624
-3.23818
8.87625
5.09519
13.26054
4.36825
5.23082
3.74549
-6.16891
-0.17661
5.73417
5.50843
-6.31968
13.76085
-0.05765
4.11939
1.54002
4.69179
-11.80466
-6.25088
-1.96400
10.74902
-1.13212
-1.67207
7.37461
-5.22907
-12.24905
-1.72455
0.08355
13.62982
-9.26565
5.70081
-2.62754
-2.21309
-6.29319
3.74065
1.92727
-1.52917
2.51638
3.09200
-3.28471
6.70085
4.03076
-1.13820
6.89976
2.57808
8.12529
13.82257
-8.70855
4.47385
-8.25331
0.08981
-5.46431
-6.70188
3.49206
-1.08659
-14.85871
-3.70618
8.19180
1.17215
-9.82860
-2.89591
-12.09130
-2.02999
0.75102
1.55160
-0.91545
-1.99361
1.02762
0.60303
2.71126
-10.52506
6.43223
5.22992
-16.82828
-1.52615
-3.37552
9.30437
-7.25916
0.98657
-13.27874
-7.44875
-22.15258
14.41687
4.73720
4.48549
-1.30991
-5.37246
6.39775
8.15856
3.86753
7.68607
4.15576
-3.14772
-7.58737
4.55278
-0.51958
-3.31088
11.90346
-4.59620
0.18593
0.83958
-1.60671
-9.33712
5.65408
-0.99420
6.30728
-4.38107
-2.12390
3.11957
-4.79555
1.48255
-10.41758
13.78457
-1.78101
-1.43164
6.34555
4.39524
13.34638
-1.37921
10.56699
-9.20874
1.84304
11.06667
-9.73197
2.79439
5.06475
-5.65737
9.06710
0.79104
-13.46987
2.87072
9.62320
-6.14304
4.70035
-1.90942
7.13169
1.92253
12.35067
-9.25598
-5.28988
3.04668
-0.70532
-1.43895
4.36611
2.42742
-2.91959
12.24550
-6.36027
5.22562
-1.86607
-2.31994
-5.07052
-11.10493
3.86006
-0.22450
-0.65700
3.76985
5.34878
-6.95213
-0.76522
-4.86799
2.64887
-2.60045
3.52127
3.39414
-0.57347
10.55340
-11.62886
7.22539
-4.28435
-11.00287
-8.59628
4.78122
2.85194
3.57246
-11.65196
4.54417
-8.51909
-0.73677
-6.30285
-10.34872
3.08458
-7.53648
6.02952
-6.87237
10.80003
-3.98087
8.10561
11.25118
4.28362
-4.75134
-7.68926
4.90829
-0.99975
-12.98535
2.05944
0.75552
3.09442
0.69288
-11.51028
11.40251
-2.57550
-1.21434
-10.42638
3.09768
3.59985
-1.41798
7.19562
6.29010
-8.91229
8.44688
-6.38352
1.85974
10.00722
10.31028
6.53094
-2.83976
-4.18220
9.66178
-1.52349
-8.36004
5.83949
-1.90615
-9.84800
8.67679
-3.86460
-4.84683
-7.49379
5.79721
11.66054
-9.68322
7.56293
10.56378
-5.69516
2.28161
3.68617
9.08198
0.77620
-8.79557
2.55891
0.46836
0.69656
-11.07837
-3.05154
3.88899
2.89328
-7.01950
9.27551
11.04789
-3.74652
4.90845
1.87970
14.89836
-1.63772
-6.95196
-5.04614
0.81264
8.28366
-0.39654
2.79572
-2.69339
-12.45879
-5.34455
5.27447
4.64648
-1.59058
1.38234
8.13456
-4.87928
-8.24470
4.61502
12.80273
9.26601
-5.09461
-0.03628
10.20119
2.64696
-4.37868
15.96945
0.60454
0.54157
9.66113
-4.06072
0.51839
-6.20768
0.13915
-1.32796
12.41742
-3.84598
4.34471
10.59493
-6.26023
17.89880
6.03134
7.23672
3.48590
-12.01649
-7.64673
-2.30986
1.15049
14.55122
0.56908
-15.75207
6.51335
6.81410
3.08864
-5.97018
-13.78592
-4.87896
-10.04719
4.00914
-2.13192
-3.43740
3.44013
7.70476
1.84344
-10.09269
6.95802
7.99424
13.11748
-5.36514
3.80691
-4.65100
-2.86826
17.95679
0.90325
10.10214
-3.15595
0.52177
10.17500
1.66757
-11.60585
4.04279
0.97032
3.50009
-2.09976
4.40087
-2.83993
2.31136
5.79616
0.92370
-4.85776
2.38448
-2.68115
-2.11714
-5.88802
9.18010
-2.94747
-3.98303
1.07175
-4.41789
-1.25537
-11.14172
-1.82350
0.03595
-5.41850
8.15712
-4.81987
2.05750
0.05182
4.84258
0.44028
-13.51422
-6.61934
1.05034
0.71359
0.38248
4.86913
-6.26695
-8.05139
-4.47988
1.62177
-9.65206
8.39335
-6.79111
1.08349
-5.58943
9.41710
4.05920
0.95616
6.64823
-7.06596
0.61717
-8.60312
-3.28689
-4.86715
10.16903
-3.93716
8.47086
-13.08457
7.31755
-3.59511
4.92976
8.45120
-11.80174
8.29537
0.19093
-5.08538
-1.54340
6.87863
-15.12012
18.21563
2.20266
-8.81163
-2.22906
-14.41740
9.00031
7.25012
-0.67719
3.73869
-0.40842
-2.51068
3.30166
4.50885
1.02914
-13.56086
-7.48835
-4.01845
4.96105
-3.70874
0.86850
-3.02984
-10.25565
0.17343
6.11578
-12.13669
-12.50003
2.73522
-4.36861
-6.24348
-6.19202
-1.10647
4.66936
-5.97301
-2.91621
-8.24689
-3.38350
-14.92847
-7.34736
-5.31939
-2.87728
9.77558
-6.10023
10.46083
-6.89286
3.36851
-0.81878
3.57113
1.19873
-14.90180
-6.02515
-9.05836
-14.25218
-2.08396
6.68057
-3.45994
3.35997
-17.87305
-4.82929
8.81567
-7.72781
-3.05453
-15.89143
-10.22143
-6.51259
1.92970
-1.87247
-2.23117
-5.12312
-5.23936
-4.49107
-2.83622
6.04531
10.63949
-11.55622
-0.74327
0.07544
-4.90254
0.68418
0.79256
0.26605
0.57494
13.21637
-10.56937
4.18074
9.62693
2.35545
-0.59580
2.21810
0.73063
15.87001
-9.62941
-9.98390
-2.13146
-8.26416
-0.60888
9.59933
0.44005
-4.70156
-1.49967
-5.50887
2.45862
-3.18541
10.10326
10.49843
2.87131
-7.45990
1.18057
3.31392
5.70235
-15.40814
12.21410
-6.21298
-3.78228
7.82883
7.91532
-3.40051
-5.15254
7.19923
1.78415
-2.78651
-6.31742
-4.68195
1.56693
2.47192
-0.23203
-0.60855
-0.71792
-4.43022
6.51480
-0.59115
7.49202
-2.39789
-6.29672
0.74318
-5.92315
2.08162
6.41694
-6.31538
-1.01047
-7.31540
5.57666
-8.96535
2.76413
0.40464
-1.55034
-5.55803
0.44990
-1.10134
5.55717
-7.84765
-8.72382
-1.05665
1.24873
6.24962
2.07030
4.98711
-0.51452
0.83958
-1.12805
0.40081
-2.46590
0.24217
1.46301
2.35135
-6.15281
-7.60854
-9.10736
-7.43591
-4.09251
2.33129
2.02689
-3.93997
-1.92435
-1.08379
6.90090
2.55484
1.22406
1.69082
3.12899
7.88672
-6.17048
-2.31238
0.70055
6.58489
-15.76113
-10.36770
-5.10587
-2.13446
-9.59949
6.58874
-7.46118
6.35583
-6.67782
0.81918
-4.85873
-5.59234
7.74533
-3.13257
2.20480
8.03446
-0.47151
0.37929
12.78599
-5.59076
10.77441
0.27953
-16.17858
-14.39483
-5.24815
-5.01705
6.17308
1.44600
0.72353
-3.24749
16.56151
-4.20300
-1.75418
-8.26047
-9.14300
2.77056
8.45838
2.55476
4.70329
0.46709
0.60154
-6.33223
-7.36127
1.41097
15.22073
-3.19076
-0.00104
0.63853
-3.73469
-9.86126
2.28026
-5.28204
1.80336
-4.10486
2.00608
1.25617
8.08486
1.34884
-11.64182
0.80246
5.09620
2.29221
-11.83533
-6.37284
-1.33910
7.11130
-8.09851
5.29716
-7.82899
-4.38275
-0.86304
-8.58878
2.39970
4.45178
-12.74939
-5.96841
-5.68593
-4.11604
-3.47552
-1.37648
1.40926
11.48546
3.61732
7.42962
11.12195
4.52222
1.48250
8.76593
-0.23535
1.77179
2.09561
-8.30101
-2.68148
6.94914
3.37031
10.61098
4.35884
6.55010
-0.49890
6.20403
-4.98644
4.33713
-4.01022
-0.02143
4.00149
-11.01725
-6.02690
1.08340
2.61411
6.97284
-0.68422
-2.75897
-6.43350
0.84460
12.79785
3.45279
-1.22789
2.87547
-4.09484
3.61424
3.58574
-4.96675
7.60338
8.22419
-4.39036
-9.68018
13.00921
-6.85670
-12.29147
-21.85379
-4.22757
-10.78139
7.62206
1.94849
-1.25419
0.28443
5.23443
-3.36335
7.22032
3.84435
-8.71003
4.81336
7.53425
2.79282
-2.35377
-0.98653
-0.03843
1.44171
2.22725
4.77104
-7.18117
6.92808
-0.14463
-5.54632
5.05597
-4.88108
9.65423
11.26555
6.55171
-0.38119
-3.97731
5.13838
3.80974
-6.98352
-16.35453
-5.26715
7.15167
4.83226
-3.57438
-8.09267
-0.48526
-0.01801
-4.68786
-4.06568
11.24348
4.05351
-1.16891
-1.50139
14.62734
-6.66377
2.51274
0.71262
5.36676
-6.85342
-1.80373
-4.21276
3.46177
5.81780
3.23498
-10.17459
9.00039
-8.96857
-13.30850
-11.62252
-1.84398
-8.26644
-2.77538
4.33936
-1.09096
0.96371
-13.44580
0.16692
-1.17204
5.03424
-8.70492
3.49246
12.71407
5.61960
2.07590
-4.14882
2.74167
-1.58601
3.29161
-6.97171
0.92363
-2.37375
1.42280
-4.57406
-3.25773
-2.12543
-6.48451
-9.15911
-1.70632
-13.75521
7.88709
-0.98086
-9.25830
-6.17969
-9.97142
-0.99411
-6.61888
-5.63890
3.49099
-5.84197
1.00329
-9.51454
4.39024
1.16809
-3.39061
8.09395
0.45548
1.21516
-6.69583
-6.63039
-0.27714
2.92842
4.89462
-11.95298
4.96289
-10.23666
13.13637
-9.37252
7.56337
-10.09379
5.92020
-7.54907
1.23696
-3.81516
1.89993
-2.85913
4.69522
2.90745
-3.32056
1.92811
-7.58714
-10.97835
-4.30225
3.31716
6.01388
13.31592
1.30812
-5.78562
8.55471
-3.88419
-1.94643
-7.42817
0.35750
2.33029
0.96021
-4.41905
-7.21882
0.90240
5.58349
-1.15117
-0.51154
2.51615
-1.73516
7.64304
-4.95484
5.93538
-0.72590
-14.28074
3.64586
1.40829
5.71380
9.11618
-2.23774
-0.28006
-9.43703
0.84235
6.34130
11.75899
-6.69574
-3.30536
11.09117
-0.36031
6.25732
5.02871
-2.14928
-19.70798
-16.02212
7.05275
-3.64685
10.09685
-2.32524
-0.73112
7.43456
-0.16371
2.67743
5.85829
1.34597
-0.28862
-5.10252
3.56290
-7.94552
-4.67724
1.95262
0.62945
-7.10527
7.50892
-6.89146
-0.27419
1.32465
1.83181
-1.13508
-13.78557
-6.61256
-14.16417
-5.07002
-13.51144
1.41225
-0.44057
-1.53484
3.30871
0.81351
0.24147
6.83655
2.64329
8.14626
2.87636
4.15788
-0.81860
-5.11448
-4.96568
-1.74681
-10.62250
5.43239
-15.36023
2.69391
4.18527
-2.42527
2.07513
-4.89022
-6.80197
6.63435
7.60883
-8.41514
4.93541
-3.74474
-0.74624
-3.14466
-10.01785
-3.98572
-4.59836
4.74091
10.17835
3.38209
-7.73122
11.07754
1.31488
-0.68347
-0.71577
5.83401
3.33111
-0.50314
4.28563
-4.61081
8.40848
5.33168
1.13510
-3.51612
-3.06504
-10.70143
-13.63916
9.46341
-1.00374
8.49658
-4.13817
-1.82636
-5.59001
-0.56976
-2.29093
1.93191
7.21322
-6.15713
16.45368
-8.11576
3.03948
1.58467
-14.35604
-0.64832
-1.15378
8.38919
-0.94038
0.28610
-6.54828
-12.63201
3.71381
4.70386
-0.91759
0.89303
6.88934
-0.00658
4.75577
9.06985
3.15371
7.56830
1.71491
-1.03415
8.82180
-11.48311
3.28912
5.31172
2.36686
-6.67944
1.00714
2.84690
3.91053
-1.85099
6.59437
1.87039
-4.61717
3.09784
-3.50519
3.02682
-1.47502
9.28290
1.44213
0.17641
6.14245
-11.06028
3.21944
4.55277
-13.83128
1.33966
0.55664
5.15558
1.40136
2.58382
1.09066
-4.96650
15.39007
4.32236
-12.00906
5.38865
-9.03780
7.85247
0.36444
7.97667
9.30192
0.50961
7.07761
1.55759
-1.21397
9.33609
-0.03583
5.53363
-4.59447
-3.95020
-2.60101
4.38439
-0.13167
-1.00566
3.80845
7.98741
1.19830
-5.83075
0.25728
-15.10604
-5.37152
-0.66204
0.27266
11.28941
3.74358
-5.64503
0.27988
2.07427
3.86270
9.52932
-0.65706
-1.14618
-12.37204
-0.41747
-6.65920
4.65572
2.29942
14.16186
-4.62387
-19.11926
7.06965
-0.24314
3.89394
-3.23169
0.66148
2.32081
-3.83599
4.55435
6.52721
-7.64777
5.67147
2.17574
0.10371
1.12195
-5.80746
1.16139
-11.83603
7.94236
1.87686
-4.46649
-1.16288
12.13022
6.33122
-1.93315
-2.10823
-1.11598
-7.78222
-6.17068
-0.65459
-2.01357
0.49143
-15.80993
4.90860
-3.69347
-2.82519
-8.55840
5.37704
-0.38725
-5.92835
5.97458
-6.27107
-3.60225
-8.35786
6.06728
5.81184
-3.80050
-4.69748
-0.14199
4.02474
-7.33430
6.84863
-2.07596
2.84777
1.50170
-1.49755
-3.83600
3.51020
-1.73085
-2.71620
-6.79767
-0.00168
-3.21776
-9.69403
12.97271
11.68455
19.34535
-5.88764
-6.40305
-8.65017
8.43803
-2.28296
-3.14496
-6.80922
3.09791
8.32477
-11.60505
14.41022
0.10905
0.62800
3.05419
7.28235
2.21090
-2.81452
12.12392
12.12814
0.02321
10.77333
-0.69062
-4.64052
-6.64479
-4.93880
-2.77470
13.80757
-3.13815
2.27818
-1.86788
9.30475
-4.45722
3.66805
-7.67025
-3.95729
4.77665
-8.77375
1.51298
2.30025
0.68360
8.80131
1.23035
-1.79610
-1.92512
5.71062
3.49389
-5.96500
-8.25370
-6.18254
11.71019
8.80922
-0.17805
6.30931
8.21494
2.41273
-16.79250
11.14765
-3.44763
13.88698
-4.44396
0.43389
6.22532
-4.01454
-0.89910
1.49375
9.01461
-5.14134
17.38856
3.60555
0.38494
0.91275
-4.44656
-4.81568
0.56824
9.37741
0.78723
-1.43218
0.41814
-8.03662
-0.71625
15.35393
4.30673
4.50531
-10.77642
-11.73248
-2.58663
-8.35131
-8.95974
-11.05298
4.03452
10.70013
18.71373
-0.17109
-6.04389
-0.89517
5.38123
10.89307
-3.56146
-3.26575
-1.15359
-6.93862
2.05827
-9.64485
7.76975
2.66054
-0.00509
-9.09575
6.11040
2.08070
1.02582
-12.08893
0.36126
11.41019
-10.61628
5.26043
8.39510
3.98519
4.13770
-0.33819
5.60348
-5.94885
8.26959
7.76017
-0.97385
-28.74704
8.78110
-8.17465
-1.41602
8.61766
-3.43350
-14.59105
-16.04725
-2.82197
4.43711
4.58989
1.65744
-0.18524
11.89618
-5.07552
-1.21789
-3.62114
-1.09840
10.45159
-0.08913
9.56395
-1.12976
-4.71339
13.62532
5.25610
9.09425
-4.42111
-2.25483
-4.88455
6.38505
1.46662
-2.35688
2.00622
-4.38712
6.33649
13.04586
-3.85029
-5.38363
1.72133
-3.33581
12.12708
6.91085
-0.50847
-3.72838
-2.28514
5.25542
-5.11820
-7.51894
6.13479
0.04288
-3.25130
1.16479
-0.14614
-0.96089
4.87425
2.16271
-6.49925
7.31989
2.92179
1.97698
-1.67420
-6.71616
-8.18452
-6.74973
-6.59817
5.37249
5.16625
11.24653
-1.50087
9.74380
-6.87494
-10.63636
-12.22889
-2.88188
-7.36533
6.72070
11.01939
-7.85153
-1.21677
8.16582
6.59935
3.62509
-1.25447
-0.83077
4.33476
5.98292
6.83928
-4.03677
-2.36081
1.62450
3.63755
-10.40242
-2.66193
0.80395
-3.08672
7.23469
-1.07199
-0.89965
-3.47308
-16.28778
-8.42096
18.58362
15.23775
-0.05160
-2.67770
-0.27388
7.50315
7.99739
-6.44297
-1.26753
1.85563
6.65041
2.87458
-1.51466
-8.83344
-6.64134
-3.33435
1.73792
-4.10662
-1.34891
1.48336
6.36386
-0.31530
2.27407
-4.18298
-8.90040
-6.12934
4.15578
-4.04880
-4.48670
3.93464
9.42935
-3.97410
0.93349
-1.23065
2.64480
0.88694
-9.68729
4.81382
-7.35663
0.00993
10.31570
-11.33544
1.58628
-0.70241
-2.99132
-0.63440
-7.38921
2.73502
-8.31529
9.91034
3.37919
16.16308
-4.47283
2.39862
-4.79057
-3.14851
17.75436
-7.45214
-3.02154
5.10437
-0.77202
6.01433
-11.32091
-0.21660
5.96507
-3.92654
1.27624
-2.93130
-6.84387
-4.19899
-10.45198
6.81868
-2.61010
-3.31098
-9.00637
-6.14168
-1.57923
-7.84257
11.51359
-1.19988
-8.00238
11.54283
-3.01407
8.88712
-8.25123
-9.53367
-10.71896
6.35954
6.49653
-9.33441
3.74513
4.22832
-7.31507
-8.51030
3.16854
14.11790
-7.00387
-0.57698
1.25538
-7.45384
4.07907
7.33620
9.20501
-1.84521
-0.14391
-12.59853
-1.69068
4.63036
5.08378
-4.31442
-8.80950
-6.43764
0.17557
8.09503
-5.68562
-5.52122
-5.83787
0.53932
9.53915
5.71591
2.87143
-14.61528
15.39349
-6.30632
-13.90814
-4.58634
-0.39158
-20.43560
-5.19121
-15.67927
-4.44243
-3.57721
-7.55997
0.23779
-2.20320
7.57094
-7.76142
-3.37144
-14.22859
-0.97292
-5.97280
-0.88791
8.38249
5.86643
6.79296
-18.76104
-8.85979
1.06661
-18.12813
-6.27190
11.30610
9.84152
4.33724
-4.15150
-4.07292
11.96509
-15.39313
-2.86838
8.31054
-3.93090
-8.26661
7.03095
-14.06600
4.57191
-13.86968
0.75041
-7.13725
1.62346
4.42665
-4.39521
3.60021
0.74745
0.28151
9.36555
8.95152
0.83257
2.26658
-4.21415
13.12859
8.66354
7.33367
8.91694
7.42399
-0.55366
-12.07599
-0.67153
20.84211
2.76219
0.38552
1.52422
-12.78009
-9.57449
-2.21716
-1.67672
5.75738
13.25110
1.98966
-3.80288
-4.53097
-11.85046
-5.18379
-3.83970
0.20426
7.38955
-8.14862
4.28263
-1.86247
1.06253
-9.94531
6.80273
5.12198
0.83089
-14.33832
-2.04608
-4.49688
1.40828
-4.01997
-5.14588
14.96869
8.34809
4.37105
-0.41555
-3.07412
11.87876
2.07217
7.44886
-2.34649
6.06465
5.48830
1.08377
-0.89303
-4.37860
-7.20782
6.03920
-2.87704
5.62793
15.31141
4.83433
6.26068
-14.38086
6.02687
-15.32636
6.57499
-4.35745
-3.04650
-4.34680
0.33300
-6.48546
-3.91240
-0.15291
13.24638
-1.89803
-4.35677
-5.78410
-13.46554
6.34571
2.01146
0.97804
-6.46057
-6.77201
1.88332
-2.19288
-5.42057
2.88454
-8.82912
16.67027
7.52357
5.66412
-6.84840
8.69805
-1.79998
-0.79434
9.49544
-2.38308
-11.30741
-8.11140
-6.08182
0.76378
1.02994
-1.43940
10.33144
6.26739
6.84959
7.36175
-5.67083
-8.56402
0.87521
5.41110
10.82953
-4.14678
-8.12801
1.69369
7.01825
-5.70701
5.45991
3.66132
1.85831
13.90312
12.73403
2.31983
3.59716
4.33431
9.68638
-0.69333
-5.53078
11.66486
-0.96711
-8.10219
-8.65608
-2.77256
3.40502
-9.13004
-3.11367
-12.94076
-2.80340
-5.75102
-16.05919
1.49425
10.67430
-12.41617
3.61126
-0.08696
5.82744
5.62837
0.27683
-1.42298
1.90837
-4.83109
-6.66459
-2.34757
-8.76932
-2.90965
3.78255
-12.08565
14.53722
-4.58193
-2.69376
2.32532
2.84838
6.30342
0.95057
0.45672
9.90721
-7.40022
10.79460
8.77454
4.16358
-5.74380
-4.52038
12.70261
3.46346
-1.61900
-2.46194
6.36923
-10.51731
-4.92339
-0.68219
2.23557
2.25544
1.28317
-2.45620
-1.42608
-0.72836
-2.89506
-2.75470
3.21652
-3.65778
2.66031
2.81421
8.77443
-5.22493
9.17087
-5.15935
3.65940
4.50122
-11.44499
4.17979
7.40277
-2.33280
7.12290
0.02478
-13.48969
0.51692
3.95410
13.50850
11.25903
-9.92697
-4.56806
-2.73344
-10.86623
1.91564
4.04462
-3.65377
-0.55800
7.22929
-2.33281
-8.76309
2.97219
-0.20072
9.85962
10.71165
2.69060
0.45534
-1.89934
-8.68164
-7.90247
-9.69888
9.47423
-2.55660
-3.40731
-7.79401
1.62875
-8.35243
-3.75194
9.44329
1.98513
-6.60248
5.11229
-3.23833
-14.97809
4.33943
-11.39361
-2.07698
8.66232
-2.27830
9.53273
13.01013
-4.79129
0.97502
-4.21492
0.60188
-1.10840
14.58845
-10.71488
-6.58415
1.64616
0.15023
-5.58635
-9.09187
3.75715
-1.41576
-4.64607
-0.08066
7.27114
15.27148
3.31594
5.55455
-8.37268
1.24140
0.58483
1.74817
-0.48310
-1.45478
13.80903
-3.48809
6.59912
10.91648
0.59757
4.81901
11.25365
0.35501
10.65192
-1.37392
2.89909
-0.47782
-7.78014
4.39657
5.71535
-7.77087
8.92905
4.25101
5.99678
7.49769
2.38953
-3.90637
-6.43846
-0.24323
5.39793
4.48165
-6.25761
-8.66795
-3.43183
1.73325
8.92753
-6.73428
4.23529
-4.81434
-11.19624
6.55917
-3.66717
-2.50328
-3.97995
3.35122
2.55048
-6.54307
-5.36730
-4.01591
-3.01372
-13.02528
3.58963
-16.71102
9.72792
-2.17285
4.37621
-9.77533
-2.67045
-5.74422
1.40224
7.84762
-3.45883
3.67496
-0.01621
-2.58441
-0.14027
-8.67660
5.00176
-7.46326
1.21726
3.01393
-0.45317
-7.92355
2.61945
11.03186
-11.16440
9.15360
-2.31151
-6.10098
3.09884
-8.01730
-6.12069
-10.24547
0.08747
3.98283
3.31794
0.53314
5.68718
8.06444
-6.40772
-4.80782
-6.66295
12.62083
-3.42466
2.00369
7.73753
-3.96295
-2.19473
7.50681
0.58314
-7.03263
1.87337
2.94308
-2.18954
-5.78354
-0.56603
-3.43379
-6.67847
-15.53847
2.63074
-0.86233
-8.06488
2.95201
-6.82325
4.36359
-4.83787
-5.11729
2.46322
3.81041
0.47514
10.59522
-3.46567
-6.04650
-10.11251
10.19686
8.35829
-0.28808
-2.47686
-6.44577
-0.05572
-9.85470
-5.02645
-0.69782
-0.02389
-1.93953
0.15646
-2.12556
6.37887
1.05121
5.26746
3.47398
-2.59094
4.46993
14.69598
1.09330
-7.31988
6.12247
-0.51222
-8.94810
-1.98561
-3.54442
8.34492
0.76085
-4.61001
6.47052
1.50744
11.68981
-1.15899
-0.98090
-7.55534
-3.33598
-6.56860
-1.76885
-6.80040
3.79634
10.56912
-1.55712
-12.11942
5.92979
-5.78300
0.42841
-7.31984
6.63526
-5.51542
4.81890
2.08333
-4.02581
-8.52780
-5.06443
5.71128
4.71780
-2.32137
-16.88552
-6.65486
3.24048
11.12702
4.59518
9.67586
-3.57940
7.67004
-3.60363
7.62095
9.29212
-4.07387
-14.52461
4.45027
6.81804
1.50351
2.54091
-16.45998
8.02527
18.54671
-1.21912
-7.02769
-10.95407
-10.18123
-10.90593
15.88710
15.74901
-10.29882
-10.86482
3.39101
0.83491
1.70067
10.09791
-4.65045
-10.62028
-6.75157
-2.92657
6.44212
-7.85713
-1.23865
-0.89690
-1.97716
-9.99524
5.00784
1.95394
3.79095
6.58736
-10.10916
11.99089
-9.13418
-6.53625
8.58130
10.01244
11.51182
-2.23683
3.98574
-8.57066
-5.39390
-12.87064
0.93172
0.18291
5.18682
9.02808
-0.68494
1.00564
-5.77858
7.48401
8.14733
3.01141
0.27380
-2.89264
3.07216
1.37229
8.63730
8.94291
6.29753
1.27926
6.32113
-11.42425
6.62422
-1.13570
-11.44582
3.92257
15.34587
-1.25871
13.22846
5.10604
0.51647
-3.01936
-6.06953
12.27093
-2.52631
-4.17641
-1.82505
4.84252
6.19270
-6.70613
-13.52985
-0.86675
-3.00890
-5.70866
0.07067
1.03902
6.88158
10.00404
4.62404
2.81704
-6.01585
2.93038
-11.82835
-5.46214
0.57872
0.59915
-12.90996
19.55311
-2.65907
3.05191
15.41435
6.50711
-9.95775
-4.65371
2.46375
-5.05246
-0.59340
3.68534
7.18728
5.12001
0.06731
-4.62093
-9.10613
9.75581
-7.59631
2.24404
7.00687
-3.71275
8.23985
3.35065
-4.85715
-3.98151
0.92278
0.81155
-0.33836
0.04712
1.78751
0.88135
1.36331
-13.21613
-16.43374
-2.13121
-13.89434
-2.24386
0.62114
-1.60423
-2.58859
-11.13357
-8.33354
-0.37407
-4.81452
-3.54589
6.36470
-9.24552
0.74310
-0.36069
-3.16648
-14.95936
2.02367
-8.77765
8.78468
0.83735
-2.56916
-5.75057
-1.42639
12.97904
7.64660
-1.45741
-17.20337
0.23861
0.70890
-0.72681
12.12708
12.73546
3.09445
5.08973
-1.79871
-2.54722
11.25665
-11.54761
-7.11333
2.93111
-6.78546
-14.58215
-5.74134
-5.48602
-17.29229
-11.35817
-5.26774
-5.36814
3.52158
5.41362
6.59354
-0.21618
3.59416
-2.00413
-9.36967
6.29388
2.62315
-7.57711
-2.31798
-4.38612
-5.35160
2.86904
-7.32244
3.45777
-4.20214
2.70132
-2.16747
8.82086
-8.47329
9.04926
-5.29850
-11.76372
0.35780
-1.22516
2.51615
1.01182
-9.27854
7.08804
-1.47632
-5.46320
-1.14825
11.43718
-11.82817
5.14274
2.86547
5.82585
4.51988
0.81039
13.03759
-0.48756
-0.84172
9.51627
2.83020
0.45299
-1.10285
0.41233
-9.14992
-3.83123
9.46620
5.44170
-1.39061
-2.63723
-1.66109
3.74563
-13.98153
-4.43319
-2.83208
-7.24453
-9.15773
6.17949
2.85826
-9.52084
1.37208
-3.04824
-0.08571
-5.18895
-2.60697
-3.66114
-2.85643
7.36685
4.89689
1.96650
8.58510
-9.22569
-2.93274
0.06221
6.75230
-10.97651
-4.55582
1.55600
15.04386
1.22070
11.41257
-1.29710
-3.62190
6.32473
5.45744
-1.78131
-1.88550
2.76436
-0.45713
8.38711
10.44711
3.44032
6.15542
9.85854
-10.52587
-4.43949
1.31727
-5.46400
-2.16449
14.91399
5.49118
-6.66230
4.13987
7.59745
9.78024
2.56971
1.46014
6.35344
-2.17285
-4.19462
15.30262
-1.49172
3.77030
-3.52304
8.87669
-4.29287
7.18324
3.16065
5.09361
0.56143
1.23236
-8.33246
11.75870
4.67084
10.47439
4.38747
6.08617
5.40863
-0.73670
-15.60836
-6.85740
3.36978
-14.89653
-7.11822
3.15883
1.69977
-0.40834
1.38839
-0.44989
1.01602
6.79185
2.21361
2.28485
-3.09398
4.08131
-8.18535
5.56667
-5.97423
-9.34067
12.12271
7.88873
-1.61660
10.71410
-5.59655
7.72259
-1.93322
-6.98538
-17.92594
-2.55367
1.40329
-14.33160
16.29887
3.08537
12.90285
1.18877
0.25207
-1.96909
-1.22261
8.50780
-4.08422
-1.65347
-8.77090
5.27710
5.32209
-11.42236
-7.16266
10.69985
-9.85753
9.93332
-3.37580
-10.29199
11.75526
-4.71667
-4.30396
3.45230
4.26581
10.40660
7.92675
-1.67506
-12.13612
0.99997
-2.09228
-0.68057
9.52067
1.04505
3.30863
-6.51800
-6.26680
0.98517
1.03074
4.52718
11.27730
7.35286
6.00292
-6.74914
-8.83826
-12.18180
-9.54493
-5.47544
-2.59801
-7.27665
10.49641
-0.16446
-4.68406
-2.85561
11.54729
-1.92760
1.34694
6.68154
2.96637
7.55506
3.81679
-11.22993
8.43031
-5.76541
-8.05373
-12.22481
-0.88250
11.20743
-4.92232
8.27190
-0.60589
-8.14618
-16.66177
-8.17344
3.54166
3.29711
-7.38547
1.13384
10.69723
11.56963
2.24741
0.36984
8.02272
0.47623
-6.42041
-6.27921
10.64045
-10.91042
-0.77689
3.79619
-14.13956
-5.20278
-3.07508
4.64707
5.75333
-9.42198
-2.54947
2.38541
0.77998
-0.41770
2.32407
-3.72330
-1.90187
-14.07847
9.10223
-13.24585
-2.83652
17.38377
-2.90055
-4.60030
-0.19411
2.25256
5.09438
-0.57814
-1.52040
-6.86880
8.30598
-11.57521
2.14276
-2.39992
1.57883
14.50061
-2.66863
-0.00643
0.70962
-0.63402
-6.49184
-3.68485
7.30002
1.72017
-13.83152
8.22518
3.00061
-7.30067
4.12417
-9.45913
-0.89257
12.70814
-9.12035
-7.76991
-8.61256
-3.59182
-4.31128
2.92236
9.45554
-10.38745
1.33960
8.39178
-5.84935
-6.97790
4.12314
-0.47523
-0.68534
-4.65779
1.06584
5.83283
6.54865
-0.06641
-3.01125
-9.47803
0.38000
-4.71800
7.54589
-4.53705
8.51445
-9.64418
5.40431
3.74430
6.85842
5.08163
0.84402
-4.45226
-8.17841
-6.47839
-2.75561
7.67792
-5.94314
-8.20927
-2.36203
3.39364
11.23116
7.84648
-7.97032
-8.62159
3.78937
0.36047
-3.16885
-5.20541
9.33478
-4.62595
8.36554
6.96776
-4.59597
-11.15948
5.35146
-7.12433
3.95289
2.43891
8.37664
-5.58886
-11.80810
-0.56979
-4.38658
-2.24496
6.00358
-3.61326
1.54525
-1.18244
4.30003
4.10596
-9.36601
-7.41927
1.21005
-1.69647
-10.98768
-6.67850
-8.82772
2.33896
-23.66467
-0.56965
14.00517
1.74824
2.40276
-0.38788
-0.50109
-5.19321
-12.25122
-0.84742
-6.41240
-1.22437
-7.08162
-9.46806
0.88297
-10.89081
-3.14049
1.43477
-3.33369
-5.46264
-6.02217
4.60815
-14.35192
1.53542
-0.24431
-2.20184
-2.11583
6.54996
6.14857
2.30750
-0.78656
10.31273
2.73296
-7.01043
3.54555
-5.07343
6.31548
3.88593
9.39074
-4.37843
1.60420
-6.01882
2.37175
-9.22709
7.70893
3.34499
-3.11848
11.42836
7.62045
7.42220
7.85373
4.99042
-1.91263
-8.02999
3.13962
-6.31727
-0.60635
-7.29313
-8.66068
-6.88759
-14.22704
2.62848
-9.26654
0.03584
2.29734
-13.87742
2.43101
-2.11256
14.84832
4.74524
-2.36688
-10.41088
-6.11541
9.83769
5.35494
4.42666
-12.04937
-1.46600
18.18355
-1.42676
4.40482
2.10652
-5.03973
-6.69296
4.87355
-0.45673
2.52501
5.07504
-3.34844
1.29618
-8.30727
8.17463
-1.58513
-1.31352
0.42674
5.38308
-12.43247
3.95764
12.09215
5.28795
9.35924
7.98685
0.55842
2.10481
-10.89776
-6.81296
10.00347
8.72761
-12.26507
-16.41064
0.81433
-2.27771
12.67574
-5.72489
5.22751
-0.16050
-8.23665
0.31630
1.74806
-1.89591
-0.60374
-2.82893
-0.54816
-2.65795
-6.80574
3.24441
-5.01941
-5.29124
-11.73064
-1.21005
11.75066
-5.65217
-0.45762
-5.80047
-3.90378
3.83177
-8.03520
-4.53219
7.16112
7.27111
4.10991
0.33112
2.57041
1.43951
-2.99479
4.06423
-11.82335
3.76864
-12.05530
-0.75428
-4.19264
-2.16198
-0.72704
12.58521
1.82102
7.28690
-14.41212
-8.75043
5.82405
4.45013
-6.84499
-1.80675
-4.08479
-6.76518
2.89580
-4.70070
3.22030
-4.47703
6.31294
8.82244
5.37305
-4.81450
3.25563
-2.61438
-12.78055
10.06880
3.17185
-1.95262
-3.70800
-16.85017
11.62246
0.78497
-8.98732
-15.50176
3.29857
-7.04386
3.05378
-1.50595
-2.91624
-5.88007
2.52043
-6.85553
6.67765
-4.41644
-1.52054
2.27395
-5.44209
-16.80929
-1.53849
7.45647
-3.80078
-3.04664
-9.98682
18.35763
-2.93801
-4.36065
1.05796
-1.26019
17.15212
0.93419
-1.06826
-1.24007
-2.15410
5.15114
1.29577
10.61513
6.33748
3.01225
5.36600
-3.06930
-5.48251
-1.23937
3.72516
-12.58291
-9.63510
-6.07717
6.64789
-4.28906
11.72015
-4.70003
9.33726
-9.93234
1.05956
4.02850
5.58570
-6.56478
-11.21510
-12.62802
8.14978
19.53700
-7.89252
6.86406
2.66256
-15.68033
-0.23825
-1.23737
0.85204
-7.15020
6.23713
4.48565
-1.29628
0.73905
-1.73330
-8.10914
-3.25137
7.76270
-1.86245
7.63337
-1.99334
-0.36148
4.16222
-9.90137
-1.94059
-3.08294
2.61082
-2.81698
-6.49202
-10.74156
7.99563
-0.67408
2.04452
3.66373
4.40838
5.15743
-11.99612
-0.63843
-10.83359
0.68149
-9.30682
8.50355
-2.31999
2.37805
-6.97979
-9.33681
7.63615
-3.02639
2.34286
4.08519
7.83767
-2.95337
-6.83221
1.55017
-1.04255
-6.89652
7.73768
2.07840
-3.02776
2.13289
7.12151
-10.14219
-12.98546
-18.34534
-1.69260
4.63257
3.60538
4.33288
9.05313
8.65836
-7.56381
-3.59997
2.83501
3.82105
-9.95830
4.77188
2.09865
2.64739
3.55353
-7.03549
3.70082
-3.18650
-18.23322
-4.40778
5.93601
7.02121
14.26951
-14.61364
1.01803
-0.26617
5.76112
6.75066
4.18447
-10.60883
17.01650
1.14377
-14.71352
-15.73171
-7.42550
8.32276
6.40667
7.45861
-5.05147
6.82138
0.53373
-8.96730
-3.00807
3.03917
-0.24270
1.24422
9.35973
-5.06752
-4.34163
-4.82691
-9.35310
14.64256
-2.29917
1.03881
-1.42951
0.22651
-10.48914
1.04112
15.69208
-0.68598
10.66215
3.28111
17.55958
-0.53927
-1.40677
3.23514
-5.91334
5.12287
0.03433
0.58975
-7.69958
-13.14322
-11.00178
-0.19470
5.81358
-4.34818
4.81390
-3.40077
3.21160
-4.25836
-14.80631
-4.59870
8.70341
-2.10964
-2.01584
-5.39222
7.69420
-7.41685
-17.52740
-13.44506
0.32540
-1.10031
4.91240
-3.65946
0.16744
-5.97596
5.03400
0.50419
3.12721
2.30071
5.01738
4.72051
6.29847
-15.84068
9.54694
-4.72800
-4.30635
-12.64146
3.03547
2.22848
11.59950
-12.54434
-8.69399
-11.42258
-9.00406
0.63946
-5.05519
3.26656
1.35482
-2.57122
-9.52560
-2.97806
6.34279
-4.43185
-3.94467
-16.69223
1.55425
6.98245
2.34326
1.92960
3.03573
10.17467
-6.95442
2.34777
7.66863
7.45282
3.13001
4.41477
4.03934
-5.15557
-10.71930
6.64508
-8.57827
18.70668
14.81611
5.79913
-4.81339
-13.91702
-7.39295
-9.65403
8.89147
2.71989
-0.87147
9.37948
12.67996
10.89090
1.30730
-5.60789
-1.13760
3.75216
1.37405
1.93753
5.59648
3.13733
-1.10343
-5.04679
7.81191
-2.46531
8.86121
12.02382
3.85000
3.95996
-0.69613
9.79812
-0.23222
0.48468
-1.11145
-9.03396
-0.27867
-0.10231
3.38017
-2.16998
3.38417
-2.61546
9.64816
-3.99542
-1.16549
8.53385
5.12487
1.15455
6.39659
-11.89380
3.44971
0.59333
8.25119
-0.25772
-6.16923
8.74703
-16.83509
-8.87707
11.49671
-4.11829
4.38546
-13.71053
3.22014
5.68299
16.06084
6.38370
10.00279
6.88782
3.58238
-12.19342
-6.06394
-13.51790
-2.91895
5.65826
5.35598
3.01738
-4.01088
-7.24165
-4.89362
4.91250
1.77130
-3.67952
4.43473
0.31737
-3.38616
8.47301
5.60978
-5.62847
5.67563
8.72910
8.96370
-4.35249
-1.94012
7.25526
3.47526
9.16399
1.52160
1.44658
-2.25147
-0.91950
-1.19939
-1.92118
-9.99402
-9.21860
9.66561
3.81404
11.67037
12.98595
3.20094
2.64997
16.88938
-10.00694
7.40437
6.81733
-1.98507
-4.05882
6.71506
-22.25024
-13.80866
7.47580
6.26779
2.66953
6.30055
5.23884
13.47047
-3.91203
4.31505
-8.03289
1.21196
4.84452
7.48268
3.80872
0.13185
4.37930
-1.32643
2.09528
-3.11431
-3.59302
-21.54873
4.84203
6.62185
-8.47856
4.51316
-0.25839
1.74109
1.62486
-5.03417
-3.75703
0.50220
1.01819
7.53814
1.60632
-5.97504
-2.60951
-5.92107
4.31615
-8.00217
-2.85156
-12.81626
-1.61758
-3.04495
4.45931
-9.41315
-5.10313
-6.25296
-6.47793
-0.18970
3.95362
-0.88564
3.38686
12.45126
8.90637
-2.71645
-3.61822
2.33520
-7.77757
-3.40609
8.08091
0.41804
12.67074
-0.65508
-10.42302
9.50285
4.64252
-1.19507
-6.68531
-2.89611
7.69861
-0.48365
9.95814
3.80671
6.06522
3.99501
9.42599
-11.24495
-6.97337
7.75177
-2.46671
2.97953
-4.11878
-0.70228
-13.67610
-2.48961
18.22857
-1.25819
-1.85163
10.91189
-3.12060
2.10754
-4.54043
-3.42759
12.85389
-10.76216
-10.73529
1.21135
-0.70937
2.32616
0.97521
10.12489
11.51468
0.27333
-6.78485
0.57223
-6.40098
6.33364
10.48293
12.81664
-15.80299
-4.06302
9.75015
0.88945
2.80838
-9.11227
12.20451
-10.74969
-5.27838
-3.33119
-4.33610
1.42255
6.08099
1.42574
3.71220
-7.16063
3.90637
2.06350
-6.25898
-6.90682
2.69959
-4.39580
4.81321
-8.97680
7.77062
7.77599
7.40528
2.09833
-7.81223
-3.15895
3.94886
-11.04824
-5.56405
1.64743
3.29409
-4.43910
-0.58052
-1.62176
-6.62095
0.01561
4.37316
-2.81434
4.75984
-11.48963
0.25290
-2.74175
-6.42249
4.51865
2.06972
0.49201
-9.81049
8.76263
-2.72402
-12.52652
3.12854
-4.46478
1.52994
-0.75426
-1.03534
6.06769
2.40515
0.46260
8.11275
7.94383
2.17198
-3.56808
11.38481
1.35361
2.63809
-2.67448
-6.64690
3.48600
-13.22835
5.92363
3.94125
8.73803
2.88383
3.85850
3.46483
-8.69101
4.62576
-3.49020
3.55895
13.10536
6.38703
-0.79664
-9.40516
0.16726
-6.20207
-1.54950
1.30714
15.51140
3.58768
-10.77108
11.76839
-9.91128
-3.58104
7.70863
7.45988
-11.29865
-2.72171
-9.23343
2.27951
-7.19013
0.10594
-13.65652
-2.29047
8.95061
-0.92215
0.36814
-2.36212
-7.23000
-0.52924
2.56005
2.50410
-11.50600
-0.96849
-1.44085
2.58499
-5.89341
-4.45528
2.67237
10.69778
3.58352
1.03647
-2.36023
6.59779
1.23242
-6.08916
7.99490
0.52949
-8.23671
5.61511
4.99945
-6.11283
-14.81402
3.83080
13.95699
18.87439
-0.11137
13.07169
-8.15439
-9.70487
-1.54260
2.78252
13.24552
-12.01415
-0.57906
-4.37122
1.00367
2.14505
-0.10931
-3.51262
6.41142
-2.15663
-0.67584
-0.06088
7.16293
1.67762
4.44659
8.61986
-1.41524
1.68163
4.11550
1.07592
4.77512
-2.61083
3.61125
2.78490
-4.30620
-0.70307
-1.45647
-0.19616
5.43354
0.03708
-2.76982
3.80960
2.42345
-0.86195
-3.72677
11.31955
-2.99606
-1.31475
5.70650
0.07888
-0.25312
-1.08023
-1.09662
-0.69052
-0.71664
5.10407
-0.02103
9.01283
-3.49706
12.34535
8.62426
-11.29505
4.39326
-8.96220
-0.88467
-0.38441
-11.68438
2.42964
-1.24475
4.32556
11.26932
-2.85899
0.38036
5.93550
-3.59467
-10.74866
0.92569
3.80707
4.33696
-2.31155
1.34884
-1.65119
6.60072
-15.11705
2.18714
3.39517
-0.12017
-12.59571
1.72139
-2.04144
5.78108
0.08630
0.09449
1.99361
-5.00214
1.78791
0.70888
3.94615
-6.70868
-0.25165
-12.87296
0.04487
7.08790
3.90755
-0.39778
3.31381
5.31177
19.35114
-9.16600
7.41070
-14.06711
10.68827
-0.30720
5.53002
17.58078
-3.32122
-2.59194
2.46623
5.94637
3.90464
11.28224
-4.14760
-4.97371
-18.69039
0.47601
1.25085
4.11122
1.03999
4.42204
5.97843
-1.57561
3.38041
-2.99570
-3.23592
-2.36232
0.55993
-3.48893
-5.85331
-2.82939
10.18317
-10.17919
-3.67795
-9.01976
-0.46624
14.67488
1.95636
0.50610
-9.10526
-2.90512
1.57135
0.70892
-5.81732
-2.11804
-0.85141
-3.33999
-2.67100
4.20240
-3.75747
-7.27629
0.20590
7.91429
-5.07462
-2.91567
-2.83073
6.65189
-5.24136
-8.57725
7.47214
-1.03913
-7.06644
-13.19475
11.74987
-3.75258
-5.78904
-2.91242
-13.89012
-7.45728
-9.14044
5.08361
1.78267
7.26636
-0.76851
2.52828
-5.29021
-3.56227
9.25364
3.38081
6.81275
1.14663
4.88548
-14.99244
-5.23558
-7.87424
6.52176
-6.93811
0.25837
5.15356
-4.01540
1.02608
-2.13760
11.22074
9.41190
-1.41938
-4.24895
8.54994
2.03385
-8.97217
1.53554
-10.29798
-9.87008
10.31436
-1.51549
3.18040
-0.70466
4.01327
-3.01739
-1.29316
11.57381
-9.86788
-4.49129
8.23475
10.15290
6.59299
-9.39348
4.56733
6.14111
-2.52279
-3.35671
2.54370
4.10480
-2.57453
1.86791
1.78166
0.66038
1.22514
9.34156
-0.37033
11.99539
6.05995
12.27954
-5.64669
-14.55611
5.24935
8.93672
1.02170
4.18280
-18.20397
1.29998
-3.19517
-1.88460
-2.84451
-0.87388
0.28716
2.86544
-0.07368
3.07830
11.89847
3.17367
5.35447
3.73386
12.33146
7.06948
6.69656
1.74779
-3.42201
5.68258
2.12073
7.59498
4.96273
-2.83338
5.83225
-5.85125
-6.46926
1.44623
-6.76291
7.50803
-5.20947
-10.01582
4.26868
-5.04987
9.36733
4.97292
-2.33598
-6.44061
-3.53367
1.20741
10.39096
1.12089
3.06705
-12.54660
-12.91863
9.21762
-3.35493
10.56791
4.90189
7.58673
12.83915
-7.37969
4.23009
10.98044
-5.22600
-8.46522
13.17313
-9.79803
7.33153
-3.48876
-8.35962
-0.18423
12.70018
2.74812
5.61423
-0.56632
6.96883
-5.05731
-4.46802
3.36028
-2.21011
-1.00063
7.85822
13.03550
-1.32142
4.65568
-8.36498
-2.64743
-0.46243
6.00218
-5.18422
5.73985
6.76967
5.83729
4.85445
4.17904
8.40684
5.57650
-4.06375
-1.74504
-0.13828
-1.03151
-5.15491
2.96859
-3.24731
-11.96335
13.17628
-6.54062
2.14431
0.27493
11.77900
5.53422
6.76235
-11.37450
4.93194
-0.87186
7.69009
4.73467
0.18538
-4.41878
1.10215
1.04202
-2.84401
-5.29195
-10.56751
5.19679
2.07700
-5.61004
-2.00797
10.73182
7.88330
-5.00235
0.24488
10.10614
7.47658
-12.35726
10.47079
-6.13505
-0.40154
-4.72221
0.58840
11.38208
-3.65610
7.33003
-13.43829
9.34279
-4.24085
2.76023
-3.18497
-1.59506
-10.15164
2.46665
-6.91229
5.35013
4.42415
-0.73345
-6.34018
12.29768
-14.59032
-11.26622
5.91328
-4.52210
3.42552
2.82947
3.31512
1.66173
7.28915
-4.38312
-3.64756
-14.42303
-2.12358
-3.48486
-12.72602
-4.62718
-3.37626
1.15301
10.17089
-7.65622
9.22337
1.79100
4.12124
-1.81375
4.67134
-9.06668
-9.28906
1.49814
-9.20135
-1.13645
-10.37115
-3.30410
10.54604
7.84607
5.45025
-0.20835
5.35176
-2.73751
-0.83917
2.60714
4.22392
16.73629
0.95134
9.06408
5.07083
5.09204
-2.78868
-3.89759
-6.95663
7.81028
1.60497
4.25876
3.48251
-9.29404
-2.79144
-2.00709
-0.39042
-6.71612
-0.56905
8.75357
13.10818
-7.59007
18.14047
5.81336
7.69490
8.94080
-4.26530
-0.76483
-3.64635
-3.38177
2.23270
-4.23189
2.21475
3.68185
-4.12788
-0.08072
-3.99275
-8.20751
20.30835
-0.22753
-3.86589
4.47490
-3.75631
-8.83619
-5.28106
4.55258
5.86811
2.97407
4.86208
3.47798
11.26941
5.34218
-4.93556
1.81708
3.09688
2.93675
5.02134
3.83894
3.16602
-0.71496
-2.83223
7.37135
-2.67249
7.08335
-2.65265
2.22340
2.78293
7.82213
5.27527
-9.26258
6.94734
-0.89056
1.74255
-12.74342
-1.52279
-5.72971
-9.25357
-5.80684
6.04554
6.41293
17.51987
6.43868
14.73227
-3.18250
-2.76103
-10.28614
-7.93780
3.44384
-5.58281
-1.22231
6.44846
-4.31261
3.22232
9.45630
-4.70869
4.17279
6.26512
-1.68391
-6.64731
-4.63703
-8.33608
-6.83502
-3.01389
7.86566
-8.84373
4.79634
7.86558
7.10232
4.37770
2.28801
0.43467
2.02971
0.04754
-4.01229
-8.03716
0.40922
9.18617
-8.44781
-11.11442
3.15674
5.98483
-9.37560
-5.13437
11.09645
-1.34715
-9.56242
4.03308
-9.34145
10.99045
-0.33547
6.21466
-0.63988
10.54801
-6.87176
3.92918
5.88492
-2.53374
6.51530
-13.54778
-7.14361
-6.04179
11.43387
9.64252
12.23586
14.03229
-2.90215
-4.86368
2.63236
-10.00447
11.48279
0.60100
-4.40312
-1.53925
3.04030
4.88142
-6.17858
-4.96015
11.64472
-9.26633
10.34421
-10.63987
9.51094
-5.30858
-8.26335
-3.27757
-13.63303
-0.72645
3.81788
6.48899
-13.59321
6.49400
-2.41063
7.40641
-4.36006
-9.39945
-11.02156
-0.95889
-3.89633
-6.25637
0.16340
-11.80186
3.76977
-6.96727
2.10434
8.55936
-4.61155
-2.47805
-2.75897
-12.09515
2.07160
0.69939
-8.24606
1.41754
5.38681
-5.63697
-5.63153
4.88526
9.97647
8.13235
-1.80240
8.20921
0.02739
-1.78403
-7.42298
-1.04347
-3.36603
-13.51879
-0.77296
0.50295
7.33500
10.93147
2.96153
7.02629
-2.20994
4.66075
0.29355
9.64313
6.91642
3.49590
-8.82777
-11.91466
12.70995
-4.90108
7.26105
8.29071
-3.86246
-4.81452
-1.86462
8.93078
-8.95439
-19.72320
2.93626
1.93084
-4.19989
-2.58523
-5.71406
0.70410
9.25889
-11.11268
-5.94226
-5.43078
0.72944
-7.01671
-1.64270
0.68077
-3.02109
1.19550
-7.49482
-5.64491
-8.32323
-4.80528
-10.01234
-1.42664
-10.62045
-4.23425
3.19852
8.48009
-8.60926
-13.69906
-7.40829
12.49664
-7.49390
8.88430
3.87639
-6.21395
-8.27134
2.38815
-5.88248
0.11454
-9.72708
-1.51778
-9.33618
-8.23261
10.07692
-1.55021
10.83851
3.57718
2.46893
-2.60356
-0.92035
5.53213
14.03033
2.51153
0.88719
-6.35069
-4.55482
1.77689
7.80549
-12.52166
0.20338
7.99472
-11.95023
2.89980
-2.85535
2.36707
17.20537
8.12721
4.14219
0.23290
-3.28929
6.18908
6.71074
-11.36239
-15.25881
4.25014
-1.84486
-19.09462
2.07257
0.17746
5.93991
1.43098
2.53085
1.33007
-0.88824
12.99161
-1.86432
-1.86114
2.59835
1.37521
9.01919
13.21304
2.59029
-7.01710
-2.61218
-10.21998
3.50436
6.00865
11.54291
-1.02965
-13.64949
16.69772
3.55845
8.15269
-0.36513
-12.58098
-4.03108
1.92666
-13.60892
-0.82029
5.48591
4.26807
-8.90653
-0.53006
-1.42139
-1.37984
5.82245
1.21394
3.30169
-2.70391
-4.42852
16.25072
-3.38754
5.41400
-12.54899
1.94639
-7.11090
-13.07508
5.62714
11.83591
4.21350
-12.85152
-11.53999
5.12918
-0.36285
0.80093
9.88457
-3.46602
-0.06810
-7.80520
-5.44981
-9.94289
-7.91029
-4.44813
12.03609
3.73877
3.17251
-2.63807
-4.63914
-0.18815
6.12870
4.89344
-10.35413
-7.85032
5.69135
-1.40023
2.16018
5.24769
8.69163
-5.29963
-5.31908
-3.77805
-8.31298
-3.41171
5.66194
-8.47033
-8.80040
-0.72823
6.09180
3.51089
-4.15809
-2.39522
-0.10941
-1.30831
5.21160
4.89415
-9.27054
-7.96578
-1.42228
2.41609
8.69159
-7.97821
-1.75602
16.17825
3.04679
-1.69668
-7.83125
0.68885
-6.10422
-6.39224
0.71608
11.15441
-1.63297
1.19942
5.91191
5.79671
-9.92413
-4.68664
-1.43564
-3.26427
-5.96706
-8.57231
-6.85267
7.79227
-0.21535
11.47870
3.16127
5.92281
1.93710
2.80827
-0.01448
-8.61168
-6.01981
-4.41161
0.08137
-10.81380
1.20987
3.71649
-3.66293
11.75887
1.55387
6.47595
-1.48602
-7.12313
-4.80276
-6.62250
-4.95556
0.93603
-11.24831
5.38787
-2.86158
-0.04827
7.05470
4.85152
1.55984
-9.53234
0.80517
7.78105
-1.59483
-3.69704
-6.22990
0.29343
1.39527
-3.84255
-5.29148
0.56183
-5.11123
-2.55718
-5.93723
-0.69861
1.34038
2.59172
-2.02224
4.75276
-2.94273
7.16381
-4.23917
-0.61345
-10.87087
7.00556
5.59240
12.63614
8.83708
-6.76310
11.32004
-2.55518
-9.05107
11.17546
-0.34667
-12.63481
1.30274
7.39255
14.82857
0.37668
-1.89018
0.06700
-5.60971
-1.37513
6.32873
-6.35675
4.70012
4.01341
3.34255
-4.93385
10.11565
-12.31698
3.79275
3.06361
5.89436
-3.47052
2.68388
-0.91330
1.51868
16.49575
1.26788
-6.08433
5.34580
8.33206
-10.22673
-2.84539
-8.14281
-0.63934
-2.80138
-2.78475
3.54402
8.48729
3.89951
3.49381
-3.05180
-1.15591
4.59666
5.25663
-1.46977
2.02285
5.08249
-7.35188
-11.72607
5.83744
-4.34615
8.25397
-6.96720
-10.97836
3.70133
12.19661
3.40528
2.51586
8.87603
4.30408
2.65288
-3.36539
-0.38320
5.71969
1.50813
0.92303
-3.72893
7.39048
10.31885
3.30100
7.02645
-5.38815
-0.11842
7.32981
1.67473
0.91529
-1.20373
0.65567
2.59113
-4.57250
1.54469
4.48843
-2.08873
-6.31324
14.07342
-8.08655
11.68607
11.95761
-1.20210
-3.05646
9.90756
-3.06582
9.97094
-8.66514
-7.23185
-3.26485
1.55551
5.15448
-14.01207
-7.01873
-7.32640
-4.49701
-4.97346
-3.99779
-2.03524
-3.44459
4.02872
-0.98179
2.13764
3.13345
-7.90931
-3.47650
-6.02929
-10.44346
-1.84408
8.92754
-11.29370
-5.46351
-11.06204
2.37117
6.90982
-6.79766
8.87072
7.92213
-3.29280
-3.00982
-5.89134
0.49962
-1.26220
3.61636
-2.95086
10.52101
0.84048
-2.46793
3.86318
2.34335
-6.57605
-6.88360
-6.01070
-0.17899
11.43271
1.39907
-7.53279
2.53062
5.40684
-2.95478
-15.56874
17.91913
6.11661
-11.55746
2.59178
-4.34992
9.84060
-4.64787
-0.31535
2.21942
1.28701
-2.91651
3.69354
5.82264
-6.03994
-10.52786
2.47296
2.50845
-8.53441
2.79529
-1.77010
-4.80087
-5.24315
-10.22710
-5.32954
-9.73282
-1.60310
7.36935
2.30529
5.18695
-2.44256
4.07109
10.54882
18.37446
-3.65049
-3.37000
3.10105
13.14976
0.10792
4.46320
-5.11114
-6.13889
-9.48270
-9.67820
-16.17423
7.59012
10.40770
3.47833
-7.22205
-3.35160
1.72698
-2.17163
3.68149
-5.56342
-2.57038
-8.41083
-1.49490
