-11.95200
3.79887
-3.78904
-7.78117
5.32540
0.93350
-6.01783
0.77254
-6.65181
5.08894
5.67746
-0.92347
12.59224
-0.12341
-6.85192
7.95048
-1.99101
1.66685
-5.22644
-6.66675
-3.86937
-9.31337
2.12183
5.37525
8.66692
7.20975
-7.23882
-4.33795
5.99349
0.54971
10.60571
1.50930
0.68610
0.58229
-5.62249
2.99614
-11.57579
-1.64371
-13.53679
4.15347
-0.19106
7.59052
10.11595
-3.67152
-2.35734
-0.07474
-10.32023
3.79297
0.50690
3.41656
-3.37859
5.74702
-3.96503
-6.19734
-1.99009
-1.81477
2.84647
-0.03019
-1.79070
7.27504
-2.16607
3.88770
18.37039
3.96934
-1.98010
1.94793
-0.36064
1.17741
5.28175
-4.05108
8.44351
3.57313
2.07927
10.36813
6.18045
-8.37008
3.34337
-4.31034
-0.06308
-1.08825
-3.13521
-5.64137
6.11570
5.89760
-1.01933
3.21857
-10.10573
-7.66565
-3.69571
-2.79005
10.01247
8.09869
-3.65425
4.21611
4.50740
-8.49065
10.38284
-10.34575
-8.21920
4.53443
-2.18969
4.83019
2.94464
1.93322
12.30652
-7.60128
-2.22890
3.31645
-7.93795
3.97381
-6.23294
3.54749
-2.27820
-3.70731
-5.00514
17.93280
3.85125
10.19866
3.10873
5.17859
-2.77235
0.23190
-9.42565
1.48303
4.10735
9.71642
-1.35286
13.30927
2.97852
13.02144
-7.94846
-6.08074
1.14194
5.37003
1.79378
4.06089
2.03770
2.27684
2.07380
-1.60109
9.71793
-6.08889
-5.25056
2.02481
4.36280
-1.86246
0.28109
2.11559
-11.27095
6.12963
12.21683
-3.52435
2.85384
8.85792
-7.00836
0.79892
-0.81163
-14.08118
-3.42924
-9.55499
8.03949
-5.90121
-6.63540
-11.39721
12.08576
5.97694
-0.82800
-2.14573
1.67768
-1.90986
2.22896
8.45078
-9.53067
1.72737
10.70726
4.51493
-16.64194
10.88476
7.34107
-1.81977
3.17352
-3.96649
6.17720
0.23235
8.31370
-9.48428
-11.34739
-3.04142
-6.90307
-9.57174
2.38816
8.13466
-4.19964
-5.64719
8.63844
-5.35578
-4.37137
4.35633
1.61402
-5.02244
0.35978
5.04413
-5.44776
6.02027
0.53807
-0.58242
-0.43002
3.68162
9.07628
-9.26777
2.06680
2.39812
2.59475
2.86436
3.23828
-5.25124
6.55359
-9.04337
-1.71710
6.99773
10.30426
10.67456
3.41884
-1.76859
-6.87263
0.10463
0.58244
4.65138
0.88401
5.80818
-5.10849
3.26515
5.92498
0.84565
3.61278
-4.67886
2.18638
-12.42257
2.52947
8.90911
-7.05448
-0.87647
5.62288
-11.56837
7.86778
-13.64510
-1.09096
8.20301
-6.02157
3.53956
10.93573
4.58533
-8.82571
9.43738
-0.21810
-7.46794
10.84515
-9.34062
-3.27864
-2.06307
3.96977
-5.15053
3.93873
-7.05939
2.59784
1.00635
3.77321
1.86680
15.18412
-1.01672
-11.20548
4.03174
3.83111
-7.12552
3.14912
-6.83972
17.17348
0.04019
-6.22800
-11.26551
3.52640
3.81397
5.17736
-1.33015
-5.99529
2.08184
3.01500
-2.56739
-9.04680
-7.67987
9.51547
-1.64187
4.41721
-5.83684
9.84291
4.03742
3.09869
-1.60583
-2.22399
-9.92469
-8.03533
-5.75830
-4.79949
2.74784
-9.35608
1.34598
-1.61473
-1.60105
5.44954
4.11997
5.83353
-9.75037
9.49608
2.20282
1.93382
6.88423
-7.26015
-7.42880
3.52379
-7.94998
-2.67493
1.89257
0.33976
-5.75191
7.16878
0.44244
3.94446
-1.41856
-5.36908
8.36314
-0.25693
-1.58983
7.33340
-0.41680
10.12273
2.41360
7.75513
-7.31506
1.54203
-5.63613
2.04916
-2.98494
1.94692
2.53052
-1.77126
-0.26808
-9.22456
-5.87438
5.27272
-10.28063
-0.59602
-10.15929
3.86573
10.28914
-4.46223
-7.82750
6.62749
2.46399
1.93073
6.29810
-8.67579
17.49956
-6.86438
-0.20022
-1.00064
-3.02306
5.51260
1.05831
-5.05627
-9.21530
-12.73920
-2.17729
2.18050
9.76279
-8.33742
6.03841
-2.90105
-4.63674
8.76071
-1.71064
-6.18386
2.84099
6.08990
-2.21240
2.33681
0.18777
-1.22889
8.52732
-5.53554
-2.42069
3.09482
6.71044
6.69622
-15.28823
-0.20085
-2.03392
-5.92120
-6.37195
-2.20263
-0.76619
-2.85562
8.14787
-0.88892
5.89948
-1.93723
4.51316
-5.12152
-2.90618
4.08225
-2.90006
-5.14523
-5.87987
6.13328
5.07674
-8.83210
-0.73437
6.72341
3.97877
2.19798
8.72985
-5.05323
-8.14028
-5.24316
0.75648
-1.40268
0.62088
-9.50703
0.18470
-0.55368
2.60525
0.99870
13.14935
-7.46617
4.50532
-3.13156
7.92189
-1.10090
-2.72987
4.07359
-0.10354
12.49324
-2.07248
0.76690
-0.15615
-13.30967
-5.90755
2.91674
0.57684
2.83675
-5.51638
-8.04080
-12.58991
-2.63024
-5.24120
-1.94647
2.10164
6.32204
-0.62472
-10.58529
1.00268
-8.08650
-2.97892
-3.51064
-5.36282
6.86207
-1.74295
-5.28962
3.98451
-2.88515
-2.40256
-3.16830
4.45765
9.31959
-5.03821
10.67298
6.57804
3.35716
-4.15573
-4.06077
3.24071
-0.49151
9.71022
0.06021
3.40780
-8.44672
5.48696
13.16416
-5.63557
-8.54758
-8.10390
-4.15602
0.57176
9.47642
13.03635
4.89790
-2.54361
-13.82071
-11.83128
-0.18517
-2.12194
-5.68663
-3.76272
-1.95510
11.52291
9.23332
3.62870
-4.09988
-6.15587
-6.55416
2.35622
1.18246
-1.11416
2.55258
3.66151
-4.42732
6.52495
-10.78907
-2.44883
11.79606
-3.75741
9.72327
-5.84889
-9.51877
2.30306
3.41295
4.40373
10.64256
-3.24406
-2.00219
2.00752
4.29708
2.48894
-0.77051
5.19922
-5.44060
-0.81456
3.90288
4.28170
9.16603
-4.06619
-1.72196
9.46461
-4.76721
-5.21589
0.11141
-3.20422
-8.51426
-1.67619
-3.34782
4.66972
1.86927
-5.75494
-12.19122
-3.25438
-4.53773
3.70661
-2.12506
-17.61155
-7.24466
-3.74236
-5.40602
-2.73539
4.98460
3.49847
4.75116
-0.06110
0.95653
5.88896
-8.85150
-1.79088
-10.24732
6.20072
3.12172
-2.09374
-1.07277
4.12422
8.20310
-6.76348
-2.31932
1.14157
-1.06740
1.98992
6.88993
-7.21819
-8.01598
-5.08142
-5.50098
-6.35301
0.45598
-2.74916
-0.11407
3.79920
-6.23149
3.12551
3.78841
0.39222
2.00344
-17.40904
4.23273
1.01214
-12.81285
-2.64118
6.18183
-1.69272
-0.47056
10.52488
-2.30234
2.32445
-9.51185
9.12070
-3.95164
-2.62138
1.29325
11.87094
-2.46090
6.29527
2.24824
13.90735
-0.67816
1.90066
-8.36562
2.92871
1.90120
0.30541
2.99878
-6.73913
-3.96473
-4.33896
-1.42552
-8.65611
-12.13725
-0.25135
-3.20453
5.41685
1.29905
0.83730
4.78836
3.82361
-0.83645
3.30962
-3.98373
3.00182
3.56105
1.03036
-8.03005
-13.01714
-4.32972
2.69724
-5.70412
6.07803
-2.50208
-11.41002
-3.08307
4.32611
-6.28277
2.16529
-6.05954
2.03012
-7.67618
6.50577
-9.00193
2.84306
2.47572
0.80782
-5.93909
8.88400
-1.28621
3.68346
-1.72214
4.35763
7.16278
3.18076
4.20271
5.16586
2.71193
9.70596
1.36063
3.91863
-8.32582
-6.92070
-10.77367
-6.53672
-0.82151
-5.67162
5.75536
-17.43260
-1.27275
-2.16898
1.08661
4.06702
12.92778
8.62589
-5.55999
1.12466
3.74675
-1.95815
1.39391
-1.81483
3.22003
0.06758
-1.28877
8.23570
3.86570
1.80880
6.03973
-5.53191
-2.28965
-8.15614
-9.70968
10.98298
-6.67165
5.40314
-5.26691
0.20977
14.35065
1.77952
-7.10108
0.82021
-0.54113
-1.89901
6.63251
14.74564
-11.76780
2.60582
-1.17279
-3.26107
3.82560
7.77852
-4.86207
5.26917
-3.00054
2.72373
-9.45514
9.67222
3.87297
5.78174
5.85022
-0.61108
-1.82435
-0.73840
1.30661
-14.31562
-3.42271
-2.38430
-14.95644
0.40460
-16.65748
10.64500
9.27474
-2.26321
9.73409
1.98171
-2.51644
-4.42571
4.66509
4.24263
-4.32658
-1.18874
-7.73686
0.16154
-1.17310
4.98213
-8.89178
12.73755
-9.09929
-4.98666
2.92126
-3.93285
-5.10626
9.67934
-6.77298
-6.51674
-1.21743
4.39951
-10.17921
2.82403
-7.55344
-11.27302
-3.71986
-2.89735
7.21185
2.78878
2.37357
-4.05041
2.33283
13.16263
4.50650
4.97496
-3.49933
-6.69439
5.24367
-1.32453
3.05776
-0.37512
-4.37038
3.60576
0.18682
5.70986
-8.27999
-5.37192
-10.17943
4.87355
-0.78884
-4.04040
4.76599
6.15814
1.98166
8.84551
1.53564
9.94437
11.47279
-6.12565
-4.38018
2.32263
-4.17094
0.11366
1.53496
-1.52511
-1.42972
3.93388
-4.11372
-4.24810
-2.77105
-8.04546
-9.31089
-1.27582
-0.53149
-7.83850
-4.18273
2.87549
-3.16480
4.81601
-0.77821
8.25950
-4.05477
6.68938
2.38248
8.90399
-8.35895
8.26406
-2.52467
-2.98025
-8.10230
6.54104
-5.89241
-0.94506
5.24429
4.51857
6.99108
0.27128
7.49997
-9.52588
7.25969
4.60071
5.34044
-9.31882
-4.64476
-4.93257
6.42533
1.41288
-4.16029
-1.05316
-2.58886
-4.17887
9.91108
-2.37653
8.42771
0.46391
2.97986
-1.21982
10.39150
-6.06718
-3.86626
4.53762
-8.19446
-3.57746
2.79057
6.46489
-3.71873
0.69948
1.86336
-6.43830
6.88223
-1.00970
-0.69215
-5.52698
1.69932
0.31740
6.54837
13.78562
7.28483
-6.59575
0.78855
-3.59791
1.76683
9.39601
-5.90754
-1.97958
0.13594
0.01391
-2.52444
0.23862
2.62869
-0.24024
4.60499
16.73799
-6.98839
3.73500
-1.21879
-8.61886
5.32528
0.92784
-5.22864
7.70946
9.19024
-2.78631
-5.13609
-4.90346
1.02089
-3.48410
-10.09019
-0.71284
-1.38317
9.72005
3.46950
7.31894
3.88500
1.17369
-4.39245
-3.09364
9.50491
12.24715
0.68499
1.98093
-2.12304
-6.44038
8.07297
-5.67320
-3.74144
-4.76658
1.04696
-0.55853
-2.02957
2.85448
8.40282
2.26761
-5.03988
-7.69984
-3.64300
-4.66771
-12.15565
-4.09839
3.82815
3.10141
5.29091
2.81402
2.46479
0.68390
-4.14097
0.10129
-9.43807
-8.54511
3.83395
1.14828
-6.79812
9.22390
5.09874
3.03446
-1.52901
3.57933
2.50412
6.84423
-3.60263
0.78072
-3.67319
6.03212
4.55595
-5.61605
-1.40552
-2.94924
0.55399
0.08001
-5.95523
-9.43743
5.30478
-3.95819
-2.43068
1.48254
-6.79843
2.36155
2.46115
-5.22905
5.02243
2.13018
-3.48105
8.38709
-2.28340
-2.84665
7.10820
4.12564
-13.50068
-3.19903
-13.02428
-3.33352
-2.39440
4.17950
-4.85455
1.05273
11.84601
-3.82108
1.90406
-4.74854
4.15743
-5.11676
7.96922
8.82076
-4.52298
0.42958
6.34885
-9.98626
-3.70051
-5.92823
-10.80147
-7.91240
5.72056
-6.55632
5.29517
12.44320
-9.28405
-7.58893
5.90685
-5.11221
-6.45051
13.60372
1.19063
-0.58953
1.37928
2.17768
2.36226
-0.96072
-5.41865
2.35516
-5.53867
-3.69364
15.78669
0.20061
-9.63879
-2.77728
-1.01564
3.74366
0.61710
-16.37160
-9.37194
8.32017
-0.54160
-3.49973
-4.24507
8.64390
-5.13695
-7.57270
5.31241
-5.42926
-2.74670
7.63453
3.20662
1.54676
0.84336
10.35085
2.08121
-2.58064
11.37700
10.61926
6.61668
0.80222
4.59888
-5.21245
-4.81332
4.89382
-9.49260
5.61886
4.37352
-3.15153
0.53024
-8.83186
7.41490
-1.67524
3.46862
-5.93456
-0.74217
3.25030
-6.23785
0.80460
6.48299
4.31435
1.32045
1.00687
-17.58354
-5.03640
6.51811
-8.16791
2.38496
-0.21935
7.96798
4.70576
8.90118
1.14283
1.69769
-1.21053
-0.02750
5.28680
3.97256
-4.48553
6.84835
-10.64192
14.66405
8.01340
0.56963
-5.31776
4.23555
-7.28304
7.03209
-0.94050
2.75938
-1.62168
2.79434
-15.00952
-4.27461
5.14886
-7.78415
1.70163
0.55575
5.77903
-2.52962
3.66749
-2.43965
-3.45592
9.99656
-5.19560
0.62426
-0.71035
11.41744
-3.54225
-5.84318
-8.98781
-4.37762
-2.43953
-8.87762
8.17765
2.98312
-8.11962
8.47032
-2.96568
2.27757
12.78628
-0.37977
4.89831
6.12046
-4.81829
3.48114
-6.08391
-16.24493
-7.12196
3.15218
3.57816
4.42267
-0.42155
0.75748
-8.27574
-5.95756
-11.13418
-10.15365
-4.23016
6.95270
2.20139
1.52013
-8.71883
-0.93499
2.98850
-7.41429
4.00370
-9.38199
-0.19554
8.81212
0.01286
-5.80546
3.82893
-2.44862
-5.72630
-1.08470
-5.84282
3.98611
2.89120
0.75682
-8.42843
8.29016
5.64156
0.07494
5.78450
-6.60964
3.67723
1.59862
-7.43060
-6.72336
-9.35235
-2.41655
0.52298
-12.19736
5.69849
6.01489
0.22905
2.89227
-3.09688
-1.07715
-2.16164
3.55296
-2.85843
3.39048
2.63740
7.93349
5.26960
3.40164
7.05809
-9.47702
5.03048
4.14366
9.37491
3.32859
-6.76821
-2.66915
-6.98285
-3.72550
0.97297
-6.22036
0.97304
12.12166
15.14381
-2.69350
-0.42713
-6.28963
-11.24309
-4.79295
7.58335
-3.18207
-7.00987
1.02767
-0.96517
3.74537
-4.87406
-1.27755
-3.37989
12.13787
-0.13659
-3.07474
-0.86223
-1.47548
4.89286
-6.76945
7.15199
2.02061
-0.19552
9.28666
-2.23304
2.89026
-4.59989
-2.18905
-0.53548
9.72250
-2.18856
-8.99910
6.86486
2.05082
-8.74551
6.76279
-1.84005
-5.93434
-9.55195
-5.77227
5.99153
2.29158
-14.43832
-0.83927
2.20482
5.86470
2.81899
2.60297
-9.05182
4.10971
-2.34077
-14.88140
-5.50723
1.86250
-2.00446
1.74247
4.83414
1.97755
-12.29831
4.74036
-1.00850
-10.10681
0.94508
-1.48988
-2.07755
-8.43560
-3.18153
-3.67686
0.29390
-1.81419
4.93476
-1.65519
2.39557
-8.14946
4.27071
3.55090
-5.36844
3.56251
-6.92469
1.46988
4.09215
0.16145
3.60378
-0.01323
-7.04627
3.67792
-0.81220
3.29569
-0.72323
0.79439
-3.61012
-5.03455
3.93468
9.15281
-6.07297
-1.27149
-0.01983
-3.29832
8.12430
-14.63436
-2.23544
-8.73118
-6.25929
1.10846
-3.55004
1.67848
10.80466
-1.67787
-0.95343
-2.38893
3.73840
-5.69722
4.60574
-5.22528
-4.24100
4.97436
11.71255
-8.01882
6.49356
-1.02935
14.03778
-7.72130
-10.01601
-4.65046
-1.87356
-1.14400
-7.53655
6.62082
3.16648
-11.26844
2.76270
-11.02944
-0.82060
-4.50153
4.75619
0.91049
10.39121
3.07188
-0.22740
-6.15987
-8.10084
9.57425
-2.95023
-1.70221
-1.95556
10.26192
-8.20571
-4.16333
3.35503
-5.75702
-10.53523
8.11649
-10.08116
-1.88718
1.39907
-1.48367
2.85902
8.23901
1.14919
-2.47442
-5.70881
-1.99862
0.40387
6.06590
0.81404
1.47062
10.19589
-1.31555
-3.02762
-2.65211
2.49939
-13.67037
-5.82843
1.01860
7.90886
-4.14847
5.20221
7.35164
-12.87238
-3.95072
-1.30134
-0.33096
-9.79480
-2.60370
1.08935
-5.35204
5.16113
18.24454
6.78441
6.54466
0.01056
-1.23873
1.96409
0.58241
0.93199
-1.29551
5.66085
-10.68785
-3.10308
-6.48080
2.05532
-2.97393
-1.12526
0.30272
2.72904
4.96240
10.72795
-2.54408
-2.32162
-14.84779
-3.49288
0.10133
0.72321
-1.26008
1.57641
-11.56501
0.91460
11.17529
0.38821
3.36636
9.37626
-2.70024
0.97748
11.15551
0.21952
-2.97877
-0.94068
5.36727
7.07711
-7.48119
-5.42534
-2.24440
-2.90925
6.12362
-10.96578
-2.99532
0.40001
2.41999
-2.69395
-6.47507
-3.46914
-0.70792
9.65164
7.70721
2.17816
9.50449
-5.44048
9.02385
9.75154
4.10046
-1.62134
4.91834
-0.45078
-1.31760
-1.16255
2.96368
-1.75959
11.80293
10.95185
-5.03789
-6.61540
12.36014
1.32104
4.42608
-0.01249
-2.69978
4.84160
-8.32439
-12.81829
-5.73595
-8.29728
2.83070
-7.54594
-1.70841
-3.44517
-4.46532
5.63488
6.27683
-14.55713
3.35320
15.05150
7.55640
-7.05381
2.03980
-1.36422
2.57470
-2.44396
9.24755
-4.91988
8.33665
-16.11086
-1.67380
1.67615
4.61711
-0.28624
-0.13897
-3.11585
-3.32893
-4.92485
-6.42547
4.67572
-4.21360
10.28107
-0.55340
1.10014
-0.49710
-6.29595
8.98726
3.19616
-3.35469
-5.54131
13.49532
5.04395
5.99701
-3.78321
-1.87186
0.38215
8.10062
1.79777
-0.09371
8.62946
-4.11588
3.89214
-0.68550
-5.48960
-2.98611
-1.32624
-5.52182
4.00352
-4.64492
-4.82696
-2.23911
6.43237
-3.94393
-1.48362
-2.50496
7.17297
0.41470
-3.31908
-1.26591
-7.08824
5.90437
-12.30251
5.92629
-2.16361
4.04167
-2.83336
0.91054
-5.11507
4.38624
5.20453
3.81980
-5.74529
-3.05682
1.85663
2.86092
1.85837
9.89670
-0.23055
-2.84912
-6.69666
-10.44122
-0.43710
16.25426
11.58707
8.36786
-10.23251
4.69475
-6.27371
-2.60603
-4.52584
2.89084
-7.38981
4.07339
-1.23101
7.14153
-2.88986
-7.90208
-4.33841
7.52213
14.08349
5.09272
1.17157
6.65404
4.96512
1.57421
5.00313
-0.03218
13.80557
1.08460
10.87581
-1.83102
-10.07625
4.61050
-0.33816
17.13688
2.85908
-9.02253
1.45844
4.16011
-2.28490
-5.64391
4.07608
-11.67101
-8.96446
-1.72492
-9.91152
10.62932
3.72231
4.57906
-1.30969
-1.57308
-1.52141
4.51717
-2.43383
-6.64275
3.59494
-2.75650
-3.94049
-5.07651
-9.94420
-3.34835
-1.08874
-5.54043
1.33348
13.39789
7.44287
-6.88671
6.80562
14.61983
0.58830
-4.89098
4.68608
-2.28981
5.20593
-1.23174
8.39170
-5.95906
3.57479
-8.12256
-0.52729
-1.02462
11.09578
-2.98069
-1.81516
2.47816
-4.09860
-2.45155
-8.63805
5.57144
-11.48662
-1.75868
-2.16964
1.20642
13.76503
6.38891
-2.08686
-11.86846
0.67886
4.16055
5.39959
-3.30858
2.28321
-5.49652
-4.31378
1.20048
7.24355
-2.35772
-5.83130
5.60299
3.01050
-3.33545
4.49506
8.42591
-5.12381
2.18371
-10.41876
6.75412
1.04836
2.69705
-1.04488
3.68786
1.67488
-0.07910
10.71399
-4.31653
1.45170
-2.49599
-12.31841
8.31118
-1.05491
2.73292
4.68562
-0.13574
20.55811
3.68806
-2.47540
-9.34849
-9.03589
-2.03272
4.32199
2.49582
1.54899
1.83410
8.79659
-1.22272
5.86356
2.37720
8.16489
1.18899
3.15812
6.46696
2.20144
-0.84770
-0.53170
1.46280
4.95742
3.01938
-4.98832
-0.37443
2.30539
5.50853
-3.50520
-3.07957
-3.76320
4.09610
5.61927
-6.70461
-0.51801
2.86697
0.38120
8.97573
4.90132
8.60117
-0.71084
0.03123
10.73705
8.41359
8.50310
3.75106
-1.47184
-0.45937
-8.70312
4.11030
0.60233
-6.50252
-7.25295
-1.39722
-5.59437
3.12093
0.26258
3.34993
7.94151
5.20968
4.19468
1.68781
0.48214
-0.16999
-6.22723
-3.87635
5.53445
2.39449
-0.64551
1.00806
-3.07100
-3.94382
1.03557
-3.81466
6.36655
-6.01667
-5.58754
5.40574
1.39554
0.77167
-8.96168
5.67166
3.71964
-3.23918
-3.20165
-2.23056
-3.06267
-1.66077
1.03882
-5.49680
-5.72594
-0.61944
-0.06738
1.27043
-7.08449
-5.41205
3.31635
6.26832
7.08134
-2.76430
13.16510
-2.26356
0.39749
3.63364
3.88972
-1.65173
1.86600
-10.11598
18.62513
8.26585
3.13178
10.31382
5.81478
1.66688
-1.72111
-10.81808
3.24203
4.17438
6.14333
6.95590
2.46478
-9.69689
0.51458
-5.08138
-4.46997
1.79866
-1.57509
1.74064
1.69799
-13.10690
-10.25593
-1.29281
5.74609
-6.51792
-4.62156
2.50340
-6.67244
-5.55438
-6.82705
2.13481
-5.62558
3.70214
8.01388
7.44193
5.09886
1.55148
-1.07077
7.43019
-6.67738
10.93483
0.02464
-0.28861
1.90382
-6.78105
-7.63022
-12.68130
4.22907
0.31922
5.98062
1.22147
-3.24667
-0.47716
-10.61482
6.65546
-6.50706
3.87639
-4.99209
8.22161
3.65105
-0.89753
-0.53362
-1.35002
-0.47298
0.09827
-1.47491
4.96644
-6.84210
3.73218
-2.08388
3.69279
-3.68176
-2.06068
-2.66476
8.12568
-3.23847
7.20192
2.49231
2.86181
0.16661
0.80811
7.09457
-6.61944
0.22140
5.86109
13.21845
6.74029
0.36899
-2.71992
-0.21837
4.31720
2.66313
-2.39202
2.48886
10.37416
-5.04783
3.51942
-9.23111
-10.63561
4.61001
0.36495
-0.60814
-10.57996
-8.13492
-4.27350
14.79389
-2.36569
6.31655
6.46702
0.38512
9.39208
-17.52937
2.30479
5.01005
1.48211
-5.59168
1.65677
10.23195
9.61160
7.58258
-2.52241
0.47732
8.02731
10.67949
-8.35501
1.30894
-1.23088
3.60322
4.48531
9.39524
-1.53372
-5.56730
11.66552
-7.05724
-8.62052
-5.34125
13.35565
2.02792
-2.77629
-1.71969
-7.34589
-5.40764
5.18947
-12.62268
-4.77810
1.30559
2.70455
-2.69043
8.74994
-9.98535
4.26290
6.13524
3.76315
17.07253
2.77113
-7.06150
-1.02796
-10.99522
-1.15625
12.78206
-6.40167
5.54010
-3.01631
7.77737
-9.89079
-0.50146
-3.52733
0.45751
7.57754
-3.18500
-1.71777
-4.56942
10.83478
9.76207
-8.25504
3.53074
6.15556
3.64430
2.25773
-0.97636
6.15187
6.49191
7.10679
9.26803
5.61412
-4.20991
-7.75428
-1.60984
2.74686
2.89190
-6.70026
2.10689
-6.18568
4.78949
-1.16356
-13.64963
-2.86076
-3.99483
1.41741
-3.04530
-1.79105
0.31585
4.67004
-1.49881
-0.25845
5.95135
-6.15698
-2.17021
7.49690
-6.44092
3.91710
-10.21108
-15.20649
-0.75887
-7.42523
4.33441
-3.43687
-10.37262
-10.60887
1.20949
-1.60368
-6.84647
4.73529
0.35540
6.28334
-2.30455
15.56610
-9.70090
5.38314
2.83398
-3.71516
-3.70877
9.68336
9.85364
-3.12678
3.18942
4.12091
3.68476
1.12383
2.25026
-4.93970
1.11669
-3.46933
-4.57090
1.68267
-11.22682
-1.67616
2.71154
-4.21349
2.40716
0.80595
-0.40011
0.58484
4.62567
-0.44511
-3.30659
6.66178
-2.43095
4.59736
-5.31159
-1.33625
5.66814
8.29195
-0.85151
3.33269
-0.86843
5.36569
6.67455
-2.24709
-5.86443
-8.54370
2.36705
4.76101
-3.45272
-9.29785
-0.02886
2.34381
1.46066
3.59365
-7.45017
5.03722
-4.02938
-4.71833
5.08783
-10.19812
-5.35375
-6.05308
-5.00484
-1.92273
10.91209
8.43022
4.68480
-3.48310
-3.85174
-4.30253
2.42394
5.01291
3.61682
-1.24040
-7.62159
0.15320
-8.75491
2.74493
5.52692
-7.84085
0.24091
3.47646
-6.03397
5.12362
2.67302
0.17803
8.09732
7.74974
-6.75200
-2.43405
-6.22555
0.00767
-7.67511
5.87741
5.73427
3.19907
-7.42524
3.31652
2.03396
12.20711
-0.54369
5.09577
0.63932
-1.30017
4.85129
10.60688
5.98429
-9.61980
6.62839
-1.97149
-13.37432
0.82735
-0.94930
-9.54742
-5.93410
-2.92913
1.19969
-10.74970
-3.72806
5.09070
0.82171
10.25708
0.83860
3.89471
-17.38515
1.92635
-9.22098
-3.70644
3.71222
7.17153
-5.09070
9.42402
-1.34743
2.25393
17.39386
-1.06787
-9.68570
-6.87063
1.38192
-8.15145
-0.69710
1.38808
-3.55350
6.72788
8.03474
-3.21845
-4.28340
0.12862
8.82950
-13.31286
7.95489
-2.91330
7.94589
7.19738
-5.53772
1.02667
-0.81747
-1.18553
5.63478
-0.46885
6.16613
0.53029
-10.58297
1.43261
-3.66384
0.87668
7.40996
6.96396
0.50505
2.74011
11.47435
12.97752
4.71629
-0.43903
14.14255
6.17002
14.65400
-2.09746
8.54975
-6.36797
-4.98886
-3.44058
0.31742
-2.25966
-2.83963
-7.27846
2.52972
0.62810
4.89178
-0.23386
-2.23160
-8.04136
-4.44014
-2.92341
-3.03622
1.98684
-7.63050
7.69735
-8.29233
8.92894
-10.55480
0.98799
10.55525
1.05232
0.36287
10.82518
2.23498
-4.99272
-4.91587
0.71348
-7.10963
-8.30128
9.71511
3.15007
5.21219
7.31739
-1.59539
-2.88015
-3.59572
-0.81929
-3.29543
-6.13034
0.12490
9.73275
-3.34442
-6.53115
8.49840
-5.99252
-0.22984
-5.27137
-2.38587
6.12547
-1.83229
7.47972
-3.00306
-1.68672
-2.99919
1.80573
-0.59809
10.49849
6.29880
4.61262
-13.03621
-4.79845
1.15333
-6.41809
7.93477
-1.67087
10.41493
7.24451
0.66883
-0.90988
-8.32916
9.51401
-4.41021
6.15657
-3.66306
5.13793
-4.62933
-1.24677
8.59257
5.16328
-5.80337
7.05581
-4.88474
-6.21815
9.78924
1.19007
8.42959
-7.79593
10.13478
-4.44802
-5.28507
-1.52210
-6.03276
1.43403
5.22218
0.91171
2.32486
-0.38424
5.51599
-7.69201
4.14486
-7.70547
-5.25999
5.75593
-2.51640
0.90192
-5.40702
-6.58428
14.00153
3.84496
1.98099
0.21923
1.13342
-7.64459
-1.43678
-0.99721
10.78357
0.24685
-4.93179
6.50922
0.45901
-1.04527
-5.75760
1.26462
-15.16548
-8.10340
-1.25379
6.01647
1.69863
1.53290
5.91207
-0.62169
-2.09767
1.34063
-8.15201
0.44531
-5.19863
-5.94582
6.25154
-2.75072
-3.36907
11.02823
-12.77019
2.33761
1.69593
-10.06761
6.05917
1.22688
7.27085
-12.09291
-3.26441
3.43699
3.97939
6.94897
-1.47326
-11.56480
-1.59992
1.11842
-2.65452
0.26794
-1.21253
5.12993
-3.01773
-5.32546
-3.34391
-10.03393
5.08003
3.39030
-0.26802
2.50662
6.01996
-8.12778
-1.41279
-5.46793
-9.94432
11.88765
3.17401
5.39379
15.25890
1.12192
-0.18563
2.88169
5.61924
5.63574
-2.26410
-4.03848
3.46695
18.13487
2.81753
-5.83861
-0.01642
6.96937
4.00426
2.82763
7.33156
7.39809
-2.39020
0.76280
7.59428
-12.88996
-3.08743
0.21907
6.59734
5.43342
0.06274
0.57277
-5.10828
-1.32796
-2.40917
-15.34681
-17.39128
1.20915
4.11649
1.55297
-2.11510
-4.58207
-0.65166
-5.18522
-2.30894
-15.04472
5.68327
-4.90900
-3.68346
0.46182
3.68161
11.80994
5.08238
-0.39106
8.32430
8.57332
-4.99935
7.10000
3.23950
-1.62053
0.39888
0.16394
2.52050
-4.48132
-4.86632
5.08707
-2.54735
-6.44538
4.00863
-4.02707
0.73375
0.17532
-5.70754
5.80195
-4.23117
-3.46487
2.53264
5.27705
2.59675
0.20098
8.25321
9.80751
4.95093
-1.41572
-5.95516
1.53174
7.89010
3.86363
-16.47771
9.17391
12.43853
3.54096
-1.12490
-3.91329
-4.75254
-1.50458
3.06587
5.67873
-5.12502
2.24971
1.07728
-6.54980
-0.70831
-12.69508
-1.28851
-10.86637
13.58109
2.03851
-9.39723
-1.48787
-4.54019
2.18226
10.14038
18.92434
1.39405
-9.68909
-7.08645
-7.28354
-2.52800
7.78579
-4.15150
-0.59606
1.64048
7.81113
1.85068
-3.05503
4.93273
-2.18482
7.40298
-6.59815
5.36800
-2.23964
10.57652
0.02252
-1.45442
0.91155
-2.34677
8.59068
5.61037
-6.84641
2.08632
4.73658
-16.22207
9.83491
-8.87283
0.58595
0.41607
-4.95140
5.67593
-1.93228
-15.69701
4.93086
3.04888
-14.14983
-10.72623
-3.93620
8.91901
5.21675
10.37288
-2.79396
-5.83746
1.35408
5.97346
-0.80528
5.50255
1.21036
0.48146
9.16761
0.62466
-2.62211
3.28710
0.48332
13.97554
5.54752
-0.77427
-4.07682
2.51270
-4.95231
1.77761
-4.90108
3.38652
10.44830
-1.89052
-6.31596
-4.02693
-5.78583
-0.29717
0.14452
2.98622
-2.05245
0.54953
2.04812
4.75747
5.19713
-2.91131
4.19288
6.77048
-8.09392
-5.81962
0.57933
-1.18666
-7.51587
4.49754
0.43784
1.51537
-2.71482
-5.34621
5.18528
-1.53929
-0.27417
2.57861
0.82678
2.89220
2.48294
-7.45559
-8.89370
3.33382
6.97403
-0.09126
-3.88411
-4.79216
-2.37824
-7.74768
4.44248
0.24683
10.33641
9.73625
6.38778
-3.65297
-1.63901
4.55001
8.05804
-8.63383
2.97114
8.34587
-0.46542
-8.67031
-9.43683
-8.92211
-4.38361
-2.12368
0.10350
3.30298
5.85999
-7.14330
-1.44792
5.29011
2.59926
1.17291
-8.69126
-1.92342
-4.98128
-0.47583
-0.40261
2.83345
0.66587
4.66691
-5.47690
10.49960
12.94363
-5.51014
7.45491
-13.92084
0.10956
0.82427
-4.50900
-1.05532
-1.31165
-8.20684
-1.99965
3.96770
-6.38131
-2.23274
6.19458
1.46658
4.37976
2.28875
6.75412
-0.62397
-2.10323
4.99602
-1.88468
-8.93458
-9.61152
-4.08501
-0.27550
5.45571
13.92686
2.04322
-2.14205
-0.04218
-4.48469
4.82814
5.17476
2.14427
6.62553
7.23533
-1.84412
7.03159
4.66795
3.73686
15.18227
0.45241
-3.49576
2.90325
-1.35586
-6.32104
-14.73578
-5.32141
6.30123
2.43688
-5.44870
-3.45006
7.07898
-2.39783
-16.69809
1.67339
6.60168
-5.37450
15.80412
6.99874
-0.02066
4.78650
-2.42650
-1.86952
0.86933
5.65698
8.57171
0.86046
-3.93860
-7.22397
2.00700
4.10098
8.23205
-7.21070
1.19510
5.49995
2.75962
-11.66113
-2.69687
-1.65000
2.26061
-8.38036
-1.09788
-5.58972
-3.39255
8.08493
-5.58634
11.15470
-6.48330
8.72861
8.86979
-6.23656
-0.14165
0.54220
-4.48369
-14.91752
-2.50671
-7.33619
4.45935
-1.20355
-3.23499
-0.60603
7.26104
7.34607
5.67239
-0.20578
-0.30288
-1.43522
-3.64518
1.35569
13.36975
10.82930
2.87440
-8.06638
7.55495
-0.15263
2.64213
3.04482
1.71028
9.43533
1.91720
4.19810
-4.93744
3.73085
-5.62825
-2.82995
-8.17913
1.39716
-5.03429
6.73946
4.63778
7.40570
-2.91306
-6.35260
-3.59033
-13.60715
-20.02782
-1.48760
-6.48766
-7.01047
-2.15218
-2.21877
2.29100
-9.77762
3.15487
-1.18645
1.76298
-7.57803
-7.30066
12.04120
13.31987
-2.30503
0.04915
7.61311
1.68769
3.12094
-1.43910
-0.86947
7.41000
-5.74286
4.31469
-7.10398
5.11077
-6.24702
17.40868
3.13736
3.67045
-7.03631
-0.20004
-1.36496
0.23890
3.02723
-11.65759
12.08383
0.18127
3.74550
-1.25175
12.58339
-1.17207
-6.08791
-2.91111
6.51172
0.41211
-16.75528
-1.10164
-4.92500
3.68753
-4.02952
1.82029
5.43578
-1.75508
7.44033
-5.39928
0.93643
2.96803
6.42626
-3.47418
1.77767
0.23314
-8.72065
-0.00389
-11.52197
-4.03027
-12.15083
-4.91098
-12.95249
4.08199
2.62817
1.31960
-1.71847
-0.82343
-5.75241
-1.86080
-3.19412
0.15937
3.38182
8.44732
-5.67990
-5.18221
2.85533
3.19403
7.48506
0.20572
-3.84257
8.97741
1.23747
-13.51515
-1.37215
-6.82187
-2.75099
-3.99057
-2.75084
18.09817
-4.77751
9.69954
2.10576
-4.25609
8.46967
-15.57950
4.94722
2.06960
6.23587
7.71609
-9.08584
-0.02992
15.29511
-3.49171
9.96905
0.41218
-7.23855
4.51894
13.18023
-6.02821
7.93065
1.74837
1.97735
-6.37910
10.12848
0.14024
-8.54646
6.34213
-0.03879
-4.53000
11.55973
-5.61678
-3.81377
-2.19040
0.15918
-3.02730
3.34986
2.68589
-6.43425
-1.12957
3.85030
1.93544
4.32661
-3.89025
-3.25469
-3.52853
10.28280
-6.52880
-11.97112
8.36700
-7.25209
-4.72036
0.79246
-11.05331
14.10402
4.32197
-3.69976
6.64452
4.59455
2.42846
-7.39061
1.77188
3.47487
0.52861
-0.89665
4.87400
4.48389
5.31872
-0.37914
-12.62550
6.51071
-0.41916
3.50600
2.49342
4.02292
1.72092
9.50297
7.77244
2.72117
-6.43194
2.63408
-0.21188
9.13510
7.80371
-1.12391
1.30790
-7.07332
8.54250
-4.17780
-5.60214
9.52077
6.15122
7.29241
-8.17469
-1.54314
6.78433
-2.44911
8.23927
-0.92167
-2.43083
-0.22428
0.81817
-6.89614
5.75383
-6.52676
2.74198
-6.69081
6.44968
2.28026
0.06305
6.47652
-6.16936
3.60632
0.27891
-2.58302
-1.75808
2.07839
-5.38050
5.01511
-1.28927
1.12599
6.51965
-11.78863
-1.78945
0.18588
-2.30542
-5.75209
-13.99730
-13.00548
0.23789
8.17256
-9.03830
-0.50813
3.73834
0.85468
3.47545
-8.27250
1.21413
-2.96182
-6.64878
-1.78769
5.64944
1.29000
8.91912
4.68111
-4.88241
2.75316
9.87151
-4.06586
3.12913
-2.85904
-8.63202
-1.26860
-6.08485
-9.95607
1.45412
-5.75467
1.68945
-2.61184
-2.12691
-0.75110
-6.56447
-1.77881
-3.37417
3.53335
8.45365
-5.83828
3.66442
3.57623
2.01206
0.63621
-7.12043
-14.81295
-3.84025
-6.85397
-3.18044
7.66676
-2.18768
0.67833
-10.89341
5.97972
-5.83842
-5.90268
-3.54411
2.06013
8.09694
-1.33156
3.24964
-0.32217
8.82744
5.66338
2.71152
-4.56408
9.14788
-6.78594
3.66376
-7.54604
-2.30418
-1.95691
-7.50570
4.10214
-0.72741
5.72606
-9.98927
-6.14805
-2.04585
1.56593
-3.12698
2.39025
14.48240
-1.06946
5.21253
13.46603
-2.38337
-12.33366
1.56845
1.25651
4.19799
3.32266
-5.86602
4.99527
-2.80880
0.45489
6.69732
1.65019
6.68250
-10.60135
2.53489
4.59176
-8.60544
10.35287
-14.08790
-1.89752
3.28374
3.59519
0.92491
-3.74073
4.78355
9.28499
5.17830
-7.75512
-2.19223
0.29026
13.92130
0.97792
0.89696
0.17578
6.91111
-1.28948
-6.60276
2.56425
0.72182
-3.42602
4.84576
0.52672
-2.16833
-1.45797
2.83978
-11.55112
-2.47023
-6.47943
-7.95110
-3.15014
0.01579
-8.47339
-0.05992
-2.61655
0.34975
2.94728
7.98224
-6.05200
5.75277
13.27241
-2.39408
5.11125
0.02318
-7.89726
2.96011
1.18700
4.70796
-3.65011
-0.88231
4.38431
-4.48389
-1.10822
-3.19905
4.46449
6.33188
6.60117
-3.27837
8.72579
-0.90004
1.59093
5.27830
3.07385
-3.25685
-3.96997
-3.58388
-1.72130
1.01905
-4.88173
-8.26368
-11.89347
0.54637
-0.44411
1.27355
-1.20997
-11.49949
-8.75177
-6.41737
-4.75937
2.26362
-8.98440
8.50333
-4.64338
-0.09738
8.79404
0.64536
13.78999
-0.39024
2.64957
11.56444
8.50181
-0.47140
-2.28970
2.49088
-2.08748
-6.09106
12.83477
-1.83470
0.75809
0.70413
4.96105
-2.61555
-2.59483
-5.37127
6.33821
-7.23008
-6.22986
-1.01778
-19.97508
-7.76246
-3.64302
10.64673
-11.45517
-3.82489
-9.07322
5.86246
-9.69785
0.94937
-8.60335
5.19296
0.13551
-3.91447
-0.79905
0.62116
9.21708
-10.00198
3.42822
-0.09503
-2.57349
-8.12517
-2.05035
11.79235
3.76720
-6.80032
-4.15309
-5.43846
-6.46556
6.13734
1.72893
0.31902
4.86476
6.62495
-0.05523
3.86800
5.54932
-2.60610
-7.72157
5.18138
2.19143
-6.27469
1.94055
-0.38077
2.64875
-8.38025
-5.91061
-16.04120
-1.77349
-0.53291
7.57113
-0.82848
0.32225
2.32872
-8.05538
-4.69499
4.93992
-0.79180
4.96121
7.17600
-5.61570
13.28130
7.05176
10.81141
10.40295
-9.55218
-6.19050
-11.98619
2.27341
-11.96636
-13.93203
7.50399
-0.48678
10.95163
-4.45049
2.61522
-7.23829
3.32529
8.23002
2.89292
-4.30280
-1.78187
7.53554
-7.16483
4.98093
-4.95211
-5.92457
5.42247
10.61866
-2.78711
2.59938
7.52769
0.42340
7.29643
-1.59128
12.25801
-3.75561
-11.03055
6.41703
-6.75957
-0.89597
-7.18399
-3.72223
-1.11216
-6.64836
1.18566
-7.82464
-8.03623
-15.51370
0.95817
-4.47731
2.02021
11.21861
8.15749
-0.06690
7.20100
6.87559
-5.16797
-4.65017
-7.21930
0.28898
-5.19358
6.01339
2.34437
-9.60355
-5.53723
0.41507
-0.22436
-3.55242
-4.99343
2.50184
9.77895
-3.03728
-5.80318
3.59171
11.95474
14.75536
4.29701
-1.55966
2.13958
-3.08183
-8.97430
-5.45634
4.86527
-1.40952
-0.92312
3.41882
-2.71916
-0.90454
-9.30053
-12.43558
-6.55575
17.67628
3.25088
5.26130
-3.33852
0.59319
2.31915
3.55860
3.23588
-3.47719
3.72114
2.45524
0.71974
1.28190
15.41552
-5.75369
4.57476
1.51639
0.20211
5.57789
-0.04011
8.24591
-2.83521
2.65035
5.28511
11.36948
-7.78640
-0.51768
-2.06240
4.68172
-3.59495
-2.57991
-3.99147
1.80854
-5.65184
13.27685
1.71184
-2.66232
3.21548
4.09650
1.01155
-7.86845
9.89151
7.48093
-5.67438
-4.70886
-1.74111
-8.94020
10.63339
8.69515
5.56611
-1.19033
-0.96531
-6.81407
5.81354
3.13002
-2.39053
8.80745
1.92283
-3.26335
-7.66616
-3.29375
7.46229
-5.44954
-4.00357
-5.49450
-2.22516
-0.44375
-2.21085
1.68122
2.36455
7.33725
3.58052
1.15257
6.91125
4.58599
-6.50140
-4.04980
-21.56507
5.65378
-9.38571
-2.54802
8.50518
7.82167
1.85588
-2.92835
4.18134
-10.89858
-8.73119
7.34314
4.82364
2.78057
-6.83923
-2.50299
0.59404
1.81880
4.90646
5.61888
0.31265
-4.71937
10.15793
17.28570
-10.71376
8.50824
5.72747
4.98789
-5.77469
1.17982
-11.44930
-3.37401
-9.00826
-0.07260
3.49894
0.99903
6.37304
9.35365
-4.50601
9.78814
-0.58213
-3.04959
-7.29018
-1.63839
5.84871
-6.60834
-18.88544
-0.06694
-5.97025
-10.63362
3.15463
2.19363
1.54090
-4.05399
-0.99869
5.00641
-5.14511
-8.66965
3.15782
9.56533
-4.24944
-1.92558
2.28891
2.88985
-8.13573
-3.98519
1.12880
1.77520
-0.84922
0.82503
8.74278
2.18170
-13.08662
0.98220
6.66389
-11.24929
0.45508
6.35412
1.84585
11.06923
-9.09909
-11.68702
0.75205
5.47696
-5.14658
2.85898
-6.96231
2.47414
-0.68423
6.13516
-6.80546
-6.47452
-7.95489
8.24937
-0.62218
-2.62579
-10.63061
-10.59035
8.64680
-6.49880
-6.10581
-4.43683
7.84219
-4.34090
-3.21127
-6.98566
-7.85434
-1.10141
-5.72808
2.97995
-0.13885
2.13985
-3.20394
5.80894
5.53433
4.92469
-1.54834
9.24534
-3.53626
1.20199
0.46821
-7.76999
2.28677
-4.51941
-3.01981
-4.97237
-3.64597
-6.14933
-13.60837
-1.88810
-4.81855
-2.56925
-2.91031
-3.27717
8.35367
-2.57238
0.69722
13.54186
-3.98755
7.85147
-4.11378
-4.05993
8.32855
-3.57671
0.99024
5.86592
-4.54200
-7.15111
7.60900
2.43973
0.35785
-5.56063
-3.45624
1.29535
1.24969
8.17517
-13.39482
9.44924
-1.45529
11.30253
-0.75488
4.02914
0.44967
0.94862
-1.14389
11.34169
0.29609
-0.34635
3.49140
-8.27904
1.76397
-2.29050
-2.72062
-0.51665
4.39433
1.47571
-3.14746
-1.52966
-3.28717
-8.16850
-4.67622
-3.39998
1.95233
-4.29546
-5.00143
-6.88537
-6.83329
8.47553
-12.96181
16.97164
-4.68103
-15.02530
-9.57276
-6.38610
-3.25227
-5.18996
3.60336
5.52359
-7.16708
-4.39063
-3.51248
-1.35354
-8.19386
2.92729
-1.30297
-4.40859
-13.31536
-1.60084
2.55135
-2.96112
9.41811
5.81581
-4.97273
-1.97804
6.00957
-3.92339
6.37509
-4.00938
2.96027
4.28820
-0.04009
1.83287
0.26354
-15.50991
-2.06275
3.11996
5.61607
8.64335
-5.32334
0.85939
-1.31239
14.63485
6.17584
11.03386
0.93211
2.63886
-7.02231
3.61567
-1.44420
9.56780
6.55673
-1.82540
-5.06598
-12.68731
-1.08268
7.88182
6.14149
5.18979
2.28265
7.68444
-0.84040
-12.12531
0.74819
7.78727
-7.98845
-14.63035
4.99853
2.45328
9.86354
-1.46094
-13.15048
1.42106
-7.54432
-8.80667
0.12258
2.31310
2.58421
6.25304
2.50606
6.75898
-5.35506
-9.24984
6.24044
13.42485
-7.95641
7.51786
-9.36110
7.48441
3.41240
-3.17192
0.34334
0.73074
-4.19025
8.54678
2.16118
-5.36555
-5.60288
3.04388
-5.93981
3.79763
10.09821
-0.88277
-0.05624
6.82078
2.13423
-7.92083
-5.80556
0.57048
3.52444
-5.37593
-6.14827
-1.16821
-7.76543
-5.75986
-0.32907
2.03033
-7.77886
-1.37011
-1.02911
-0.54110
5.00734
-2.79511
-7.89623
15.46389
5.92478
1.17261
0.18901
-2.98595
-5.01793
14.04644
-4.83417
-2.63191
1.14780
5.07821
6.49390
-12.77653
4.30377
-11.62389
3.58554
-10.09589
3.11209
-1.69141
1.86679
4.43481
-4.89026
-10.53294
3.72795
4.55839
0.49404
4.12842
5.73808
0.39018
6.41538
-7.07856
-13.69150
5.67443
-1.41879
-0.28565
-14.83200
10.42421
-4.91775
-5.11211
-3.71500
-3.57875
5.98661
0.56367
1.97854
11.14870
4.81584
0.30862
4.72336
-0.12040
6.43714
5.60347
1.91630
-23.23088
-5.70594
-5.04108
-3.13788
11.34410
-5.76549
-0.52052
2.91121
-2.76066
-5.71942
-2.63520
-10.59808
-6.45347
-2.43678
8.40558
6.66040
4.28708
-0.81803
-5.79891
-2.41101
-5.44284
-12.69927
-3.34618
1.40225
0.55370
7.32668
11.15169
-1.25456
-8.87965
7.62925
6.67773
6.47112
6.22087
6.02307
0.82140
-5.04564
2.84424
-1.93899
-1.13223
-5.52731
0.79630
-8.57313
4.99109
0.27161
8.59348
-1.50182
-1.34993
9.94091
12.26342
-16.28739
-3.69614
5.33879
3.24233
8.48459
-1.37922
-4.69116
1.34930
-6.57122
-1.74799
1.27981
-7.06084
-6.28685
-0.55480
4.73755
-7.94736
-6.24477
7.45355
-4.31302
-9.73637
-13.15070
-7.85701
-0.15448
1.04706
7.71449
8.54283
4.48937
3.95452
-9.07869
-5.69985
4.46855
7.90627
6.17093
4.84201
3.64694
1.85223
5.44432
0.06661
2.69011
0.38682
-6.98957
2.29532
-1.39135
-8.38476
5.86358
7.93068
-3.18022
-4.80128
-7.03628
2.31088
5.34948
6.30401
-1.81492
-1.13851
-2.10808
5.82642
-1.06563
-2.17494
-2.88719
8.56638
-1.61992
0.31721
-20.96179
-6.09456
12.32475
3.60704
0.55283
-2.85786
-6.56657
3.77829
-2.33681
7.82312
-0.41673
0.91586
4.35101
1.52289
7.43403
-0.01646
-12.29629
-4.29196
5.53660
9.11878
4.45686
-5.54007
-3.67628
0.30215
7.17377
6.30159
-5.83672
-3.38498
-7.87598
-12.03959
-1.32526
-1.33018
-8.40559
3.80922
3.75892
7.15299
-9.67172
-11.36292
1.43096
2.26480
-11.89529
4.08820
-13.97816
-3.59326
-5.05421
-6.83156
5.01752
4.92671
3.08733
11.64246
-3.39863
8.53100
8.79311
1.96005
-2.91349
3.31659
-5.81445
9.98002
-11.22022
4.90667
12.62385
4.59486
-13.16080
-3.79265
-3.92796
-1.57260
4.34440
5.09161
2.29922
-13.75271
-3.36716
12.62482
-5.55769
12.46723
-8.38957
7.17053
5.79187
-8.73771
-10.72198
-8.88373
0.61400
6.97427
-2.22537
-0.23643
5.12728
0.93202
6.93776
-1.09801
-0.48739
-3.63330
9.92893
5.84296
-7.93960
-0.03854
-5.14348
0.02560
-7.34361
9.38950
-2.77543
-3.84267
10.92974
-3.23178
5.61856
3.48116
-11.18832
3.67845
-3.79701
-1.39493
-0.72783
-3.11312
-5.24741
-0.74818
-0.53378
-1.89489
-5.34345
-5.57911
4.12061
9.98455
0.82382
-6.64684
-1.27687
4.16388
9.16821
0.67213
4.62936
-5.56505
7.82800
5.25789
1.37715
4.50501
15.52802
-1.55677
0.46658
4.37597
6.07055
2.98801
-9.31940
-7.09719
4.30572
-5.07606
11.04102
-1.02165
-1.41106
11.37141
4.42755
-3.81682
-5.66085
4.29001
-2.72668
10.48446
6.64679
-11.62826
6.17518
-0.53023
5.58863
-4.20667
-2.81578
-6.44574
0.87654
-3.98624
2.59999
3.40875
-6.85332
0.99725
3.22706
1.21158
-5.39836
11.77464
6.22005
-0.75458
6.84282
3.37033
18.21380
-0.76506
3.86778
0.43070
5.52677
5.45492
-0.09463
-1.97566
-0.58616
-1.96798
4.39503
-2.90273
-3.35973
-2.65842
-9.82970
-6.13476
2.35275
-9.73071
-16.75893
-1.23821
4.34089
0.88469
6.08864
-2.52674
-1.66942
-4.04494
-7.72397
-2.13799
2.71900
1.90805
8.92514
-2.92231
-5.44818
-3.20738
9.19868
-4.43491
-1.49186
2.05150
-6.15782
-0.38710
-0.31889
-2.21542
-4.03687
-2.36373
0.39584
-4.15119
-5.49095
-5.78628
-12.33037
4.70175
-4.34133
12.62819
9.52302
-12.50981
-6.63309
-6.57551
2.39639
-2.60575
-9.43793
-9.26815
1.26057
3.09195
14.54565
-3.59203
-3.12480
-1.87870
-1.37742
-3.40202
-5.29954
-5.87168
-3.38214
4.70875
-4.16106
-2.05336
-1.52123
-9.89323
6.61998
7.38094
-5.77877
-8.40497
-3.77812
-4.13427
-1.37521
4.37310
-5.82084
-1.24287
-7.47480
3.09726
-1.23141
-5.87415
9.75949
7.06899
2.06949
-0.81880
1.73948
3.30937
-0.56445
-4.59143
-5.02702
-0.28822
4.06123
2.54299
-5.19719
0.03240
0.69037
-4.86941
4.46772
-10.70727
0.14592
-1.56035
6.91973
10.56829
0.27284
1.72422
-1.17940
-1.70012
-4.53987
-1.99909
0.96148
-0.94197
-9.89856
-6.24357
2.97028
3.47744
-3.73366
2.91440
-4.47985
6.50348
-11.62202
-0.24657
-12.26055
2.32432
7.39350
1.21194
0.24408
-7.94539
-2.05195
0.03298
-10.51106
-6.51731
3.86074
-0.08099
-3.80010
1.00985
-3.37653
7.22159
-4.80540
0.57186
0.16715
-4.54655
-4.96209
-2.08469
-1.05766
10.50328
-2.31412
-0.12603
-0.29423
2.92045
1.86095
6.69615
-1.24262
6.64576
-5.43960
2.13359
5.58924
-9.48658
-4.39355
-5.16891
0.78964
-2.70918
-5.03211
-7.71401
-6.74317
-8.87504
3.29657
-4.94142
4.44952
1.75797
11.07761
4.50513
-0.63072
-11.36721
7.03270
2.48556
0.27889
4.04383
-4.76303
-0.60466
6.15700
6.03920
-2.37174
2.13123
-5.03311
-3.08968
4.66133
7.73113
4.58518
-2.64343
-0.68760
-6.84004
10.06740
-0.63304
-8.08118
-7.66579
-1.62381
4.00007
0.15839
5.75413
-6.22131
-0.21289
-10.15697
-4.05230
10.69499
-7.44009
2.88901
2.67959
-0.97503
-8.05071
-3.16294
2.09500
-0.43248
13.29832
9.73748
3.42681
4.37444
9.62977
1.21096
-11.42215
-4.30538
-3.68640
-1.87953
-6.94598
-3.92854
5.94912
-6.82369
-8.83818
1.43142
-0.93986
2.77174
-10.15578
4.52078
-0.26650
-4.13107
-4.32080
8.96151
3.54049
5.23030
-2.73263
6.11070
-0.98756
-1.02128
-1.37176
-16.69906
4.44013
1.21562
0.47599
-1.53994
-3.14758
3.52741
3.57443
-3.74956
0.24970
3.18844
1.87323
8.45433
-9.89749
-1.72183
4.66832
-5.67421
1.09556
-8.32908
-8.69913
-4.96116
6.60202
-2.83183
-1.98547
-4.95553
2.49394
-2.98315
2.19723
-4.45589
-6.59213
-6.58195
-1.26154
-2.92154
0.07161
6.12846
-10.69755
-1.44591
-1.41850
-4.72935
3.37778
3.41902
-6.66332
10.46753
2.58066
-6.74441
-3.51553
-0.32762
5.45774
8.08799
-3.37846
5.68760
8.01009
-0.25638
3.86047
-9.93937
7.90569
-3.50806
-2.09796
4.02677
-0.53355
14.13364
1.05119
7.71995
-0.31399
2.28394
3.41628
-0.16566
2.95088
1.74987
3.42154
-2.37872
-11.16996
2.26382
-8.14305
4.40254
10.54628
-4.59970
-2.38018
6.77544
-7.03516
2.55629
-0.29860
-11.51063
-4.15587
-11.65244
7.76734
1.07205
0.00164
5.10281
-9.78847
0.00654
0.14526
9.50237
6.19379
12.59723
-4.68793
-11.78229
14.24181
2.75901
2.17783
0.33881
0.08433
1.86831
2.03920
-7.96688
-14.19356
2.13026
-3.34881
9.18009
6.61201
4.66257
-0.72306
-3.76028
-1.04683
-5.90327
-6.39578
-1.62339
5.68547
0.50837
-0.69517
-0.87228
5.23822
8.66844
-0.56286
1.07622
-8.24679
2.12683
-0.57766
2.63216
1.05980
7.56294
0.99487
4.81628
12.75941
-0.60613
-12.01489
-12.15204
-17.87341
-4.59298
0.75974
3.33500
0.26626
2.76808
4.70306
3.65241
-2.22992
8.46477
-0.03096
0.63432
-4.68613
-2.63874
-5.80147
-5.86822
-7.54505
0.71911
4.72869
7.87874
0.92816
4.11581
6.97609
12.60627
13.45818
-1.40375
-12.13519
4.49116
8.82566
-5.52361
-12.66526
7.56552
-15.06680
1.12846
4.39446
-8.88383
12.55719
0.60518
1.45939
-8.47793
0.49379
0.50666
-2.52955
1.17793
-4.41216
6.95648
1.82509
-13.45713
5.86001
4.91200
-6.51441
4.43482
-2.88295
1.33384
-1.01505
-3.40403
-4.71281
10.47074
-2.52116
0.12455
4.94474
-2.62342
-10.27535
-0.06912
-20.95669
-3.21877
1.35898
2.81060
-6.03787
7.94798
-1.56394
-0.92799
-1.24989
-1.73165
-1.46470
12.66004
12.19681
-4.25349
-2.32874
7.49380
3.56068
-10.72168
-2.25998
13.18265
-2.44095
5.83181
9.10175
6.88435
-12.17260
4.34777
-5.12585
-6.10654
2.25093
6.33506
16.75830
-7.16996
-0.19013
-0.47458
5.11239
-2.03927
-2.73635
-9.89870
-1.68577
3.93687
7.29829
6.05290
5.65790
-10.93789
-2.19441
8.80985
6.30196
5.13879
-6.51672
-9.33391
-15.62282
-1.82267
0.23968
7.34168
1.01879
-5.85801
7.13496
-3.19073
-1.08185
-3.22555
5.28031
9.62080
5.81035
9.08537
-0.17785
2.55126
0.20680
6.49041
-5.88247
6.52175
-6.79050
1.73597
8.70732
9.49939
-6.64154
-3.86706
-0.95505
0.47730
-0.82039
-12.82809
5.63463
4.38430
3.06598
-6.85778
-0.52777
3.24102
6.95692
-1.84137
5.19541
5.57635
-0.60863
-3.57397
12.78870
-2.67529
1.10608
-4.54895
-9.07620
-5.21226
-4.80658
-9.58374
4.44051
5.50448
11.79057
-5.58580
-3.08202
2.04634
1.66803
-0.65770
-2.76304
-2.60259
1.04554
5.51005
-1.65438
-3.11699
3.61960
-7.94517
-3.51684
-2.98734
7.90295
-3.44406
-12.12983
-9.04813
1.38881
-5.26457
0.42070
10.95179
10.00999
4.14089
2.62472
9.35629
-0.06833
9.04669
-4.92876
-2.38837
0.44581
-7.98442
3.27218
-5.71811
5.00745
3.64629
-0.54875
-1.57645
4.06021
-4.28115
6.07707
4.07169
-9.93126
-2.29717
1.05887
-9.45709
-8.77242
-4.55548
3.03573
10.65079
-1.44497
-6.06385
8.41332
-2.82573
9.58473
-2.20032
-9.40296
6.31571
-5.77603
9.43556
2.28928
19.27487
9.17687
12.88896
-4.66766
0.96480
6.25593
-6.96934
-2.01170
-0.82137
3.96499
-2.81340
-4.34575
-6.80693
1.57336
10.82967
-3.74412
-2.20113
-6.15984
-0.91218
-2.15368
7.51205
-4.60824
8.89019
4.44028
0.78094
-7.38745
1.43734
-9.54665
-5.15408
4.49677
5.42610
5.05788
-7.56486
-6.23432
-2.74564
-1.56689
7.13282
1.08703
-1.95503
-0.56119
-7.08920
3.20431
-5.42435
-6.65390
-9.27508
0.13818
1.61892
4.64183
3.97765
1.79969
-8.35643
0.21365
0.98957
-7.76867
-6.21869
2.56597
-6.23138
4.37515
-0.98658
1.08610
7.22290
-3.21996
2.89532
6.84746
4.26400
-7.63810
2.93488
2.38515
-2.34306
12.63946
-0.58048
8.06454
-12.70596
-7.83532
-13.88490
6.72332
6.87000
9.06083
-0.53401
1.24342
-4.90502
4.46928
-5.53972
-1.92591
-5.30375
5.01908
-2.62090
2.93649
-3.24706
8.26870
2.93504
0.83141
5.08382
-0.90973
-11.36856
4.33766
-7.49639
7.69821
-6.09779
0.96594
4.39866
-7.32056
-6.13374
7.34755
-2.14605
-1.70835
1.87929
-5.60654
8.62848
-1.83618
9.54100
-4.97712
17.99847
-11.17872
2.51513
-9.86243
-1.16934
1.74254
-0.42090
-3.81016
-18.02014
-5.19029
1.76266
2.32253
10.91354
9.18281
-8.92767
11.30398
-3.88756
-12.12677
5.12467
-0.26599
7.59443
4.01700
-6.32874
7.80539
-2.59971
6.03318
2.38330
3.42906
-2.75328
0.56258
0.99379
-1.80457
0.85149
2.52853
1.08940
-3.49384
-10.82360
-4.54444
0.83443
5.93971
0.64556
-5.32177
5.44769
-10.18130
-1.45528
7.09220
-7.73179
-4.05797
2.86578
-0.56400
1.15919
4.52436
-5.19720
-8.19619
-2.22902
8.87824
3.98953
-4.34343
-0.42146
1.91296
11.22552
-0.18875
-3.27663
-13.98887
-1.63128
7.85266
14.00196
-2.51403
6.56461
6.30009
5.24216
7.56923
-6.16081
-3.37477
3.42810
2.87749
-3.19955
2.28067
5.29835
8.85877
10.47094
-1.86360
1.60777
-3.40777
0.18807
-0.12581
3.46740
2.22111
-4.60687
-1.17706
2.23564
-8.38980
9.81903
-0.40835
4.01433
0.21440
-4.81873
2.48276
-12.71236
-7.87337
1.06065
4.82686
1.74006
12.99568
2.10975
3.63370
-3.18119
-2.17003
0.10796
3.61799
2.93101
2.49126
-4.25079
2.08359
3.70083
7.56385
-1.43970
-1.49982
8.58380
-6.63599
0.68002
11.57344
1.22765
1.92942
2.74555
4.96422
5.14202
-0.78975
8.77665
11.46992
5.82243
7.42548
4.91423
5.57147
-0.52967
0.16462
-2.55718
-4.75107
11.77026
-9.83788
0.72033
6.99335
-0.25093
6.49438
9.02833
10.60483
17.77467
-0.77578
5.08792
-7.45761
-0.72448
1.25764
-4.33742
1.65420
-2.85065
-2.25674
9.90615
1.85335
1.35477
-3.58770
-9.47406
5.44797
10.11368
0.45697
5.59643
-9.33921
-5.82493
0.60532
1.64350
0.24759
3.59978
2.60585
3.77809
9.54426
-4.58359
3.04121
3.77165
-3.70201
15.32592
-0.81410
-1.76291
-0.23654
3.66870
-1.59221
7.15217
-9.07229
-1.99126
4.52136
0.40986
-13.74342
-6.28877
3.25170
-8.32553
-7.86568
4.20385
-1.11769
-14.85506
-5.48501
-12.57164
-1.75687
-3.82056
-1.89175
-9.96478
-2.02471
6.94814
4.73400
-3.06449
0.40681
-4.61096
5.02905
-1.46453
-1.07060
2.24720
2.41733
10.07236
5.78843
2.84545
-4.32925
-7.16366
-2.23005
-2.20034
-13.09914
6.56296
-4.80300
2.47998
3.73227
3.01217
4.94727
0.18318
4.97975
8.99344
-6.33294
1.68742
-5.46653
12.08634
-10.46408
2.41361
-0.11258
-6.08731
-4.84384
-14.47453
5.67221
2.27065
1.85836
1.68694
2.32404
-0.54686
-3.83199
-4.12194
-2.32135
7.34012
-0.49550
-1.98187
1.84451
-5.82825
-12.53258
-7.41318
3.34327
2.33819
-12.76939
-0.93165
-2.92877
-3.66023
9.54236
-9.23576
-5.65639
-4.88886
4.05548
-1.47521
-9.85647
7.45904
7.99513
-2.05471
-0.64824
-1.88619
4.95123
3.08594
-0.25202
-10.55119
-12.11961
-7.95528
7.17682
6.24705
7.28247
3.05849
6.01950
0.07235
-0.02590
2.48605
2.81901
-8.31751
3.14270
3.41463
-1.01990
6.20673
-4.94519
-3.08160
3.84353
3.50447
-5.78884
1.73338
-2.94824
0.73120
7.24190
-7.40848
-4.76326
9.48500
-14.13124
7.65863
-1.90419
-3.62550
6.90405
-1.52628
3.73852
-0.63081
8.13388
1.95862
-1.92741
-6.63035
7.79223
6.38958
-0.72551
9.63129
-8.39762
-10.60977
5.25229
-4.00755
14.54088
4.77883
3.84320
3.62178
5.30844
1.49506
-6.21752
-6.90035
2.44467
-2.59137
2.20753
-5.47610
4.87372
-8.42336
-8.82521
4.59941
-0.66316
17.45673
-12.46929
5.73877
-0.22361
3.15037
-7.48618
-3.99830
0.69562
2.30046
8.26289
-7.14644
4.45278
-3.90934
-1.36871
9.01649
1.78102
11.98971
2.80972
11.15041
0.48230
2.18919
-0.39410
2.81109
-7.62616
-0.45569
-11.30698
-0.76481
-6.43619
6.66876
-3.08126
12.39810
6.91147
7.23815
6.89220
5.04553
-1.11315
3.01305
11.51306
-4.33114
-2.76779
7.28376
2.34233
2.39057
0.43981
3.77314
-7.87875
16.21031
-8.98183
1.15718
0.09749
2.17797
-8.98282
-1.06701
-1.63811
1.42036
-1.51969
3.21222
-2.14289
-2.03637
7.09179
5.28805
-3.06821
3.43059
1.39204
-10.12359
3.96085
12.07293
-7.67574
3.38931
-2.10446
0.00524
-6.16265
4.83262
-3.05405
2.30397
-3.00671
-8.34051
-7.34570
1.72253
2.83175
4.34238
-4.92671
2.09665
-1.92544
5.75070
-0.10792
8.85343
-6.12013
-2.38727
1.49642
-3.70940
2.03952
8.99277
-5.90342
-2.32446
5.20270
-7.95128
1.83987
-9.07301
8.77789
-2.99287
0.21854
-1.61760
1.05595
-0.16102
0.14555
-11.29846
-4.64257
4.97585
13.87675
6.55832
-2.58606
12.50310
5.68961
-0.61494
-7.30658
-7.45918
0.48650
-5.23858
9.64806
4.32420
-7.27366
-12.14820
-1.44106
3.55721
8.80753
-0.93327
5.74962
-1.75509
1.35627
6.35697
12.36753
2.00370
-5.06084
-3.96528
4.31689
3.84488
7.75017
-9.78639
-0.30170
-4.42626
-9.17137
-2.94061
-0.07854
0.02976
1.31884
-14.63499
-7.75070
4.93683
11.53022
-3.88580
-9.10860
-6.91576
-2.30157
-9.25510
-3.07286
1.02869
3.32753
-4.75498
-6.63616
-2.08106
2.73170
5.70411
8.69542
-1.44800
0.22416
6.94661
-6.22881
-9.13821
-4.98477
7.92887
5.62656
-1.92279
-13.17373
0.50992
-1.67488
4.08313
7.25293
3.12685
16.54214
4.61231
5.29633
0.40483
-9.69781
12.83915
-0.20668
-2.84557
-0.10974
8.94966
4.73317
-5.17735
-4.77116
-9.55040
-3.95463
-9.33810
9.24536
5.41743
-6.21646
-7.41209
-14.90677
-9.55128
-3.73408
-1.90742
-6.89588
-0.02640
0.30978
-2.62744
-0.53461
3.99047
-9.16325
-9.87566
11.93032
-1.65200
-2.78767
-6.65855
1.33165
2.63496
-0.49524
-4.75785
-7.87138
-1.89416
3.76270
-0.64412
-1.87756
-4.40404
6.72481
-2.24856
-7.89819
2.48297
-7.17795
-4.70395
1.40152
1.88254
-6.30012
-6.77936
-10.28390
3.20554
-5.19569
9.64655
3.55224
1.88917
5.52999
-0.96853
3.82845
-8.17787
10.08835
-5.91200
-0.04906
3.66385
6.53391
-1.07706
8.78846
-7.55742
-3.45167
-5.93113
10.77845
11.24735
7.31267
4.23228
-3.32142
1.40232
5.53994
2.17459
-3.53933
-8.20093
9.04375
-0.87931
-2.03323
1.36284
2.45921
12.01595
1.26223
2.53172
5.16693
-18.62445
4.70288
1.33937
-3.19533
0.48613
1.06341
4.80355
1.69183
-1.14513
6.37983
-4.19988
4.96178
1.13437
0.24014
4.56713
2.00554
-2.54165
4.05113
3.21241
2.63094
-7.60524
0.74387
1.86063
6.48345
1.25634
-1.39802
-3.80113
-0.58318
2.18152
1.53070
-10.18817
9.76349
5.53231
-5.17563
-1.47658
10.97259
-0.89990
-7.93111
-5.68746
-1.17021
4.81983
1.49668
-6.79777
0.69171
2.09076
-6.46815
2.91748
-5.29528
-6.40214
-9.20341
7.51229
2.81347
-5.39370
-1.56371
-11.43167
0.33196
-11.62496
-2.46160
8.38205
-10.58062
-6.76786
4.82181
7.47069
2.80997
21.52909
2.06973
-10.44275
-2.11469
-2.15058
1.67159
-0.93650
0.83889
-7.04460
-9.69999
9.32928
1.14267
-1.75726
-0.85549
-7.37233
-8.40732
-2.22035
-4.12588
-6.35267
-0.82678
3.84442
6.49831
7.57551
2.06742
-8.03226
-7.74503
5.46150
-0.18460
-4.03011
-4.95013
-7.02275
-0.29373
0.57142
-4.28594
-5.32802
4.26060
-0.14123
1.23426
4.37188
6.29959
9.23341
5.54242
-1.71123
4.12334
10.55510
-1.70864
6.65534
-7.21613
7.29569
3.39542
8.99447
-1.73877
-0.25902
-4.52700
-0.45851
-3.91581
0.71640
3.79835
-3.19882
4.45380
1.38154
15.35787
-0.50101
-6.89025
2.01905
-8.91349
5.46130
-0.72556
8.60742
6.76585
-1.54008
-2.56956
-1.10853
3.86138
-4.66170
-5.18088
-3.93201
-1.37022
4.11571
-9.89655
-4.55534
11.76839
3.73467
5.25394
5.36037
-0.19668
-14.41613
4.16136
-2.07531
-6.40053
-1.61814
12.85101
12.44212
0.53250
-1.55773
-5.05953
2.81552
2.22240
11.26701
-3.96823
12.80472
3.28744
0.72312
-0.27024
4.40546
-13.28244
2.57147
3.65447
9.76511
2.09680
-2.69615
-5.01699
9.88376
-5.87543
-5.13512
-7.39293
5.67961
-15.83238
13.19618
13.07881
-4.49269
-5.61047
4.80377
1.99420
-1.87666
-3.77311
11.66079
-3.25503
6.27761
4.64025
2.05095
3.11719
-2.06183
-5.05763
7.70983
6.31068
3.33866
13.14920
-9.63002
-10.78417
2.15445
-4.06601
0.11325
-6.49089
2.32284
1.04669
-2.23951
0.77529
2.77023
-3.66389
-2.19920
-9.17660
-10.92485
-4.84824
-4.71268
2.93737
5.79806
1.59614
-4.65326
3.68111
2.91315
5.26500
1.89140
-9.52581
1.08234
-3.94428
-0.21172
2.08962
1.55379
11.27392
-7.24732
-5.10519
3.36297
5.75738
-0.70368
1.32603
6.81943
-1.58213
-3.34632
17.17243
7.87593
1.05435
3.64779
-6.47048
20.83304
3.09030
1.36204
-1.76942
-1.48353
4.64794
0.86458
-7.66828
5.54617
-7.64816
-3.90461
-0.09480
9.70349
-0.61839
-3.67293
-0.36608
-18.41450
-8.25444
1.61758
0.09570
-9.17670
5.16003
-7.03478
7.82508
-5.62204
2.69792
14.72140
-2.38875
1.78529
6.04107
-3.27622
-6.02278
-4.25458
-3.92165
7.65193
10.75208
11.48122
-2.48582
-2.15316
5.49986
-4.32903
-11.40354
-4.41936
-6.41089
8.80686
3.44879
4.58514
-0.20540
-13.17553
1.38197
-0.17154
0.03327
-8.77580
0.45449
5.76114
-1.38771
5.07423
-18.23488
-6.84038
0.78950
-4.45234
3.68383
3.60127
-13.09270
-4.50292
-3.99500
-5.53770
-9.95070
9.35756
-9.36723
-6.89073
-3.01365
-8.77253
1.89471
-0.50558
-6.66542
-1.94112
0.45432
-3.94607
-9.61795
-2.34082
7.09856
-2.92676
-2.25969
12.20074
8.93962
-10.24144
-7.88964
-1.68124
0.12000
5.15615
-3.45935
-1.87737
6.84836
3.68898
2.58686
7.55994
-0.03127
-2.73465
0.48181
0.67281
9.29899
-12.16761
-2.12101
-9.93610
5.03656
-0.22725
-4.11816
0.29683
-0.27109
-4.95957
1.21246
-1.37275
-7.48814
-1.37333
-16.63521
16.53046
-2.20224
-6.09592
-3.95270
-1.21500
6.65492
-3.61512
-9.92929
6.02502
7.27280
0.19959
7.51111
-1.33531
-11.84328
3.09195
-2.54044
0.62778
-7.03812
-2.84745
1.90091
1.31751
1.33002
6.79668
5.31236
-7.74475
-5.13363
-3.85901
-7.85696
5.30709
7.21135
-4.55335
7.13042
-3.78577
-4.79512
2.38667
-2.11558
6.48983
2.93831
-6.38984
0.49706
-0.31215
3.13769
-1.91618
4.26941
-6.64983
-15.73155
-0.50070
-5.28024
3.07444
-1.08236
10.28779
-2.67122
7.99362
3.05946
-5.88567
-5.42904
-8.93260
-1.68164
-5.70164
3.81270
0.23026
-1.03835
-0.80772
-6.50397
-5.48497
-8.14382
2.77169
-6.18902
6.63822
6.65766
-11.35321
-9.67950
2.26607
-6.41171
4.67209
-1.07695
-6.96548
-3.95782
3.87027
1.31667
-11.22682
-18.39373
6.77497
-3.09425
-6.12054
1.25950
0.35588
10.66522
3.79254
6.30200
-6.17594
-0.59129
0.87040
-6.53363
-6.46016
6.72740
2.03191
-8.30137
-0.83992
-6.93664
3.07246
-1.91168
-0.83702
-9.95145
5.17973
-1.10139
-2.04124
8.87867
-1.01130
22.39483
-0.35039
8.19691
-0.61835
6.61962
-0.23993
3.34172
-9.21001
8.28533
-13.38480
3.72978
2.12774
3.20041
2.46025
-11.91862
4.37249
-0.56850
15.62176
1.03852
11.45785
-4.66154
3.70674
-16.45840
6.88119
-3.31075
13.21583
3.41371
12.18434
-2.20808
-3.38810
1.23401
-1.49507
-0.96857
-2.38319
-6.08339
-0.08193
5.20771
-3.57382
-0.31135
10.65326
2.15483
-4.07446
1.85543
7.12688
-4.06591
-4.33280
3.56264
11.45311
-2.95358
3.33368
-10.93479
2.33735
4.27025
-5.08645
-3.19062
-5.29598
10.74513
0.69789
5.77436
-4.38705
3.95238
2.15942
-3.50037
6.18332
-7.18394
11.28847
3.80637
-6.97813
11.79753
-6.11096
2.44444
5.62392
0.43135
0.71046
-16.67516
9.34924
-1.47682
12.95894
-11.91026
-6.88187
4.10245
2.84391
-3.87841
-0.89551
-4.75186
-1.24350
-13.30453
3.68674
-1.85920
-2.37575
6.50382
0.64369
1.35036
3.30288
3.28524
-3.70836
3.82228
-6.73646
3.90613
4.76583
6.56960
-2.16716
1.33159
-4.88690
-4.55332
9.10663
0.58270
4.08709
-12.65861
-7.35496
-8.24291
-8.73003
-2.24274
-0.81276
4.35884
-1.42141
4.55224
-5.08567
-7.51676
5.36018
-7.99338
9.33399
-0.72904
-4.28457
-4.18777
11.89678
-8.99380
-3.69392
-3.56211
-2.84367
11.77456
11.86538
-15.86783
4.59790
-0.47975
15.79971
-1.51266
-8.80651
-10.45133
8.51693
6.04225
23.52225
-8.37311
-0.07372
3.48149
-3.82108
7.62319
3.55080
4.49872
4.93910
2.33059
3.36707
4.98217
-10.85881
-2.91134
-2.89415
-3.91043
-3.67651
-3.20277
13.58958
-5.14031
-8.63175
8.76256
3.67616
-5.02019
13.70204
-8.58060
5.11517
4.96710
-2.75317
3.49175
-7.04248
11.37101
-2.52797
3.59343
5.60678
1.52236
-8.30877
9.03691
-2.19079
-1.20935
-7.52197
-2.62724
-10.78323
-1.10064
-6.36143
0.52541
-0.44958
4.14350
-3.35263
7.20963
-0.68594
-11.69795
3.37593
14.32610
2.72882
-11.93880
8.21101
1.80589
9.07481
5.33529
-1.41032
5.59752
-1.17526
-1.18492
-7.26952
0.45581
4.08748
-0.87382
-4.78862
7.28082
-2.86223
5.35459
-2.83145
-6.01570
-9.27441
6.30489
3.62374
0.64288
3.85558
0.63663
-0.10823
-5.15223
3.98643
4.27996
-9.56599
4.63965
5.52827
5.26048
-0.44418
-9.26184
4.38509
-2.51563
-3.77411
6.38815
-5.34045
-0.60349
-7.33452
-2.28890
-7.67596
8.29356
1.84254
-0.43273
18.12237
-4.51805
3.91915
-6.60666
5.50952
-0.49636
-3.36950
-9.33416
-9.91147
0.99817
-5.07428
0.77127
5.02433
-2.62375
1.96464
-3.34439
-2.26935
5.47926
1.60862
-0.82861
7.76013
-13.96860
-0.61357
-1.95338
4.87072
-2.27908
-4.81789
-1.62329
-4.39675
-0.95144
-0.05417
10.92350
-2.46747
0.16119
14.25581
6.00445
5.39917
7.51286
-3.03369
6.13495
4.42082
-2.26190
3.68151
8.49660
-9.96237
-10.42001
4.49252
-2.63284
5.77536
2.15402
-3.50010
5.38319
0.34225
-4.62728
5.86448
11.93560
-2.06884
2.73649
1.80751
0.08204
-2.31722
-3.70842
1.46606
1.60975
-0.01419
-7.56484
-3.20435
1.69217
1.65512
-0.37244
-0.88234
10.43136
-1.57233
-0.08100
-2.44433
-15.21487
8.60382
6.39078
-3.35043
-2.60587
0.49653
9.18122
-8.92425
-0.10471
8.96481
1.95608
-3.67903
-8.40499
-2.31032
7.80595
8.69553
0.86495
3.39935
7.12302
-3.30942
2.02799
-1.28897
1.47228
7.78007
4.09852
-6.15190
5.81216
9.71080
-9.49656
-3.06677
-1.02147
-11.90037
6.98680
-3.54829
-1.26702
0.34085
10.32859
-2.69880
3.69500
-6.49999
-0.70786
12.47507
-0.62104
-5.82485
-3.51851
-3.85930
4.16673
-3.15556
-0.01237
-4.67757
7.02063
7.89909
-2.06367
-1.83900
-10.51270
-7.79271
-2.10620
-6.36676
4.22973
2.01714
-3.74392
-1.07158
3.53713
4.69520
-16.07465
-9.60622
-6.40019
1.67010
4.60004
-5.47466
-4.25893
-4.90952
-1.00828
-2.56559
0.65201
0.78652
-6.26648
11.21041
2.96317
-5.81680
-10.35444
1.11200
4.01055
0.24955
2.60047
-1.45891
-2.19143
-2.36967
-10.75251
0.53485
-7.51723
1.56001
-1.60805
6.73096
-3.72521
-15.47457
3.80067
-2.83758
-5.03066
2.02488
9.91565
-2.02963
-7.87986
2.27802
5.02128
-0.71494
-8.86419
-12.65103
-6.57156
5.67952
-5.16470
8.61403
7.93932
-12.10833
8.65806
-4.38727
-8.22995
-15.72980
5.67361
-1.99741
7.64245
-4.43839
2.60422
-6.14247
8.86364
3.81158
5.21592
-6.86199
-4.60952
-7.62618
8.41442
-8.39951
-2.05032
-3.39042
11.93514
-1.63088
1.87832
-3.05625
2.19963
4.45759
1.81786
3.29820
-0.09799
8.77871
7.79783
-6.23125
-10.35468
-4.42052
-5.48078
16.58871
0.78809
-10.49215
11.17256
3.57467
-4.39129
-6.91888
0.91702
-5.31968
-3.21321
-8.25428
-2.65202
8.15821
9.68164
5.28942
-1.68771
4.73506
-2.86532
1.13833
3.43582
5.89324
0.09144
-4.27050
-0.91167
2.86308
9.19096
1.24213
-7.32086
-6.33635
0.06435
-2.48783
-8.64219
6.23454
1.42754
-3.93227
2.13230
-3.03334
9.07876
1.46505
-0.68882
0.78098
-3.19918
-3.84254
5.26786
6.51770
-11.74465
-2.74120
4.81980
-3.38385
-6.75785
-13.52385
-8.26986
-0.22504
4.76752
-5.01496
-5.89602
6.33638
-0.08715
-3.36093
-6.64903
-6.39879
4.65252
3.31424
7.08046
-7.35940
0.10857
10.90962
12.64615
-3.60878
-1.36922
-0.19765
6.76243
0.10277
-6.45529
-0.60743
2.85313
1.38533
-6.57600
4.18927
5.61871
6.99738
2.01694
-0.82926
7.28328
-4.91403
-6.19721
5.37977
-2.58486
1.71560
9.87920
3.37999
-3.06986
-5.51019
0.38307
-6.53111
3.71345
-5.50746
7.32112
0.45747
-13.20045
3.04620
1.75280
-4.26046
4.10832
1.91593
0.93115
-11.31594
-8.48081
-6.53458
-1.02113
-2.46385
-10.61560
12.46731
6.23018
-1.08122
-0.32313
15.12070
7.03040
-3.02245
-5.31023
0.25559
-4.00959
-3.04865
0.57335
7.66791
8.09748
6.51226
-8.69129
-0.20131
-2.48679
2.62131
-3.17848
-0.31501
5.74692
4.58012
-4.20484
-10.37881
-6.36543
-1.42513
18.11969
9.31545
1.43518
-3.30530
-5.51882
-11.46172
3.93455
7.33378
12.53319
-2.37962
-0.07688
-2.03808
6.44528
-1.11392
-0.41142
8.17316
-2.84233
-2.85534
-0.07025
-5.69139
-0.35012
3.65617
-0.00479
2.01498
2.54220
3.59235
-4.05622
-5.44399
4.18937
4.19026
1.97228
15.69785
-6.66164
0.88053
-0.99343
3.64790
-8.81431
-10.91963
-0.86000
-6.68849
2.55259
-8.53328
-0.84046
-7.97827
8.32663
-2.65973
-1.65445
-5.83785
1.72446
10.85714
-2.34073
1.02813
0.02107
-1.62988
9.51297
4.29868
7.82770
-3.70058
-0.91755
6.95924
-14.05486
5.72526
-7.10259
3.77189
-11.11131
3.92529
-3.31750
4.56221
-7.79302
-2.40946
-1.80193
11.11412
0.26115
-1.62337
12.11559
-2.10002
6.75706
3.56362
4.47775
4.27666
-11.62113
4.35068
-0.56367
4.41351
-0.05635
-4.73069
4.05382
-0.56458
-0.55793
-11.38423
-1.77947
0.58424
15.68519
-6.56463
-7.24684
-8.58021
5.00439
14.12774
-0.34365
8.85132
-6.53628
2.08847
1.77178
-9.03619
13.90481
6.84947
-6.00017
-9.55325
-4.27670
-4.57168
1.49169
3.04406
1.74772
2.50432
-3.83304
6.38888
10.77697
5.68656
-0.24129
-0.80204
10.23827
3.49124
3.65345
-4.89839
-3.58110
4.77352
8.36664
0.73005
-11.83082
8.97876
3.06512
-2.79185
10.57599
8.41488
1.60604
2.77798
-4.21879
-6.45754
-11.63489
-1.57621
-6.86288
-11.99317
-4.64754
-3.97661
2.69649
-6.92767
-0.02788
9.24696
4.74807
3.86269
-5.29207
1.17952
-2.56594
0.66676
-1.04171
0.94515
-7.23511
5.85316
8.60658
-1.67380
-0.53825
-7.33018
2.19626
-8.70618
-9.25417
2.38926
-0.51199
-4.27943
18.04657
0.61457
-6.43893
1.40887
6.98855
-3.20087
-2.11695
-0.64829
4.51105
-0.37858
-2.24837
-0.58619
2.79669
8.47143
0.04466
-5.09217
7.19343
4.13951
5.58565
0.07492
9.25574
10.32762
4.05650
9.20421
-15.12144
7.50331
0.93781
0.63231
8.15320
1.35154
2.29660
-1.26327
2.75156
-1.08498
6.76756
2.39890
-4.22022
0.81448
7.12698
-5.06747
2.56676
4.82058
-4.13937
-12.64750
7.00107
11.98075
-5.37391
-11.36688
1.36383
6.73423
-3.38429
1.97430
-8.29863
6.82904
1.76285
-1.46191
0.13198
-6.61731
1.15870
-1.41437
9.66403
9.53232
-6.66781
4.88729
5.97315
2.74583
1.35952
-5.87655
4.06103
-1.34964
-4.32926
7.88287
-7.28454
-2.66607
6.63432
-2.45263
-8.02909
-8.24381
2.11479
-7.26082
-1.80435
-6.41106
5.87932
6.64930
4.86087
-5.52538
-2.14532
-2.20498
4.48272
-14.71867
8.03802
2.34615
-9.26495
-1.84786
-3.24757
2.53648
2.64431
2.19218
0.20499
6.27565
-11.18038
-7.69546
11.58220
3.37308
10.10455
-2.44886
4.42724
2.89913
-6.09771
-6.31419
-10.14228
13.10433
-2.63789
-11.98270
-2.75855
6.52845
4.58542
-2.00297
-2.21558
10.08426
2.84269
7.41101
5.10021
-4.03216
3.04670
-2.55167
2.51703
-2.72093
-0.19612
10.93228
-5.87715
0.64189
3.26646
-0.52793
-1.97778
2.65262
-7.67137
-3.28116
9.15400
-3.34532
-1.09557
-10.02098
3.23656
-0.96271
-4.02508
-4.15513
0.05018
0.84309
-5.02264
-0.39132
4.08985
1.26221
-17.96179
6.01823
2.76123
1.66136
-7.17935
-0.31874
1.96196
-5.93886
-5.36773
-13.18640
7.51419
1.95011
10.97948
10.38992
-3.50267
-0.38329
-2.99004
13.16795
-2.71544
-9.22694
8.51566
-10.69532
1.36739
-8.64005
-2.55111
-3.37785
-6.52226
16.12642
3.72155
0.22243
7.65105
-4.54460
-6.54056
6.77355
-2.65072
3.21536
-3.64167
5.00037
10.04474
6.68875
-1.03747
8.47041
-2.14323
7.54612
8.82241
8.02379
-0.71135
5.12437
5.09800
5.68513
-7.51866
-3.31861
5.36624
-11.84515
0.47376
4.61455
-12.81555
-6.99185
-0.63388
4.33559
0.59255
0.54595
8.40727
-3.86060
1.85640
-4.90260
-4.08596
-1.83253
-5.44556
2.92079
4.68342
1.34435
3.14177
3.49431
1.50852
1.21439
-8.71500
3.54361
-2.78119
-0.09982
5.01839
4.53003
-11.67584
-2.84319
2.66920
2.57686
-0.46469
3.77489
4.61653
-7.07883
1.40033
11.26742
-0.12043
1.27545
-9.43345
5.28202
-10.94444
-11.23669
0.76291
6.92148
0.01717
-3.85855
-3.07641
-4.55073
-0.95565
4.07494
-12.28382
-11.62014
1.74683
0.70043
4.44887
3.49234
-0.88922
2.06762
-8.63643
-7.86717
-2.68961
-18.91044
4.71744
-4.22264
1.20816
-1.50565
2.42551
-2.36719
-3.01603
-7.82493
-7.70919
2.20434
4.57467
-4.57402
-1.41255
1.49165
0.99914
2.97747
-11.58694
20.12287
6.29967
-8.56307
-10.67374
-5.64359
12.13427
4.66440
0.17031
5.63952
-8.77000
-5.92808
-8.75397
3.14395
7.68738
-0.30686
1.93232
0.93451
2.95204
0.86495
4.00166
-7.15409
13.60214
-5.98550
5.56681
3.82949
4.34272
-1.34793
0.70577
0.76362
-4.35906
7.07301
-8.53373
0.42750
-0.20300
-0.14321
2.50494
-6.06598
-4.74499
3.24928
2.32413
4.42683
-1.00227
-2.82306
3.05074
-1.16152
-2.04775
4.10636
7.69369
8.76392
5.40400
1.18614
-5.36560
-1.51794
0.70123
0.43065
3.20859
-10.96035
1.84509
-5.31839
-2.93121
0.18004
-0.76176
-1.11245
1.10985
0.56690
-5.38999
1.54641
-0.67040
0.99742
-0.24985
-3.81638
-8.28051
1.66761
2.19166
7.51488
-9.62726
-4.12172
3.43239
3.12880
0.60691
-1.50751
8.32186
1.88865
7.83071
4.60494
10.11017
-8.33308
-1.18119
5.14165
1.08857
-8.67837
-1.69006
-7.91353
4.39483
-2.79803
0.29462
-9.86306
-8.14120
-7.32643
-2.09180
-4.97725
3.91253
-6.15943
-3.97412
2.97581
-2.90989
7.07822
3.62433
7.69043
8.42317
-8.62139
6.33488
-0.37892
-7.43667
-7.19322
-15.49586
2.29961
3.11099
2.05881
4.63845
10.51152
4.81242
7.86590
-10.11831
0.31081
10.72669
-10.52393
2.34181
-1.73916
-0.94392
-1.44137
9.65318
5.10274
-3.98326
-8.05808
-3.82350
0.84014
-6.30409
0.51110
3.59178
-3.94654
-2.57572
-0.97795
-4.26487
0.61564
-2.71313
-0.19668
15.78467
-11.53081
4.93591
-0.08895
1.60766
-6.23605
9.04776
-5.81922
-6.35733
-0.24292
7.81290
-0.91190
-8.51164
-11.74936
1.41805
-2.05307
-5.49356
5.70189
2.59515
-1.45596
0.40536
0.20967
2.04061
-2.03850
-3.94580
-2.35233
0.17708
-9.15152
-0.03597
10.76492
-4.44103
3.26100
-10.52946
3.68427
0.82677
-3.30557
-0.82790
6.79065
-3.36524
2.44606
-4.81563
5.65676
0.40957
10.69353
7.87124
11.76682
-5.08332
2.95586
-2.07921
15.39382
-3.55944
-3.56404
-10.59281
12.08457
10.14815
-2.59417
-0.35647
-3.18848
4.15947
-1.62223
-5.71902
-8.95524
0.39170
0.60905
-1.97614
-1.00212
-1.46843
0.99729
6.91021
1.47991
-4.57432
3.71160
7.06658
-7.89361
2.93042
-0.11057
3.35443
-0.62443
-9.84542
-1.56998
-3.34465
5.87997
2.56224
9.73515
-6.29248
3.08528
-2.46871
-2.05850
-4.83404
10.06844
12.56090
1.93860
-5.46702
-3.50614
3.54868
-3.40228
-8.27043
3.66727
1.30361
-6.30462
0.62428
9.24886
-7.41399
-1.66739
0.46645
-4.48922
-1.32026
-3.70857
-3.25263
-4.55386
-2.21927
-1.33335
5.07729
-4.64665
14.69290
4.03152
-11.83198
0.99156
8.30030
5.31880
9.72467
5.54854
-6.34936
-5.11908
-6.77342
-2.64201
0.27305
-5.85007
-2.10208
-0.49188
1.46711
-6.37772
-5.89830
-4.35234
7.64827
1.80709
-3.39856
-4.03794
-8.71238
0.00356
3.45146
0.26088
-3.95575
2.59297
-6.26636
-0.24426
9.05006
2.87743
2.24122
-12.69833
-4.43811
0.12907
-0.98943
-7.95352
-10.47407
2.11970
12.61147
5.14448
-1.55769
-1.79141
-5.48126
8.11319
-0.54163
11.39755
-5.18179
2.11497
7.70440
4.55063
-0.73620
8.98969
-0.61531
-6.53112
0.83256
-18.64452
4.62010
-3.94336
8.43487
1.99746
2.10161
4.75307
-1.43084
7.83335
-5.66209
0.09720
2.31469
3.76145
9.04198
-2.14104
10.23390
2.48701
-2.34186
5.97981
1.50770
-2.22936
-7.88777
6.29641
4.87471
2.86264
8.45472
3.31602
-5.46560
-6.11548
-6.14452
-5.55730
-0.77427
0.44202
3.89545
-1.58696
7.18869
6.24285
3.71507
5.64284
0.93552
-5.10039
-5.04816
-3.70829
3.91576
-4.56361
-3.25338
5.91555
-1.11883
4.21000
-7.39260
3.53231
-8.67859
0.60688
-1.78028
-1.21491
-10.44121
4.98708
-0.67788
-11.58546
7.17046
9.85206
5.28409
5.16643
-11.27072
-7.39988
-5.43092
-4.09412
-4.81732
-0.01299
9.66728
2.61447
-6.65403
-11.58143
6.19744
-1.23532
-8.88043
7.93890
-4.88693
2.80388
-6.21626
-7.20079
-6.06979
2.34283
2.39162
-0.02943
8.53700
6.61660
-6.89728
-0.25428
4.64256
9.03439
-7.75529
-3.49833
-5.99700
9.41657
3.79036
-6.08966
5.15454
11.78132
-8.60708
-1.53953
3.45279
-3.48524
-2.10474
-2.65553
-1.51726
-9.59649
0.73594
-5.45978
-6.96687
-5.75089
-4.25584
2.36539
-7.17239
-0.51518
-4.54215
6.93329
5.89132
14.23094
-1.14007
-20.27362
-1.80823
-8.67546
-6.17082
2.65557
-16.17065
8.43684
13.06643
6.02673
-0.65145
-3.75068
-0.37026
-5.61130
-2.14862
-3.60260
4.92667
-5.46875
-7.12749
-3.09380
2.07089
6.28892
-1.79791
3.02744
12.50724
-8.00717
0.00797
1.23641
2.31130
-12.22600
-0.92811
-0.65133
-2.13224
-3.83330
1.26652
-9.91431
-0.43992
7.10371
8.54059
4.58568
-9.23292
-7.63968
1.63370
-4.34021
3.41746
-7.43120
-13.29688
-5.78425
7.20903
-2.36799
6.11571
4.87711
10.91248
-7.51471
8.65968
2.76928
-3.75376
1.62206
2.12668
1.32586
-9.26314
5.54086
-9.82006
-4.21556
-0.97616
2.82611
-6.98783
8.22340
4.80504
-3.89472
0.97136
-0.65176
-2.81562
4.10736
8.76716
-5.82426
1.22632
-1.65537
0.33209
-4.41628
4.97500
-4.06139
-4.26897
3.13109
-1.88240
-13.16652
-2.00937
-5.49383
8.17578
-3.61435
-9.06726
-4.80978
-5.98517
-0.71780
10.10720
1.85231
3.25920
-4.74456
-3.28482
1.00875
0.39553
-8.56042
-11.89485
2.16645
3.68407
-4.08316
-14.18255
-0.59644
-6.98356
1.53614
0.78358
2.45388
-4.06955
3.34090
-4.60261
0.34553
-1.62510
8.52017
10.70082
-2.00522
-7.26097
9.86049
-4.19582
11.08529
1.59044
-1.69922
0.45727
3.53649
-5.22239
6.03729
-2.51808
-1.51815
-1.03876
-3.00547
-8.62356
-8.73386
1.82437
-4.65637
-0.49501
-2.52437
-5.40841
2.11859
-9.50514
1.50395
1.54854
4.43163
3.65174
2.69125
9.06023
5.00957
5.03780
2.27729
2.35484
-0.50043
9.63959
-2.72558
-4.28315
-4.12174
8.96416
10.78752
-1.14921
2.19772
-11.03904
-4.36900
5.10829
1.13279
-3.98493
-8.23865
13.14132
2.69039
0.54021
-11.98487
5.66207
-2.96487
-0.07399
5.95477
-5.79922
-7.86406
-0.73438
3.47415
1.34291
9.65383
-1.69070
-2.69271
-8.27949
-9.01168
0.35507
7.41189
-5.07756
-5.59405
0.58058
5.13171
7.93359
-0.55448
18.98012
9.36095
0.44229
-3.50691
13.63230
0.62913
-3.46863
-5.32706
-4.94855
-1.22202
-2.94215
2.05429
-2.60072
3.03396
-6.76313
10.04314
7.52891
-3.13465
0.11141
-1.18541
-1.07859
-7.61075
-5.23647
4.19191
-5.37869
-1.08026
-2.43262
10.52673
-0.40432
-3.26021
3.23982
0.12342
4.62114
-1.01562
4.17954
-12.56893
-5.38471
6.95432
-0.16417
-1.35556
-3.49346
-5.15246
-7.05266
5.06873
4.29417
7.81019
2.16309
-8.76831
4.19933
-11.34927
-0.46015
4.12749
1.23215
-8.46006
5.18696
3.31249
-4.12813
-2.07354
-1.20825
-6.83968
-5.16167
-6.39080
6.94684
0.97624
-1.68672
10.57366
7.24836
0.80868
1.82713
-4.33498
-17.18081
3.67087
-14.76691
-5.43422
-7.69662
-3.14358
-7.20928
-7.24171
6.66021
4.09026
-5.03595
-2.51177
-2.58525
4.80938
6.26293
2.80777
-1.82732
-6.03819
-10.34127
7.60116
1.03884
-2.38450
9.11431
4.72870
3.17424
-3.13101
-2.87776
-1.73085
-4.49492
-1.85638
-6.51328
10.86611
-8.85709
3.97240
1.63404
12.25384
1.64295
1.48502
1.42257
10.12254
-6.36760
11.67731
-4.23827
3.94523
1.97549
6.23674
-1.57065
2.91001
-3.47916
-0.77830
-2.26223
10.06982
2.31861
-0.18690
-5.40450
-3.49291
2.25887
-1.59851
0.03039
2.06319
-6.02693
3.67752
-2.47751
2.04915
-12.24604
-4.84984
-2.53279
2.68387
2.74563
-2.85006
4.10035
7.27113
-2.07858
1.63699
14.77759
10.63104
2.81294
8.07749
3.44854
0.12791
-10.24947
0.87079
-4.86504
5.17349
4.16658
-1.06467
3.78885
-0.85298
-5.72005
2.91954
-5.52199
-2.12175
-5.81435
-3.14730
-7.55929
0.45034
-5.80979
1.63935
-9.99583
0.88342
-5.32826
5.99206
7.32080
8.17719
-0.34967
-1.04459
-4.74594
-5.97860
0.36229
1.94861
-1.43086
4.21834
-2.59187
-4.98317
-2.97270
-2.16145
0.63691
-8.03937
-6.54271
-2.73599
-3.72903
-3.22696
3.29232
-7.47698
-15.45445
-6.55135
8.72412
-3.90959
-5.12763
-3.63597
13.50029
8.38263
14.01335
-13.83424
-0.38813
5.96475
-5.17580
9.21574
-5.23812
14.72988
3.98708
3.77948
0.80495
17.84369
4.93028
-4.00423
-3.21978
-0.98238
-4.25461
2.98486
-0.65728
-4.53757
5.71694
3.83718
1.60682
8.56597
-7.50844
0.78945
8.21917
3.58949
0.27776
6.02157
-13.00423
6.80575
1.70773
1.76318
9.80499
3.79795
2.99188
-1.57550
0.67889
0.67251
-5.36341
4.49784
0.20209
-19.73820
4.48703
-0.07624
-8.28538
-0.89692
-0.74681
-5.98857
-9.77283
-2.49741
2.31719
-8.82315
-11.58643
-1.75695
1.85393
-1.04977
-6.14587
6.41759
5.29903
-5.36727
8.91148
-0.58418
-5.13575
1.14332
-5.52701
-7.32557
-0.22006
-1.45958
3.09898
-1.82286
-7.20246
5.72523
-0.32093
-14.13998
0.27606
-3.74209
-3.03652
-7.85559
-0.49991
-3.59095
11.28440
1.70826
5.41529
12.19715
-5.09334
-0.03170
1.34650
-5.47982
11.92126
0.12891
10.36920
1.20902
-1.64606
-8.78621
2.19263
-0.64661
-4.09468
3.40779
-1.62298
3.06828
-3.65325
7.83318
0.68007
0.74743
14.44917
3.66115
9.89756
2.93832
-3.49374
0.51118
10.06206
3.44510
-1.63757
2.11238
-9.29379
-7.51706
2.84048
9.91940
6.32826
-9.74578
-7.55077
-10.34994
-5.65174
-5.20192
-3.93755
-3.47684
-0.61887
-1.64359
-4.72989
6.73969
3.16375
3.03808
1.03334
-1.54759
3.00893
8.23502
3.84499
-2.93564
2.66145
7.28635
-3.65584
-4.00073
5.82724
-9.62314
3.83492
4.02333
8.53455
8.74577
5.46985
8.07196
6.77316
2.73316
-11.75497
7.37976
-1.06767
0.70344
0.88596
-10.28410
1.77724
-6.96168
6.58050
0.43489
7.34279
0.62890
0.59816
3.09626
-10.10432
2.01791
11.65801
5.53353
0.79872
-0.62556
-4.07569
-6.98026
-2.41168
-1.41735
1.01607
-3.03655
-2.01089
2.98286
6.96496
2.20635
7.65439
12.46083
2.98397
-1.32158
-11.85065
-6.18866
0.55524
-7.71774
6.22025
1.11355
-3.79450
-6.56795
-5.20560
5.40075
-3.26581
-10.39455
-10.40949
9.29301
0.95096
-15.74585
5.83268
-4.54855
-8.19229
4.38429
1.10969
-3.91963
5.88342
-5.64649
2.42268
-7.78136
-8.13567
-10.01614
3.30423
3.78846
-5.77305
4.78878
4.23970
-5.49493
2.11614
2.51594
7.74085
-1.04470
13.19018
-3.83162
-5.40154
1.39663
7.41114
1.90188
-1.05106
2.22870
7.33697
5.47159
8.43767
-7.78337
4.60673
2.07558
-7.63135
20.20100
-0.93755
1.83385
-8.62138
3.05091
2.05175
-2.16998
-8.39352
-5.28447
0.88964
6.50292
-0.16464
3.51137
1.03709
-6.96801
6.96971
1.16747
1.59194
7.32927
-12.99159
0.23986
-0.67613
9.52931
-4.49098
4.30657
3.47744
-16.82581
-6.98509
1.20955
7.36042
-9.66190
-8.81911
-7.83844
4.35007
6.34517
-3.17579
0.70881
7.46353
2.99786
-11.55126
10.64857
-13.35280
-8.86730
3.60177
-0.54574
-0.91980
4.27599
-0.45845
7.16655
-1.04889
3.37769
0.06748
-1.43230
-3.31838
-13.00233
5.94730
4.17692
11.17789
1.95744
-0.86432
-2.70513
-7.34087
10.79925
-1.59433
-0.85060
3.99944
1.39835
7.27924
2.52331
-3.47542
0.58028
-5.35162
10.58394
-8.86828
-11.59639
-1.71883
-0.52177
1.88396
2.37808
10.91635
-11.01539
1.26035
4.50957
2.47416
16.38720
-11.56994
-4.82923
-18.53878
10.34288
2.39846
-2.92497
3.49476
-3.75002
5.28428
-0.40739
6.65806
9.42365
-7.21966
-3.33019
-0.41987
-7.88290
-4.29049
0.60843
-0.51961
-4.21799
0.88493
-12.70505
-2.41151
-2.10763
-9.18772
-0.62826
-2.19881
-3.16713
-10.85328
-9.66444
13.71711
7.54842
-6.27843
-10.77968
-6.05393
-0.81802
5.66376
7.61139
3.32817
2.57508
0.81180
0.05262
-0.75121
4.25320
-3.18529
-4.10216
-0.42742
0.68471
-15.88851
-7.14627
-0.60387
-7.01105
6.55899
-4.52733
8.68072
-13.90416
-8.76494
5.68439
-11.87693
-0.12465
1.91442
-3.41862
0.67789
-2.63390
1.69390
-3.08356
2.66765
1.83216
4.30403
3.94157
5.60164
-3.24503
0.03439
7.91075
-1.67521
5.31870
1.59180
0.20303
2.99713
3.62628
4.36620
3.28634
-0.18099
1.97038
-1.50372
6.04372
7.21561
5.30732
-6.87253
-2.44457
-4.54770
-5.74842
5.84313
-6.93514
10.17317
3.50695
-2.70688
1.74379
1.07793
1.58480
4.54723
-0.32754
0.61839
9.00527
-11.91946
5.66751
0.24099
3.30423
-0.13054
-1.98581
10.00720
-1.48837
7.01893
8.63248
-2.61002
-13.10020
6.31615
4.11146
1.74154
7.40245
11.74866
0.04369
1.33131
5.90336
-10.49887
2.66024
3.00620
-1.26249
10.97651
9.04041
3.41654
-13.01659
-3.69686
1.24944
1.61275
-3.35763
1.47786
13.69694
-2.40014
-11.56664
0.41448
-0.09443
1.27227
-0.27135
-6.01405
4.01803
-7.67057
6.66781
1.07723
-2.80419
8.10817
9.33817
-3.31255
3.78155
1.44773
-4.96673
-6.91481
-7.30184
-0.15087
-2.54362
-6.84816
1.14170
-2.40518
-12.03704
-18.00488
-3.82154
5.58626
-4.69730
1.11982
18.18207
15.16526
5.42463
3.71411
-2.70526
1.39903
-8.07166
1.74873
-0.21011
-6.72967
-4.28409
-0.24781
7.94320
-6.99721
-0.63883
0.33895
10.69111
-10.11006
-2.00693
-9.63357
-2.49236
-4.55145
9.26338
10.49532
-6.83410
4.51741
11.65530
-0.89007
5.77189
3.99685
-5.28276
1.01161
-3.74096
0.75837
7.99955
-1.40439
-7.81427
-7.69791
10.40621
-10.69543
-3.90321
0.19461
-15.11991
2.58296
-9.76645
2.49850
1.42962
-16.52984
-2.54487
0.94316
-5.64584
-13.29995
-1.02812
3.99107
4.90956
-7.18515
-4.22381
-0.03128
0.43358
-3.37050
-13.25555
-7.33848
2.31523
-5.36716
-0.89118
-4.33626
3.91173
-8.30102
3.63363
-7.31085
3.96965
-2.96887
1.19060
-17.98269
4.94607
-2.10348
4.83537
6.07457
4.75691
11.93773
-6.48446
-3.64076
-0.54557
-1.44942
0.83390
3.23188
-9.47573
2.35443
-0.22401
7.84137
4.41520
3.95631
-1.58371
5.49463
-10.10080
-4.91824
5.10408
8.31350
0.44150
6.04225
3.49682
5.36360
-3.52835
-2.13216
-6.67470
11.79466
2.16809
11.21432
1.40116
-3.46796
-7.74485
6.06552
1.84254
8.36119
-5.64117
-2.21682
-5.20634
6.97470
9.76896
0.15519
6.28001
-2.66060
-8.69687
-0.26328
-2.65088
-7.33141
-7.20476
11.37645
3.17682
0.39659
10.33038
-4.43774
-1.50058
-11.16894
-8.67240
-7.37288
-4.31066
-4.21588
-4.92266
-4.77199
1.18041
-2.03004
-0.69472
5.36248
-16.97173
-3.44370
6.04659
9.12789
-0.18228
5.45838
1.72385
-5.42992
3.44318
-5.64033
3.23409
-8.44203
0.24701
1.67676
-0.50477
-2.58354
-12.61639
0.79286
-8.16776
-5.72915
0.79301
-0.75445
-0.44779
5.45245
0.78865
-0.30792
-4.90589
16.88183
-14.93552
5.81349
-0.99539
1.49728
4.40319
-3.82065
3.50556
-10.97502
3.31398
-3.65301
0.19693
-1.59282
5.31263
0.35629
4.84149
-4.59765
5.49711
0.31707
-7.95459
0.81629
-3.22229
-6.07584
8.63186
3.85778
13.80705
7.28518
8.40574
-3.63264
-3.60657
-1.97595
1.84187
-5.62668
17.91659
-7.52057
-0.78527
-5.23254
-4.30001
2.04570
6.29690
1.56173
14.60190
7.13286
-0.46811
-13.37390
2.96770
-3.37200
3.18668
-3.89015
-7.08830
-3.72458
-1.79404
14.69360
-1.29416
0.62967
3.27422
3.94009
-1.88705
9.41889
-7.83209
-4.44856
6.95189
11.15460
-7.88379
9.55611
-1.53280
-4.82297
5.17499
6.54912
-10.78488
-11.65392
3.97614
8.92061
6.01843
10.07744
2.51462
-0.61974
0.07955
-7.20899
-0.74295
10.89839
-2.36813
4.21202
1.37345
6.12871
-1.28863
-3.56481
2.37864
0.96580
-8.09275
5.94023
8.40086
3.50755
8.37696
8.10587
-3.94860
-0.04023
-9.57893
4.21537
-5.29783
6.51234
1.05220
-6.26137
-3.84732
5.42383
0.36441
8.01353
0.81949
-1.29539
0.16666
-1.04616
1.90416
7.17337
-2.44269
3.93542
9.97617
1.29316
-5.14512
-1.55428
-9.52516
-0.20645
-10.45717
-6.70598
9.81812
-5.38812
-6.58067
-4.57471
-4.71055
5.11665
-6.85827
-9.23121
-5.14242
11.51845
-3.10835
-1.18560
10.52924
-7.58058
1.75491
-10.55214
-4.52312
-1.00216
-4.57789
-7.75942
5.55785
9.33319
2.65530
-1.75044
6.22334
-1.18949
4.74906
7.81710
7.82287
4.60406
-1.17539
4.69537
8.03832
8.16600
-5.05909
-9.15916
-4.50720
0.26022
7.32863
-7.86820
0.07344
4.97154
1.24615
-1.75956
4.25755
0.08161
-9.29343
-1.38798
1.98387
-0.18100
-3.63963
-2.61290
-2.64056
0.71130
-0.01023
2.28938
5.86649
7.12069
4.99400
6.37136
-2.83626
8.17956
-0.48947
8.13234
-1.66633
-2.88534
-4.28488
9.40863
1.79492
-10.95551
-5.23852
0.22539
8.40686
-6.27383
0.50085
9.18864
4.78175
-3.08703
-6.88026
-2.50344
0.87115
-6.09824
-0.72720
2.62964
-4.39916
1.83033
-4.24581
-16.03585
-3.80891
-7.73237
-14.50486
3.85731
-1.51947
9.94876
-2.61532
-7.36764
-2.77689
-1.49815
-4.88848
6.11696
9.82471
-3.75529
6.06283
-5.53235
4.55354
-3.69450
-6.74213
-6.58667
-1.63265
-4.19729
7.23530
-0.80788
1.67212
-2.56452
1.58533
1.53222
6.76378
-0.98418
7.97587
1.00973
8.05296
9.46058
-8.37607
-6.21519
-0.54918
-3.98950
-6.14238
-4.43720
-2.12485
2.22070
8.08569
-2.91216
-1.28692
4.56394
6.98780
-0.26167
7.34522
-2.09203
-0.81800
3.20692
-0.85451
8.18747
3.55446
11.71884
-8.38265
-9.58414
6.61362
2.69723
6.13057
1.99341
3.06696
-4.97941
12.81957
-8.15056
2.14278
3.21656
-3.64061
5.77906
2.95289
-1.79578
6.14660
-0.76894
-2.62248
5.85827
-3.21346
-8.20656
-7.72672
-1.33631
1.26991
-1.00682
-0.48831
-8.14798
-4.06115
8.54901
1.31450
4.39436
-4.28312
-0.16489
-6.53479
7.87366
-2.33046
-5.27730
8.16216
-7.85373
-3.14410
5.05351
9.65184
2.72393
1.54725
-12.02789
-0.67919
-0.50161
-4.96384
-18.39708
0.15267
3.12407
2.11472
2.28852
10.57749
6.77458
-1.48021
-0.13914
-6.00040
3.11186
-1.20539
-7.51239
1.80275
-3.58243
-8.12806
-6.13275
-7.62354
3.68369
1.01921
7.83831
-2.26358
16.02504
4.00080
-7.99761
-12.20804
7.39061
-3.18377
7.00638
1.82328
-7.27962
-0.86045
-2.12272
0.79642
3.10550
-3.18574
-2.91106
3.28636
-4.30616
-15.05144
16.05229
12.91362
19.42727
8.84276
7.55502
4.55896
1.79364
4.98727
2.67423
-1.72593
-0.20110
-9.92319
-2.92748
5.96146
-3.21703
4.47910
-2.88301
7.80790
10.23739
-1.06580
3.58442
7.73609
-5.44006
-3.44303
6.16972
-4.67768
-5.51381
13.38290
0.48855
3.94578
2.75184
12.52031
-4.80508
-6.25897
-1.77966
1.51454
-10.78829
-8.08613
-1.31458
0.72395
-10.03379
3.83828
3.78950
-3.45711
2.25737
-12.49634
2.57260
-6.18181
-3.77931
-11.32719
7.16764
-5.63140
6.61390
5.38006
0.74604
8.08751
5.91803
-7.97741
7.15450
4.17257
-0.68855
-3.58500
-2.83427
7.66497
9.28080
1.72753
-5.45524
8.21703
4.91803
3.98299
15.53296
2.33164
-3.14049
-1.26451
0.17773
-5.10686
-9.38435
11.56015
1.91246
-9.19236
8.93798
-1.61489
0.48344
-3.63987
4.69157
-1.99818
4.84059
2.79399
5.01859
5.11515
11.93216
-2.02630
5.07734
-0.67309
-7.13446
-0.04736
-2.47468
-7.99194
-5.69972
2.10950
-0.85525
-1.38802
1.93442
-12.64147
-7.00453
-5.42921
4.38890
0.26036
5.89350
-0.38022
-2.13449
9.92925
-4.40182
7.60953
-9.62298
0.48378
-7.94883
8.01091
-2.87151
-6.69457
-8.69831
-5.75941
-10.41822
-2.83539
4.29464
5.19048
-2.10995
7.95506
-0.93353
5.32850
-1.53897
10.20147
-1.64074
-10.15542
2.42562
-4.14471
-13.06980
-2.12440
-13.89290
-6.76657
9.57387
-6.29167
-2.24551
-0.58165
-0.35320
-8.12670
1.56785
-9.97959
-2.19823
-2.99311
1.01771
9.75195
-0.98297
-2.10461
-7.79999
1.15173
-7.15434
1.09640
6.74045
-1.55544
-5.08628
-6.42520
-1.21198
-2.28824
-11.00576
1.45676
3.04715
-0.36005
-6.30851
2.14972
-12.39681
-9.44024
-5.23229
-7.84215
-3.98202
-9.26294
9.98823
0.41092
-7.98969
-5.74067
-7.02173
6.85741
-6.44290
2.07595
-3.48558
2.60813
-3.36444
1.39706
-1.41670
2.16657
-14.14517
2.84188
0.45752
1.29508
7.38682
-5.81661
6.58318
3.74667
-7.54509
-1.08204
1.09906
-7.05422
-6.02337
-1.95439
2.13532
5.45382
1.50660
-6.11401
-0.68825
1.85877
8.69440
-5.04332
-6.61500
-0.50748
6.62280
-4.77272
4.62643
1.20744
4.38964
-8.89185
-7.42571
11.79154
-9.53469
-7.34735
-8.54860
-1.98380
-3.90996
-7.11373
-11.29520
-3.20293
-6.03379
3.87391
0.14196
-8.48434
2.08422
-0.35285
8.07267
8.45531
5.12911
2.23750
4.50582
11.77791
0.50897
9.80692
0.74054
4.00401
-0.02824
2.68520
8.24402
1.92755
-3.28358
-13.61369
-0.03190
-6.53621
-3.78544
0.77897
-10.08970
-8.40735
13.35467
9.47560
-5.30244
-8.79844
0.09232
1.43272
-0.08978
6.02897
-8.81766
0.66924
3.13900
-4.18889
5.48590
5.86014
8.34100
0.44353
-3.34712
1.74090
3.80519
2.14604
-0.79385
-6.58089
-3.18658
-1.87021
1.74279
-0.44074
9.18473
8.73063
2.26998
-10.75467
-5.05125
-4.27363
2.32716
-4.93938
-7.40042
-0.58111
10.32524
3.93024
2.41414
-6.58287
0.39937
10.73999
5.92942
0.20108
-8.49545
-11.77620
12.43593
-4.23570
11.37972
1.49595
8.86692
4.18222
5.24042
6.19750
2.27813
0.01768
-5.30223
-2.97291
2.99387
5.80736
-1.36918
5.51417
-4.83465
-7.63675
-4.16684
-5.58803
2.16781
7.47204
-2.87066
3.35271
-2.71308
6.19974
-7.34108
-5.78659
-7.23024
-2.59717
-4.39377
9.07963
13.84665
-5.49891
3.51771
-6.49644
1.77996
2.48413
-2.17182
0.08092
-4.84681
1.34702
2.67616
2.06271
-4.34083
2.56758
-3.72000
2.15075
-1.38649
-3.07633
8.95462
3.41378
-0.80763
-0.14920
13.36305
0.08416
-1.99853
4.65157
-12.53245
-10.61585
11.94059
-10.33821
-4.36074
-1.64291
0.20304
-4.61782
2.65346
-3.84910
6.59544
4.08804
-4.19420
-1.71981
-0.85317
1.73000
2.00798
3.07696
3.89554
-4.55612
-1.28982
7.87852
10.07694
-4.02994
4.87252
1.42538
4.38361
-3.86763
3.04953
1.97539
-3.31734
-5.08813
9.00271
0.05938
4.03156
-6.54322
-1.20256
-0.06569
8.25471
1.98979
-5.63673
2.25927
-6.15406
1.43771
-3.15552
-9.00175
1.20112
5.42401
3.81860
0.21836
1.95132
1.36270
8.13909
1.38514
12.60809
0.62692
1.31928
-6.30504
-5.04067
-4.39150
-2.15313
5.72511
-6.62343
5.76090
-3.01589
1.25620
10.53584
4.55364
-7.35007
-3.03590
1.04973
6.29217
-4.46177
-3.30559
7.85517
2.41441
-4.21847
0.77633
3.89384
-0.91345
12.63044
5.83089
-2.50699
-2.43081
-7.46458
-5.47771
10.87823
5.91377
-1.43095
-1.37721
9.51748
5.04707
-12.47712
-5.76562
-2.54788
4.57226
-3.05033
-4.55074
-7.79707
-5.57774
-4.73044
-7.48831
-9.52408
-0.99212
8.81327
0.91433
-2.65652
2.69312
14.10696
-3.91179
0.13170
-5.81738
8.28130
-0.40444
-6.84423
-11.53107
2.02756
-2.43524
-3.10830
-12.19485
12.56712
15.36081
-1.70644
0.77951
-2.55947
-9.15336
-0.78936
-12.55605
-6.80890
-2.56137
1.44367
-2.50882
-3.24764
4.65590
1.08347
-0.53190
1.65729
-7.79939
-4.56940
5.39952
-2.65865
2.08722
8.71299
2.54104
3.99266
9.78158
16.81791
-3.18707
-0.51631
-0.41324
4.35839
3.99262
0.96055
6.25786
9.19143
4.45598
-8.39459
0.57815
3.26376
5.03410
2.24639
1.50976
1.29529
9.51906
4.31031
-11.48798
1.41833
-10.19646
4.42879
-2.71138
-10.96619
10.20780
-11.83978
1.48997
-3.30812
-9.54409
7.06456
-1.29622
6.06631
-0.27060
1.38016
4.97198
-2.02374
6.74859
11.95153
-6.94015
1.39303
3.76981
-6.02753
-16.58579
-2.48427
14.30829
0.44267
-8.50934
4.87325
-11.84372
-2.58127
-3.61177
-4.07296
-4.57144
-11.70511
-0.21643
2.16727
-1.00867
-1.96081
-0.58835
-0.23938
-5.74086
0.00036
13.49216
-1.65680
0.51234
8.83325
-2.88762
8.60728
0.20163
5.54798
-2.91605
-0.80441
0.39083
8.91050
9.33901
-0.75901
0.64324
-9.87648
10.54921
-5.31440
-8.01752
9.42830
1.02636
-7.97260
6.02571
3.55963
7.81601
0.24992
2.95879
3.04030
-10.73423
1.55672
-5.44239
-0.55048
3.13967
7.73356
-4.29663
-4.67516
-15.93652
9.27814
-4.04047
2.56024
5.44075
2.01141
-3.49400
-2.29417
-6.74090
6.76978
4.92332
-7.17519
-10.92530
0.52182
7.35113
20.08336
0.29888
7.38541
-1.95755
4.38288
-4.72678
-3.03922
4.00914
7.15354
-6.79812
-0.37738
-2.69797
1.58755
9.95761
3.44601
5.67847
6.09498
-6.88688
0.46672
-8.17344
-5.36558
-7.64282
9.94304
-5.39476
6.16425
-3.16195
2.79317
11.55193
2.79237
-4.34519
3.29313
0.93387
-3.80564
3.12533
1.36805
13.62158
7.42748
0.32742
4.31005
-12.35838
0.33294
-5.66113
-2.54901
2.75794
-0.68229
-13.97774
-12.53067
3.43480
-4.53123
5.61401
0.80135
0.73181
-3.52133
-3.98678
3.09781
6.90319
-4.13685
-9.10946
1.74122
-4.25182
1.10829
-7.30689
0.98818
1.25082
-1.91949
-1.79106
-12.22680
1.14079
-5.49118
-0.68475
0.97179
-1.48612
-4.32902
-12.88253
0.40881
-2.49418
-1.21831
8.28026
-3.61709
3.07134
-2.75865
-7.15693
3.49836
-5.69670
10.48627
-1.97870
1.77418
4.18767
9.62982
2.59432
0.43237
8.54091
-13.28264
-6.70555
0.26596
-3.61316
-5.89218
-8.89197
-18.63712
-0.37730
-1.07527
2.31120
6.24332
8.63167
5.27121
0.11967
9.68793
-4.22657
-1.30309
-8.11966
-6.20442
8.10514
4.58033
3.55649
3.29800
-7.52496
9.68958
-6.71531
-6.38878
-5.35778
-1.81979
0.91325
-5.53664
-9.76824
14.29358
-5.17366
-8.01404
-4.68936
4.46780
-1.35741
3.09233
7.51595
-5.10043
-15.99406
1.41742
-0.49752
-10.40612
-9.62716
-5.68772
1.66401
-2.09016
12.83269
1.19309
-6.74576
6.14348
-0.86820
6.26360
3.49536
1.38477
-7.57664
6.57203
1.34284
10.55580
9.63568
0.64587
0.16695
-6.97360
-1.74718
9.46905
-3.54066
1.05924
-3.12702
2.79572
0.82814
-2.62407
-3.83981
5.03390
4.13941
3.69750
4.25584
-4.34791
1.82364
0.71181
-2.77696
10.34934
-8.18517
-15.38551
-0.62273
4.44361
-2.30338
5.91540
-2.89257
-0.51978
7.90204
2.46869
-0.88877
-5.18947
-4.15956
5.34665
-0.87545
7.09162
-5.97693
-0.56409
-14.25134
-3.55588
8.12532
7.37775
9.54973
4.86783
-4.45602
18.90279
0.74880
0.41006
-0.73134
2.25284
-3.15263
-3.92145
4.52761
-6.45129
3.64891
-1.58359
0.19650
3.52908
-0.48647
9.41458
8.13776
-2.40395
3.51333
-7.25285
-0.07224
3.14777
1.74310
-8.27036
2.62815
-10.92180
4.85604
3.19473
1.44723
6.82978
0.78765
-0.16391
2.54036
-4.41268
0.81182
-0.20777
-4.47744
-14.03398
-8.54781
1.29322
11.24509
4.99443
7.70637
-0.29618
-14.08907
-5.69971
8.07106
2.37499
-1.88496
-4.72729
8.77487
-3.24697
-3.30996
-12.16175
0.61914
-1.06024
6.72943
-0.85723
-6.57361
8.75033
-5.40051
13.84352
-4.14027
3.47715
-13.79696
-0.99822
-3.37812
-5.47545
5.48410
4.24539
3.77689
7.46171
-6.19159
-2.22225
-8.46961
5.01280
1.03287
-3.78432
8.54793
-2.35130
10.15317
5.85011
-1.37130
0.78138
-2.35551
-6.45480
0.56673
0.95686
1.84076
-7.65498
2.56804
9.97085
-5.12168
3.34724
-9.32980
-2.10700
4.39581
-13.99071
-12.72223
-13.99170
-1.32634
-0.57020
6.21625
-3.09203
-3.91155
6.72217
6.18197
3.01836
6.30943
-4.07909
5.60211
4.73153
-6.84267
3.88027
11.09648
-2.45174
5.18368
0.10219
-6.60696
1.87108
3.53575
-7.40670
7.52914
5.92995
-0.15420
-9.89415
7.89602
-1.70746
-1.65400
4.74752
9.96550
-7.48198
-0.13850
-14.06493
2.47087
-7.51595
0.73828
-3.26174
6.69140
3.91248
9.46217
5.40623
-4.97512
4.02353
-2.62214
6.03872
1.46091
5.88057
-1.91076
-1.67532
-1.38098
-1.47789
-2.64101
10.49599
12.50792
-2.26226
2.83448
4.22104
2.90170
-2.15576
-0.41220
-5.52210
-5.87491
2.21941
-0.21204
-4.48721
9.67622
2.72454
-4.80230
1.39496
10.13938
-13.24515
2.94202
-4.72181
3.12288
5.36656
0.74909
11.57937
-8.77457
0.99433
0.38420
-4.94328
-0.04711
4.06736
2.09280
-13.84253
4.06982
-2.81736
-6.16257
-5.33780
2.88377
3.82310
-0.73047
-2.15796
-5.15047
-3.17367
-3.64461
1.78241
-0.01286
-5.16031
3.52816
4.89078
-4.26939
-7.76691
-2.96335
1.98776
-5.41989
-3.66710
-6.18819
-4.74816
3.41342
10.94379
-4.90214
3.33664
-7.94284
-3.15641
6.45794
-0.20784
2.49958
0.18038
0.46951
-11.93320
3.14466
-5.71905
4.04545
5.83431
2.72025
-3.85277
-12.26851
-2.43048
8.87849
-6.23975
4.00853
0.13816
-1.55894
-7.95381
10.21956
12.26663
-3.46194
4.13631
5.09091
0.72115
7.26035
3.08718
1.56934
0.28166
-8.16090
3.23492
-11.48414
7.23983
1.55624
-7.85901
-7.48377
0.26516
-1.52069
12.14555
0.20781
4.77146
-0.73433
-8.65155
10.08046
3.11571
7.58952
-0.30475
8.84339
-3.30529
-3.94360
2.84678
6.50042
5.76039
-7.31385
0.84879
1.78029
-2.93493
-2.66175
2.35523
10.24979
-3.00728
0.01305
-4.97845
0.96362
10.46938
-3.08453
-0.07211
-4.06175
-1.94666
-0.18364
3.26361
-0.92312
-3.54099
-1.18463
-4.18539
1.05915
-1.71777
-7.58673
6.06901
4.80008
-1.02266
1.87322
1.99154
-1.59142
4.06589
10.24279
-0.47234
5.13809
-3.56680
-1.65565
-6.40641
