1.62649
2.90856
-5.66907
-4.69298
-9.55449
-10.06142
-11.21793
4.07750
10.53908
7.69139
2.25021
3.99163
5.14061
-8.15256
-1.96039
-2.88753
-4.29849
-10.89011
0.80174
-7.60969
-2.26682
0.23165
-18.16528
-5.43325
7.28265
-2.62058
-3.32850
2.43763
-3.75720
-14.25727
8.05053
11.24354
7.02146
18.50675
-0.80250
6.71922
6.44972
18.23351
26.21313
-2.26076
-9.57842
5.63040
5.25349
-0.76837
1.24434
3.47159
-5.59654
5.54221
-1.63980
-2.91542
2.34333
0.62619
-18.45736
-15.73568
10.36324
-0.18286
4.21771
9.36955
-5.36637
-10.88454
3.06425
-12.00184
1.24495
-1.73250
9.54561
-8.02635
2.76687
-4.02294
3.27791
-4.13972
14.95052
10.94146
-6.05014
-1.17251
0.10276
11.24832
7.67889
-13.66103
-1.48151
9.15065
0.39830
6.49523
-8.38095
-0.56524
7.17354
1.36948
-17.08608
-2.55737
6.39077
-1.51283
5.65542
-9.34174
0.95357
-4.82140
3.87609
4.33426
2.32243
-4.09678
-5.83960
-6.34928
8.05191
4.64602
0.16269
-8.56234
2.91466
8.48537
-5.64981
-9.68298
-9.26452
8.19649
0.63673
0.38874
2.15235
-8.09009
-2.52058
0.30479
7.46535
-6.36772
-8.51290
-3.12437
1.21731
-19.22430
15.10157
14.72973
10.10503
-5.46423
4.00396
2.69240
12.14283
-4.99398
-8.95853
2.51996
-2.90329
-8.56957
-4.30444
-0.86212
-1.82315
6.27656
13.64719
4.12721
2.62224
-8.57660
-3.55909
2.08587
-13.10126
-1.63485
-13.25260
0.27857
1.33818
-5.89090
-9.11777
-1.77151
4.60244
-1.84791
2.55271
-14.83162
1.80261
10.46875
16.23413
7.45430
-13.98639
-11.27285
-0.38567
4.35093
-5.69278
16.30614
-2.51084
-15.20650
-8.89993
-1.62106
13.84930
13.86991
-5.01475
6.64243
3.94123
-16.62452
4.27036
13.59394
-8.86599
-3.11199
4.30792
1.56317
3.34471
12.66573
1.40567
6.00918
-8.79239
7.94023
5.06577
3.95988
-0.61972
-1.36236
-5.64981
-2.26207
-3.33653
-3.05390
-5.16068
6.57489
-16.35289
-0.04852
-7.73284
6.12949
-3.49417
-8.20318
-4.27948
-2.37116
-4.83374
9.05823
-8.93629
-1.10237
3.26049
4.36509
-11.54017
-0.10852
-2.26653
5.21737
10.30416
17.47753
11.68957
5.85700
1.48489
1.33805
-10.50077
9.65281
5.63535
-8.85725
4.30668
-8.28167
-12.25326
-1.44265
-4.40136
-2.13252
6.68428
-1.75295
3.71438
-6.65210
-7.13824
-15.54575
0.27694
-10.46363
7.41938
1.09250
-2.53699
6.76254
-9.50501
-6.20416
7.76300
3.92783
13.20367
12.13128
-6.42980
-1.04590
-10.97792
-5.63213
-9.80242
-6.36034
-0.01120
-18.47280
5.87966
-8.51029
14.85878
11.21109
1.73487
-0.22996
-4.22286
-9.72951
-8.32842
-8.46169
5.97607
7.97365
-1.46279
10.51474
-0.91737
2.14669
-3.73596
3.68594
-2.76511
3.64870
-9.48325
8.36608
14.52875
1.93308
-4.47628
6.88937
-9.01161
-15.83209
-17.24649
-2.97606
-0.90701
-1.52439
-7.88458
7.39837
-1.18951
8.92630
3.03393
-0.27549
-3.74984
2.01770
0.56505
0.92506
9.64469
-8.13238
-17.76620
7.45684
5.24354
1.75078
7.69948
-16.14539
7.69721
8.93957
11.27500
-2.87912
-9.76601
7.33172
-5.61871
-2.01825
-12.62550
13.21426
-1.87614
12.64658
-2.46144
-11.82450
-7.55508
2.57015
10.18877
-7.62081
-4.49093
2.66275
-4.89527
6.09950
18.90355
17.30950
9.55224
-15.11950
8.73762
-7.43427
13.36124
-15.33154
-0.24589
-2.71606
0.10830
6.88537
3.83232
-0.24000
-13.72821
-3.61208
-15.99525
2.18639
7.74753
13.45794
-2.40234
4.25949
-7.74474
-8.99533
-2.20859
-0.44767
-5.27130
-3.13176
4.28182
12.76530
-4.28334
-11.51044
-1.86613
13.52383
0.99389
-0.10654
-7.68472
4.47842
-7.27101
2.32056
-15.76305
17.04392
26.18282
-6.86989
-0.58728
13.34404
2.89064
-8.00694
7.58010
4.43674
-5.40284
-6.43073
-3.31069
-10.67482
-4.56696
6.66153
-11.27880
6.52981
-10.58076
-0.68076
-1.37957
5.68609
-5.84820
1.65592
-7.19950
6.69374
-0.04638
-0.53617
7.61947
-9.08601
-3.15728
7.91205
-14.43114
6.02939
-3.60602
0.89907
-1.88854
-0.02077
14.61810
-11.89516
-0.89192
4.82532
4.72450
3.55522
2.85778
2.79423
-12.41282
11.31999
5.29445
-6.93714
-0.87509
4.04867
-10.46037
3.94687
-1.07459
-3.20097
6.87505
-12.93027
-2.09029
-11.44487
12.34176
19.86153
10.08766
12.51598
-2.81786
4.49438
-8.80038
-0.89030
9.27561
6.84598
-3.65064
9.93542
7.96687
5.89148
-10.40487
16.36194
-2.85048
-3.86698
-6.38186
-11.19208
-1.56478
-11.79891
5.17897
3.21821
-4.69842
6.30601
-4.81083
12.22721
1.32704
-9.42970
-4.53716
-1.49600
6.52489
-15.16041
-2.93380
7.99260
10.12250
-10.51096
-3.12596
-0.99562
11.73097
5.22627
4.18054
11.44301
-14.70740
-14.90756
3.48520
-2.09837
3.27613
-0.00445
-2.33884
-4.63047
-11.36769
0.85043
-1.72797
-3.29118
13.81543
-5.10703
9.04602
-0.43014
-4.71337
7.63974
-2.79818
11.93427
-4.26682
-2.03340
0.82965
10.26215
1.77054
11.55103
1.92128
9.75994
-2.83016
-12.69680
1.90953
7.75347
-7.74347
-5.02001
5.93001
-9.57412
10.97475
1.70518
10.16330
-7.65271
13.21754
-9.71782
2.44082
4.52269
3.00785
-3.62771
-0.68475
-0.10611
2.70437
8.81769
-7.97090
-12.44411
-0.96966
0.70607
-13.17977
-20.46291
6.93201
1.49996
-5.16881
6.92707
-2.44211
-10.42803
6.27905
-0.61081
6.67907
13.28470
-7.98881
-0.56924
-17.13043
-2.25626
-0.10848
-3.69897
2.03067
-8.47942
-3.58932
2.23192
16.63879
-0.65308
-10.96433
-2.74652
-6.68574
-4.50713
12.15447
0.80904
-10.38660
13.27325
-11.74384
6.07768
0.43243
-2.41169
2.36305
1.57094
-10.11213
7.32252
-21.36617
2.57336
-16.62741
10.28175
12.91471
-4.90989
-8.46589
-3.43749
6.75712
1.93422
5.70132
-0.78048
-9.74095
-4.48577
-0.40444
4.88010
-1.39796
-4.05560
5.93495
-5.50922
5.71203
3.42003
-8.59904
-17.10561
9.78250
11.65456
-2.39498
-0.29964
-0.81158
2.43436
-3.28464
-2.26757
-0.67654
-1.75174
-6.65633
-12.52649
6.65734
0.15511
-6.98918
0.92274
-0.49122
1.64253
-8.77284
-3.98498
4.37507
8.95673
-7.07200
0.94245
0.87477
-0.68942
-13.34019
6.81759
-0.99763
-6.45186
1.89905
-7.14872
-2.51729
9.82163
8.76259
1.24842
-7.31384
-4.41788
-1.32846
-9.87207
13.17496
2.68516
7.34118
-2.97620
5.87761
-7.47664
1.71219
7.22393
9.52230
-6.61898
3.75433
9.97585
-3.50631
8.08045
4.21862
-3.61521
5.53176
6.88232
-10.23025
-10.26634
0.82899
7.88729
-4.70953
-7.44179
0.15075
-7.38584
5.46843
8.56634
-5.29021
4.17981
-6.31410
-4.11618
-5.10365
7.90379
-4.56509
3.43836
1.53219
-1.62584
-2.61435
-5.65906
-5.82909
3.51013
8.56862
8.05036
-2.80468
8.82429
-4.38633
2.82463
7.10207
3.15509
0.57588
0.12267
13.17729
7.16410
-6.39692
-2.13446
5.05413
-10.70096
-6.85064
-4.74683
-2.88912
7.52330
4.79291
3.42721
8.88526
6.06032
-4.74105
2.40697
8.06709
-2.83932
-8.80128
1.91318
18.90498
-13.97769
-4.88830
-5.18521
-3.18127
2.29739
-1.21946
6.27501
2.31196
-12.44667
4.94917
2.27020
-1.77159
-1.09947
8.06385
-11.04921
-10.21309
-7.68911
-1.46043
-18.54139
0.90587
2.17602
5.80272
0.60222
-11.47050
-10.87043
0.13327
5.49779
-5.62356
3.00488
6.01210
7.99649
-11.19934
-8.71200
0.31208
13.02991
-12.11457
5.97474
4.29366
8.47618
1.41355
5.27241
8.73513
5.15326
1.32402
9.25903
-19.39056
3.76084
11.52869
7.74778
-9.45968
2.85675
3.00752
7.49678
-1.34900
2.11679
0.68633
-2.23357
8.17577
-0.53760
7.83138
4.13911
10.86211
0.69907
2.60457
5.88265
-0.96653
6.44482
5.09291
-11.87779
1.81115
4.11752
2.76271
10.22239
-10.25043
-2.95653
8.43666
5.10198
3.73140
-0.53131
2.02027
11.66053
11.65003
-2.04861
12.98763
5.41436
4.66006
2.53425
4.24194
-1.86477
0.86391
20.29726
-9.53511
1.09365
-6.91589
-6.56267
9.26146
-3.32267
4.61778
-7.04099
10.75981
11.02705
-10.07258
6.38268
8.47156
-9.13776
-7.55052
-1.39860
10.25780
-1.99360
-6.14758
-17.62901
8.57267
0.15972
-1.24263
9.07334
15.05068
3.95804
-1.40631
-3.31375
5.76049
5.06714
-11.99693
-5.64914
13.49674
3.80405
-2.75360
16.16014
14.66316
-1.88110
-4.46551
-0.52809
-11.00283
-2.77501
-0.20751
1.74931
-12.12297
-2.64724
13.42422
15.16099
-13.89433
6.33919
-0.39119
2.40580
-7.38331
3.18883
8.52986
-1.36148
8.26299
-2.31613
14.69045
11.18394
3.64532
3.78246
-8.52538
-4.84160
-2.61675
8.36495
2.43005
-9.39401
-2.84204
-0.80359
1.85677
-9.48304
3.62420
-2.72954
15.23779
-9.21031
-3.18282
0.04968
6.28195
8.48493
6.02602
-7.81819
1.21796
5.29089
9.93404
0.44746
6.04513
13.16336
-1.53649
-9.75447
1.28595
-1.03592
4.60030
7.10780
-6.21573
0.50494
2.64622
-7.51246
-0.10895
-3.29925
-3.80856
8.38052
-14.81568
-12.28255
3.44327
-9.71409
-3.89408
-1.72157
7.93056
-4.34541
-0.55718
-9.81864
4.40772
0.68973
-4.17366
8.36455
2.78027
-3.67836
-1.26759
2.76329
2.61560
2.23932
12.63926
-0.21621
-8.11534
3.18403
9.63763
-5.88422
5.90603
1.48446
0.65325
-0.61514
-0.51477
-13.45799
-2.46123
3.83228
1.50561
-7.94499
2.63148
1.45532
-7.01759
-8.92343
3.66145
2.25467
-3.80599
9.23400
-6.61188
8.96532
10.38430
3.74892
-2.22568
-15.49008
20.48134
0.99842
-5.05359
3.56679
-6.49982
1.18955
13.77695
4.65193
-2.76598
8.53070
-6.21650
0.17340
11.87465
7.80196
5.53183
2.16849
-1.04583
11.14619
5.21161
-2.01759
-4.36448
3.29503
-2.35881
14.18494
-4.67783
-0.18074
-3.31798
-2.29402
-7.02015
-0.77222
7.60688
0.53016
15.38152
-13.03505
-14.57742
-4.18876
1.44931
7.03922
-7.31600
0.05697
-2.93072
-7.45867
10.70284
-4.95377
-0.56870
1.90021
-6.88411
2.97731
-4.64619
-8.57517
-4.02648
1.45427
3.46098
-3.48350
-4.32547
-5.38696
0.73026
-11.91063
-1.57781
-0.54665
1.24461
12.81409
-6.26265
15.42463
-0.87524
7.00975
-9.34715
3.48892
-1.97382
-2.72662
0.96483
1.98918
-1.08552
-0.90248
-16.11209
-3.32479
-5.41106
-9.70905
-2.47564
7.12456
-2.44663
1.55744
-5.40475
7.23855
-17.60480
5.22222
-1.32681
4.28124
-3.16165
-4.33134
-7.79034
-0.79707
0.82214
25.01580
-10.10935
-5.60848
3.42153
7.09828
-6.22590
-2.13394
-5.15584
-8.34981
1.62300
-0.36376
-0.89772
-9.65181
-5.03281
0.75320
-0.07738
2.10302
-2.08770
-4.16771
0.74529
-6.11201
-2.06798
-4.67915
5.19885
3.68528
-15.15404
-11.57327
-8.20189
-6.36873
-8.07704
3.00108
-1.06874
-2.19600
0.47829
11.91214
-6.69087
0.56269
11.67905
9.72017
19.31345
-5.45830
-7.49078
10.21063
9.56684
-16.12200
3.42226
-15.48516
1.95772
-1.03274
2.88399
-1.39187
-14.07804
4.20501
2.83064
5.88161
11.83170
1.93979
4.45711
-3.03051
3.70449
-8.54316
-0.56563
-3.26576
-0.33471
7.37317
-1.03862
-5.71846
4.75610
-11.30537
-5.52275
-0.65038
5.52742
-15.59825
-3.08014
5.94341
-9.52397
3.69539
11.63250
10.43206
0.68395
2.31685
5.71709
-8.51246
9.72431
-3.28223
0.14189
14.15299
-10.45741
16.12502
6.52697
1.07493
11.67365
-7.43924
0.73282
12.01321
4.94101
1.09374
4.11673
0.46306
-5.71705
-6.47200
-6.58821
-12.17721
-8.45975
-6.16002
13.24018
-7.57505
-0.51180
-4.82395
11.90292
-11.87359
1.22065
-0.64681
3.12290
-15.52759
-0.96461
-2.54242
-4.11156
8.30290
-10.64361
-9.96177
-1.67980
-2.63758
6.29479
5.75610
-8.31526
5.17988
-3.04737
-8.60501
7.93349
-0.21221
0.91096
-4.78956
3.16185
-16.39504
-2.81893
7.69768
-5.45228
-15.80115
0.67700
0.07567
4.65096
7.73978
6.13007
-5.95170
-3.62244
-11.03246
0.90757
-3.11729
-1.38115
5.62892
7.57001
4.40123
-12.49372
-8.63990
1.56380
-1.22362
-4.38047
-5.11106
-13.19433
-6.90927
10.94263
-4.13236
-1.21540
-9.54703
-3.60728
2.83793
-8.25757
13.34085
3.54318
-3.85408
-5.17740
8.46436
-12.28860
10.32093
2.93933
1.62236
11.37028
1.25510
-6.61597
18.69268
5.82241
5.81876
2.97490
-0.41562
7.32826
-0.27718
5.13145
10.20906
9.14357
-9.27357
-3.22752
-11.14908
7.47637
-0.86392
-11.02280
15.85284
6.89457
-8.44594
-2.60710
0.32790
18.89508
-4.75566
-5.23275
-6.05958
-1.67845
3.21086
2.73323
0.36801
3.14097
4.94907
-7.11709
4.43733
-17.10572
6.01704
12.61418
7.86522
-4.61683
3.95328
7.41341
-4.34583
-16.21464
-8.42943
21.07760
-9.65716
-3.08542
-19.15932
7.03387
5.95121
6.41588
1.40166
-0.30924
1.37578
6.44113
2.14920
6.55954
-6.45264
10.96862
3.84763
-0.91740
0.65452
8.35535
-7.24225
-7.45969
-14.81310
0.86006
-3.24225
-13.74389
-1.45234
0.50189
9.69021
16.54473
-2.21458
7.38113
-5.49043
6.61134
1.39441
8.20069
6.65758
3.74236
0.41033
8.33777
1.01455
-0.61763
0.27361
18.37130
14.92889
-4.97375
-1.97952
0.69176
-9.34431
2.71633
-0.94820
-0.41098
-5.02243
2.14004
-5.26243
8.69734
-5.90203
14.85651
-0.99432
-2.71507
2.30688
-13.94099
-16.38774
15.61401
0.20317
-5.14526
-1.22036
17.83614
3.73347
4.24292
1.81454
2.25388
-9.46356
14.28310
-4.59974
5.17706
-8.52541
4.55441
19.19431
3.54392
9.51437
-0.75417
6.23275
6.81553
2.31676
-9.46891
-5.42508
-6.76389
5.78822
-5.70088
0.01230
1.41625
0.05779
0.39653
-16.86691
-6.79332
7.74094
-1.76556
0.03516
-3.86607
-6.80159
-2.16266
-5.83400
-5.76775
6.67156
-5.05264
12.28788
-1.45626
-5.33478
3.02231
16.07862
13.85156
4.75486
-5.49266
-1.86347
0.96818
-3.03700
2.60579
0.64184
8.71656
4.82759
7.65469
15.00222
-6.45400
9.57093
-8.21774
4.55576
-17.70179
0.52673
6.87613
-7.24000
-2.36933
-4.74941
-10.31964
-7.12977
12.87664
1.05530
0.86257
-3.54442
5.08789
3.86117
2.51758
-4.81661
2.79485
-3.20888
-10.17893
-7.20508
-1.08865
-10.52117
-15.55442
11.94603
2.66778
-1.74679
-1.80611
-12.89790
19.95066
-5.09528
1.59114
0.68300
-1.60067
3.12215
21.32413
-11.78873
6.45530
-0.64764
-2.71835
11.04165
6.66468
2.05756
-3.54900
-8.92244
-4.20426
12.61717
-13.56471
2.24725
5.47164
0.47597
0.67627
11.98006
-6.37185
4.09846
-1.20727
-5.45815
3.80940
-7.01536
-9.11437
2.54345
1.74017
0.76221
-3.54129
4.40631
0.44737
1.12511
-12.10138
-9.14510
5.25404
15.60905
-3.00898
4.01707
11.10397
3.39804
19.22220
-3.30759
9.48228
6.27078
4.99324
-1.42872
5.96538
-7.80452
0.41099
-13.91325
1.93914
6.10942
-1.06943
1.48150
0.08397
-9.33205
4.52840
10.49737
-9.58904
-3.72923
8.85071
8.01950
-9.21332
-1.90123
5.40403
-7.53077
-0.31224
-5.59106
-0.24668
7.61423
-5.41063
0.12154
-2.73563
6.61153
-5.52056
5.71434
11.06117
-18.93452
-4.36843
-8.66567
-0.57426
17.59536
9.14182
4.56124
2.27947
-4.45930
-12.80741
-3.09455
5.96259
4.07050
5.94348
-3.81342
-18.01647
-8.38461
3.12223
-2.29934
-9.15075
-14.39043
1.59955
-10.01805
-0.47094
-1.17845
4.57548
0.76212
6.24165
7.50946
-10.43502
9.60002
-4.45530
5.61205
-0.70065
1.46356
-4.98631
-2.44829
-0.65047
-11.52371
13.01013
-8.39464
-18.56965
8.63555
1.06326
3.24391
4.97392
-0.82949
-7.74205
-0.96436
-2.93659
-0.33882
0.71044
9.93242
-2.56487
-5.02037
-4.62187
9.87398
-3.20786
2.42576
5.31887
8.54954
6.85740
11.71198
-12.73755
-6.29184
9.44079
-4.52844
3.71905
4.14233
-13.92176
9.20429
-8.78634
1.96812
4.68253
0.54907
0.53979
2.42254
8.86943
9.57333
10.38641
-13.99006
-3.78464
3.76277
11.26247
-6.13912
-5.76128
-6.09362
-1.53917
20.99096
-5.86319
-1.34726
-6.20481
-10.81929
0.58585
7.82805
-13.94299
-8.33008
-13.72078
0.27716
6.15773
21.32717
-4.44353
-13.45351
0.12356
2.30698
4.30608
-1.96585
6.60158
12.26735
-3.58958
5.28097
-10.75941
9.73028
10.45907
-6.76007
-1.18471
7.18226
1.11321
1.95359
-4.58232
-14.69813
-3.12611
1.03873
-9.55962
-7.42644
12.21335
3.02678
16.52049
12.02310
1.07379
17.11133
0.19076
-6.29997
10.41435
3.34437
-7.52530
-1.32250
8.40293
2.66362
4.07314
-8.11659
-9.69147
-7.48115
0.38899
-4.72134
3.43660
-1.74996
22.61608
-3.29930
2.11838
4.29805
-7.19190
-1.18872
10.87621
-8.77206
-6.11647
5.63370
-1.61752
-2.54201
-1.06717
-5.21447
1.99167
-0.20857
-12.46999
10.58607
11.28085
-5.86725
-5.22643
9.14460
-2.39038
-2.30358
4.71218
2.24266
-3.92005
3.40349
2.19105
7.95949
-7.75068
1.85692
1.48861
1.09046
-7.39388
9.98628
-9.95210
8.72401
17.59762
6.58085
-2.04325
5.88627
-9.50440
-6.81192
3.20703
7.62760
-1.70898
3.48765
-1.19460
-3.85475
-0.55791
11.67127
-5.65456
-7.68313
2.29020
-9.10069
-7.40645
-0.57330
7.13541
7.09984
-9.50909
3.20654
17.29801
6.92985
4.08424
-1.88702
-9.47050
3.53535
-5.49537
9.57395
5.32151
-4.34856
-4.47749
-3.08850
12.64228
-16.78829
8.17228
-5.57649
0.49355
0.97176
0.77040
0.28259
2.79154
-1.69754
6.97956
-1.81115
-20.61195
-7.83883
2.66551
-0.27085
16.26736
6.03299
-1.59340
5.30452
9.39251
-4.81246
7.53769
-10.58039
-9.58130
-12.58441
-2.39009
8.71922
-4.86548
14.98110
0.82714
-8.23169
-6.68442
4.18556
-18.81346
12.07582
-8.08759
-22.99601
-4.62558
6.40686
-9.70573
1.72960
-4.31133
-0.57784
-4.23738
2.67984
-8.47533
-0.24173
9.79203
-0.22152
-14.35067
-8.79701
18.66141
1.46422
2.00749
-2.91816
-10.79309
-6.25017
-8.06794
3.49534
1.29346
10.74597
3.69374
9.85644
4.63396
8.14928
4.72483
-4.31027
-7.36395
9.55808
15.56931
-0.11910
-0.64231
9.48445
5.92332
10.86190
1.35553
-4.43176
-0.51013
-3.75966
2.83078
10.13388
2.24728
4.63554
2.97725
-1.31961
-5.89391
-8.93778
-5.16699
-2.95864
-5.47396
5.62259
-0.81875
-5.54566
17.76747
-9.13641
0.69351
2.70740
-0.57905
-3.96474
-12.62500
-0.94090
-12.17798
-0.13361
6.53385
2.07475
15.07187
-10.57914
8.23520
-7.27786
1.96731
-0.70184
-5.84307
-11.75306
-0.24147
-2.15247
-3.73586
8.90895
-4.62840
-6.23999
-4.71900
-18.15248
-13.05877
-13.01025
5.09303
0.59713
-3.34730
-2.07414
11.66719
3.50705
10.23276
-8.63231
13.41059
3.82905
9.88456
7.69976
13.78049
9.63923
-3.38479
-0.34911
1.15600
3.91197
7.34991
-8.75593
-5.17414
-2.97361
5.56354
0.64938
-20.05210
-4.19183
7.28918
9.64740
14.64137
6.06756
2.75319
4.37750
-0.00100
-9.27579
7.78058
-2.70808
-5.93176
-9.03864
11.66579
11.60827
4.59015
-1.92110
-5.53297
2.62100
-4.42082
-11.75407
2.57351
-4.59376
12.98374
6.03081
-9.59080
14.26944
-0.62804
-3.99949
-6.40581
-1.95694
11.78820
11.40297
-5.03841
-10.64239
1.44729
-2.36888
7.52479
-16.86070
-2.53993
-2.41930
-2.67390
0.16732
9.70861
10.29624
-6.25329
5.52626
-3.85672
-4.88036
-7.01164
-6.49753
-4.42368
-8.78961
-7.78897
-3.76003
-6.70461
0.19564
-1.69986
-4.94687
-6.62452
1.20098
-20.16345
-8.51938
-1.56572
1.45655
0.07027
-5.92637
6.11880
16.71565
2.19847
2.75212
-26.64605
16.24306
3.17926
-6.24521
-6.50841
-2.78742
3.72374
0.17810
-7.74082
6.03855
6.28650
6.59755
-5.13438
-10.72230
2.24187
2.47782
1.20906
12.69319
1.60862
-4.31207
4.12653
8.13518
-9.37422
1.49305
-1.67772
6.52148
18.18692
-6.72386
1.08228
1.92905
5.98820
-3.10500
-7.27513
-9.59246
-8.70742
9.77981
-7.22684
3.83294
12.65284
7.39114
2.95169
-15.65482
-0.77630
-8.60254
4.12375
10.34238
2.57305
-2.42550
-12.20289
-0.78507
7.82933
1.84727
-4.19655
1.00222
-7.16611
4.95806
-6.65037
-12.84538
1.40549
4.29408
-1.62602
14.90565
-0.48010
11.65960
3.08447
9.35966
9.68591
2.90467
4.90998
-0.78323
-5.80557
-1.45615
8.08858
17.20028
5.64867
2.17310
-2.82182
9.23601
-2.86665
-0.71002
7.76369
15.82103
14.56111
1.62330
4.87190
-9.07575
4.26204
-12.33910
-3.62696
-9.97808
-10.98657
-8.05401
0.53085
-8.96613
5.22801
23.08267
-3.76271
-13.97574
-4.20488
1.76359
2.03430
-16.81465
-7.47430
-8.42352
12.48391
1.35603
15.52474
3.42905
-18.15245
-0.46533
6.98921
16.23919
6.59801
15.59892
16.15902
-9.50975
-4.91000
1.78468
-8.78251
0.29750
-8.57889
-10.28281
12.59727
-2.09532
4.20762
9.91904
8.02770
-9.47772
2.96385
4.32176
-7.88642
7.93831
18.72631
-12.31219
13.18325
9.45889
4.71688
17.38584
-8.44053
-5.07375
11.71397
-4.94480
2.06796
-1.26029
-1.94704
-0.48796
2.55530
-0.76653
-6.81861
5.95531
4.27473
-0.00399
-5.38880
-0.03715
8.97272
8.23288
6.05312
-0.09681
-10.46804
-7.56671
7.63227
-6.67652
-5.14136
1.71767
-0.05055
6.46002
9.67997
-3.24624
-12.26887
5.18059
-12.24017
8.27714
9.87813
5.54751
3.64410
-12.89575
-3.02441
5.82888
10.04687
-7.35804
-5.25893
-9.56195
9.00239
-1.71587
-0.92439
-13.39387
-7.41670
20.42806
-10.35368
-1.60893
-0.37510
1.72018
-1.76073
-2.91763
0.84616
13.05425
-8.23589
-8.74359
10.31403
3.98005
1.69410
-17.97532
-3.92735
3.82344
9.83980
-1.20264
3.32408
-1.91072
2.46554
1.93465
-10.01028
-1.56208
10.50801
-10.26790
2.27684
1.42669
-7.15081
1.57623
-2.77035
4.63504
9.12200
-12.95872
-8.32130
-3.22524
1.32348
-7.32896
-12.82919
4.92489
-2.59960
11.67859
3.49179
-6.09224
-3.82020
-2.84926
12.59440
-3.87277
-17.27891
5.58711
6.00031
-6.59184
-0.41303
-4.79568
10.38743
0.09462
7.56529
-16.30463
-3.54629
4.13432
5.08379
8.20552
4.95362
-0.16564
6.23775
7.25732
-4.73000
3.77568
4.79120
-12.70818
-4.16875
0.77737
0.89531
-2.47368
10.08612
-4.74197
-19.76781
-0.79094
-5.84607
11.96074
1.70324
-3.89547
-5.70676
1.89375
4.14252
-8.38564
8.42482
8.02510
-15.60406
7.77350
7.48173
13.83575
-6.18542
5.33995
-15.22300
-5.70244
5.08183
9.24483
-10.50467
-0.24670
10.74511
-3.64295
6.62273
-8.30778
-2.99053
-1.53569
2.32593
-6.60509
-1.18107
-2.13380
19.50003
14.83192
0.97290
-18.54824
4.07422
7.49067
1.76294
6.09903
1.31373
12.26035
6.56246
-7.90115
1.14268
-6.80765
-0.67027
-5.84090
-7.32157
3.47660
5.02705
-10.63479
-1.77289
4.80201
0.89010
-8.48479
-3.18888
-5.78963
3.40225
0.30815
-7.24518
-2.89108
-7.11562
8.99436
10.91124
13.94599
-4.30887
13.42280
7.06676
13.30855
2.01835
2.84256
1.85226
-2.47291
-8.05856
-2.12316
7.17153
4.88306
3.60736
10.15852
-2.12353
7.47660
2.39167
-13.42703
0.10682
6.54571
-0.05560
-5.40280
-13.74570
13.91599
-3.66494
24.46289
-5.53878
-2.47912
6.45891
5.99509
-0.84904
-4.59282
-8.10153
-6.68256
8.96509
3.12448
4.16877
-6.94214
8.16830
0.83496
3.24015
18.61926
-1.94069
-0.39872
4.61667
6.02612
-11.68580
3.93955
-8.82285
7.59195
-1.87596
10.89603
-10.05341
-13.43283
-4.69230
-8.80786
6.02703
9.45375
-0.76658
10.39771
-6.39601
-6.43056
-1.13246
11.00739
9.85825
-1.95206
0.51474
11.19922
-5.23188
-9.28140
8.66510
7.95186
-0.22185
4.48511
6.21216
-15.88491
0.64390
-6.58293
8.21712
12.70985
13.54583
-5.00516
-10.70053
-6.10153
0.00932
-9.46077
4.15353
5.89763
5.10974
-12.78733
7.88070
8.63778
5.93564
-6.39159
-0.29537
4.01525
-0.16511
-0.36262
7.33361
-2.84733
7.74247
2.86637
4.31669
2.00398
-2.30391
12.79866
4.20354
1.78061
4.73481
1.76709
2.97361
10.20217
5.33711
3.14270
11.14704
0.37387
5.87728
-10.96219
-9.29511
-7.33235
2.86173
9.82228
-0.80440
-1.11557
3.71529
4.32949
8.50468
-4.62154
3.63992
14.01814
2.34574
-1.52390
4.46888
-6.83476
-2.66843
4.46749
7.39526
-8.52269
-4.78975
-5.16498
10.27063
-6.20636
-1.60635
10.59082
6.55011
-6.51279
-0.48009
-5.26344
0.66601
-8.09100
7.79179
-4.23304
-3.87781
-0.33741
2.33216
-0.00327
-0.31168
6.48013
11.27636
-13.72105
-7.17934
5.55394
15.92320
-4.88179
1.97990
4.50155
-15.13349
-11.57285
8.76983
-4.46011
-5.13261
1.04491
10.75030
-1.43059
3.64077
9.79370
3.30765
13.92204
11.71383
1.57269
-8.49087
1.17669
-12.99842
-2.88398
-4.31842
1.52772
-4.73547
-1.85080
-4.05005
4.78965
-3.74250
-6.58340
12.61545
-3.47458
-1.46567
-0.30211
-16.71260
-13.28904
4.45546
-5.83920
5.78050
-1.87590
-0.35478
19.19653
-2.31177
-3.51656
-7.93115
8.28666
-7.17645
7.70473
-3.97601
11.97332
-9.40379
5.12571
5.45534
1.01530
1.05386
4.06734
-2.06764
3.01618
8.38136
-3.57697
5.14667
-17.24610
-2.73078
-8.90333
6.20020
3.03120
-7.12047
11.15684
1.69089
-1.06046
-4.64826
1.89499
0.61719
-5.94020
1.11561
-4.80697
0.31800
-6.11795
-0.12069
-17.88023
-20.53348
-0.57725
4.35756
2.03143
-2.97979
0.65067
-8.54913
-7.45104
1.35777
-6.83933
5.48696
-17.76988
-1.08746
-7.57010
7.74087
-16.36676
11.34638
-4.48032
0.45799
-5.08214
-4.37100
16.33862
3.93281
-9.17621
11.30071
11.90485
-0.39866
2.24281
5.54987
3.02441
-4.31883
-5.64856
8.04472
-12.80394
-1.31849
-3.04019
14.64791
17.84196
9.03682
2.83438
-11.99315
-5.03024
-5.95443
-9.61365
-8.20729
3.00169
-7.86944
2.28905
-19.74127
7.10298
-3.85460
-1.37249
-7.63860
-3.04135
-8.04263
-2.53049
5.88660
-5.45510
7.85139
-0.02947
-2.92136
0.18274
-1.37709
2.07471
2.35898
-1.04171
-11.09722
-10.79074
-1.24254
0.70587
-2.71442
10.74297
1.75603
0.14474
4.18147
15.32102
-24.28459
12.44671
13.39306
17.73803
-1.96936
-6.79470
-4.12365
-6.50845
-9.39114
2.97524
-1.12295
1.48334
17.24950
0.10362
-2.65646
0.04454
-5.63717
-11.57895
-0.31022
-0.06399
5.58897
-2.91671
-14.72080
6.33599
0.98652
3.70876
-5.75605
8.90496
-2.08811
-4.18393
-2.28192
2.73147
-3.84934
-10.41234
-5.63600
-0.69955
1.62341
5.94686
-0.77829
-11.68646
7.20766
4.16627
-3.74541
4.01594
8.67904
-9.14206
7.12614
-4.96919
2.09947
1.83923
9.69031
-0.17790
-0.18910
5.88077
-6.65860
1.52673
-3.11684
0.69384
16.95613
-5.03662
-0.45335
-1.03385
-8.54738
-12.72031
-0.01089
-6.24071
17.04042
-5.26315
10.46673
-0.16439
3.42638
-0.08088
0.40622
-2.19436
-10.74178
21.10436
6.34108
-7.95463
-7.87406
-6.08623
0.58736
3.21004
4.66135
-2.19122
0.85476
9.23149
18.73778
-4.01498
-10.81513
11.90697
8.12604
-5.18215
1.47063
-5.77360
8.66107
1.05917
9.30426
-4.96454
-1.21317
2.60268
6.20448
3.01477
0.96838
-3.71589
-0.11857
-23.57183
4.76360
-1.56035
0.31524
-4.78120
5.05088
4.73804
3.47847
5.69467
6.26440
3.13356
4.92885
-1.34121
3.32288
0.74530
-13.94090
-2.62987
-5.49343
5.47878
2.94913
-7.04202
7.05420
-3.50626
8.31776
3.42688
-4.32017
5.83648
-7.50952
-4.27698
4.93882
-7.24580
-7.31059
-3.10930
-13.29855
-12.32394
1.82612
-1.47404
-0.73908
20.18767
4.58297
11.98662
1.42610
-0.72592
-6.35656
-9.69943
3.90684
2.86381
10.85850
-13.51272
5.07258
-6.18407
6.05841
4.33990
3.55622
9.92094
-8.39023
7.15561
4.14422
-5.20771
7.84267
-0.70333
2.62410
-5.92036
7.97348
10.38122
7.36719
-1.76057
0.07212
2.40278
-10.24263
-18.31324
-9.07501
-5.65135
-11.74935
4.67365
4.26178
7.27261
1.66525
-12.46930
-15.95304
-4.48881
6.83706
-3.49473
-3.00814
7.06280
5.53040
11.04740
-12.41362
-13.96967
-1.37521
-13.76789
-3.77353
-2.63238
0.83811
-7.24755
-0.54788
3.73476
-10.66655
3.21499
-1.58239
2.84195
6.74297
-16.42776
8.72903
-5.24094
-7.48108
9.93410
-6.12210
-0.96653
-2.21748
-6.08475
-1.08716
10.83582
-0.56087
-5.43167
-22.65523
-0.13400
-9.13004
-1.82270
7.20859
-6.34727
3.40996
2.30757
10.89241
8.76305
-0.06534
4.77577
8.49831
-0.38453
5.30487
-3.55802
-6.79120
-2.58375
1.91162
-0.07296
16.09889
4.95977
8.22793
-3.92328
-6.06835
-7.46996
4.40591
-2.34900
-6.26255
-0.10220
-0.14729
-11.54236
-12.51239
14.47180
7.22936
-2.33499
8.60070
-7.05204
13.17241
-3.41715
-6.99672
-6.41863
-0.46801
-11.44906
1.17313
4.32102
9.97633
7.54566
10.12964
4.96361
8.24101
-3.66986
-4.39154
-19.30774
5.35917
1.18095
8.24241
-7.44157
4.80342
-2.54083
-0.79094
1.18869
-4.39675
-0.12722
-9.99495
9.66375
1.86775
-18.15090
9.43565
3.53275
-11.54538
2.67599
2.50659
-6.00103
-11.33486
-5.10808
-8.65659
4.54028
-13.88108
-0.60540
-7.76563
-3.02342
7.93558
15.26580
-3.04567
-2.45147
6.14539
14.41063
10.52129
-8.69293
-9.63746
-1.99165
12.16772
-0.72132
12.78127
-10.99893
5.60264
-0.86833
-4.88139
-1.64983
7.98288
3.30748
-13.12394
-0.39858
-5.63586
1.27425
-2.17044
-1.36947
2.88909
4.67091
-1.66222
24.20052
-10.16178
4.60812
-3.02296
10.93604
8.29564
-4.84504
-2.39649
-4.85357
14.75251
-1.63503
-0.79642
-2.92482
0.37087
0.16776
-5.09906
-5.03874
-10.95712
5.14053
-10.28806
-5.02428
-6.47329
-4.73072
-0.06576
-1.38846
10.87406
1.47080
-3.32612
2.17503
-6.75038
0.14996
5.37986
-5.16108
7.40859
9.81175
-11.74212
-1.99307
-5.95350
-6.30282
9.58537
0.32471
-0.69430
11.24360
-6.77877
4.37934
-1.39958
1.12787
-7.26628
-8.61329
13.16495
5.47779
6.03722
-1.73587
6.07992
-4.70441
-11.54424
-0.97090
0.29787
3.81187
-2.44227
0.03221
5.01755
-1.29953
-7.74588
-9.77889
8.99415
-4.17970
12.07543
8.85717
-7.58704
6.13844
1.59736
1.15416
-9.78398
-8.28053
-3.17883
8.75914
-2.26510
5.88761
-15.32162
-0.61684
-12.59915
-3.28311
8.99860
-3.46030
1.99666
-10.97693
-9.76609
-1.04031
-8.07116
-9.99170
0.91899
-0.16871
-1.39884
-2.28164
-3.77408
9.88604
2.84537
4.71192
16.52775
-9.64283
4.66156
-6.03082
-1.95530
-1.51342
-13.77223
8.05306
1.87994
-0.18664
-1.51076
12.78753
-8.38541
-2.80626
-8.12944
-5.03595
13.84390
-9.44536
-2.10385
6.38365
0.53373
-7.38584
-6.52755
4.63663
19.06942
4.35253
5.88214
6.51660
-1.56233
7.37134
-2.13969
-4.62815
8.64497
-6.27327
-1.13701
4.84905
-5.18193
-8.10637
-13.66249
-0.76186
-0.76897
-1.55032
1.98867
-8.73047
0.71951
-8.32951
-9.91122
-9.66420
-4.76622
23.84414
-3.79108
-9.93097
-6.21242
2.82217
10.84983
-6.73098
-8.64998
-10.17996
-8.17227
-2.78978
-5.62465
-1.77839
-3.94562
5.55486
-8.37598
-10.84748
-2.92038
0.53860
3.72408
-0.28082
6.43893
14.21144
-10.24229
-11.02517
7.46991
-2.74687
-3.48219
-4.21726
-1.98960
5.44787
2.41077
6.61229
-1.01531
9.59870
-8.19673
2.47372
-4.31293
-1.00376
3.67360
4.43692
-1.37246
0.64820
-13.35616
1.60446
0.68844
-0.07726
-10.19810
-1.20489
-8.03614
4.52931
-1.41017
14.92112
10.42819
-12.86795
5.67897
8.01966
-9.51621
-9.43039
5.15550
-5.74988
17.01570
6.58163
4.48958
5.62136
1.80240
13.65256
4.52686
3.24405
6.98505
3.14713
0.93914
2.52734
0.00865
7.20604
-3.17273
9.77365
-2.00679
-8.94480
0.48223
-7.39829
-10.31893
-7.15668
4.54378
-3.06639
6.97935
7.71863
1.49193
-5.05071
-8.32257
5.60342
-0.74411
-6.34963
-6.85299
-1.72539
-3.26314
7.42802
5.93044
7.00112
3.06667
-3.17378
5.85696
-5.06284
-9.84376
-6.08682
1.08015
11.75266
-2.55086
9.91123
0.01248
-1.97420
-7.72529
9.27302
19.80822
13.25825
-2.74235
-1.57193
2.74958
9.35837
1.33853
1.32164
-4.23416
-10.29215
-1.79972
-11.63269
3.81046
1.43441
-19.99371
-11.45153
-9.25450
-12.51056
-6.19913
28.94418
12.45756
-5.93799
1.34872
-7.99233
-3.15554
-4.94519
-18.62591
7.14113
6.72717
10.55048
-6.75875
-1.50525
-2.65659
-7.97321
-12.89431
4.11720
-7.90565
4.55606
-8.13461
-4.83665
9.26652
-3.97824
8.24662
10.53146
3.91614
5.24641
16.70742
6.87441
0.63337
3.69840
-13.85857
-4.53521
-5.06344
13.40025
6.30063
1.81147
2.78480
16.72234
-3.45512
4.27518
15.95646
12.78374
-4.62710
3.49990
-4.11030
-2.74046
0.44431
2.81578
-0.93255
-7.04504
-6.00209
11.17765
-2.62629
-9.60769
2.09252
-6.58537
-9.42570
1.54733
7.14214
2.23855
-1.53506
9.11574
-9.00890
-3.42711
4.52326
-9.19178
-7.13729
7.74472
14.59644
6.63163
9.21014
15.50371
-3.96248
-0.20990
8.73224
-12.14927
-3.10746
-12.91041
5.28359
-15.02298
8.29144
1.83797
-16.99884
-0.76157
6.82078
-1.67613
12.32015
6.36741
10.23180
-9.43965
-2.94994
0.18986
16.59306
1.48460
-5.33254
-0.99843
-3.68828
6.02399
-8.28960
5.73439
0.26048
6.16857
0.51310
5.12616
15.97763
5.73580
-1.20614
-5.55682
-7.40119
-4.97502
1.71918
4.25556
2.38948
3.60608
-1.60392
-3.49455
7.11265
-0.38363
8.95078
0.20883
7.09961
2.54947
-1.25412
-0.72861
-7.45628
-10.10681
-13.24470
-2.92603
-9.24863
-3.37672
5.53852
2.71283
-1.13021
-3.18261
-11.38617
-7.39993
-5.90495
-6.11104
-0.37068
-1.82179
12.14015
-8.00309
-15.30167
6.78136
-10.13505
1.09126
1.54459
-14.16466
12.27704
-4.08449
8.93207
-0.37693
0.47603
-0.37088
-1.05414
-4.82685
5.48500
-4.17352
0.76736
6.97423
-5.55334
-5.96422
11.74319
-11.23777
-11.93740
-9.09377
3.82880
-0.96849
5.52005
-8.15079
-7.85652
1.31336
8.02104
-14.74507
-3.97907
8.00331
-1.29517
-1.76107
7.34081
-6.37256
-4.98471
-2.56738
-1.12296
-3.54422
-7.56647
-1.62026
-5.30418
-11.26706
0.38211
20.37013
2.05419
12.75596
6.11278
-1.15733
2.81575
10.90976
-0.53713
-10.50580
10.65275
10.77769
17.16859
-3.44132
3.33248
12.95907
12.46783
6.61615
-10.81147
2.16017
-5.19364
7.90091
-3.21487
1.87360
-5.27410
-10.50197
-5.35286
-4.26810
6.97503
17.14574
1.27498
10.65578
2.12920
0.34795
15.03451
-0.70500
-7.95312
-15.54640
-5.14329
4.08607
5.45062
7.27535
0.49814
-1.10122
-12.08380
3.28468
-8.96186
9.10242
-6.14643
13.05490
-6.33856
-4.20367
1.28137
1.92601
-5.28594
3.79615
3.91834
5.00327
-8.45820
0.62784
1.18573
10.10696
1.81409
-1.84867
-11.72757
-3.27255
0.98951
4.84635
1.00361
-2.43281
2.00615
9.45806
2.91415
-9.71012
6.79388
-1.78528
3.57523
-6.53584
-8.45822
20.66949
-6.89086
-5.29392
5.13381
4.89976
-4.06710
4.55742
9.41084
4.32519
-7.76450
-2.71080
-8.70644
-6.00137
-11.10815
0.14812
8.46404
-13.74925
-5.99126
-3.91397
7.51043
-15.24263
1.33695
5.74099
1.82363
-1.52194
10.55248
-0.42698
2.51879
11.07747
-6.93456
-5.02294
4.34708
-2.37128
11.98153
-1.80485
17.01785
0.50031
1.41509
7.91147
-4.04724
3.94809
3.07656
-2.83305
1.15790
8.32702
6.12525
4.66954
-1.95897
-3.99854
-1.21985
10.51352
-7.70914
4.07902
-3.86068
5.63681
2.49697
4.01356
-7.05447
-5.96910
-8.73112
-2.57616
1.69783
-2.86211
-1.14513
-5.01457
3.41438
-10.94939
9.07633
-3.03657
-6.67214
4.78259
-15.63409
2.60169
4.68826
-10.82280
-2.16516
11.13253
-3.12621
-0.14085
-2.30296
-7.78542
-11.55088
7.59449
-1.51128
12.70738
7.26593
-11.75697
-2.20455
-0.60136
-1.07793
3.57202
-2.91286
-2.94635
-1.93648
-9.82695
11.93790
-3.08026
2.88743
-12.29354
-1.03107
-8.10904
-12.27052
2.59520
-0.82519
10.45567
7.11726
-0.32834
2.49687
1.90770
-10.36006
3.28928
-17.36387
11.12892
-10.05265
-5.36022
3.09063
1.30800
5.00386
-3.26663
-11.79534
-1.21081
-1.37437
-5.44647
5.91063
-5.25904
8.16345
-8.77098
1.97550
-9.07689
-4.10737
-5.96446
6.13299
6.22041
-0.44721
7.07455
-1.59919
-0.04854
-0.07362
12.16076
-16.32292
-0.43621
1.37904
8.30792
-4.77212
-1.51020
-17.22656
-10.47421
9.42737
2.17194
1.33423
1.78088
-8.19348
-1.24445
-5.05279
0.66835
-8.70363
6.35882
-4.09057
8.73594
9.65611
21.64320
-12.97100
6.49453
-1.37507
-0.47754
6.51114
-11.59602
-18.81462
5.77535
8.73873
-0.69948
-3.49380
0.23266
10.59757
8.88760
6.58316
-1.64066
-8.18533
-0.61242
-4.92484
3.85870
-8.90716
-4.99442
-10.06294
1.96989
6.63388
-5.15703
-7.79249
5.02456
11.73314
0.89112
1.09812
5.85705
9.15720
3.10928
2.22970
-0.76345
-16.09547
-15.89778
-2.37335
-2.12497
-10.69390
-5.78404
3.55738
10.96618
-4.00453
-5.86237
-0.78935
7.20889
6.07024
5.50756
0.99153
-0.29004
-0.13070
-1.07549
-6.74265
-0.02228
11.64011
-0.12588
-3.66577
3.41561
13.97452
9.18691
-6.20013
6.72758
2.78717
-6.57923
3.98168
1.91006
-5.26529
0.88012
-7.18059
19.80045
-5.87903
1.47105
-10.17342
1.35412
-11.12962
-2.79400
0.18533
2.12536
-8.89198
13.17628
-7.87979
-1.21957
-4.42948
-0.19854
-0.32938
-1.72628
-6.54777
4.36341
-15.68103
2.12630
-6.23498
-5.07557
-5.14228
-20.89087
1.56078
13.09246
1.77703
8.38174
-2.04274
5.89207
-0.60853
-0.51775
1.79190
4.28045
-8.59600
-5.82697
9.91467
-4.42077
11.19190
-3.24179
1.36504
1.51027
6.62658
-4.65134
-12.28122
18.77107
8.27160
2.35555
-12.66099
-2.06104
17.51499
10.64394
9.04770
-4.11077
2.01258
7.09023
2.81437
-13.61742
16.90292
-15.98836
-2.65252
-4.91427
1.31952
-2.84578
2.73373
8.85416
0.75943
-2.91097
-9.90367
-1.26044
2.78788
11.17114
-7.43091
5.59274
-7.16721
-3.01084
13.39550
1.25413
8.17764
12.52262
0.56150
4.04237
1.91790
-6.76225
-0.56796
1.13808
-1.29172
7.76815
-6.30738
3.48651
-8.23986
-8.13828
-6.34509
3.93112
-0.03371
8.52441
-8.85394
10.11044
12.13666
12.02830
0.86862
-0.35540
-9.52017
-6.23337
-4.34765
-2.81354
-10.26242
2.49366
2.71363
-10.48626
-6.25720
5.47584
-5.89055
1.56549
2.87268
-6.26428
9.97813
-12.96364
-3.97386
-11.26722
-12.56544
-13.70736
11.82061
-0.49970
4.92815
1.34606
2.22531
-2.57676
-4.22815
-6.71410
0.08044
-2.49519
-21.50154
10.49180
2.36139
-18.29091
-7.68076
3.51321
4.17244
3.04814
-0.39970
6.87157
8.45594
-3.71143
2.90663
5.09784
-13.64709
-0.95150
-1.07543
15.17769
-7.09708
15.12965
0.93995
-15.42604
8.41164
2.62968
1.04144
3.50205
5.56971
-7.58420
4.33850
-7.18304
7.97100
2.13988
10.44196
0.15443
4.22009
0.26641
-5.52007
5.27379
1.00839
5.89576
-12.50083
2.23916
2.09567
-2.26467
-0.06954
0.87904
-5.11261
-0.61978
13.42345
8.18603
-6.22248
3.81877
-3.44530
-2.94204
23.20717
-0.15867
5.42729
-13.25139
3.96908
-0.79858
-5.71849
5.06646
-12.48926
-8.58012
-3.87589
-2.15013
1.00233
13.91684
4.57669
-0.46514
-7.53142
6.72314
2.58948
-2.94590
0.91601
4.63244
-0.95369
-14.15571
2.11457
4.72471
-3.15284
-4.96396
-7.56314
9.13348
6.19287
8.67371
4.46047
-3.88642
-5.69779
-3.59780
11.54955
5.35445
-10.00892
12.05831
-8.09783
-8.45973
-6.87248
5.55854
-5.17499
8.65150
3.05544
0.48019
-5.85011
-6.18185
-1.63219
3.59601
-5.94862
-13.88266
-0.65134
-5.65285
-4.69097
-11.35092
2.09548
-5.58691
-0.01162
12.17130
-8.90426
-3.92238
-6.23751
-2.70022
4.56260
2.38352
-3.80646
2.83125
3.52826
-17.02976
3.83121
2.79919
7.41518
2.97917
14.45893
1.49277
-15.29196
6.13340
-5.08468
1.93316
6.19009
5.50006
4.12659
-1.79117
16.87547
0.01066
-16.12077
4.12239
14.24036
-6.78377
2.62076
-10.29276
6.21135
-5.35034
1.36533
6.91506
-2.60836
-0.63195
10.65151
0.41888
-7.91035
-2.97112
-3.68894
2.34557
3.01390
-12.50442
6.30316
6.83342
8.26210
2.85167
-5.98903
7.41945
15.27851
8.64025
12.45681
-3.52677
8.18052
1.79499
0.69551
-4.91425
2.19550
3.77602
5.80902
4.56565
-5.51967
-6.52268
7.75282
6.57702
-3.31731
2.05762
-4.11327
-2.92026
0.43442
0.50850
12.30403
0.53542
-0.23727
4.64715
-2.18740
-2.50750
9.42975
2.77907
-0.29364
-3.75738
-2.40871
-4.08814
5.35247
-1.99548
12.12859
-7.03941
-2.28777
6.38484
3.01492
-11.75419
-2.85794
-13.96866
1.48016
0.49113
-10.14517
-8.09247
10.20220
-5.32417
8.84301
2.72297
1.72341
0.09444
-3.89027
2.45048
9.42049
-4.31703
0.00323
8.03367
7.06272
11.19636
-19.18939
7.48954
-1.27628
12.89501
-1.24205
-0.66274
-4.29088
-5.21523
0.41644
7.04578
4.23812
-0.91851
-5.32589
-1.78982
13.33123
4.65718
5.73605
1.13331
-2.59942
2.43953
-13.32293
3.22705
-1.22162
0.74454
1.00498
8.86083
13.52585
-2.86414
10.33391
-0.35892
0.81997
-4.33205
2.18310
4.29899
-15.97920
7.79608
-3.23351
9.86658
12.88867
-1.44231
-19.31385
3.21293
0.23459
-8.69612
-10.64586
6.12393
1.27432
1.90948
4.66534
-11.41280
-11.92115
-4.06917
-12.99991
-3.49520
1.46659
-4.30320
3.19667
13.06829
-2.06002
-14.42785
-0.31851
0.77921
12.82741
-7.15317
2.63354
-12.31562
-9.75345
-3.65590
0.69346
2.69583
8.93214
5.86731
7.65912
1.16633
-0.52542
-3.60466
-7.24969
6.26393
-0.97605
-6.09812
0.67001
-2.81728
5.42301
5.69240
-13.65002
4.94194
13.02302
-7.99211
-3.59717
-13.81260
-3.73122
-1.20501
4.77905
-8.46396
1.13384
3.10653
-3.31768
-3.42867
5.34715
3.61934
18.85923
-6.93145
-3.39859
-3.72034
-4.27946
5.69562
-1.03566
-9.44421
0.28924
-0.21515
10.51927
2.73055
1.78616
19.72169
4.70562
-0.40764
6.68917
0.29332
3.04260
9.62657
6.32764
5.01437
0.40472
7.08281
14.78924
5.98628
3.11043
1.16029
0.22044
-0.39481
-0.13368
16.22444
1.31181
-6.23315
3.97543
0.34039
12.05444
-4.66847
-13.06492
4.60993
5.51368
3.92104
-4.52157
14.38571
-7.02772
-0.95467
-11.70570
-2.09480
0.79627
-8.62189
0.10069
11.67355
0.87899
-6.11018
2.05568
7.17932
-8.95042
-6.40991
4.08182
2.92478
-5.94683
-4.58364
5.10567
-7.57820
-4.12277
8.99726
-16.35273
-7.86971
-1.92134
1.32431
3.51452
-3.66145
-2.64089
6.89662
-6.55876
9.83763
2.19612
0.29339
-4.41205
-7.94667
-2.35096
-6.92850
-0.03001
-0.30991
-3.04575
-4.45256
-7.71627
11.12770
-2.57712
2.13815
-1.24055
5.55135
1.18014
7.66144
1.86083
2.91270
4.29754
-1.99709
2.37139
-0.93962
-2.73221
12.16543
0.63193
-7.35855
-1.33520
-15.16762
0.45151
-3.97509
-9.88569
8.67623
22.89181
2.01085
4.64232
8.37607
-5.54354
0.41390
1.91128
-6.47288
7.29750
14.71791
-4.26900
4.99911
-12.72960
-5.46035
-10.77615
11.92120
-4.22452
-4.90486
4.12560
-5.15904
15.97752
-4.79078
-7.04709
2.79284
-16.03055
2.77316
9.56807
5.46114
-0.23840
9.21455
-14.07248
-0.65554
5.73518
-18.96552
14.84089
7.63757
1.43212
3.60636
1.92527
1.20625
-4.54619
-2.80060
-1.39285
-0.78752
3.94284
-13.54234
-29.81759
-1.10854
6.83627
4.15180
-2.47835
0.98425
-2.01663
4.95064
-0.33705
-1.26861
-5.19418
3.38192
0.87080
10.29377
-4.44200
8.14279
-3.60773
-8.62917
0.62539
1.61765
3.22325
8.27770
0.21683
1.25505
12.68752
5.43390
5.29195
5.90721
1.36107
-1.28434
-9.65479
-2.14365
4.46954
7.11838
-2.79709
0.64225
6.49541
5.08269
7.87992
7.90493
4.68220
-12.17311
7.39360
-2.70641
-3.32594
-1.24650
-1.72050
2.96410
6.29316
-2.10645
-12.77313
-3.32293
2.42788
2.35534
-0.81820
1.87887
3.48595
-6.63750
-4.06455
2.80141
-13.71684
0.41916
0.08264
-13.88994
-7.92620
14.73271
-3.36929
10.27477
-7.85655
-5.06057
0.75745
0.11033
-7.89375
-0.99493
8.43406
-12.59354
-2.40106
4.16388
-1.57819
1.11904
1.35892
7.57495
4.89763
-0.90772
6.49912
0.09063
-17.60083
3.54771
14.99234
-2.80835
7.07692
9.46686
10.31451
8.86682
1.09692
8.82356
7.92598
-14.75250
-5.23526
-10.56833
-0.19557
1.77592
-1.45843
8.20942
0.87056
-1.69755
-1.36574
2.03528
3.67402
14.66902
-2.23520
-8.55710
5.05648
10.73878
11.31157
0.79171
-0.62593
3.73800
-3.60957
-2.69064
-10.47559
0.12646
16.46712
-0.48225
-21.97998
9.33218
-15.15401
6.65702
-4.06602
-7.58749
0.16556
4.32800
8.06066
-0.36205
5.86931
0.92984
-8.80978
11.93476
3.74892
-0.46425
3.18500
9.31184
-3.06374
-10.96286
11.31607
3.31806
0.74730
-18.60753
3.57661
9.73815
7.70178
8.97951
3.29952
0.15641
-19.24507
-11.94368
-3.21021
6.15629
-13.53705
5.51956
-4.39460
1.40040
-2.98648
1.46623
-4.43758
1.30301
10.28163
-1.07085
0.89512
-2.95370
20.67707
5.40233
-2.39105
2.87573
-2.60556
4.12903
10.16327
2.25761
-12.25093
6.64533
5.25158
-6.31177
-6.91821
5.42398
4.80824
-4.00026
-18.18399
-6.93093
-15.59279
10.46911
5.30148
0.96010
-8.40487
1.18716
-9.21291
-0.53220
4.13279
6.40797
12.24664
-1.96108
10.97081
-1.88344
20.79366
-18.98265
5.91262
2.22637
9.91960
5.34382
-11.23498
-3.14985
9.52812
-1.31780
-0.45654
-1.27301
3.02396
3.60601
3.19674
-3.41338
10.70539
-4.50776
0.44521
2.27807
5.57542
20.47504
-6.91314
-12.58214
0.05808
0.17103
-8.64889
5.06352
0.29783
2.40163
-7.65899
5.27095
4.60447
2.06106
-5.66956
4.11293
1.47800
0.21500
-12.73367
-10.68104
9.67764
1.86606
9.13267
-11.53377
-2.86094
-8.98934
-8.15440
-5.93970
4.41634
15.68947
7.67282
-2.49316
7.64084
6.48404
-3.00611
7.52972
-12.63411
-2.80023
3.64696
-9.32044
-2.72294
-3.11700
-11.42172
11.05267
5.56710
-1.61116
-0.58693
2.46591
-19.35356
-8.37490
-2.29746
-0.49029
-8.13619
3.55532
1.10033
-11.43896
5.49645
-2.93297
-4.65212
-6.72466
7.91909
3.73932
1.79794
5.50238
5.08642
8.29662
15.17181
-8.50904
9.14409
1.65470
-2.46284
15.33396
8.18073
3.78507
2.44108
4.02452
-4.25259
2.72411
9.91785
8.43849
-1.82996
1.77751
4.71186
17.30006
-4.09070
4.16668
4.45547
-9.12870
1.75037
-7.46047
10.94570
-12.55446
-4.66192
2.77103
-5.14607
-15.89396
4.69517
8.12116
-10.79686
2.04198
4.28507
-7.09978
-2.72510
-3.53923
-8.47686
0.86724
-8.82132
-3.09917
-1.14272
9.00358
8.02181
-13.88470
10.45417
-7.00328
10.87134
-11.14083
-2.93188
-11.00716
-2.90665
3.58667
-1.31099
5.23019
3.38722
-0.76905
-17.27246
9.83153
-11.01979
0.17307
3.44791
-4.16286
4.22980
-7.77956
2.66163
5.24282
-4.02052
-6.13412
-2.04117
9.53830
1.42985
-14.73900
-7.27386
2.56473
-0.29971
-2.58883
-2.65780
-2.59764
3.40476
-6.94879
2.77073
12.82060
4.90298
11.23843
1.99631
4.30546
10.96488
-6.02388
0.91537
-1.06330
6.21450
-18.92299
10.84395
-3.28898
6.29007
0.56274
-6.41184
3.03603
4.44864
-6.47915
-1.31793
1.03835
-3.84840
4.96956
-7.72687
-4.98926
11.90889
-2.22749
-0.74047
-16.36273
2.44674
11.63662
-2.11134
2.20020
1.07163
-2.32563
-11.52915
9.07111
1.37723
-5.17075
-7.96485
6.87863
9.88932
-1.99384
-2.98237
-10.84407
-1.27919
-8.60876
1.81154
-4.04373
5.51970
-6.11950
-12.21403
1.44003
16.66539
-2.02239
6.01389
4.24025
-8.52376
-0.08155
5.92813
-8.12997
2.02462
1.69911
-3.13452
5.71259
1.08375
-12.15011
2.01159
8.87757
-3.91316
-7.12370
-5.18111
3.84062
-5.33865
1.23097
8.26882
-2.85896
4.70617
6.74311
-13.87273
5.92770
20.46839
4.28300
5.84913
7.73691
-5.31679
-11.67560
3.45569
-18.65518
0.45309
14.64331
-3.19954
2.56488
-6.90630
-2.74285
14.16512
-0.85208
-5.24354
22.32912
-9.15081
-0.36042
9.50911
-2.74444
-4.83548
-15.76996
-7.40963
3.19887
9.86733
4.08810
0.72496
0.61321
8.08497
-0.87936
-9.25661
4.79519
-3.06373
3.77198
-10.50739
6.80236
-4.64710
-3.25756
-4.78328
11.88855
11.75869
6.71771
-4.18181
-3.77639
-4.22109
-2.14997
-10.90296
7.48107
5.22227
-7.76379
9.50099
-13.02057
6.96334
-1.97586
11.76666
-7.31287
4.94109
8.09372
-9.25005
-13.03642
0.63992
5.94690
5.37834
9.58158
-1.56872
-1.12932
-4.08983
-7.97929
-2.18973
-9.47328
-17.62586
-1.20473
-2.57138
4.59523
4.03292
5.61839
0.07194
-12.62017
6.77308
-10.54932
6.75775
-12.02161
4.84945
0.67984
0.03950
1.60921
-0.27957
-2.05999
5.39770
9.65725
10.50664
-0.54985
3.66721
1.87332
7.99569
-1.88150
14.52368
5.61313
-3.16845
-8.29522
0.01355
6.92192
-5.14071
1.93218
1.85421
6.19627
-3.54677
-16.25891
-11.38206
0.17725
-4.14373
-1.82659
5.93345
3.05260
-0.23276
-0.85881
9.50451
1.46643
-2.10407
-5.66008
-13.88056
6.97014
5.79755
-0.93165
-3.47530
-6.10100
20.78728
8.51879
0.38522
7.56904
11.65926
4.15950
-0.93332
-1.36106
-8.17508
3.75783
2.91691
3.51253
1.56365
-2.89306
0.85227
3.93871
8.10420
-1.47474
3.90278
-5.71486
8.86081
-0.36148
11.13259
7.69643
-6.96161
-4.18315
-8.89455
1.01791
17.13905
10.63114
-2.51371
-5.53477
6.17934
-2.60104
11.41250
-1.89140
-1.33973
-10.20029
16.85906
2.34550
3.14668
-2.74908
4.49618
13.23324
-13.62211
7.69415
-2.40694
-1.26693
0.59060
3.65651
-1.62284
6.11385
3.99819
1.58645
-3.34312
6.82559
8.20283
-10.41667
-6.65646
-1.18280
-0.47485
-2.82533
7.95855
1.53449
4.60084
15.53988
5.33067
-0.79123
-4.05333
2.86672
-15.36997
-7.84926
1.36176
14.57888
1.49029
0.46470
1.54455
8.37843
-2.14432
-6.66617
-0.53122
-3.27174
-0.37380
-5.29993
6.84823
-4.35703
-10.46107
6.15876
-16.77512
15.57285
-0.20560
5.74206
-3.50067
4.06082
4.28953
14.53548
-11.92273
0.61276
2.74071
0.24396
-1.22719
0.78153
12.75986
2.05231
-5.86375
4.71269
5.72532
-0.66085
-3.03426
6.06443
-1.71061
-7.52904
-1.26331
0.97420
-0.95457
-5.19875
-6.54271
-8.88479
-1.29241
24.26357
-7.22037
-4.36363
9.22783
-5.22791
5.95849
12.44034
9.89253
-6.53751
-4.34700
7.67365
2.72311
-2.95004
-13.20772
2.61343
6.28391
-2.92434
6.86920
6.00286
4.16625
-15.10131
2.40046
0.90670
15.46694
0.49493
-0.64614
11.82393
-2.85492
2.89617
2.82617
4.78389
-17.21990
10.13199
-9.96674
5.04093
1.16313
-4.72479
0.77997
-14.62531
7.62419
11.78677
10.08072
-10.68960
10.95141
6.95516
-8.60099
6.47992
3.97467
2.84042
0.21545
-12.57137
4.41211
0.22992
-5.87227
2.02322
-1.70545
6.65065
-8.02648
15.46279
-5.89514
6.14877
2.44071
-4.88391
-0.89482
3.68277
10.80826
3.57420
18.25442
-6.65933
10.02145
-9.61559
-6.32009
-10.41168
-3.85715
13.27598
4.65470
13.01634
9.29098
-13.83141
-4.47574
-3.91056
0.39292
-1.30561
-0.59653
8.91231
-6.24099
-1.07253
1.12187
-13.06553
-0.75767
-3.86152
6.53611
1.31777
-4.03515
-6.26520
4.06190
-0.70771
17.83813
10.80717
-8.24407
-8.85781
-1.67547
-3.44588
7.83477
-11.68872
-11.60195
3.54596
2.84373
-1.35575
8.14413
0.86537
-2.52810
3.78827
-2.88180
0.89384
-6.19522
2.41968
2.26583
-1.56358
8.26079
-2.86699
-3.76234
-6.89218
3.26570
-3.23722
4.03352
7.52364
-0.65956
3.10323
-2.44706
1.47073
16.36511
-2.98487
-2.59070
5.60973
7.86250
-1.72154
11.01110
-15.62753
-0.95287
-0.12934
-4.16391
11.95284
-2.34815
3.95777
1.57167
-2.75612
-1.13439
-7.24644
2.08496
0.24773
-1.47439
6.24488
3.85471
5.24346
6.16109
-10.12395
6.50101
-6.02612
-13.26975
-7.62697
6.85031
-9.67120
2.62019
-5.45578
-4.62763
-0.49983
-1.09947
-4.05377
-3.04055
8.71832
9.98496
-12.48016
6.94155
10.83570
4.05800
6.03126
5.27161
-0.24709
-9.86863
3.89070
10.81469
-3.74186
3.23639
-7.26115
-6.73196
17.24938
3.95778
15.94144
0.89655
11.02035
4.06691
-0.20559
-10.52597
-2.06866
-5.26774
2.90729
-10.05343
-2.00438
1.87032
-3.87635
-2.05241
10.19923
7.41146
20.63564
4.23460
-8.47511
-0.60187
15.97856
0.92770
-5.07504
12.20336
-11.24811
-6.32712
-11.65345
14.98485
-13.29479
1.25369
1.12677
-6.65172
8.73599
-3.01415
-11.53813
-10.21201
-1.60266
3.96428
5.02276
-0.15421
-2.61016
8.10808
0.94938
-7.57995
-10.30965
10.51371
-6.75367
-3.53060
-5.47431
-3.63457
0.59942
-9.32759
1.57342
-21.42165
-0.96737
-16.50641
12.00060
11.03639
7.21407
-3.61186
-0.43680
-1.19889
1.32882
6.53086
2.11553
-5.72180
-8.52345
-5.06438
-22.21177
-9.06780
-7.03542
-0.72001
1.27585
12.67885
7.93170
-0.41701
4.39634
-4.57213
7.43328
-1.45839
-4.92394
10.64267
-14.62423
-7.38530
5.02127
11.03657
-1.62044
3.93398
-8.78495
11.39587
-3.28029
-3.14891
1.75116
6.38313
14.40788
15.25409
-8.72804
-1.13451
2.10744
8.89523
-7.51749
6.90673
-2.73021
-1.55882
-5.30529
-2.30506
-12.11408
-3.12889
1.53881
-4.98881
-4.26412
-2.77307
4.42189
-7.75522
0.75703
-1.97533
-3.15076
-14.44831
5.51446
-0.28675
-3.98623
-1.28243
20.25625
-15.87242
1.90672
9.80484
-13.47781
8.97024
0.41904
-0.39987
10.21513
9.30112
7.14171
10.91410
-3.29322
12.32695
-7.49216
-0.64050
2.79688
-7.74310
-2.00801
-1.62215
-0.10201
2.99742
-5.95160
-6.05680
7.78071
-5.83087
2.25566
5.20133
8.58120
-8.35068
23.51001
-5.28843
-9.54572
-15.48440
-0.01244
2.63280
7.41768
-0.82161
13.71782
-17.53172
-0.64334
0.13791
4.66050
-1.59142
-4.63701
-6.12652
-8.09741
3.61153
2.09606
13.95942
1.84246
9.85896
3.76714
5.81226
12.50469
0.93819
6.96759
0.58902
-2.25803
-5.19743
12.28081
5.14748
8.78477
13.51729
1.60998
26.48393
10.68984
-8.23220
-9.48078
0.68106
-3.59489
-4.44410
-9.90771
4.87289
-7.07958
6.99962
-1.60942
-4.41831
-14.67961
-1.69953
-12.59251
5.13641
-3.85094
-0.75249
17.77007
8.61632
0.85057
23.51704
-5.44551
1.97972
2.11913
12.38537
2.81788
0.49344
-5.74332
14.70967
-0.33681
-1.79813
2.34470
-0.36090
13.85061
-4.86398
8.59745
2.80265
-5.00144
9.53029
-4.76643
-8.44377
-8.99510
2.21101
4.60097
-6.70788
1.69958
0.85500
3.33347
-2.73064
-2.24064
-3.33268
-2.83299
6.63752
5.67969
-1.90319
0.57696
-14.82680
2.65187
-5.05626
6.87511
-0.41765
-7.42883
12.28099
-0.71758
-4.00352
8.60172
-10.65582
4.36573
-9.45507
-1.14777
1.76922
2.90230
2.13699
3.28698
-2.81682
2.70764
-3.10678
6.56543
-13.24375
-0.82124
6.70675
11.11355
-3.05733
2.85319
-3.90424
5.91538
15.23195
-4.81638
-10.09528
-0.13778
-20.04043
20.32295
7.65933
8.22943
-6.23188
6.93549
4.44019
7.55591
-6.56602
0.52107
-1.80475
-25.70020
2.23275
-3.18075
-2.14343
10.91187
-10.46356
3.72664
1.28921
-13.97511
2.26693
-3.87960
7.93144
-0.92590
-9.56112
13.73613
-3.33782
-2.68382
-0.47417
-1.11146
-9.94509
0.02455
3.84636
6.34573
-7.58651
7.14886
17.16179
-0.82498
8.92386
-15.29203
-1.44590
-2.33005
8.83869
5.56876
-0.62222
0.51149
6.82698
12.17284
10.06345
13.47243
-5.47611
-2.39262
-1.49834
-12.09915
-1.29315
8.94426
-8.27318
1.98232
-8.23385
4.14827
-11.97983
0.40467
-11.11359
-4.29310
-0.01286
-3.87793
0.30756
-15.19146
-9.44616
3.44320
-2.90806
13.11618
-7.23725
-14.18982
-1.24372
5.35796
3.71160
5.98310
-13.88699
-0.04522
-0.03642
5.49693
-8.72020
5.56233
-1.95870
3.80914
7.39872
4.39179
1.34231
-2.55209
-1.36217
-1.03029
-1.63233
-1.68192
0.34880
-6.58223
3.05099
1.55544
6.93354
2.33572
-4.93045
0.93828
2.04748
14.85655
-9.20022
-12.25997
1.76187
8.41104
5.74734
-6.17585
7.12900
-1.96047
-2.47555
6.21579
12.39087
1.44590
15.02840
0.52427
-4.76463
0.02843
0.54343
-11.63227
16.70104
-12.57296
0.10399
-13.26059
-0.00580
2.74021
0.58097
0.76516
8.30491
-8.51887
-0.76162
-2.59574
3.61536
1.71258
-7.22232
-2.12752
7.30357
5.15638
2.08522
-0.59881
-2.14903
11.52490
1.76251
-3.49271
6.18203
10.91026
-0.05744
-18.99040
-8.71874
-0.41280
2.92019
0.97020
13.41451
6.12500
-0.93417
-1.88495
-3.32690
14.18781
-8.21336
12.16185
-24.02245
-5.76452
-4.34457
-4.02628
8.10762
-0.14973
-2.24255
11.32636
3.71023
5.28037
9.51984
-1.21309
15.50723
-11.19115
-3.73978
-0.28523
-2.03166
-1.24728
7.43838
2.96761
9.71027
-9.66939
-1.96517
2.60979
-11.64204
-5.61010
-14.50857
-5.73857
7.62362
-2.69063
1.77724
-3.15894
7.35529
17.99486
-1.96161
-5.95245
7.73341
1.23462
-5.79441
-6.29853
-9.74075
-0.24018
1.73962
-14.13833
-7.42795
6.55680
2.74212
5.50893
11.19136
-14.40783
1.30205
-2.81188
6.36215
-1.24323
6.40828
8.71809
3.89168
-0.60702
4.35131
9.05799
-8.31200
-0.71046
0.60055
-10.35825
-20.16130
3.77073
8.51010
-3.16692
7.11948
2.62211
-3.28779
-2.27756
-2.76329
4.85305
-1.28192
-3.45227
3.69101
4.82039
-4.93193
6.68140
2.87569
-11.32418
-0.36012
-6.22190
1.75125
-0.62376
-3.61999
-7.13881
2.98297
-3.67028
8.74969
-0.20055
1.63326
15.20185
-1.86512
-10.44698
-12.36240
5.90213
16.17541
-5.73063
-8.50621
-2.28003
3.98616
-0.07591
3.13125
-12.25902
4.21859
-6.03137
6.56189
-9.26349
-4.64518
-2.57349
5.72173
7.44261
0.61077
2.68691
-5.59503
-3.16970
-2.97788
-5.98457
8.06553
7.00677
9.41376
-3.27659
10.23968
14.07764
-13.95889
-10.77354
16.95058
-4.18880
-1.68030
2.18767
-0.19090
-14.67078
12.15580
-2.19946
-4.93164
-5.43796
9.24363
-10.96584
-21.98541
-2.92439
-7.28071
7.84829
5.36318
-0.05457
-10.00214
-0.00895
10.57443
3.13537
-1.42586
2.39064
12.19440
-3.29508
-9.71682
7.22012
-2.54950
12.91835
-6.91737
-7.73342
7.42728
16.15840
10.00187
9.35802
-14.13914
8.48664
4.36685
-6.42884
6.12299
-0.93829
-5.91181
-0.43933
2.27507
11.26275
7.82788
-2.07704
-12.84256
-10.48082
-5.77199
0.19527
8.36316
1.96892
3.96110
-13.15394
-4.81261
-3.69385
6.36216
-4.35053
-4.50538
14.63342
7.22259
-5.73835
14.59144
-6.16755
-1.93621
-3.56978
-5.67026
-8.32567
5.23812
6.70264
4.59894
-14.08258
0.11243
10.86539
-17.18072
-4.81576
-13.27420
1.67414
-12.17172
-5.14756
-8.91209
2.89360
-3.19840
-1.56457
-2.27581
4.59395
9.73707
-9.65218
2.38682
-4.47010
4.26427
9.18221
12.65580
-4.94948
-11.73056
-4.90515
-8.26952
-13.02026
-4.59721
10.89248
2.46754
-4.09941
-6.65871
4.61675
-7.12380
-10.79185
5.55412
1.96158
-0.08938
5.07019
-7.77157
-20.35954
4.01297
5.67515
-4.31154
-16.63674
5.69873
7.58038
0.58988
-10.03996
-1.74912
12.80302
-3.95129
-4.25872
-5.59073
2.52667
1.64115
-6.07369
2.07406
7.36874
-8.08267
9.22300
-1.90421
-0.55801
2.75050
-13.18664
-11.43249
14.01309
9.33604
-17.48926
14.19287
-1.02443
-4.84079
5.60230
-0.84291
0.45581
-2.49573
14.63811
-7.34277
-10.93297
-8.26434
-6.47791
-6.36108
-6.54828
5.53093
-9.85687
8.86180
-1.43834
1.27831
9.29606
-9.11273
4.35080
11.95862
2.59502
3.70810
-10.14979
6.17622
-5.05132
-6.80856
-0.40746
-0.15827
-4.75812
10.40733
0.22672
5.26805
9.56654
8.95447
-1.56971
-8.71934
-8.09966
3.31976
-0.72366
-9.48942
3.35192
-2.84362
1.72989
9.49512
-4.55072
0.30208
-0.80801
-6.71190
6.44760
-2.09729
-0.19382
13.55033
-2.84320
6.04651
-4.00140
-3.24056
8.28645
2.10381
-17.44375
-2.28815
10.16433
-0.14282
-18.79966
-2.49088
-0.44972
-1.20259
-9.14532
-16.97537
11.54795
-2.47126
-7.51004
-5.40411
8.26736
-8.89066
-7.73661
4.33137
-5.50130
4.91120
-2.74955
8.32225
9.33374
-8.43223
-3.67187
-17.05223
3.35303
-6.79420
-2.80268
3.31971
-3.98825
-6.66267
1.33524
0.51850
5.23948
2.17912
8.47675
9.90252
3.40223
-8.54765
19.08057
-2.60514
-2.06970
-9.63911
-5.00023
-4.26682
-5.03224
4.06814
-4.51188
-5.60466
1.11896
-7.52054
-10.43842
10.47964
1.25577
-2.82176
3.40846
-2.94245
-4.82314
4.31721
-6.62165
-5.41564
0.49657
5.82794
-4.53739
-3.87395
-1.25061
13.71266
-5.18845
7.71418
2.54440
-13.27656
0.72846
-3.77947
-1.40221
-9.46173
4.12668
-1.42783
8.17175
-16.08987
4.03024
18.32187
-3.03243
10.88849
-4.35170
11.92768
4.36157
-6.33502
1.86654
-10.28040
9.61860
3.87584
-0.79427
-7.80489
14.95183
2.50571
-3.94787
0.62831
-2.05937
-15.94914
-17.86949
-6.86004
6.18124
-2.28476
-4.88211
3.81936
4.28627
6.23176
-2.82378
-3.82684
10.65813
-0.23646
-4.99045
-2.62585
1.10963
-7.12539
5.27177
-4.12018
3.39989
-7.30994
19.20530
3.51256
-9.58767
3.67462
5.06022
0.95045
1.16849
0.17245
1.85994
-1.61141
16.50760
-7.26056
6.55164
-16.32630
22.80187
-9.97826
-14.11194
-7.57385
-2.44577
-3.77614
-1.04274
-11.65170
-5.34979
2.60291
-4.33295
-1.19203
-5.51116
-14.13363
-7.87009
6.86120
11.12547
7.81868
4.70327
4.60855
21.57354
10.92695
-15.09534
4.05300
21.46796
2.78941
-10.83084
4.62670
7.14107
-13.28575
8.28543
7.49602
-3.37384
-6.38692
-4.91158
-0.54175
12.37062
3.38978
9.66279
-5.95838
4.79627
2.28812
3.28202
-4.50389
-2.04578
-0.21578
-4.04548
8.54238
2.11845
-6.69911
8.32341
-10.45440
8.98019
10.92897
-7.25660
-2.96218
-14.50965
11.80501
0.08271
-2.45169
-14.51365
7.81660
-3.26608
3.15469
-0.68847
0.26977
-2.48515
-7.57571
-9.99268
-3.13691
-2.88250
-6.18696
7.00301
4.93026
-10.02648
-4.39575
16.60431
2.87412
19.25205
1.56925
-5.82057
10.30661
8.16550
7.74968
-1.94613
4.27049
-0.70691
-3.81769
-0.53389
-7.13704
-7.46563
12.25472
0.87162
-6.98568
-3.94849
-6.21759
15.32874
5.90260
0.50635
0.46346
5.00773
-3.25644
-7.06599
-4.90449
13.94949
-6.90627
-2.79282
8.33587
7.95629
0.21928
-6.25737
5.75378
4.05942
-9.56723
-8.34313
-4.76523
1.14749
7.59313
4.27128
-10.79855
5.76466
-3.17453
-2.63064
3.82484
3.54194
-6.71649
1.03628
-1.76698
-10.09419
5.60831
-5.64150
4.14459
-5.30831
3.31792
6.42110
-6.83803
-4.43562
0.70994
11.65469
-1.54654
-0.20773
5.69593
10.97168
-15.31870
-1.21675
-0.70491
-0.21378
1.68006
-7.40786
16.73942
-7.35674
-3.02127
-2.09803
1.06646
-6.27876
13.12622
9.87033
6.56313
-5.70350
-7.50368
-6.57113
0.43275
4.61930
-2.03102
0.32900
2.80142
7.61472
-5.03454
7.63425
-14.51743
-3.25377
0.10127
1.59786
6.56934
5.34910
-8.70458
2.31550
6.03862
16.65909
-7.07120
-8.30342
-3.00062
0.22112
-5.54554
-11.00737
-4.55440
4.61272
0.39914
-4.55635
4.49263
0.67407
-2.31425
5.41731
12.93001
-1.82962
3.51414
16.87562
-0.81061
4.34948
-0.95032
7.12665
-5.27494
-4.41837
5.92073
0.85195
-6.91761
-13.82085
-6.77598
-3.43718
-1.62446
-5.33427
7.99050
-3.78761
-2.02602
-11.43239
0.95706
-10.63245
1.19791
-3.85932
5.82420
4.04664
0.31270
-9.31795
-0.96488
6.25091
7.93210
-8.18630
-2.00169
4.18146
13.18180
2.33953
0.07424
-11.02134
-4.77356
17.27832
-3.40733
1.36173
-8.26691
-10.97852
-5.30612
2.40124
13.35032
9.01555
-7.54790
6.39614
-10.42285
3.88654
3.97047
-0.89123
-7.78527
-1.78748
-5.31537
4.10495
5.11733
3.78734
5.83813
5.06010
8.20638
4.41786
-9.74334
9.86570
-9.40798
-2.24443
1.66033
-4.83991
14.17238
1.05246
-6.84897
-2.56701
-3.08180
5.92989
2.59487
-9.23413
2.58801
8.21038
-0.62031
4.18260
4.82309
15.32636
-6.28899
-3.93976
2.51976
5.50625
9.56100
10.16512
-3.68496
-1.65582
1.31854
-1.86263
0.00484
-15.79309
-1.97797
6.55056
4.89580
-9.82761
-2.66236
1.64830
6.17053
7.92672
16.29972
9.68967
-10.28847
-3.59909
-12.46686
6.50208
-3.26759
-1.54163
8.13163
0.11882
-7.93018
-4.17042
7.38693
6.75334
16.93209
-0.39619
2.97636
-5.21968
-7.98757
5.17105
3.14844
5.95449
5.71538
4.10673
-4.83283
8.48232
-6.77498
15.19157
-5.94943
-13.14050
5.25677
-10.57036
0.10405
0.13888
9.35064
1.11563
7.68120
-0.08307
-10.38535
15.01135
8.24792
6.76423
24.48144
-11.86263
1.29067
-5.20371
2.61187
8.43758
10.26550
-4.31742
-7.26766
5.23518
0.25423
-6.53442
-3.19916
7.04369
-12.78520
10.59108
2.67355
-0.23059
-10.42418
-0.74701
1.94535
-2.52066
-9.58692
-4.24537
-4.51037
11.95954
-1.89265
-18.57099
-11.98868
-0.58659
-9.49212
9.74805
-2.47073
-0.78929
-2.20748
-1.51926
4.11785
14.36248
10.88719
-11.19343
1.11397
-5.16075
-8.46954
-3.25623
-10.21273
-1.22851
6.49892
-3.20147
9.93311
4.48966
-13.10503
-4.35440
0.63294
0.38176
-1.81671
20.69768
10.01231
5.46841
5.54935
6.30493
-2.87042
6.78584
-1.93219
-10.10375
-5.79616
-10.00018
-7.01457
-8.37152
-4.09773
20.69433
-0.63257
-8.43094
-0.87193
5.34942
3.76043
1.94578
-3.65710
3.23693
12.45277
1.17667
6.28134
3.33067
15.67543
-8.23224
-6.79100
-9.64041
7.94581
-4.18216
-3.82172
0.41661
-2.24618
11.85331
5.37853
-15.61293
4.83033
-5.04220
1.35630
4.57062
-1.34605
-12.09646
-5.34522
-2.26214
3.51472
3.01456
10.77934
-0.58731
2.07637
-10.83195
-8.49944
1.82737
0.74665
2.48354
2.04913
19.51476
-16.10117
1.62240
12.61332
4.78411
-9.10341
-6.20445
5.82562
-7.52288
1.74518
7.37350
5.62477
1.42415
10.09098
0.12221
4.12937
-4.32071
-9.66288
-9.94212
-8.79098
-4.36658
14.71826
-2.99045
2.04984
-3.23708
9.42723
-0.80134
-0.11173
6.06523
-12.87816
3.06302
2.56870
2.98070
11.73428
1.40679
-12.94825
-5.78849
-11.61284
-15.73789
-15.69914
-1.85384
-8.44951
1.48685
-8.64923
2.42111
-2.74816
-12.70556
-2.64927
4.16823
1.95348
10.16238
7.08826
-4.92679
0.26856
-15.28816
-0.73129
-7.47267
-1.67735
-1.47761
-2.43245
-9.66752
-2.85382
-5.20961
-1.61704
-2.02566
0.40413
-4.40337
-7.61112
-7.82453
-0.88477
-3.86390
-8.46841
0.30375
-1.22281
0.04507
-5.51750
-19.71656
-0.49738
-4.49860
-1.69064
-8.56024
-0.25423
-1.02594
-6.72100
9.77121
-0.23337
1.93996
-2.91468
2.06324
-13.40730
-0.47763
-8.74900
2.06692
-6.33049
-0.56932
5.51337
2.77123
3.50544
-15.63563
-2.27104
4.87487
3.08743
-2.61112
-0.84156
6.06741
14.30034
0.18292
-5.61325
-4.19946
9.09874
-0.51092
2.13440
-15.00309
2.38445
-6.20030
-3.21920
4.66381
-7.60669
-5.71805
12.51059
-1.57356
-12.97590
-17.65944
-2.97582
-14.36359
-1.19367
-5.53701
0.34702
0.63625
3.55174
13.09327
7.26283
1.65025
-2.57697
-7.38129
6.51633
13.56946
-7.53621
-2.20896
-1.07993
-2.86864
6.28712
0.04169
15.99873
5.42650
-1.09837
1.07701
-2.68433
-8.85470
4.49461
-4.38884
10.83612
2.46252
-12.66911
-12.47621
11.66901
-13.93730
-13.68153
9.42720
-0.82881
5.98735
-0.77718
4.97407
0.43055
-10.91415
-11.01675
-2.73091
3.98801
0.51445
-5.40653
-0.86023
-5.62190
-5.07145
3.73576
10.23441
8.33431
-10.04160
-5.73534
-5.85043
17.64608
-6.97596
-6.15620
4.55367
-2.77512
-5.16231
2.84562
2.63049
-0.08933
-7.26859
0.82416
-2.61250
-3.51392
-0.89836
2.94245
-12.41528
6.44984
-7.29621
-1.19729
-1.37056
11.25750
-1.80431
0.81689
-12.94029
-2.76498
6.33439
-2.35263
4.06910
9.04280
1.35111
-5.79618
-1.32059
2.69864
5.69613
-8.27773
1.42639
-2.62853
-9.19401
-1.25457
-4.79708
5.46290
0.61262
1.78800
7.39323
0.01208
-6.64880
-9.74929
3.64655
8.96160
-17.45652
12.59670
-9.50649
1.69205
-4.09279
-11.02306
5.10778
12.00178
-2.58576
4.79199
-0.74869
-6.42333
6.02508
-8.91376
13.88614
-1.27379
6.88112
-7.69807
-17.29761
-2.09524
11.41276
-10.52081
-23.36731
3.21368
-7.99512
-1.26083
1.47889
1.71161
4.06849
-11.77192
0.50569
2.74389
0.77395
-2.46120
14.65835
-8.96097
-12.84993
4.97461
-10.51637
2.56938
-12.74959
-8.97835
2.80699
4.30014
6.67256
6.28336
-18.51997
-5.14128
5.22303
-5.28582
-0.46826
2.93617
1.13778
-8.58032
6.53171
17.95771
-12.18710
4.36008
-4.88210
-6.32805
11.20754
6.02772
1.04927
-2.73908
-7.99519
1.12329
6.89202
-10.51466
-24.62154
-13.30267
8.06685
2.59297
-10.69085
-0.56765
-0.81779
-2.87863
1.31614
-10.99004
-0.95390
1.44115
5.68209
1.97666
-0.13711
-13.74886
-11.25621
1.29911
5.93130
-2.18300
-13.80123
-8.75612
9.31450
0.86398
0.69341
1.83623
-14.24170
-3.39768
3.03002
-2.08510
-11.49808
-5.03337
-12.51383
2.92448
-13.37471
-0.02524
-4.99841
-4.87703
14.02996
-14.34618
-2.98877
-1.05865
-1.80271
-6.32866
4.53881
1.29676
5.35871
-12.38644
-9.27553
6.43921
4.91102
-5.71502
-1.73204
2.98278
-6.98159
-11.74005
5.34437
-14.28403
-2.49464
2.17215
0.62334
-5.06372
7.08032
-0.63337
1.75429
-9.09946
0.08649
-0.98247
-4.07976
-5.90726
-3.10309
11.49569
1.48478
5.11265
-6.31908
1.33109
11.59376
14.68950
-9.45142
-5.13984
-4.59683
-13.68004
1.21604
-2.04111
-5.67652
12.58815
-1.17522
-4.93642
9.76189
-6.42016
11.64800
2.49910
-7.49798
7.63139
0.77866
2.14465
3.01106
4.39534
-1.55599
-8.26523
-7.66668
-0.29333
7.37057
7.30346
-3.05413
1.74143
6.34174
10.99131
-0.19726
14.59849
5.65363
6.64378
13.01970
-4.53166
5.37694
6.86787
6.07809
-8.67424
-16.02794
-13.19898
2.71928
5.56637
-12.26015
5.02652
-5.22264
6.81329
19.52299
6.38437
7.09135
1.72666
-4.43159
-8.39116
13.79964
-9.29962
4.99958
8.86603
1.42118
-2.80412
-5.93749
4.43980
3.86473
-3.24841
-12.14421
-3.56399
3.82654
10.12494
12.01607
4.56673
-1.18252
13.20618
0.76137
-16.76846
10.28662
-7.54923
-0.23373
-12.62585
-0.83575
-5.42456
3.74467
8.00416
-7.95912
-19.09883
-10.99452
2.49189
-7.30825
-0.55004
13.82506
-13.48814
9.54645
-1.82215
2.20291
-3.23477
2.28501
11.81165
-11.73456
-2.65860
2.87675
-2.04605
-0.74113
-1.41973
10.37070
3.19267
9.95655
4.89350
2.06573
7.74427
-5.34745
-10.55272
-3.03842
-6.41881
-0.48249
4.75880
2.36609
14.29216
-2.34542
14.22949
-6.74211
-3.89919
-15.59326
-1.68621
6.10940
0.47229
0.63217
-0.12691
8.14713
8.04829
18.12734
14.88634
-0.97289
1.46959
1.12911
-11.10961
2.35799
6.54773
2.07606
7.70419
-1.25065
3.78900
17.51478
2.92499
-1.85402
-6.12781
3.93447
2.74708
3.63028
1.48058
-3.57121
-11.38754
-3.80514
5.17770
-3.34471
1.46534
-0.71441
-0.42067
9.31192
4.65890
4.35524
-12.06748
-6.44460
-6.02109
-9.23159
11.26058
2.93653
-1.74882
-1.57503
-9.30288
-7.42908
8.68668
2.86462
-3.00168
-2.02877
12.30631
-9.30544
-3.89609
4.25819
-11.31496
2.15832
6.94545
1.67643
-5.03083
9.50127
-12.14765
-4.16688
-5.85140
6.56851
6.68928
-2.04138
12.87816
-5.86875
0.08292
-3.51309
-1.72743
1.48818
-10.38738
3.31665
-6.97386
2.99845
0.44390
4.63925
8.84493
-7.92060
-9.93424
-0.41752
2.61722
-6.41991
-6.91351
-6.79741
0.56679
-0.16410
-4.73040
-6.17590
1.19685
-5.98635
-3.77716
14.57437
-12.58484
-9.72517
-20.40894
-5.65769
2.03543
-2.99598
1.91822
4.31204
-7.28380
-4.10374
-0.45084
11.73199
-14.65133
0.68961
-7.21730
-5.59311
-8.07896
3.79769
26.29961
14.08404
-5.21574
-8.63467
-7.48033
16.63107
5.31948
-4.00628
-5.50437
17.26840
14.44290
-4.09367
-3.94865
-5.94297
13.56839
-9.69420
9.11623
-4.85579
-3.56527
-10.09560
-0.85423
7.44012
13.49713
-0.41302
13.38521
7.41929
-16.49763
9.66030
13.44235
1.37694
-10.36620
-0.18445
16.67222
12.38402
-13.36518
2.69578
10.62494
8.74486
10.83173
-2.21339
-5.75124
-2.36831
-5.22044
9.01377
-0.23790
1.11397
-8.71743
10.77196
1.75354
-3.03632
-5.17295
14.49721
-5.40288
2.32291
10.53104
2.07208
-7.06121
-0.82897
1.62449
-0.84673
-0.29480
12.43288
-1.25288
-2.95875
12.27016
14.19087
-19.01586
1.06521
-6.99386
1.61038
-0.47107
6.48838
0.63171
3.54953
-11.39444
-11.94726
-8.22133
-2.03405
-3.70404
7.94818
12.53071
-7.87943
-8.59825
-1.96773
5.08663
2.34081
1.02051
0.36996
-11.26728
-1.93632
-1.19586
2.64283
2.44766
-3.96991
-19.42399
-0.55879
-15.92008
-3.05579
2.66660
-3.98321
2.19579
-2.57107
13.42715
6.60177
-2.66436
2.17223
-3.98396
-0.42172
4.44961
2.77875
9.52723
-12.39635
-10.36330
4.22748
-2.65985
9.58281
-13.14005
3.76563
2.09871
0.20937
8.22092
9.90045
-12.35847
-8.88341
5.24599
-0.25939
-19.82483
-2.40251
4.52408
-2.86685
0.75653
5.99077
9.34161
2.60094
6.44180
1.10546
4.10445
6.69691
-4.18232
1.02200
-12.92988
-5.55000
1.02346
-11.52244
15.33053
-2.69419
3.07091
3.61011
2.44185
-3.73385
5.40634
-13.91540
7.23391
8.64881
-0.87398
6.53677
6.89955
9.25409
-14.26899
3.20785
-7.60714
4.16257
0.48608
11.93545
-3.30245
-1.10535
5.84533
-0.43463
-3.99786
6.20310
-7.44852
-10.90698
-7.41126
0.56909
1.91991
2.26331
12.07436
1.82987
-2.03726
1.50050
7.21787
-2.45952
-0.58476
3.78704
-5.82901
-1.80797
1.33299
4.19449
15.38315
9.30346
10.48160
-10.34840
3.33851
-13.79460
7.48727
-9.58396
4.92396
-6.93143
-9.65659
1.01246
5.17017
7.07543
1.33538
6.89889
1.01717
-3.35093
-7.97798
-0.39436
6.54879
-2.72605
-6.83209
-16.02910
4.73543
-8.02536
0.07668
1.71077
3.14150
13.56888
-3.07169
-5.53362
2.35070
-11.30816
-0.81275
-4.91735
-9.14375
-4.51460
2.53745
12.62066
-8.84366
18.35827
-2.92179
18.86439
5.29512
-2.57619
1.16865
4.90257
-0.93031
4.67078
0.38336
6.76097
23.16317
-1.33516
-3.59681
-14.25506
10.19479
3.17737
11.59457
-0.07597
1.94407
-11.94301
-15.29535
-4.70148
-21.64806
-13.29392
2.74286
-2.83040
1.22640
-6.08364
5.98162
-0.27024
-6.55303
0.71672
13.83979
3.11293
0.34455
-21.27795
5.43442
15.04053
-3.00260
10.03210
-4.61267
-10.63151
-3.78536
-10.42805
-9.67827
11.43627
3.39489
-13.61226
-11.12092
-3.73399
0.83902
3.51699
2.63341
8.09969
2.11563
-5.50442
-0.84512
3.67253
3.68159
8.88195
-5.05842
0.79173
5.86583
-6.87393
-11.26257
-9.74493
2.49384
3.81750
5.31193
-4.64953
12.31754
-2.48571
-5.34716
13.13430
5.06982
-23.76827
0.83680
-1.02521
-4.66369
4.44002
9.52934
5.22630
-5.68363
-18.25698
-5.39231
-6.06747
-0.74432
1.69718
-11.27996
-3.45494
-2.95722
1.10233
-0.19007
-6.05519
-8.06250
4.65455
8.02240
0.13124
-3.38353
-5.30640
-6.75014
-16.32117
-8.94700
5.73765
5.29595
-9.03944
-4.60008
5.18353
1.50646
-1.63234
11.76092
2.02815
-4.48899
-4.46783
-10.65398
11.13442
-1.19380
-0.79424
1.95099
11.47018
-1.23726
4.11431
-5.75038
-6.29555
-3.44028
-1.38434
-0.59033
-4.36528
10.88993
1.00913
-5.85522
-7.95864
-3.09633
-4.22122
-0.44522
13.80726
1.92416
-12.50245
11.35596
3.37888
-1.00986
4.31576
6.07562
-0.50270
-3.44902
-0.61145
-12.13129
-14.86080
-1.90918
3.53914
4.23216
2.81566
8.38640
-2.10363
6.22743
-8.65833
6.22353
3.88258
-4.26208
-11.66847
5.59609
-15.22884
-6.62125
8.23877
12.68270
8.31824
4.22124
-1.54956
-4.62551
8.16835
-2.21880
-7.87422
-13.43448
-2.20514
-0.47451
10.75928
-4.38171
-9.31093
-3.92719
-5.46246
-0.26614
-2.23414
-3.38471
1.95692
-12.88566
-1.95752
2.86656
12.49149
-6.58655
-12.55390
4.93993
2.64727
-1.37320
4.46655
-11.37036
1.60414
-1.30885
-0.73532
-3.33853
-1.97885
-1.21896
6.15369
6.80267
5.63276
-7.55210
-2.32518
-1.11376
-2.97819
-3.73662
-11.63682
-9.52822
5.57951
9.03722
-6.37185
-10.67768
-13.02264
3.89672
7.37317
12.55829
-9.78062
3.84851
-4.36267
6.10478
8.23600
-3.70820
6.01951
-9.75112
-16.31526
-3.21416
4.22074
-7.74138
1.26318
-0.04837
-10.40247
-6.15693
3.64702
7.49002
0.62074
12.31263
-6.20211
-1.31196
1.26711
-8.55372
-6.08492
1.66637
3.29661
12.74197
13.99413
6.18404
11.28017
-3.47728
8.99070
1.96946
-1.11210
-1.08715
-17.87977
-12.04316
14.92596
-3.18018
0.15271
15.03446
0.35145
-5.69628
-7.07602
-7.38935
-4.28057
-13.65940
-0.69531
19.82123
20.22040
14.25893
-8.88226
1.44161
-4.81459
-5.08987
5.48044
-3.43057
-16.09943
3.77222
-0.83169
14.12428
8.23476
-3.97014
-6.68733
-9.36141
2.92685
-12.30056
1.53496
-9.40258
-5.47095
3.88872
0.35961
1.79739
-9.74316
4.79870
9.20863
-8.81057
-3.37472
1.14421
6.36112
-1.91399
-9.67758
-4.87377
2.89212
-6.84877
4.73809
-2.75185
5.79960
6.56586
5.07480
-12.00528
5.65479
-12.25432
6.51872
-17.50147
-2.84030
-3.13643
14.38462
-5.08863
-2.63866
0.93156
-14.52947
-3.91734
-1.28294
5.62535
5.30293
-10.80150
-11.32487
4.83308
0.27542
0.31077
-6.02691
11.69063
1.46247
9.73491
-7.08639
4.21689
-2.29856
-12.47080
-10.54343
-6.04564
2.97754
-11.70511
6.72098
6.49000
-3.60520
-12.34792
-11.31383
-5.56606
-5.31665
7.91371
18.13728
-7.17837
5.35859
1.94383
13.31331
5.21966
8.22044
-5.94345
1.44305
2.28872
-5.43582
-3.05744
-0.50927
-6.40552
4.42466
-16.68563
-7.75024
-2.31916
-1.05020
-3.34166
6.07062
-5.14738
-5.82168
-1.82627
11.37067
-2.40033
-8.23179
-3.34627
0.48657
1.83806
1.03627
3.41609
-11.29677
-7.61401
4.44074
1.35641
5.29943
-12.17781
6.76984
5.30452
-1.54091
8.27452
2.79337
1.70756
-15.30737
-5.66965
-0.75838
-12.04632
-6.68217
-3.40346
0.25336
-16.70015
0.01370
1.86124
-1.47955
-7.63252
-5.80099
-4.68676
-11.83700
3.32224
4.47601
-0.53943
4.11427
4.19562
0.70098
-4.40696
1.83920
-8.01984
-6.46218
13.39596
-14.23131
-6.97529
-1.08535
6.37715
4.50248
6.05751
0.80592
11.84137
2.63882
2.10799
-17.74526
-1.33489
12.42216
6.14264
0.44841
2.32549
12.03619
-7.81621
6.29418
-2.06724
-1.14862
-11.05492
8.41272
2.23279
6.75823
0.13340
9.20595
-15.71969
0.45912
-5.94268
10.75010
9.87766
7.98843
10.34906
-2.37249
-1.11153
4.01789
-13.37948
-2.21786
-3.58140
7.03104
-2.22476
7.32898
4.31143
1.32911
-0.70148
4.59528
-4.76781
-2.80013
1.59106
-17.97134
4.42860
-8.17864
5.98108
11.48227
-13.13513
0.71466
5.38884
-5.35179
9.84236
-1.03249
-7.40508
-11.35594
-8.21327
-0.91420
-12.33833
0.03768
13.55318
-2.77743
-9.41030
-3.42297
8.14338
8.34398
15.02069
-2.58702
-6.61301
-3.31525
-0.86757
2.84455
-1.94858
5.55551
4.48906
3.23054
-0.88564
3.54976
12.80266
2.10816
2.82106
9.80765
4.30230
-3.37225
2.02970
3.07127
-1.90245
15.95501
-12.19181
2.15795
10.00004
-1.86165
-1.98952
-3.60418
-5.36353
-8.84671
6.84893
2.29973
-4.54173
9.74481
14.72979
-0.03745
6.87149
6.43881
-15.76126
-3.24051
6.71927
-6.32591
18.49411
-3.89487
5.52122
6.41342
-9.88066
2.94170
2.71730
-1.74651
9.25451
6.61263
-6.07828
-15.19086
3.59143
3.24781
-2.64998
5.46209
-5.03490
5.03593
4.11390
3.30617
-3.87121
-8.73390
-6.73985
5.81894
-9.00900
-1.13433
-10.99200
-10.46423
-1.04773
-4.03361
-3.75844
1.45575
-8.89742
19.60050
2.30983
0.33653
-4.11922
10.82462
-5.27492
-3.64698
-8.93288
1.53679
-0.32658
-2.85877
-1.78399
-8.80797
-6.69250
1.71786
10.87154
-5.97740
5.19792
-9.40943
5.64782
1.12416
-0.29753
-9.46608
-19.16074
-3.99902
-1.39209
-9.88034
0.28596
4.16004
17.02744
-2.17919
-1.34285
0.24421
-5.95713
0.59014
-9.58019
1.87620
-8.98846
-3.94156
-7.97466
-7.65342
5.43593
-10.80598
-21.54350
3.89444
-1.58428
-1.70041
10.03380
-5.36019
7.23320
18.25876
-5.96578
0.55764
-1.45124
0.85902
4.98674
7.38043
-3.78210
-10.25490
-1.39796
9.33337
0.92543
5.40996
-3.40248
-3.94224
7.79168
8.23089
-0.29752
-9.29191
-5.67672
1.65190
-17.09519
-7.79837
-8.55224
-9.29012
7.75156
1.29345
-3.29006
-9.80692
16.70933
-7.10447
8.33179
-6.06119
-2.78820
5.84957
8.40900
-2.67371
-5.90989
8.34879
3.21984
8.96285
4.80305
-7.02127
-7.23477
1.70234
-8.34865
1.03948
-4.17541
-4.64930
-3.69648
11.65433
-9.93133
-0.38063
-8.32575
-2.06084
6.17904
11.20584
-0.71964
6.61588
8.26154
-3.90967
-2.93604
2.81512
2.36925
-10.45151
1.34131
-11.31905
-10.24556
1.63195
2.42047
2.59989
14.24247
5.49441
-4.65701
-0.53624
1.02502
-11.05877
15.58739
2.77174
-7.89905
-3.09088
6.06641
-10.90896
-5.92013
8.18724
-4.99737
6.33826
-1.85965
-13.43156
-2.58145
-4.52335
1.60891
-0.72232
7.03132
-7.62255
-2.73185
-2.84564
0.16744
0.41427
1.40963
1.05259
-5.72928
0.29826
12.03383
-6.45289
-0.26977
-2.93025
0.95971
11.21806
0.60350
-1.09055
-14.18717
-17.71372
-1.05984
3.79946
8.79870
-3.37788
2.80968
-0.69324
-19.24426
10.55032
-3.26069
7.82016
-15.49589
-6.62066
-10.97407
-14.77820
-0.01525
0.52922
-4.81217
6.42125
-2.28386
-12.03156
17.00039
-4.53942
-0.78516
4.43063
1.03850
-6.32498
-4.29480
-3.95472
2.51561
-8.45689
-6.10523
-0.38475
16.50893
-5.27169
2.37467
-3.41862
-4.66705
-1.44702
2.69550
2.65130
5.47848
2.17958
-8.49583
10.22040
8.70565
7.11341
-12.25531
-4.54176
-6.14386
-1.71425
-0.36830
1.74507
-0.33103
-0.91640
6.06539
3.61557
8.02487
-8.40962
-14.82119
-14.99327
-2.92152
-0.55294
6.09173
0.82157
-6.70597
3.46266
-9.11421
2.98559
0.00770
-0.27353
4.81933
-5.84460
11.95328
-1.55122
12.24613
9.68986
9.65532
-7.68152
-2.62178
-1.73122
12.97327
-0.73413
-5.51588
3.30615
2.28598
6.62887
-5.18151
-4.20589
1.77921
-14.85596
-3.56835
1.06251
-0.05996
8.55784
6.85157
5.23380
-4.20962
10.35034
-10.54141
-3.73660
-6.37235
-13.01565
-10.65791
5.61919
5.56914
2.90118
5.25346
7.20389
5.01121
-2.18508
-4.47278
-2.79809
6.10594
6.17709
-7.21977
7.62041
7.56378
3.33445
4.86253
15.02948
4.83858
-17.61460
1.15939
0.54716
-2.66403
1.23554
2.95528
-4.50471
-13.57261
1.11801
-9.52968
4.49524
2.14509
3.34649
-2.72981
-4.27705
-1.65597
-9.16975
-20.12134
-6.30857
-16.90223
2.31841
15.39840
0.36027
-0.03646
-3.70750
-0.69474
-3.56563
0.95644
-8.77525
-1.55169
-4.80402
1.76043
-4.98315
12.35713
-7.04453
-1.91358
-13.46392
3.54568
-9.35954
12.36674
-6.42835
-14.99071
6.64389
-10.94574
-2.17846
-12.63461
-10.39125
-1.55582
-1.45593
19.29241
-7.79969
-1.09505
-4.59654
4.93593
0.29320
7.30552
2.18535
-5.17487
0.48908
-4.03583
-11.39198
-4.26050
-6.55306
3.22600
2.30685
2.06391
4.58853
-8.83359
11.28736
1.71168
3.15726
16.29215
-0.75868
2.56471
-3.22835
5.81586
-7.53177
2.60124
-13.20952
-0.42770
4.66877
5.28349
-0.50309
7.34215
7.17254
-5.63732
-9.39563
16.44246
-0.33174
-7.50026
2.20392
-11.60246
-5.70599
-7.07656
5.23514
16.85403
3.87889
-2.74870
-0.99965
12.95231
-11.24815
26.33220
9.80494
10.93516
7.22715
-7.22442
14.19288
-8.81007
-2.84809
-4.97964
9.88997
1.32497
-12.24780
7.73464
4.91729
-9.90901
-13.55085
-2.47866
-1.33235
-3.53696
-6.00117
1.35113
0.56703
-3.47827
-1.44187
-10.03545
-8.55666
2.77648
-4.34682
-0.65329
14.93950
7.35350
-7.25067
-7.92415
4.49902
-7.46889
4.13029
3.19311
3.74735
-6.35607
6.17192
-14.69202
-15.44998
-6.18095
5.39128
14.79109
-5.69923
-4.61234
-4.76631
11.77117
1.11488
-2.97099
5.95838
-8.78015
0.14326
-6.55534
-9.02667
-2.66517
3.79581
3.23174
-8.34118
-1.87571
-4.63400
5.47846
8.35992
9.15746
-6.53149
4.58696
-11.25341
-3.12792
-7.98861
1.80881
4.35625
-2.41554
-11.34885
-5.57774
-7.01947
-4.12406
-9.04618
1.57728
1.80315
7.65177
-1.15695
6.26926
7.91648
-5.38411
1.59485
11.86956
-13.02199
0.79998
-1.77528
2.71912
-4.74571
-6.59746
-3.81287
6.12233
-6.39740
15.30041
11.11474
4.53244
-5.72879
-4.38328
-14.65085
1.02601
11.79946
5.51310
-11.72437
0.94304
-0.56026
-2.53557
-3.47053
-10.20638
3.46935
-1.55831
-4.04253
15.44669
-10.06687
10.38344
-3.21647
-3.82990
1.11190
-1.79059
13.77015
-1.91348
-9.60123
20.38836
2.86971
0.44897
4.27628
-7.15805
5.01166
-0.38974
7.19548
-5.23096
24.99960
0.89683
3.05416
2.95914
-6.44550
-8.87968
5.75524
-2.76227
14.19406
8.83575
2.49801
-1.96206
0.85297
-5.23010
-13.12847
-18.03820
8.52291
-0.08841
-7.76078
5.99930
-17.45841
1.24840
-2.32590
-4.64083
2.10738
-13.99652
7.71966
-2.14601
-1.75064
6.05070
1.53055
4.02131
-8.00667
6.81846
-4.78102
-2.11882
7.30940
5.03853
-15.42641
4.07766
5.77820
-13.99696
7.07420
3.20011
0.94499
-0.04968
-3.90745
-8.19859
-0.05657
-7.50984
-14.71895
-8.73139
15.10952
9.50312
1.10262
-4.05000
3.34753
7.48189
9.66399
4.90843
-9.26050
-4.08423
-3.24507
-1.63187
-11.18722
-5.79417
-5.86481
2.48610
-4.33286
3.87531
-4.10649
-6.39559
-9.51994
-5.51483
-1.95705
7.47522
13.43271
-1.89819
7.45566
-10.44839
8.08412
18.70481
7.02799
-0.59027
-0.92819
-14.69122
1.59759
-0.96969
-4.77211
-3.82215
-1.23912
-6.18074
-3.73591
3.06936
-1.85880
11.29954
1.02159
-13.56575
0.07131
-10.10927
-4.38503
-7.99779
0.05809
-3.81348
-4.15487
-12.32823
-0.57884
-11.69565
2.01623
-4.77147
9.23925
15.86159
-7.34003
-2.40596
-11.19961
1.31779
14.97380
3.23583
8.08780
-0.95695
-5.88794
-3.97707
-1.61055
-4.56147
-4.07310
4.73201
5.15387
-7.07275
2.94759
4.52292
-9.60905
3.21661
-8.68561
10.96102
-4.34381
-8.02552
2.99915
5.01515
7.55407
8.37804
-4.05304
-12.50513
2.02242
-1.66181
3.48169
4.29649
-16.39565
-2.69898
-3.32528
4.87602
6.78413
0.79963
14.45378
-14.34259
-2.76721
18.12100
-6.91828
1.49568
-2.58223
-0.44997
3.92613
-3.34014
5.13573
2.54793
3.92829
-7.31272
4.13828
5.65869
5.19160
-6.57170
7.05694
2.13343
6.63851
5.21373
-18.98124
4.68954
8.25825
5.29457
5.71080
-0.66774
6.59342
-1.97014
-7.39336
-14.55683
2.40616
2.98266
18.25902
4.83859
-10.21065
-2.20110
12.60385
-5.03433
-1.11437
-3.84500
1.82755
-3.80878
6.79320
-7.39401
9.93605
1.66287
9.60769
-2.26090
1.96453
6.08590
5.40106
-2.74277
-4.12247
-3.75494
3.20118
-6.88020
-1.73288
-5.68409
6.94020
4.04223
-11.59073
-0.86163
-4.01545
3.89680
-2.11425
3.33402
10.65603
-8.78813
-1.24237
0.19785
-11.34309
2.93227
5.15589
-1.42856
-8.57821
-4.77431
19.07773
-3.05046
-7.25149
-14.71166
-7.99670
-1.27706
-6.95894
2.31827
2.71370
-1.27443
6.11274
-13.35499
-11.43117
-4.19432
12.75445
-0.55853
-1.34120
-13.45401
-9.60636
-1.32260
-9.49140
-7.24558
6.32769
3.44228
-2.25973
5.54001
1.13608
0.04853
-10.66184
7.82323
4.80372
-4.27174
-1.83789
-2.41021
-2.83727
2.03696
1.06144
-14.61128
-0.51837
12.96067
4.65635
-2.97399
13.91086
5.65682
-0.96769
-8.37086
-5.64131
-5.31243
-7.91967
15.43276
-3.53554
4.48262
5.50137
-4.66657
3.28510
9.88787
1.06310
3.08643
-1.74196
0.19712
-8.10492
12.42177
8.29259
-4.50363
-3.41394
12.44263
-10.44445
1.29993
0.13310
0.41892
2.76441
19.90845
12.03432
-3.69734
-1.58600
-12.31751
-0.13288
15.49142
-5.77692
5.21266
0.01758
-0.63524
-13.35601
-2.21916
10.98165
-1.44020
1.80389
7.49141
1.75829
5.71741
-1.87276
1.59166
10.82660
2.83308
13.40350
3.77166
-11.66435
-3.95177
-1.02607
-4.14910
-4.92741
-6.36885
-4.12857
-1.78908
-11.97208
3.03856
-5.26770
-0.35891
-2.14083
-4.95170
-1.28277
11.39676
-1.37766
-11.07985
16.80596
-4.66934
-2.26692
1.41623
-1.92077
6.81723
-2.90268
1.67244
-5.64690
-1.92042
-7.85725
1.23662
0.81053
1.04359
5.24852
0.21520
8.64998
-9.75543
1.80834
-12.25781
1.31569
12.62000
-1.19685
3.57779
-5.10605
1.33576
13.88563
6.95049
5.64272
-1.84357
-1.28835
-2.58671
2.74471
-8.07794
-3.32366
3.99793
-5.33179
3.41854
18.62811
-0.75910
-8.96381
12.59557
-1.57234
-4.69200
-6.08241
-1.35611
4.41402
1.53335
3.01301
5.86497
4.02169
3.47412
-14.72394
-6.88372
0.94021
-15.79436
9.91481
-0.94657
4.54697
-0.10769
-1.27433
-5.46028
-11.90277
-9.71267
7.05777
6.31398
-2.92079
2.19203
3.79918
3.85047
0.73812
0.28403
-12.95994
0.32301
-12.00428
7.13553
-3.88367
3.84901
6.64502
-1.68277
7.00005
-3.56297
-14.06602
2.34440
17.01635
-4.55894
-12.18652
-8.20111
2.31668
-3.64941
-2.39011
1.51898
13.22519
-15.86343
-1.28761
-3.08139
-2.38279
-6.71257
-13.89941
-14.26356
-5.36279
-10.73615
5.48417
6.24737
4.73877
-2.02365
-7.22762
-2.60533
-11.84886
7.56960
2.55345
5.69250
-2.56044
-10.36096
7.37718
4.30493
5.44285
8.93024
3.88986
4.32754
-7.80585
2.66810
-8.78175
-4.31013
-1.76723
-0.98390
-10.27454
-3.75799
1.02201
15.18814
-8.44475
0.88879
-5.76507
-9.36139
-0.68555
3.41885
-9.56488
6.09225
-8.16045
5.11951
2.99909
7.74519
0.30581
0.10907
2.94083
1.75536
-5.84677
10.90508
-8.28596
-10.87142
-6.57286
0.76531
3.44334
2.38988
-6.53328
22.67515
1.69805
2.83822
5.69141
3.03077
-0.05089
4.24630
-4.24151
6.26891
8.86760
-7.23404
9.32703
-2.43831
0.57940
6.36295
-17.23615
-18.94671
-15.31871
0.29760
-10.34807
3.44464
-10.17479
-3.12196
2.41369
-1.11284
0.26946
1.19439
3.23391
-1.73738
-6.05112
-0.65956
8.24218
-1.32765
1.02766
-8.73565
-10.01198
-1.04168
-16.00081
11.82543
0.81648
8.01611
9.94349
2.52303
10.47719
-11.14570
0.68017
-3.67689
-2.13454
4.24109
-13.45045
9.45171
-3.19019
6.88996
9.36694
2.58516
-4.09041
-10.46415
-12.27082
3.82637
10.41189
1.37689
-5.06337
-9.31447
11.27862
7.30336
6.28110
2.65538
-0.05478
6.44826
26.54903
0.78729
1.06863
-4.61769
2.25000
2.11442
-10.25792
-13.81607
9.09034
0.12004
-6.93704
2.66889
3.64946
9.12596
-7.55283
14.93245
-1.98155
-5.49626
6.13754
6.53630
-10.41435
15.54420
1.33814
-8.49812
11.59833
8.62448
-1.18074
-12.49457
14.80929
-16.25816
0.05991
9.03573
0.97177
-16.55204
-1.60291
-2.25273
7.83716
14.75498
9.37829
-8.76198
-3.95298
6.31537
-1.29891
-2.99120
-2.04008
-1.64848
-2.90578
-9.90513
-6.75877
2.35156
5.23508
4.90655
3.05133
-2.13050
5.93054
12.88791
-3.49846
-5.84695
7.06889
2.73650
6.09630
-11.09866
5.07392
-6.13276
5.70290
-3.48681
17.00898
4.42748
-16.86703
1.03303
7.98499
-0.27312
6.54263
2.54866
-11.77877
-14.65498
4.64429
-2.77056
6.64161
-10.78435
-1.94657
-1.23520
6.04909
-7.63309
-8.23119
-0.49240
-4.57091
-5.90840
4.86087
-3.54736
-2.21823
-8.01157
-4.18363
-1.69899
2.16264
13.45740
-1.02204
5.69468
-17.89598
2.43904
-8.41546
-6.71524
-4.90815
1.76841
-19.34741
-9.33632
5.16350
-10.96621
-1.88986
8.29172
7.38824
-10.14051
5.85992
3.70195
4.42328
-7.94724
-2.27896
-7.24521
-1.81536
-0.59828
-0.48803
9.24168
-20.67275
0.86445
2.81958
9.63060
11.02293
-2.00076
-3.53548
-10.38767
3.88179
2.47270
6.14774
1.46546
13.33730
4.89962
6.51276
-3.17014
-10.14604
5.32571
-8.02517
-4.88756
-7.69950
14.18494
-0.02756
-2.27698
-1.89154
-2.65792
-3.06902
-4.64284
-1.15792
2.69882
-1.80763
-10.43270
-3.32556
7.62571
-1.84991
-16.13478
-5.93721
11.46543
-1.78125
12.59837
3.27750
-5.90267
-10.11490
-12.74190
-3.98203
-5.35163
-6.94974
-4.81483
2.76753
11.64394
13.55317
-6.84177
-4.27468
-5.85624
-6.62300
3.60706
11.67832
4.61447
5.97102
-5.87473
5.90664
-1.57058
-0.00615
-16.51182
-7.19016
6.10867
-1.14063
2.44786
-5.26681
3.51022
-3.22871
0.36908
3.60772
-13.08294
-12.01207
-12.97338
-10.19726
-8.76832
-6.87013
2.45188
-7.48756
-25.07111
-12.55140
1.79459
-4.41018
0.64443
-11.64527
5.22160
-4.02517
3.06261
5.70325
6.09204
0.31803
-7.86804
10.16158
-0.77084
5.90593
11.81030
-15.12112
-5.54132
-3.12108
6.15198
-18.33010
15.66307
0.08990
-11.35436
-1.51421
9.22987
4.78817
18.23641
20.93229
11.93972
-1.56079
-5.61794
-6.07120
4.34570
3.03908
-5.54675
-10.78857
-1.55072
6.42813
-6.26336
2.07068
-15.85552
-2.18178
-8.53612
3.58702
0.40794
16.47614
0.93135
0.67715
4.58539
6.08125
3.11324
-4.89694
-6.97889
18.06306
3.10149
8.39902
-6.00602
2.08031
-8.53550
-1.30016
-2.41232
5.06594
-3.15856
-5.75938
9.54030
-1.23761
-6.71122
2.63234
-2.42114
11.26886
5.85946
-6.31912
-8.04083
7.21217
17.43396
-10.32811
15.02042
13.26855
8.65952
3.44044
6.16656
-7.87210
1.43821
-5.73403
3.77090
5.72295
-8.13374
3.85554
4.16199
-6.69037
6.99467
-6.38970
-7.05253
4.12136
-3.07082
5.46404
16.43952
7.33779
1.32280
-2.48163
17.97084
17.56855
3.85904
-3.94949
-16.71574
-4.88118
6.15426
18.99368
-3.60210
-8.42990
8.31526
-10.76725
3.87798
-4.33211
18.24175
6.91770
6.61499
6.60311
-0.63750
7.91350
-3.15491
8.68317
0.73212
-2.32921
6.51861
5.13385
-4.08621
-7.05392
3.75177
2.33749
7.43594
11.94593
2.44362
9.85975
-2.65010
-2.97884
4.18537
4.56950
8.22175
5.88806
-5.71775
5.55331
10.07695
1.43021
-11.90198
-14.55995
12.50765
8.57771
6.16557
-0.38191
1.62037
-13.51120
-2.43982
3.79812
-4.53727
1.53510
4.22710
7.57428
4.30444
-0.74812
0.46700
-3.25049
8.76931
2.57850
8.31192
17.53036
-3.60639
7.70656
-3.90362
15.28939
1.65724
-1.02467
-7.05064
-9.38846
-8.29590
3.61795
14.90593
-6.76021
0.59563
9.03693
-6.11794
-3.78347
3.91220
4.32366
-1.43778
-5.15915
2.45963
-5.84206
-0.86454
8.19473
-6.08789
4.45039
-16.71966
-0.62467
2.93876
-5.56889
-5.23986
-20.25803
-3.74293
3.18701
-8.30214
8.15270
10.16582
0.12430
0.18577
-4.55330
6.96537
17.99046
-21.09482
-0.31136
18.20853
-3.54624
-8.43930
6.10692
4.89334
-7.49923
6.16148
5.19560
-0.37496
-11.75180
9.02861
-1.24661
-0.70345
8.07400
5.16131
2.56104
-2.34333
0.76048
-8.40502
6.27823
8.63813
-4.22761
5.81688
11.14598
3.92559
2.28060
12.86591
16.29640
4.44958
6.37193
7.74870
-12.14639
4.90306
17.47347
-0.89193
-5.12064
6.13815
-2.39805
-4.84997
-10.68831
-1.42274
15.00566
-7.62334
8.52400
0.12334
3.44240
10.36426
1.26386
6.57661
7.99914
-4.58317
-0.61291
14.71618
-0.85432
2.83830
21.56627
0.93902
15.36531
10.27837
-9.76784
10.43368
3.94365
9.13222
-3.24821
4.23113
0.02404
-12.96371
1.40231
0.46665
-0.74153
3.43630
-6.78847
-8.87416
-3.73248
5.76406
2.41524
-10.35166
-2.78399
-3.60650
3.49287
6.76572
8.08132
3.59552
-20.13291
1.80837
-7.24214
-0.94510
-0.09220
-3.62831
8.92211
-0.12258
-6.92897
-2.58727
15.79868
-6.38866
-1.21968
3.52256
9.73346
4.96558
13.97070
-3.10131
-2.28543
-7.46096
-23.73288
-7.71815
4.02603
-1.73788
-2.13020
6.77590
-4.83164
-6.42954
0.80533
6.12573
-11.16638
-3.09311
10.95153
2.93103
-18.06417
2.01197
9.69664
18.13299
-5.70824
-1.30818
0.90415
-4.45919
-2.47534
-11.61164
-1.59021
-3.02740
-13.35225
7.24581
10.36392
-6.36294
7.49109
4.27242
3.12261
-9.91187
2.57796
16.75504
-7.00735
-14.46946
-8.05122
0.29211
5.06524
7.93840
-3.74499
13.29138
13.63803
-4.19264
-15.11784
-2.90548
9.67189
-5.45291
0.96406
5.81487
-4.36209
-12.60447
-6.47277
-3.59163
4.50478
6.47449
14.02784
0.96521
11.68612
11.18498
11.74006
-0.36379
4.00710
8.43385
-7.22548
10.77900
1.72450
-13.96427
1.63647
-5.26284
2.41747
-4.75963
-7.63531
4.11327
-6.37016
11.27136
1.46904
-7.82880
-7.36203
6.23384
-7.35876
-8.66807
4.50794
-12.06910
-5.44401
1.27490
4.78617
10.47299
6.83532
1.04258
-7.39339
3.64602
12.82790
-0.76082
-12.96006
2.55677
1.12561
-4.63458
8.84503
-2.63054
-18.93925
0.67026
0.98207
7.48301
-1.01624
-13.88317
-10.59376
6.89894
4.10081
0.41714
-7.76875
0.23758
-0.13370
9.92776
0.73489
0.19649
5.07278
-0.95484
-2.00005
-9.66430
1.95825
-2.53870
1.28700
-6.13689
2.55459
3.67331
-1.14856
-0.51451
8.80573
-0.33743
11.76475
-1.75637
-1.18093
1.79795
-11.63485
-5.62772
-0.02883
2.80002
2.97004
2.28874
-0.57533
-0.92773
8.48372
-1.91006
2.22478
11.70958
-4.92687
3.07109
-10.95557
-13.47236
2.86537
13.07571
10.28010
17.82904
6.32281
-9.77324
8.08986
2.98447
-4.59633
-3.15894
-4.78150
-11.39926
6.41803
4.96692
6.25168
-2.87389
-4.91697
-2.95766
-11.14632
15.30295
1.26663
-3.77730
11.43983
2.44148
-5.66416
-3.06258
4.82627
12.49814
-8.93257
2.31418
6.89082
-2.99265
4.44920
2.07268
-1.93677
4.20957
-7.57337
0.98668
-0.92658
3.87659
12.93947
-5.24167
9.69371
-4.09633
-11.80809
-22.20466
-18.26085
-1.51304
-2.74009
-3.90993
2.42482
-7.70291
-13.27642
0.20709
-9.10725
-3.06044
10.42911
-0.20271
-0.08635
-1.41315
-6.98004
-19.40302
-6.14855
-1.84288
-2.73235
-4.80890
-18.94595
-16.78842
1.33052
4.90028
2.90856
-2.67103
9.27881
-11.43795
-0.19138
-2.25629
8.33491
4.08617
-8.49263
-6.75716
7.18691
6.07273
5.94680
7.30481
-5.11116
6.85390
14.73395
-9.73990
-0.72686
-10.81937
7.04128
-4.76484
-5.54319
5.57986
26.50582
-5.22955
0.85608
2.40581
-2.59981
4.69791
3.49014
7.44854
-16.02615
4.65810
1.65567
-1.75910
8.54020
9.57663
-1.26423
-8.17586
10.62091
-10.27834
-2.77301
5.96979
5.58714
2.15665
-3.79578
2.14355
-1.26220
-0.80747
-3.58818
-1.98714
2.39608
-0.74868
-3.81126
-9.27883
-5.24738
5.40505
5.69650
7.43242
2.76523
4.36793
2.27399
6.52700
-4.67476
1.75560
4.13133
8.33784
-7.90767
-5.67168
4.39819
5.55240
-3.52951
0.05129
10.97662
6.30580
11.37720
-9.77045
-1.19685
15.81975
-4.03634
-16.02290
-5.20068
0.75079
-14.64496
-14.01236
-5.24309
2.07481
-14.20216
4.88313
-0.36744
0.97870
-2.42732
1.23975
-9.12800
-7.42522
-3.46684
-3.24067
8.73228
-8.41245
-14.92153
6.12612
2.30094
-3.14282
10.50399
6.75535
4.34125
6.86042
-2.96027
6.70384
-2.69709
8.55814
-10.00811
-4.56009
-5.91218
-3.00536
2.76586
11.04972
11.48595
-4.53032
0.53475
-7.13691
0.65124
0.90321
0.79782
-1.61061
-4.94560
-4.29680
7.80166
-10.62015
-6.38720
-10.70087
1.13353
7.96581
3.71079
-10.85128
4.76061
-9.34298
3.09366
11.23236
5.50342
1.25236
2.99778
1.15895
-15.05540
1.94115
10.01696
14.44662
-1.88098
-8.93682
8.87741
8.13213
-0.10607
1.14857
28.64133
-6.80340
-6.85102
-11.85579
-8.58368
-6.77020
3.83437
-12.35170
11.77982
-3.45589
1.82560
-0.12833
2.55634
9.88905
4.55089
-17.66017
-2.35906
-0.46089
-13.66137
6.73560
-0.42505
11.60373
-0.34008
-2.45233
-11.97556
1.58397
-11.81483
5.65664
3.33420
-3.31623
-10.55603
2.05475
-12.60296
3.67841
-0.92087
-3.95946
-12.95758
0.96571
3.29456
6.53562
10.59727
-16.45490
4.92623
