-5.92021
8.36446
-0.15765
8.88008
4.23140
-4.74325
6.20419
-0.71954
2.48279
-5.35436
6.92209
-5.40161
-1.89465
-1.99258
4.34088
3.67536
0.85677
-3.55171
9.15921
-9.77697
-8.09777
-4.23596
-0.19526
0.78035
3.83593
-3.18817
1.85660
-3.20407
1.58992
4.98961
1.47060
0.51660
-1.36758
3.88108
-1.82277
1.10878
-4.47131
2.16532
7.47156
-6.27043
-1.40875
-4.74612
2.80246
7.86212
3.38805
2.52868
-4.62178
-1.33073
-5.23380
2.43952
4.72237
0.91801
-2.83219
-1.02825
-1.82114
5.43323
-6.38429
3.38477
6.86721
5.77106
6.54334
6.09999
1.39626
5.96729
-0.60706
0.96428
0.62876
6.53735
-9.74921
3.46655
-5.16526
1.51686
-2.33146
-0.79100
-4.67136
1.90665
4.23723
-1.30576
5.80693
-3.58647
-0.50956
1.64935
-1.64650
0.66953
-3.57424
7.92768
1.03539
8.31585
-1.57473
10.59641
1.76398
-7.01591
7.04163
-8.01423
-6.66046
-1.92996
-3.54130
0.94974
0.93203
0.06591
5.56414
-1.01457
-0.11869
2.20219
-0.05068
-8.75962
-5.78988
-2.50271
1.22478
-8.14987
-8.32895
-2.52874
-0.37423
5.13419
2.92150
4.22581
-0.99497
-5.09613
4.12036
0.43236
8.45796
-9.71099
-5.10465
6.72890
-2.68272
-9.36145
1.93917
-1.19345
-4.27839
-3.65009
4.69391
3.76668
6.44319
5.81568
-4.62573
-4.18275
5.07510
-8.49211
6.20254
-2.47049
-0.60518
7.88640
-0.16812
0.51922
7.13978
-13.24881
-3.11900
0.60508
1.58564
2.54012
-1.40140
8.25755
3.24817
-9.15927
-9.67190
3.14688
-2.13635
-0.29404
1.68084
5.37020
9.62611
5.60611
-7.72783
-4.05095
-1.84676
-5.64706
6.92190
6.67353
8.52355
-5.91407
-5.71776
-4.78755
0.54769
-4.55650
-2.38926
-2.13948
-0.53258
-2.87392
-1.10057
-5.68989
1.70904
-8.76701
-6.42741
4.34603
6.67784
-1.67850
-0.72308
-7.27424
-5.41990
3.92456
-3.23863
1.62578
9.31873
8.46352
-9.33375
-5.54041
0.78219
-0.57606
-0.31568
-6.14629
0.33149
-3.10071
3.48563
6.10174
-3.31479
-3.45377
4.10060
-1.67095
-3.55172
-3.50878
-0.56584
-5.67836
-1.07553
4.60627
-5.12408
0.24170
3.11389
-11.13851
0.59091
-10.16356
-2.36414
3.90830
5.58661
-7.37643
-3.85588
-2.88470
-2.91362
9.64560
4.02170
3.44199
-2.70084
-2.16846
-4.96721
6.90337
3.71546
-4.89578
2.40774
-0.74153
-3.54472
5.59644
1.38094
-0.66841
-0.21401
-3.15998
-2.34019
3.64949
-9.39750
4.79270
6.11429
-10.04941
6.25761
-1.19253
-1.75138
-5.48708
7.81102
17.64648
-4.71113
1.69165
-0.97125
-2.69854
-3.47696
6.35221
3.20119
7.22256
2.91664
2.35577
-10.78031
2.88277
-1.52641
-2.86224
-3.33051
7.84429
0.46816
2.76060
5.86818
-5.77818
4.48945
0.47395
4.92337
-2.77035
6.24406
-9.21187
3.89514
1.25866
-0.63654
3.02307
-9.97069
-3.67068
1.66433
7.00634
10.62005
1.85044
6.55880
-9.69944
9.95777
1.89722
-2.56771
-7.99765
-0.40581
9.10600
0.70930
0.92650
10.07477
-8.27954
0.17211
-5.47735
-2.54543
-4.78159
4.69966
0.50174
0.50076
5.62442
-11.06883
-3.46778
2.53866
2.10375
-13.71010
6.60752
-9.54368
-10.27330
1.67751
0.64654
-7.30985
9.00341
-2.04667
4.65757
-3.11105
-2.44865
-3.49806
-2.27265
-4.84080
-5.14759
-5.77517
-5.76373
-3.47481
-1.65463
-2.03822
-2.95016
1.51563
-4.45962
6.90018
9.10671
1.40204
10.30408
5.49020
7.55751
-7.73123
-1.90807
1.13453
0.59508
-3.59968
11.73456
7.58527
-0.01731
-5.31987
4.90554
2.99648
6.98281
0.79379
-2.98920
12.99132
-6.88631
-4.05946
-5.02329
1.51029
-1.94880
-2.35171
8.19018
-1.63850
3.91312
9.06246
-2.79962
-5.36793
-4.83168
4.54389
2.93268
13.77810
-2.79783
-2.72114
1.09127
7.09988
-3.92151
3.98551
0.89319
4.45028
-0.00490
1.86394
3.19660
4.95918
-0.96496
2.99105
3.34820
-5.29168
1.30235
14.35012
1.09608
3.40115
-1.93570
4.11459
0.65097
6.89227
5.79262
2.75315
-4.87843
3.76584
1.80648
3.75132
0.03801
-1.43320
2.49197
-0.86256
-5.72699
2.96445
0.12191
-2.86168
9.30416
5.33428
-2.94582
-0.80875
-3.98859
0.80844
1.42972
-1.87741
0.07726
-1.80132
-5.04346
-9.02771
-1.30447
-4.31015
3.79969
12.74051
-7.85227
-5.69975
-0.99688
-0.74078
0.28703
-5.57255
-2.15556
4.49564
-2.25954
-0.64798
7.50916
-2.13884
2.85773
-2.27270
-7.43830
-1.19873
-3.31085
-3.43247
6.39794
8.98488
-4.68160
-13.56312
6.60078
13.08178
6.64714
5.94099
-0.25374
1.20234
1.57884
-2.48340
6.77049
5.04701
-2.06251
-9.28811
-8.98789
0.50558
-2.87626
14.04939
-5.16065
3.47147
0.19741
-3.92286
1.83648
-3.97385
5.19431
-4.29038
2.84577
-8.67551
0.18456
-0.89031
0.98553
7.40507
7.86514
-1.37187
-3.65430
-6.41821
-4.89590
-1.14495
-4.12446
4.23716
-9.66835
6.39777
3.71383
5.36668
11.79087
-3.58012
2.22040
3.00596
-3.32322
-9.29093
5.13330
4.15051
10.19764
-6.90088
0.53351
-5.15105
-4.94581
4.50433
4.45986
-0.40117
-5.73930
-6.56276
5.75406
-7.03521
-4.01839
-6.32370
-5.26250
-4.85978
-1.45630
-11.52079
-1.00630
-3.10813
-1.41035
-2.57251
0.41784
3.21692
2.24707
1.81315
-8.56778
2.16564
-7.01353
3.58430
9.29817
7.36958
-1.56482
-0.02431
-2.57696
-4.49630
-0.12062
-6.01783
7.74314
0.37932
6.58085
-6.37927
2.33440
6.01413
0.84523
2.87135
3.85352
2.77717
-0.43455
-2.59279
-6.96493
-1.20345
-0.24077
-9.38052
15.08179
6.50006
-1.73258
9.52375
3.17311
-4.66992
-4.39055
7.26653
3.34635
5.90840
-10.72598
-1.61435
-9.89541
-5.46586
4.29012
3.68516
4.79399
0.69792
11.07818
-11.06544
1.15292
2.28723
-3.65054
-4.90116
4.86376
-2.53256
-2.70363
-0.32996
-2.45731
-7.30075
3.17584
1.05543
-1.15424
1.10410
1.35128
-1.25943
-8.18645
-1.28773
2.49800
2.04858
-0.06859
-11.45293
-1.27075
-0.48556
0.27488
-3.61600
-7.02926
-0.57245
-7.94183
-6.98192
-8.96098
6.96397
-1.57022
-2.76018
2.94580
-6.39334
1.00815
-0.32546
8.63363
-2.41833
2.49146
0.43206
7.68059
5.03537
-1.51902
-0.78243
1.15251
-1.51222
3.76239
2.64465
-10.46108
0.85581
2.00426
3.48372
-3.77998
1.03848
-6.51876
-1.22580
-3.27478
-3.95794
11.36500
0.78467
-5.21565
7.93423
-1.75226
-1.72703
1.27601
4.33762
-4.59784
4.25484
-6.04109
-0.67308
-3.69355
-0.33468
-5.38779
1.50478
4.06961
3.79703
5.04839
6.14855
-1.50414
-4.96930
5.12649
-4.69605
-2.89618
-5.00828
9.52002
-4.60075
-0.17599
-6.14950
2.34094
-0.42468
5.82789
1.40885
7.30159
-13.48719
-7.86324
1.32757
1.55436
-6.47927
0.48366
-2.24573
2.26477
-4.76254
-7.17484
-0.78404
3.49388
5.11571
-11.02471
5.76459
-4.19896
-3.57177
-3.18235
-3.91060
-0.64751
0.50207
4.54440
-1.54112
2.21973
-3.48382
4.68807
9.85101
5.12543
4.82019
2.26656
-6.38103
-3.72592
-3.45309
-1.93256
2.39555
-5.38407
3.24303
-4.59651
-2.60949
0.79602
2.09106
-0.76177
-4.32790
1.98448
-2.81541
2.14971
2.49541
-12.59379
7.36771
-5.24710
-7.39400
2.31863
-3.13144
5.49407
5.14958
9.48112
1.92574
3.15800
-3.62894
-7.93082
-1.37197
-2.39210
1.40942
13.09691
-0.48508
-7.02327
-8.31373
-1.61445
2.18820
-5.87475
7.03032
1.29731
4.90196
-9.39388
5.20792
4.99501
-3.35828
-1.68963
-2.46360
7.68562
-7.52893
0.78923
4.52622
-4.61865
-4.39322
-8.52389
10.41714
-8.98585
3.87306
9.54646
-5.26257
-2.73647
-1.38787
-4.40824
7.83901
0.50555
5.96559
-8.35964
-3.04792
-10.51706
10.51007
-0.81513
4.14837
-1.90567
2.91414
0.33613
-8.54541
-4.35841
10.52523
1.02964
-4.47692
1.06979
-1.60085
2.68768
4.74962
-2.33228
1.00940
-2.03038
-4.28435
6.15506
-5.85108
1.92110
0.90188
15.30159
5.38745
-1.49631
3.16965
2.69728
-4.29314
0.72409
6.38603
-11.50705
-0.28820
0.01787
-2.90806
4.18897
-14.05758
2.68665
-1.33746
-4.52648
-3.54452
8.07460
-2.83033
8.66418
-0.73932
3.46032
0.83946
-4.97993
7.41679
5.67434
2.59740
11.71078
-1.70132
4.67270
-6.08447
1.93562
1.89624
-3.96497
11.33364
0.24122
3.53092
12.12244
5.64155
4.96564
-1.44948
-8.40949
-1.33211
15.77778
-1.20525
7.33212
-1.23956
6.72760
5.76714
-0.59644
-0.76497
-5.15357
-5.90184
-17.71318
-8.57674
-10.58578
-12.56757
9.37945
5.26094
8.79187
0.28829
-0.28336
-1.62094
5.20663
4.10067
3.35841
-1.55243
8.66863
2.77590
2.43238
1.47214
-3.15847
15.86417
11.25422
0.47681
7.84071
-0.09294
-3.24747
-2.67991
-0.40432
-0.60969
0.55787
-3.31899
-8.80929
2.29354
-3.28731
-2.28028
0.41418
5.80824
-5.86947
2.09647
-3.53972
4.02772
-2.14565
-3.69676
-0.02402
0.63273
-3.12811
-5.44152
1.08526
-6.62773
-6.33558
2.29764
-9.55089
-6.48549
7.90793
-1.78098
-4.58129
-8.02609
-3.29361
5.77819
-11.07144
-0.68751
-2.61182
-4.25223
-1.19862
-0.19670
-6.29233
-6.37161
-0.61210
2.67789
-3.57941
-1.59641
-5.12061
-4.46561
2.29200
-2.93634
-2.27236
4.39314
-0.29513
8.36215
-0.69575
7.11872
8.10856
-1.27850
2.95056
4.42445
0.10134
-1.11807
5.52054
5.97580
-9.54604
-0.56011
-6.57485
7.34861
5.54702
-2.74789
2.58277
0.79909
-4.79542
1.44074
3.31712
-0.97505
3.26698
3.10235
-0.96651
4.30262
-12.29125
-2.78767
-7.17849
-2.50475
-2.30943
5.91439
3.06009
-0.98014
3.49717
-1.28936
2.34735
3.10833
-7.32707
-5.63571
12.75926
-2.27276
-5.22452
1.38308
3.68130
-1.17422
4.41934
-4.68424
-7.10117
2.84416
-10.64737
2.65940
-8.64142
-1.37858
5.63461
12.13456
-4.58819
5.81677
-3.05852
4.20373
-0.56789
2.84295
7.90772
5.53567
-9.40932
2.60241
-1.09010
10.85478
6.80338
-1.35127
-4.60419
0.90036
-2.69507
1.23993
1.04585
5.19620
-2.58413
-1.84694
-3.28549
-1.46373
1.47006
-3.27358
-3.75492
5.22029
8.92058
-2.74994
2.97287
2.21661
-5.84437
1.56040
-3.18610
-6.14494
0.60609
0.27236
-0.06439
-0.84293
8.19178
-6.65496
-8.03091
-1.76008
-2.68199
6.23856
-3.11137
6.96610
-2.53263
-5.34803
-4.20263
1.16121
-1.90856
-3.15695
1.05402
-0.70974
-4.93289
-5.63624
2.08914
-1.83944
-0.10906
5.94217
4.25674
-1.68936
-8.55812
-8.27129
-2.98517
5.34951
-1.75078
4.73922
0.03152
8.93649
-6.00724
-5.43740
6.52354
2.12086
-12.31585
3.33165
6.63483
5.83422
-10.35896
0.63528
1.15945
-11.81744
-7.43159
6.98692
3.04831
-2.23261
-0.70083
-4.48850
0.31984
0.05723
4.35726
7.67971
-3.46452
0.69020
1.04409
-1.49523
-0.55353
0.83923
10.04163
-9.55151
-3.03216
6.30772
-7.07242
3.39848
-11.12062
-0.61617
1.99439
-2.29599
8.97599
0.20095
5.44234
2.09774
1.82984
3.60373
-2.60847
6.12956
0.29417
-2.65620
3.29629
4.07241
3.62901
-2.68946
-2.84333
5.71267
-6.11604
3.85821
-2.16845
2.73920
-9.73846
0.59291
-6.07461
7.89819
-1.18103
1.34780
1.01426
-4.10178
3.49830
8.50953
5.74164
-0.71754
3.07648
3.80385
0.44160
-1.04059
0.72348
1.29419
-0.29528
-1.19990
-9.83337
-11.87926
0.22281
3.36844
2.81057
3.35037
-9.82015
-1.06099
5.53768
-3.64688
1.12202
-0.34058
-2.09622
1.86212
-8.24789
-6.80873
-5.76482
-0.61697
13.63085
4.00850
-3.48692
4.51796
-1.32295
-0.60063
2.62237
-0.52622
-4.32576
-2.42405
-6.42953
2.76826
4.70042
-3.83287
11.48254
9.93277
1.90029
0.23093
-4.96785
7.08844
-1.16970
6.78087
-1.41836
-10.28656
-4.16859
-5.33281
12.99736
-0.50611
-1.19370
-1.69620
1.76176
-3.55362
-9.17284
-0.60548
-6.36284
4.41371
-4.71519
-4.97727
0.80394
6.81824
-5.36183
1.04027
12.92796
1.12073
-4.81678
-2.89911
-1.27358
6.31261
0.55408
0.25559
4.99499
1.58942
3.05286
-5.89992
5.97806
0.74545
3.55236
-5.42846
-3.36605
10.36537
2.76777
-5.67352
4.83636
2.65352
4.70833
-7.07631
3.92479
3.97150
3.93012
-1.12030
8.61858
-3.86097
10.41296
3.53413
2.91416
-2.48459
-7.62947
-2.04318
3.84811
3.51047
5.50109
-4.74889
3.03099
4.68918
-6.54994
1.34590
-6.08893
-3.01218
-10.07718
1.66513
-3.73576
-0.38974
6.32416
0.39325
0.15060
-5.89619
-5.66772
-9.15126
4.42739
3.88207
2.53508
1.58846
0.17106
-11.32902
-4.91459
8.58800
5.59164
-2.76383
-1.33444
-4.72895
5.64045
3.93280
3.70862
-9.00377
5.43119
7.69015
0.74203
1.81527
6.29658
6.82097
1.06343
13.10754
2.93433
-1.29216
-1.45711
3.06490
-13.73749
14.19829
-2.64796
0.41848
0.94665
-1.58236
3.89095
8.80910
1.89371
0.73336
1.57833
3.31942
-3.85397
-5.68750
-0.88304
2.07699
6.88810
3.63750
-3.96921
-4.88240
-0.72875
-7.34828
-9.00289
-6.07844
4.17574
2.70398
-2.49329
1.07311
-0.62196
0.33363
-1.08808
12.82359
-3.21833
0.51817
4.03341
-6.25465
-2.61387
2.69907
4.26643
-2.43872
-3.74396
0.36068
-3.35225
-5.94777
-3.98494
1.85069
-3.71369
-5.65325
-3.47607
-8.50439
-6.60118
-8.44205
9.89566
-5.44570
-7.40979
4.94276
6.88318
1.61145
0.05505
-6.54200
-5.79259
-2.69567
2.97435
-4.05228
-7.36461
4.87019
2.20570
-11.83703
6.79914
6.10614
-0.87128
-10.15503
6.10314
3.79037
5.15906
-3.59164
1.16289
-6.25907
-1.95608
3.96966
0.81343
-1.42695
-3.45572
-0.73890
0.38394
-0.67986
-9.86269
-9.25550
-5.01829
3.24853
5.43179
-9.46121
1.08754
1.17279
-6.60647
2.01957
-7.99532
-1.10032
-3.87732
7.04223
1.57524
1.24377
-8.79643
-8.52938
9.86764
2.00376
-6.10258
1.81612
-9.44615
1.69820
-0.35798
-0.67750
-7.32168
-3.20272
-0.74337
4.60475
3.87652
4.57608
2.96534
-1.76415
2.51423
-8.78827
-0.78030
-0.98168
2.03904
4.23239
13.83422
-4.06252
4.61240
3.87963
0.95746
6.44292
4.39773
-11.09709
-3.90631
-11.85312
4.27919
8.45290
6.40566
-6.60423
-5.93110
0.51305
-3.46491
0.72204
1.44067
-4.94480
-2.06900
4.21511
8.64264
0.56425
0.09529
3.22475
1.84278
-0.57298
-3.37258
6.08001
-2.34488
0.42112
-8.49048
6.76436
5.40125
7.64525
0.90734
1.57144
-6.45454
2.57208
-6.86349
-5.39001
7.62166
-1.90182
-0.41909
8.83275
-1.46555
-9.15230
3.51988
1.88055
-4.33428
7.52749
0.07191
-1.75358
-4.14889
-11.55177
-2.93023
4.80839
7.21578
0.22415
0.32151
-1.27204
10.58959
-3.17564
2.33735
2.25034
0.53249
-8.07218
7.90784
6.64353
0.41183
5.98982
4.69482
4.23769
-3.43431
-9.11748
2.17164
4.23266
6.17904
5.50412
4.85106
-0.60549
-4.13454
3.48140
7.11709
5.62170
6.57257
3.61067
7.33738
1.94941
-3.65662
4.16490
-4.13425
-1.56169
6.16232
3.37351
1.07863
-12.98956
0.29528
-3.15400
0.41115
9.94660
1.42037
-5.96469
5.62700
-1.79827
-4.28436
2.21466
-6.79549
-7.98540
-0.38279
-10.30890
3.12344
4.30386
5.39214
5.99573
5.06461
4.36253
-11.04317
2.36438
4.53356
4.89415
-7.99242
3.41414
-3.20768
3.49373
-1.82324
-5.50887
0.22986
-3.45910
1.66109
2.58022
-5.46081
-17.36672
12.02636
-3.40634
-9.53651
2.52155
-0.66052
-6.10371
1.88796
-5.12246
-7.68129
-4.56353
-7.56672
4.03554
-3.64183
-0.26782
-5.14941
-8.55874
6.88479
4.46935
-4.42311
1.13490
0.89636
-2.43170
-0.42823
7.40931
-0.09051
9.16850
-5.42381
1.34045
0.08159
2.41493
5.00010
1.45211
-2.27266
1.01594
-0.01345
5.33420
-3.18921
3.07227
-10.39853
0.47568
-0.55299
0.61885
-4.05092
5.10670
-2.21615
4.55969
0.17513
3.93889
-6.76881
-0.78852
-8.62971
-0.08545
-0.10386
-8.20704
-4.60736
0.85400
2.81939
-5.49204
-8.78689
-5.92736
5.71455
1.65486
1.52784
-6.91363
-10.53823
2.30426
-1.35548
-3.50423
-3.18856
3.62378
18.73161
-1.88860
-9.47515
-6.79713
9.36922
1.17704
3.01311
-2.39228
4.22463
4.00060
-1.55367
-1.88357
-0.81406
1.83296
-0.19720
5.95386
-3.35059
2.32175
-0.09739
4.85544
1.30656
1.66012
9.51750
2.53692
3.47922
7.32307
10.66329
-8.54845
0.69839
5.89298
-13.18670
1.59447
2.24446
7.24657
2.24750
9.56050
-3.71591
4.25466
3.85631
-0.07875
3.18098
10.75347
-8.70055
3.48312
1.70894
4.11958
4.86052
-3.93264
-9.60289
4.41885
-5.65361
-4.03776
0.73821
-4.20712
-5.66782
-6.30151
-8.12216
0.57781
3.65794
6.50280
4.12001
-2.05770
1.63024
-7.83611
-2.80463
2.13543
3.70245
0.14759
5.97852
-2.74831
-3.13075
1.62329
6.88766
5.73359
9.66907
-7.13823
-8.32413
5.72143
-0.81458
4.37114
-3.70527
7.53471
2.73439
1.74080
-5.34267
-5.05786
-7.15843
-8.20964
-5.00413
1.24219
9.40532
-3.49787
2.51635
6.91653
9.66614
-6.16448
-7.89990
-5.63047
-3.21277
-1.60547
0.60967
-1.84482
5.49761
0.00344
-1.70255
-4.50540
-7.57152
-0.30573
5.69252
-2.12890
3.97653
8.81155
-7.86706
0.73704
-1.31703
1.21263
-1.84104
1.67736
-3.40548
-11.20920
-4.54175
-3.76131
-1.47955
3.41449
1.20911
4.41458
-3.02262
2.66620
-4.92553
4.21419
7.57830
-2.79334
1.61138
4.65456
7.37340
2.50544
4.38847
3.16753
3.49054
-3.05461
4.58899
-1.23482
2.88695
-1.88842
-3.37900
-1.90805
-1.62827
-7.56444
1.63245
-2.71028
-3.45560
5.44634
5.43620
-0.23355
5.62678
2.27688
5.15764
-5.20328
-1.93186
-7.32915
5.31611
2.78008
1.98778
-2.05506
-2.80176
-2.97559
-2.03391
8.62679
-2.13945
-6.34520
-2.33328
-3.78311
-1.12257
-0.31230
-10.16308
2.79425
1.76126
7.01108
-3.92402
5.28988
0.01324
-4.35920
-7.19961
-4.81719
3.91605
-13.44634
2.52772
-7.75558
-3.38419
5.38514
10.77426
8.27418
4.46685
-2.08715
3.81497
1.03124
-4.44790
-4.17326
11.67089
3.27305
-5.02007
-6.35909
1.97221
-0.40730
-1.22639
-1.04965
0.20607
1.51484
-8.94848
1.53633
-3.80992
-6.15016
-1.04748
-0.30997
3.38139
9.35496
-1.91780
3.03680
3.80439
4.96426
-1.30604
-0.99476
7.94145
11.47888
3.13548
3.94443
4.96602
-3.83043
-5.59595
-2.02412
9.81389
3.99332
-0.47292
-0.88473
5.61275
1.06768
1.20882
1.75270
6.94407
-5.11369
4.44451
-4.33664
7.74777
5.19306
7.66574
-3.09116
8.62490
-1.16353
1.97503
2.31525
-3.02442
1.65069
1.85388
-3.27478
-6.36436
-11.66318
1.88865
6.16654
-9.21408
4.73739
-3.36350
0.93258
-0.00431
3.76988
-2.51845
2.66040
7.07122
0.30239
0.18679
2.48225
0.21174
-1.48524
6.95757
4.67730
0.99346
-5.75379
3.46919
1.97653
-0.94966
-1.76674
-12.38320
-3.46928
-8.83879
-3.95621
-0.70787
-0.52844
-3.11822
-5.10345
5.98193
-8.37790
10.99984
1.71043
-0.74762
-7.57766
6.09486
-0.01701
-9.39083
-1.79026
-0.50795
-4.76341
2.05075
-0.00384
1.84230
-3.88564
0.70065
3.18727
-5.92171
-6.16791
2.02226
-1.84907
-4.35283
4.82979
0.17320
-4.66643
-2.60772
-3.36920
-2.35215
1.67324
5.29960
4.50940
-4.36377
-2.70502
-0.67887
-3.06156
2.55542
2.89755
-5.23552
-1.64820
-3.48067
2.18385
-5.91524
4.29738
-10.55451
1.91383
-1.84073
5.54792
-0.09740
2.53762
-6.52405
-5.58166
-8.80828
-3.07061
7.63567
3.19162
-3.91974
-2.64145
-2.03502
-3.67732
3.44618
5.43240
5.73715
-7.11708
-0.76109
-8.41130
7.48879
3.18628
1.62271
-2.54470
11.40306
10.51250
0.95427
1.91934
-2.76602
-0.65458
-11.29656
2.09794
-5.59428
2.19359
-3.62233
-3.00994
-1.71021
3.76308
10.52353
2.07233
-0.06792
0.87028
10.55763
2.26898
-4.03889
-6.25323
-1.89604
3.96468
5.34777
0.15374
1.11725
5.30406
7.16106
-5.97853
-10.21650
-2.26089
10.18779
3.79497
1.31961
3.05436
3.29146
-6.10322
8.94975
-0.82333
6.70160
-2.64103
6.27811
7.35761
2.62096
3.80924
2.69386
-5.43897
5.76614
-3.23405
-3.62251
-2.71006
-3.76611
5.83792
4.17144
-3.18855
-11.19716
2.10148
0.45934
-3.57027
-5.71245
5.08712
-7.31402
-2.41103
3.78830
-1.57615
-8.54401
-2.94242
8.21291
1.14408
-3.44228
1.16047
4.57400
-4.19602
-8.13145
-0.12086
0.16846
0.25864
-1.11474
6.07041
-1.29956
2.98690
-11.67453
1.54142
-3.76204
8.57299
-8.03320
-9.14834
1.58942
-7.12472
-11.57911
6.67383
11.98208
-7.28963
3.61588
1.58562
-5.49858
-12.05544
-7.56302
1.56406
-10.52661
1.42345
-2.88142
-7.84951
-2.33872
-8.48609
5.12979
3.50153
-7.30938
-16.76979
5.54967
-6.83593
-8.70850
-0.50784
4.26474
2.65387
-6.40541
-1.36899
-5.34810
7.77923
-0.44995
3.42420
6.77361
-7.65631
6.23070
-5.96028
2.38951
-2.22637
0.23773
0.76649
-3.45763
0.26124
-1.71320
9.53501
0.84942
7.27726
-7.49688
-3.17930
8.02491
10.42957
5.79157
2.92119
-0.62921
1.17753
-0.75241
5.07894
-5.64237
-6.70451
-0.79765
-1.20374
8.07719
3.43980
8.55590
-3.03998
-0.36347
-5.53650
-1.95490
12.49423
-4.95388
0.41261
11.88410
-8.43806
4.34503
-5.54963
2.73984
-1.09247
-1.04452
-4.44906
4.59730
-2.69034
1.60973
-4.83468
-0.23566
7.81744
-8.75069
-6.25892
3.09542
-3.80923
-2.42517
0.02730
5.66354
-5.10667
-1.29494
-0.91312
1.99951
-0.02059
-3.67504
6.13892
5.57137
-1.09411
0.40939
-1.80671
1.38316
-4.44403
0.73980
-2.38818
1.33426
4.65179
2.02859
5.96329
2.60287
1.54058
-0.98044
-2.97140
2.95499
-2.22533
-1.35148
3.62344
-6.02646
6.32464
-0.76314
5.14625
4.00921
-4.65041
-4.06714
1.32131
2.64992
-7.32500
-3.59085
0.99978
5.26263
6.32254
6.48874
7.75491
-1.71263
7.25484
-3.67184
-5.89583
-1.40454
1.36383
1.09703
-8.92360
4.60477
-2.32464
-7.55531
0.86751
-3.16138
-0.17524
-3.28850
3.16382
5.03775
-2.07001
-7.86163
10.54348
2.18789
-3.40290
-8.30739
-1.69258
0.47430
1.85027
7.04127
-0.70374
-0.05628
4.35204
-0.23601
1.84802
7.44423
-10.96769
-2.21044
-3.46815
4.77019
-9.08114
-1.87949
3.02018
4.92520
2.19947
-3.53748
-11.64517
6.40695
-0.85670
9.40939
0.64063
-4.24373
-2.14168
2.75593
-1.91974
8.84290
-0.80725
-2.99026
-4.83518
1.40877
0.69027
-1.64233
6.78792
2.09375
7.79379
-0.81990
1.85201
-0.20153
-8.40890
-2.01876
-7.90458
11.60476
8.03353
-8.12000
2.64639
-1.42198
3.11919
-5.94473
1.17805
-0.07459
8.00368
-0.03576
6.58595
-2.53557
-4.59537
2.20450
-8.92311
2.91651
1.21697
2.80650
6.85592
-1.22609
-2.49467
3.73815
4.96735
-4.07527
-2.49284
0.18473
-4.20978
8.86202
2.33538
9.23888
-3.13914
-7.06672
1.66807
-3.75497
-1.58644
7.25335
0.32075
-3.48561
6.46698
-5.92050
4.68580
-3.88048
-4.95422
-9.23050
7.72438
-1.48214
7.85113
10.76843
-0.96275
-1.21502
-0.46076
-6.17404
-4.64107
-1.23698
-0.32928
2.36025
-5.67025
-5.46748
-5.63271
-9.67517
5.01551
5.71144
2.74624
-1.24592
-7.63171
3.28066
6.67741
-7.39786
1.32452
-1.11435
-1.29245
3.91708
-2.69972
-1.27368
-2.51921
-1.71146
-2.26695
0.15300
-7.58669
2.49370
4.21170
-1.54504
10.15309
2.26305
-1.52995
-1.46177
-4.68685
3.57794
-0.89201
-4.84845
2.39463
-5.30688
2.55019
-3.66513
0.54839
2.35720
2.02296
-5.64352
-0.25784
7.15580
-6.16407
-5.42684
2.20681
-3.33010
-1.92451
-1.07635
-0.23127
2.60291
5.75057
-5.00568
-4.61111
-1.89091
-6.54186
3.15060
6.73006
4.79141
-9.18460
0.64491
10.86081
-7.97941
-5.83650
-3.89992
0.97966
-0.11051
-0.17550
-9.33733
2.46257
-7.68462
9.02704
6.41217
2.28834
2.13568
1.19634
8.13514
-11.61582
5.97466
0.95035
-6.86607
0.12581
5.05478
-0.67979
5.63130
-6.11306
-3.06552
-4.54372
-2.24644
-6.88914
-12.32800
-9.59425
-1.11164
-1.91435
6.23451
-1.07178
2.79989
-1.15110
-5.83745
2.39542
-3.49895
-6.63322
1.29245
-9.22650
-9.53437
-7.00500
-2.65276
-1.79209
-3.87203
9.09366
0.85256
-2.07996
2.15908
-0.53422
-8.97535
-15.88372
-0.15934
1.08554
-1.64773
1.22917
1.12211
3.28283
-2.74667
2.18463
5.52621
-8.99032
8.12641
9.24774
-5.03578
-4.11652
4.96384
-2.06629
-6.96436
-2.70528
-0.12826
-3.29494
6.96184
0.66823
3.14384
-4.14570
0.41351
-4.90069
2.53948
-6.75218
0.05112
-7.60959
-1.84462
0.90140
1.13182
3.22754
6.54852
-7.99494
11.65196
4.90625
-11.54737
2.40092
1.76259
-3.24613
2.67502
-5.17783
-4.14021
6.16013
-0.62126
-8.56749
2.73319
8.07420
4.32805
5.03384
7.46859
7.17428
2.85294
-3.39803
-10.55984
7.71123
-2.66304
-2.62071
6.85963
-9.03892
-1.92744
2.34546
3.29581
4.10510
1.18126
3.75958
-3.55688
4.14775
-5.53599
5.52705
1.45208
-10.37513
5.40757
4.80103
1.36003
3.30058
3.63756
4.28217
-1.35864
-2.89298
0.84317
-1.98480
-3.56475
13.03044
-5.18237
8.22417
-5.10088
-11.34246
-5.66035
-0.80980
-4.68195
-7.35450
6.25920
0.26392
3.46029
2.02668
-9.37207
2.48139
-7.89457
-2.30236
-0.01077
-8.05187
-5.97566
-2.07336
3.30586
-7.16318
-4.70257
-7.93915
-3.91773
-5.43248
1.51713
-4.00224
-6.82775
-5.43435
3.14482
5.51002
-1.42877
11.31051
-2.74857
10.47521
-2.05325
-2.78501
-9.50416
-1.15710
0.70298
-6.93354
8.02220
6.79188
-0.14434
-0.94371
5.79025
-1.53034
-6.88733
-9.02780
2.82697
5.60122
-6.95623
1.14217
-4.63902
-0.88751
3.70599
-1.40191
-0.41844
0.24147
4.43762
3.31664
2.37036
-2.35740
-2.53344
2.75805
-0.43640
-2.98374
-1.30145
-0.27031
0.96011
3.27110
-3.62778
9.82742
3.21973
-1.64290
3.89166
1.48581
5.91728
-2.79791
0.14780
-4.18015
-1.90963
1.70297
-2.93844
3.43673
3.90869
4.40881
-6.82759
0.49572
-4.02431
0.99191
-4.04471
1.40955
2.84903
-1.43872
2.15814
-0.20839
0.23638
-1.38925
3.52957
3.03918
2.81196
2.79382
0.09489
-1.84018
4.51537
-6.09043
3.24222
1.39874
-4.77017
-3.01568
4.79784
-12.13491
0.45277
-8.12929
-3.63649
3.00204
2.95336
2.73465
4.18515
9.77517
-8.23566
-10.09080
7.53627
-1.82742
4.62075
6.44823
7.18930
1.75999
1.57018
-0.88087
2.33959
0.90209
-2.64006
1.10607
4.71081
-4.14877
3.12280
4.99902
1.71624
8.54163
-0.52776
-10.75922
-6.34385
1.20100
-3.10167
1.97703
4.76015
3.43252
8.78744
0.29440
1.65100
-1.33464
6.56944
3.02209
-7.31925
0.90419
5.93245
6.11963
2.34179
0.36962
4.51438
-4.73375
-0.83444
5.52451
-5.91877
-4.19487
-0.91485
4.61607
-0.97783
5.18442
-9.11392
5.35243
-2.80737
2.37731
-4.06314
-4.47023
-0.41599
-0.25884
-0.99068
7.75428
-0.90501
1.35263
-1.14746
4.56150
-5.98675
13.33459
4.64316
8.84003
2.90967
-8.56134
1.49630
-0.12889
-2.91853
6.73367
-4.82786
1.38094
-1.39009
-0.65754
-3.91712
3.57713
10.34662
1.11958
4.17656
-1.46795
-1.05484
2.34909
-6.64902
3.78585
-1.77659
2.98687
-0.28587
2.32486
5.11685
4.62506
1.29309
-3.04334
-10.64736
-4.91092
-1.06311
-7.72911
10.78239
-5.96935
-0.33412
-3.33582
-0.39667
4.67443
11.93587
11.03956
7.68526
5.79177
10.84852
4.01915
4.98273
-10.48446
0.12539
-4.32812
-3.78704
0.02492
-1.32468
-2.72505
-9.10087
-2.16325
-0.50685
1.26313
3.22326
-3.58363
0.19095
-3.36871
0.32075
-0.05905
-4.43362
10.10591
3.68787
0.28407
-2.22945
-4.35718
6.24535
1.49189
1.40612
-1.14225
1.20065
-1.02253
4.64652
5.69995
1.28725
4.86871
-9.06824
-0.13593
2.22780
12.95770
3.30747
-4.04630
-0.27993
7.41499
-4.50988
5.06372
2.61050
0.06585
-0.30779
2.13432
0.54006
-7.78571
2.05808
-13.14672
-3.22530
9.18144
5.70788
-2.10682
0.11046
4.45289
6.78167
5.04502
8.00283
-1.75899
-1.03323
-0.45999
11.29873
-2.16359
-7.36017
6.00737
2.52154
1.12853
-6.47874
2.49357
-5.79571
-1.41059
0.01050
6.98466
-4.51128
-6.20576
-2.46003
-1.94314
11.29326
4.86768
5.56057
-1.90817
0.69263
3.41988
2.32509
3.44594
3.04450
-0.28335
5.35263
-8.08002
4.32162
-5.48484
0.50323
0.69940
1.74407
-3.11284
-7.12661
9.73115
-5.09014
-6.86361
-0.47569
3.46753
1.84609
2.52409
-6.48936
2.44369
-4.05114
16.40508
6.69167
1.80689
-7.76556
-4.83332
-9.47489
2.51450
-1.66120
2.36793
3.33094
1.71996
-1.33122
-4.85745
-0.68647
-2.08700
-0.24118
-4.57591
-1.27830
-1.80435
-2.92203
3.41116
-2.34452
-0.28073
-2.56121
-5.40218
-3.17966
4.27686
-8.01686
-3.04423
8.99654
7.19955
-3.24813
0.22884
4.51927
4.95071
-2.26571
-0.03301
2.26670
5.05470
-2.82150
7.99304
0.90382
-11.51043
4.93717
-1.64230
8.84396
-2.05108
5.46108
3.22120
2.45500
-3.64173
13.51838
-7.33190
-7.09933
2.59101
4.60827
5.26053
0.73060
0.02725
-1.93843
-1.32860
-9.55714
4.02595
-1.69333
0.77662
4.52151
-3.04921
10.94006
-2.35433
1.92453
-0.79708
10.71364
3.81951
-11.33051
4.97950
-7.87129
-8.65553
-4.62274
-4.97357
-2.81569
-13.48791
-9.64994
8.69985
5.20754
1.12731
1.47320
3.96149
2.65626
0.79222
3.96654
-4.12248
-4.36596
-1.65374
2.85488
4.35469
-2.14412
-0.03241
0.40449
4.56302
-1.65785
8.97419
7.56274
8.18171
1.10688
1.40101
1.57301
10.78296
-7.34068
-2.53857
-3.97831
-3.85199
3.72984
10.55233
-2.73784
0.98004
7.91798
3.16279
-2.31297
-1.98554
-1.02989
-2.32743
2.52788
0.62931
-1.17977
4.01838
3.88301
4.54051
-1.10472
-8.40136
4.34798
-9.29341
-2.94993
-17.21860
0.94009
2.16935
-4.02341
16.70173
13.60261
4.71480
7.10009
-3.17427
-0.21486
10.97849
5.04675
1.97738
-1.43457
-9.35639
3.64089
-3.89845
7.43836
-1.89966
-0.36497
10.09776
-2.84417
3.43127
-10.51162
-1.22238
1.53768
-7.12671
-11.23481
-5.41212
-6.25930
-5.04096
0.70032
-2.30199
2.13618
7.24264
-0.06347
-7.67357
0.98789
1.74532
-3.54233
-5.76548
-5.17775
0.74255
-1.96974
-0.75742
-3.82671
4.91371
2.71974
-6.79016
-8.88456
-8.97709
-6.20717
-2.27289
-3.66206
3.71704
-0.04492
-0.87016
2.41256
4.21232
5.97607
-2.80104
-2.50586
-1.65172
0.00300
-1.64917
-1.93758
-4.93671
-1.98691
-5.31915
-0.88347
2.30174
-0.94242
-4.52341
4.51309
-0.44366
6.36337
5.64845
-5.84184
6.55239
-0.62623
-5.14480
3.36704
-1.46855
-9.81976
8.60420
11.56328
-1.01639
6.59772
0.90895
13.12493
0.02896
4.05002
0.77620
-2.05547
-0.58241
7.07275
0.16243
-5.85090
-4.87939
6.92383
10.25434
-4.40081
6.98101
0.86144
-11.96174
-10.62181
-12.23303
10.10611
10.45701
4.58899
9.77692
-5.03293
-9.18598
4.03306
-0.28030
-9.63730
-10.60181
-0.16746
-6.06838
-2.33460
-0.23472
-0.19454
-6.23606
1.61046
-1.98878
-5.33467
-2.49681
-10.30265
6.84003
4.34893
-7.71434
3.84469
-3.33493
-4.47296
-4.03310
-2.38551
-4.93477
4.35008
-5.84651
1.96028
-3.42608
3.38849
-3.11927
2.47343
-7.03629
-8.83034
5.62288
-3.52263
0.50536
2.90932
1.32094
3.79792
-1.33579
-4.20726
10.74409
-0.93124
-2.60566
-9.28470
-5.12655
-5.13215
-3.93859
-1.77728
2.95671
-1.82719
-2.82360
-4.33218
-2.53648
3.08462
-5.23680
-7.74064
-0.30430
-0.86751
-0.57961
-1.94165
-3.54759
3.06328
-3.80742
-2.21839
-1.13619
3.86051
12.04658
0.39747
-15.86031
6.61506
1.38086
6.45473
-1.33300
6.95274
-1.18682
-5.37030
-0.06458
-6.62810
-3.82290
2.08248
0.61667
-4.07512
0.55966
1.69765
11.99830
-2.28678
1.31058
0.88964
7.16359
3.13008
3.28940
-2.38863
-5.32146
-0.89735
1.88068
0.83702
-8.72772
-4.08953
1.82779
1.83841
-6.99675
7.26379
3.96028
3.64807
-10.58703
6.24204
0.75356
-5.05939
-5.10453
11.24589
-2.14023
-0.54112
2.62760
0.10153
-2.28988
0.68354
-9.59352
-5.18214
-2.94981
3.38367
3.43162
-2.56699
1.37342
-5.97885
-2.22197
5.83035
1.32706
-3.85641
8.84066
1.57648
-0.10317
-2.16721
-2.27718
-9.78722
4.36332
-1.85215
-4.47896
-6.38267
-0.82813
0.75942
5.96297
-5.12571
3.16388
2.83004
-2.92805
-2.46669
6.07718
-0.42860
2.03976
-6.91920
3.41212
-1.11183
-9.35235
4.36289
-1.72896
-4.12107
-5.07224
2.01041
-8.19060
1.91253
-5.37372
-15.58280
-1.82630
-11.84744
6.54335
2.33683
3.51530
3.39470
1.22932
6.42085
2.15202
-1.54662
10.52769
0.28703
5.23027
2.77868
2.87901
4.76266
-5.70988
1.27072
1.82240
2.66669
-4.28143
2.89636
-5.24179
-8.34081
-6.25485
-10.90267
4.64364
-4.25848
1.74840
2.15553
4.24578
2.83648
5.67442
-2.11676
6.28356
-5.56299
6.91738
-0.62120
1.94042
-2.52079
1.82276
-5.00986
-4.67503
1.80113
-6.42728
-2.33809
-5.31838
-0.67570
-7.01449
-4.32339
4.09901
-7.01423
-2.82810
2.07924
-1.66597
4.13244
0.45770
-3.88163
2.46109
2.29549
-2.91439
-3.95421
7.67377
4.31355
-3.41866
-4.69354
7.39777
2.55400
0.46800
6.10001
2.48970
2.43646
-3.61767
1.47011
6.17827
-2.71999
4.80110
5.95207
-0.22262
-1.29538
-11.45631
-2.52293
-4.34283
-1.06650
2.57971
-5.04789
-5.39450
-4.78725
3.26900
-5.05092
10.45936
2.00929
7.20686
-2.62006
1.85036
-1.27839
-0.23184
-7.12381
1.83338
3.72992
-1.56184
-9.36504
-3.56606
-0.40584
-7.56491
4.75307
6.17610
7.05245
-6.99382
-1.70816
4.47088
2.15078
-6.06011
1.21055
-6.03469
3.02392
-0.65402
2.69703
-12.91765
3.88521
-7.66615
-5.70279
4.78982
4.81032
-1.63437
-0.07153
-3.30743
1.38592
-8.89983
-4.33604
0.43123
2.04427
-6.78701
-5.32494
-1.08294
-7.67357
2.46290
2.29528
-3.94062
-0.88021
1.52198
1.67515
-9.89220
5.19347
-2.35760
-5.87485
-2.32117
7.40620
1.22515
3.80958
5.49730
-0.78641
7.15028
10.16739
1.11465
-3.73316
-8.15018
0.51838
-5.89172
-6.27548
-0.32276
-5.48494
-3.13332
9.43618
0.57096
0.25400
1.16792
-1.67643
4.06853
0.53460
-2.19673
2.81744
-6.32167
-3.40846
2.78295
-0.57660
-12.67602
-12.02347
-2.62149
-3.96423
-1.48747
-0.84143
-15.74063
0.92127
-4.38343
-0.34393
6.85061
1.60032
-6.46464
-1.69544
-1.16920
5.34585
-1.80202
-4.84505
-2.32608
-7.86027
-8.69461
-10.20137
-3.89858
8.73668
-2.86304
-3.63843
7.35752
0.12987
3.92433
3.27765
-5.97796
0.43929
-1.62682
-3.08524
3.63400
-1.34036
1.50143
3.19460
-1.55606
-0.58391
-4.92553
6.28668
-5.66733
4.65483
3.56107
-7.28785
-1.87919
1.24137
-6.36204
-6.57194
3.24667
-0.37562
-1.53962
-8.02230
0.14513
1.47488
3.71152
-3.50795
5.15682
5.40090
-1.56367
0.92818
-7.81311
-1.13541
5.99604
-1.59634
-1.19295
4.13800
6.75507
2.86863
-5.85805
1.02922
-4.38033
-7.90487
1.94217
4.96209
2.97670
2.52814
-0.04798
-3.45559
1.52367
6.23214
-11.69974
1.04476
3.48667
0.90305
-6.84543
3.92945
1.55946
-10.48323
7.18722
-0.67110
-1.60570
-0.30505
-1.99382
-4.26152
6.82284
-2.17060
-2.22465
8.82559
-4.44247
-5.66866
-4.02727
-4.24950
-1.89609
7.39558
-0.12077
1.85653
0.80994
3.19051
3.22822
-7.11179
9.97672
2.04529
3.80487
6.93024
-9.19852
-1.17035
-2.33917
-1.02841
-7.66180
1.28772
0.78053
2.10805
-8.70408
4.48200
2.18473
11.23143
-4.99567
0.04792
-6.19158
2.25497
-0.07515
11.22087
1.97123
5.41381
2.10681
6.40558
-1.81832
3.83024
-6.46579
0.69451
13.71564
-3.49983
7.97213
1.28585
-3.26820
-8.97945
-3.43239
9.82651
-4.82771
3.32564
1.03524
0.27628
-6.08647
-0.50425
2.91246
6.52019
-8.55919
5.31170
5.04226
5.37369
9.59081
-6.74890
1.24420
1.41133
-2.74335
-6.44217
0.33994
3.32314
3.51276
3.17409
-5.28799
3.90624
-2.77016
0.30671
-9.20659
1.86457
10.99100
-2.29997
12.86543
0.35634
4.29629
2.85170
6.30275
-15.00453
-1.27153
-0.02288
1.99116
4.94226
4.03973
-2.55891
-4.97673
3.68544
-0.12749
-5.55849
0.77268
1.49824
8.01484
1.68990
-0.00520
4.05084
-4.84022
-2.75655
3.28815
-2.76696
7.54159
6.79673
-3.21303
0.09771
6.61775
-8.03081
-3.90007
0.71223
-11.87383
9.94868
8.69694
-0.64665
-3.33731
-10.04061
-6.95783
-4.99928
10.07024
-4.99618
7.69089
5.27616
-1.79932
-2.17339
0.82943
-5.66265
-3.19931
-1.93306
-6.87378
-0.81065
7.79700
-3.77677
5.00755
0.09503
-8.59304
-1.47061
-4.17620
5.42309
-2.91369
6.93288
3.46213
5.65256
-0.48237
-8.40549
-4.01340
-2.33686
-8.62031
4.87090
3.75169
-2.82251
-6.10039
-1.46515
0.54741
1.32664
4.21309
8.31716
-9.19816
-1.95204
-3.26067
3.06672
7.80326
-0.91531
2.56677
-6.44002
0.03484
-0.95685
-5.98384
3.39045
6.56354
8.11092
-1.77517
4.41342
-3.64553
2.16102
1.46567
6.91903
-0.01459
1.93888
1.19122
-0.20544
-3.94104
-1.01311
9.50893
-14.96727
-7.56526
-2.94142
-4.91350
-9.01509
-0.20392
-4.01463
3.60049
8.70564
6.10299
2.05338
1.09470
1.06459
-4.99046
2.22638
3.43081
1.25280
2.99157
-4.61903
0.63782
3.94149
-9.02340
0.16916
-0.12658
4.53306
13.48176
1.25339
-4.86495
-2.87788
4.80427
2.43519
-3.47757
5.66519
0.90743
2.21687
-0.29366
-5.29336
-0.29832
0.64499
1.49519
9.28412
-1.45568
-4.03842
1.98036
8.48146
-8.92143
-2.05315
3.76581
2.02444
1.89343
9.07103
-1.37413
-7.52344
-3.45651
5.91195
-1.96351
-0.18868
14.59637
-3.69377
7.11438
6.21586
-5.16911
-4.00726
-2.12989
-0.11155
-0.72579
0.05917
1.11278
-3.58683
8.00908
-1.25111
-5.96608
5.43288
-8.20113
3.51121
-6.09514
7.26657
-3.58858
4.50744
0.35167
1.60452
3.29164
-7.31962
15.36972
4.73898
-8.75319
-3.17228
-3.66470
-3.98457
-0.52957
-16.33884
4.15680
3.92514
2.32317
-1.13019
-2.11173
2.43569
-4.46961
7.74006
2.28603
2.93178
-2.32208
8.77364
-2.31017
-2.76154
-1.44519
1.30634
1.26785
1.62928
-7.59339
-7.06597
8.86835
4.60727
1.34274
0.25329
-2.59782
-2.87009
2.51881
11.35384
1.12996
0.21941
-9.09561
0.96877
0.42705
-8.31989
3.79234
-4.05621
-6.17297
3.69324
-2.36335
5.22485
-3.08231
-5.36937
2.41074
-2.25208
0.95045
2.28346
3.84363
2.61883
8.91205
-3.61075
-2.59194
4.70506
-2.22043
-5.70390
2.79716
-6.00152
-1.53679
-0.87317
-8.64677
-8.85552
3.69058
-1.26994
1.66451
-1.18816
4.82511
8.30485
-2.29071
14.24882
-0.11329
-3.02713
3.24441
3.57698
3.84958
1.59910
5.94009
9.83465
-3.17169
9.12467
-2.84430
7.35975
4.85515
-9.15141
1.52088
0.55458
5.31297
-8.49404
12.64421
-6.71876
-8.26263
3.69389
-4.59176
-11.96860
-1.92235
0.79908
4.47971
-2.53797
-4.31678
-2.59565
1.24759
7.12882
5.22376
-6.66556
1.79088
6.90808
0.30014
2.49976
-7.93589
-11.00050
1.25296
6.82306
8.26845
10.69902
-6.48316
-1.90889
10.63100
-3.23715
4.56246
-1.27917
-1.84681
4.41194
-2.30867
0.63594
-3.82286
-6.38660
1.04130
-2.28393
5.68550
-2.93058
3.65573
-3.03628
-0.06854
-4.33496
5.14905
-3.79376
-2.74765
-0.00797
12.60761
5.14520
-0.05421
-11.15757
-4.13478
-4.04862
2.78477
-0.79576
0.88285
-0.45050
-0.56633
-2.08778
4.62475
7.00776
2.53612
9.42073
3.51809
1.19985
5.83617
-7.07988
-7.34855
-3.32003
-2.48149
-0.98898
0.70364
2.28276
1.05742
7.92083
1.89667
-10.00348
6.99704
3.09991
-2.54657
-11.70332
2.76575
-7.92110
7.14459
0.15283
-5.92645
10.33249
0.73739
-0.74841
7.65507
-2.83852
7.41410
3.45234
-6.62679
7.74573
5.84696
1.61882
-0.20439
-0.16744
2.25938
-1.75528
-1.46556
-4.35178
0.93078
-1.42954
-5.89918
2.08154
-4.26516
7.58799
-6.95227
0.40674
-6.24286
-7.93775
-3.84785
8.33138
1.66945
0.03740
-9.80597
0.32133
2.28053
-3.17200
-2.69550
-6.83400
1.67092
5.35919
2.35447
-0.63366
5.30919
4.32884
6.24703
1.44793
-7.28846
3.85300
6.45271
-8.27103
8.80512
2.96079
2.22861
-4.13128
-4.51691
-4.02571
6.40898
-7.13231
6.61565
1.43376
-1.13791
-8.58226
1.35523
4.97073
-3.84450
-4.81920
0.41540
3.99188
-9.17463
15.01478
0.27566
-4.87643
4.21777
-12.91216
5.01740
-0.99855
-5.12913
1.96016
1.31121
-1.12156
5.53934
-5.13622
0.45071
-4.72682
-6.68496
-2.53609
5.87245
9.87338
-3.12126
-0.93082
9.75022
-5.81024
2.57394
-3.91898
-4.90926
1.00203
-0.93444
0.32773
10.50501
3.71778
0.93988
-0.08463
9.73093
2.71362
-6.10514
-5.16490
1.62891
-4.13270
-10.85812
3.88119
8.29629
2.95668
-9.54681
3.94228
5.47532
0.20037
12.03684
-0.24328
-1.73754
-0.91503
2.07102
3.67806
-3.72401
7.14347
8.12862
-0.82534
4.66995
6.31165
-4.22813
5.57689
2.82119
-2.84575
-11.05954
1.18839
-5.63299
-0.80792
-1.09737
0.08742
4.45737
9.12218
-3.96574
-6.72670
6.42681
1.95279
2.16737
-0.91401
-0.25131
-3.13396
-0.50290
-7.08704
-4.00564
-10.32826
-6.94139
0.95708
1.18189
-0.33720
-0.71016
-6.46821
-0.14563
-1.67196
3.20047
-2.11615
12.61823
-4.73655
6.90175
1.20591
1.44118
-1.80678
-4.39417
-3.60199
-0.94268
-0.99595
-3.54737
-4.16993
4.72360
0.42682
-4.06495
0.63519
-4.94563
2.76501
-7.55252
-0.75066
1.92498
-0.81424
-0.74346
-5.73343
-0.12928
1.10321
2.94516
2.13419
-5.07371
-4.98753
7.39573
-2.10228
4.44799
0.49481
2.54729
-8.89955
-10.30110
3.38440
4.42714
-4.69679
4.06410
-5.93090
-3.72744
-6.10197
8.98747
-6.96369
9.96410
0.70024
3.66941
-3.83140
0.10169
3.09556
-1.28984
0.98912
-3.16747
-5.81642
-5.24069
-4.89070
7.22649
-1.40759
-3.59617
-5.70744
-5.02154
-4.79753
-2.40986
6.39271
6.81784
8.40497
-3.12451
-4.64972
-0.74055
4.00099
-1.20330
-13.00251
-0.71706
-2.03134
-3.74907
-11.00900
-1.12060
-1.91701
1.85439
10.20570
5.30835
1.27320
5.04068
-3.41707
-5.43616
16.26623
3.01404
1.03787
3.38332
1.88992
-4.43366
-5.98015
-10.13207
3.00881
-2.48965
0.33257
7.13117
11.35622
5.56409
-0.09909
-7.93344
5.84156
-2.88916
-8.28509
2.78720
-2.73052
0.41090
-1.28623
-4.37248
0.95539
2.96395
-0.83281
7.39392
-4.57466
-6.25319
-5.40351
5.56756
4.10737
1.78591
-2.78970
10.53465
-10.43178
2.23760
-3.24548
1.47050
8.62742
-0.10485
5.09708
0.31148
5.77291
-3.11033
-1.72563
-14.74263
5.69368
-1.87386
5.52528
0.03301
1.76235
5.75833
-2.92349
2.02736
4.57562
-3.21354
8.90927
1.73814
-8.49774
3.22341
-0.14865
-5.07187
-1.44116
-0.54092
2.06434
-2.90285
-0.50980
-2.38276
4.70881
-1.58951
-4.14417
3.10499
-6.34078
-4.91238
-0.99922
-5.12310
1.01540
-2.29028
-3.07349
-10.19759
-7.92473
3.62262
9.45848
-0.26565
2.52093
3.52575
3.81252
-12.04260
3.57626
3.21457
-0.96155
-6.99137
7.42648
4.50569
0.16904
1.07592
0.61454
-2.29881
-1.75328
-1.05430
-2.42778
-5.23092
-0.30317
-6.21850
2.75771
-8.56934
1.81057
2.07928
4.66631
0.96172
-4.77234
0.21836
0.14663
-5.04435
5.66090
0.47339
-1.39242
-11.82138
0.12145
4.46993
5.28289
2.61030
-11.03530
-1.13928
-7.03784
-6.21588
-5.56649
5.15888
7.68881
4.81228
-5.34473
-9.32586
-1.41560
-1.33619
-0.12765
3.49340
6.28464
-7.09481
1.25052
5.23070
-6.14671
2.11592
-2.83811
1.75426
0.07403
2.37001
-4.48548
-8.31047
1.56206
-0.54286
2.67120
8.36078
-1.99235
-1.23453
-3.18645
0.20308
0.20239
6.43873
-1.74272
-0.09719
-9.94876
-1.50987
10.58839
2.68734
-0.59266
4.67491
-1.80459
-0.55573
-3.89885
4.21050
1.89771
-1.54224
-3.14937
5.78025
-4.57522
3.16670
-6.72725
-4.03391
1.69116
-6.45056
-4.57096
3.02368
7.06131
-5.97440
-0.46947
0.89979
9.66844
-10.10908
-3.19502
-8.74787
-4.31356
6.78824
3.19057
-2.87288
4.60826
-0.89697
5.23983
-11.54093
2.94441
-1.03223
-6.83119
-1.74486
-3.24456
-0.44566
-5.42165
1.98586
0.92436
3.19690
-3.29291
6.92183
-4.94872
4.84650
10.70882
-4.69667
-9.64977
-2.74323
4.28583
-2.17908
-2.18890
-5.10315
-2.08344
-1.10204
-6.56505
1.93984
0.87006
0.38911
-6.09424
9.80459
-0.16593
-4.79955
-5.42959
2.79458
-4.36548
1.16485
5.39145
2.99518
-2.41650
-5.37622
-5.31051
10.31457
1.13270
6.93523
5.32213
2.43111
0.07292
-5.38120
0.88376
-3.40836
0.55777
5.58229
7.93671
-0.86838
3.38283
-1.49865
-5.66415
2.62505
-0.37631
3.60137
13.33739
0.17356
-1.19578
7.09223
0.12126
7.57240
4.94077
-3.93594
-0.70260
3.52939
-6.97442
1.62539
2.48725
7.57352
2.61487
-4.01669
2.17843
7.26594
4.74701
-6.87059
0.60927
-0.26373
-1.98540
2.02758
-5.26537
2.79758
1.82905
-15.47055
-7.72803
3.72213
0.09863
-0.10800
-3.05526
-10.75976
-1.25761
2.28011
-0.40025
-4.64706
-8.73978
-1.51354
4.30949
2.53318
2.74641
-2.21266
-3.81492
-6.83522
-0.79401
-1.09182
-4.55293
4.12972
1.85099
0.24960
7.25333
-6.12460
0.57839
4.47543
1.57912
-2.77208
1.93053
-4.21728
-3.38354
-7.14380
4.63245
-1.82718
-5.90872
2.45841
-0.30755
4.10584
-3.12321
-2.05531
8.05850
-0.15988
2.08658
-8.18933
2.91892
1.43453
2.48873
0.17990
-2.06320
-4.55193
0.28008
-1.26476
-2.24821
1.67131
1.72744
2.12604
2.01649
10.01438
-3.08334
-0.38959
-1.62339
5.10124
-9.25155
7.24158
1.51437
1.11914
-1.29361
10.45577
3.06989
-7.60318
1.81223
-7.27045
6.19587
7.43424
1.00382
0.18492
2.95043
-4.68838
-1.76328
14.50127
7.16052
2.57839
-1.92313
5.33455
5.82444
-2.97109
-2.97532
-2.36038
-0.35733
2.09187
11.43513
3.34207
-3.20606
2.42234
-2.03933
-3.29276
3.87019
-4.70369
0.35689
0.12082
-2.38997
1.62669
4.67115
-6.54455
5.35036
0.21980
-2.62384
-6.44575
-7.19618
4.34788
-6.38920
0.43666
2.86212
-2.20948
1.67179
-3.00489
-2.96886
2.97649
0.14836
2.84742
-3.14929
-6.80819
6.56764
-1.70330
5.20274
5.89916
9.35573
-0.10676
-7.37875
11.49134
-4.26387
4.24050
-0.48849
-2.76978
3.77161
3.67318
-0.14593
0.62343
-1.78528
-5.59996
-1.62284
2.17140
8.00939
0.87425
-6.49062
5.17446
-1.10674
-4.08305
3.44856
4.71853
2.47226
-2.13792
-7.99854
-1.51616
2.67653
10.32485
-6.48791
-3.84545
5.30382
9.96084
0.11903
-3.07278
-8.50245
3.51330
-3.55705
7.47989
0.55870
-3.78909
0.68817
-7.11103
-3.22495
-2.79056
0.27898
0.41279
0.15219
5.02584
-2.86359
-2.42503
6.54632
-6.25627
-3.01424
-6.23856
-6.16510
-0.41234
9.99680
-1.27584
-0.64322
-1.85607
-0.49782
2.44415
4.72504
2.25263
6.77276
3.87294
1.53631
9.12553
-8.93628
-2.79212
1.33275
0.79116
-9.68467
-6.81933
-1.15632
3.04612
9.75709
4.30977
7.04257
10.77903
-2.18058
6.38433
2.25260
-2.07498
-3.73864
1.67811
3.83283
0.24454
-5.02609
-14.80207
-0.53822
-1.53542
2.02171
0.78705
2.31424
-3.44705
7.19357
-3.82060
-6.08399
-9.88182
5.16870
5.00563
-5.62602
-3.01112
2.60057
-1.55253
0.49005
-3.34974
8.96803
-1.57913
-11.12164
9.17141
8.63300
-6.94487
3.89838
10.03900
6.79681
-5.43616
0.65556
2.63659
-5.54339
7.97791
-3.34274
-5.41879
-5.51240
-4.36890
-2.69839
5.99168
-2.45787
5.92745
1.66577
1.20238
4.06679
12.51467
-1.13997
-5.61210
10.30589
12.95321
7.57037
-2.38140
-4.71065
-4.99451
-5.39339
-5.22617
6.30230
-1.85311
1.83766
1.31671
4.25103
0.30095
-0.52699
0.68134
-8.51027
0.18235
4.18998
-0.49997
8.08011
0.00731
8.29464
0.43780
-3.08220
-6.09761
-7.56041
-0.46579
0.35512
4.96017
-3.25013
-17.48758
2.37735
-1.44179
4.11524
-6.14590
0.47023
-1.29928
-3.39444
1.75784
-6.58346
-6.10711
11.33903
1.90149
4.06130
-2.67131
-7.25791
5.57617
2.99297
-5.06602
10.39296
1.47199
-0.49516
1.96682
-7.89208
-8.18423
-4.16088
3.94444
-4.26470
-7.62412
-4.73081
-3.22514
5.72975
2.39998
-0.67518
-5.12932
-2.45808
-2.25485
-5.89661
-1.62415
2.13764
-10.12953
1.54927
1.88240
-5.87339
-0.54780
4.86066
5.70401
-7.20720
14.97524
-0.66575
-3.18992
3.26496
2.88288
-7.06618
-1.76766
-2.71091
-4.56517
3.00693
12.14667
1.48678
-14.25975
-0.65478
-2.70971
13.20925
1.00185
-2.49336
2.26359
-1.17375
3.79453
7.18218
-0.42421
0.53272
7.69661
0.67417
1.67069
-7.62504
-4.48862
-0.49353
-2.97458
-6.42925
-1.13287
3.33205
-1.42762
-2.95076
-0.09966
-9.63496
-2.58881
2.10412
-7.20920
-4.59162
4.70787
4.44389
-6.16796
4.88736
-5.11498
1.00115
2.67576
-0.92633
-12.87796
-5.68158
3.50863
4.66909
8.86894
4.64569
0.54261
-6.14759
-1.34329
0.68173
-6.28347
2.10743
0.42407
6.59734
2.30800
9.17530
-0.25477
-0.58865
-7.55320
-6.20866
0.14541
-4.85803
4.88889
-2.39714
0.37181
-3.47172
-5.54629
2.37502
-3.29820
7.34390
-2.70515
-5.38996
1.58913
-4.83362
1.56408
4.00095
12.37086
2.83125
-3.00216
6.32348
3.52130
2.11092
5.41924
-2.46477
2.91831
-0.71950
2.06560
-2.13358
-0.23857
7.48124
1.66099
-3.88604
-0.40883
-6.84102
6.51477
-0.39106
3.14749
-7.28656
3.37949
2.04430
3.14675
2.43071
5.89381
2.40212
13.83475
4.54744
3.79639
-5.75132
-6.13421
-0.04470
-0.49771
0.46115
-1.55137
1.41266
-1.14602
4.57791
11.88645
2.33932
4.78662
2.59950
-2.80800
-1.00002
-0.09052
-1.01002
7.29416
0.85484
1.18244
4.05911
-3.10825
3.16768
10.62549
8.20616
1.54715
4.02692
4.92086
9.21740
7.79960
4.16597
-0.87344
-2.04178
8.17607
0.79315
4.27962
-2.15030
0.66352
6.84852
10.91661
4.12698
-2.98641
-0.97198
4.63649
3.75158
-6.41841
3.18955
0.23434
-3.07195
-13.79408
0.34708
-11.59135
10.08390
-2.26335
3.80947
4.49025
-9.39094
-0.49054
0.76187
-6.86930
-3.88214
-1.78551
-8.68473
-3.00905
1.05870
6.53543
-7.12192
-6.67648
6.66381
0.28377
-2.28020
6.73913
2.37740
-4.17058
-4.63168
10.93810
-6.34388
-4.70971
2.23583
7.60601
1.07860
-4.02910
-5.13454
0.20000
-1.91458
14.42175
0.74515
3.49789
-4.41494
0.26610
3.49828
-8.01475
4.25947
5.44912
-5.16354
-8.02391
-5.08547
3.65026
6.79961
-5.83218
7.54805
3.50014
-4.58329
-0.85395
8.12436
-0.14500
-2.83406
0.50282
5.14708
0.30569
1.87648
6.35383
3.96403
-2.91849
7.65335
2.73235
2.60124
-3.53357
5.29304
-10.28553
0.91853
3.89526
4.79666
3.77496
-0.06237
-2.58567
-4.28272
-6.05581
-2.52695
-0.35497
-3.08014
-4.76707
-0.26896
-6.86991
-1.23585
-2.17992
10.63971
1.64852
-1.83115
-3.98724
-2.31482
0.25190
2.45786
9.14889
9.91825
1.46685
-10.34165
0.28446
-1.23986
1.85111
8.23833
2.17634
-1.46690
-4.92681
0.76246
-1.39086
4.17306
-14.45848
-1.08100
-13.65247
5.07278
-5.85089
2.13148
5.58954
3.80531
-0.56384
-1.84710
-0.23093
2.15323
5.06424
1.51083
0.63480
5.89117
4.08038
1.13512
-4.32628
-8.76528
-3.05556
5.32911
0.90268
-1.87634
-0.78446
-5.59953
-3.04021
-7.62648
-3.94459
-2.55576
4.63830
9.33250
-3.63107
7.05795
3.96351
-6.30590
4.18733
-6.68722
-0.22977
-0.67977
5.30498
-3.59973
-3.81113
-6.07520
-0.09915
-5.93066
-1.95840
4.13496
1.25503
1.15320
3.37722
1.83994
2.91225
-1.61689
3.28307
-2.20420
1.91897
-0.26977
-9.22220
-0.86072
-2.31803
-11.94399
-0.26268
7.17713
3.83605
5.57378
-9.46736
-11.04449
-7.08931
4.55641
0.60903
1.29645
5.11456
1.67297
-5.01659
-3.33587
-0.21122
-11.73075
-4.60704
7.47945
1.27331
2.72440
-3.70228
3.50815
4.21692
5.98363
4.17106
-2.50318
-7.12846
1.43915
6.11403
-0.96012
1.52531
4.94916
7.19559
-7.46631
2.49192
1.09559
-2.56774
5.75574
-7.49553
8.51555
3.96869
6.34984
-0.65020
-10.12870
12.40062
-1.80801
-3.26983
3.34330
-2.37177
-6.48871
-2.96346
-3.08824
2.02889
2.88958
1.98239
2.94943
-5.05986
1.61389
0.87014
-7.68698
5.45429
4.38175
-5.09692
6.73819
-11.63003
-0.48612
-0.57549
4.40407
4.45330
-1.07021
2.96742
-3.34344
1.48362
-0.96999
-6.10551
-1.69312
-0.68053
6.12085
-5.37129
-7.97845
7.93553
4.29200
-2.26199
0.17758
-3.31672
-1.77375
-5.12141
6.43118
-4.80389
-9.29765
-12.49411
-4.83367
-7.54658
1.84284
-1.92003
-13.14714
-1.93994
-2.86584
-3.92159
-4.75116
-6.70933
14.12917
-12.85989
4.59902
-1.07467
-6.13139
-3.20933
-1.09585
-0.29483
6.01313
4.94813
-0.00517
-9.69874
-6.25347
9.62461
10.69501
9.52164
-2.82305
-3.83851
3.25185
10.29188
1.33935
-3.15593
-4.11060
-1.65188
-0.88815
-7.05668
1.89428
8.30207
-3.01467
-3.92639
-0.77205
-2.35566
-7.09791
-0.24471
1.24158
2.40481
9.72849
-5.96655
1.51086
-4.82049
-14.05800
3.12546
0.73199
-5.00187
6.11748
0.32221
3.53869
-4.49557
-0.96528
-0.39124
-6.48491
4.58511
-3.95191
-4.22301
-2.14565
-0.51754
1.10782
3.68011
-5.18641
1.21277
10.27717
-2.32324
-2.01699
-8.03547
-4.39936
-1.98335
-4.10555
3.07964
-3.15179
-9.05459
8.60988
4.12953
-2.28114
-7.94279
-6.03538
-4.58830
1.83731
4.05972
-2.08769
5.31268
-7.39017
14.02188
-3.78311
6.22628
-2.31801
3.18952
-13.74229
8.18565
1.78132
5.50796
4.74556
-6.70582
2.73819
8.25175
-4.87646
-6.47215
1.62993
3.62357
-11.25304
-16.98573
1.38439
-3.77439
9.62153
6.90852
-2.00388
-1.42404
4.36092
-3.66691
1.99930
-7.64343
7.93928
4.08561
-1.87515
0.03771
-6.96073
0.79002
1.70209
3.69781
2.29948
0.18504
3.75679
1.48838
-8.77227
3.80918
6.68518
0.30540
2.99543
0.31943
0.09116
-0.50004
1.02037
0.90569
-1.93036
0.42083
5.05491
-2.49260
-13.63313
5.29416
1.31889
4.00075
-4.20727
-4.27705
5.04368
9.15701
0.80430
-6.52539
5.29909
-0.33452
-2.55497
-6.76649
-5.63909
0.69036
-6.35848
4.27293
4.59639
-1.09524
5.19265
-2.55989
-6.71149
5.35353
-3.03594
-1.01231
2.30582
-0.14295
-0.11329
-4.81044
0.99669
3.30493
-9.50149
-8.47102
-4.32892
1.83982
6.67002
0.38358
-3.72338
-17.41374
10.65153
-0.72722
1.62603
-5.17658
-1.78226
10.87691
-8.72476
-1.82370
-8.09004
2.98271
-6.20531
4.43876
5.38879
-2.02622
1.27385
-0.47621
-1.67368
3.94063
0.93731
-2.44324
-6.51125
-1.97899
3.81126
2.87330
4.11378
0.86461
3.00451
3.99390
5.05547
-7.25940
-0.32179
-5.79738
-2.29596
1.79705
5.33822
-8.41535
-6.67454
-2.75345
6.06433
19.67275
7.92068
-9.04689
5.07520
5.31398
5.80625
9.76754
-0.83362
1.13421
5.01943
4.02252
8.39715
4.88409
-2.58556
-2.38652
-1.95004
-3.71120
-4.44863
2.84210
-13.15195
8.59364
-2.94205
3.81422
-4.05641
-3.42711
6.08088
-1.61587
0.06726
-2.44335
-2.44859
-1.06066
1.75399
2.76109
-1.81518
11.72472
3.03060
-6.02372
5.00495
-3.46455
-1.83311
-2.63690
-0.50051
-3.76706
2.75615
4.05337
-3.92329
3.49108
3.93373
-2.30287
-0.93052
-3.82878
-3.63120
-0.09334
-2.84468
4.37326
3.44549
2.68324
-0.94975
-9.32488
4.25673
-0.47452
4.14671
-1.86381
-2.22778
2.14142
-5.26196
0.43396
6.83862
-4.31264
-2.17402
-6.92647
9.34341
0.88377
-1.32560
-4.19904
-1.37153
-7.27693
5.57268
4.95504
-4.34312
-1.29722
9.10740
-6.84924
-2.00591
2.65184
4.03747
-2.65666
-2.74682
3.74210
-3.87406
6.57875
-1.09930
-8.63179
2.50367
0.79778
-6.20840
-3.57248
5.91908
4.96119
1.89989
-0.62037
-9.18838
-1.98483
5.47513
-1.75735
0.14920
-5.28772
7.06864
1.12060
2.38506
1.76752
-1.24965
-5.06856
-1.27296
1.17662
4.01806
-3.89679
4.30377
6.68474
-0.79409
3.53582
-0.72105
5.86236
-0.64176
-9.27097
-2.52966
9.38055
3.02432
4.50209
-2.94132
8.54385
-0.76117
-3.02692
-7.59532
2.65489
6.74709
0.89762
-1.71021
-2.01384
-7.13824
3.49072
-6.23272
-6.46872
-3.15733
8.34596
1.08403
4.61708
-1.56313
1.21629
-3.17758
0.76484
-2.57391
4.92113
5.85323
-6.88712
1.95806
-4.06299
-0.36381
-2.23400
-2.47386
2.65709
-8.27231
6.23250
-5.06466
0.18171
-4.17289
-6.26249
0.38564
-7.70583
-6.31647
14.14527
-3.83388
6.28738
7.72345
2.61703
-4.95909
-0.27040
2.54322
8.48071
3.26259
4.56638
5.00784
4.96868
0.92666
1.62739
2.62317
4.09978
1.60333
-8.31662
-3.47767
-0.76737
-2.51926
11.27267
0.76059
2.03232
-1.67352
-0.07947
-3.48046
1.59793
-3.77809
-3.71642
-0.12101
0.51162
-4.57354
0.83517
-8.70556
1.14433
-3.28715
-4.58848
2.64296
-3.00738
1.78901
1.15560
-0.41475
1.48878
0.77183
-0.58593
4.91577
-9.79316
-10.76968
-2.00116
3.52797
1.92367
-10.06193
-9.79103
-9.65786
5.14731
2.84947
2.82026
-1.41665
2.56193
-0.37239
-3.24874
-5.29940
-11.65230
7.42921
-5.69558
-9.21830
-2.20515
0.98530
-2.00151
-4.91876
10.74317
10.92841
-1.91560
4.72698
-4.74149
-0.14900
-0.32567
3.23641
1.77487
3.22063
8.54814
1.46393
-3.30403
-9.00623
5.52111
2.29945
5.24691
0.72736
-3.49131
8.43102
-0.34818
0.61502
6.08003
1.14460
14.42232
-7.35963
8.51457
0.25756
1.63843
-8.46175
-0.00243
-7.11288
1.82585
1.07766
0.40821
-5.39113
3.36645
0.06862
3.89601
-0.81759
-3.09010
-2.82158
-6.82465
4.78191
6.61749
-4.60178
-8.33471
9.03855
10.09009
0.03924
2.11498
0.42168
-5.41098
-1.72037
-5.22586
-0.59423
3.77614
7.60044
-5.53963
-4.27345
0.47970
-3.82011
7.16219
-1.45766
-5.23895
3.51828
-2.97462
2.02598
-5.59713
-3.95505
16.43360
-8.71035
-5.42742
6.13469
-9.58050
4.01779
-4.62114
-2.69742
-3.90427
-2.47846
3.02342
5.35200
-3.55701
12.08557
5.76937
-5.60313
16.53862
0.99489
-7.04034
7.87262
-4.14948
-5.46429
-1.75682
-2.13035
2.99306
1.23744
-8.21356
5.31669
8.22673
7.97440
-1.09026
3.92396
3.99283
-0.53636
4.51657
-0.39114
5.11015
6.98653
2.42666
-4.24009
-1.09253
-4.63069
3.95725
-3.60792
-1.29857
1.04985
1.83631
4.10106
-0.26181
5.25944
-5.46952
-7.22010
-1.93485
5.20168
4.85803
-1.75335
-4.31970
3.75905
3.35490
0.55918
13.38726
5.43428
-8.12402
-11.88056
-0.36783
0.84506
5.68663
-3.36800
3.69102
-5.13953
0.12484
4.01478
-0.06038
-6.46038
1.44190
-1.95780
5.71507
0.20916
1.21288
-4.75627
-4.82068
-9.25633
4.13516
-2.43350
0.03840
-3.26310
4.64594
-6.20687
2.66946
-7.40888
13.70384
-2.71149
3.42421
-0.85529
-11.45000
13.73120
2.02462
-3.79650
-10.56734
-0.87760
4.44368
-4.44031
-0.08198
0.69078
-3.53179
3.15909
-7.08141
7.50152
3.13403
-9.61670
-0.13189
-11.76637
6.21494
-2.26209
4.95621
5.55857
-0.52281
15.93347
2.46231
-2.42470
1.11887
0.17859
5.02525
-0.21492
-2.77365
-8.99112
2.53018
0.56896
7.06626
6.21164
-2.13504
6.78464
-4.00539
-3.16198
-2.34086
-4.99031
1.22718
-1.80759
-1.58402
2.00947
3.31491
-5.64347
9.85793
7.20530
-0.13876
-1.66144
4.09062
5.18863
2.89205
-12.00294
4.06865
-2.50402
-0.51160
-13.53997
-4.25143
1.25567
11.08158
3.80785
-3.11980
-4.07885
4.84859
-8.90714
13.07413
7.17641
2.00270
-0.13497
2.51801
-6.74833
2.26589
-2.09288
11.45494
3.62005
2.38743
-1.63616
-6.78374
0.66355
-1.18080
2.81039
-8.60437
-2.98219
4.32900
5.03792
0.07363
1.91099
7.05821
-0.78619
6.14109
-1.54279
-2.43291
-0.99919
-2.16144
-1.17621
11.19094
5.03712
-3.49705
-0.73342
-4.25241
-4.20939
3.80376
1.12277
1.54287
0.20340
-6.09835
-8.14988
-2.86583
-3.29821
-2.82632
-0.80602
-7.20776
-2.91451
-0.90904
-1.97118
1.54350
-2.84496
-0.91104
-0.78122
-5.67642
-0.11157
4.39350
2.20960
-4.09812
1.13080
0.85023
0.22437
7.34614
-9.68219
-2.31628
-7.55411
-11.10969
-3.51933
-0.64597
0.01228
3.46733
0.44396
-1.43459
3.78102
4.11590
0.70875
-1.49916
-6.90419
-2.71219
-4.63150
-8.32128
-3.41330
-9.44057
-6.87162
8.10262
-4.35696
-1.06898
8.30184
3.15733
1.01501
0.14720
4.38906
4.64177
-0.23868
3.76582
4.64231
-2.63982
8.11037
6.97062
-4.15512
6.37991
6.71063
3.34690
0.03502
6.67657
1.84833
9.16785
6.44304
-10.98930
4.61063
5.79788
4.93217
7.33765
9.09129
5.92041
1.68698
-0.40463
-3.42044
-8.82474
1.93185
1.92644
4.89873
6.83745
6.45358
6.84702
6.15476
5.06615
-6.51959
1.61252
-7.26131
1.36609
4.38860
-11.08103
4.54894
-0.16230
-11.38655
-8.04519
-8.76491
-0.03469
2.61909
5.97232
-0.02295
-7.05690
3.01119
9.31357
-7.57915
6.91885
3.06158
-1.22781
1.27982
-1.62118
-1.64983
-1.51530
-1.96873
3.71625
-3.36728
-7.70759
6.18741
-2.26260
1.93816
2.47626
-8.68725
0.59839
-0.35753
-0.97977
-2.77862
-1.53275
1.60444
1.37423
-3.37702
-1.30271
-5.25812
6.45463
-3.44248
2.01051
-5.75791
-7.49278
16.38976
-2.40817
10.17167
1.27801
-4.11889
6.02607
-3.70070
-2.52454
4.53261
-0.42308
-2.70381
-1.22327
-4.44916
8.66980
-7.36001
3.14564
5.00541
-9.33086
-6.89524
12.32196
4.31419
1.83928
-2.78829
3.26943
3.40199
-0.61482
-4.95831
2.04672
-1.24218
-0.99752
4.34429
12.87905
-1.48622
-9.56070
-4.03358
-2.39694
2.62689
-8.48872
-11.76322
-10.03884
-1.27760
9.83468
7.66028
-0.10031
-2.08204
2.26265
-5.37380
-4.43082
3.43605
0.08663
1.18678
-2.20369
5.41964
-0.50079
-2.58226
0.44329
-5.21771
-4.50484
-1.16829
4.62394
2.59517
2.48201
-1.53047
-8.08454
7.06211
7.73236
4.76302
-6.35989
3.44534
4.21155
-3.87873
7.40315
2.86516
-7.79623
-2.37699
-0.31661
-1.18808
4.55292
0.99904
-6.61952
4.64037
-6.20100
2.96834
3.73630
3.49901
-0.97387
-5.11496
-8.08850
-4.82991
0.88396
0.01177
-3.18122
-3.25917
0.30500
-12.59972
1.48173
0.11389
-3.05893
2.41794
0.99308
0.84166
0.92857
4.59493
-5.02340
-11.17823
4.12604
-4.61824
3.73352
4.58591
5.20341
-2.39496
8.41894
-0.01419
-0.77296
4.40258
2.62996
-1.25747
0.30652
5.91998
-0.42173
5.25694
3.78859
-2.38212
-4.68570
-2.71405
4.02499
0.31266
-14.51074
-0.82566
-0.30348
7.61675
-8.30448
-10.57350
-1.10382
1.07532
-7.70262
0.72635
-8.03359
0.34534
11.26850
-10.89230
-6.73079
-8.99111
9.21738
-3.99719
-4.60907
5.52637
-7.19469
-0.55738
1.41935
-3.69230
6.85813
4.61420
-0.39639
-0.66982
-1.19657
9.79350
3.75392
-2.17190
-1.77975
5.49075
-0.21443
-0.91439
-18.12665
-6.22808
3.96918
-1.39265
3.17116
3.60933
-2.00027
3.39280
-1.89946
-6.30252
-0.27597
0.70607
-2.12922
1.52141
-6.29916
-2.77700
14.64206
-0.97004
-4.00841
-0.33483
-8.50298
-1.44448
2.75087
-1.21799
-0.30925
1.28478
6.40024
4.55724
-1.39130
1.08652
2.61267
5.61839
2.39789
1.06964
1.70504
-2.43694
-3.71592
5.67481
3.71049
-7.97979
-3.20672
-0.31630
6.13363
1.32476
-1.41952
-2.79576
7.37176
7.88098
7.60292
0.60104
-1.59967
1.26252
-1.45004
-2.16886
-5.65617
2.00029
-9.26910
3.25710
3.87279
-6.63772
-2.23381
0.82130
0.43160
0.32378
6.91014
7.53119
2.78455
0.17546
0.40559
9.73135
-0.26942
3.33435
10.66977
5.57560
1.29986
-10.42244
2.21343
12.88233
6.24011
-2.02189
-1.74939
-5.25773
-7.00975
-2.37125
8.53585
-9.23844
-2.25548
-4.46048
3.67676
0.19232
-3.69634
-5.89029
1.51697
1.13114
-0.70263
8.72205
-6.51644
2.77530
0.02491
0.22789
-8.92483
-4.57705
6.99924
-5.22053
-1.60380
2.33667
5.16035
-0.31720
-1.71473
5.54285
-1.84011
-9.54531
0.35842
7.82764
-2.31895
-8.18764
2.41471
-1.09927
-4.37578
1.04427
-6.39763
1.62625
-0.16558
-3.08561
7.06117
-3.18582
7.70671
-9.58991
4.84086
4.97165
-3.54241
-4.20014
-9.70940
-4.48984
-4.97194
8.15228
2.15210
1.34987
-4.41429
-1.65922
-4.77415
10.45924
0.79292
4.09516
-3.17723
-12.67720
-9.05057
-4.43213
1.19577
-2.33513
-5.49156
-0.51549
0.30229
1.30371
-0.60048
2.40740
0.54672
-2.13107
-2.13394
-6.52788
4.31514
-4.72433
-0.37892
-0.06157
4.86920
0.55004
-2.78151
-4.92065
-2.09643
-0.26962
-1.98171
11.80502
6.92006
7.52261
-9.27402
-3.07400
2.35131
1.80412
4.26961
-0.01242
-14.68683
-1.16075
5.39327
2.37562
-13.30116
1.25458
-0.94271
8.37461
3.65519
14.06551
11.19096
0.58246
-3.37099
4.87162
0.67833
0.37454
6.27440
-6.69080
1.74397
0.03343
5.24143
-5.73921
7.52629
-3.40621
-2.36885
3.35595
10.77665
-5.76897
2.40585
-2.08871
-5.56595
-1.93953
8.63570
-6.04874
-13.23646
6.17647
-0.73835
0.69646
5.03474
-3.54795
-3.55327
-6.06240
-5.80169
-2.03068
-9.08041
0.51262
-1.36643
2.34519
-10.77820
-1.67317
-2.28964
3.84743
3.71201
-6.12844
-8.19242
-1.65008
-14.92572
-2.42630
7.14255
1.59304
6.14906
4.03906
-6.72060
0.69639
-2.15955
3.27800
8.82249
2.16381
-1.53722
-3.66771
4.13872
-3.78811
-14.35920
3.79425
-5.61897
-2.55349
-2.96983
-3.64257
-2.35946
1.69993
-3.19270
-4.77094
6.24232
6.03058
-6.15360
1.41380
-3.77868
-1.32601
5.74476
-6.47080
-6.00127
0.50589
-0.27602
2.07412
9.92021
-1.53716
1.25469
0.37910
2.41138
-10.25158
0.56901
-5.02534
2.06157
-1.89913
8.48490
-1.62981
-10.95426
-3.17364
3.78207
4.38136
-8.73560
5.72728
1.19622
1.14640
-0.77859
-0.41011
-5.96681
0.48089
-1.45019
-4.16355
5.87433
3.07160
-9.01683
-4.86213
-6.98594
-2.26666
-2.25245
-3.61095
-5.01749
5.01993
2.70774
-2.07047
-13.20238
9.39335
-0.37694
0.73121
-7.12194
6.53694
0.60432
-0.87809
7.52789
7.25758
-1.96010
-0.17599
-1.17433
-3.19772
9.05181
-8.08888
-5.19260
-5.85888
-2.34029
11.20955
-2.85231
-8.84570
-7.34066
-5.75066
3.91104
-1.38547
-0.00965
-1.96456
6.44123
6.32779
4.25664
-0.68870
-0.65409
0.54498
-9.04672
7.24323
7.36804
2.46982
3.92640
4.97596
-0.98801
1.98841
7.36560
8.88879
-1.08749
-2.30024
-0.85003
0.13650
3.40697
10.03539
-10.66711
-1.72373
2.06052
8.93366
6.29729
2.91539
4.90889
1.04767
1.96527
-1.81716
3.85964
-4.69174
0.00262
-5.70039
-2.89217
-8.89979
3.28748
2.03820
5.77450
-7.70759
3.35807
-5.90267
2.65271
5.45435
3.87827
-4.31137
-8.32283
-6.05257
-13.15679
-2.37229
1.80551
-2.00033
-12.33357
-6.18989
-9.10282
3.33658
8.81737
2.61227
5.66987
-2.57722
1.49847
-2.31842
-0.09583
-3.50710
-1.17834
2.18579
-7.75428
-1.00885
3.79502
-2.05083
7.17291
-1.07625
-1.57114
-5.17617
4.01260
-6.21266
8.52036
8.77126
9.12059
-0.99536
0.69025
0.45294
2.44004
0.38435
1.72385
13.89200
3.69258
-3.17605
3.61967
-3.83666
1.58224
0.59524
4.74293
1.35023
2.41110
11.42072
-4.74729
0.69858
-0.50632
-0.94814
-3.00647
-3.24235
-0.09432
1.55755
-1.47736
-0.73848
-2.82140
6.28486
1.94890
5.24429
1.17407
3.42059
-4.99290
-8.05783
-5.26069
4.65504
2.43194
-0.41673
6.47212
-4.29482
-5.49845
-2.51844
9.02367
-3.16138
1.19556
-1.96577
3.98021
-5.87298
-0.87338
4.38934
4.04332
2.34278
-0.54844
-2.26612
-13.33844
-1.35450
4.59485
4.82310
-1.37769
-5.25619
-9.57984
-6.67864
-3.06135
12.24215
2.02971
-1.98277
1.93359
4.41417
-8.12323
0.78400
6.21804
2.89425
0.88845
4.19187
3.71374
-1.92031
-3.46292
4.01928
-6.19783
-1.08179
-14.34757
-3.63435
6.34171
4.31341
4.39797
6.35250
2.14610
-4.03033
2.42765
-2.28155
-4.03268
-0.66024
5.09813
-2.55299
5.82865
3.86981
-7.00092
-5.72322
-0.97741
3.77583
4.10004
-0.68565
3.90406
0.95868
1.32415
1.43942
-2.71094
7.29060
-1.83680
3.73734
7.50974
0.84766
1.13878
-8.89337
-0.09287
2.54092
-5.29061
-4.67335
-1.43546
7.58606
-1.81262
-9.46802
-0.16423
1.26787
7.93162
10.56455
6.02291
-1.94366
9.56385
2.70816
-2.80405
8.62790
9.66712
-3.41507
-8.42152
6.22959
-4.59819
-7.98125
5.16940
-0.48941
-1.82404
-0.92986
-7.87514
-8.37531
2.60578
0.15430
-2.26684
-1.47819
-0.19775
-11.49007
5.93595
0.95854
4.08317
-3.24299
4.96902
-3.23146
-2.50693
6.26543
6.37910
1.16139
7.43382
7.40656
-3.38532
-5.44892
-4.72194
0.57459
0.43602
4.43399
-2.26338
1.30426
4.76714
-1.43614
-7.58315
6.24528
-1.28606
1.59052
3.85703
3.89143
-1.25793
-0.94562
3.37749
-4.43990
-0.51149
5.68369
-0.04729
8.25298
1.43200
0.50070
1.84299
11.38175
0.61903
-6.22743
-0.25809
0.56880
7.52261
-5.07017
0.19351
-0.38411
3.17969
8.73907
-1.91828
2.43782
3.03609
0.87404
7.69001
9.77343
-5.91392
-4.15269
7.09278
-0.41246
-4.67746
-1.63447
-3.95556
6.45627
6.75993
-2.59451
-9.58620
7.95076
5.75944
5.50850
-1.84084
-5.49557
-1.04173
-1.92123
-2.57242
-3.20733
3.51247
8.49973
5.76494
4.37996
-0.58953
9.60673
2.06948
-0.96057
1.45689
5.62026
13.03453
4.44812
-1.04123
-3.28610
-2.65665
1.82244
-4.15941
-2.09515
1.88107
8.16762
7.20455
-5.76103
4.11480
-3.72425
-3.62732
1.68124
-2.11869
-1.85051
3.08818
10.74232
11.00010
-1.11809
-7.35763
5.81909
-9.52596
-1.70431
-0.84111
2.61039
4.74115
10.97628
-0.12965
-6.19673
1.44531
0.45841
-6.91717
-0.59135
-6.99161
6.21502
2.81610
-3.33745
8.70856
0.04676
4.74500
-5.43923
2.82200
0.34607
2.36230
-2.09678
-4.32267
7.22549
5.61746
1.39852
8.31377
5.76847
-1.29053
2.47718
-1.59442
-3.48591
-2.85788
2.30625
13.27599
-1.68306
7.25926
4.75195
-0.72621
-2.39187
-3.04577
-2.41226
-1.38203
8.73846
1.66482
8.86354
5.66346
3.51174
-0.66955
-12.15184
-0.08176
-2.55551
-0.41917
-4.97561
0.57897
-7.36603
1.27499
-0.56038
3.05942
-1.03376
-2.00604
0.36907
-12.23274
10.06359
0.50157
2.34704
1.25544
-1.23008
4.36172
-8.62040
-1.97163
-3.97675
3.71702
-4.51447
-0.62734
-10.85909
2.57900
-8.02839
-1.37939
3.54014
5.90891
-1.10527
6.47117
-3.47739
0.66590
-1.01761
8.86834
8.44451
-2.20766
0.21230
-2.03708
-5.45104
-7.51860
2.51514
-9.81422
6.71219
-9.32241
0.71875
4.82314
-1.39456
0.59989
-6.03024
9.47644
0.64543
-3.93009
-7.89613
-4.59337
2.67289
-2.84892
-8.76622
2.05836
3.66854
1.87024
-10.42477
1.66939
0.16840
-4.16364
0.67542
0.31123
-2.54074
-1.69667
4.38487
0.33105
6.70064
3.67417
-9.76500
3.90576
-0.91533
1.36754
0.70205
5.06439
2.70624
11.05091
9.71133
-11.73088
2.78870
-2.89425
-1.31447
2.02532
7.34289
-10.15868
-10.79528
-10.68148
-4.51793
0.32106
3.51354
-1.57652
-8.23441
-0.32856
-2.93337
7.37277
8.86229
5.22896
-6.94746
-8.70905
-1.42127
0.89850
8.40131
-11.52708
-5.18544
8.65288
12.42922
4.91100
2.03228
3.02123
6.05478
-0.63594
6.18179
-1.35213
0.82620
3.17529
-6.05453
1.39680
1.12731
-3.58593
8.26141
2.30760
5.08096
1.46551
-7.43427
-0.08365
-2.13400
-14.73778
2.42558
-1.34665
4.56031
-2.47651
-6.45341
0.87257
6.65171
-4.69376
5.08005
-0.93328
5.05706
-0.61124
2.22352
4.26552
-8.71154
-3.71419
-10.47920
4.46827
1.54233
-6.62092
0.85614
2.67093
-3.95817
-1.15949
-3.72245
-3.78831
-1.28552
-3.99171
-0.47209
12.85203
-10.57455
-2.36077
0.58310
-1.71620
12.20801
1.76705
0.15978
11.52306
7.48612
-3.55527
-2.41018
7.70937
-3.70441
5.83023
6.89819
8.08156
-8.19918
-2.73198
2.20842
7.12843
-3.41960
-2.58430
5.83646
-0.31747
1.23942
1.65569
0.67966
6.30179
-2.41071
6.25222
-7.82049
4.77078
-3.59414
2.35328
4.35576
1.02422
5.77951
-2.69447
1.30982
7.70081
-5.63575
-4.46342
3.64427
-5.27358
-4.93109
3.96901
-4.83766
-1.17626
-0.60328
-1.27028
-2.42372
1.39607
-6.64393
7.58220
-0.94207
4.16959
4.57599
7.19545
7.19471
-2.07962
7.64991
-6.66674
3.08429
-2.25881
-1.89750
-0.49028
6.21675
0.87065
1.10496
-9.36707
2.48044
3.96107
0.64015
5.66506
0.22818
-3.21922
5.30629
-6.24497
-2.32725
-4.14230
7.50369
-3.15006
0.61433
-3.47790
-1.63049
-1.84764
-3.21678
-2.79249
0.21353
2.27695
0.46866
-8.28422
-1.65006
-2.26720
3.47762
6.14121
7.32429
-1.26876
3.18496
11.85579
5.21669
-1.48556
-13.68553
5.22740
-0.53742
-4.88486
-4.39938
-4.27132
4.65626
-0.14317
6.09617
-2.33375
-0.10642
-2.35733
2.02158
3.59569
-2.55605
0.91977
-7.39902
5.71572
3.13916
-8.75601
11.83293
4.93225
-6.57271
-3.53820
3.20520
-5.06467
5.86007
-4.42741
5.93250
3.89356
-4.41095
-2.57168
-5.37016
14.90156
0.41583
-0.84421
2.01477
-0.36321
4.75455
-1.48477
-0.06267
-4.69230
-4.52249
-0.96889
-0.98599
-3.89729
-6.08982
0.11204
1.64241
-5.42611
-1.94803
1.50383
-0.29039
-5.39721
5.27624
5.01703
12.49285
2.31352
5.76163
-4.13524
2.98821
2.86740
2.77229
1.30601
-6.90863
-2.59628
1.44678
2.86899
1.00158
-2.26522
-5.48301
-0.95645
0.94876
-0.91533
6.50079
-5.41140
-2.81962
-3.48935
-2.09868
-1.05604
1.10890
7.82987
1.77360
-4.21164
-2.99827
-3.93444
-5.40647
0.96923
1.15023
-4.13650
7.08492
5.73232
14.45524
-1.76618
-3.56191
-5.12650
-4.87412
-3.26202
7.51065
-7.06386
1.01366
-7.29848
2.18163
-1.26940
-4.58820
-0.35124
-2.99149
-5.82059
11.39493
-2.25880
8.90865
-5.51498
-0.85751
-0.51733
-6.19019
5.75915
2.49222
-8.96930
-2.66383
-8.99513
4.87233
-3.37518
-6.75791
-4.08459
-3.41142
2.31991
4.06488
0.53896
2.53486
-3.88015
6.65307
-2.75981
-0.63605
-4.25483
9.18400
9.25267
6.82320
-1.25960
7.02783
1.47949
2.09319
9.83271
-4.13770
-3.32181
-7.89997
4.05048
0.94457
2.60524
3.90834
-4.30187
-2.64369
-0.32762
-0.71555
-2.38307
-1.34847
1.16796
-1.83199
2.64559
8.54067
-8.23956
1.81642
2.09986
4.63346
1.61154
3.70817
-6.20926
1.43745
-5.25204
9.11544
-11.86733
-1.39810
-3.38886
3.22991
-6.31906
3.31233
7.02644
4.98268
1.82141
-4.98888
2.34899
-1.37599
2.23812
3.52128
6.36586
6.35290
-4.34374
-5.97752
0.36117
-7.21655
-2.81260
7.33243
-0.36945
3.00627
1.96460
5.95389
0.34371
8.27613
3.59204
2.87061
-3.93477
0.89877
3.16456
0.95498
1.08718
8.56343
-5.82034
2.94450
-2.47500
-4.40385
4.10821
-3.27261
-5.82021
5.00025
5.19455
5.25819
3.92317
-2.70984
-8.31783
-1.59763
3.21167
-4.75030
5.73938
-0.92165
-2.92158
8.08651
-4.54313
13.50361
-6.26377
5.60871
-4.89178
6.43137
8.59285
2.38232
5.37879
2.70855
5.58270
-5.95739
-4.65201
-0.14538
5.68241
-0.70855
-6.26656
5.12292
-4.22013
-2.05455
8.62255
6.36673
9.30060
-0.53681
-3.39531
3.12356
-0.54264
-7.94966
-1.42321
7.97914
3.68194
1.47798
-0.10211
5.60762
-6.57539
0.11027
-2.26192
-3.74950
9.12659
-2.21834
5.06556
2.07813
-10.58073
1.85590
-10.78182
-4.03067
-3.60713
2.13525
-6.32409
-4.57343
5.21406
-7.58557
-5.62434
-1.11827
-7.49625
-1.38038
0.06831
-4.05413
-3.37705
7.61386
-0.13551
-3.90981
5.46066
-4.52610
2.85799
0.18274
6.42973
-3.95767
6.75273
5.69495
-1.58779
3.36330
0.26580
-4.18877
-5.47685
-14.85709
0.92589
-9.98206
0.05990
-3.90041
-2.23971
1.94403
9.22291
3.15201
0.86425
-0.16082
-2.11140
-2.06172
-1.45528
4.03363
-2.74005
2.21446
2.44507
2.28002
7.64422
11.24489
0.14542
1.75676
2.61101
3.36556
2.85038
5.28182
6.98515
11.09146
8.80843
-2.22555
-0.21695
-8.76084
-5.64507
-0.04915
1.96231
-5.69116
-0.00883
-2.07708
8.12594
3.03457
1.97765
-5.68512
5.40172
-6.09632
6.05013
0.17675
0.74707
5.76412
10.21511
-7.36283
12.23608
7.44930
-6.67418
-3.37887
4.42221
-2.59182
8.72797
-3.35983
-5.79713
3.75885
0.40761
1.46025
-4.60221
0.00721
-8.51973
1.71166
-9.33718
6.99100
9.14569
-4.39630
-0.89351
-3.66626
-1.07830
-3.13316
-0.88355
7.65439
3.35139
-3.73272
-1.32377
-1.50457
6.29762
-0.14748
0.70702
3.10998
-5.81533
3.24294
1.77362
-0.52735
2.34112
1.65365
6.54986
-6.57684
5.32719
14.86683
-1.44672
9.20583
-9.09664
2.16255
2.17529
9.68283
-2.73307
-3.51862
0.59009
-1.27710
-2.89797
2.37592
-5.62833
2.57755
6.01490
-6.11546
-9.11246
-9.73056
-2.25549
-2.82741
-5.03774
-0.90204
3.81457
-5.02051
2.15744
-8.11183
-4.15149
3.10322
2.18634
-3.76301
-9.15902
-0.50769
4.23339
-0.64568
1.37410
5.50494
3.63967
5.59290
-4.09129
-0.22437
-8.63737
-0.89645
-7.42562
0.41017
-5.60740
4.39038
-6.71091
-1.31143
-4.39873
1.54877
-2.78931
0.77193
3.51316
1.13675
-3.02430
1.90866
0.60144
-2.56725
6.14114
0.21952
1.98818
-6.08637
2.63551
1.86581
-2.58454
-11.86487
-3.85067
4.51698
-4.77579
-8.00511
-8.98575
4.43820
6.68227
-1.62118
-10.19694
4.05174
-5.89842
1.12757
-6.34866
-6.47325
-6.73642
8.20861
-3.06557
-1.75561
0.70501
7.05542
1.25127
-4.27121
-2.77719
-3.89704
-9.46095
-1.74050
4.43631
1.95170
-2.04697
2.23040
1.00304
-4.90132
2.15038
-2.87193
-8.92529
0.47936
-7.04612
-1.44080
-7.88679
-2.53588
3.07313
6.40666
-2.25383
4.91563
-0.07724
3.02930
2.01794
6.28827
-0.17884
-0.88881
7.88099
5.43110
-4.35571
-0.93523
-1.35980
14.18952
-3.47946
2.96572
-4.97537
-0.55134
-0.83135
3.95980
1.87696
0.23801
3.56832
5.50352
0.70443
3.58667
3.81883
9.91839
-4.04131
4.01577
3.18883
1.60007
5.81011
0.32531
0.03587
-3.20144
1.00491
0.66302
5.84515
0.25393
-2.38783
-3.88572
-3.00258
-3.43270
1.23163
5.29424
5.88445
0.27652
7.20192
-1.63741
-0.02956
-4.78200
-9.15642
14.49068
-7.19914
-8.00667
9.78954
2.88939
0.38974
-8.92828
11.76916
-0.60300
-1.07861
14.15114
2.67217
2.64162
4.07175
1.50995
-8.03802
4.54397
0.47564
-6.41519
-1.34072
1.82298
1.80033
1.21809
0.35811
-3.73582
3.18229
-2.99677
4.45327
8.68315
-8.61189
3.21355
-2.36273
-0.67601
7.27106
1.60894
7.61502
4.27892
0.09293
3.78690
-11.40206
3.24240
-0.14919
-2.06997
-5.70866
0.23657
1.40272
-7.85045
3.01510
3.10940
6.52431
3.65879
7.76709
1.48648
-2.52261
2.61104
-14.03972
8.41101
2.84838
1.87266
-3.63305
-1.09420
-1.72589
7.30828
-1.62149
3.26842
-0.87745
9.38099
-9.39287
9.06927
5.85079
-8.26902
1.60994
-6.31711
2.93384
-1.14467
0.72137
0.65358
1.86789
6.09369
1.89879
4.85521
2.63788
6.87310
9.49532
4.72381
-9.70660
0.07844
-1.02428
-11.83217
-5.65938
-4.79768
5.61861
-1.24734
1.03978
-5.85944
4.80115
-1.99532
-9.52086
1.33130
-1.32158
-1.16284
-9.68445
-4.28746
0.77925
-3.31380
-6.46187
-7.44142
0.35454
0.74524
-0.39473
-10.59901
-2.17810
-2.78098
0.80607
-5.31498
-7.00784
-7.27750
1.36384
8.36106
-7.39402
-6.67154
2.47404
2.51901
-3.15843
-4.22157
-1.43697
10.09746
-2.39256
-3.02439
3.50645
2.87119
-4.08174
-0.10428
-1.53464
0.88620
3.19542
-1.09662
-12.47108
-14.39185
8.43688
0.24032
-5.40741
-3.47301
-2.39189
2.15349
1.03063
-1.54526
0.94697
1.11420
4.15937
3.19284
8.54609
-1.39647
-3.51613
4.48050
-3.57541
-1.41217
2.98651
1.48273
-10.45940
4.33554
-0.98083
-2.06614
7.38104
-1.32371
-7.01997
1.78110
2.25743
2.55767
-4.96847
-4.55341
-3.15523
6.09067
2.05962
-2.74693
-1.28028
4.62886
2.68483
-3.99977
-1.92388
6.69740
-9.73765
-1.77563
-2.41324
0.35452
3.76833
5.19616
0.70209
1.33248
0.74181
-2.01910
-6.58342
5.25251
2.27552
-6.36141
1.62725
4.05534
-1.99836
4.58277
4.60205
-1.21853
3.09221
-4.23266
3.93969
-3.70020
10.39897
1.25760
-5.32538
-0.73201
0.07998
-1.00671
10.17266
-2.36095
-10.04335
2.48481
-0.50643
-8.20337
-8.52708
-0.54947
2.88384
-6.08045
-0.80585
-3.30380
4.68436
2.84770
3.93644
-0.93253
5.11884
-5.85433
-5.35782
-0.67677
-0.88716
5.06074
-5.39163
2.72088
-3.76291
-7.12299
-2.40260
-2.96926
-2.05029
-4.90608
4.02087
1.72694
-6.11002
-1.72883
-1.73225
0.51795
5.65495
2.43075
-5.31170
-0.41232
4.76669
2.44962
7.36075
-2.94235
4.78245
1.24167
-7.49809
-1.71311
-2.18405
2.03728
-0.12427
-5.37717
-12.12851
-4.84192
-9.42494
5.79819
-8.17637
-2.88369
-4.33626
-7.73674
-3.10691
-8.68587
3.84277
9.03869
6.26889
7.16057
6.35096
-0.83596
4.93924
5.47467
2.53800
-3.85377
-2.82433
-7.07363
-3.70664
-5.24523
1.27339
-3.83478
-7.48967
2.53816
-5.27654
2.32189
-4.20939
14.18714
3.54837
3.01590
-0.36221
2.78012
-0.90631
-1.06684
2.07673
-4.91255
2.61104
1.63022
7.16943
7.20738
4.64620
-4.44913
10.97735
6.95844
11.30441
3.71209
-1.84233
4.41989
4.92099
-2.80738
-3.24040
-2.17378
2.84427
-1.70517
-1.72730
-1.99565
-15.56671
0.84748
-1.27584
0.48041
1.12647
-8.32089
-3.12188
-0.47906
1.31221
0.93530
0.96232
5.58428
-2.02803
-3.34614
-0.89234
-7.51217
2.46681
-1.42179
-1.93857
-0.20087
4.09325
-6.23533
2.86219
1.32051
-2.51480
4.10759
-3.02957
-5.73444
1.25020
1.07397
-9.67266
0.40688
-0.38990
-0.04937
9.73630
7.03369
5.39333
-3.08032
-5.90801
-5.62767
-7.08731
2.15265
11.04132
-4.44664
-5.82763
-5.67905
5.03478
3.13819
-2.27636
-4.58705
-9.45598
-3.02069
3.88064
1.31275
0.62377
7.87012
-1.73647
-6.06594
3.97612
-7.68376
5.33596
-2.93012
-0.49384
12.18522
7.31560
-0.86996
-0.05361
-2.03439
-6.07576
-2.84886
4.88126
-7.02463
-2.22624
1.71379
-2.49349
-5.66423
2.56154
3.87522
1.15411
-3.76814
2.09304
-2.60393
-1.63808
-3.66204
4.72551
1.53910
5.07746
-0.58138
-5.48633
2.57121
-4.07174
1.99158
1.82603
-3.76363
-2.62275
-0.27460
4.73097
-2.22851
2.77860
-9.09390
7.37238
4.94701
-0.12004
-1.37678
5.66146
3.69740
0.17378
-1.55950
3.75856
-4.09509
1.14216
4.64831
-5.82487
-4.84869
-2.89854
8.02528
-0.97138
-5.11497
2.50841
-5.50280
-6.23559
-5.69242
5.35112
-0.66846
9.28614
-3.52337
8.10699
-8.14582
-3.79679
-0.09490
4.26687
2.33046
-3.48523
5.33108
3.60103
5.12471
-0.10978
-6.40428
-14.49181
6.17673
4.08922
1.36886
9.31983
-2.38602
-4.20116
-0.55100
1.31814
0.24036
-0.50266
1.93407
4.93713
5.26505
5.06703
-1.60296
6.62651
-4.12247
-1.54879
4.56423
-5.16776
1.57343
2.02904
6.07795
4.20661
6.17288
4.90418
4.55918
-8.00438
-10.96800
-10.81438
-3.38057
-1.62174
1.29003
4.85493
3.43797
-6.19741
-4.76500
-4.62743
2.11978
-2.08328
-3.14251
2.76958
-0.82227
1.81588
-5.97288
3.09667
-3.98635
9.03070
-1.69505
-1.86837
-2.24792
-8.96676
-1.01763
-5.35380
-9.35509
-3.39019
-0.68998
-7.18745
0.07442
-3.67029
-9.61836
-11.87371
-6.53364
8.56540
4.00271
-7.25782
3.67036
5.04256
17.05602
4.50950
3.19571
-3.24279
5.84886
0.70249
2.40979
9.47885
2.47802
3.51392
3.04731
-3.58946
5.03191
-7.70177
-3.54400
5.26533
0.43140
3.58652
1.37531
9.38277
-1.02395
3.16987
2.17762
3.06216
-0.15869
-5.96479
-5.21199
4.24072
1.91978
-1.66297
1.22580
-1.55817
10.78203
-4.21311
1.03664
3.07846
-2.80999
7.15663
0.34925
-4.36837
-2.36221
-3.11030
-2.14266
5.04178
10.50896
6.39491
6.21674
3.51388
0.36548
1.93085
5.73781
5.21933
2.63660
6.10782
2.52067
-0.06846
-0.75319
-11.64263
-4.30662
-2.09733
-10.79156
4.61861
5.31932
-1.23556
6.70794
-4.52415
4.57485
-3.72867
-4.40425
2.14920
-1.68091
-2.07977
2.39096
-5.90098
7.22953
1.36132
-3.71024
-7.11316
3.40922
0.05557
-1.05452
-8.18248
1.29508
-1.51350
-4.76187
-0.16203
7.73625
0.10687
1.38625
-10.59121
2.22059
-1.00011
2.11064
-2.35487
-5.78736
-0.52989
5.14315
-1.94874
4.47970
6.07421
6.79924
-1.87641
-3.12035
-3.66010
-3.45591
2.11839
4.07924
2.05693
0.89532
-12.67816
-4.37521
-1.26857
5.10743
-1.83075
-2.85036
-1.30844
2.12908
8.85481
-5.33056
3.24137
-3.02574
11.95190
4.22198
4.76801
-1.17057
6.00895
-0.17931
0.50473
5.26179
4.72523
-6.57566
-2.42820
7.74076
-10.47433
5.67497
-1.57409
-6.21650
9.39474
5.09112
0.23189
-2.60798
-4.82150
-2.43374
8.22637
1.33145
1.24578
6.77873
2.32793
-6.07780
7.76596
0.38835
0.38399
-3.51522
5.09959
8.16132
7.00584
1.51689
-1.48181
3.19258
5.10237
-5.62918
-8.23565
-0.42518
4.34813
11.86424
0.37983
-4.61830
5.35832
-4.37808
3.88472
4.86112
-1.75412
-2.54223
-1.39891
9.67193
-0.14734
-5.24722
4.49107
0.82688
-7.80540
-4.50542
-2.10561
-2.87221
-3.05829
-4.56208
-1.73724
-3.05993
-0.57365
-7.23893
-1.70941
3.30003
-2.89036
-5.08822
5.88874
5.37092
3.71239
3.81852
-3.01378
2.78363
5.49280
6.48220
-4.63713
12.21855
-0.24079
2.59528
3.81779
4.17307
-11.47695
-3.42814
3.83704
6.41299
2.38384
6.14359
4.02801
-5.03793
-3.83514
5.73720
-6.81074
-0.12146
2.97261
-1.68188
-1.24166
-2.99325
-0.13329
8.79481
6.35219
1.95158
-1.45023
3.93205
-0.70360
-4.90927
-1.31796
-2.68328
-2.54294
-1.94841
-5.23039
-5.37746
2.31151
-4.34294
11.96300
-7.39704
-6.17882
-3.33344
-0.20891
-3.54580
-0.03179
-9.73449
-3.92916
-1.03849
3.52555
2.75760
-5.80840
-0.41651
-2.32466
-5.82828
5.70442
2.68834
0.10666
8.87373
-2.16564
1.07483
4.86631
0.55731
-2.65134
-10.92418
3.02233
-6.24062
2.30944
0.54229
-4.71026
3.21678
4.67257
-3.38222
4.23861
6.18829
-0.26976
-5.88066
0.28079
0.01707
3.13083
7.30092
-1.22280
-9.89932
11.91610
2.85717
-5.30930
4.53502
9.41164
-2.83025
0.01625
-5.59713
9.07242
9.74513
3.16515
-2.16205
-3.20068
-2.31210
11.68073
1.04447
5.04888
2.30814
-3.44820
6.87440
-4.82960
-0.48918
4.28096
2.27994
7.52768
-4.41913
1.28770
-0.86546
-4.61167
9.48590
-0.94666
-9.60639
7.44988
-0.33813
0.32704
-10.98364
1.98213
-5.50274
3.97048
-7.94415
-0.01584
3.41000
1.53304
-5.78783
-5.61271
-1.26463
1.07873
-1.30172
3.13973
-4.33674
3.88652
-8.94264
3.27425
0.07746
4.00780
-5.82429
-7.47745
-18.74896
0.08260
0.82150
-4.76549
1.90963
-0.98333
9.97424
-1.82088
0.40742
2.63415
-5.98782
-4.57182
-8.60387
7.27799
5.96861
-4.58912
0.50599
-5.81155
7.17142
1.91554
0.41466
-1.11728
6.92105
-6.66808
-3.84363
-2.78533
-4.16459
-0.22220
2.56882
-4.56514
-5.47852
4.75956
-7.63546
9.83253
4.82779
9.68646
1.35009
-7.67313
3.99766
2.18684
-3.16517
4.69429
2.74219
-4.34793
8.43021
-1.90065
-2.63691
-7.40436
-0.22370
-0.67911
5.50002
-2.05900
5.04795
-11.49516
-8.64557
4.16193
-1.77033
-2.69828
-1.06130
0.45279
-11.61955
2.37986
-9.23353
13.55906
-5.63835
-3.11227
-4.97639
-0.71215
5.75261
3.71701
-1.61414
4.26422
-1.17887
0.03500
-0.75446
1.42243
9.92962
-8.23725
-4.02053
3.78691
2.39801
2.31587
-10.90093
-2.54836
3.61378
3.64658
7.78397
-2.25706
-7.73761
0.67773
4.18526
2.76461
11.95982
5.70853
3.09475
-7.93871
-5.28807
-5.10306
-2.85516
-9.92352
0.81693
8.43632
-1.26590
2.89938
2.11188
16.13723
-11.06892
-6.48538
-0.44211
0.74999
6.98235
-4.90054
7.65113
2.47952
8.95019
-5.30679
6.17051
6.55229
-5.27424
2.78820
7.12818
-6.00374
2.58429
-0.54067
-4.39932
-6.96419
-2.62013
-14.29286
-3.23820
-4.81396
-6.21717
7.59504
5.37919
0.78280
-8.87154
6.20568
-11.67270
3.02731
-0.47783
8.49697
0.47765
4.54890
2.69222
2.94965
-4.00049
1.68485
-1.33121
-1.93951
3.22007
-7.94974
-8.74195
-3.98182
1.05900
-3.58591
-13.46039
-0.07055
-3.22820
-4.26726
-1.14940
-11.18407
-2.10155
-4.62954
4.21093
-0.37535
5.82212
8.26241
1.41530
5.34044
0.06745
3.03642
0.92454
11.29240
-5.03026
-6.47832
2.61133
-1.71984
-5.46128
-1.87394
-8.63269
-3.13105
6.90668
-10.83407
-4.02408
-5.19647
8.30911
-4.10768
0.70040
0.66510
-8.25656
-4.18097
-6.58114
1.31477
-0.58439
-5.55444
7.55651
3.31956
-3.98371
2.11704
2.44072
-1.85682
11.24251
-4.93585
0.14219
-0.76131
-2.10715
-5.22973
0.18977
-0.34825
1.67916
7.48687
-1.66994
5.03143
-0.93973
6.89763
3.06225
-6.85880
4.68176
-2.84487
6.84861
-0.01459
5.71972
-0.78836
-1.37588
-1.45062
10.28032
-3.81471
-2.40719
-2.60243
9.38603
5.71064
4.11485
-2.33451
9.42430
2.65410
1.93282
-2.55578
-5.54145
4.25460
-6.02999
5.69590
-4.97158
-0.73183
0.28045
5.49623
-9.05877
3.89764
-2.32197
10.79473
-4.41313
-1.53761
-5.51874
0.51270
10.45861
-4.73273
-4.21132
1.37898
-3.52773
7.44270
-2.80728
-2.90575
3.45045
9.01695
11.47483
0.85244
-3.09776
-9.17566
6.10028
10.83417
11.35641
-1.15640
9.17206
-13.74720
3.64820
-1.32519
0.57023
1.95019
5.93708
-0.56318
-1.71882
-3.79400
4.70128
-4.90060
-3.71024
-2.63210
-3.86357
7.39775
7.25586
-5.01896
2.33828
-4.10743
1.54819
0.50658
-1.82388
-1.43305
0.09689
-5.39567
-0.36893
-6.12636
0.53026
-0.74574
2.80622
-2.23559
2.51547
1.10995
6.44170
0.73418
-12.65736
-8.51401
5.03678
0.66486
0.85943
-1.63176
-1.06231
-4.46466
0.89416
-6.53990
-2.99419
-4.54269
-2.91789
-1.32867
7.82768
5.46717
1.13939
-0.49680
1.65102
1.80313
-2.50801
-3.76969
-3.01678
13.47875
12.34684
-2.08654
0.18236
5.97180
-7.44892
10.73130
-0.59067
2.48304
1.64805
4.15172
-3.45224
-1.51216
-8.82737
4.09131
-0.31909
0.56775
-0.22602
-10.17276
-3.92187
8.43198
4.62125
4.03163
-6.60597
8.14709
6.87286
4.67099
-0.59791
8.40374
4.63909
-0.29526
3.62275
-1.76328
-0.50165
-1.73598
-0.00743
2.03652
4.74488
2.15309
0.08923
-1.20202
7.47870
-11.97583
0.74156
-0.53213
-0.34707
0.93855
-6.65612
0.95819
4.64112
1.35053
-4.90018
-1.56514
1.05771
-1.26852
-3.75823
-3.49885
-1.08155
-8.22654
0.93626
5.62039
2.01756
4.22805
-0.86290
2.26383
-0.09522
-5.66098
-5.38334
-3.95261
1.23598
1.78483
-6.92549
2.44977
-7.90797
12.32594
-3.43737
-3.08146
-5.14395
-2.63214
-5.12183
0.22437
-2.24923
-7.37455
-3.24304
-0.45744
-0.29144
1.49317
0.84335
2.34350
8.36479
-1.82268
2.15747
-1.23543
-0.92616
-0.17568
0.69417
3.55581
4.45219
-3.05933
-2.12650
-2.17056
7.01638
-4.53580
-3.05120
4.14004
1.75491
2.93079
7.01697
3.38693
1.08588
3.60199
-9.61522
-0.79909
-1.33991
-3.18192
-7.77494
8.58451
9.63177
-2.40670
0.68232
2.23453
2.07634
8.66806
5.81715
1.98839
-5.19476
-1.49932
-2.58514
-2.48066
2.08193
10.01544
-5.43795
0.11112
-3.37261
-7.55093
-6.74699
-6.14898
-8.33015
9.45134
1.83882
-9.29956
-8.23822
-2.17702
-0.17912
-7.94355
-0.42896
-3.15144
1.01894
-4.98462
-4.48770
3.40342
1.79111
2.10745
7.75793
4.17757
-6.34268
4.05661
3.62634
4.52288
-12.68164
6.64883
1.86357
8.55801
-4.26199
-0.00558
3.95142
-9.55437
-12.42473
-4.99787
0.77483
-2.20863
-3.63274
4.52816
-4.03570
-5.11415
-2.82556
-3.89960
5.35895
3.84435
1.92454
-0.64471
1.38633
4.38916
-5.51239
-2.77395
2.54997
-8.75710
1.37818
2.46847
-4.75022
-2.69410
0.47116
6.05953
-10.61461
4.31131
-3.39636
3.18482
-11.39106
3.65342
-7.50013
-7.44193
6.62745
8.73665
0.69458
-5.11209
-0.21092
0.80453
-0.12557
2.06025
5.89994
-0.17845
-4.02573
-1.37928
11.62295
7.51425
-3.53603
-0.99761
-3.28599
-11.45981
6.95851
5.82907
-1.27942
-6.62520
1.31104
6.73500
-1.85497
2.38424
3.55400
-1.54473
6.54813
11.66866
3.52127
-0.42567
9.00854
3.92566
-1.13824
8.77447
-1.81882
4.60149
0.04733
-1.47969
0.69835
1.60334
0.11922
-0.53768
-0.41968
6.50147
-2.74369
7.34849
0.52773
2.93028
2.31788
12.90066
1.57062
-5.72767
6.88497
-3.20944
4.33394
1.83180
-5.10636
-3.89275
-0.44515
-3.91960
-15.57848
1.59280
1.79642
-1.93584
0.75304
4.39966
-3.59192
-2.50347
6.49896
9.79867
2.77476
6.71830
-1.83305
10.45812
-6.15467
-3.99184
6.48215
-5.09405
-3.30252
-3.17415
-3.03536
2.35086
7.72986
-5.42837
2.57368
0.90522
4.61508
-8.71829
5.10908
0.78505
2.09965
-3.62228
8.42108
-2.05309
0.51931
3.59884
-0.13698
2.48462
-7.67351
4.60997
-1.06899
-4.42036
0.24137
0.98613
7.44248
0.46644
-0.68738
3.22499
0.39959
7.89967
-5.08868
-1.19861
-7.42683
1.49699
2.79563
-0.24352
-3.64489
-5.74107
-1.69841
-2.13229
-8.47824
-10.48702
1.36862
-3.33923
-3.68467
1.54104
-1.11794
6.01038
-3.49648
-1.81470
-3.99244
-7.54271
-2.33691
4.36597
-3.61844
-1.07700
8.76947
1.10282
11.09710
1.57979
8.18894
2.41048
5.02040
-10.60552
2.22533
-6.23760
6.22715
3.40294
2.97998
-0.29299
9.06319
-0.99435
-8.61740
-7.83933
6.74368
-2.27966
0.18056
-7.52512
3.41754
-3.82794
-2.96033
5.95154
-0.62759
-0.59615
-0.48655
0.84818
-0.70143
-0.08520
3.99080
-0.41535
1.84103
4.88310
1.75791
3.33335
-1.77021
-2.96203
2.15436
-6.53267
3.15836
3.84616
-4.52359
-2.37687
1.77570
-2.57026
-1.25336
0.77240
-1.16553
-6.12665
-0.03875
1.42414
-3.31769
8.59495
-2.64018
-1.45957
2.63659
4.81437
-8.39263
-6.63771
-0.36092
0.69240
0.64174
-3.69744
-2.65146
-7.50081
-0.02247
6.68815
0.77012
4.93459
6.82007
1.43452
1.05151
-5.82135
5.93034
-1.11086
-2.67610
3.49893
7.44154
2.47561
-2.44545
0.78391
6.51271
2.70312
2.61103
-0.93669
4.83988
-2.39841
6.10381
12.92737
2.94618
-0.12735
0.55401
1.96244
4.20019
4.57209
-0.89263
2.58326
5.65315
-0.92230
11.40158
-4.27568
-9.97483
-3.27399
-4.02089
2.69415
3.23342
9.36161
-2.83943
-10.62717
-3.54264
-2.16884
-8.09618
5.18274
-0.06401
2.15900
-7.00552
5.84813
-2.80361
2.34799
-0.10454
-7.99476
4.50990
-0.84204
1.34110
-0.20899
-4.55493
0.10726
3.60094
-10.34082
-8.19009
-5.20266
10.13659
1.06781
-0.12425
-0.46572
11.84671
-5.91719
-6.67325
-5.49434
-2.50786
-1.93797
15.26206
-0.82546
-7.80178
5.11210
-8.48339
7.76266
-0.95895
2.08881
-10.15376
-3.87330
-5.40765
4.82641
-11.30844
-5.96534
-3.18283
0.19556
-3.76485
2.40492
3.07638
-3.10477
4.17431
2.46888
11.41135
-3.82968
6.62039
-9.93883
3.87657
8.69764
2.73288
0.22200
-2.69417
0.15284
-1.64272
2.46983
-1.06786
3.92860
2.64213
-1.94407
-3.84783
-0.15943
-0.46020
10.47712
1.00935
5.08271
-2.09886
3.09473
0.69963
-8.96245
0.81181
-0.20026
-6.60378
-5.36865
-1.37296
-6.54862
3.36268
-8.51811
1.87404
6.82173
-2.81789
-5.29330
1.47203
-7.39120
3.13878
1.96825
4.63550
3.73436
-3.77522
2.58650
0.33361
3.49423
-4.73617
-5.30984
-2.04475
-0.96474
3.45547
-8.98275
3.61355
-5.47296
-6.04252
3.53545
10.23962
-1.52267
3.13091
-5.09390
1.57457
-1.37556
11.85231
-1.73801
1.80041
0.44027
-1.19111
-8.74209
-9.06267
-2.20533
3.26592
4.96753
7.62907
-3.85503
-1.08607
2.21993
2.29244
-8.85294
3.17267
-5.97531
8.49258
-0.72094
7.68300
-0.02260
-1.89323
-4.73969
-1.10692
-2.81352
-2.65183
1.32684
5.01276
0.99326
0.88659
-4.80961
0.61708
-0.63871
7.32382
-0.08816
1.89156
-1.51379
3.55931
-2.58864
-0.23056
0.06820
8.27645
-0.23533
-0.76861
3.36301
1.05298
3.68499
8.88916
-4.19493
3.15310
7.51244
-5.54627
2.40694
-0.78901
-10.20342
-5.67123
4.52618
-5.09725
-7.44028
-0.80596
-1.81439
-2.22870
-2.62274
-3.48782
-4.15802
-4.15011
-7.37023
-2.67476
-4.12523
-5.40377
9.39278
6.38755
5.79280
-3.37849
-1.97889
-0.08120
2.71984
6.07431
-2.28940
-0.88275
-1.42077
-0.25663
2.32492
1.59899
-3.82184
-1.52870
4.08702
-2.30101
-12.36593
-2.83038
0.58157
0.90429
-0.55294
0.94510
4.61714
0.88392
-0.63462
0.73596
-2.69730
1.11482
0.74853
-5.62148
9.34189
-2.53781
-3.04204
-0.54610
-3.31560
0.14866
14.75901
2.77945
0.30195
2.31214
-6.08883
-1.87862
-2.06091
-1.35737
-0.83280
-3.67160
-2.22126
1.56767
-12.87138
5.60704
6.18421
-1.83217
7.34541
3.15845
2.82498
-3.10061
-5.61735
0.42124
-3.88019
10.04539
2.70904
1.17395
0.00957
-3.11833
-0.10821
6.77539
1.99827
0.30950
9.69407
4.51322
-1.44437
-1.27661
-17.59117
-2.18651
-3.14227
-11.39399
7.84905
-0.06855
-1.26919
1.52603
-0.59758
7.78699
3.75009
3.87454
-8.46841
0.84328
-5.66208
-0.43564
-2.62766
-6.74560
-1.61966
-3.89534
4.15774
-4.95331
7.21543
5.14623
-1.62838
-0.69741
-1.41684
0.94965
-4.50928
3.24526
-0.63176
0.58374
2.05273
-2.77218
-5.62240
-2.01855
-1.06063
-6.68036
1.02097
-0.34400
-11.82831
-13.41297
5.00898
3.29108
-0.47833
-0.86047
0.95399
1.59947
8.00591
4.04535
2.53235
4.24059
-5.40235
0.57243
8.20840
-3.08674
3.25010
0.94264
7.25214
-4.34289
2.97071
3.38761
6.37543
5.17921
-1.04957
9.79879
-9.39008
0.58565
-2.00202
-9.06646
-1.00543
0.35038
-1.25464
6.80673
5.93484
0.51951
1.01673
9.74648
-1.41409
-6.13942
-7.94179
3.99086
2.71426
7.18139
-2.14536
-2.62303
-10.68983
-5.92620
4.49744
8.76561
-4.98995
3.00822
-2.37056
-0.81329
-1.78785
0.19055
1.14754
-3.71338
5.19615
-7.76669
-0.95745
-1.74654
5.17755
0.13471
5.06511
2.59161
-5.49898
-1.39260
-1.67434
-0.81205
-4.39033
-0.56697
-1.08518
-4.49595
1.25179
-1.25320
6.57171
12.78392
-6.29232
-3.82590
3.51705
-1.15001
4.78305
10.19286
1.36508
-3.96738
5.33021
-14.66074
3.54144
-3.40329
-0.42026
-5.89891
-6.57831
11.48421
-0.58316
-1.45074
-6.49384
-3.36431
5.20596
1.41474
0.81764
5.61012
1.76329
-6.43718
3.44236
-4.13569
-0.21634
1.03140
6.31938
1.55735
9.99950
-11.62467
0.53795
1.20809
-10.44819
-3.69398
4.58896
6.93130
-3.06353
4.89863
-5.50746
-2.02172
-6.36639
-3.23683
13.74636
4.90536
1.69314
-2.34540
-1.88396
-0.46753
2.48089
1.69015
-0.23643
3.96180
-3.74010
-2.53767
-2.43111
1.37387
-3.84427
3.85693
-1.94872
4.52269
0.02395
-8.22683
6.34985
5.71349
0.86381
-10.21722
