-0.16764
-0.85256
0.37391
-1.73338
2.43435
-2.01489
2.16218
-0.87831
-2.14063
0.26254
0.74921
0.25418
2.50510
2.72727
-3.59377
-0.06402
0.16762
-1.46387
-0.34570
-1.67514
-0.53027
-1.28132
1.99223
2.54010
1.19734
0.21879
-1.42175
-1.65624
0.12052
-2.89446
0.34893
3.77727
-1.08880
-3.80497
1.93131
-1.71735
0.14205
0.60997
0.88845
-1.76482
-0.20657
-0.19334
1.04266
-1.44211
-1.58892
-0.29502
-0.46291
-0.05340
-1.20979
-0.95609
-2.04492
0.53975
0.56929
0.15669
-1.81509
-2.00876
-0.77679
-1.60769
1.04372
-1.42661
0.92099
-1.04889
2.68322
-3.33572
-1.10347
1.98771
-4.01659
2.32405
0.20913
2.82700
-0.15724
0.52682
-1.34009
0.17922
-0.54470
2.05674
-2.07755
1.02864
-0.34128
-0.25170
0.78087
0.31589
-0.38788
0.58559
0.25615
-0.79468
1.13436
0.95533
-0.88234
-1.75946
-2.13591
1.15666
-1.52802
-1.60000
-0.10757
1.13237
0.68815
-0.37671
0.98015
-0.05235
2.04758
1.37422
-4.12978
0.81529
-0.09941
0.05040
-2.77187
-0.03337
2.25986
-0.42473
-0.62652
0.86205
-0.82778
2.91037
0.71849
1.20810
1.18579
0.93411
-3.77485
1.12144
0.35878
-0.38868
0.16644
3.17404
-2.12991
-1.16449
-0.06535
-1.82331
0.18013
-2.33880
0.79084
-2.97037
-0.02457
-3.11263
-0.41164
0.36544
0.18305
-2.72683
-0.13506
2.69516
-0.15613
0.42083
-3.37930
-0.43265
-0.69073
-0.70501
-3.28842
0.35560
1.39219
0.41307
0.65179
0.33412
-1.75746
0.21481
-0.93384
-1.46877
-1.59794
2.06162
1.07197
1.51315
-0.25364
2.13916
-2.98397
-0.00049
-1.03974
-1.11758
-1.47615
-0.80676
-0.15770
2.19145
1.47675
1.38057
-0.18457
-0.80999
0.15221
1.00980
0.17000
3.58981
-1.20618
0.87309
-0.68067
-0.73100
0.03904
-1.53013
-1.70319
-1.56919
1.48399
-1.27336
-0.01087
-1.67864
1.19567
2.14412
1.16908
-2.77584
-1.32476
1.56183
0.69951
-0.48887
-2.32127
-1.78304
-5.27748
2.97253
4.78979
-1.28612
-2.46757
-3.59406
1.18565
-0.36656
2.28946
0.35142
1.83134
0.29433
-0.93298
1.73175
1.53783
-2.05292
1.04312
-0.36884
0.10140
1.17631
-0.17174
-0.10014
-1.61164
-1.71034
0.77098
0.13351
3.39674
2.87338
1.38660
-2.39641
-0.17064
-0.16569
-0.16946
4.05080
0.92261
-0.55783
1.70527
-1.16222
2.76661
0.24313
-0.57768
-0.08838
-0.04879
0.55258
-1.91854
2.04587
-1.24864
-1.81847
1.68562
1.53925
-2.52703
-0.42878
0.81006
-1.06346
3.33008
-1.87606
1.01300
0.74625
-0.98688
1.82678
-3.26282
-1.34363
-1.55199
-0.37983
-1.52656
1.56128
0.30894
0.57598
0.40931
-0.71382
0.06187
-0.33029
0.75309
-0.29816
-1.10602
-1.48319
0.40680
-0.34780
3.36739
-1.87113
-1.83135
-2.75875
-0.30920
1.20079
0.63024
-0.60935
-1.58940
0.72265
0.32403
-2.32263
-0.35277
1.01264
-0.54903
-0.85517
0.43838
-2.07310
-1.02795
-0.34065
1.37754
-0.22441
1.15581
0.63840
1.50434
-1.97295
0.98689
0.33072
-1.94375
-0.04273
-1.78009
1.48596
1.55362
-2.51164
-1.24732
1.88852
1.45580
-0.61705
-0.35497
1.36008
2.29913
-2.06559
-1.15887
0.97377
-0.04049
-0.96553
2.53362
-1.06541
1.79020
-0.70703
0.91036
2.73584
0.18333
2.07189
2.78624
-2.00770
-0.19770
3.53257
-1.41608
0.21945
-1.11944
-0.30172
-0.68021
-1.59576
2.43974
2.97584
0.04829
-0.86577
-0.82720
-1.44767
0.07103
-2.44675
2.01081
0.28441
0.94156
-1.05462
-3.52411
1.88647
3.36460
-1.81577
1.84170
2.05957
2.18746
-1.18217
2.31061
2.22248
1.63167
-4.60254
-0.02280
1.22638
-4.96426
1.96749
0.33719
0.21601
1.49730
1.10871
-1.23951
0.72697
-0.02817
2.53658
0.77044
1.29733
-0.20041
-3.63241
-1.15083
-0.53076
1.35155
-0.21111
0.10843
0.39125
-0.44561
-0.69034
0.46286
1.38903
-2.14456
-0.59262
-1.17650
-0.78904
0.88752
-1.30804
2.49241
-2.22352
-1.18684
1.45399
-1.12022
-1.65225
0.23944
0.88562
1.98864
-3.03135
0.82757
1.16661
-1.47895
-0.99417
0.60036
-1.01427
-0.26273
-2.50543
-0.60252
-0.81421
-2.88958
-0.79026
-0.41876
1.91017
1.18800
-1.54941
-1.67085
0.03284
0.51048
-0.02381
-1.11628
0.80957
-0.82412
-0.99477
0.70613
-4.21032
0.11715
2.83487
-1.07057
0.42390
0.73875
-0.50372
0.12881
0.99919
-0.12962
-2.84612
0.58096
0.38425
-1.88440
-1.60335
-0.38254
-1.19040
-1.07201
-1.92475
-0.05782
-4.63472
1.39010
-1.03211
-1.52200
2.08505
-1.68553
-0.59729
0.36432
1.10486
-1.03322
-1.79392
1.30633
-0.20857
0.25702
0.84305
-1.39055
-0.66532
1.21309
-0.58402
0.45805
-2.29879
2.28086
-0.61978
-1.53330
-0.06505
-0.13442
-0.52118
-0.16443
-1.26819
-1.97838
1.36372
-1.32599
-0.22844
-0.87288
-1.84513
1.47338
0.85117
1.18632
1.10227
2.63571
1.52149
0.55735
-1.09085
0.45015
-0.41034
-1.29257
2.71470
-0.46314
-3.04678
1.28321
-2.60699
-0.50898
1.56952
1.05854
-0.14842
1.22851
2.02774
-0.65601
1.23154
-1.22007
2.26492
2.88546
2.10117
0.11307
-0.88133
0.34714
0.93973
1.71870
1.13535
0.33462
0.71932
-1.28831
-2.28967
-0.42016
-2.56645
-1.00349
2.71631
-1.28201
-0.74812
-0.23457
1.71471
-1.67908
-1.26575
0.75388
2.23070
1.14146
-0.87432
-2.20234
0.40902
2.47569
-1.12203
3.27902
0.82370
-0.48737
-1.73983
4.03544
0.06855
-0.10840
-0.17505
-0.10411
3.54403
2.19548
-0.96712
-3.63953
2.68145
-0.10291
-0.49162
1.29834
0.14835
-0.56288
2.22334
-2.74791
-2.41323
1.45512
1.60395
-0.78549
1.05282
-0.26446
-1.41184
0.31366
2.38165
-1.50769
-1.52078
0.66642
-1.35469
-2.86639
-2.52261
3.10888
0.61151
-1.50222
-0.52220
-0.77078
1.43596
-1.22364
-1.22894
0.27762
-0.31225
0.56747
1.89060
-0.47331
-1.11377
-0.26753
1.41234
0.42274
0.33304
-0.72284
-3.36461
1.43497
0.16601
-1.18767
2.23719
-2.02902
0.94591
0.36862
-1.31564
1.21992
1.71727
-0.27903
-1.00714
-0.17990
1.41698
-0.12127
-2.35438
-1.82636
-0.47654
-0.30193
-0.58725
1.52322
0.83425
-0.77167
0.01520
-0.77527
0.03760
-0.81453
-2.41922
0.97292
-0.22445
-3.85954
-2.49788
0.21764
-0.88813
-1.26769
1.69228
-2.38022
-3.14231
1.90328
-0.95226
-0.18109
2.03809
-0.21617
1.77945
1.27339
-0.61916
1.24023
-0.48591
2.64469
0.10072
0.21199
-0.50672
-0.38854
0.43052
0.89328
-1.22401
-2.48832
0.41463
-2.66891
-0.86190
-2.98554
-1.47624
1.51599
-0.92530
0.19805
-0.45213
-3.05589
0.08244
-0.18846
1.00017
0.40136
-1.09465
-0.97905
0.47238
2.26168
1.01575
0.06033
1.70014
-0.96738
-1.47798
-0.73694
-0.25809
-1.58164
-0.53740
0.04542
-1.24762
-0.31711
0.45474
2.37414
-1.52703
1.45017
-1.51172
-2.35068
0.53355
0.67964
-1.71459
1.56925
-2.81941
1.36797
-0.43388
1.77177
0.36339
1.34860
-1.86019
-2.10807
0.20880
-0.33806
-0.97337
0.94742
2.52240
-2.38840
0.56634
0.11791
0.59990
0.91386
1.10936
-0.57700
-1.76021
-3.29151
-2.06658
0.78741
1.26422
0.70194
-1.53892
0.94396
1.93888
-3.24076
-0.54616
0.63802
2.72681
-0.49122
0.50042
3.22228
1.47388
-0.43749
-1.37742
0.67177
-0.88290
0.75342
1.40357
0.47556
-2.35144
1.60927
-0.06711
-0.46585
-1.08945
1.22124
-0.07466
1.03693
0.25618
1.23481
-0.81499
-0.44855
0.31098
-1.68137
1.99406
-0.91652
-0.74055
0.14186
0.62752
-1.47311
-0.47148
-0.13788
0.00420
-1.65185
-0.18270
-1.44847
2.16316
0.95383
-3.51142
1.29773
1.80091
-0.67512
-1.47873
-2.55380
-1.99862
0.84395
-0.51202
2.26053
-0.15256
1.19647
2.98052
1.20311
2.18224
0.21017
1.16432
0.03632
1.27749
1.10761
0.90628
-1.09555
0.85112
-1.49110
-1.97796
-0.65180
-1.25000
1.48575
1.20897
-3.98371
0.94423
0.64913
-0.72659
2.02975
-0.04717
1.89669
1.22780
0.60538
-0.52697
2.91289
-1.66825
-1.79953
1.30088
-0.58442
1.76836
-2.11281
0.55170
0.92407
-2.88752
1.22187
3.04346
0.33874
1.44021
2.16571
2.50627
-0.46453
-0.04948
4.22504
0.46662
-0.99819
0.00837
-0.49291
-2.57330
2.54421
0.13003
-0.43398
-0.49785
0.54768
-0.92413
1.51357
-3.02057
-4.55139
2.24552
-0.07453
0.83174
-0.25065
1.31520
1.85959
-1.09892
-1.16423
0.10289
-1.20827
-0.54540
-2.27485
-1.63637
0.71765
1.22654
0.73947
0.01047
-0.43548
-0.89295
-2.23829
-0.38708
-1.16260
1.28282
1.11440
0.11746
-0.64937
-2.41945
0.14680
0.71259
0.26768
-2.80166
-0.95264
0.76105
0.83991
-0.66324
-0.05554
0.95578
3.63661
1.57541
-1.08174
1.60801
-2.58465
-0.36137
1.33494
0.95049
1.28949
-1.38655
0.77409
-0.33432
-3.68644
-3.84651
-0.63944
0.49989
-2.96143
-0.51377
0.45928
1.07379
-0.94202
0.11429
0.85547
1.20639
0.71211
1.18477
0.13839
-0.28648
-2.13516
1.04340
0.30262
1.70920
-0.60784
0.77172
1.78756
-1.16982
-0.63429
3.62600
-0.15298
-1.29129
-0.04859
-1.80111
0.82854
1.34467
0.36524
-3.21470
0.52372
0.14085
3.81216
0.05367
0.75697
-2.07896
2.43372
1.83670
-0.15334
2.75781
0.96144
2.10526
-0.90819
-1.34641
2.03634
-0.66855
-2.18775
1.02863
-5.38154
-0.28836
-0.21089
-0.83981
-2.17048
-0.67481
-0.58687
-0.36184
-1.72263
0.79017
0.55336
-1.52640
-3.11007
-0.64730
-1.84640
-0.07547
-0.15814
1.05494
1.22041
-0.39701
1.32121
-1.82195
0.74802
0.24438
-1.06455
-0.48572
-0.34018
-0.30213
1.83965
1.22743
2.01668
-0.99281
0.49272
-1.68074
-0.69581
-0.30505
-0.51028
-0.58480
1.11910
-0.58287
0.39631
-0.69589
-1.50738
-0.25779
-0.39401
2.76810
-1.21188
-0.55178
3.93190
2.13475
-0.62464
1.65082
-1.78014
0.07878
-1.20189
-0.42160
2.34915
-0.11455
0.02223
-0.81549
-0.71942
2.49428
2.16789
0.78743
1.66550
-1.64055
-1.65440
1.49266
0.09610
-0.69654
2.49428
-0.75283
-0.29501
-1.75627
-0.47022
-1.38603
-1.10087
-0.67765
-3.28476
1.71157
1.93248
2.02907
0.83994
0.62192
-2.77994
2.49345
-1.32836
-1.68050
-0.96104
-0.16190
1.18943
1.51616
-0.42012
0.23722
3.19626
-0.41814
0.22857
4.63084
2.31920
2.40742
-1.52099
0.54331
3.01251
-0.54230
-1.49726
2.30940
4.38596
-0.46473
-0.42444
-1.15879
-0.15363
-0.02481
2.90069
1.39016
0.58176
0.51056
-2.16622
-0.35205
-1.39910
-1.48052
-0.78599
-1.67936
-0.13728
-0.46053
1.53389
0.49290
0.68136
1.08519
1.35627
-1.21924
1.63745
4.08918
-1.71239
-1.65752
-1.24194
0.17024
-2.11261
2.75773
-0.14739
1.83567
1.59749
-3.20384
-1.02510
-0.57333
3.25758
1.04125
-3.61978
1.57085
-1.85049
0.22256
-0.61498
0.25903
-0.76951
-1.01014
1.79687
-2.10066
-0.20983
2.04375
-2.31680
0.11096
0.16829
-2.14291
0.98460
1.37519
-0.06087
0.54127
0.77944
-0.82017
1.22191
-0.23675
-2.30623
0.50971
0.13177
-2.24853
-2.06206
1.54225
1.02035
-1.22694
-2.37395
-0.64314
-0.54241
1.00930
1.94884
-1.44723
-0.00707
-0.72325
0.33842
-1.30988
1.50583
0.12783
-0.08871
-1.24421
1.67690
2.31248
-0.93187
-1.35596
-4.39958
-0.50358
2.05918
0.50662
-2.43984
-0.54895
2.17535
0.05051
-0.23073
-0.25171
-0.19458
-0.64775
-2.12391
-1.10085
0.17512
-3.07879
-1.96919
-2.96253
0.67994
-0.37579
-0.52068
-1.62673
2.96069
0.70022
0.05512
-0.84174
0.11030
-0.93964
-1.13663
-1.10914
1.65466
1.10406
-2.49996
-0.01385
1.16891
0.25179
-0.71097
-1.18542
-1.68510
-3.44149
-0.51584
3.81871
2.17965
0.52435
1.19145
1.45559
-0.84194
1.21126
1.25969
-1.79336
0.84155
1.12564
0.39945
1.54821
2.47135
-1.28870
1.40933
1.25922
-0.45646
0.90755
-0.39543
-0.21262
2.47212
1.34060
-1.89489
-0.05343
-0.61100
-0.55651
1.48576
-1.60306
-1.08587
0.07225
-0.75257
-2.89875
0.28326
-0.21735
-0.09271
-0.44052
-3.51735
0.10619
-1.58164
1.47736
-0.55815
1.29113
-1.91925
1.54897
0.85180
1.81441
-1.50271
2.01661
2.43575
0.57112
-2.20391
0.43289
0.00413
-0.22730
1.71090
-1.04948
-2.64736
1.24388
1.58691
-0.23134
0.84714
0.65147
-0.15634
0.20019
-0.63868
-0.99773
0.93253
-0.18010
-1.93131
0.45617
0.42386
0.25032
1.03415
2.72687
-0.50796
-0.76992
1.98874
0.92222
-1.26426
0.52906
-0.11474
-3.10878
1.37115
1.68254
-0.26132
-0.27537
-0.80575
-0.82649
4.18833
0.43950
0.96279
-1.00976
0.14761
1.92858
2.67148
2.06202
0.60201
1.36023
2.81769
3.06390
0.20172
-0.76936
2.08742
-0.00694
0.24686
-1.10486
2.35087
0.88042
-0.85026
1.78819
1.83674
0.93871
1.64322
0.78332
-0.44944
1.59630
0.05332
-1.10471
-0.28189
0.63423
-0.14477
-0.00250
-0.62229
-0.18582
2.95237
-0.51401
-0.16050
0.04142
-0.14459
0.19486
1.61811
4.04059
1.69109
-1.93165
1.20142
0.75206
-0.54640
-2.74053
-2.09372
-0.47094
0.34019
-3.04982
1.00835
1.39556
1.60661
-1.00708
-0.30762
-4.43052
0.54385
0.19501
-0.73351
0.46976
-0.10374
1.15835
1.02341
1.53941
-0.90876
-1.57695
0.97741
-0.00050
0.82673
-0.08983
-0.81883
1.35282
-0.44600
0.71350
0.47005
-0.92792
2.40082
-2.85993
2.14854
1.72491
0.00248
-0.44942
2.61008
-0.17093
-1.21449
0.59824
-0.70217
0.50092
-1.56763
1.91971
1.67093
-1.89117
0.61807
-0.83646
0.61510
-0.08125
-1.31432
-0.76529
-0.50353
-0.22389
-0.08800
2.05561
3.14261
2.12120
1.00207
-0.34510
1.52263
1.12215
0.62522
-2.51892
-0.94774
4.06860
-0.68084
1.74289
-2.39932
-0.63959
1.30440
-0.41031
-0.10906
0.60125
4.60012
0.12071
-1.55238
-0.49122
-0.58381
2.65091
-2.48975
-0.83834
-1.14703
-0.14736
-1.00683
-3.88014
0.17305
-1.85029
1.23954
1.05610
1.24379
0.76157
0.34399
-0.50667
-0.84157
0.74608
0.42551
2.39549
-1.21213
0.80797
0.98045
0.66918
3.22858
0.09641
1.66543
-1.88228
-1.69457
0.41979
-0.90308
-0.69129
-4.89139
1.36228
-0.26743
0.06630
-0.19478
0.63164
-1.79736
-0.90751
-2.17337
1.43118
-0.48776
0.25556
-2.68248
0.72199
3.59570
0.65143
-0.77186
-2.06269
-0.66720
1.08276
-0.45488
-0.53620
1.80089
-0.49604
1.54825
0.17606
-1.05619
0.70805
0.84703
-2.12550
-0.87054
-1.95672
-0.13148
0.50858
2.18647
1.40745
0.15210
0.10913
-0.41374
-1.89561
-1.08666
0.58945
0.66797
1.63616
1.72065
1.72011
0.56776
0.76887
-2.18311
-0.12783
1.05516
0.48995
0.59904
1.14770
-0.39928
2.53804
1.93397
-0.20771
0.48126
-1.65541
2.58436
0.14309
-1.36342
0.21063
1.12109
1.12171
1.80791
-1.19989
-1.00340
0.03951
-0.56978
1.97189
-0.04425
0.84249
-2.86619
-2.59612
0.55933
1.30679
-0.20922
1.47667
-2.77470
-0.43577
-0.20895
2.69538
1.63690
-1.80410
-1.75713
1.72096
0.72856
-2.42097
0.53288
0.75229
0.83228
3.04949
-0.31786
-2.44096
-0.83436
0.74952
0.17887
-0.37268
-0.64456
-1.26560
-0.09339
-0.78759
-0.55847
2.70718
-1.50033
-1.55776
0.92021
-1.96248
-0.37148
-1.34008
-1.36952
-2.86930
0.86369
1.00626
1.24741
0.14796
-0.90647
0.89260
-2.88524
0.48925
-0.77992
2.73425
0.59641
2.47584
1.78160
3.27521
-0.09661
3.42124
-3.12756
2.25064
0.51748
0.30272
-3.22356
-2.20213
-1.04426
1.03800
1.88131
-1.52034
-0.75675
0.05145
-0.93922
0.30810
0.65530
-0.92241
1.13921
0.33563
-1.22040
-2.62147
1.49374
0.56934
-0.60413
-1.87623
2.71250
1.51430
-0.17512
2.06473
1.37026
1.19871
0.06201
2.43483
-4.57517
-0.88941
-0.52032
0.13257
2.40995
-2.29647
-1.33285
2.50812
0.68171
0.17868
2.11598
-1.89985
0.38745
-0.49722
-1.45235
-0.46020
-1.17540
-0.61677
-0.97162
-0.15960
-3.47733
1.35615
-0.18361
1.61923
1.19275
-0.00231
-0.66225
0.49092
-0.58759
-0.05859
0.34216
0.36962
0.27787
0.97316
-0.22453
-0.11587
0.07286
-2.41611
-0.14735
1.58971
1.29978
-1.26058
0.37519
-0.70895
0.56134
0.25638
-0.28573
0.34876
-0.67342
-1.87779
-2.36175
0.81966
-0.13377
0.45941
-3.32963
1.02547
-0.55526
-1.13482
-1.06188
0.52358
-0.73301
-1.00381
-0.61184
-0.11207
0.81891
-1.73537
0.72132
-1.63944
-0.78529
0.98730
0.74295
0.23902
0.76932
-2.47891
2.28928
0.12468
-1.44265
-0.12953
-1.78791
0.11883
-1.80298
1.81826
-0.96499
2.37962
0.66695
-0.30374
-2.43960
0.53445
-0.70508
1.60913
1.50449
0.75816
-0.74306
1.63513
0.92793
0.43051
1.55248
-1.06465
1.76825
-0.43419
-1.36093
-3.96592
4.02553
0.58258
2.82057
-1.30008
1.24772
-1.75567
-0.24155
-0.83512
0.35468
-1.24258
-2.99447
0.26459
0.76629
-0.81263
-0.65424
-1.50241
0.53070
0.89899
-0.82755
1.42425
0.21768
-3.22289
-1.53862
1.69106
1.09938
-1.50918
2.21990
-1.43792
0.70334
-0.31547
0.50797
-0.46128
-3.29896
-0.39379
0.87184
-0.66002
0.58071
1.75168
1.26198
-2.20240
1.22574
0.80421
-2.81502
3.43642
-4.21666
0.47365
0.02101
0.15634
0.56601
-0.10380
-3.43307
0.63236
-0.63055
-1.97454
-0.97085
-0.61353
-1.60749
-1.53791
-1.70805
-0.66427
1.73531
-0.48638
0.91096
-1.21759
3.38648
-0.42887
-0.25852
-2.24075
0.73810
-4.04815
1.69839
0.23193
0.53555
2.70527
-2.80888
0.80453
-1.33992
1.92301
1.73673
-1.36250
-0.35026
0.73818
2.35241
0.13546
-1.26935
0.59231
-0.08965
-0.10347
-3.52049
2.49332
-0.68406
-1.29518
-0.12445
-1.34120
-2.09397
1.12841
-1.83599
-0.69548
0.54835
-2.12906
-3.93794
0.85052
-3.92343
-0.12155
2.99859
-0.48485
-0.65276
2.05909
1.69486
-0.85074
-1.11620
0.40350
0.38514
-3.18508
2.49547
0.38478
1.39033
0.49565
-0.51576
-0.61985
0.89241
-0.79640
1.33884
4.78832
-0.77219
-1.79557
-1.46427
-1.67911
-1.26694
0.63645
0.16218
3.41189
1.61254
1.09359
2.03794
-1.29174
1.01534
3.93827
-1.71155
-2.59161
-0.50721
0.12545
-3.14543
-2.53921
1.49563
-0.70236
1.54257
2.42574
0.92956
-0.39283
0.08830
0.87457
-1.99390
-0.58321
-0.97156
2.81884
-2.74835
-0.19552
-4.93547
-1.43787
0.93931
-0.81789
2.64768
0.57318
-0.49527
0.39735
-1.43506
-0.15111
2.90586
-2.15659
0.97661
-2.60259
0.53955
-2.75481
0.74844
-1.23542
-0.56406
3.06249
-1.43883
-1.20710
2.46071
-0.61943
-1.30566
0.78278
0.37119
2.60787
-1.50555
0.97109
-2.70756
2.27248
0.89212
-3.01111
-3.46074
-0.35249
-2.13929
0.33984
-1.09087
-1.19525
1.53622
1.61898
0.55879
-0.39338
-0.69007
-1.46870
0.63776
0.60842
-1.16815
0.49091
-0.05413
-2.24409
2.61600
1.77125
0.20690
-0.83976
-2.92081
-0.45686
1.61779
1.90475
0.22805
2.06778
-0.93940
1.29987
-1.17825
1.62871
-1.14147
0.24095
-0.69463
0.91326
0.28610
1.13558
-0.12824
-1.32688
1.93494
-0.19097
-0.93676
0.73807
-1.75461
1.34287
-1.41308
-0.91338
1.15837
2.96625
-3.23946
0.28794
0.51187
0.69944
1.03653
0.11896
1.24868
1.54474
1.25571
-0.00503
0.38588
0.33761
-0.02225
2.54259
-1.97834
0.59960
-1.08832
1.29431
3.65804
-0.26114
-3.42295
1.07572
-0.96258
0.89645
2.65392
-0.44193
-0.97064
-0.24630
0.72763
-1.73770
-1.46938
-0.97052
1.59531
1.12318
-2.85578
-2.40949
0.49075
0.41147
0.57435
2.28332
-1.51551
0.06002
-1.32828
-1.75633
-1.63554
-2.67018
-0.53614
0.79020
0.64003
-1.26517
-0.15694
1.24624
1.37375
-1.12374
-0.58592
-2.06625
-1.56432
0.53963
-3.98359
-1.36002
-2.19429
2.01774
-0.93248
0.11823
-0.49639
-0.58901
-1.74225
-1.59984
-1.52579
1.76967
0.87705
-3.36599
2.20044
-0.72658
-2.82612
-0.92645
-0.79064
0.01497
-1.54386
0.56930
1.88005
-1.27883
1.64257
-0.44928
0.20848
1.02508
-0.21534
-1.96995
0.62866
-1.03308
1.05544
2.24285
2.30747
-0.31686
-0.86318
-4.27883
-0.30280
0.42663
0.43859
1.00325
-0.69865
1.15031
1.72761
-1.67372
1.59296
3.05738
-1.32696
2.83072
1.51834
2.03854
2.31840
-0.03726
1.76943
-1.17854
-2.43182
0.96050
-1.09052
-0.63449
-1.34982
1.61352
-1.82349
2.11156
-0.87891
0.32568
-0.44805
-1.95151
-1.63211
1.74515
-0.74320
0.61599
0.65193
0.80574
-0.75053
-1.85213
-0.77326
-0.84072
-2.97899
-0.20894
0.99028
1.68688
-0.86150
-1.94752
1.17737
0.36895
0.53483
1.37744
0.78179
0.52366
-0.58784
-0.62118
-0.99173
-1.54427
-1.24827
0.43209
1.56189
0.02187
-0.03753
-1.64120
1.17164
1.11212
-2.61105
0.50168
-1.68661
1.82799
1.15653
2.76537
0.29232
-2.45119
-0.70577
-1.89344
1.70405
0.96007
0.87349
-0.70375
2.82083
-2.39666
0.37923
-2.06308
0.22148
0.60971
-0.77765
-3.01997
-1.92290
-1.31461
-1.11314
2.21907
0.72239
1.56363
0.79496
-0.75710
-1.02757
-0.09573
-0.65067
-0.60982
-2.44185
0.71850
-0.99615
0.03221
-0.50030
0.25613
0.96237
1.11355
0.08187
0.49382
0.00738
-2.94518
3.36380
0.41352
0.21083
0.12915
2.52997
-0.84569
0.44327
2.22474
2.91934
1.65217
-0.95853
-0.98732
-1.69079
1.78893
-1.55316
2.69961
0.66148
0.79924
0.18029
0.62741
-0.39320
0.45616
0.20986
1.11182
-0.25920
-1.23808
2.23307
3.29603
-0.36861
-1.27252
-1.12021
-1.70198
0.20156
0.35865
-0.38437
-1.90570
-1.90640
-5.36324
-2.92240
-0.06295
0.56374
-1.34014
1.25354
-1.40822
0.87078
-0.04782
2.40128
2.01515
0.52958
0.93970
1.28099
1.66489
-1.08877
-1.37650
-0.17122
1.76846
4.30784
0.44445
-0.67841
-3.51862
0.85599
-2.11043
-0.23635
1.11363
-3.13537
-0.08480
0.50898
-0.76994
-0.98453
0.06372
0.44331
-0.73176
0.60218
0.71408
-0.33087
-1.84403
0.30568
0.33647
-0.14490
-4.52415
2.77047
-2.22092
2.59452
0.01087
0.41811
-1.12348
-1.49569
1.41844
0.41222
-2.34974
-1.58444
-0.72967
-0.35930
-0.58236
0.25134
-2.50131
1.82753
-1.08898
1.84049
-2.23605
0.61101
1.95907
0.02366
2.53297
1.36636
0.69439
-0.99072
1.28937
-0.23542
-0.39565
-2.08706
0.15899
-3.49650
1.82362
0.80259
-1.69388
0.64154
-2.93880
-0.64519
1.31542
0.98386
1.20272
0.71217
-2.94723
-1.13446
-0.75870
1.07865
1.69052
1.53460
-1.60007
1.55465
0.80175
1.64653
0.60452
-0.47274
-1.07627
-1.98547
1.74080
1.03874
0.33594
-1.79384
2.28133
1.75620
2.86637
-0.34591
1.68317
-2.92201
-0.17235
1.65120
-0.54445
-0.87890
-1.66283
-1.62025
-1.01075
-0.57042
-1.69431
4.04049
0.70451
1.67257
-0.49342
-0.84384
0.26964
0.83599
0.88422
0.36620
2.97572
-2.82599
-0.20641
-1.67170
4.06077
0.58525
2.19060
-3.40873
-1.45548
-2.20074
-1.13486
-0.33136
-1.16181
0.83697
0.82846
0.93432
-0.75031
0.03319
2.06810
-1.32902
-0.35709
-1.98839
2.27751
0.49248
-2.64379
-0.80795
1.48836
-3.13649
0.93989
-3.84957
-0.40774
1.38663
-1.39045
-0.36591
0.02291
2.02305
0.83288
1.90562
0.04231
1.73018
0.24314
-0.84021
-1.19312
-3.56166
0.67803
-0.78484
2.06860
0.90569
0.50800
-4.27866
0.01519
-1.07888
-0.34837
-0.76504
2.27410
1.19509
-0.64526
0.77727
-0.38827
-0.07850
-1.23068
-0.89395
1.73489
-2.68845
-0.66464
-0.70339
2.00731
1.82792
1.61423
-0.85118
0.32236
0.89620
2.77290
0.00814
-2.15023
2.04098
-0.47642
1.39261
-1.27501
-1.14118
-0.42849
0.58733
0.93817
0.09494
-2.02707
0.22443
-0.38398
-1.06224
0.91080
0.16652
0.44136
1.07685
0.32379
-0.17877
1.46652
-0.46751
-0.54848
-0.91702
2.01696
-1.47720
0.07388
1.00440
1.89014
1.38947
-0.81444
0.24245
0.74681
-0.14437
-1.75767
-0.93999
-0.49800
-1.27829
1.07539
-4.75664
-1.24679
0.50117
-1.89791
-2.42484
2.24832
-0.67261
1.35068
1.44889
-2.88797
0.98461
0.14180
1.85380
1.32195
-1.00850
1.66762
0.95150
0.23971
1.81754
-0.08380
-1.05593
-0.01377
-0.15195
-0.35755
2.57550
-3.08905
-0.86255
-0.67892
1.75870
3.04252
-0.62691
-0.62144
0.00303
-4.14504
-0.40047
-0.18717
0.73807
0.02980
0.54056
-1.73400
-0.54461
0.48540
0.42093
-0.17283
-0.94597
-3.64330
-0.17003
0.02202
-1.63042
-1.93505
-2.53717
-2.62057
-1.81960
0.23618
1.91563
1.39387
1.29543
-2.39434
-1.54607
3.45600
-1.72450
-0.93197
-2.58378
0.34098
1.11500
-0.09976
2.07342
0.85822
0.94765
0.51426
0.99217
3.14697
1.66241
3.70461
-2.36430
1.24107
-1.30085
-0.52552
-2.44460
-2.04705
-1.21275
-0.82463
-1.15156
2.59154
-0.82638
0.67715
-0.07686
2.08512
-1.41685
0.16025
-1.71222
-1.55846
0.79436
-1.23565
-0.46463
-0.95923
-1.03512
4.01892
-1.52989
-1.45384
-0.43759
-1.33843
1.51650
0.17554
1.55390
-1.77102
1.07116
-3.17385
-1.58908
1.73652
-0.94703
0.62532
-0.80349
0.00576
0.37784
-0.58415
-0.50970
-2.39579
-0.92893
1.37355
0.45009
1.85833
0.93282
-1.77859
0.16553
0.36457
0.55799
2.49699
-0.66945
0.82707
0.99283
0.35055
1.20548
-0.80398
1.07554
-0.77767
-1.08249
-0.75371
-0.59421
-1.69084
-0.86802
2.48604
0.15083
-0.13625
-0.46599
2.13990
-0.63897
-0.23502
-1.88871
0.80908
-1.12380
2.96213
2.86984
-0.13374
-4.32539
-1.68166
0.75287
-0.10213
0.23331
-0.34486
0.73406
1.53559
-1.88862
1.47644
-1.34691
1.28946
3.59097
1.20606
1.08624
-1.85620
-1.55753
1.66067
-1.23149
2.68346
1.69366
-1.30813
-2.99950
2.19059
-2.39852
1.83411
-0.38321
-2.96938
1.76244
2.00666
-0.97288
-0.71112
-0.18294
2.04963
0.56655
0.26247
-2.29932
1.00983
1.51021
0.04656
1.05162
3.24421
-1.55122
2.37601
0.35003
-1.05719
1.55887
0.40244
0.47600
-1.76192
0.16275
-1.43421
-0.42807
-0.80284
1.95059
-2.78686
0.44094
-0.53612
0.43926
3.29895
-1.17629
-0.72387
0.92574
-0.08034
0.19764
0.46479
1.25734
0.41755
2.06229
-0.07211
1.15998
2.38515
-1.87272
-1.66034
0.01190
-0.20174
0.56335
4.08304
2.44844
0.25081
3.21741
-2.12684
-1.36034
0.00927
0.32697
-0.43203
0.10059
0.58029
-0.99933
1.84280
-0.88090
1.53041
3.29401
-1.46485
1.11736
-2.23806
-0.58793
-0.05976
1.44601
-0.30352
0.27557
-0.55004
-1.37098
3.86069
2.34053
0.42815
-1.79952
1.94700
-0.95649
1.69745
-0.66759
-2.48523
0.92144
0.21075
1.14005
0.37752
-1.12290
0.19366
0.89565
-0.80643
-2.93869
-0.46756
2.93785
1.23522
0.68462
-2.33868
-0.20940
-1.18691
2.16517
0.78701
2.46375
-3.84097
-3.40451
0.06959
-0.64615
1.54921
0.80791
-0.00515
1.22816
0.63572
-2.23152
-0.06124
-1.84498
1.32174
0.29868
-3.62845
0.44037
-1.90448
1.20811
2.42478
-0.02190
-0.43159
1.66706
2.74761
0.87552
0.59800
-0.52067
2.75398
0.13138
0.72435
0.97416
-1.01551
2.93854
1.58612
0.06336
1.41629
1.44013
0.46815
-0.32553
-0.01088
0.74011
-0.00670
2.24796
-2.11960
0.62134
0.66028
-5.25728
1.67578
-1.05421
-0.32507
-3.11321
-0.73344
0.41723
-0.90870
0.51498
1.30364
0.11650
-0.87683
0.02309
0.43233
1.14346
-0.84585
-0.63381
0.76946
-2.93806
-1.40505
-0.42774
-0.84469
1.11235
0.12393
-2.49124
1.91626
-0.18951
-1.60464
0.95336
-0.63345
-0.79021
-0.90485
1.78792
2.17878
1.08547
0.63941
0.19569
0.49177
2.80225
-1.51247
0.45536
-1.60240
0.68798
1.08082
-2.32838
-2.16563
0.42588
1.55701
-0.97985
-0.03523
-1.34994
0.81069
0.94672
-1.52396
-3.03128
1.59297
-0.16481
0.67060
-1.50150
1.20734
1.36626
0.50574
-0.19480
-1.31852
-1.29650
0.01539
-0.28118
0.72659
-0.57498
2.75457
0.73993
-0.42601
0.67071
-2.79139
0.05103
0.87903
-0.62991
-0.85156
-0.86154
-0.02188
-1.17422
0.38488
1.35469
-0.48241
0.68850
-1.36924
-2.78380
-0.67531
-1.02611
1.65384
3.13377
0.47813
-1.80420
0.37783
1.97675
-0.70627
1.17856
-0.91112
-2.30889
-2.37242
0.83007
3.15652
1.18517
1.93793
0.68669
-2.68088
-2.96730
0.10784
-0.03567
5.00931
0.70863
-0.69019
1.05079
0.61512
-2.10053
0.12917
0.83963
3.55729
-0.20527
1.05157
-0.26973
-0.89130
2.72153
-0.26308
1.18026
3.47851
0.27123
3.54803
-3.56409
2.72649
2.52664
0.86496
1.26129
1.11873
-1.56062
-2.64630
-1.78786
-3.22545
1.37626
-0.13343
0.46306
-0.57733
-3.29146
-0.60555
2.57950
0.56991
-1.36765
-0.02254
0.64220
-0.81187
-4.16896
0.25262
-0.20767
0.78430
-1.12215
-2.42108
-0.03308
-1.36232
-0.68324
2.22392
-1.03099
-1.98984
0.11508
0.37951
-0.87873
0.24929
-0.06545
0.61833
-0.90287
-1.82632
0.52125
-2.12987
1.66064
-0.20433
2.84330
-3.05286
-2.24613
0.06254
3.41968
2.94181
4.12621
-1.38896
-0.98018
1.61199
0.30841
0.59154
2.91096
1.92171
0.17640
-4.27041
2.35595
-1.02799
1.74828
-0.37979
-2.20315
-3.35296
-0.76893
2.97995
1.35152
-2.54453
-1.29720
1.73051
0.82326
-0.73319
2.51804
-1.30607
-0.66899
2.52686
-2.74642
-0.45715
1.90211
1.89274
1.35837
-0.80747
-0.02281
1.30918
1.08923
-1.32760
0.47142
0.47578
-0.84883
3.65743
-1.55188
-0.93171
-1.40157
0.70743
-0.53055
1.41745
-2.06786
-4.90239
-0.93767
-1.41453
-0.56848
2.90053
2.38476
0.44298
-1.35995
-1.10593
-0.18362
-1.77210
0.56100
-1.34542
0.23975
3.28295
0.88376
-0.70625
-1.42419
0.42648
-0.21665
-1.56202
-2.09823
-2.73999
-1.63204
1.04503
1.41325
-3.50414
2.10165
-1.03516
-0.53273
-1.20896
2.32979
-0.21782
-0.21201
1.71469
-0.07130
-0.27340
2.67474
0.58743
-1.57914
-0.86797
1.34490
-0.94997
-0.99984
2.45066
-1.08734
2.00221
-0.40520
-0.12794
-0.93454
0.45847
0.49190
0.89288
2.12608
0.50255
-1.80567
-3.24117
-1.25770
-2.09155
1.53168
1.02919
-0.20255
0.23233
0.82701
0.44061
3.93619
-0.47084
-0.22711
-2.69030
0.23278
-3.06925
-2.38227
0.33481
-1.05394
1.79848
1.53080
-1.20849
2.08584
-2.75140
1.49973
1.03702
0.70228
3.93691
-2.66762
1.67309
-0.84536
-5.07656
-1.15945
0.29756
1.81351
-0.06393
2.79805
-0.01045
0.94601
0.25905
2.31687
-0.55592
-2.00176
-1.44356
-3.36947
1.91000
1.65922
-1.33822
1.15392
-0.74611
-0.64726
1.22310
2.83397
-0.11101
0.88055
0.68295
-1.67715
-1.59069
0.31954
0.98143
2.22368
-1.31567
-0.60340
-0.47961
1.37040
0.12907
2.73233
-1.01246
0.41015
2.71022
-1.00152
-1.83740
-0.04497
-1.53383
0.77525
-0.16384
-1.63107
2.87886
-1.30260
-1.67625
-0.58630
-0.59264
3.95510
1.10267
0.40033
0.73162
0.27302
-0.02479
-1.12037
-1.97639
2.11996
-0.35028
0.70608
-1.22788
2.28167
1.25363
-0.16845
1.56452
-3.08929
-1.42374
-0.59530
0.98821
1.49501
2.02197
-0.51188
-0.56406
-3.10681
-1.41575
0.80365
-0.98204
-3.86028
0.48618
0.12176
-1.57610
0.22835
3.81395
0.50423
0.35547
-0.49559
0.57268
2.45117
-1.01344
1.07310
0.43495
-1.07470
0.60507
-0.95708
0.36506
2.42515
-1.52391
0.73997
0.11803
-0.09993
0.67140
-0.93621
-0.98346
1.32767
-2.07661
-1.14293
0.09820
-2.64708
-0.71414
-0.35386
-0.96895
-0.42082
-0.35470
1.96697
1.19582
-1.23876
3.33695
-0.21159
-0.93651
1.15144
-2.90431
0.94745
0.52318
-0.71364
0.70799
-3.82896
-0.39505
-0.73453
1.21997
0.35552
0.00073
-1.38356
-0.43026
-0.38428
-1.61792
1.22098
-1.10924
-2.69211
2.47336
-0.92485
-1.45311
-0.51642
-0.65480
1.63619
-0.46559
0.72183
-1.46478
-1.38336
0.17626
-2.24476
0.07688
2.03025
0.91741
0.24016
-0.76551
-1.65838
-1.35469
-0.06838
0.31233
1.86997
1.68157
-1.66212
-0.44392
-1.88067
-0.79311
0.20357
-1.00413
-0.28113
0.34947
1.66627
-0.30405
2.12102
0.55189
0.79739
0.81778
0.42293
0.38565
-0.07510
1.72517
1.62811
-0.47849
0.67141
-1.52814
-0.39340
4.97076
2.54786
-2.76307
-0.15078
-0.57021
0.95960
1.71134
-0.95043
1.34885
1.85146
0.16562
-1.63604
-0.89295
-1.33905
-1.32934
-1.39901
0.87548
-0.37717
0.07369
1.80956
-0.03096
-0.28739
0.05112
-1.65092
0.79295
2.70489
1.47582
-0.35283
0.13891
-0.73423
-1.73699
2.03922
-0.37034
-1.78581
-1.62806
2.81388
0.41946
0.51535
1.21622
0.64128
1.39192
2.00783
0.54273
0.83922
2.16716
-0.21818
-0.67666
-0.51013
1.35422
1.31799
-1.64333
-0.46144
1.38776
3.23574
0.99353
0.58695
-1.45872
-1.51745
1.29949
0.70297
-0.95638
0.48279
-0.21697
-0.91067
-0.39777
-3.13453
-2.44038
-1.81726
-1.74732
1.10185
-1.69797
0.28843
-0.65845
0.95380
-1.78217
-1.08541
1.46161
-1.30582
1.83460
1.96753
0.73341
-3.44736
1.51958
-0.35715
1.93997
-0.61927
1.81500
-1.03135
-0.92573
1.08549
-1.35254
-2.17114
1.31178
0.16813
1.09780
-0.79411
4.10634
2.11381
-0.74846
3.23817
-2.60273
1.39894
-1.32114
-0.81047
-0.66969
0.52434
3.38706
0.66796
1.84807
0.95100
0.65384
2.04880
0.94499
1.03099
1.55198
-0.56270
-1.01716
2.32065
-0.65139
-0.74641
2.89761
-1.45924
0.20569
1.66734
0.04060
-0.90683
2.40514
0.09848
1.43538
0.94980
2.97999
-1.37735
-1.69876
-0.09000
-1.31850
-2.52106
-0.42041
-1.42352
-0.05722
1.85616
0.38471
-1.27329
2.26169
1.95542
0.28196
0.51714
-0.49682
-0.05489
-0.93884
-1.89037
-1.66197
-3.07020
1.95860
-1.90915
0.59587
0.06338
-3.12285
-1.47477
-0.35106
-0.52847
0.10975
0.14022
-0.62802
-1.21721
-0.74128
-0.72867
4.22645
0.01246
-1.48353
-1.15118
0.19138
2.26731
2.71922
5.89099
0.67480
0.64554
0.23015
-0.49144
-1.84058
-1.34606
-0.43391
1.68361
-1.02453
0.44761
-0.49399
-1.01208
-0.62018
4.82171
-0.31294
-0.30782
-1.38384
-1.30576
0.25462
-1.16224
-0.08038
1.66771
-2.71764
0.28644
-1.43045
-1.86917
3.19771
-2.17432
1.84553
1.79238
-0.43823
1.29755
-0.35721
0.86133
0.50736
-0.43271
0.55678
0.45032
-3.12317
0.73490
0.29376
1.52853
-1.00876
0.97571
-1.30879
-1.57290
-0.36254
-0.37168
0.66461
0.41226
2.03863
-1.07432
2.47582
-0.86939
1.42745
1.33014
-0.70223
-1.73376
-0.78035
-1.70340
2.57569
-0.59576
-0.78607
-2.49517
-2.50895
-2.41061
0.69760
0.99828
-0.01036
-0.65581
3.41372
1.71764
0.09221
0.39547
0.19980
-0.23276
-0.00055
-1.04216
-4.18305
-1.88029
0.78830
0.10897
-2.09934
-2.80901
0.37314
-2.23906
-0.14431
-0.55025
0.04788
2.72382
-0.16599
1.16799
-2.41930
-0.28244
-2.26306
-2.11032
2.35703
-0.82776
-0.86309
-0.93887
-0.91460
-0.75592
-1.98792
0.17481
-0.46633
0.04091
-1.71299
0.54632
-0.78242
3.22963
1.41878
-1.79225
-3.73206
-3.42575
1.09540
-1.43938
0.45511
0.01557
1.38983
1.82376
-1.18157
-0.96957
1.08524
-0.79242
1.44871
2.20789
-1.31891
-0.62797
0.86434
0.72339
-0.42018
-0.72659
-1.91441
-3.70350
1.49151
0.96028
-0.00529
-0.57595
0.93447
-2.57885
0.17304
-1.72661
3.15253
-0.45981
-0.91418
0.86865
1.02005
-0.13348
-1.36433
1.59734
-1.84449
0.46672
0.43366
-2.55728
-1.89317
-1.83068
0.70837
-0.59533
-0.74903
-0.48354
2.12585
-3.62906
-4.26381
4.45336
-2.72483
-0.71723
0.07859
-0.05783
-1.04769
-0.87470
2.35299
5.17198
-0.29952
-2.11331
-1.76487
-3.52953
-0.72027
-0.01442
0.89811
1.06386
-0.65300
0.85550
0.86413
-2.57378
1.37132
-2.32889
-1.66819
0.13226
-1.85993
0.83546
-0.98170
-0.76857
-1.29748
-1.29439
-2.00317
-0.63109
1.38211
-2.07668
1.55944
1.25621
-2.02272
0.83612
2.54986
1.55537
3.62637
1.93343
0.87535
-0.58411
0.81932
-1.40794
1.22172
0.46074
0.28275
-0.43261
-0.19749
1.62436
3.34852
-0.66250
0.45980
3.92565
-0.40976
-1.89268
-1.15084
-0.22832
-0.75197
0.90204
0.95008
1.36192
-1.98001
0.04826
-2.79764
1.05993
-1.11603
1.78111
-1.34941
1.81162
0.91912
0.31958
-1.00176
0.46041
2.66041
2.50038
-1.89696
2.17492
-1.72117
1.87591
-0.66171
-4.00675
-1.43868
1.19729
0.39264
-0.10465
-3.09401
-2.52496
3.14903
-0.29104
1.89246
-0.74322
-1.29878
1.91247
0.76086
-0.07957
-0.11907
-2.06075
-0.56322
-0.81943
0.33736
2.62261
0.09794
-3.12471
3.00439
-0.77499
-0.34453
-2.66078
-1.72394
-3.83616
-0.97285
0.53251
-0.12536
0.90781
0.02732
-1.06499
-0.84007
1.05986
0.54547
2.00076
-0.81677
-0.81750
1.41235
2.58576
0.13927
1.88149
0.99937
1.39612
2.02452
-0.82577
-0.12804
1.09055
0.00520
0.98740
-1.45350
1.38453
0.57533
1.26266
2.70756
-1.32021
0.32545
2.14773
-0.55736
0.43730
-2.06485
-1.28167
-0.55750
-0.84660
5.22689
2.45182
-0.50089
-1.27265
1.68351
1.93879
0.34569
3.29641
-0.21299
-0.78577
-0.30688
-1.45454
-0.23141
0.35705
4.57398
-1.66965
-0.62504
-1.47025
0.37866
-2.14878
1.53002
-0.00336
1.26680
-0.54418
1.47397
-1.60646
0.26183
0.44362
0.26905
1.01632
0.15751
-2.74553
2.19864
1.02434
-3.55818
-0.14753
1.05345
1.49870
-0.20117
-1.09012
-0.09850
-1.53331
-1.49725
0.55274
1.03539
0.12836
-0.47087
0.48633
3.92940
-0.71669
0.83576
0.84456
0.08250
-1.69696
2.85306
0.66924
2.27307
-3.23426
-0.08795
-1.17975
-1.34137
-1.59458
-0.97212
-0.06998
0.51436
0.03390
-0.74551
0.39473
0.02334
-1.37846
2.10148
1.67760
1.25748
-0.03568
0.62366
-1.51282
-0.98586
-2.19515
-1.78452
-1.39003
2.15856
2.07093
-0.37321
2.37631
-0.83133
0.89811
-1.73677
1.81766
0.45737
-1.19268
0.33293
0.12417
-0.12848
-1.34594
0.47823
-2.59363
0.96264
0.45396
-1.54696
0.74746
-2.19359
-1.16330
-0.18626
1.26008
-2.42556
2.91616
1.34181
-0.34966
1.56431
1.00008
-0.56448
-1.28426
-3.98143
1.51086
-2.33023
0.80910
3.58664
0.27320
3.32008
-0.81018
0.18215
-1.14011
0.53418
-1.80666
2.30795
-1.22102
0.18935
2.27891
-0.02869
-0.90428
0.09101
3.64414
0.69226
-0.29324
2.92546
-2.39744
0.32068
-0.76456
-0.89647
-1.03211
1.17034
0.40533
0.62421
1.35365
0.46015
0.98020
-0.30250
2.06278
0.31357
-2.63941
-0.40068
-2.54992
0.93341
2.35070
0.82939
0.90568
0.00850
-0.16054
0.38914
-1.23930
1.06049
1.13204
-1.08237
0.47156
0.86086
1.82120
2.33610
2.49947
-1.93505
1.10845
2.13805
-0.28324
-2.56443
-1.24781
-0.77337
-0.83527
-0.60575
-5.69366
-0.12228
-0.54366
-4.43438
-3.87198
3.44173
0.89402
-0.39208
-1.72672
0.19267
1.46055
-1.36938
-0.50499
-2.31725
-3.58795
-1.91988
0.20562
-0.48094
1.40978
1.56798
0.80550
3.07204
-0.57759
-2.03389
-0.83755
0.07904
-0.29149
-1.88968
-2.48955
3.11245
-0.19640
2.24875
0.41548
1.46383
0.29290
1.57698
1.90244
-1.73441
0.36039
1.99954
-1.32462
2.01756
-1.23596
-0.86317
-1.02190
-1.25626
-1.75069
-0.79603
0.26380
1.57151
0.73087
2.90954
-1.25502
1.32594
0.18371
2.22758
-0.48389
-0.75621
0.26221
-0.78302
-0.61962
-1.22373
-1.54128
-0.70318
2.12065
-0.98328
-0.26178
-2.64232
2.15927
-1.71664
1.25067
-1.50424
0.36115
1.70792
-1.77948
0.24191
-1.53178
0.78215
-0.80399
-2.51732
0.59958
-1.90877
-1.49475
-1.24485
3.51701
-0.03146
-0.63013
0.58400
1.97287
0.65431
0.36890
-2.96365
-0.19685
-0.16182
-1.87439
-0.93914
-0.02587
-1.38238
0.77955
-2.80307
-5.57844
-0.35670
0.82407
3.10132
-1.64818
-1.28249
-1.02145
0.34573
2.64762
0.64849
-1.55452
2.51237
-0.73352
2.05360
0.73444
-0.20275
2.72183
2.49042
-1.77386
0.88712
0.38449
0.53205
-0.20093
0.44550
-3.23075
1.21920
1.96884
-0.37805
-0.53426
-0.78634
2.64849
-0.94266
-0.84028
1.62627
3.61354
2.59283
-0.91196
0.35247
-0.19003
-0.18858
-1.62824
-0.47888
1.40893
1.77277
-1.76193
-0.04013
-0.80334
1.87727
-2.76327
2.62369
0.91173
1.96646
0.51249
-0.28193
-2.01056
-1.66272
1.07781
-1.56651
-2.01066
1.63538
1.92145
-1.21423
0.30186
2.10715
-1.23694
2.02533
-0.19860
0.22840
0.09303
1.04406
2.21043
2.21862
1.87766
0.71299
-2.17682
-1.58908
0.31990
-1.25289
1.27963
-0.92526
2.43366
-1.77440
-2.19444
2.76656
0.01097
1.55865
1.50013
-0.15839
-1.74586
-1.69267
-0.63615
1.69696
0.73533
1.92695
-2.18137
0.00761
0.66364
-0.28830
0.20694
1.27477
-0.87310
-4.43868
-2.41257
-0.26471
1.11921
1.88055
1.12440
-0.42728
0.76737
0.17561
-1.70086
-0.48425
-0.09036
-2.55556
-0.08128
1.03488
-1.76136
-1.84088
-0.76386
-0.06591
-1.89024
2.40489
0.12545
-0.29528
-4.06328
-0.64745
-1.96233
0.84824
1.28820
-0.24366
1.80050
-0.03366
0.96358
2.27019
-0.59603
2.21377
1.17512
1.46021
-2.68808
-0.76787
1.51943
2.52178
-0.96913
-0.60947
-0.10343
-1.11496
-0.69181
1.78056
0.08433
1.16215
-0.69852
-0.78724
2.59424
1.70472
-1.16089
0.86637
1.96093
-0.18579
-0.89044
0.77288
-1.33284
-0.92852
-2.25358
2.32950
0.22882
-1.94460
-0.10584
4.36759
0.93396
-1.14327
-1.96580
-0.12497
-0.54874
-0.41294
1.42110
-0.23333
-2.52410
-1.04254
-1.44277
1.56685
1.00847
-1.40224
1.55167
0.17263
-2.61062
-4.83139
-1.02725
-0.41569
2.48089
0.33268
2.34952
-0.57559
2.25343
-1.36289
-1.71806
0.37269
0.66394
-1.88171
0.57115
2.19613
-0.71231
-0.14872
-0.35584
-0.59492
-0.51008
-1.23361
1.51914
-1.66600
3.47246
-0.45035
1.75136
2.85987
0.32553
3.63464
1.47621
0.07195
1.87544
1.44063
-0.70700
0.88577
2.69097
-2.65255
-0.95944
0.45809
0.93274
-2.55760
1.31751
1.24391
1.43604
-0.49162
0.48276
1.12069
-0.20550
2.82725
-0.04229
1.03964
1.12917
-2.39375
2.68472
-1.31280
-1.31422
0.81645
0.20605
-0.75650
0.94303
2.19392
1.07836
0.33420
-1.13210
-1.37982
-1.90118
1.20345
2.82027
-2.43624
-0.57444
3.57771
-1.16183
-1.23265
-2.24861
2.43427
0.75199
2.28302
0.46072
-0.12827
-0.42060
1.23461
-1.73537
2.14603
0.50964
-1.25463
1.83715
0.20173
1.07756
0.88541
-2.99864
0.39476
0.65657
0.97800
-0.91085
-0.82212
0.29242
1.08683
1.84665
0.88388
2.61056
-1.14793
0.99737
0.83682
2.14596
2.21106
2.01460
1.66447
1.35011
-2.62553
-0.76185
2.15160
-0.90313
-2.43323
0.19566
-0.01237
-0.87561
0.92352
1.20686
1.24946
0.49410
-0.39165
1.01644
-0.47453
-1.36991
2.09936
0.93761
-1.74437
1.42532
1.08058
-1.70655
0.83998
-0.92079
-0.25926
-0.78983
0.16425
0.12127
-1.84380
0.49110
0.45821
-3.07587
1.70632
1.32762
0.79446
0.10231
-0.30543
-1.32239
0.63332
0.50568
-1.58632
-3.13685
-0.16566
-3.14070
1.21681
0.63424
-1.08753
-1.15466
-1.51881
1.73772
-4.18886
-1.69477
-0.34477
-1.09405
0.40875
2.89440
0.96652
0.73290
1.68749
-0.73930
3.03582
4.77105
0.13520
0.38484
0.61772
-0.87179
0.71533
3.20537
0.65935
0.09300
0.45308
-0.26987
0.09916
1.90303
3.00201
0.14481
1.15824
-3.53884
0.67036
-0.21651
2.22622
1.56319
3.34439
-1.24621
-0.25965
-0.97531
-1.70172
0.38440
-0.33222
-2.72333
1.56147
-1.68955
-0.75805
-1.08873
0.75495
-0.09458
-2.88569
-3.03115
-1.65583
0.09767
-1.07020
-1.96654
-2.58314
-2.64603
-2.63907
1.99155
1.38316
-1.56396
-0.40115
0.27346
-0.10165
0.22044
-0.58116
0.28059
0.03859
-1.74041
-0.74513
0.04180
-0.04520
1.71334
-1.56199
-0.60113
0.65731
0.09030
-0.88156
2.48685
-0.43100
0.25000
-0.89269
1.96550
0.48096
0.96615
-1.48921
2.29045
0.56722
-1.43559
1.04164
2.19291
1.02327
-0.73683
-1.54586
0.63175
-0.37707
-1.74071
-1.96577
-0.00603
0.47526
-3.29439
-2.04665
1.84012
0.52813
1.61237
-1.38141
2.05471
-2.40579
-0.34534
1.08075
1.19927
-1.99285
2.19856
1.63046
-0.43726
-0.91160
-2.17014
-0.53944
-0.02641
-0.18938
0.87606
0.48778
-1.08271
-1.19210
-0.75014
-1.65070
-1.99476
-3.35266
0.93393
-0.58089
1.21372
0.28713
1.21213
0.26660
3.53859
-2.01103
0.86570
-0.72730
-2.52566
-0.86530
1.47613
1.95282
-4.28450
-0.39542
1.64263
-1.74609
1.34346
-0.62597
2.14689
2.71126
0.79513
0.84135
-2.34094
-0.79299
-0.02333
2.87676
2.11394
2.02351
2.17973
1.67969
-1.11184
1.54747
-1.02010
1.30370
-0.06810
0.78639
2.05976
0.46241
1.00360
-1.87061
0.54306
0.29856
0.17472
-1.50471
-0.04572
0.34317
1.11665
-0.16329
0.02965
0.83462
-2.01369
0.95657
1.24046
-0.11379
-0.61992
-0.09253
0.52727
-1.38271
1.57259
-1.58238
0.75388
-2.30263
0.01984
-0.58212
-0.44011
-2.25110
-0.34238
0.10936
-0.06319
-1.31309
-0.19440
-0.56530
1.09638
-0.42039
-2.29254
1.04362
-0.79064
0.32486
-4.09187
-0.74628
1.22356
-1.38447
1.01251
-2.64608
-1.25877
-0.41029
0.93660
0.41937
0.55363
0.45495
-0.25611
-3.14516
-0.94093
3.30754
0.74993
-1.56104
2.02969
0.24730
1.41521
-0.13858
-0.11595
1.07151
-0.28136
1.43880
1.90094
-3.02731
1.48066
3.40232
-0.64261
-1.18749
1.36344
0.18770
-1.04811
1.66827
0.69505
0.38995
-0.58945
3.00232
1.86129
2.32000
-1.52803
1.22912
2.54950
1.38820
0.21940
1.54914
-0.66299
-2.24031
-0.70893
1.24956
-0.59845
-0.86314
-1.71240
-0.08289
-1.40592
-1.72333
-0.26929
-0.66465
1.07279
0.99645
-1.46070
-0.20554
-1.60565
0.14788
-1.77870
0.49151
2.55910
-3.25927
1.00687
-1.35955
-0.33709
1.98636
1.27226
-0.05518
-0.12769
-1.00283
-1.10725
-2.05753
1.19668
-0.31991
-0.26434
0.04053
0.63426
-1.44855
-0.04095
0.96155
-1.88230
-0.00592
-2.52979
-0.77312
0.76072
3.30859
0.79954
-0.42059
0.86914
0.27683
0.62205
-0.51456
1.53733
-0.66694
0.50209
1.20137
1.22730
-2.46358
1.29685
-2.77445
-0.64070
1.84133
-1.15236
-2.00650
-0.53146
-2.72287
0.13089
-2.50521
3.57033
1.07843
-0.05497
0.65636
-2.09778
-0.99319
1.48519
-2.28632
-3.46556
-1.86253
-1.07583
0.83095
-1.84069
-0.82857
-2.81590
-0.93477
-0.40635
0.29816
-1.16625
3.48627
0.57003
-0.78845
-3.87812
-2.37063
-2.02655
2.77156
1.13113
2.31148
-0.84495
-0.94971
-0.38113
-0.74563
0.84214
1.31208
-1.95497
0.21577
-1.08548
-0.72313
0.93215
0.09190
0.43032
2.04994
4.01325
1.03456
-1.16321
0.36663
-3.12762
-2.42569
-2.47746
1.32908
3.02067
-0.60959
1.57549
1.60775
-0.71457
-2.03197
-0.30518
-2.28387
-0.05507
-0.65595
-3.20203
-0.80124
-1.39563
0.54733
-0.09284
-1.91494
1.65154
1.90672
-4.07904
-0.49626
0.24657
-0.09172
-0.53316
0.90703
2.26276
-0.70620
-1.25996
-0.61563
0.43617
-0.59862
1.46233
1.30249
-1.95356
0.51056
-1.65665
-1.71044
1.99760
-0.07506
0.58985
3.00687
1.37151
2.82480
-1.28556
-0.94572
-0.03793
0.04215
1.23242
1.21497
-3.02031
-0.57958
-0.87487
0.18081
-1.01827
-0.00498
0.24607
0.87531
-0.10327
-3.22766
1.83969
1.48477
0.01685
1.28615
-1.23002
0.68406
1.35360
-1.02949
-1.70375
-0.29909
2.87191
-4.82782
-2.04259
-1.20917
2.36531
-2.72005
-3.37401
-1.60600
0.08045
1.98490
-0.29655
1.06078
0.42188
1.36249
-0.92345
-0.06112
0.15347
-1.06090
-4.25973
0.23156
1.13288
-0.33882
-1.35206
-0.06674
-1.51729
-3.55762
-0.32415
0.18837
0.32539
-4.37580
1.76224
0.84787
1.91641
-0.09861
-1.08883
-0.29762
-0.26792
-0.53786
-0.05314
2.27716
1.40676
0.95433
0.08443
-2.16242
-2.18603
0.59126
-0.31939
-1.52358
-1.01575
0.38549
-2.07794
3.24772
-0.03434
3.20169
0.23130
-0.38762
0.11846
1.18328
-0.91115
-2.27190
1.69717
-0.03619
1.94314
-3.82804
2.31651
-1.24736
2.00408
-0.86261
2.17720
0.98841
0.61763
0.24220
-3.26670
-3.92811
-2.18523
2.22405
-4.14709
1.17192
1.50067
1.00563
0.91887
-3.68852
-0.34872
1.91173
-3.58373
0.72396
0.87652
2.73614
0.25055
-0.03994
2.10933
-0.28063
-0.89157
0.33495
0.81427
4.52353
-0.59077
0.87628
0.42446
-0.54516
0.60520
2.94314
-2.31805
-0.04234
1.56577
3.77627
0.33148
1.62533
1.28385
-1.14849
1.09808
0.68937
1.14254
-0.25809
-0.27723
-0.52052
-3.32689
3.10114
-0.24539
-3.09538
2.20840
-0.47660
-1.27418
-0.68977
-3.49539
0.75281
0.74000
2.29273
-2.22516
-1.64748
0.00920
-0.32473
-0.99958
2.53573
0.19991
-0.26652
2.13870
0.63006
-2.49181
-0.75797
0.49383
2.34754
1.55166
-0.48004
2.80042
0.17908
-0.66854
-0.52937
-1.62860
-1.27015
1.23793
-1.25960
-1.30200
0.34104
-2.98243
-1.21090
0.49198
-0.64873
-0.67048
-1.01806
-0.60692
4.47412
2.17823
-0.75896
0.41941
-0.59605
-2.20267
0.47679
-1.12191
2.71271
-0.42812
2.36672
1.00260
-1.99487
-3.35148
1.82847
-0.08327
-0.43609
2.47484
0.04890
-0.46179
-2.42848
-0.69763
0.85873
-1.43286
0.02346
-1.96460
1.44322
2.54831
-0.87916
3.03934
0.37421
-0.69065
0.57107
-0.39749
1.64752
-1.04441
0.04110
-1.12124
0.85410
0.24727
-1.85084
-0.06979
1.71058
1.37633
-1.69432
-1.79169
-0.64128
0.49124
-0.18219
1.39337
-0.60313
0.85834
-0.18341
1.55143
-0.18793
-3.92372
-3.16517
-0.40913
0.00232
0.64223
-1.71707
0.17475
2.79259
-0.75062
2.12963
-1.98382
-0.88941
1.27135
-0.41956
-0.48473
1.40699
0.16054
-4.13655
-0.20240
-0.80566
-1.60413
0.01832
-0.62614
-1.32886
1.86171
-2.04878
3.58394
1.05838
-2.22269
0.37051
-2.32313
0.87241
1.44271
0.33345
0.35655
2.68391
0.98692
-1.87903
0.84937
0.77601
1.38995
-0.33621
-1.11369
-0.77666
-0.85103
3.00824
1.18789
2.25836
1.30176
-1.79709
0.11775
2.90770
-1.76302
0.14581
-0.65189
0.39426
0.09804
0.82775
-1.25329
2.12965
0.14659
1.59100
-2.58054
0.86866
-1.02241
-1.66931
1.54617
1.53919
-2.12414
-2.69427
3.92421
0.37679
-1.19242
0.96529
-1.95484
-3.01318
2.20599
-0.58820
-0.60108
1.20198
1.14276
3.16064
0.06917
-1.01798
0.06596
0.18223
1.39738
-0.33730
-1.96980
-1.07469
-0.37323
0.15064
0.69946
-1.82486
2.64157
1.50043
0.65887
1.66973
0.15889
-1.42709
0.87133
0.44580
1.33577
0.44074
0.92937
-2.68595
-0.33032
0.04497
-1.47358
1.06144
-1.16699
0.43985
0.89476
1.83382
-0.89386
0.53816
-0.60198
-1.40259
-2.80083
2.33497
-0.66405
2.37793
-0.55273
1.14859
2.33878
-0.64059
-1.66374
0.43283
1.20995
0.13913
-0.94090
-2.67458
-1.23220
0.83076
0.90542
1.38835
0.98918
1.35742
-1.16802
2.77728
-0.43912
0.75509
0.52073
-0.80264
-2.90729
-2.90037
0.45647
-0.10459
1.56592
0.78987
3.16154
2.83234
2.41700
-0.07444
1.12240
1.17079
-1.76393
1.71938
-0.92522
0.12148
-2.22560
-2.61225
-1.26037
-2.14644
0.53792
-1.43711
-0.40345
1.55653
-2.08147
-2.44940
-1.70328
-2.41998
3.12964
-1.51006
-0.11235
1.50697
1.14830
-0.81711
1.65113
-0.71677
2.83245
0.74282
1.44246
-1.12849
-2.17416
-1.17360
0.18065
1.74682
0.91020
-1.59407
-1.34286
0.27921
-2.78123
0.85385
0.51430
3.01560
-0.13317
0.06732
-0.50242
0.80603
0.06253
-1.72187
-1.61076
-2.35865
-1.62128
-1.17633
2.28610
-0.30035
-0.02384
-1.26715
0.02194
-1.40799
-1.82714
-1.14844
4.09317
-1.15866
0.56269
2.02847
0.92544
-1.03069
0.30120
2.12311
-3.82628
0.70194
-0.66604
-0.74804
-0.56648
-1.93271
-2.52987
-0.38577
-0.71561
1.39738
1.95190
-0.85502
-1.41899
1.71755
1.94249
-5.38224
-0.40090
-2.10195
-0.18503
1.92361
0.14005
2.32644
-0.89657
0.83198
-2.81288
2.02544
-0.73639
-2.30509
1.52801
1.72159
0.34565
2.31561
0.09527
-2.56838
2.12096
0.68553
-0.91466
1.89540
-0.59805
0.69767
2.69167
-2.25712
-1.85928
0.94999
-1.08057
0.01228
0.19981
1.16057
0.04598
0.44790
-0.74979
2.77458
1.63442
2.63967
-0.07856
0.18633
0.97600
0.14943
-1.16553
2.15929
1.37559
1.06104
-1.38046
1.10476
-0.29322
1.57311
-1.56119
-1.49569
-2.03946
-2.32073
2.05184
0.28007
0.31165
-0.90483
3.30052
0.48851
3.02416
-2.49499
0.04850
4.07169
2.37982
-1.42586
0.29503
-0.39445
1.14825
-0.24394
0.76682
2.86860
-2.15521
-0.10282
1.32971
-0.40940
2.37415
1.94566
-1.40915
0.76543
-0.45538
1.86939
0.76662
1.01829
-1.68687
0.89170
-0.82086
1.70842
-1.97044
-1.21493
-1.08871
-3.56000
-1.15891
-1.46353
0.35106
0.22379
-0.99073
-0.90699
-1.40214
0.89432
0.59640
0.07119
0.13707
0.17687
0.24184
1.42173
-1.06802
0.29120
1.05122
-0.59957
-0.69317
0.00541
-1.72243
-0.38557
0.60327
1.08558
1.41507
1.34001
-2.23075
0.56077
1.53167
3.31349
-0.25957
-1.42606
-2.17153
-1.75946
1.84655
-2.28217
-1.86808
-0.26714
3.33896
-1.16528
0.88121
-1.48300
1.95989
-2.29893
-1.37475
0.95686
-1.28867
-0.23958
1.86568
1.83014
0.99942
-0.16744
0.58985
-1.46615
-2.18984
0.39644
1.71361
0.12402
-0.68182
1.25160
-1.05914
-0.86983
-0.64107
0.06467
0.83814
1.09612
1.94020
-0.25010
0.69868
2.72607
1.48542
-2.37028
3.89151
-0.61339
1.92096
-2.90444
1.30732
-0.27700
-1.33013
1.80831
-1.76342
0.18251
-0.26303
-1.48162
1.74233
0.61424
-1.07884
0.62314
0.21424
1.62237
2.60286
-0.66000
-0.13961
0.72730
1.82761
-1.32454
0.30031
0.14380
0.48245
0.17790
0.13919
2.36482
1.24104
2.71885
0.24443
2.73207
-1.96708
0.63133
1.62892
2.14733
-0.14582
-0.45903
-1.89235
1.82964
3.21931
0.13177
-1.51641
2.05531
1.37810
1.96627
2.44653
2.20378
1.26763
0.62508
-4.14392
0.06178
-2.27680
2.53474
0.53402
-1.37055
0.17390
-0.73424
0.77418
-0.82958
2.53774
-0.47668
0.77375
-1.70807
0.47936
1.67524
1.39216
-0.61606
-0.66646
0.52802
-1.63449
0.15721
2.33915
1.96394
1.79918
0.71856
-0.72235
-2.26779
1.09773
-2.51220
4.52385
1.47447
1.51747
1.93144
0.19476
-0.82163
1.11535
-0.18482
0.97953
0.11107
-0.46466
0.89682
0.31921
3.19061
1.91670
-0.28056
0.67027
0.77849
0.57423
0.77052
0.17009
2.82007
-1.24871
-1.75894
1.74443
2.04387
-2.11067
-4.56479
-0.94001
0.25896
-1.97816
-0.94881
-1.12577
-0.06504
0.94812
2.03978
-0.15850
0.53825
-2.38870
-3.45801
-0.93121
-1.19200
-0.12927
0.95446
1.79951
-0.24101
-0.33064
-0.46102
0.65852
1.62536
0.19279
-2.00382
1.19938
0.66476
0.53690
-0.21739
-0.33188
1.77217
0.29974
-2.04944
-1.76461
0.33455
2.37071
0.48290
1.29545
-0.42627
0.45081
0.02101
-1.92720
0.74425
1.37188
0.43628
1.08302
-1.15684
-1.28209
-1.72387
0.86512
2.19045
1.37065
-1.16808
1.23940
0.64830
-1.94364
-0.39339
3.03440
-2.37311
0.09320
0.55689
0.63330
1.15018
0.90826
2.57541
-0.77658
0.66321
0.48546
-1.03520
-1.51414
0.12291
0.91838
-1.59025
1.52948
0.07154
-0.98876
1.00138
1.94884
0.97841
0.37066
-1.38649
-1.95877
-1.74822
2.09806
0.00264
0.03380
0.58007
0.00660
0.61082
1.91544
-1.52537
-0.08203
1.44481
0.99949
3.22472
2.08341
-2.12390
-1.05712
-0.63349
-0.01944
-0.69563
2.13782
-0.93363
2.45026
-1.60748
-1.86806
2.33011
-1.56565
-2.31016
-1.04376
-2.54806
-1.13628
-1.45186
-0.43929
-1.50764
-1.69766
0.79719
0.17197
-1.10803
-1.49442
0.41882
0.08932
0.05254
-0.15769
-3.27793
-0.54774
-1.06382
-1.58953
-1.55336
2.03702
0.23238
-2.49432
0.22261
-1.76832
-1.49635
0.21994
-1.51576
2.34421
0.95337
1.56481
-0.12384
1.80465
0.51313
-2.16652
0.35083
0.94800
-1.39622
2.01137
-1.08335
1.93559
0.95385
0.89325
2.14918
-4.44000
-0.89390
1.38863
-0.65000
-1.68758
-0.95742
0.07302
-1.03213
-0.88449
0.39536
0.85918
0.07555
-0.58153
-1.79019
-0.72645
0.21624
-1.05086
0.57936
-2.57808
-0.41237
0.31400
-2.04763
-1.91307
0.29390
2.81770
2.51135
0.13863
-3.32134
-0.94382
-1.55340
-1.35243
0.44604
0.58794
1.48116
3.56341
1.05163
-1.08828
-0.92736
-0.58735
1.57614
-0.50736
0.44563
-1.67558
3.25424
-0.33817
0.16696
-0.25665
-1.93577
0.74011
2.77033
-0.10262
1.71768
1.71760
0.91081
-0.93210
0.70828
1.03934
1.39248
0.99284
-1.09619
-0.65654
-1.67604
1.95600
1.81542
-1.74520
-1.73839
0.30515
3.03772
-4.66022
1.87520
0.69013
1.19367
-0.52051
-1.61813
-1.35528
4.31012
-0.91033
-1.17780
-0.52382
-1.97920
-3.43212
-2.79011
1.74625
-0.91631
-1.15263
-2.10539
0.23295
-0.38636
-0.40846
-0.20591
2.45303
0.71644
1.33661
-3.39523
2.46183
1.76184
0.49666
3.18309
-2.93879
0.15432
2.98656
-0.40766
-0.61820
-2.38178
-0.00052
0.80750
1.03575
-1.85329
2.47755
-4.66117
-0.00315
-1.30108
-0.97820
1.08641
-1.26038
0.10409
1.58392
0.18280
-3.38000
-0.44461
-0.09919
0.75242
-0.38184
0.86820
0.37015
1.86279
-0.86341
-0.92784
-0.92824
2.09981
-1.07395
0.35116
-0.36429
-0.37642
0.31632
0.42111
-0.38614
-2.04735
1.44985
-1.36232
-1.61684
0.86776
-0.00645
1.99648
-1.53307
-0.49313
2.04654
-2.49088
-1.87300
3.30719
0.62176
-1.85876
-0.15527
-1.62000
-1.75926
-1.01508
2.25299
1.93718
-4.44795
0.70916
2.64148
0.69702
-0.81832
0.13771
1.76648
2.68611
-0.23375
2.19706
-0.32574
0.26859
-1.48443
-1.12316
-0.77659
-0.97047
-3.60972
1.51690
0.73337
-0.30981
0.87293
-1.14172
-0.77303
1.97643
-0.29542
0.57637
-1.91557
-1.34812
0.78687
-2.64693
1.37382
1.43957
1.66290
-0.05278
0.83013
-2.53251
0.47621
-3.03038
-0.16447
-2.30277
2.75986
0.41822
-1.29621
1.33496
0.29772
-3.39790
0.31684
0.01151
0.45109
1.94931
-0.78918
0.65264
-2.76740
1.55467
-0.40595
0.86296
1.28548
-0.37250
-1.10094
0.53729
0.79240
1.61103
1.87913
0.43977
-0.36601
0.60746
-2.53756
-1.05214
-0.42733
-0.73527
-2.22479
2.70901
0.89436
-0.38245
-2.09810
-0.30312
-0.48230
-2.49913
-0.80692
1.22829
0.83401
-0.49413
-1.66731
-1.36700
2.69582
0.31359
-1.06176
-1.57841
-0.59712
2.54342
-0.44867
1.08837
1.13004
1.27109
0.75434
-1.04890
2.12934
0.27799
-0.31695
1.60301
3.18213
0.37612
-0.95564
-0.89231
-2.48948
1.35182
-0.62718
1.40768
1.29023
-1.54155
1.13996
-2.32625
-0.11836
-0.27365
-2.12654
-2.06474
1.26826
-1.50582
1.45286
1.51116
-1.03791
0.58532
-0.63749
-0.27387
-0.81164
1.08939
-2.19660
0.76510
-1.17652
0.11974
0.63427
-0.28786
0.05739
2.98203
0.26686
1.28874
0.01738
0.26911
1.29647
-1.79586
0.88793
1.81764
-1.41846
-0.55126
0.30125
-0.75131
2.25122
1.17317
0.18197
0.96430
-1.17853
0.85340
-0.47648
0.10019
-1.63837
3.29324
2.02790
-0.77573
-0.05748
1.99513
0.20870
1.64538
3.28989
2.11684
-3.47667
-1.59087
-0.55183
-0.02720
3.26305
-2.16173
-0.01099
-2.07288
0.94817
-1.98943
-2.40120
-2.00258
-2.33308
0.96511
0.27260
-0.03184
1.56154
-1.27037
1.44776
0.59402
-1.17805
-0.96363
-0.93791
1.00886
1.84794
-1.64027
0.12417
-0.72004
0.06390
1.47414
-0.24600
0.09339
1.63371
0.61601
-1.27067
0.77934
0.89472
-0.16657
-0.57950
2.88965
-4.84279
0.59097
2.07279
1.73125
3.04585
-2.01761
0.98425
-1.75020
2.48583
-0.47382
-3.24831
0.35855
0.73179
-1.20873
1.85543
0.69504
0.01579
1.74629
-1.56694
-0.87807
0.06728
-1.10117
2.03995
1.34959
-0.15164
-0.98705
1.06027
-0.34025
-0.69152
-1.32181
-0.13296
0.45848
1.03283
-0.14279
-1.60480
-0.16999
-0.35125
-1.09681
1.54085
-2.03420
-2.61651
0.25788
-1.40388
1.50723
-0.03210
1.38256
-1.15224
0.39001
2.90771
-1.70033
-1.30751
2.24327
-4.13516
-1.32270
-1.60888
-0.39236
-1.70425
0.44874
-0.49039
-3.97950
0.89589
0.93309
1.53176
-2.79985
3.24695
1.38848
-0.80547
-2.32132
1.01347
1.50300
-1.14665
0.53558
-0.49218
0.35192
-1.33246
-2.13181
-0.96794
4.27587
-0.13767
-0.10700
-2.24133
-1.59656
-0.56120
0.48454
0.54834
0.15994
-2.34944
0.34077
1.77295
0.52754
-2.57303
0.56143
-2.20868
2.39302
1.53410
-1.77429
0.92484
4.29077
-0.73307
0.26483
2.19468
-1.84130
-3.58245
1.59381
4.11449
1.95713
0.41899
-0.14096
-1.71251
-0.33351
2.06397
0.28892
-1.93746
0.06521
-1.19453
-0.74686
1.06953
0.47008
-2.85914
-2.88801
-0.14429
0.96261
-1.80332
-0.88746
-2.02846
-1.85284
3.03894
2.51015
-0.76963
-1.39357
-0.07196
0.56282
-2.06629
-0.29590
-1.81246
-0.73209
-0.30411
-0.65756
-1.54197
-1.22301
1.77304
-0.44849
0.50727
-0.27003
0.59859
-0.88349
1.86124
-2.25428
-1.29999
-1.18457
1.65372
2.24709
-1.66235
-2.34757
-2.31758
1.35731
-0.11046
-1.18467
-2.19853
2.08459
-0.66871
1.90395
0.64885
-0.02969
3.20569
1.10178
-1.22489
-0.81370
1.04012
0.42636
0.32293
1.05879
-1.20667
-0.27727
1.11007
0.03054
-4.16180
1.39990
-0.05491
-1.31083
-1.24154
-0.87228
-0.78578
-0.75773
0.59061
2.16929
1.92488
0.30605
0.01096
3.22956
0.39911
1.93444
-1.42625
0.91192
-0.47910
2.78713
-0.87417
-2.30873
-0.31327
0.99491
-0.91701
1.36419
0.18906
0.27319
-0.23914
-1.59460
-0.70131
1.54095
-2.33769
-0.82367
-0.29958
0.50649
-1.57341
3.36374
-3.67083
-1.40921
-2.88803
1.44890
1.54807
0.25256
1.95180
-0.24011
1.43801
0.45932
-4.13060
0.83681
-1.38708
1.16520
-2.44898
-1.61074
1.59729
4.24578
1.98600
-0.69084
1.66493
-0.17978
1.52208
0.86331
0.48196
0.15438
0.49068
-0.44766
0.14481
-1.14848
0.79959
-3.58262
-0.10535
0.72714
-0.17896
2.05235
-1.89122
0.51825
1.64683
-1.22885
-0.01623
0.68967
0.30757
0.60846
0.91916
1.20521
-0.82745
2.08366
-0.98553
0.62838
-3.44256
2.47249
1.31603
-1.69817
2.23999
-2.56892
0.57359
-1.17097
-2.21821
3.68659
-0.98105
0.49025
-0.18781
-2.03964
0.62294
0.06040
-5.09695
0.05648
-0.06560
2.05004
0.78961
4.41515
0.28514
-0.98831
0.18472
-2.81383
1.90526
-1.12991
2.14623
-0.12180
2.99178
-2.41095
-0.39382
0.95430
0.53392
0.59621
-4.85624
0.38966
-0.81674
-0.30588
-3.09721
0.21966
-1.15415
-1.62592
-1.75531
-1.19959
1.21607
1.41561
-0.29105
2.13898
-2.68554
-4.61488
-1.39241
0.06001
-2.30673
-0.50041
1.50267
4.80344
-0.26257
0.55169
2.88711
0.75805
-1.21518
-0.89763
0.68917
-2.14884
-0.59382
1.61362
-1.73956
2.33905
-0.56382
-0.36779
1.22512
-0.17968
-1.52015
0.47494
1.01597
-2.14732
-1.23741
-4.29304
-1.43980
0.56968
-0.39801
-1.10229
0.10245
0.89240
0.61466
0.79085
1.29126
-1.17071
-1.28267
-2.86535
1.94886
-1.84225
0.66769
-1.55230
-2.05126
2.15895
0.49214
1.50932
-0.70609
-2.66728
-1.16367
1.47983
0.22920
-0.95356
-3.09518
-1.35810
-0.33213
-2.79755
0.93928
-0.25737
1.51519
2.51284
2.09268
1.29724
-2.17139
-1.11669
-0.00382
1.19313
1.89666
2.03267
-2.74231
-1.63819
-0.83943
0.98337
-0.76470
-2.53001
0.84720
-0.04268
1.05352
-1.70245
-0.17992
-0.42719
-2.25300
2.56592
2.93928
0.52586
0.58107
0.47397
-1.05165
0.77707
-1.74910
-1.07757
-3.24457
2.16806
0.04081
2.07573
0.84486
0.81165
-0.46493
2.92537
-3.31354
-0.51644
-3.39276
-0.11772
0.82927
-0.64949
-2.16912
0.75877
3.53050
-0.65226
0.22373
2.52195
0.52898
-0.00503
1.94172
-0.91300
1.42787
-2.23524
0.38121
-0.22959
0.42025
-0.18199
2.19665
-0.29300
-0.81694
0.14352
0.29071
-1.80664
-1.26016
0.31394
1.19512
1.65068
-1.98022
-0.46149
2.14085
1.35780
0.97640
0.18454
-1.43929
1.05951
-0.59055
-2.70939
-1.23742
1.11451
2.63797
-1.53327
0.78912
-1.83771
-0.59745
-0.28207
1.28746
-0.65786
-1.47838
0.14957
0.22856
0.99653
0.81035
-0.91244
0.88833
2.57047
0.52971
-0.01059
-0.22347
1.37900
-2.18883
1.05049
1.99956
-0.14278
0.43786
0.22805
-3.88860
-1.63745
-2.44468
0.46876
-0.96939
2.35413
-0.72803
-0.38477
-1.17329
-1.91450
-0.26595
1.99782
0.77594
-3.01768
0.66817
-2.33875
-1.21261
1.37120
1.43866
-0.97950
-2.43368
-0.05144
-3.19341
0.76559
0.43951
-2.13294
-1.55244
0.44763
-2.42396
1.08728
-0.60786
2.81853
-1.04981
-0.74238
1.19023
-1.94668
-0.23992
-1.03390
1.40346
0.47428
-0.06149
-3.84294
-0.29111
1.59393
-0.57804
1.07618
1.27085
0.13293
0.11309
2.42134
-1.86334
0.84867
-0.24063
1.43465
1.53184
0.17758
-1.37502
0.48800
0.80832
-0.85699
-1.70935
0.17847
-0.35863
-0.94928
-0.41199
-2.18831
-1.92371
-1.31421
-0.17165
1.02110
0.38888
-1.43690
-1.77622
1.31470
0.44396
2.14714
-2.09629
0.09758
-1.40175
-1.34807
1.26158
-0.30125
0.62793
-0.17075
-0.81420
0.37081
-0.46379
1.89220
-1.51626
1.46753
1.21094
-1.94262
1.14703
-0.78508
-0.71265
0.12199
1.34966
0.91270
-0.85236
0.45034
2.80530
-0.06694
0.25385
0.43878
1.70917
0.77435
-1.25577
0.37167
-2.16066
3.32168
1.86847
2.40538
-0.26448
1.80296
-0.87213
0.25166
-0.62297
0.76542
0.68553
-2.80802
1.73238
1.94953
-1.22463
1.45734
-1.00956
2.10084
0.39294
-1.33983
1.19455
-0.06603
1.10329
0.46980
-0.64464
-1.30556
-0.89519
-0.57213
0.89728
2.46576
0.67273
0.56058
2.67247
-0.15392
2.41423
-1.17811
4.21819
1.72369
-0.36119
0.94431
3.20656
1.10917
0.15272
-0.97908
-0.75243
1.85780
1.95376
-0.80115
-1.50935
-3.41572
-0.07464
-0.41462
0.75832
-2.12282
-1.02647
-1.88823
2.57839
-1.38929
-2.10131
-1.36101
-0.90197
-1.38440
-0.21667
1.27197
0.61499
0.25613
-0.96275
2.58106
-0.35874
0.22675
0.95450
1.00378
1.18027
1.70648
0.38588
0.17123
0.53265
0.68523
-0.24398
1.11259
0.39386
2.66995
0.41995
-0.09897
0.28030
1.66285
0.31529
-2.06582
0.73526
0.15031
1.01401
3.09117
-3.98609
-0.30989
-1.34219
-3.73641
1.35534
2.28691
0.16078
2.41394
-0.73394
2.56581
2.87550
0.22703
1.81223
-0.84551
-0.57634
1.98238
-2.15985
-0.56100
-0.28651
0.61482
-1.83462
0.03086
-1.47203
0.96596
1.77372
0.83467
1.64958
-0.60098
-0.93032
-0.91023
0.02551
-1.19957
0.96079
1.01947
-0.17822
-2.66313
0.39659
-1.49131
1.17047
-2.74298
2.21009
-2.05146
-1.41649
1.53897
0.71513
-0.99517
-2.19634
-1.42313
0.04630
1.70550
0.21338
0.23259
5.15422
2.53589
-0.39270
0.21493
0.25661
1.92315
-0.92741
-0.85191
2.35594
-0.01966
-1.76731
0.36133
-3.37797
-0.38479
0.83084
0.72610
1.88458
0.67242
-2.91005
2.73613
-2.09909
2.59929
1.77404
-0.57722
-2.10207
-0.24634
-1.91388
0.46079
1.49873
-1.36145
1.41483
-1.90069
-1.16385
-0.88229
-2.17651
-1.27837
0.21109
4.51854
-1.86393
0.91989
2.34281
-0.14831
-2.05973
0.13508
0.87186
1.61483
0.02270
-4.55228
-2.12804
-1.12156
-0.62730
1.05047
-0.94070
-2.14054
-3.14304
-1.84062
1.05724
0.15130
1.27580
-0.41410
1.35273
2.53988
-0.47768
2.22645
-0.23312
-0.23008
-2.54962
-0.54716
0.90533
-0.07132
0.62896
-1.36693
0.84909
-1.34556
-0.44726
-1.17082
-1.99247
-1.48995
1.88800
-1.25915
-1.02491
-0.43170
-0.47683
-1.52442
0.55832
0.80054
2.00732
1.92466
0.07635
-0.09072
-2.77149
1.59906
2.15794
0.74497
-0.49288
-0.97449
-0.15540
-0.50377
-4.26787
1.23256
-1.07321
-0.33771
-1.10480
-1.76823
2.86060
-1.15310
0.22899
0.36576
2.70612
-0.08837
2.00513
-1.66577
0.10249
3.95502
0.69369
-0.56127
0.11169
2.58399
1.72222
-0.68845
0.03641
-0.47033
-0.55219
3.09151
-0.92669
2.81844
-0.03648
2.11414
0.01369
1.21370
-4.22770
0.59740
2.65081
0.12981
4.03610
-1.40553
-2.56668
-0.16095
-3.40801
-2.91817
0.39262
-1.69324
3.17209
0.18858
-2.07087
2.52315
-0.47272
0.78677
-3.19550
-0.98855
-3.17562
2.56658
-1.46977
-0.25375
0.05129
-0.55151
0.25831
4.19150
-1.23021
1.10544
2.12900
1.71161
0.53773
1.66435
-0.14834
-1.96262
-1.59654
0.20560
-2.56200
-2.13125
1.46548
2.27850
-1.32219
1.38427
1.40000
0.28411
2.32930
-1.16500
4.56664
-0.06547
-1.14025
-0.64263
-0.18921
-3.58069
-0.84936
0.74309
-1.83669
-1.43254
0.15659
0.81546
-1.79247
0.94377
-1.93089
3.02887
-1.27897
1.15210
-2.94689
-0.85009
-2.91140
0.14300
0.50306
0.15008
1.80786
0.11773
2.24172
-0.71767
-0.53089
0.13623
-0.45591
-1.05339
0.56838
0.30310
1.00475
2.32253
-2.45627
2.02057
1.46535
-1.55105
-0.07589
1.26475
0.27587
-1.51191
0.46700
-0.82597
1.51544
1.35196
1.32111
-0.97362
-1.52115
-1.80908
-0.64218
-2.51550
-0.07220
2.92359
0.69397
2.83481
-1.08850
-1.44687
-1.90774
1.33680
-3.12501
-0.65526
0.62711
-1.37697
1.91779
-0.12395
-1.63866
-2.22709
-3.46138
1.39628
-0.46831
4.12484
-0.57362
1.50684
-2.20292
1.94905
0.57210
2.78267
-2.07500
-0.31170
1.23250
-0.80633
-0.96000
-0.96389
-1.36636
3.25142
-0.83864
-1.49042
-0.13250
-1.22802
0.32244
-0.15359
-0.69936
1.41576
-0.35289
-0.43758
-0.30212
-0.60754
-0.62702
-1.09091
0.35909
-1.40214
-0.22797
0.68617
0.37745
1.06635
-0.63062
-3.30168
2.28949
-1.72260
-2.12529
0.12521
-0.71712
1.86273
-0.41721
1.41473
1.99400
0.14372
1.25486
0.74191
2.08718
1.07268
-0.04749
-4.16955
1.27669
-0.35889
-1.58157
1.48868
-3.13507
-0.98566
-2.00022
2.92314
-2.13255
0.94486
1.77011
-3.40799
-1.00635
3.32841
-2.91097
0.48429
-0.02732
-0.77542
-0.39536
-0.86204
-0.93915
2.69620
1.13134
-2.27843
-0.62668
0.32308
0.91593
-1.57257
1.67919
1.42345
4.19584
1.06435
-2.13803
1.17449
-1.18726
0.09915
0.91363
-0.00707
0.13552
-1.41798
-1.31184
-0.34262
-1.22528
0.43607
0.55411
-1.01000
0.00604
0.10240
0.17261
-1.25118
-0.97704
2.81652
0.33863
-0.41255
-1.68410
-1.56583
-1.19938
0.53533
2.66662
-0.35586
0.13796
-1.76177
-0.65896
2.63278
-1.26299
-0.58246
-0.02456
-3.88870
-2.17340
-1.88247
-1.68409
1.67961
1.13818
-0.23176
0.12657
-2.46332
-1.40133
-0.60774
0.17571
-2.19480
0.80679
-3.37528
-0.08549
-1.02349
0.54417
0.47043
1.49213
-0.30604
-2.28006
-1.16968
0.52721
2.13008
-1.06200
-0.22520
0.62993
0.74369
-0.99375
1.47877
-2.10811
-0.16359
-0.19595
-1.12442
0.84062
1.43720
1.30449
2.33738
-1.77447
-0.32435
0.62918
0.94589
0.67716
-1.10892
-1.15459
-1.72772
-3.26929
-1.07144
0.16943
4.10244
2.58276
-0.27518
2.09473
1.82641
-0.98975
1.01685
-1.08718
0.85703
2.98515
0.32537
1.78182
-2.92328
1.04431
-0.04890
-2.09544
1.43170
-0.90810
0.98936
-1.77805
0.05137
0.58285
-1.22711
0.22876
1.95526
1.30410
1.34470
-1.10385
1.28833
1.92040
-0.48194
-1.19593
0.88974
1.14879
-0.50251
0.34120
-0.48966
-0.46637
-1.03318
-1.08405
0.21627
0.26084
-0.72084
-0.65710
2.76814
-0.80829
-2.78014
-0.17082
-1.20726
2.26998
1.00798
1.40061
-0.56289
1.10151
0.21742
-0.80059
3.08044
0.13262
-2.61931
-1.75123
-0.98263
-2.63046
0.60078
-1.46999
-1.97966
2.28735
1.03550
0.02475
0.88503
1.02879
-1.91858
0.56318
2.70331
-1.12471
1.29338
-1.64022
-1.98636
0.13421
-4.72932
0.69085
1.67896
0.93631
1.22830
-0.92494
0.09612
0.62558
1.24816
1.81272
-0.90477
-0.32910
-0.32565
3.19066
-0.58779
0.79421
-1.59029
0.47795
2.46129
-0.89474
-0.48312
1.12354
0.77893
-2.42766
-0.07317
-0.75114
0.88494
-2.59897
0.27118
-0.59765
-0.44732
-2.15077
-0.37079
2.40951
0.65040
0.26594
-1.69222
1.61893
-1.96972
0.89508
1.39506
0.22424
0.87910
-1.96457
-0.11195
-0.67783
-2.95306
-2.14351
-0.00706
-0.58644
-1.08823
0.24185
-1.69126
-0.44016
0.41916
1.05393
-0.32986
-0.82770
-1.68919
-1.50858
1.19588
1.24947
-0.95609
-0.88496
-0.95864
-1.50596
-0.01001
0.36487
-1.01599
-0.24029
-1.53340
-0.51772
0.46810
1.07573
-0.17197
-0.80665
-0.25272
0.65932
-2.39537
-1.79626
2.87902
1.35717
-0.61867
1.05547
-0.96142
-3.50559
0.53676
-0.12990
-1.01368
-0.17776
1.86533
-0.67437
-0.75178
-1.23674
-1.95961
0.80018
1.40115
0.41201
1.17496
-0.49182
-0.15907
0.57744
3.08163
1.80356
2.52119
-1.20886
-2.68728
-0.59488
1.32051
-0.36542
1.20953
0.43970
1.32526
1.19581
-3.60517
0.41205
-2.39818
1.15431
-2.34774
0.02623
-2.06144
0.08596
-2.69135
-0.39561
-1.03537
-0.83853
-0.12594
0.05206
-0.90952
0.38495
-1.57858
2.08345
1.55827
0.37453
0.19265
0.53365
-4.99864
-2.50413
-2.23651
1.25127
0.65413
-0.80311
0.56506
-4.77241
-2.01126
-0.82066
1.36464
1.48176
2.97291
1.17571
0.50185
-1.63283
0.43158
-0.58963
-2.81330
2.50777
1.04285
-1.81291
1.74907
1.47822
0.50239
1.49690
0.18848
1.51378
-0.16010
2.88606
1.50444
0.09347
0.25902
-0.61420
-2.28526
-0.41554
-1.03939
1.40255
0.83272
-1.03866
-0.63895
-1.46617
-1.07297
-1.68811
0.60262
-0.05455
4.28946
4.31050
-0.36543
2.96595
1.73231
-1.92026
-2.79557
-0.64932
2.77056
-0.60674
-0.51108
-1.56733
-4.20291
1.29120
-0.36412
-0.25452
0.68228
-0.95617
1.43421
0.88901
1.36552
-0.26853
0.76239
-1.91033
1.10491
-0.16121
-0.65140
0.82971
0.43030
2.88860
0.04504
1.73285
0.01146
2.40087
-0.03948
2.06534
-1.70314
-0.38885
0.58815
0.53886
-3.01712
-1.04437
1.85175
-0.28683
0.14368
0.99586
-0.00775
0.54709
0.13640
-1.31306
2.25307
-1.84355
-0.51381
-1.78261
-2.45775
-0.03038
-0.27159
1.78524
-0.11465
0.28872
-2.45439
1.74868
0.44422
-0.71812
1.56099
-1.37271
-1.46216
-3.78394
0.69246
-1.33428
-0.74917
-1.86739
-1.14828
0.67479
1.28250
0.65652
1.93720
-1.94698
0.62146
-1.58302
-0.80728
0.18335
1.98643
-1.02532
-1.26740
2.94205
-0.27348
1.91658
-0.04050
-1.51572
-1.32762
2.19703
0.33709
1.96637
0.24844
-0.25300
3.33948
1.11052
2.35200
1.50676
2.12842
2.19536
2.55508
2.93805
-1.12782
-0.66670
0.25451
0.97846
0.99517
-1.44371
-1.55162
-0.40436
-0.83636
-0.66989
-0.42757
-0.06931
-0.05315
-1.49388
-0.09036
0.30572
-2.09777
-0.71685
-1.54521
1.31008
-0.28653
1.88637
1.40225
2.40268
-2.06520
1.37588
1.56506
0.51458
0.17424
0.62895
-1.48000
1.95448
0.73894
0.02831
0.37600
-3.19007
1.60359
-0.79689
1.56590
3.71921
-0.25152
-3.26556
0.63681
-0.46996
-1.03172
-2.16086
-0.61880
-2.15249
-2.05174
-0.65221
-2.22159
-0.64847
-0.24235
1.51286
-0.64091
-1.68745
1.53326
0.59942
1.12058
0.67374
-1.39505
-0.47626
0.75091
-3.05279
1.13245
0.83338
-0.25417
-1.90146
0.28225
-1.12761
-1.02307
-0.95079
2.48507
1.25089
-0.99584
1.51222
-1.87101
-1.40357
1.67510
1.27437
-0.92314
-1.57722
-1.60352
-0.69032
-3.60728
1.37851
0.56365
0.55549
-1.15573
-2.50686
-1.58991
-0.71480
-1.92820
-0.28756
1.45239
-0.21225
2.61604
-1.81897
-0.08847
1.56001
-0.92231
0.36735
2.64766
0.50700
2.87789
1.74494
-0.75092
0.13174
-1.48905
0.80034
0.51836
2.73546
2.71542
-1.90715
3.26627
-0.93657
2.25461
0.68626
1.32116
0.70040
-0.80117
0.84214
3.43411
4.69476
-1.15262
1.15864
1.40763
1.06630
-1.17567
0.99104
-1.68923
-3.75508
-0.20413
-1.62455
2.61761
1.86414
-1.10613
-2.05283
0.89164
-0.11492
1.71377
-0.24031
0.75530
-0.65883
1.61500
-0.69287
0.13385
-3.51961
0.60865
1.66392
-1.16643
2.15514
1.61640
0.21056
3.31955
-0.89534
-0.33850
2.47992
-1.61501
-1.19571
-0.03754
-0.56183
-1.24100
-2.31680
-0.97388
-2.10669
1.13854
-2.21198
1.45866
1.24312
-0.47684
-0.05174
-1.24488
2.94477
0.55976
1.56129
-2.50618
0.92610
-0.54749
-0.28963
1.00221
-1.53661
-1.54890
-1.35208
-1.65019
-1.67231
-1.41808
0.58809
-2.12176
-0.78221
-1.70655
-0.37291
2.49146
2.99572
-0.07337
-1.26316
1.47812
-2.56365
1.27654
-2.85219
0.45778
0.60820
-0.58025
1.01515
-3.70652
-2.78662
2.90055
-1.29924
-0.79477
-2.43978
-2.97244
-0.55518
3.15451
-0.05214
-1.05847
1.39873
0.09733
3.00898
-0.98073
-0.83901
0.69080
-1.16204
1.01010
0.82885
-0.33495
-2.30270
1.55124
0.25278
-2.23917
-0.41877
1.98836
-0.14824
0.81888
1.29415
-0.57793
0.97530
1.67440
0.72815
1.97441
-0.23118
-1.72980
0.37003
-0.18795
-0.35139
-1.76935
0.84494
-0.81178
0.62714
0.36223
-1.30655
1.83444
0.39677
-0.24345
0.68750
0.19171
-1.02916
0.80864
-0.16891
-2.18744
0.17440
-2.49444
2.40029
-0.40500
-0.55374
-0.06864
-0.48185
0.53248
1.44648
0.49730
1.78638
-0.93052
-1.94166
3.29689
-1.02012
0.26038
-2.04858
-1.62784
-1.47072
-1.62287
0.67158
-0.94205
1.11505
-0.10268
0.05870
-0.49453
1.69217
-1.91124
-0.07308
1.12341
1.57674
1.76455
-1.54091
0.42824
0.41977
-0.36740
0.05831
-3.18208
-1.52423
0.60577
0.94555
-0.54787
-3.63037
-1.51137
0.53117
-0.56901
0.14814
-0.12101
0.22447
3.02604
2.59385
0.91734
1.44586
1.02695
1.35057
-0.30403
2.23449
2.04836
-1.09672
1.87760
-0.89881
-1.26384
-3.18559
1.65960
-1.19637
-2.25287
0.65357
-0.72200
-0.37055
0.67134
0.66615
-1.68262
-2.12239
-2.68821
1.56187
2.97870
-1.94700
3.40920
-0.34767
-0.64943
0.86342
-1.44335
0.29820
0.82594
2.70258
0.91640
-3.57418
1.90890
-0.63657
-2.75961
-2.63974
2.36078
3.81117
2.63947
1.62381
-2.15550
2.51624
-2.74857
0.70596
-0.96478
-0.19298
2.70741
-0.53237
1.53787
-0.47695
0.04985
0.60673
2.22683
0.60775
-1.96947
-0.33820
-0.05492
-0.66504
-2.65185
0.60470
0.96700
0.72713
-1.63604
-0.77884
-1.99210
2.11299
1.93305
0.11917
-0.69858
-1.09824
0.88941
0.29076
0.32893
-2.61716
-0.42648
-2.21082
2.79571
-0.41765
2.37623
-0.50154
-0.92775
-1.31100
0.28791
1.90572
-1.83541
0.46880
1.47964
0.47497
-0.28639
-0.69812
0.96363
-1.05768
-0.62045
-0.03117
-1.67705
1.45273
-0.03190
4.58715
2.05647
1.42106
0.39808
-0.09402
-0.87881
-0.57728
1.38282
-0.66947
-0.96830
-2.10478
1.31730
0.59952
-1.26782
2.37166
3.86125
-2.26214
-0.35589
0.75246
-0.60137
0.80976
-3.11623
-0.70746
-1.41396
4.30250
1.47868
-0.63178
-1.58328
-0.95915
1.95124
-0.53526
-1.10536
1.21666
-2.60778
-0.27560
-1.63378
2.42611
1.83321
1.52211
2.20821
1.56400
-1.27471
1.24969
2.41728
2.20107
0.02270
0.23904
0.52969
-0.78696
2.46695
-0.75800
-0.58371
-0.49023
-0.37094
1.87858
-0.65603
0.08393
-1.98053
-1.99287
-2.32061
0.25365
-0.42022
-2.68998
-1.01504
0.43503
-1.04120
0.75414
2.40480
0.11676
0.00377
-0.75161
0.98118
1.78185
-2.05440
-0.75320
-0.98013
-0.18054
-2.08168
-1.90710
0.39384
-0.59675
-1.65629
0.78272
1.61743
-1.58157
-1.55976
0.32046
-1.16094
0.47005
-1.74673
-2.42471
1.03568
2.25134
-3.35459
0.35845
-2.19581
-0.56501
2.20849
-0.23767
1.90718
-1.10395
1.34172
1.39748
2.28315
-0.09637
1.63793
1.16028
-2.63788
-1.96270
-0.32527
0.48697
0.58527
-0.40332
0.06268
0.64509
-1.01055
-1.39460
1.80357
-0.68912
0.98083
1.31070
2.12526
-1.69239
-2.88491
0.60898
-2.41834
-0.98010
2.58289
0.95395
3.96177
0.71942
3.36565
-0.06365
1.23999
2.02728
-0.04317
3.87687
-3.69771
-1.76661
-0.55532
-2.28568
-0.24843
0.61787
-1.48662
2.31128
-0.04845
-0.45597
-2.66385
-1.80066
-1.38459
0.18048
0.09651
-3.34338
-0.24728
3.56629
0.00027
1.86547
1.72923
2.23982
0.73341
0.33735
2.00168
2.07954
-1.76589
0.76502
1.02759
-0.60692
1.22363
1.80602
-0.15997
-0.93572
0.28700
-0.86784
-1.74163
-2.47718
-2.87506
-2.67983
-0.46077
1.04149
0.80420
-0.50093
-0.16132
-0.43229
1.59863
-0.33105
-0.62824
-1.43701
-1.98353
0.02956
-1.86758
-0.03104
-0.26204
-0.46500
-0.56821
0.25829
0.90320
-1.42199
0.76513
3.54783
1.30411
0.72585
0.15754
-0.53706
-0.52738
-2.56888
0.93301
-0.11112
-0.73471
1.29021
-1.92003
-0.05992
-0.12169
-1.78686
-0.26971
0.24827
-1.34930
-0.69497
1.56447
1.61171
1.01601
1.69247
-0.55072
-2.30743
-2.06880
0.03213
-2.14118
1.91558
-0.88577
-1.73126
-0.07792
0.14398
1.64910
1.71576
0.44990
-0.11761
3.06601
2.53982
-0.89007
-1.26255
-0.37665
-0.80383
-0.90727
-1.19281
-2.73648
-0.29642
1.19845
-2.86393
2.52602
0.79210
0.96872
1.30325
1.79244
-2.00666
-0.41618
1.11948
-0.11333
-4.07524
0.15553
-1.27102
-1.45177
-2.60380
1.00586
-0.35911
0.54631
-0.87352
-3.80829
1.53517
-1.44604
2.37204
3.06751
1.08058
0.77239
-0.76249
0.50167
1.56187
-0.59186
1.08285
-2.57209
4.10520
0.31604
-1.35268
-0.44968
3.06252
0.30186
0.65617
2.47982
2.65198
-2.08784
1.50798
-0.47681
0.60220
-2.80169
-0.13523
2.49100
-1.04045
-0.06290
-0.72701
0.01535
0.51901
-1.76571
2.88302
-0.35435
0.85883
1.93989
-0.38912
0.76796
0.25711
0.20865
-0.07765
-0.10272
0.23622
-0.01582
-1.98834
2.02478
-1.94884
2.84855
-1.21239
0.57631
-2.21196
0.00004
2.02345
-0.04920
-0.34906
-0.15899
3.32843
3.25254
-2.24207
-4.71693
-1.98611
-1.79841
1.34283
-1.10012
-0.69544
2.96586
-0.02209
-3.51556
-1.29428
1.09579
0.79660
0.01079
-1.00140
1.62450
-1.08352
2.82427
2.00569
-1.96292
-0.89145
0.33436
3.13200
0.13698
2.70122
0.33306
-1.25777
0.28773
1.80874
1.12297
2.21402
0.63762
-1.58871
-0.23626
-1.29758
0.03113
1.97332
0.33262
-2.76706
-0.66246
0.24414
-0.49870
0.30166
-2.29282
-0.83268
0.68290
3.64268
3.98828
0.41231
0.75824
0.22471
0.86207
1.61057
0.45675
4.27593
0.54484
0.50945
1.04293
0.08062
-0.79966
1.85394
0.12596
2.02496
0.02937
-1.28111
0.48281
-0.21781
-1.20448
-2.95611
1.08529
-0.50768
1.88138
1.61061
-0.08845
1.25379
2.85391
0.00305
-2.45913
-1.58780
-1.17935
0.19845
-0.19939
3.87904
-3.36290
-2.20334
-4.72458
-1.16406
1.04547
-2.48518
-2.15087
-0.25910
1.09752
1.09390
-1.86905
0.85384
2.10627
0.66765
1.90353
1.81212
2.09015
0.15356
2.00953
2.98211
1.36990
-0.88454
3.07505
1.86912
1.29951
2.58263
-1.55611
1.19067
-3.03471
-1.00756
-0.32258
-2.88147
-2.39146
0.59753
-1.90886
0.09594
2.51457
-3.32216
-0.19086
1.94707
1.71920
-0.48083
2.37183
-0.31497
0.67115
-0.07408
3.11123
-2.77521
0.21147
-1.30942
0.72519
0.86259
1.93977
1.57213
0.25585
-0.81822
-0.22639
0.56159
0.75785
-1.68585
2.24078
2.43824
1.59973
-1.41313
4.60422
-0.05851
-1.53857
0.79632
1.42592
-2.38851
-1.66009
1.38018
0.34607
-1.55973
0.30841
1.75696
0.25609
-5.62533
-2.71127
-0.07383
-1.39934
-1.03789
-0.20352
0.72913
0.29615
-0.77274
-0.27926
-0.15509
-0.61259
-1.29754
-0.79713
1.49348
-0.20244
0.71451
-1.70065
1.69900
-0.03656
-1.50467
-1.39309
-0.64813
-1.51161
0.50718
1.47269
-1.66608
0.66528
-0.71669
1.31623
0.73806
-2.72817
-1.26827
0.62028
0.72288
0.42603
0.05148
0.03971
1.95690
-0.98859
-1.10699
1.24707
-1.31067
-2.79565
-0.28336
4.23095
0.39086
1.01466
2.39515
1.19418
0.44617
0.25017
1.61627
2.02175
-2.35460
1.46454
-1.91845
3.68886
0.63181
3.00952
0.49622
0.01909
-0.00939
0.19463
-1.92359
1.18752
0.21376
-0.47590
-1.77173
0.98014
-2.75330
2.45267
-0.19584
1.08394
0.77009
1.25314
-2.55618
1.22681
0.70149
1.55345
-0.25717
3.09174
1.18127
2.23207
-0.07318
2.64607
-0.51801
0.76310
-2.29039
-0.31064
0.46143
-0.55809
1.18460
-1.17700
-0.90800
-0.01042
0.94629
1.11148
0.26639
-0.29610
0.34693
-2.73449
-1.32371
2.37649
2.84611
-0.32601
-1.25667
1.58418
0.79404
0.77650
-0.49893
-3.49410
0.33209
0.09801
1.46044
0.55824
3.58818
0.95841
-0.34458
0.50860
1.20701
1.00752
0.53870
-0.47705
0.09749
2.83149
-0.08830
-0.15837
2.35332
0.20284
-2.79475
1.26487
-2.85991
1.01340
1.52263
-4.48148
1.46171
-0.41611
-0.65239
2.18250
-0.90034
-1.38222
0.79358
-0.23347
-0.14073
1.25748
1.79639
0.93478
0.92593
0.87012
0.51661
-2.11879
-1.67869
0.08690
0.94083
-0.67049
-2.45951
-0.96877
-1.18150
0.68330
-0.42896
1.15209
-0.56408
-0.84348
-0.28066
1.30552
1.17664
-2.50966
0.10378
0.79696
1.28416
0.52165
0.89735
0.25387
-1.75585
0.66372
-0.25264
1.08208
-1.05093
0.18776
-2.60406
2.55688
0.53443
-0.14797
-0.61346
2.10203
-0.71495
-1.85650
0.09471
-1.58112
-0.79047
2.14919
1.64065
-0.02953
0.69086
-0.24427
0.58734
-0.64464
-6.31420
-0.04099
-0.16156
0.59769
-2.58086
0.95326
2.00226
0.39076
-1.63331
-0.23570
0.46003
0.35981
-0.33653
2.39409
-0.18339
-1.42341
0.34761
1.54842
0.17301
-2.29913
0.87840
0.71954
-1.80345
0.83877
1.46306
0.42742
2.21359
-3.68398
2.77300
-2.25112
-0.69935
2.55428
-2.78076
2.79951
-0.12228
-1.40222
-0.30988
3.79312
-0.15810
-0.98128
-0.24019
-1.13832
2.99103
0.53777
-0.69070
-0.90092
-0.39979
-0.50106
1.38857
-2.41732
0.45062
-0.39922
0.10560
1.21012
-0.55058
-0.85496
-1.12958
1.82317
1.32625
2.29032
0.97657
0.67118
2.98430
-2.54670
1.33046
3.34150
1.80610
3.54790
-3.17605
-0.55587
-3.30749
1.07871
1.33474
-1.09042
0.77396
0.12330
-2.62268
-0.66261
1.22039
-0.55033
0.87249
2.03836
0.58851
-1.69449
0.20674
-1.00842
0.47187
-0.25760
-0.01226
-0.09232
-0.11499
-0.03028
-1.20684
2.14842
-1.33845
1.53854
1.81891
-0.59558
1.73315
-1.40032
0.24232
-1.88682
0.87056
0.04620
1.51650
0.66983
-0.55537
-0.81865
-2.32482
1.31304
2.35390
-2.54779
-1.86404
2.98664
-1.72899
0.74799
-0.45137
1.33345
4.62208
2.72402
3.20984
1.02280
-2.69871
0.12933
-3.43384
-1.56919
-0.64007
2.09509
-1.24423
1.40912
-2.55222
-1.34365
-0.95710
0.18633
-2.18002
-0.18369
0.58183
1.14264
0.75281
0.93705
-0.25184
2.00739
-1.44686
0.87858
0.14756
0.28810
-0.94256
-0.88422
-1.90379
0.63316
1.69265
1.31167
0.86988
-2.40738
0.04112
-2.72907
4.76976
-0.76962
0.00060
2.85736
2.81656
-1.50256
-1.13923
1.46940
1.61432
0.41057
-2.36336
0.44278
2.56744
4.22129
1.96197
-3.41930
-1.70632
-0.62864
-0.97531
1.92550
-0.51857
-0.89611
-0.87526
-1.51415
0.65302
-0.27783
-0.76094
-3.85834
-1.20090
0.14469
-0.52715
1.81899
2.12966
2.82654
0.50494
0.79841
0.07092
-0.48975
-1.68234
-1.98403
1.81798
-0.40811
-0.78108
-1.73184
2.40474
0.20635
-0.00625
0.62114
0.32127
0.18691
-1.86886
1.03861
0.15804
-0.56302
-2.04038
0.30699
0.18403
-0.85429
-2.88308
-0.09903
0.95956
1.16370
-0.01300
1.03095
-0.62682
-1.80102
-1.41277
-0.60837
0.56337
-0.21221
3.02639
1.81625
0.15963
0.40657
-2.04490
-0.84635
1.40229
-0.63542
0.31002
-1.14752
1.37977
-0.29385
-0.32475
-0.80350
-0.48163
0.44151
0.12469
-3.34881
-1.91077
-1.61473
-0.39356
1.05944
-0.76837
-1.59949
-2.23403
-0.08318
-2.73288
-1.60350
-1.50032
-0.80333
0.33585
-1.29139
-0.86770
-3.36736
4.11035
1.62943
-0.20299
2.69081
2.21293
-0.68781
-1.37818
-3.38316
3.45917
-0.88041
0.98673
-0.52688
1.47868
-3.05295
2.05317
-2.77227
2.67424
-0.97171
1.46926
-0.71856
0.32702
-1.82058
1.03182
2.48851
-2.45941
-1.77213
-0.88366
1.31203
1.81497
-2.04293
1.95240
-1.37067
-0.02279
-0.76229
0.62370
0.20476
-1.00962
0.02132
0.79498
-1.80622
1.27161
-1.24307
0.93623
1.30178
-0.45132
0.15977
0.14125
-2.10935
0.93684
-0.89663
1.60122
-0.81300
-0.71827
0.99490
0.81928
-2.17111
-0.32599
-0.03323
2.00173
-1.57868
0.28939
-1.06178
0.12930
1.49234
2.18109
1.32832
1.16272
-0.26396
-0.54993
2.43443
1.32257
-1.22638
-0.39869
-1.44010
-0.55829
-2.31480
1.06674
0.00032
-2.41361
0.59324
-2.27546
-0.73482
0.62646
1.24401
-1.04527
2.60478
-0.63020
-1.73213
-3.76439
-0.14100
-0.81672
3.50579
2.21212
-1.22297
-1.10257
-1.09202
-0.56639
0.08381
-2.67464
0.27492
-1.78668
0.99571
-0.96070
3.66054
-1.21534
-1.61573
-3.08391
-0.24912
-0.04412
0.14750
-0.02623
0.57367
0.05602
1.17175
-0.17840
-2.79977
0.80629
1.23621
0.03682
0.16571
0.73832
0.36659
-1.75134
1.11204
-0.00617
-0.37056
3.44860
1.37909
0.50587
0.88372
-0.30849
-0.05089
0.25400
3.18524
1.71875
0.09259
-0.63739
-0.14577
-0.01610
2.17208
-0.41190
1.70666
1.29885
2.07945
-0.03502
-0.55481
-0.57157
-1.36100
-0.95722
-1.06107
-0.00251
2.67550
-0.18377
-1.49180
-0.95887
-0.57279
0.42520
-1.05846
-0.18167
-0.89872
1.74843
-0.13580
-1.33411
1.42194
-1.29242
2.61427
2.43287
-0.12946
2.20255
1.53789
1.21774
1.99191
2.68302
0.65982
-0.82672
-0.53040
0.48128
2.35812
5.18178
-1.38953
2.92239
-0.59697
2.35993
0.56648
-0.14419
0.67600
-0.59832
0.23550
1.66090
0.60541
-1.41682
-0.43483
0.08426
4.65955
0.98303
-0.08633
0.40336
-1.39919
1.48501
-1.36891
0.81686
0.25527
0.80694
-0.45564
1.52624
0.42039
2.03778
-0.17441
1.45352
1.75155
-0.66065
2.31643
1.91325
1.56306
1.25854
-0.71697
-1.68975
-0.80244
-1.54518
3.52798
-0.35258
-0.26487
2.66536
1.56512
-0.70086
-0.15127
-0.99872
-0.92776
2.24786
-0.48952
0.52579
-2.37203
2.08841
-0.15420
2.43285
0.18163
-3.30530
-0.63166
-0.17832
-1.84125
-0.38161
0.06366
0.15580
1.43591
0.97992
-0.02566
-3.95706
0.58075
-1.69257
0.09061
2.16734
-0.58790
2.57673
-0.63478
1.55616
1.06607
0.10410
0.13641
-1.98439
1.63861
-0.11783
-1.43192
1.23501
-3.21999
0.32243
-0.12067
0.87423
-1.26944
0.61814
1.55673
1.65853
-1.71659
2.59254
-0.37041
0.22388
0.49889
-2.90528
-1.00304
-0.10271
-2.37446
2.13407
1.82199
0.34216
-0.50953
3.12200
2.32065
1.63264
0.49108
2.68555
-2.76118
1.09813
-1.54308
2.92256
-1.79453
2.53634
1.19223
-1.04627
1.67987
1.18021
5.38868
0.00632
2.14348
-1.15853
-2.00248
1.58760
-1.30686
-0.25860
0.14880
1.93991
1.25448
-0.61037
-1.88989
2.65323
0.34367
-1.17122
0.16342
0.67869
-2.02793
-1.82340
-0.54018
-0.03714
0.75886
0.00584
2.16965
-0.07851
1.47238
0.09280
0.40653
0.26562
-1.52539
-1.89668
-1.12036
-1.98843
1.10394
-3.29994
-1.44744
-1.66078
-1.92990
-0.93202
2.41630
-0.47508
-1.15434
-0.55199
-1.05716
0.08813
-1.73991
0.81973
2.52118
-1.09348
0.36744
-0.05726
2.02997
-0.78189
-2.59572
-1.49339
-2.22617
-0.64527
2.11206
-1.39834
-1.38218
-2.34573
-1.06537
-1.73768
0.46677
0.39048
1.17003
0.28378
0.00397
0.51636
2.65868
1.41699
-1.58794
0.32108
-1.25515
-0.02052
0.89092
-0.69815
2.14734
2.93486
1.00467
0.32730
-1.83913
1.62319
0.43458
1.30979
0.47465
2.74956
2.36744
1.99914
0.40417
-0.08992
-0.04284
-2.50099
-1.54118
1.71932
-1.54099
-1.58110
0.33302
1.41001
-1.48566
-2.38519
-1.52536
0.45506
-0.86549
1.89889
-2.74950
1.49636
-1.00001
0.51090
-0.81689
-0.76982
-0.51476
0.61504
0.30411
-1.72106
0.41031
-2.12091
1.69290
-0.46336
1.68992
0.05226
-2.56467
-0.43413
0.02095
-0.98658
0.97408
0.84418
-0.19619
1.99059
-0.59109
1.09210
1.19274
-0.35809
2.68504
-2.73155
1.92698
-1.30073
0.38673
-3.36903
0.87132
-0.60013
-0.97618
1.38583
0.84454
-1.30660
-0.09351
-1.14045
1.19804
1.48832
1.35514
-0.34204
-1.10762
-3.13531
-2.30237
-1.33195
0.78705
-1.64710
-0.71140
-2.88971
-0.38544
0.47585
0.21742
0.50709
-1.38301
-0.71792
-1.46195
0.46044
-1.42671
1.82382
-2.16636
0.38173
-0.04794
0.69164
-0.92286
2.72814
1.34122
0.87021
0.46708
2.02265
-0.37829
-1.58099
-3.61131
-2.04764
-1.83195
0.89721
0.14747
-0.07023
2.90828
-2.98882
-0.26691
-3.64073
-1.53747
1.51767
1.26846
0.48780
-1.58078
1.43529
-0.33407
-0.24783
-1.05517
0.84307
-0.92329
-0.18961
-0.53344
0.98604
0.65208
1.82315
-0.34721
1.23827
-1.78597
0.30060
2.65079
-0.57847
-0.43631
-0.23534
2.64011
1.36187
1.06031
-0.31482
0.93925
-0.51940
0.11087
-1.75996
1.87673
-0.26281
-1.56262
-1.00980
0.15338
0.52044
-2.46334
2.45621
2.70647
0.46569
0.88012
4.25693
1.99293
-0.95742
-1.51165
-1.12238
-0.46853
0.07954
-1.66727
-1.56948
2.32816
0.12995
1.25216
-0.08475
1.32539
0.77482
2.20941
-1.31759
-0.22048
-0.05581
1.72936
-0.90575
-0.12324
-2.89101
-1.34835
2.31886
-1.26230
-0.22430
3.25916
0.92035
-0.98539
1.91088
0.21282
-1.76309
0.07310
-1.50193
-1.95543
0.74658
1.55144
-0.06950
0.04860
3.84808
-0.40908
1.52351
-0.24623
2.09036
1.73598
0.49639
0.86887
1.71442
0.94449
0.52652
2.14588
0.81753
1.19605
-1.48157
-0.38825
-2.43031
0.28556
0.20272
-2.23008
0.51177
3.05539
0.82010
-2.63485
0.23211
-0.47520
-1.15355
-0.93208
1.02880
-1.42599
-2.29273
2.30877
-0.49276
2.33604
-1.94767
0.83693
-0.87200
-4.07942
-0.93408
-1.07979
-2.04064
1.34334
-1.12623
-1.74906
-0.22110
1.21592
-0.62687
4.71837
-1.43123
2.66316
-0.00717
-0.21228
-1.32918
1.42463
-1.83319
-1.43537
1.48263
-0.44288
0.26440
0.05954
-0.67675
0.15406
0.35948
-1.95494
0.16110
2.06858
0.47155
2.87135
-0.35140
-1.61002
1.87352
-0.40339
-0.32362
0.78637
1.59015
2.49831
-0.36768
-2.57942
1.58205
4.43767
-0.25486
1.72639
-2.27224
1.82566
-1.58011
-3.16835
0.71075
1.12295
-0.48605
-0.54752
-1.77282
1.32768
2.65461
-0.08866
-0.71881
-1.72831
-2.16763
-0.26950
0.00446
-0.43014
-0.05892
0.27630
0.55781
-1.99545
1.01873
-1.90587
1.54220
-1.63352
-1.03101
-2.20374
-0.75564
0.13407
-0.40976
1.11142
0.75538
-0.69847
-0.91670
-1.77695
2.09350
2.06368
1.09704
-0.20224
-2.15656
2.54526
4.15718
0.89256
-0.41081
-2.72868
0.63764
-0.15578
-1.14768
0.21814
4.21045
1.08823
-0.33784
-1.98033
0.37245
-1.61481
0.13437
0.61998
1.13773
2.29652
-1.04156
-0.22157
-1.56965
0.79464
1.53647
1.09545
-1.78248
2.38883
-0.41986
0.58346
-2.67223
0.97465
-1.07637
-1.86614
-0.18906
1.95671
0.69422
0.76607
0.64976
1.74181
2.21132
-0.53780
3.08841
-0.21477
2.18966
1.01483
-1.31184
1.16583
1.92577
0.16161
0.45437
-0.25710
0.94595
0.71597
2.77939
1.00653
1.20589
0.60335
-0.00330
0.00750
0.73581
-0.15112
0.60787
-1.72979
-1.15444
-0.91715
0.72824
1.37535
-0.12701
-2.56992
0.38805
0.24090
-0.71969
0.31877
-3.78545
-1.64676
-2.23291
0.64230
-1.77250
2.13522
-1.23417
-0.23190
-0.08373
-0.56438
-0.04306
0.60770
-2.53098
3.06637
1.33161
1.49781
-0.49868
-1.21967
-1.42232
-1.16547
3.60849
0.44683
0.39750
-1.85757
-0.37462
0.88965
-2.86731
0.68994
-0.13674
-0.64300
3.55281
0.86884
0.56343
-0.45355
0.21693
0.76063
3.06217
0.22835
0.86266
2.46415
-1.02230
0.41376
-1.12989
0.59056
0.83935
-0.67131
-1.06260
-1.73231
-3.29572
1.87516
0.04558
2.15292
1.74684
-0.61980
1.44407
-0.10496
1.71140
-2.25039
-2.29097
0.19087
-0.43725
1.58636
1.36836
0.67664
2.09101
-0.14965
2.20386
-0.81665
0.81540
1.96559
-1.01074
0.74518
-1.00399
0.31751
1.58299
-1.36986
-1.55698
-1.56526
-0.85935
-3.72525
0.69532
-2.85261
-0.57739
-3.03249
-0.17191
-0.80587
-0.49188
2.14442
2.67424
-2.61047
1.47560
0.26918
0.52234
-1.55056
2.07579
-0.62715
1.79561
0.49556
-1.49435
-1.38571
-2.09142
0.59830
-0.36008
-0.04116
1.53256
3.20406
2.10099
0.74964
0.01557
3.38879
1.91025
-0.43422
1.77359
0.54580
-1.41902
0.54835
-0.66970
-1.49122
-0.14410
1.05266
0.20651
-0.84929
1.05241
1.26397
0.09137
0.71973
-0.17623
-1.62203
-1.85124
0.69774
-0.31612
1.01822
2.06724
0.49218
1.16748
-0.90307
-0.25732
1.89985
-0.08529
-0.13283
1.79367
0.13374
-2.15389
0.92186
-0.75485
-1.14947
2.18474
3.23878
-0.38460
0.68810
0.67054
-0.00222
0.78610
-2.32826
0.80538
1.57842
2.05304
0.43697
0.41441
1.89111
-1.70400
0.80370
0.42618
0.36613
0.31966
2.47682
0.19799
1.28675
-1.04507
-0.58833
0.34576
-2.75927
-1.44245
-0.25004
1.41231
-0.87369
-1.13961
0.86904
-0.79610
0.38317
-4.23204
-0.31125
-1.66829
2.47057
-0.50623
-1.12206
0.98147
-0.92364
1.19670
1.80158
0.11518
-3.67660
-0.10288
-2.15651
0.66818
-1.48104
1.91842
1.36612
-1.30823
-0.48857
-1.00070
-1.29471
0.08244
1.78609
-0.28489
2.33965
-0.32792
-1.62116
1.68400
-0.25879
-2.26332
2.29698
-1.57664
-0.61417
-0.93316
1.05033
-1.21184
-2.28895
-0.26695
2.93940
-1.38971
0.37287
-2.27455
2.03418
-0.38001
1.68730
-3.07939
0.06264
-2.60497
-0.61750
-0.33524
1.98693
-1.10742
1.16816
1.92723
1.60105
0.77992
2.76800
0.84423
1.20397
3.63073
0.82465
2.62229
-0.60930
1.61410
-2.01218
-1.03516
0.71205
0.33093
-0.02242
0.27639
-2.96196
0.80784
0.77750
0.50613
-1.01720
-0.41450
1.53339
0.24123
0.44894
-1.22598
-0.90922
-0.34304
0.91710
1.01142
0.99702
-0.37148
0.93174
0.15890
-0.58949
-0.35024
0.94898
0.86354
-0.89115
1.01204
-2.09983
-0.00733
-0.81138
-1.31489
-0.13164
-0.32819
-0.22637
-2.72230
0.81307
1.26393
-1.48503
0.99980
0.94865
1.38785
3.00570
0.14082
1.14637
0.09369
0.33763
-3.67532
4.33337
0.52507
0.26602
2.46044
2.90183
1.07508
-0.62361
-0.61887
-1.17356
-2.33908
-0.26309
-2.04816
0.57789
0.00422
1.48637
0.18304
1.42332
-0.77089
2.91211
