-2.72036
-6.57363
5.18175
-1.90677
-3.62941
-2.52946
2.70941
4.78505
-9.07064
-2.18556
2.13888
-9.87312
-7.46574
7.31486
-0.59692
-8.33424
-1.21364
-4.19838
0.44995
-2.56915
6.01096
4.35255
-1.92617
10.70648
1.12731
1.46041
0.80011
0.67060
-9.53925
-3.71761
1.65266
-3.30716
10.73086
9.57397
-5.96070
-5.12933
0.84690
-0.46054
-1.32848
3.41544
-1.08498
-3.47495
3.81042
-4.43521
-1.12494
-5.74733
10.74261
-1.72414
3.00210
-2.91616
0.29011
-4.15536
-0.69612
-2.37590
3.31608
7.80299
-5.85642
1.25090
-1.75595
-2.26483
-3.44779
-1.89078
1.13263
-10.33390
-5.75095
-2.48861
2.74223
2.53060
-3.29190
-4.13202
5.28290
-3.29622
5.36893
8.87122
4.18105
-3.51022
-3.48684
2.66878
-1.37798
1.12902
1.75910
-0.48272
-8.84541
0.53878
-11.26160
-4.33142
4.25025
3.26363
15.18433
-3.84566
-6.65719
-9.57451
-2.34525
-8.20808
-3.63886
-0.44547
-4.74735
3.26754
1.75446
4.43464
0.33878
7.40876
-1.27247
-2.82298
1.02513
-1.47220
2.61193
6.67389
-3.65543
2.95908
-0.55556
-2.15711
0.12606
3.03456
-2.88882
2.20223
5.89541
-2.46097
4.80175
-2.24485
-4.57828
1.39182
-7.30945
3.00564
1.51791
2.96660
3.59354
1.90450
-6.88574
0.20468
-3.46890
4.08950
0.67598
0.95477
-1.94521
-9.99171
-4.82763
-1.95345
-0.15096
2.20925
-3.93276
-0.64017
2.09548
2.23402
-2.65054
6.31763
-8.64193
-1.23333
-8.05325
3.45082
-4.01531
5.13179
1.08751
-3.12360
6.40975
-0.79311
9.49746
5.33183
-5.10781
2.62973
-3.00476
1.72367
10.06178
3.78512
-8.82166
10.68459
1.36591
0.26406
-2.04801
9.26354
-4.14287
-4.61710
-6.19044
-5.03728
-1.99061
5.97040
2.19784
5.13039
0.73930
1.98558
-7.82727
7.27238
-1.34881
6.83727
1.39867
2.51757
10.69469
-3.55845
3.58422
-0.81351
-9.62326
-3.38263
10.02390
-10.93845
8.43449
8.35587
1.98278
0.72412
3.67753
-10.55298
10.26878
4.47235
2.26691
1.88317
-4.72086
-7.42848
-3.76260
-5.57135
4.76062
3.97108
-1.00050
-7.94047
1.72575
10.21300
-4.71212
1.40668
-5.00974
0.68541
-1.58566
-0.33916
1.47755
-4.55536
4.91657
1.76443
-8.80354
-1.41340
-6.83846
-3.70202
6.31647
6.62147
-4.99586
-1.12252
-2.43441
-2.65297
-1.02016
4.07627
8.22364
-6.41301
0.29102
0.13319
-2.72272
0.96601
-0.92691
2.41294
-6.33407
0.74374
-0.99992
-1.56996
4.50244
-4.36325
6.75968
-8.98629
6.87528
-9.58978
0.18579
10.50401
7.61699
-7.62630
-11.59042
3.27075
2.77969
-6.79656
-1.31428
6.61490
6.66502
1.79200
-6.81943
6.17855
-2.44480
4.51096
-8.32478
-0.08660
5.11169
0.50247
-2.26267
-1.47225
-8.25656
10.55754
9.67204
-1.28565
-6.81097
0.96119
1.66296
-0.21126
6.18731
0.01319
2.05949
-1.59026
3.28906
16.45180
6.25653
-1.20839
-5.80848
3.41916
-2.15461
-4.89607
-7.13543
-6.69366
2.59420
7.38503
-4.17769
3.14588
-8.74190
0.60692
0.40322
-6.34199
7.28077
-15.93424
10.59166
8.02394
-9.92904
-5.82078
0.40236
-3.13861
5.16475
2.55102
-4.75896
-7.15804
1.49402
-3.87966
0.04478
5.91009
-7.89234
5.05763
3.42754
2.69304
-1.28429
2.07975
4.45071
1.31386
4.06517
2.37770
-3.84333
-1.62960
7.78322
1.48518
3.95591
-0.19585
3.45933
2.64183
1.62037
-3.08244
5.71583
-8.09591
-3.26874
-4.01602
2.19748
-3.54712
-1.76729
6.35041
2.97949
6.34998
5.18560
-5.63324
-2.33654
-3.62859
1.01188
-3.95909
-0.66712
-0.66773
-1.55015
5.26290
4.25811
1.17248
1.65899
0.72909
5.01117
4.35653
6.53113
1.79709
-1.73186
-4.30736
-2.79181
8.71429
1.70298
1.50655
-0.85407
-2.51672
3.26909
-11.12947
-5.56679
2.52936
1.01219
-0.96914
1.05483
-0.29280
0.77830
2.30361
-8.67174
1.96412
7.42590
-4.03136
-1.64387
-4.68986
-0.14902
0.69302
-2.63513
-6.47586
1.34064
-6.14643
-5.20887
-9.90323
1.58531
-8.51288
-6.03974
4.47003
9.71350
4.59489
3.51286
2.24527
-0.68987
2.37435
0.03132
5.33848
11.89347
-6.20010
3.11330
0.05812
-13.46548
-5.15503
2.53617
11.59669
4.03177
-5.53725
9.39139
-8.67028
-8.66103
5.87552
0.04669
1.15908
2.42670
1.64629
5.61102
7.63348
12.66587
4.90395
5.24946
3.76106
-0.52066
-0.96235
-0.02074
-2.94705
4.66176
3.28291
8.15900
6.30578
-4.70632
10.10011
1.66727
-3.11618
-1.19912
-0.85292
-3.62129
-1.21872
-2.01020
6.25641
2.77035
-5.38351
-2.41672
-4.84212
-3.17379
7.64795
1.00018
-9.78957
-2.97518
-6.95182
0.94368
6.17989
-8.98160
5.81647
-10.31750
1.73076
7.22161
-3.44653
4.40286
3.95583
0.63869
4.79015
-6.09270
6.31815
0.83511
-3.88851
0.30270
-11.38283
-4.78615
2.25152
-2.67860
7.19181
1.34762
7.10958
3.41527
0.03421
-5.66188
4.09508
3.56281
-8.38505
3.62915
-17.88658
13.95638
-2.08800
-7.28917
-2.66998
-1.38649
5.78142
0.98565
5.17481
13.72492
-5.91287
-7.20204
5.86952
-1.04198
-0.01610
2.75388
4.85460
-4.65324
-1.10608
-9.90707
10.09730
-6.10784
1.44962
-6.05673
2.33209
2.68557
-4.01169
10.12348
4.87646
-7.87651
8.29228
4.38189
1.64239
-1.20462
7.78456
3.23505
-0.15098
0.10058
-1.12552
0.95529
-8.87877
0.11455
2.90768
3.34744
-3.40454
-4.07040
5.45919
-1.26688
-4.42092
8.61916
-9.57593
-2.98476
3.75405
0.06038
2.98883
6.80284
-3.57532
1.52916
8.06028
-3.73220
2.92362
3.88537
4.22446
9.63901
3.10575
-5.26646
-8.89654
-3.93184
4.75101
-4.68864
5.82975
3.50365
-0.66409
1.45163
6.75091
5.76833
-4.71902
2.71149
8.61228
4.54905
1.58608
-3.99369
-7.48771
5.39219
5.47010
0.08824
-0.65006
-9.89954
-12.33544
-6.07845
0.87095
4.13435
3.89555
4.47514
-4.65773
-3.20845
0.61133
5.45926
-10.16555
5.97376
0.60362
-5.69096
-1.52724
0.02535
9.22183
4.65552
3.74538
-2.05024
3.38321
9.43959
-0.29858
-0.56018
-2.80671
-8.15880
-2.14158
4.13365
-4.01188
4.94261
1.15989
-10.59747
2.13245
-3.64772
9.09413
0.28659
2.69257
-1.00774
-1.08324
2.27994
1.67837
-0.78949
6.40410
-4.26930
0.87511
2.58561
2.02254
-7.10018
3.53959
5.24334
0.97959
9.24951
-2.63099
-4.52873
-1.91851
3.14836
3.86313
6.33831
4.03689
7.38026
-0.77173
-2.53780
3.61765
-0.92012
3.93220
1.57921
10.04794
2.17260
-2.99201
1.31697
2.13924
-1.61802
0.70717
4.21012
-0.79317
1.31045
6.01686
0.09794
4.83160
-4.31955
-0.90317
-1.75249
-1.12248
-3.40525
4.53352
-8.42456
4.91705
6.45002
3.06495
-3.25856
-1.86259
7.33870
-3.03958
-5.91687
7.95007
3.96177
3.86753
2.65616
10.27289
4.28571
3.44679
-0.20913
-0.70373
1.36904
3.26853
4.81343
5.74138
-4.53468
9.17186
-0.41723
4.58211
7.92908
12.77867
-1.13629
0.00194
-7.75950
4.48158
1.68459
-3.24086
4.87248
-0.93588
7.49165
0.19259
-4.38153
-1.86721
3.04487
-6.00759
-8.58927
3.44978
-3.88435
-0.39542
0.15038
-10.84689
7.37726
4.93414
-1.67880
-3.30328
2.46645
-1.69199
-1.88645
-1.99650
1.14170
-2.48031
-9.55543
3.47823
0.01178
-6.15980
1.50874
-3.61839
5.64546
1.02037
-6.57399
-6.82156
3.95932
-3.07428
-9.23163
2.49176
5.40022
-7.47920
3.01380
11.29203
-0.64588
0.28344
-0.10021
0.80039
-0.48365
-3.16680
1.71796
-2.48300
3.30357
2.93003
2.15767
-4.11496
9.21337
-1.04525
-0.78278
16.24957
-0.62735
3.21284
-0.15402
0.91522
1.65035
-7.09764
-5.33801
-10.75776
-4.64577
5.53207
-4.12992
4.06849
5.23517
3.37028
-11.31790
6.63025
0.81500
11.10942
-5.71433
-6.79471
-6.33069
6.21454
-1.00812
3.54385
3.18675
15.72152
-4.98039
2.03385
-4.95953
-2.80053
-1.13830
-2.13126
0.48681
-2.99762
3.21189
1.31127
-3.04635
1.20283
-4.10045
-0.59672
5.60489
-1.81021
2.22469
-1.23032
-0.31427
-4.19497
-4.49947
4.66690
-1.37485
0.55880
2.42899
-0.03409
-2.34858
-6.49924
2.68901
-3.58804
2.13720
5.14717
-6.09980
6.23934
-9.27306
6.19870
-5.51377
-1.91373
2.97001
1.94690
2.86938
-0.42599
-9.77024
2.26047
4.91539
-5.20805
-0.81768
-4.36911
10.38169
-3.13680
3.20344
4.79355
10.40144
5.33365
-5.58899
0.43732
-1.80597
10.57295
-0.13888
0.30744
4.52516
-1.24410
-3.83219
0.74971
-4.27510
2.38407
-3.51792
2.94496
-0.93823
0.35784
-6.41357
-2.27555
0.01936
-3.84607
-7.37834
-0.14561
-2.87956
-1.02416
-0.56423
-1.44494
0.61811
2.47239
-3.11904
-4.50676
0.09678
10.16645
-7.47650
1.69448
5.76853
1.75475
-0.30211
-5.94745
-2.55866
-6.51534
5.52712
5.77297
-3.37669
4.22132
-0.40691
5.80392
-0.75944
9.33736
7.71694
-3.32845
8.24203
3.90318
5.74364
1.03278
7.91415
-1.28712
4.17918
6.31667
1.14370
-4.39219
-0.52837
1.43197
4.49752
-2.49571
-0.99810
-1.44189
-3.18509
-11.02371
-8.80098
-5.08116
2.83527
6.11421
-1.85014
0.42174
4.64606
0.53841
-0.71988
-1.34864
-5.94850
1.09069
1.72914
-1.61924
-0.86567
0.97319
0.48917
6.80285
-5.49570
-7.52182
2.17547
-4.22925
3.67395
-5.28660
-5.44577
1.25623
4.07182
-4.07478
6.86808
-2.51608
-0.59585
-0.37859
-1.02841
5.02522
-2.21953
0.19732
11.79720
-6.63039
4.69159
1.85704
-1.37585
-9.84744
2.66683
2.16417
0.57447
5.41852
0.51106
-5.65680
-7.64877
4.10926
-1.38267
1.69029
11.80619
-0.94631
3.54808
1.09219
-5.75207
-1.29217
-10.50323
-0.47455
-1.81224
10.90779
-2.02080
-0.95415
-3.34690
5.20140
2.55695
-3.63724
1.74899
-6.93849
-1.78238
1.37371
2.55526
6.99816
-4.39936
-4.23176
0.54594
-4.11718
2.51056
-7.80917
-7.49776
-10.46255
-2.88289
-14.05059
2.08772
-4.34953
0.37219
-11.63882
-3.95303
-7.68836
2.01799
0.65491
-6.16848
-2.81780
0.54922
-10.32431
1.22446
11.51056
-0.23799
7.44002
-2.16327
0.64438
-6.48269
8.00086
0.98878
-0.05034
-10.68871
9.69376
-0.49385
4.16054
-7.36588
4.91417
-1.58941
-1.48913
6.07407
-3.28284
-8.46649
3.15318
7.77709
-2.98530
0.88122
-10.53855
-2.72675
4.31801
1.61582
2.26450
1.64365
-3.69895
5.61799
-6.87785
-3.49325
-4.94561
2.49005
-1.28907
-5.56895
6.60548
6.99087
2.82512
-3.84191
1.51254
-2.62396
0.09649
0.00940
2.36115
0.22633
-2.33631
-3.31078
-4.43224
4.53388
-2.44678
-5.88653
-11.31554
12.20298
-4.91435
-6.88703
-0.86719
-0.85907
-0.75522
-4.27883
-5.08754
7.88141
-2.48968
-5.31567
1.86362
-6.82284
0.52680
-1.17689
-1.94277
-1.77509
1.38560
-2.12873
-5.39504
4.02876
0.30323
1.88650
-5.61894
-3.85471
0.96525
-4.45936
1.04827
-5.19157
1.47730
8.06371
-4.53014
-3.15481
-3.63060
-5.64759
0.87468
-0.49636
-3.75725
4.78732
1.29854
1.44355
-1.26054
-9.09504
10.81561
1.02853
-3.96362
-1.11176
9.77237
-0.13889
-7.74437
-1.55417
5.55425
-2.15960
-6.24303
-2.12002
5.49920
-9.23719
-2.35203
-0.53849
-0.66344
2.15116
7.08292
-0.33593
4.92441
-10.43810
-3.77862
-3.59672
-10.99098
-0.58531
-0.00707
1.34613
-2.62886
-9.34862
2.39245
3.85688
-8.83664
-1.72088
-8.99179
6.33490
-0.02003
7.65618
-2.63983
-0.58893
-1.67161
5.65402
-5.11643
0.92203
-0.42057
-2.29682
-1.54000
9.44890
-0.04347
3.82475
5.30736
1.04296
-5.65253
-6.89528
1.81590
-8.24900
5.05984
2.52260
6.72048
0.05979
-0.74851
5.15668
-12.60267
-2.45417
7.02334
-5.53685
-2.97037
-1.78098
2.67562
-3.40267
2.73395
2.34618
7.67981
1.69061
-1.55168
-9.83875
-2.50903
-1.60804
0.13758
6.68006
-6.61875
11.53963
-3.87435
-1.35998
-7.92412
-1.11670
-2.40735
5.22515
3.50885
-0.82770
-3.73261
6.37265
3.40610
6.91103
0.59728
-9.65590
-6.63693
-2.49872
-5.18080
3.34682
-2.46233
-7.76543
5.09054
-4.47308
-2.92075
-1.89236
3.26347
-7.96252
3.05674
2.76704
-4.73017
-2.48219
-3.61122
-4.98764
-3.55442
-2.92783
1.62025
2.84463
3.86353
8.54972
-7.93784
6.43872
-4.65457
-2.40553
6.25524
-0.09882
6.43453
2.67776
6.84606
-8.58221
-0.13210
-8.94591
-3.83140
1.29766
-6.46532
0.08639
-2.08463
-6.00006
-5.11179
-7.52611
-2.85131
-4.85932
7.74280
4.16919
-1.11539
-5.39972
-2.85991
-6.78819
-2.37759
5.99980
-3.51679
-3.30341
7.97847
2.85182
7.84465
0.09797
7.58094
-4.74798
1.57236
-9.13873
3.19476
-0.29108
-3.31857
1.47581
2.07697
1.04543
5.20735
-3.65387
-0.58295
-0.71829
5.37284
-4.44584
-9.80629
-0.47107
-3.80594
-4.96070
-2.87658
-3.48619
-3.20213
0.42263
-3.21098
1.37470
9.17223
0.36192
0.48540
-3.81391
-5.85507
4.54375
7.66275
0.26552
6.86456
0.41641
-3.42219
-1.82317
0.99319
-8.79641
-6.40229
9.80519
6.95361
-4.07118
1.96146
-4.64792
-8.49300
4.48943
-0.93651
6.69482
-5.78665
8.07109
9.42894
0.05671
-4.22159
-5.08321
-0.64065
-1.59316
1.05913
-1.00847
2.33909
1.91841
-0.67031
-13.21648
5.62435
-2.91126
3.46931
-1.07279
6.37781
-0.20352
-9.52593
8.61883
2.28980
8.54112
-0.19079
-3.65723
0.19709
-0.58159
-1.41066
1.82795
0.51882
-5.85909
5.27905
1.62945
9.69038
2.22161
-2.39132
-2.94778
-2.25321
6.94163
5.38872
-1.90399
8.67966
3.21006
-1.53561
8.06392
3.19391
11.57425
5.45762
1.15785
-13.84013
3.02837
-4.76750
4.25145
-8.79162
4.75587
-2.56188
4.40079
2.10700
-3.72853
-2.95835
-2.86783
-0.41455
2.26311
3.06282
-6.20323
3.17523
3.32417
-7.71770
-4.54522
-5.16661
0.16374
0.71713
-7.60568
3.09168
5.12355
5.14343
1.86400
8.70420
0.45726
4.07489
1.01807
0.54898
-6.62020
5.40633
4.99562
1.73070
-7.76622
1.33347
-6.12880
-2.32594
0.90553
3.95515
-1.82526
4.92763
-1.09007
-0.44444
3.48903
3.69323
-2.19261
6.00849
-4.24435
-1.71579
3.83237
8.43308
-5.80570
-5.46714
-8.00411
8.09057
3.34768
-5.16160
-3.17209
0.50593
6.37189
-11.18303
8.44989
-5.85940
-2.36809
4.47104
-1.44640
7.15941
12.86316
-3.06317
5.16034
0.54902
0.75183
2.55095
5.60974
-1.11318
10.10019
-6.34848
4.62846
7.14401
0.15941
-0.38835
4.06462
3.64346
-5.34631
0.90578
3.02202
3.16376
2.28909
-8.06231
2.11793
12.78453
0.13508
-7.78297
-2.42503
-4.24478
-1.48214
-4.19090
-0.76694
0.03508
6.28730
13.61723
-0.91621
-3.82416
1.68560
-1.14336
6.77963
4.62411
5.65902
3.82404
-3.59832
-5.48470
0.88165
2.51034
5.97111
-0.01123
-4.29860
4.42850
-2.19879
-6.25196
-4.81511
-2.39323
-7.61509
-1.48397
-6.02340
3.67888
5.55130
-0.10526
-5.38053
9.17192
0.86056
-0.68992
-8.44832
-1.20924
3.99150
-8.54219
3.45065
-1.76278
0.95129
5.47540
2.51285
7.46390
-0.59425
-1.74490
3.04130
1.24590
6.57968
2.66906
1.26347
4.97997
4.66099
-6.45989
0.24054
3.23998
1.95932
-7.67913
0.23526
-5.93308
7.73456
-3.68308
1.99954
6.99295
-2.31575
2.00583
-0.85575
3.81897
-4.07236
5.08366
-6.06720
-2.18509
4.08796
-2.36353
-2.43392
10.67025
1.54808
-1.32344
2.17668
-1.15065
-6.16962
3.51294
2.59556
9.18635
8.04183
-5.54905
1.16688
10.76250
-1.60151
3.71609
-1.03088
6.48140
-3.65626
0.72815
-5.75832
1.33696
-9.70637
3.04245
-3.35465
0.72362
-4.08733
4.39706
0.88006
12.03653
3.01413
0.60471
4.11870
-8.40541
4.15607
-2.01567
2.45523
-6.83954
3.46578
2.24887
-6.01146
3.90926
-7.00857
-1.25470
6.73139
2.60975
6.27389
-1.12765
-1.07574
-8.33019
2.00616
4.34314
-3.94250
-8.65037
-1.30857
6.20334
-2.30486
-5.25271
-3.97181
1.39211
5.15968
-4.22290
5.73988
3.57035
1.67109
1.14684
4.06910
0.77102
3.56068
0.07843
-10.49791
1.69509
1.18730
-0.43602
-5.56301
-4.83746
-0.98465
7.52428
-5.14325
1.50378
0.43772
5.32251
-2.84907
-1.90602
4.39798
-4.26899
-1.40346
-6.75339
-1.88250
-3.15821
7.70272
-5.93346
-3.40496
2.36812
5.46943
1.30279
3.42545
2.58091
-1.00356
-0.96420
-2.11972
0.73745
-5.93954
10.12623
-3.05715
-3.88917
0.02036
-1.53694
1.99805
-0.38653
1.56556
4.39582
-0.83535
1.23996
0.09869
9.90995
3.50410
2.77971
-4.85405
-6.26302
-0.89713
-12.36017
2.22641
-4.70845
11.27384
-1.57363
9.51581
-10.43307
-6.04518
-3.52032
13.57322
-7.56622
-0.03179
5.29414
1.19520
-7.33634
-0.54963
6.39427
-9.12486
2.15940
7.32516
-12.66222
3.20388
-1.84978
1.61605
-3.63990
-1.84790
0.53321
-5.62720
6.37278
0.77230
5.76886
-2.05561
-5.24065
-2.98775
-3.30821
-0.11546
-5.68556
-2.69012
6.74019
4.48324
3.74494
1.14992
-1.00548
0.09942
1.46360
1.97447
2.03922
-4.89945
1.67241
-6.89912
-0.57633
10.11969
-2.18020
0.49408
-3.89545
5.84109
-6.39337
8.63754
7.47101
2.10892
-8.93872
1.72249
1.81561
4.54079
6.29719
6.77322
0.72592
6.22959
-0.60977
-5.78535
5.55426
-11.08067
1.93563
-1.65936
-0.24982
1.05738
6.43719
-2.89072
-10.21040
4.97217
2.14581
-3.24596
9.19387
-9.44177
3.54298
-1.76417
-3.00712
3.87448
-6.04928
4.10161
3.81622
-9.47583
-1.92672
-4.96611
-6.45113
-2.70333
8.23853
2.30521
-0.99689
-0.18269
-7.03671
4.56365
15.10931
1.88834
-5.06407
-6.76312
-3.16870
-10.99396
-3.46886
-1.09002
-0.20488
-4.84160
-4.68154
-5.32323
3.45256
-0.29431
-0.06564
0.96638
-4.95727
-4.52652
-13.00311
-0.75361
5.06077
3.46212
-4.94010
6.10734
-2.97650
-7.62815
-3.02588
-8.38515
-1.50328
6.06088
-6.17624
2.17479
-0.23356
-3.85195
-3.35026
2.32479
-1.89461
0.52770
-5.80036
-7.82708
10.82086
1.65854
1.68998
2.18911
1.24050
-8.83128
2.43971
-5.22029
2.81048
-0.43641
-5.64079
4.57821
1.60304
-3.46934
7.85818
6.96088
-9.55535
2.58315
5.10304
-2.02598
2.60870
-1.36702
-1.83117
-1.62698
2.91029
0.56322
1.02596
-4.38243
-8.58254
7.26686
0.10894
-3.72259
-0.98422
2.98033
-0.08232
7.69071
-3.81019
-5.46711
-8.18196
-7.33999
-1.14628
-0.42620
0.99893
-3.20012
4.43887
-2.25129
-3.88277
10.72065
-0.50117
4.64778
-8.99418
2.90245
7.07261
3.19400
1.57867
0.04359
5.05736
0.05250
7.90597
-2.54917
-1.98829
-5.54773
-1.75618
0.62577
2.99229
1.16839
-0.54956
-1.30978
4.80164
-3.27765
12.27741
-0.72619
7.73819
2.87055
5.07327
1.36112
-3.62689
0.34418
3.50166
2.28323
0.92298
2.18262
-4.93827
1.12692
9.43239
5.77796
1.67696
-0.28154
-0.30913
-2.03673
4.55825
3.63607
1.99265
1.38458
-4.72283
4.99892
-0.99920
-5.67337
6.19411
5.94478
-1.28264
-0.70381
6.80761
-4.53561
8.00759
-0.15578
-2.37501
-2.09123
-1.39087
-1.48486
4.74254
-2.02643
2.05169
0.06627
-1.63102
7.06369
-7.80905
6.01543
8.93475
-1.62018
2.23607
-0.26926
7.21076
-1.05441
5.03497
-5.68353
-6.00830
0.76266
5.01616
2.63441
4.56862
-7.60921
9.73937
5.52035
-8.46599
2.92716
8.46556
-8.13861
15.50561
11.68548
5.76663
-5.35026
4.85870
6.12226
-1.79408
5.14467
-0.41436
5.82698
-6.43622
0.89723
-4.94757
0.56712
-7.67528
-1.60031
-0.11080
-6.68906
-4.47909
1.72421
-0.34514
-0.67551
-5.28285
-1.58692
1.47615
-4.22083
4.83550
3.21907
5.07608
1.61545
6.23140
-10.66094
6.03790
-3.87962
3.61752
-3.11383
0.58458
-4.94211
-1.50498
4.59122
-2.04013
3.58427
-1.27925
8.17988
-4.26007
-3.35505
10.33584
-4.74845
-4.94308
-0.41287
4.00422
6.01583
-2.62468
-1.34182
0.22776
5.05942
9.14970
-4.29445
-3.31343
4.03332
-0.89262
8.76572
-0.45590
6.16433
3.46247
0.73946
2.20248
4.39068
-5.52212
-4.01114
-0.88797
-3.54264
-3.22514
4.48802
-6.33728
3.69701
-1.36084
5.93540
-11.39870
-0.69142
-0.71917
-0.92556
7.04239
-4.06332
-4.74597
8.32654
4.12047
4.79854
-6.57086
10.06959
-6.02988
5.16823
-1.57218
-10.35106
8.24440
1.92894
1.16619
5.59514
0.31270
-8.22672
7.66369
-0.84672
-5.17596
6.00074
5.90724
0.04971
0.68359
-0.57796
-4.04086
3.86376
4.58455
-2.34638
-3.07634
-1.18788
0.30382
-0.86471
-6.42106
-1.21064
1.24154
3.75125
3.49848
-4.60763
-1.03374
3.93696
5.16824
-3.96985
-0.87674
-0.12236
9.08357
9.92111
4.86477
-3.82612
-6.15268
2.57643
3.37043
7.29224
0.77922
0.35716
5.96648
-0.72082
-1.21442
-5.44461
1.81523
-3.66664
-5.49526
-5.08641
-2.74243
-10.19926
-10.67292
-1.54578
-2.90126
7.10663
1.08787
3.61366
-2.20202
-1.41793
1.25308
1.51584
5.79395
-7.33575
-1.75729
-0.73172
5.38122
-9.69495
-0.29288
-0.03640
-0.22819
2.21756
2.20193
-4.93672
-10.46639
-0.30103
1.89103
0.14333
-1.49271
7.86944
-4.93658
-3.53211
9.96486
8.95543
-9.10359
1.75349
0.94119
0.72655
-0.60121
-5.32433
0.09365
-2.62375
8.28739
2.57648
-3.75856
-5.60216
-0.45807
-1.58931
0.71139
-0.69166
-10.74456
-2.56636
-7.56233
0.73645
-5.15907
-1.55976
-8.49560
-3.82574
3.07136
-8.45622
0.51296
11.83833
-5.90298
5.11094
1.95443
-3.77227
-0.58122
1.98724
-11.72702
-2.07611
-0.43670
7.35635
-5.98293
7.36745
6.57293
-5.09787
-0.88005
-1.40352
-0.15309
10.87339
-5.12953
-3.84880
-9.51415
3.23847
5.40147
-4.18304
2.01457
8.46576
5.52288
-9.85059
1.84305
-0.17487
0.04744
-0.50188
3.73937
-7.57382
-2.06569
14.81552
2.49750
-3.04979
0.51068
3.56632
-5.64556
-9.29057
-5.17931
15.03655
-7.66628
-6.19713
4.67371
-5.84853
10.01615
-3.35618
-0.34330
10.04047
-3.73795
1.92939
2.02498
2.07948
-1.94713
7.49568
-3.11590
0.74721
-5.44584
1.11178
4.43820
3.62611
2.84086
3.01592
-7.02628
-8.08767
7.10326
-1.12132
-7.83439
4.33294
-1.50972
-2.70100
-0.84636
-1.97628
-9.78603
4.06279
-1.35941
-14.71269
2.50487
-10.54739
2.63597
-2.20904
5.36485
4.65400
-6.73813
1.81227
2.44952
7.00934
-1.34448
-13.98970
3.38861
-5.44676
-2.03424
5.49479
0.99678
6.13613
1.52258
11.81616
-3.20098
-5.93877
-4.86634
4.30195
-3.29222
5.05062
0.36579
-3.02822
5.39293
1.52406
-0.27227
2.94087
-4.23958
-4.51245
0.35325
-3.64470
-7.35730
2.84357
10.29462
-6.47038
0.16197
7.39551
7.64122
1.85158
-3.67425
4.70785
-5.57774
3.15460
-5.26350
1.68099
-6.18028
-5.72793
-6.64945
-0.24913
-6.85057
-0.20784
5.83414
9.69983
1.62791
0.81138
-6.75043
-4.53034
2.08690
-2.63075
-5.19740
-6.43750
4.60458
3.02535
-1.86236
-8.90748
2.72929
1.17257
-4.93820
0.21502
7.59581
8.23921
0.69682
10.15033
5.88918
-6.70198
-8.13795
-1.71471
8.19813
-4.42524
0.86688
-1.88791
-6.12515
-0.40278
2.27055
12.86050
-1.04016
7.38878
-1.51943
2.52060
3.18634
-0.90909
6.45434
6.35613
-0.04056
-0.71315
0.08118
-2.78327
-3.19084
1.64510
13.93265
-6.56912
-6.87062
-6.02813
-0.75402
0.94963
-3.42595
1.80963
4.64205
-12.37832
0.91905
1.17355
-0.16114
12.12242
-0.21968
-13.74164
-0.02197
2.51690
-0.16355
-8.78164
4.15671
0.24251
2.40037
0.43174
1.12555
2.17836
-1.44163
-0.58407
1.77129
-6.04338
-9.73492
-3.48234
-8.59678
-11.27240
1.16543
2.40996
-8.44672
-5.95680
2.74841
-8.63123
-1.16048
0.50332
-1.71262
6.98411
-2.32392
7.31323
2.09366
-4.96508
0.44049
3.70138
-2.99643
4.93056
-0.48460
2.41516
-4.64594
-1.32811
-7.71062
-2.41925
-11.59243
2.01411
-5.33378
11.75749
5.21858
2.35245
8.72784
0.43541
-1.93783
-2.10310
8.89514
1.90333
-2.28150
10.94381
4.36751
1.02060
4.29071
1.55944
3.76945
11.35302
14.04114
1.14969
-1.08455
-4.00439
-3.56280
1.48542
-2.22233
0.81769
-12.60517
-7.03873
6.72001
-7.23265
-4.55873
-0.15248
-1.55272
5.10012
-12.33591
0.01202
-2.40769
-4.65303
7.32512
-4.80924
-2.84770
2.74468
3.47703
-2.72507
-1.94186
-3.87296
-0.11222
5.41900
6.38311
-5.62799
2.11849
2.90210
-3.10150
1.11844
2.01870
0.65561
-3.90516
-7.99638
8.93239
-8.20733
-7.89057
2.74652
-3.01990
5.96796
8.85195
5.09717
-2.24739
3.28069
-5.03113
11.88387
-12.58599
-5.93659
-7.75889
6.76932
4.83295
-11.81957
9.58787
0.15043
-2.86710
-4.28607
3.63369
6.47463
5.98010
-9.77129
4.22410
7.02656
6.20790
-4.30825
-4.51388
-2.45775
-0.90392
2.70409
-9.71768
8.32384
-7.59322
-2.92957
-2.71695
2.41552
6.02984
-1.15881
0.35388
-1.13587
13.65627
8.80208
-7.84479
8.70407
-0.69682
-2.84505
1.32585
-2.78315
-7.45837
-5.89806
7.29487
-2.51457
0.17446
-9.82371
-1.74488
-1.86541
-3.83365
3.59652
-1.97961
1.24813
-2.26583
-0.61721
-3.83803
5.14476
-3.48238
9.88657
1.53913
-1.59256
1.92582
4.42429
-4.13192
0.65816
9.39424
1.64930
1.29948
-13.66761
-2.94430
8.42599
-5.13256
4.54373
2.92530
-10.03195
6.61965
-0.54183
4.50711
0.61570
-2.32296
2.38433
-0.46714
7.34203
3.97641
4.21741
1.28752
3.17050
-3.69134
4.56494
-0.51000
-0.01737
-0.36764
4.38615
-3.86145
-3.10432
2.95048
5.36770
-0.46649
1.10126
10.13924
1.12766
-2.41266
3.17771
-0.53893
7.31011
-5.28188
2.67128
4.07570
9.31066
1.62814
-2.67958
-0.11388
-3.37600
5.18781
7.89766
6.01001
-2.40530
5.82810
3.13673
5.99839
6.44295
-1.43040
6.76216
7.25884
-0.71782
0.22975
0.42509
2.47002
-7.66303
4.59941
-4.83499
-9.71491
3.98126
1.56797
0.35737
2.63250
0.22609
-0.69903
-5.16968
6.42722
0.07025
-6.77882
0.44437
3.54057
3.31875
-12.55080
-3.19132
1.30649
2.58305
8.26974
4.95521
2.94751
-3.93535
-1.83624
-5.00947
-5.66961
7.46870
-4.10625
-1.62561
-4.99929
-5.75206
6.34870
3.53160
5.85710
8.64402
5.34203
-5.73339
-3.18170
10.38069
-7.86294
-3.07784
6.40664
10.57892
-0.13853
2.86864
2.64069
6.65256
-4.62844
-7.25649
-1.17973
-5.46159
-0.47427
-2.31335
12.01372
3.70925
-4.69905
1.56402
-2.94871
-1.87938
-0.60372
3.34715
-1.97317
-2.19925
11.63407
4.27763
7.26814
-0.99895
-0.60644
-1.68550
-7.82069
-5.14966
-8.22019
-12.00168
-5.35096
1.88017
-9.87792
2.45658
-1.85013
2.83084
-5.82526
7.76601
-5.92561
1.12956
10.39131
-2.87873
7.40349
2.57703
5.89992
-5.85206
-8.00376
0.28686
3.27539
-8.64014
-2.34844
8.52160
-1.31124
-1.10775
-9.13205
-0.28225
-5.36553
1.92652
0.43555
0.22687
-7.18787
1.42978
-6.89755
1.88082
1.84949
1.11151
6.75692
5.75942
0.95585
6.96168
-3.91365
-5.25206
2.60319
2.74691
-5.12737
-0.44410
-0.85579
10.43677
-0.73993
-4.27095
-2.61430
-1.39444
-1.98725
-2.36220
-12.35413
0.87997
3.84089
-7.60095
-2.64036
-1.86542
-4.10743
8.55371
1.43766
10.06087
1.91145
4.92342
10.38481
-2.70886
8.37834
7.05339
-5.20431
2.24250
0.60764
-0.81423
-5.66307
-5.37081
6.34778
-2.52124
-7.80423
0.21799
-2.21685
1.25352
6.21840
15.25017
9.32160
1.83557
15.80207
0.50205
4.75041
-1.98869
-10.65828
5.57514
4.43325
3.72290
4.56567
9.04411
0.70778
2.68845
-4.51677
-0.05169
-1.55058
-7.42356
1.08829
3.99615
-2.06630
-2.13342
0.66672
6.22813
1.91476
-3.22471
6.80697
-8.12841
-2.54165
10.07922
3.87595
-11.61712
1.21072
10.94782
-3.00431
2.29714
4.48623
1.25337
8.98424
-1.28907
1.44296
-6.41391
-5.94818
4.61190
-1.90767
0.62007
-3.34445
11.05410
3.27195
-0.22262
-0.72215
-4.38100
2.23335
2.66322
-2.75641
-4.58126
-0.11813
0.50553
1.72928
6.99560
-3.07534
2.18534
-3.94632
-0.44004
-7.81130
0.44756
-8.79407
-10.79141
-0.71104
-2.29804
-9.08683
0.94117
1.65946
-1.86924
1.62564
-0.47981
1.18318
-3.90790
-2.24522
-5.56278
7.84890
3.53356
0.69201
8.45341
0.99180
6.24365
-6.70585
5.73083
2.36538
-0.99452
-3.91614
2.52955
11.49928
-0.48617
-2.35489
6.71081
-6.56305
7.60727
-6.15812
9.66584
-0.82876
-4.28168
4.55645
6.64400
3.04476
9.45213
6.17656
0.01215
1.68531
-5.62318
3.99610
-3.50176
7.09163
-0.15877
8.70797
4.09385
-0.11175
-7.92323
-6.88730
-6.41355
1.02569
-4.19993
-0.34883
7.49113
5.37029
-3.88699
-4.38244
2.99098
1.26610
-1.78128
0.38343
0.16695
2.76407
-10.42900
13.59260
-1.81315
-5.83336
6.20353
-2.36664
3.49540
-0.03825
5.52132
-4.49926
2.31661
-9.59519
6.55261
-4.68157
-0.53926
3.36913
-6.00457
2.57711
3.65683
5.50759
-1.80390
2.88006
-5.62814
-8.21428
-9.86639
1.08875
2.23616
-0.19768
-2.49757
4.02690
-1.66804
4.73425
6.52248
-15.76189
-0.16389
-7.15591
4.02293
-6.04562
4.30473
4.57391
8.01515
9.65541
4.44228
-11.94137
-3.97760
-1.51133
-13.72916
-1.97112
0.18988
9.89489
13.27302
0.70840
-1.49881
-1.27260
-2.88859
5.29089
-3.26371
-4.19387
-3.03872
1.75488
12.35727
-2.62429
3.68198
0.53589
1.38133
5.90327
-5.16685
7.78663
-10.07127
-2.26667
-4.26101
-0.94910
-2.50589
-1.39553
1.53967
1.18389
-1.15151
4.25997
-0.70220
12.26315
-8.61228
-6.41703
1.51645
2.90552
1.24287
5.88272
-1.36042
-4.24600
2.17917
-2.29211
-0.63829
-6.00629
1.52376
-6.44554
4.49441
-2.97419
3.46318
-5.88718
6.77477
2.50360
1.63272
-6.46214
5.14557
4.80860
10.34830
4.69346
3.32334
-2.11790
-1.99876
-4.32301
6.47542
-6.56667
5.59891
-6.00966
1.10062
0.17279
-9.23340
-3.93978
-1.00009
7.47484
-1.54267
4.34083
3.87398
0.45131
2.31528
-4.12435
-1.42781
-12.20837
0.84059
5.04494
4.39950
-3.83375
-6.62322
-1.79170
-0.07595
0.65379
-1.90903
1.64209
2.80075
11.90492
-10.83612
-2.82726
4.02549
8.49750
7.70995
5.75629
-6.74266
0.92837
8.65946
-2.18394
6.44522
-6.60565
2.13419
-2.88518
0.80245
-2.08325
-8.31246
-2.19116
-7.75013
2.55611
-1.40575
7.23673
-10.29450
-0.40482
9.75448
8.23337
-4.46070
2.29846
1.85995
4.42226
0.10161
-3.38925
3.90496
7.41630
-5.83951
0.46822
-1.23057
8.26942
2.03536
8.06344
-5.80220
1.08560
-5.98656
-0.97735
3.74246
2.31864
2.89432
-4.72606
5.13988
-0.41526
6.70780
-4.34857
-2.61164
0.79380
-1.31022
-4.77538
0.29371
5.43135
-0.05148
3.77650
3.37178
-12.08581
-3.28910
-8.42105
-5.84489
1.94213
-3.35477
-14.73198
-1.51698
-1.12897
-5.44046
-7.49976
-1.16398
-8.15552
1.24362
10.17811
2.53592
2.76260
4.46012
-1.54405
4.46919
7.14444
2.79884
-2.26353
-0.19719
14.92971
3.64141
4.28371
-1.18853
-7.21023
-2.86118
2.14299
10.29273
0.55283
-3.96542
-4.71800
-8.47469
5.19856
6.09126
-5.43400
0.23485
-0.66241
2.76750
6.50776
5.03961
9.82004
2.70893
1.42990
-6.18010
2.07618
-7.49070
5.93256
-7.50244
-3.13822
-2.59052
1.89646
8.50361
-4.20617
3.49456
4.83837
-5.97601
-5.07819
1.60620
5.51431
-14.39542
-4.55885
-2.08288
-2.88768
4.62872
6.69505
-4.73524
5.43243
-6.90163
-0.47669
1.61175
4.10705
-4.42196
4.23368
-0.62041
3.80095
-1.62444
-2.94792
3.96380
7.32871
-2.87915
-1.64312
-2.02549
1.00868
7.31262
7.82479
-1.01820
3.87756
-12.23661
-10.19349
0.71048
0.24434
-1.00415
2.89756
3.05916
2.59260
1.56746
0.60593
-1.90402
4.86340
-5.00523
-1.99574
2.23692
-7.55700
3.30057
1.82312
-5.42727
-4.34688
-4.14504
2.45453
-10.23748
3.66836
-2.36579
2.50850
0.75245
8.16668
3.04631
-1.28210
3.37208
3.98392
-3.07603
11.21435
-1.24846
7.34615
1.87833
2.28156
4.41952
-11.32581
10.37933
-5.39726
3.22690
0.76046
-0.39720
1.50810
7.76508
5.65049
-1.26414
-5.48311
1.09675
11.17653
-0.65422
-5.83616
4.01227
-3.27148
-7.42231
3.06010
-6.45283
-7.17091
7.49703
-2.36927
1.41688
-5.19967
-0.87432
6.62828
-0.13533
3.36089
3.07058
1.64979
-1.33469
-1.41915
6.76091
7.57871
5.80639
8.82112
-3.73419
4.26906
-4.20684
3.47833
-9.71471
1.16127
3.72209
1.36556
-0.76261
6.06169
-2.95939
5.73011
-0.64004
-1.11224
-18.48420
8.26060
4.33817
4.88295
0.02618
-2.23351
5.82552
-8.39142
0.20729
2.79898
-0.09967
0.96008
7.66521
-0.81593
6.92166
0.64697
1.56315
3.15862
-0.17855
1.81395
-0.27196
-5.60988
-3.49087
-1.78632
2.74757
0.97794
1.68829
6.19897
2.84776
5.12652
4.31659
-8.08548
-5.20479
-6.11539
2.57282
-5.15832
2.90806
-4.56079
-0.09820
-10.73847
3.05937
6.52543
0.60291
11.25309
-5.28988
2.86529
5.96676
-1.86415
-1.38306
-1.88915
5.05307
-4.80041
-3.34565
-6.84324
5.37636
-7.52031
-7.42757
-5.75254
2.65150
-1.07477
10.25451
4.95208
3.83124
-0.46456
-7.03937
2.64080
3.32298
8.24641
-2.30950
-3.14290
0.89830
12.35227
-1.29330
0.26228
5.33532
-0.61967
-3.40096
7.88540
0.57309
11.48248
-1.03375
1.82324
-7.62377
-12.98402
-1.35528
8.17166
1.89279
5.45988
-4.39847
4.43903
3.80797
7.62623
-8.79930
0.71724
4.73955
-0.81501
-5.42815
1.05293
2.92853
6.48322
1.18478
-4.95195
-0.43329
1.21713
11.32315
6.86321
2.96323
-7.38600
-2.35471
7.05566
1.18449
2.74220
-12.58274
-0.69915
5.32402
2.47932
-3.15443
1.55285
0.86196
-2.84821
-1.92105
-6.39710
1.44107
7.01019
-1.88111
5.28163
6.48369
-2.87690
1.45937
-0.68043
2.68716
-2.01443
9.58753
3.79249
-3.40246
7.08380
-6.35115
4.09349
-5.55124
1.77882
6.61640
1.36928
-8.33838
2.24440
10.66151
-1.33468
-2.62382
0.34499
2.44473
-3.99913
4.45603
-1.43391
-2.75091
0.96253
-6.96960
-4.92295
3.07142
6.14967
4.64239
-8.61967
0.08324
-4.57680
-1.66328
7.36330
-0.61581
8.76506
-6.00823
6.11507
-5.64091
2.81829
-1.97599
-9.15087
1.42051
0.20886
-1.45215
-2.64361
-7.23537
11.24820
9.92411
2.37811
-8.37879
0.89793
-2.58737
-4.97434
9.05148
0.22884
-1.00661
0.42405
-11.52241
0.98367
-2.43958
12.39102
4.15330
0.12862
-7.99398
-0.07167
5.88731
12.02796
-5.99069
3.95050
0.55125
3.95565
-0.55087
8.05151
7.02818
-1.22533
2.53714
-0.32342
0.85868
-5.17416
0.06652
1.45143
4.08579
-9.75391
-6.67229
-0.67509
-1.11320
-0.05402
-7.32376
2.26262
7.90528
8.64344
-6.41878
-0.49652
-4.80453
3.95465
4.62893
-9.13632
-6.92434
12.84416
12.02466
5.78401
6.08602
0.53432
-2.33045
4.94514
2.44147
4.47330
-2.89530
9.10096
2.46894
0.89190
3.07902
0.02226
-2.08391
2.52010
-2.51544
-13.36242
-6.90897
-3.22315
-3.52582
5.23235
-1.48438
-2.78629
7.87640
-4.36960
-3.04757
-4.19133
-0.90844
-2.69819
-1.82492
-0.11340
3.89898
-3.74259
4.44533
1.42318
-2.58497
0.13561
-0.72902
2.61572
9.63779
-3.69971
-3.84984
-2.72478
2.74306
14.64864
1.84424
3.36306
-1.25148
-1.83790
-5.40928
-8.02543
-10.59145
2.75863
-6.99405
-7.88411
-6.24457
-3.41530
3.29358
-1.00228
-1.22700
-9.00890
2.28604
3.05107
-3.82896
0.26808
-6.15311
3.55456
13.01131
-1.59435
-7.91614
4.12898
5.02306
1.86905
3.68964
-0.28964
5.62145
-1.13333
-6.68125
0.00463
4.03117
7.82074
-6.12792
-0.70296
5.75816
-3.53663
5.83565
0.02042
-0.02045
-2.27352
-4.15417
-0.66728
1.81605
0.09073
0.27933
-1.15951
1.81167
-1.71440
-3.78552
1.74195
-4.24356
-8.10784
3.42710
3.78526
-0.72380
4.47151
6.21843
1.43298
-4.49109
-1.45412
-8.36732
-1.10822
-0.89969
-2.01810
-3.87836
9.92736
7.09349
7.88052
3.98185
3.27125
2.61727
-0.15041
-2.48843
-3.65157
1.19836
-0.53964
-4.42043
5.69342
-5.74383
-0.52927
5.29658
-0.29032
-0.05104
-9.38864
-3.16984
4.07718
-5.05266
-2.33980
-4.18625
2.45397
-5.63660
1.18273
-4.86230
1.27604
6.13788
-4.38327
3.20792
-9.40897
-9.20533
3.06357
-2.57171
-1.54846
-2.67079
2.60181
3.33835
-1.27878
-10.28863
-4.82377
-0.86722
-4.29025
-8.00207
3.40975
-0.30950
-0.10042
-4.92453
-0.65181
6.64925
-2.58109
6.12937
5.29178
0.13929
-6.79332
7.59094
-3.19499
-4.52809
-0.10632
2.92475
-0.01571
-4.03259
2.16147
-4.08066
12.18102
7.16183
-5.84744
-0.93520
-8.40739
0.20484
6.07311
3.13634
-6.95967
5.07290
5.32029
-0.68864
-3.62326
12.30885
-2.60203
1.55856
-10.23475
-5.34276
-2.69583
14.37731
10.83102
1.05318
-2.04284
-2.74921
-1.92657
1.22569
-4.31142
8.54056
2.92248
-8.59574
3.36739
-0.42662
-4.29881
-10.29118
-2.07779
-7.25147
6.28286
-4.20559
-0.20845
0.13858
-0.67853
-0.05126
-1.17494
12.30505
-3.47396
9.61857
0.89558
2.52862
-5.71735
-3.90652
4.89005
-5.84660
2.86804
-7.56526
6.22310
-2.12190
2.93740
-3.14122
-4.03905
-1.17743
-0.56113
2.50191
7.87798
-5.72578
-11.31661
-2.51907
2.51256
-8.25907
1.90891
-0.00306
5.05527
-6.34860
1.37319
-7.35120
9.49038
5.62408
-4.03587
-8.22770
-3.88612
5.46742
-9.76345
3.07591
-4.74603
4.28118
-2.20308
2.32022
-1.58870
-0.42688
-6.28180
10.15997
-4.18454
-2.76250
-5.09404
10.30484
2.89712
-2.96600
6.17459
4.16265
6.44456
5.98495
3.14500
-8.94792
4.88023
-6.55942
9.19837
2.95608
4.78625
0.62751
-3.69342
0.43370
-10.95996
-2.36495
-8.43296
0.26304
3.42747
-3.15042
-0.52701
0.96745
3.90143
3.26327
3.61904
-2.30883
-10.50690
11.99269
2.03488
2.68310
-4.78212
0.70210
-8.35464
-6.02927
-3.55524
11.60552
2.86230
-4.15174
-2.99322
-0.36012
1.03002
-3.42201
5.95970
3.00796
-6.89344
0.95227
1.04272
-2.04814
-0.70630
9.12630
-2.67547
-3.14966
4.76382
1.22106
0.06151
-1.21806
4.10026
0.79124
1.18523
-0.80889
-0.63467
-4.74140
-3.55744
1.12799
-8.70483
-1.12734
-10.19802
-1.68998
-2.35058
-0.77247
2.25083
6.35075
-2.92191
5.51685
-1.44260
-5.54945
-7.83636
2.61538
-2.81847
-2.10792
-7.16359
0.20857
1.28835
1.09905
-5.66272
9.75827
-1.38344
7.66498
1.43305
-4.18163
11.66072
7.75936
3.44285
2.56064
-6.52050
1.03752
13.18996
1.18241
10.37054
4.31732
-2.00251
8.52295
-9.22397
-9.05318
4.22187
6.57213
-5.07098
8.44368
-1.44846
-0.30446
-2.11342
6.41724
0.66485
2.82234
-2.84218
4.11618
1.19151
-1.09473
-2.52681
-5.36924
7.13429
-1.36143
1.09009
-0.80165
-1.86581
4.27054
10.25764
-3.63627
-5.10527
11.44889
-2.68139
9.59139
-1.06261
-0.41826
-0.11664
7.88125
12.12446
0.03569
-5.46977
-3.38533
5.82677
8.39375
-6.14484
2.89457
-6.68862
7.64611
-2.79239
5.96603
2.72177
-4.14151
-2.95435
1.15262
-5.12328
-0.20327
-2.78165
-0.72773
-3.58523
-4.65681
-3.20455
1.56766
5.86216
-10.50916
1.88233
7.52173
-5.27054
2.81714
-12.82803
0.99225
2.43868
2.18095
9.90082
9.71252
4.45345
-3.73724
1.65139
1.23663
0.57952
5.29142
-1.91730
5.09505
2.51653
1.30138
-7.06282
5.33334
3.54601
0.70173
-7.44609
-7.44452
-0.97412
8.21937
-5.88066
-8.09281
-2.56824
3.00244
1.11733
8.63158
4.95383
-7.93826
-2.93500
1.05488
2.82667
-9.02160
-2.31927
7.43898
-4.05223
7.37627
-5.33466
3.82335
8.50769
-9.50228
-3.95780
-2.71271
-13.50026
4.10839
-2.03627
3.13846
-6.11245
2.51014
3.46190
-4.95264
-4.41537
2.68113
-9.60433
0.79107
7.76150
-3.55674
-1.05137
5.25062
-0.99303
-3.34745
4.46293
-0.24370
1.42960
2.09466
0.70244
0.23765
1.27195
-3.58327
1.32764
2.12517
-3.30672
-1.94945
-4.83899
-4.95470
-0.71307
-6.97203
-0.37467
-3.54506
6.57431
3.51652
-2.99549
-3.02962
-1.38051
-4.69631
-6.61648
7.51613
4.88238
2.69662
-3.03321
-3.31255
-10.92698
-2.25522
6.74999
-5.95205
-5.22414
1.72174
7.25884
-1.26300
-2.64446
3.22687
-7.94474
-3.13255
-7.61492
-6.60404
-1.13500
-5.34954
-0.35705
1.77455
7.73776
-0.40785
-1.12137
6.11278
1.76825
0.21257
3.11573
6.53516
6.88157
1.08190
-0.26803
-6.81193
-18.29931
-3.30372
-4.41905
6.16184
-0.58643
3.72371
-1.16837
5.79288
-8.74420
0.08859
0.73220
-7.40784
14.46832
5.37205
1.08162
-5.54567
-3.56578
-6.95775
-1.15050
-1.02388
-7.25495
-7.26286
5.44171
8.20775
2.76702
-2.99358
-6.55486
6.53201
0.21370
-0.43640
-3.52037
0.22146
2.78393
0.29928
-0.54911
3.27295
10.75213
-0.54200
-2.00879
-5.15836
0.89202
-5.73663
0.69340
5.74707
2.43678
-4.53644
-1.11215
1.80371
6.08177
1.66085
-5.93673
6.74288
-1.26359
6.85631
-4.95693
-2.65489
-6.61481
-0.59722
7.61992
6.16578
-9.20887
-1.01722
-6.04163
2.63910
0.03135
-5.89260
4.76663
-2.71968
6.72227
5.06663
8.84023
9.10683
2.48104
8.84937
-3.90968
-6.40731
3.60779
1.59926
1.04507
-7.88139
5.72397
3.49410
-1.26438
1.98182
1.79746
1.69802
-1.53314
1.78248
0.86589
3.81206
6.18993
-2.95984
3.69973
1.47309
-2.32891
-1.49119
-9.99168
3.50540
5.08223
3.17932
0.35579
2.49078
-0.17572
3.30191
0.84692
11.41168
5.99711
4.05240
1.66310
5.16122
-10.93271
6.22093
-2.71593
5.59742
2.18363
5.13234
-10.75274
-4.92590
-0.28029
-1.38780
8.55793
0.81889
-0.63766
-3.53826
4.86329
-3.93355
0.40620
0.63737
6.57857
2.34617
8.93621
7.57948
-9.98549
-5.76480
-2.27155
7.70652
-2.50137
7.35403
-1.79451
1.35383
-0.50465
-1.40306
4.99719
2.90861
-10.03370
-3.58952
1.71682
4.10960
-1.39035
1.78913
2.81567
4.03678
0.99171
6.70650
7.16919
-10.10729
4.88100
-2.21208
0.26039
-2.65556
-1.37256
-1.75734
1.77841
3.23413
6.06676
7.75711
1.18193
-2.61804
0.35783
7.68300
9.10890
-0.98296
-2.09346
3.15612
3.00874
-2.90195
-6.02641
7.91854
-6.49967
-9.74583
7.95493
0.96790
-0.12452
-2.52110
1.16566
0.09523
-10.48694
-4.48168
-3.50681
-5.17716
-2.74182
0.78504
-2.55123
5.30961
-3.04196
-5.08510
-3.05158
-7.56032
8.53795
-1.70346
0.45876
3.25137
-4.95718
-5.77385
-7.55030
-10.44541
0.94485
7.26583
-1.35362
-4.54772
-2.95209
0.91421
15.84477
2.26259
-3.83180
-0.78429
-6.49084
1.26517
-1.54732
0.10226
6.64714
0.99432
-8.27544
-1.22046
-0.89899
-5.22141
3.27840
-5.67547
-4.53544
-1.08157
0.98988
0.80602
-5.91580
0.65026
8.76564
-1.36449
-5.90010
-5.43720
-3.44765
3.51093
-3.60928
1.75225
0.57375
-7.07283
-6.46181
1.05245
-2.89156
-5.81166
-11.14306
7.10107
3.52267
10.52334
-0.05495
-0.38998
-0.40277
5.44341
-5.78593
2.44445
3.13274
2.14675
-5.82117
-4.35189
-6.64237
5.43243
-5.55667
2.65977
4.76162
2.81949
4.00751
-1.16419
-3.80378
1.94267
-2.24878
-5.57396
1.14685
5.08932
-1.08591
-2.92658
7.91398
4.10956
-3.99758
-10.60160
11.65175
-10.64781
2.32270
-3.97133
4.72041
3.86039
8.04901
5.84827
-3.99497
0.57874
-3.63540
-6.73305
2.75375
-11.26813
2.56007
5.86541
-9.32249
-2.74424
-7.33664
3.41432
-1.50913
7.11537
-11.99078
13.16115
-1.53899
6.35060
3.59808
-0.24864
5.58647
-4.13749
-0.73619
0.46954
1.65058
2.71542
-0.60572
3.23091
-11.27270
-4.07305
-1.24006
2.03666
7.56214
12.61468
-5.66542
-1.46190
-1.63897
8.47161
1.82183
-7.75530
-4.00360
8.63663
-6.18732
5.78999
5.94717
7.32679
0.32492
-4.51134
-9.60716
13.23454
0.64441
-6.80995
0.15905
-4.95070
-1.22740
-3.80369
-2.13686
3.06542
1.94708
0.79082
-1.94429
4.55124
13.08846
3.07291
7.82124
1.67503
4.49615
11.03469
-0.60209
-3.76698
8.27766
1.08329
-4.89866
-0.89886
-4.93592
-3.47949
-2.77284
4.28599
8.78304
5.11003
6.60543
-2.62744
4.11943
-6.14459
1.98066
-5.31874
3.68516
6.12157
-3.41885
4.57727
4.50557
5.64669
-1.40902
0.31930
14.74331
-2.90575
0.38001
5.54717
8.44344
-6.25538
6.05695
2.28059
0.57905
1.56822
11.09359
0.75393
-8.25512
0.47354
-2.79597
-2.06028
-3.13136
-3.13346
1.33802
4.57207
-0.00499
-2.64540
-4.53541
4.09323
1.97951
-11.22401
8.88611
0.17421
1.91652
-3.04854
4.70856
0.32707
-6.75560
-0.18543
2.32440
1.40586
-5.32306
-5.86421
-0.15801
5.91203
0.27904
5.33410
-0.65952
-0.30353
-4.04088
2.48949
-3.16871
0.04592
-4.28881
8.59573
2.06092
-5.21376
5.21790
6.95688
6.42757
7.20178
-6.52269
1.19984
2.77773
3.44885
-1.29747
-11.52512
-4.45159
1.12281
-1.32040
4.29373
-8.41053
12.13274
10.25370
5.82083
-1.34817
6.98203
-9.53731
1.76107
1.66190
0.64120
1.68767
-10.33745
-8.38767
4.14725
-4.12092
-0.08284
-3.88630
2.03235
-3.87632
5.13895
5.45948
-5.00285
5.06237
-3.23567
-2.67604
-3.33451
-1.46676
-8.41789
-2.36640
1.15318
4.00026
-6.62612
1.92142
-6.15226
5.58291
-12.67078
-2.24965
1.72587
-1.83152
-0.85817
-3.62468
-1.20170
8.38774
-6.86829
-2.80546
-5.33089
1.89359
2.05115
-0.28503
8.79393
-4.65134
-3.03755
1.37401
5.59578
-1.74787
3.95151
1.96854
5.09516
-2.65108
0.17017
-4.67304
3.37569
0.45863
6.02108
10.69541
-4.21962
0.17753
4.17247
-7.67732
3.95930
2.75993
-2.78699
-0.65394
-6.51611
-1.60696
4.15108
8.86884
3.06987
3.66040
-3.80541
2.16678
-2.28595
4.67724
3.45320
-5.92017
-1.67635
-1.70553
5.30751
0.49915
2.23697
3.05489
-1.89211
-4.06623
-9.78156
-13.52180
-8.65406
1.27525
-1.62809
3.69605
3.92849
-5.55904
3.68314
-4.99934
7.79622
0.75579
10.63845
3.10218
-1.85106
-7.49591
-0.95236
-1.93076
7.58033
-0.59811
6.40445
10.59195
0.67918
3.43262
2.09494
3.24629
1.69425
-4.79130
-4.44713
-1.33262
-2.15614
4.17762
1.59335
-1.88117
-0.26598
3.93727
-0.07678
2.34073
-0.51123
-4.08675
0.31762
5.99628
-0.74717
-1.04002
-3.43857
-7.07256
3.19059
-1.17390
0.82766
8.85669
12.49777
-0.27590
-0.82836
4.14728
3.90657
-5.30941
2.51532
-8.23390
-3.34737
-10.14224
7.83766
-2.70844
2.77156
3.10049
-7.33822
-3.95419
-7.32565
1.71499
2.03162
-8.00374
8.74841
-1.73138
-8.61712
-4.88839
0.66248
-3.17662
-2.87416
2.36368
-1.14191
1.76599
6.43219
7.76341
-0.27320
11.61347
0.61438
-7.01627
-9.92569
-2.13876
3.94125
2.77944
-0.15745
4.00025
-4.79086
-0.06911
-1.36288
-4.47231
5.24311
1.14205
0.99081
10.45675
2.50992
-6.51048
14.35238
4.69314
1.10321
5.18187
2.34584
4.87959
-7.51861
-1.14662
2.55739
9.20887
1.65853
4.60085
-4.28687
6.24723
-4.48664
-3.50308
7.84703
-1.84232
-8.25390
4.11900
-4.38187
10.37874
3.98319
0.79379
-0.12370
-2.70119
1.17466
2.07200
3.60883
6.96875
2.66053
0.11797
-3.82928
3.04201
-1.25727
-4.43191
0.96160
-10.17603
-4.56010
1.35288
-5.85814
1.05652
-3.33882
1.99726
-3.69030
-11.08148
-1.71998
1.95665
0.17981
6.11689
-3.78569
-3.16886
6.95172
1.20815
4.05779
-0.78524
7.86914
-6.43138
-3.47892
5.71903
-4.88364
4.65984
-9.43137
-0.35181
-8.58307
-2.88789
-16.10999
0.45392
2.77652
6.97168
-5.96370
-4.96568
-5.74209
-2.10713
-4.02642
-1.61320
1.92576
8.82056
1.99246
7.76468
-3.80588
-1.22103
-6.43704
-1.27149
7.34862
-4.91661
0.07538
4.79027
8.84073
1.66103
-3.09311
-2.55835
-9.63167
-0.17228
-6.39345
-2.05188
2.47625
2.83723
9.21092
-3.77636
-1.80300
-1.52979
-6.59604
-0.08139
-1.78141
5.45680
-1.99716
0.33818
6.57249
0.59662
9.39297
-3.22667
4.79743
-6.40385
-1.16839
3.90974
-6.67924
5.38158
4.68248
3.90648
5.94357
5.18656
-8.10931
2.12632
2.32343
1.33835
8.48963
-4.30735
-10.33279
1.82584
-5.35632
-2.83736
-0.17825
3.79939
-0.63656
9.54186
1.58955
9.86564
-7.03971
1.95175
12.38950
2.26405
-3.27955
13.46427
1.98368
12.65797
3.44629
-0.44053
-1.00321
-2.34637
-1.72055
-0.47321
-0.65438
3.81915
-7.97318
-1.48697
-4.11721
9.09609
2.07141
-3.25197
-6.82893
2.16144
-5.45732
11.92511
-12.51066
-1.72460
2.55549
-1.79255
2.51418
-3.22345
0.81874
4.24066
0.20107
-5.73260
1.22459
1.34477
-5.51299
3.35291
-2.59900
5.38600
1.59626
-0.18748
-0.21006
0.98493
0.82451
0.49698
-4.73898
-0.38575
-1.79667
10.21041
0.82959
-3.01263
5.01368
-6.89448
-5.36219
3.09304
8.42694
1.18038
-0.42906
-1.62726
-0.79029
11.07079
4.39823
6.60899
8.19871
0.52179
-5.21552
9.25442
-2.09350
-2.48663
13.29119
-2.27935
-5.13253
-3.69762
-0.52274
-3.54124
-6.68742
0.34632
-3.84152
1.72605
2.75377
-1.78700
-4.12663
-2.74933
-6.86141
-7.48422
-6.28406
-10.63596
4.93418
5.21998
-5.74629
-5.13912
-3.43825
-0.89333
-1.36926
5.03679
-7.33494
-0.31996
0.44443
-6.65186
-8.83850
2.38470
-2.55613
-3.89394
3.47522
5.42768
6.57287
1.52755
0.55807
3.09686
-3.99838
4.86155
8.55108
1.09884
6.84334
-0.25581
8.15860
-1.46170
-0.80750
3.81730
4.65157
1.08016
1.19823
3.08628
-5.28355
0.17749
-4.34164
-7.27815
4.70100
1.29890
4.46938
-5.23150
-2.30357
0.50840
5.54688
1.90547
-11.40575
2.12599
-2.61096
3.77621
1.95445
-0.49868
6.36323
10.71210
-2.40897
-6.38548
-2.75429
4.29283
-1.13742
3.89125
-7.56633
3.55023
1.26072
-2.10487
1.99238
-9.39020
4.98818
-4.32252
-5.04431
5.42615
-0.18543
1.40729
0.65891
-2.83157
9.07589
4.13468
-2.81686
-1.08797
7.23181
-0.55333
-4.93004
2.95970
1.87273
-2.70222
-3.75322
6.86602
-1.67088
1.41189
-1.47046
-3.78479
8.86520
-10.54783
-9.86312
0.59376
-2.93524
1.86368
6.73103
11.06485
2.32445
5.59282
2.93811
0.13233
1.28818
-0.35605
4.84968
3.82395
1.97529
2.33683
1.35980
-5.26220
-3.96049
8.30493
1.19342
-1.29394
12.71353
-14.89702
-3.89304
-2.70734
11.82559
5.99648
1.63622
-2.06048
5.93998
-3.93905
-2.57652
-7.63995
1.68224
-3.36822
-10.71954
1.22561
-7.47749
-0.11223
-1.91608
-0.77603
-9.32519
4.50867
2.15986
-4.32603
1.93373
6.92904
-3.45233
-14.38030
6.96661
2.23869
-6.44614
4.95815
-4.47245
-2.26161
1.24915
-0.90533
-1.59132
-7.46307
-6.02560
-2.29357
-2.91741
-1.98581
6.13364
5.06491
13.67661
-0.51079
5.92897
-9.55748
-7.69261
5.65002
-2.47621
-9.90367
0.43679
2.79247
-8.69174
1.55618
-0.64146
10.30604
7.12977
-1.95868
0.86805
1.91095
-0.21908
-5.76276
4.41688
-2.31812
1.31317
-3.49316
-3.61865
5.79437
-5.26418
-8.40952
-5.30525
-3.22836
-7.03449
0.37121
1.12374
6.23574
3.44641
-0.35937
8.83000
-0.04239
-2.57619
-0.70870
-8.32779
-2.69152
2.71073
-6.87200
0.31642
-2.86441
1.07980
6.01832
-2.82729
-2.90448
1.39423
-7.64166
11.18881
-2.37665
3.35385
-4.29631
7.53908
-15.67532
-3.33891
3.22783
-2.75135
4.16857
-4.15548
-4.08993
-2.53066
11.13461
-7.59940
3.50693
-9.33330
8.03442
-3.16431
-2.72244
13.35285
4.25298
3.57242
7.63214
-7.25761
-1.28948
-6.88675
-2.75850
5.84488
-1.37683
-3.71039
8.53684
-9.09643
-6.57191
-8.65853
4.34711
6.79497
-3.43629
6.89740
8.81378
5.12466
10.53698
-1.79010
0.04032
-1.50463
5.83278
-2.91781
-2.49713
-2.82269
5.03736
-1.46186
4.30314
3.32135
-2.44928
-6.36912
-0.96393
9.52489
1.00735
-5.26353
-0.12237
1.54158
5.46486
0.45905
-4.58867
-3.43877
-6.53414
-4.64652
1.82829
-0.09185
4.54496
-3.91495
-5.42034
2.13873
-0.86720
3.70277
-1.13602
-12.88281
0.03125
-7.88675
-3.43645
-0.66334
5.59474
5.05301
2.28559
-6.72224
0.62756
-0.46579
-7.21378
1.50230
9.54971
7.05464
3.19700
0.35410
-1.33958
1.34250
0.84760
0.38122
1.87565
-0.86271
-2.97803
4.25877
13.84276
0.51339
6.56960
-2.94606
-8.52772
-1.82554
-5.72813
1.96884
-4.04199
0.50989
-3.63907
1.30226
-1.06686
-4.35711
1.52814
-2.33828
-3.68424
-4.63339
3.95175
2.01737
7.35186
-14.35339
3.29400
-1.22816
6.47759
0.67799
0.15099
-7.12257
-2.45637
1.95068
2.16792
0.85203
-8.27280
-7.65581
1.70830
-4.69863
-3.33473
-9.38522
-6.58303
-8.16102
9.09045
0.55693
5.90555
5.35703
5.03485
0.53268
4.55413
1.53909
2.60505
5.03669
4.99469
-5.89185
-2.81871
-2.26040
3.73964
-0.38775
2.87256
-1.27210
8.96107
-3.24792
-9.05300
5.41979
4.52829
-3.93443
6.66436
-1.48547
-3.97809
2.77260
3.27073
4.35337
-0.89073
0.59101
-2.15940
4.29647
-2.40193
-5.36067
10.39309
0.92348
-0.74830
6.51029
3.14389
1.21518
3.12480
4.07993
-5.73741
0.78490
-13.68273
-7.75963
1.75982
-3.87169
6.96559
-3.24477
0.93989
-1.45040
-0.55112
5.87583
13.99443
14.38261
1.95669
1.92117
4.96633
3.75703
2.94887
3.02631
-3.84084
-2.42016
3.90439
9.98228
-4.26064
3.92504
-3.54615
3.49470
-2.82829
10.76857
0.26484
-15.29786
-1.24528
10.15771
2.81845
-7.15451
2.96963
-1.92492
5.55600
8.80006
0.55020
5.40967
-0.96198
7.72167
2.47235
6.37816
0.27396
8.59483
1.76175
1.22590
-2.80199
-8.03014
10.70986
0.78929
3.21111
-1.17199
-5.66290
0.70882
-2.45597
-4.76033
-5.93690
-5.47374
0.05016
-0.80876
-2.94146
-4.83869
-2.10080
-1.17669
16.13833
3.21546
12.01484
1.79075
-8.52280
-5.65094
-15.76674
4.32520
0.87449
-5.23438
-3.07147
5.54785
-9.00969
-0.57896
-0.01401
5.07599
1.31304
1.36295
2.51616
-4.39119
-5.67343
2.45143
5.24061
2.89007
8.77181
11.19049
-4.13995
3.70726
4.84094
2.50962
-6.65475
6.46495
4.65976
7.98814
4.83560
1.54445
-1.85429
-4.36288
-10.07104
1.80916
5.18021
1.45817
-3.30415
-1.20387
4.41763
3.74716
-6.49356
-4.50775
7.28441
4.77540
-1.86009
6.97836
2.40654
-7.85088
1.63256
6.13321
0.73604
6.71067
-2.70140
-1.55825
0.83175
3.87428
-3.47567
-12.25322
-4.50848
4.65831
-0.83793
-1.05043
-5.40401
-9.90596
-0.57393
-2.94125
-7.18879
5.11351
-4.69233
-2.90247
-0.07003
6.90807
-1.00665
5.28465
0.76320
-2.58603
-8.68963
-4.98851
-3.62839
-2.96843
3.21287
-5.44702
-4.98997
-2.09457
5.55803
-1.58473
-1.92426
-8.15798
-2.61757
-2.02229
-1.98724
-8.39551
9.62911
-1.30689
9.01036
-7.76402
4.76806
-2.27609
7.33779
8.50288
-3.04095
2.11674
3.14342
4.55325
0.44367
7.96969
-7.33368
-0.26221
3.80873
2.84189
-3.42532
0.88059
3.02406
0.66622
4.72097
1.44489
-0.22742
6.33132
-2.17362
-5.54375
-3.92291
3.98572
9.91224
-5.41814
4.71042
9.27993
-4.89912
-4.75710
-1.42411
3.61609
-8.07640
7.81523
-0.77318
-6.64999
-2.10613
6.56474
-9.91981
-6.54946
0.63126
-3.72227
2.67532
-1.82314
2.41597
5.66059
5.40426
0.78797
-2.02683
-0.94476
-5.01184
-2.10175
4.39879
-10.31495
-1.42395
4.17465
3.31225
-2.74883
-0.51552
-6.15092
5.82464
-3.36828
-0.29050
-1.31518
-2.56979
-7.60349
3.37244
4.83504
7.26289
-1.87431
-5.52081
-2.48902
1.50217
-2.35746
-3.90266
-5.16474
-1.19184
7.84709
-6.85120
-1.48680
2.31035
1.45118
3.42307
4.58992
3.19726
-4.07470
4.08236
-5.30731
-0.70702
-5.53092
8.92505
-7.09267
-5.57526
-13.47138
1.01931
-9.74357
9.60186
-0.42973
-11.97548
1.80466
0.34968
-3.73124
3.37280
-14.69203
4.06213
5.91245
3.92553
-8.58895
-5.00429
-11.51993
7.14654
-3.72631
8.06818
15.05232
-6.23687
2.00573
-12.79964
-1.43356
-6.52605
-8.58561
4.19172
-4.66963
2.96019
-0.68700
-7.39770
-7.82657
2.42265
3.76563
0.55086
1.30839
3.94148
4.17519
0.23404
-7.37724
3.37220
10.35743
-5.41162
0.66652
5.58487
0.53524
-3.22118
2.81606
7.21975
-4.88685
-4.90848
1.92070
5.68724
-0.72608
-9.18618
-4.30884
0.17011
10.05563
-7.66266
-4.06451
-3.90415
-0.96722
-2.33061
-5.16506
-8.30975
-1.88376
1.61391
-0.61859
1.27873
4.59967
-5.14438
-1.42684
2.46054
5.25746
2.37512
2.43232
-1.25294
-3.44689
1.62399
4.97783
4.89780
5.02790
7.04578
-2.50053
3.46857
-0.22956
2.86729
-0.13579
-2.79448
6.09619
-6.50969
-3.62274
8.11450
-10.80462
-3.10611
-6.29078
-0.56471
-2.74694
6.04917
4.21964
0.64635
4.80553
-3.29734
0.18041
2.83367
-3.43621
-2.12145
-0.48870
-3.51355
-5.22439
5.25783
-5.30921
-0.09034
10.03420
-8.31721
6.42156
1.88598
3.79491
-4.30245
3.52923
12.31918
1.67099
-3.31470
-3.62199
4.13864
-11.73034
-1.61037
2.70657
-6.62280
5.70934
2.68359
1.74183
6.70344
-2.07709
-4.32070
-2.13595
3.10252
-8.44414
-3.37442
9.21121
10.03201
7.46213
2.86528
-1.65066
4.21949
3.95753
0.28543
7.57676
-0.02446
-2.13490
3.88096
1.41236
-3.93283
-0.46875
-0.18476
4.63539
-4.26663
4.14758
4.12505
-1.30492
3.17488
0.61600
3.46296
-1.29138
-4.35832
-9.53247
-1.79176
-3.86833
3.40424
0.96608
14.62747
4.36482
4.60764
-7.21254
0.81832
12.65578
0.22171
-8.19246
-7.65618
11.71210
1.97718
-4.72915
3.52463
-5.26972
2.64815
-2.09159
-4.96681
-3.62527
-4.16403
3.06042
3.07264
-1.07813
0.12354
-5.72501
5.23051
0.86957
0.60446
6.39865
-6.50463
-1.24459
-7.18590
1.12974
10.60717
-6.16961
-2.43912
-1.29453
-0.38723
-0.24612
14.81841
3.84036
-4.73249
9.37856
4.76556
2.13059
3.10544
2.11363
-7.07178
-0.96436
6.29938
5.26146
7.88704
3.43845
-8.93907
3.42765
-0.09654
3.36109
-0.79359
6.08025
-5.66414
6.16007
-1.63076
-2.34970
-0.78979
-6.35047
3.20693
-7.87945
-9.04075
1.06563
-9.26986
14.69760
3.87018
1.27133
2.40506
-4.06609
4.52511
3.72499
-2.76789
3.68198
-1.96325
-8.52730
3.41444
-2.85024
2.44732
1.10583
0.81984
-12.09413
-6.88768
4.10860
-4.50870
6.87938
0.27555
-12.44403
3.37885
0.62854
-4.18599
-2.06268
4.04275
2.08081
-9.51350
-7.95427
-3.42939
-1.64432
5.58665
-12.72803
3.27495
-0.72471
-6.37333
-3.92107
-2.39251
1.66034
3.90759
-6.47747
-2.14697
-2.68878
4.26567
5.08001
2.83743
-2.58301
-8.53442
2.19409
3.91375
8.44636
4.80329
3.46990
2.22561
-6.06341
6.18818
-6.35567
0.77037
6.72186
5.29767
-0.00652
-1.98399
-8.06156
-13.49840
4.88168
4.27634
4.88227
0.11731
-3.99403
-6.73407
-0.03789
6.97126
-7.94349
8.58428
5.94442
4.26121
-1.53885
-3.99680
-7.52352
-3.18672
-5.23711
-0.23828
0.90467
-1.63816
-0.16539
4.81474
3.19842
-1.16005
-3.56399
3.38198
-2.96530
2.54192
6.09633
1.44556
-7.33654
6.76661
6.63511
-0.94720
-8.00947
5.83994
-6.80249
-0.65039
7.38518
12.01407
1.10897
-2.64013
6.16914
0.47374
-0.78067
1.20600
1.10718
-0.98963
-5.32066
9.85343
11.07586
-0.95633
8.77673
9.64577
-6.19123
-0.37464
-0.82034
-1.07220
-6.54519
-6.27294
1.23358
-7.27778
13.24248
-8.80434
-6.94499
3.80014
-4.35092
-7.59983
-2.48691
1.83341
-3.02122
5.83964
-2.91750
-0.29663
3.26123
-0.37025
1.91157
9.92417
7.53876
2.71610
5.87974
15.76996
7.08683
-4.30785
-18.00594
1.05508
7.35411
-2.11009
-1.18916
7.64840
3.28790
2.06648
3.17010
-2.39590
6.11957
4.77183
1.85019
-1.00988
3.57764
4.39931
-0.97074
16.39957
-1.78913
-3.42014
3.16910
9.89271
1.94090
-11.29447
5.95648
-3.01016
-6.50230
-1.48022
-0.84424
2.52156
0.70870
-0.71511
-0.55422
3.14727
-1.15355
-5.64449
4.39411
-4.54655
9.52340
-2.61679
0.31392
2.35857
-1.93146
-4.32188
-1.06641
8.48082
0.10853
-5.97774
0.33523
-1.21560
6.86336
0.57423
2.06608
0.49427
8.74459
-7.34139
11.00431
-3.71022
4.58834
7.11859
-0.51678
-5.37317
1.44715
-6.89036
-1.56297
-2.17077
-2.62055
-7.54304
-2.76188
8.22016
1.93308
-0.95076
-3.22059
3.62368
-3.95443
4.75423
-1.66000
-10.24567
-0.22229
5.28435
-2.79695
-1.27654
-3.76108
0.49582
-8.01432
12.00228
2.00097
-0.50034
-8.20535
-1.35630
0.03888
-8.98777
9.74436
10.61443
4.19961
-0.38002
-5.06405
2.73111
8.32159
4.62454
-6.85870
4.24999
3.08707
-4.88132
-3.19581
-5.17756
0.43670
6.16628
-2.24528
1.57006
5.77724
6.34452
-1.40642
2.01346
-1.17012
4.06187
3.28574
-11.70464
2.64665
-2.11469
2.69122
6.44779
1.78452
-8.02344
-8.52767
-5.48812
0.10263
7.12964
-5.57693
-1.61260
-9.32369
2.33190
-6.55045
1.82385
-4.78069
2.05637
7.34853
2.37852
7.50242
-6.75075
4.81048
-8.55483
11.15769
8.91995
-4.33113
5.08504
4.71587
3.15140
4.75986
8.78967
0.34245
-2.60749
4.69402
-5.16031
-10.25164
-10.58820
6.47397
-1.47552
-1.65778
-5.25077
-6.07415
1.38575
7.56412
-5.92550
-5.99710
0.56939
4.43057
2.27502
-0.65604
3.93229
10.76876
-0.70726
-7.40119
-0.29448
2.48170
3.79633
0.56499
-4.55236
5.89079
3.56518
9.22177
2.47214
0.81401
13.07634
-3.63327
3.38251
4.95400
1.00938
1.88840
7.34112
-0.20263
-2.38938
2.85227
-6.00631
13.26189
0.71272
7.00338
-2.80100
0.21026
-6.35965
6.02968
-0.87124
7.95338
3.91635
-0.49581
5.58430
-6.34062
3.08493
13.18422
-0.68938
2.03872
-0.88542
-3.07099
-0.03624
-2.06655
10.31817
0.87861
4.59296
-0.24067
5.35588
9.44240
0.89285
0.45686
-4.08571
0.38113
-6.37521
4.92323
5.27611
6.49946
5.03324
5.16861
5.37635
-2.52262
10.53824
-4.17787
-2.92353
-7.29306
-4.39585
0.61114
-12.37723
6.95858
-5.38224
-11.77946
-11.40416
4.06426
5.01431
10.66833
-4.32864
2.39628
8.08286
-1.71118
1.74640
-4.23035
5.05559
5.66746
4.63162
0.46610
-2.63201
-2.59585
-0.69794
-1.91990
-3.93216
-0.75307
2.95615
-0.11394
-7.72447
8.09537
-8.45956
6.17198
1.16784
-11.55533
2.60938
-2.52538
0.62402
2.99372
-1.22697
5.76766
-5.48141
0.69767
-5.59571
-4.95804
9.30385
-2.75963
2.35944
4.43859
0.94213
1.21852
4.31977
2.12871
15.62761
4.93273
-2.61063
-5.40412
-8.22633
-9.16752
-4.55069
-3.86105
-4.41622
6.19216
-6.95693
2.67785
4.63403
-2.45561
2.41085
0.10559
-1.15997
-9.17352
8.42598
1.03915
-2.97139
-6.64953
-1.54732
-0.21320
-5.57958
-10.32482
-2.76458
-4.48125
6.89180
3.46553
-5.07505
4.76702
-8.70111
-7.91602
1.07143
-0.40879
-5.54572
0.34522
-12.25212
10.91067
-4.49601
2.96211
12.06824
3.79328
4.82235
-1.36126
-0.43411
2.05020
3.91099
-0.02283
10.46868
1.88614
-4.58095
4.87742
-4.87939
1.50781
-4.25406
3.58563
-1.62715
1.32749
-7.59824
5.87017
3.56138
8.05762
-2.63233
-0.84425
13.85725
8.58192
0.74155
2.43268
0.27606
-3.07214
-6.26944
0.26902
-6.85517
-3.14442
-5.75739
-2.60395
6.02775
4.80496
9.59975
10.67178
-1.26926
6.00833
-7.18189
-5.84196
-4.43292
0.49832
3.76835
-10.92938
14.40917
7.57663
-6.39748
-6.05196
-4.77171
0.99061
-3.38602
3.39924
6.77926
7.46899
-6.44402
3.21527
-6.94468
-3.28656
9.97486
8.41382
8.94334
7.25351
-1.25509
-4.37918
5.41412
2.19960
-2.30962
3.47570
-7.49327
-4.64429
2.53252
-1.71009
1.90612
5.04676
-6.13706
-4.94344
-2.58267
-2.11780
-3.42053
4.32394
-3.30052
0.91222
-6.67324
-0.39470
10.99549
-14.19994
-1.32751
-2.32711
4.59910
7.43361
7.63690
-4.25724
3.46974
3.41778
-6.75291
5.44051
-12.10659
1.93794
2.53192
6.36825
-2.58062
3.29787
0.18118
0.70757
2.50050
6.26981
8.40508
5.20859
-10.89827
2.86727
2.03937
-2.88167
2.66480
7.88881
0.49298
-0.89897
3.11606
6.69738
-1.81178
1.16728
-1.70495
-1.51279
1.14079
0.60413
-1.15777
9.77566
-9.56915
-4.53838
-2.80469
10.97469
-5.68811
-1.37863
6.33192
1.10890
-3.61945
-2.15501
-5.33986
10.50446
2.57714
-11.42320
-0.61455
7.05647
-0.48901
13.93343
-1.56886
-7.98325
-0.96078
4.67205
-2.04800
0.79355
-7.70821
3.77357
-4.91192
-2.96192
-6.55307
-0.30390
2.71477
4.76859
11.46322
-2.59994
10.72211
2.51634
-1.01309
1.81181
-2.49490
6.71598
1.84354
-19.90762
4.22544
3.99333
3.67184
13.40353
-2.90627
2.76117
0.96532
9.56439
-4.84672
2.32653
6.33434
6.37198
-5.06661
-5.10524
11.74642
5.25064
5.10097
5.02667
-5.46390
0.71252
-4.47095
1.97336
-1.32684
7.11428
2.42321
-2.03111
1.05970
5.56983
7.67499
-7.20029
0.19997
-7.37071
-8.02407
-9.95013
-1.05294
-11.95079
5.60190
4.97091
9.89364
-1.07188
3.87181
0.87959
0.93605
-0.49193
-11.04283
0.53140
1.10486
-0.74294
-5.07462
4.30075
-1.53377
2.86016
8.84253
-6.68168
-7.87522
-16.01141
-3.18190
8.01149
0.48830
-3.80976
-0.14728
-0.38215
-0.43099
-0.61841
-2.08699
-0.34432
-5.27785
0.82242
1.31446
-4.98526
-2.70143
-1.69182
0.70545
3.54170
-2.80828
-4.70923
6.85751
5.58228
0.06919
1.25416
9.24383
-4.65803
-0.72501
-4.52399
3.77008
-6.23738
8.85740
-2.19278
4.18476
0.41444
6.68381
-3.83415
2.33428
-8.08597
-5.56565
3.30555
-6.26148
-6.64592
2.01663
-6.83936
-3.01998
-5.32031
-4.03068
0.33626
0.93620
0.99438
-1.42918
-7.73095
-3.03038
6.52016
-11.39954
4.49235
-3.98995
5.52790
0.28236
3.59404
2.72400
5.64102
-4.09086
-6.00124
-1.98170
5.13519
2.35958
-2.40430
2.54968
2.18930
8.64416
2.28670
5.53620
-1.69243
1.36488
-1.76573
3.28724
-5.25337
-5.45044
-0.94829
-0.67490
-1.52422
4.32088
-1.52278
5.12670
3.89350
11.21823
0.18790
-2.13795
-5.56188
-3.79770
1.83709
-6.18058
2.20433
-5.65829
6.46736
-0.02890
-5.48994
5.84912
-4.46062
-1.30309
2.83515
-10.64598
-9.36572
-7.65814
5.17564
6.36338
3.56860
-2.38624
0.23698
-1.35059
-1.41735
-11.05756
-1.42634
-9.55659
1.62143
-2.84115
3.31572
-6.86859
-3.03389
-0.85557
6.89320
3.86845
-6.17901
4.67466
-5.65308
-5.14187
-4.87852
-5.99381
-6.77623
2.13132
-10.23865
-5.66971
-2.06236
-3.84720
0.82799
1.01096
-5.07660
-1.71719
2.77798
5.89315
6.98581
-6.52894
4.62512
-5.40489
-7.59647
6.88708
5.10670
-0.06288
1.73070
4.21818
10.30566
5.50852
-0.84143
-2.74979
0.18752
4.24907
13.45548
-1.48874
7.95439
3.31297
-5.69786
-5.33236
-5.98637
2.04633
5.98006
5.09147
8.27791
-0.64676
10.79213
2.49536
4.52891
-0.12780
4.63267
-0.16289
-0.11669
-9.16644
0.37782
-9.98398
-3.50954
6.44685
5.62695
5.42850
-3.45569
-8.15523
-3.09883
11.39091
-1.62238
-1.63066
4.85771
0.29840
-4.81239
6.19126
5.87780
0.45678
9.52932
-5.59390
-4.30982
2.09383
-2.02440
1.96017
5.52652
4.54233
6.37494
-0.84002
-1.16441
-9.29844
-2.78001
2.34813
-13.93806
1.93048
3.20100
10.91908
-5.01170
-12.35411
-2.14245
-1.41923
0.58384
-0.44211
7.66090
0.86215
-2.94506
-6.82583
-4.46352
-0.93213
3.19386
-1.04112
0.68112
-1.21833
-6.95256
3.54085
10.91853
5.63943
-3.11935
1.97718
4.45471
7.77178
-1.59072
4.41220
1.88792
-1.35381
3.13523
0.65795
5.36839
3.31281
-0.36111
-5.49840
1.76525
2.23978
6.44356
5.54289
0.20735
0.12981
3.01756
1.87090
11.56221
-7.77117
-0.70539
8.39276
-3.06395
4.41517
1.96623
3.49953
0.30030
0.58277
-8.08787
-2.78929
-2.54132
8.47263
-5.68768
-2.38232
-7.36523
6.76433
3.53737
5.76255
1.38209
-5.13447
0.50234
-11.80133
-9.37523
-12.63459
-2.95848
-5.94836
-8.74393
0.94328
-2.88440
-7.83310
-0.70520
-16.03224
-2.17647
-1.58145
-8.98719
1.94775
2.43988
1.87968
-6.88292
3.17508
-1.12144
-0.30131
1.85319
-7.50247
0.99605
3.96156
-2.85617
3.08211
-0.55806
0.28690
0.52553
-3.99966
-6.66144
-7.06890
-8.11346
2.41865
-5.58496
2.96576
-3.28172
12.58384
-0.62514
-2.65973
2.54866
5.39795
6.83300
-3.82574
-0.93001
-3.92808
0.87150
3.68983
-5.11390
-0.07338
6.32368
-4.84845
1.21205
4.25344
-0.65372
-0.56432
-7.03761
-3.46415
3.79140
-8.09013
-4.75149
7.85674
-0.94077
-3.50433
3.48483
-3.57740
2.77909
4.00577
5.94604
-0.89777
5.10264
2.25425
4.55329
0.38602
-1.87783
4.03667
6.72201
7.67289
-6.12763
7.28187
2.67283
-0.68076
5.82806
-13.14334
8.64017
-4.14336
-8.38747
8.86048
-7.98727
-1.58286
8.43195
-9.55518
-10.61688
-3.40198
0.15187
-0.58793
3.35221
-1.18939
0.28753
-6.64144
10.01303
-4.86068
-3.37194
3.90461
-0.92659
-8.40312
8.71119
-5.87275
4.50912
5.45415
1.35880
-4.38747
5.09394
-1.38970
0.69534
-4.20042
-1.09642
-6.70121
-4.35213
4.85535
-8.56007
1.65881
-7.09693
-3.51734
-7.66088
-0.35963
0.79023
-0.81296
-6.69513
-1.82149
-4.93611
-1.02306
-2.91034
-6.75341
13.99626
3.67715
-11.27569
-11.29328
8.01208
-4.16137
-3.62469
0.33502
-5.54639
2.13158
-10.25274
-3.43284
9.75672
-0.04214
-7.11057
-4.26743
7.04121
-6.14043
-4.39708
-4.64524
-1.67433
-0.56291
1.12255
-1.42126
-2.34073
-1.26476
-12.20556
1.45467
-2.01497
-2.49058
1.25207
-4.15519
-0.50166
3.07776
4.39655
-2.92243
0.00979
-7.05386
6.80338
6.40461
-5.30611
0.88888
-4.48559
0.50917
-2.12039
-0.03900
13.60809
1.36650
1.98792
-5.57282
7.35163
-3.95288
1.63227
-5.38991
1.81377
7.63417
-7.50982
4.83690
-11.83471
-5.27501
-8.55972
5.25544
1.68497
-0.80514
9.81398
-4.97284
-7.79616
-0.56074
-2.95835
5.65440
5.76811
-10.99490
-2.22091
-3.26986
-2.99636
-7.73043
-0.38130
-6.92395
7.27682
-5.11149
9.36469
4.24423
1.39503
8.05763
1.52415
-4.40176
4.53152
-1.62307
3.67238
4.52514
-1.47793
-4.31936
-9.85356
-9.49648
5.34427
-3.13653
2.90396
-2.24645
-0.38852
-7.04214
-0.40033
-0.62829
6.25959
4.02610
6.38610
-2.25832
9.01021
-4.44332
3.53678
6.08915
-8.92339
7.11059
-5.80063
-1.54766
-5.24178
-1.64569
-7.48188
3.26506
3.55522
-3.61000
-5.76111
-11.76568
5.26068
6.64275
5.51008
-7.69279
-0.23135
-7.67568
-2.17519
-5.71107
6.41148
-3.51027
12.36800
0.97981
-2.06119
0.96195
11.87449
-0.99326
-8.18517
-1.98837
1.90493
-6.30343
6.62892
-4.41277
-1.23946
-5.72798
-6.53517
1.05435
-8.84963
1.04715
3.01539
2.74620
3.05412
-7.54749
-3.10672
-3.41188
4.58843
2.95047
-0.07254
-17.19133
-0.07614
-5.54789
0.30707
-2.75272
-7.68579
6.05175
6.17156
-3.02569
-6.07195
7.06358
9.61134
-1.31111
-4.05516
2.37096
0.64652
-4.07812
5.95315
-5.48542
-6.26563
6.31704
5.34285
-0.28632
-9.49559
-8.19631
7.72858
5.01759
2.79467
-7.38012
8.64178
1.80887
1.08639
-2.22032
-4.64999
-4.18658
-5.58023
-0.64905
-3.37045
-11.43634
-9.12906
2.10119
6.14789
7.83251
-0.85326
-3.00689
-2.53397
-2.79590
-2.36766
5.24842
2.59426
5.71457
-4.31372
-2.43637
-4.13968
7.56449
4.28060
8.89775
-2.40006
-3.04321
-4.28584
2.43962
2.12123
4.80745
-3.58545
-6.20234
-0.87900
4.98460
0.95622
3.76845
-2.42078
-11.04335
1.16779
-5.26436
-6.64292
-5.25370
8.12000
-7.70116
-4.00930
5.45595
0.02552
-4.03758
0.88949
-8.17187
5.38846
-4.46357
-1.80131
1.93895
4.27306
-3.72041
2.64137
-5.92639
-0.08726
-2.68274
3.44974
1.12852
-0.94264
10.25377
-0.34904
-11.61253
0.13325
-5.88879
0.01071
-2.72554
-2.27896
-3.61325
12.11716
-2.02944
2.13948
2.75932
-0.29350
6.86490
-1.19748
-0.09186
0.38057
4.45748
-1.17117
-3.46872
7.41212
2.04148
-4.19876
-2.48637
10.01100
-1.64669
4.65246
-9.11262
7.86798
4.09917
-6.02964
-3.53253
-1.46530
2.66236
8.77964
6.56347
-9.12159
6.79557
-1.76827
-1.82030
-10.68412
-5.72876
-0.90032
0.24049
-2.96001
7.50210
1.07322
4.21700
-6.90292
3.19183
-7.43656
10.13981
3.45263
7.41031
5.65708
0.18201
-0.66893
-6.19470
2.59813
-2.38315
0.36017
-2.49098
-1.17269
3.34480
-3.56033
2.79048
4.53401
-1.49374
0.62526
4.31090
-6.14952
-0.76730
5.83043
-0.37714
0.48188
-5.61757
0.87816
-5.81635
-1.54189
-0.21491
4.55030
5.04941
2.94312
-5.79419
5.16626
7.82720
1.19477
-3.65299
1.43254
-2.70390
4.62154
3.07456
-3.31799
9.97948
5.28838
1.35044
-6.95332
-3.46319
-3.69911
-7.72979
0.41315
-10.79583
-4.02683
4.81813
-3.37908
-5.38532
-1.77306
-5.80133
-1.96025
-0.41929
-1.31946
5.65296
-2.46504
2.24130
1.82477
-2.46810
-9.69729
-2.02179
-1.56881
-6.21380
0.14722
1.09463
-0.93501
2.75219
-1.58040
-2.11802
-7.30177
-6.44068
-2.50612
6.75922
-5.62361
1.36773
7.39676
-8.29566
1.33610
6.85720
10.88022
-12.24965
5.03841
5.13792
2.48529
-1.36952
-4.10901
5.55508
-3.03793
-2.19524
0.64578
1.47812
-2.09819
-1.61454
-6.22227
-4.14986
-1.34714
-16.09317
10.03810
14.92663
-0.05915
-2.13395
3.40129
-4.29241
1.85978
-0.22782
4.55272
-0.48452
1.13583
-7.07155
-2.71448
-4.39811
-3.78255
-5.27382
0.30613
-3.53540
3.53849
-0.86437
7.24221
-3.51327
-5.02343
1.28854
2.93581
-2.54399
3.97951
-7.57263
1.44037
1.76290
-4.24726
-0.94488
-0.25337
-0.29633
-8.44357
-3.01366
-6.13926
2.80568
-2.89685
2.55998
2.70582
6.53193
-1.38889
-10.45089
-8.42007
7.64132
-4.14578
3.97532
5.30604
1.69442
-1.74660
-4.05351
-8.76851
0.16222
-10.89224
-3.37746
-5.44365
0.69800
5.68266
-2.94321
-4.95003
6.22802
5.48671
-1.82190
1.06773
-0.50268
6.78379
4.17402
1.72098
2.17661
-3.87608
3.28938
-10.65098
2.63060
1.17421
-6.62760
-3.72591
-4.22068
0.19853
6.45715
-3.86085
-1.24431
0.01618
-12.02713
1.32849
4.79192
-0.69478
0.85045
7.43377
6.38418
1.96552
0.36232
-4.37906
4.61963
-4.09570
3.91117
2.84988
-5.49102
-9.36991
-6.40919
0.95476
0.32216
-6.21350
-3.16090
-2.94310
-6.01788
-4.73661
6.07190
-4.72817
0.37045
15.90362
0.76893
17.23350
-2.45049
0.31150
-1.70590
6.58626
-0.70569
5.51586
-2.60986
0.04088
3.43135
-4.36515
-2.21893
-4.99367
-1.89519
0.63049
2.61362
6.77315
0.22719
-8.08681
6.40214
-5.12908
-0.16781
-3.50007
-2.26967
5.32353
4.35519
-6.01022
-5.18595
-0.60728
4.60534
-3.48447
0.56920
-11.66167
-9.05693
-5.99776
4.36212
0.59837
6.22951
-5.21809
-7.33857
-3.01978
6.24790
2.70940
1.77989
-4.75343
-3.85399
3.84529
0.29456
-9.39298
-2.16607
-5.19012
-0.73418
3.88801
-1.78778
-3.39038
5.84442
1.56266
4.30030
-5.62262
1.81143
-2.49794
9.76582
8.54325
4.63274
3.94895
7.27944
0.56466
9.31798
7.07004
8.05032
-2.78048
6.12194
-3.99949
-8.01983
4.81180
2.39731
1.96408
6.91537
-0.61827
-3.00325
-8.48327
5.73912
1.82915
11.34140
-4.81624
9.10943
5.12304
7.49201
11.66926
-3.00834
1.30813
-9.15887
2.86333
9.36831
-1.33863
3.00933
-5.21082
1.86892
-1.16135
-8.35427
3.75313
0.32783
8.12952
0.97686
-4.01830
-8.16297
9.67515
-6.92631
-11.35457
-4.41852
8.53048
-5.52412
-0.89670
-2.54296
-2.13578
-0.53564
3.62375
5.41405
-2.77989
10.12560
5.01186
7.04489
4.79834
-0.96839
-1.65269
-2.07981
-4.68184
8.20940
3.50088
11.64384
6.24208
-4.31949
-5.60634
5.58421
-4.95071
1.28292
3.46368
-1.62647
-1.43041
0.65126
-7.12211
0.45705
-7.82339
-1.43096
-3.78358
2.24091
1.63082
5.60168
0.21676
-5.43146
-1.93950
-4.25261
4.92741
-2.93532
-10.54866
-2.03996
-7.60770
-13.03832
8.07767
-1.03780
-2.86725
-0.72817
-4.59663
8.07547
-0.63559
-1.10208
-5.55153
-1.46986
-0.84506
0.85113
6.92767
-11.80672
1.40480
2.39309
-1.81322
4.23108
1.30294
5.12191
-0.60044
0.07986
1.93358
6.25731
3.93811
-5.20503
10.01460
5.73781
2.14094
0.33540
-0.76576
3.84767
1.74045
1.79800
-4.25875
2.07824
1.65018
-7.83475
-6.14597
0.57893
-8.62271
-3.68310
7.55172
-10.75824
-6.69951
3.86245
-1.14959
-3.64139
-2.17134
-2.23523
6.19280
-5.12898
-1.10065
1.03777
-0.99702
2.28028
4.55954
-10.51889
1.71686
14.48081
-12.44321
4.71368
-0.36206
-2.02616
-2.25852
10.63050
-4.17803
10.12577
-4.07514
2.86408
-6.69916
-0.87441
-4.53893
0.92890
-0.79340
5.50692
2.55473
-6.38627
3.20568
-4.76792
-8.32867
6.26797
-2.56399
-1.65845
-4.98483
-6.07606
4.61624
0.57745
-2.68670
-2.61184
0.08711
-0.69089
-5.09378
4.24390
2.99539
-7.79891
-0.34236
2.97992
0.41279
-1.63086
-5.96679
-1.36496
-1.41227
4.22443
-8.56676
-0.39696
4.99265
-0.12547
-0.14531
9.22285
-6.19544
-5.12421
-5.63359
-1.62614
-7.47261
-8.64546
1.37706
-10.52479
7.46918
5.25628
3.81778
-6.00710
6.61027
3.17933
-1.70909
1.53930
3.35287
5.35226
4.09583
-4.99789
3.82126
3.79431
-10.32742
-4.60730
3.08859
-4.11991
0.45710
-8.88368
0.19379
-6.43046
-7.15037
-0.65124
3.54307
13.25689
0.74451
-2.72493
2.84043
1.48889
-2.16100
4.50863
12.58420
2.52532
3.11482
-6.23893
8.20913
8.65883
-5.86469
1.57724
-3.73661
-0.74770
-0.56481
-5.99028
1.45209
-2.06481
-9.77662
-3.67793
2.53712
-5.39817
0.44445
-0.91295
8.73833
7.10590
-7.97081
-0.81003
5.38346
6.44349
3.22690
4.52543
3.50247
-4.26367
1.33170
-3.55328
6.27030
1.01945
-5.13289
7.51081
-3.06123
3.42126
6.84320
-4.64567
4.21859
5.47465
6.38659
-3.28273
-8.12456
1.77963
0.95504
5.09649
-1.83580
-5.91949
-6.55378
3.37108
2.81478
1.19639
-0.48185
-3.22704
-0.62434
3.14098
-3.46448
7.91439
3.59421
-4.21387
-0.76454
12.19021
-1.52851
-2.55629
-3.58367
7.84219
-11.29324
1.98322
0.66083
-3.46265
-6.48547
2.65426
-2.70121
10.41212
-1.31828
5.07640
2.21413
-3.29398
2.29805
-1.92140
15.69134
-1.50597
-1.03007
4.80455
6.99331
-1.11296
3.84630
-3.02221
2.40188
-3.52414
7.98719
-0.28936
-5.65509
3.41680
3.59833
-1.78938
-4.38000
13.61437
-11.16883
-1.20183
3.85215
12.22557
8.25217
6.28737
-10.67306
-2.70256
-2.12299
1.97095
1.88108
3.49883
-0.81501
1.62954
5.24868
5.20580
0.00549
0.10206
7.83106
-11.95618
-8.56788
-2.50201
10.17668
-0.04470
-4.82332
6.41707
3.27248
5.74558
-1.00754
1.04148
-1.59843
-1.81117
-0.88394
3.01569
6.11099
1.29991
2.40840
3.89233
-3.99640
-12.22363
-3.45886
1.19352
-8.41003
2.78219
0.94795
2.86282
-6.77453
2.74894
0.64562
1.00103
-3.93412
2.93693
-1.16415
7.92402
2.90945
5.68417
-9.21741
-3.44543
8.05899
2.38782
-0.70734
-8.71942
1.93412
0.94972
1.17780
10.88295
-5.73217
5.56012
-1.03956
-0.70226
0.89695
7.26039
-2.09793
-13.05459
0.30753
1.54303
5.41410
-16.74649
14.56005
3.74660
3.28934
1.28069
1.44136
0.73802
5.04275
0.56215
4.57649
-8.44795
3.77722
6.63658
2.83547
-15.70575
1.89877
-1.83118
-4.52077
-5.07528
-3.30206
0.55429
2.59996
1.29264
-11.96386
-9.73107
0.99443
-8.71573
-5.24870
2.32163
4.72018
-3.56795
6.28621
-0.22149
0.64928
4.09513
10.38005
-0.44286
4.25184
-7.61464
9.20416
4.47623
9.61917
3.86638
7.75380
6.13105
-0.25896
-2.66734
-3.06138
0.92500
0.44145
-0.50193
1.67514
9.76782
-4.35848
-0.44275
-3.99136
0.59115
8.04901
-1.80815
-2.79186
1.44108
-9.65437
-4.52561
1.35312
4.50667
-5.30782
-1.78607
11.36412
-4.40844
2.76926
4.03154
-3.51737
-2.36917
6.20254
5.61819
-3.10317
2.67303
0.88912
8.39502
1.09226
0.41878
-10.94417
-0.44031
-0.68008
-6.71692
-2.06136
3.12818
-9.63264
4.67230
3.66104
3.86470
6.11372
-1.36089
3.82907
-2.09836
-10.96400
-4.32699
3.55730
3.27902
13.81428
-0.73959
-2.26000
-5.92563
-6.23025
-2.65774
-8.24770
-2.40845
-5.67260
-1.29176
-1.54726
2.27281
-2.13672
-3.73558
-0.09143
2.15070
3.57377
-5.09580
4.73608
-7.80386
-6.92387
2.98294
-2.14399
-4.77223
11.30190
-8.68815
-7.90749
1.19039
-5.41306
-1.73958
-1.49114
0.26248
-0.99346
4.92980
2.09080
-5.58704
10.08638
-1.50566
-3.00440
4.91869
10.83671
5.29359
-9.49672
-11.84434
-3.76298
6.37865
3.25919
-3.28732
-0.00632
-3.45621
4.99031
5.31821
6.49206
4.98745
2.70878
1.35438
-2.08777
-10.88398
1.22601
-6.56914
-6.86076
10.10556
-4.67284
7.24223
-4.13636
0.18287
5.44939
-5.16706
6.41433
-1.27302
-6.38317
-4.57457
-1.94132
2.26709
-14.49747
-1.03598
0.12649
7.71670
1.01966
9.64738
4.66360
-0.31481
0.17798
3.23566
-2.45921
12.29076
4.96970
8.01598
-3.15670
9.46128
-4.30003
-1.66712
-12.79252
-6.19917
-0.00783
2.15643
-5.16285
-3.55034
-8.02432
-2.38852
1.61922
3.34583
-11.30926
-5.98937
-3.43680
-4.35426
-0.47319
-0.72538
-4.84535
8.62157
2.86753
0.13319
-2.64379
-0.58835
0.46471
-1.54927
-2.54480
4.89783
10.67696
3.48446
0.58150
-7.88414
-5.38767
2.86480
3.04012
-6.72342
9.47202
3.78592
-3.26967
0.01016
-1.75958
2.14802
1.85614
-6.97434
-9.34603
3.40950
-4.36110
3.73081
5.51747
0.15576
-4.86724
3.35509
2.72203
-9.04319
-1.68554
7.16315
2.46631
4.73387
8.90176
0.93850
5.90159
2.17717
-2.08686
-7.35602
-5.47932
-9.23483
7.21684
-9.68170
-4.05405
0.58684
-2.79468
-1.83622
6.45350
-7.27395
-6.64812
0.85791
2.55424
5.99368
-3.73605
7.84230
2.98336
0.72735
-0.60749
-1.71730
-5.14671
-1.69095
-2.48947
0.59271
4.15800
-5.18103
-5.14487
7.34826
0.65830
-11.31436
-6.36191
-4.89833
-6.76952
2.02574
-0.29796
1.52987
6.04242
8.41418
-0.40203
10.80493
0.08568
-4.68942
2.97144
3.75031
-3.60134
-8.26109
1.11557
-1.75547
-8.64961
1.11839
3.16043
5.50236
1.52981
-2.27083
-6.01408
7.72227
1.02322
2.63494
1.02400
-3.11435
-0.57556
9.45954
1.35108
-1.52388
-2.05077
-6.22279
-2.45931
-2.19083
4.79646
9.67827
-2.58559
5.75797
0.42867
5.72642
12.62739
-1.65216
-6.65438
2.36413
12.65904
-0.41757
-4.36044
7.84125
-2.25264
4.10933
-10.53046
2.18572
-1.47351
-5.78946
-0.64803
-0.24322
0.78509
-1.26150
-5.11125
5.80783
-5.41694
-8.42472
0.12534
-4.01543
-2.16995
5.90900
1.53662
-3.79608
-4.59457
1.92645
-2.19764
-2.19950
6.10792
-3.30157
-2.50285
3.39798
-10.51417
3.72139
1.14286
6.21374
2.37144
4.59720
-4.56148
-3.52908
2.13692
-2.19370
6.95561
2.34226
-0.26442
1.40955
4.67312
-0.05750
-2.10902
1.79618
-0.16071
1.43164
-2.44985
6.02049
0.47584
4.30702
8.02806
-2.43826
-0.60560
3.30929
-0.83830
-0.63029
-13.47920
2.73749
2.76325
-5.34498
-1.75538
2.18356
0.16117
-4.30687
-9.47135
11.51232
-3.85978
-4.44198
4.76109
1.87881
-3.88683
-0.53224
-1.42521
-4.41740
-1.72557
-7.41053
4.22371
0.27543
6.62782
-2.01715
4.35572
10.85984
-1.97354
5.17688
-7.15908
-4.82800
0.37302
2.44104
1.83240
0.54890
-11.92907
3.88599
8.77946
8.32811
1.93410
-13.01980
2.02010
8.45749
7.88596
-2.31834
1.55115
2.86767
5.30097
-7.25644
0.05530
-13.39527
6.96196
3.86831
2.49128
-4.06511
8.27337
1.31082
-6.66323
-7.46345
-2.63695
-2.30359
-10.48114
-7.84097
-2.80330
-2.37399
-4.82282
-5.42125
5.50408
-6.30231
-5.46900
2.64578
2.44705
0.58367
6.76680
-0.01596
1.76692
12.01584
-4.97420
-4.70711
4.10944
-0.17478
-4.44662
-3.03687
1.28009
-6.63390
-2.18773
-0.23500
-12.18130
-0.26514
2.38798
-0.49229
8.52208
-2.62293
-10.84152
-5.74450
7.97566
-2.97724
5.59896
2.58328
-4.60251
-1.06011
-10.44712
-1.53876
5.95897
-1.79359
1.34556
-8.47882
2.90373
-2.80191
-8.33843
-7.28672
2.69095
-0.94994
-0.36781
-6.34052
-8.44832
3.93863
-5.17739
-0.84027
-4.68631
-1.68643
0.38301
7.22980
17.89071
4.49160
-9.83574
1.95182
-1.93005
9.41235
2.94318
-8.96575
-9.05474
-2.76768
0.09492
1.62109
3.67646
1.50271
8.60785
4.33885
-3.51181
2.53457
3.16405
3.82331
8.35480
-0.50272
9.00728
3.54315
4.01316
-6.53944
-2.85851
3.39322
-0.04866
-13.16749
1.65367
11.80326
0.02397
14.10124
2.46141
2.06118
2.07530
-5.56820
-8.10051
3.22583
-2.47385
3.31510
0.88229
0.68361
5.35211
6.95710
-0.33906
-4.15990
6.49866
-3.37097
-5.20975
-3.34370
-8.29847
-0.21900
-4.44470
1.79401
2.39467
4.57527
2.84211
-1.96808
-1.80286
3.86222
5.18438
7.32266
1.33886
-3.09171
3.20587
-1.30256
-4.35017
4.27982
1.85976
-6.77326
-5.06044
1.34431
-2.83210
-3.64639
-3.66873
3.40171
-6.05541
-0.27448
3.38669
-4.45747
2.61874
7.29439
9.62591
3.04072
-13.00393
8.50447
-7.46573
-3.25879
-1.78203
7.75036
-1.30645
0.15338
-5.59244
3.58899
4.55029
-2.80434
-2.00558
-4.13462
-5.78786
-0.61328
2.84669
2.61880
3.31458
-1.95942
-1.44801
-0.36746
0.63086
3.53759
4.79961
-3.16757
-2.33816
-1.64723
-13.46237
-5.40620
-0.15499
1.01978
-4.43035
-4.46159
0.17080
-4.07366
-1.50238
-6.18714
-4.04841
-12.70607
-1.51720
6.95592
-2.03330
8.98522
-2.60450
-8.65746
-9.19920
4.07147
-5.56523
-0.51148
5.25705
3.20819
4.51237
1.38125
-4.21994
-2.97761
11.96853
2.88301
-1.46052
13.81673
-1.98220
2.15135
0.26082
-0.73226
0.99224
3.53705
-3.83337
12.82090
-0.19771
2.39458
12.72115
1.18483
9.88426
-1.98680
0.20100
8.25681
-4.40877
5.40052
3.59544
9.70852
0.88885
-4.00121
-8.60645
-1.36315
-2.07299
-4.46478
-5.74298
-8.91350
-0.00706
-7.72387
3.78021
3.49410
-0.33730
-2.71097
-7.16458
-8.43941
-6.92004
3.03545
-3.84074
-3.64096
0.55369
1.10468
4.27672
0.40077
-0.83249
-6.94330
4.90379
2.86564
1.29345
3.77081
-6.95761
0.04930
0.71881
6.71603
7.48682
8.33491
-7.27926
5.14171
-2.14264
-0.70036
3.73431
2.19776
-4.06174
0.81729
-1.29758
7.42137
-4.83497
-0.49543
9.21822
0.23435
-3.56172
1.40754
2.72359
1.15251
-1.87226
-2.28765
0.17079
-1.69883
-9.73484
5.06485
-4.58485
8.28960
-1.09879
-1.28763
-12.77749
-1.62793
-9.80671
0.64081
1.62683
-5.88413
-1.76925
0.43623
1.11691
-0.98812
0.07868
1.22167
-5.41321
3.89278
6.49545
-1.65135
1.04750
-10.60636
4.26194
-4.59528
-2.77540
5.89811
-3.66942
7.83291
-0.88994
2.47024
6.06005
-5.27574
-2.24017
-0.63436
-4.47635
6.06590
-6.21504
2.19739
6.34214
2.83169
-6.59978
5.00382
6.23998
-3.51664
-1.35883
2.39728
-2.09340
0.16643
0.55671
-5.53185
-1.82362
-6.08759
-2.33330
-7.07996
-5.15467
-6.50803
3.87875
1.41366
4.36059
-2.20746
1.46328
-5.98436
0.36722
-7.60875
1.89664
-2.51024
0.13669
-7.84554
11.80636
-2.07530
-10.19919
-4.62382
7.22511
3.73113
3.93386
-3.39010
4.88691
1.83539
-4.81505
7.05644
1.56961
0.93351
3.72645
-0.89732
2.86662
10.92985
5.10233
-3.58867
1.64964
-11.42553
-0.22549
-10.02265
-6.70667
-3.66678
4.80559
0.85435
6.38860
7.41990
6.91033
-5.29326
1.23696
11.10445
0.91145
3.08910
9.14700
-5.96722
2.81148
1.13117
-5.35190
-1.53773
-3.54489
-4.28762
6.93317
3.46263
-1.72250
-3.29379
8.50379
-2.30099
-7.13097
-5.55283
-2.70522
-5.30410
-7.74459
-3.81807
0.17552
1.12139
-1.48685
2.55170
6.77768
-3.53574
1.47427
9.70538
-9.74883
8.52676
6.64409
3.91790
-3.99673
2.64967
7.22020
1.84873
-7.36556
-8.55345
0.46930
-6.94059
-4.53732
-0.66655
-1.74847
5.96412
5.54140
9.76501
1.84219
8.64680
2.14128
0.33539
7.29159
-7.45769
-2.65992
9.58736
-3.26962
-3.75899
4.33905
6.41921
1.60759
-7.71973
-1.53066
0.60777
8.00753
-4.36921
-4.13714
-11.17429
-2.90032
-1.17177
0.28091
10.78266
1.53284
-3.06834
11.60323
0.33578
-0.05289
-6.17676
-7.49974
1.65639
-4.59471
-7.18655
8.81779
-7.47508
-8.45801
9.20088
0.68204
-1.40322
4.03042
6.41515
3.62337
-3.02485
1.33752
0.03506
10.65062
-4.64771
-0.75413
7.46096
-2.52682
-0.18504
-2.76176
8.48318
-6.50957
-4.60323
7.81245
-0.30905
7.18006
0.32435
-3.83303
-0.13844
-1.65967
2.62905
-3.58902
-6.11714
3.30088
-10.06864
-8.10482
-2.38828
-2.99256
1.21890
-6.78894
-7.92704
6.86770
-1.18576
-1.77153
-2.75345
-0.19104
-1.23375
0.28392
8.45828
5.41120
-0.16325
1.77330
-2.37257
9.25376
0.03006
3.32571
2.53140
-4.77473
11.64227
-3.96813
-7.28244
5.05620
11.45845
-6.46608
2.16187
7.69320
1.39136
5.78472
-8.83314
3.78011
0.70167
12.44586
3.04619
8.28588
1.82523
-6.68193
-6.04816
-7.62074
-1.07718
-5.30873
-4.23474
-3.53209
3.14405
-7.79168
-2.35226
-1.56223
6.17401
12.60632
-1.03234
9.53820
-7.27596
-1.35452
-3.52684
3.17158
-2.80505
-2.39809
-5.02823
2.92745
-2.63153
11.37218
-5.49155
3.09786
1.49360
-7.89742
4.27832
-5.37023
2.74005
-6.79069
-2.08187
6.67852
-12.37138
2.43500
-5.77733
-0.32269
2.07234
-0.34580
-6.67142
17.26061
-0.42404
-12.41446
0.76087
7.21431
-1.61908
-3.66504
-9.50387
5.56187
5.62690
2.05163
1.12860
2.64999
0.32139
-0.81048
-3.96038
8.22174
6.09737
5.23576
1.34580
0.11598
2.21404
2.93515
2.47084
11.97735
-2.20248
-2.81448
-13.71512
7.08284
2.87712
-7.37009
8.69450
3.86394
-1.41297
-5.98222
5.77561
0.20866
1.17212
11.23046
2.61196
5.11875
2.56489
-1.29592
4.48515
-7.32184
-4.58493
-0.81743
5.75705
3.95705
-3.57603
-3.42418
-6.41988
3.30092
2.36598
-7.14757
-3.00791
2.96342
-4.99536
-6.95270
-1.32582
-5.69734
9.61799
-11.14722
-2.29296
3.74637
0.25289
-7.62246
3.77120
-0.16640
0.88657
6.76987
0.37482
2.44581
7.44555
-2.05216
-2.52536
2.43490
-4.91876
3.33713
3.84752
-7.19947
-9.95404
0.19574
-4.66782
2.36094
-1.62418
-9.04778
-0.67106
-6.48948
0.40041
-2.95679
-3.50825
-1.95966
-14.57785
-13.61536
1.11163
8.12162
2.90654
0.76054
0.32070
-6.79940
-2.76683
2.73515
2.80184
5.18342
6.03535
-1.68800
6.62878
-3.92535
-10.94522
-5.62626
-10.94977
0.97850
7.22352
-7.40667
3.81802
2.27614
2.75775
-4.32284
-3.72066
-5.25808
1.70472
-0.58164
-9.15806
-10.29537
-11.50930
3.66882
4.11200
2.47279
-1.03376
6.81711
-3.22505
-1.24304
0.73735
-0.66468
-2.23628
2.06829
-2.57720
-7.86915
-3.61480
0.48837
5.01796
-1.91336
1.00422
1.30317
3.20536
-0.85591
2.28997
-1.66804
5.44254
-3.23801
3.23060
-3.38206
6.13047
2.37327
1.78350
-7.07830
2.26518
-3.07505
-0.41741
-0.42724
-3.75288
-12.10708
2.47339
-0.40194
4.58811
4.36989
0.48507
-0.53836
-0.05821
-0.86060
0.28440
-0.88132
1.59564
-0.76525
8.18756
-2.41275
-0.96334
-5.40349
1.17859
1.33290
-2.94026
0.99151
-6.90187
10.72063
-1.95129
-1.83599
-11.10548
2.09478
-4.86297
-1.08279
5.50134
7.26161
10.03765
1.07081
-0.24312
0.85226
7.81038
3.42831
-0.87036
-3.41629
0.81390
0.01165
6.15012
3.69585
2.17517
6.88940
-5.78553
-5.76479
-2.32769
1.15423
-3.22305
-3.23356
-5.41256
5.66894
2.40085
-0.61324
-0.34774
-3.51864
1.09826
2.09386
4.59288
3.08264
3.15295
-3.41264
3.31762
-6.26512
-4.76096
-2.01427
-7.52439
4.65649
-1.04390
-1.09502
-4.37965
3.01903
-1.73353
4.84501
6.49816
-0.72388
-9.23654
1.26408
-2.96645
1.83185
-4.08605
4.65562
3.36075
2.89154
-1.81069
-11.33112
-3.67252
-3.72851
6.12453
1.65959
1.66219
7.27034
2.42065
3.48423
-1.88882
-1.42445
7.70464
-6.47360
-5.36751
2.88696
6.91518
-7.56821
-2.95282
6.14475
-7.86546
5.00185
4.71299
-6.05371
6.99338
-2.55445
8.67590
-7.44867
-0.97729
-5.40192
5.07989
-2.03947
7.97735
-4.29903
2.74692
-2.49687
5.69694
0.70610
1.84816
1.06061
0.64245
0.42161
1.62096
7.09041
4.69738
7.10104
-2.42113
3.41925
-14.33325
0.22051
8.38418
0.28657
-8.93439
3.21841
9.73480
7.68746
2.29166
-2.58735
-2.65331
3.62295
3.56730
1.15429
-5.61582
1.84793
-7.01382
5.65560
-13.35938
0.13786
-2.45225
8.81436
-8.92994
-3.05250
0.58577
4.38755
-0.14823
8.95812
3.13997
-6.48971
-1.79576
-2.44379
-2.98725
-8.41336
-6.25455
-4.66904
3.35879
0.53507
7.50129
3.58420
-2.80094
-10.62092
1.55314
7.38307
0.76604
4.99650
0.24287
7.98601
11.60856
-3.71143
5.23802
2.97857
-6.18822
-0.64430
-0.65488
7.59500
-1.39189
-11.81647
1.67264
-2.52192
1.36807
-9.21452
9.65553
-9.50972
1.15298
4.89913
2.54718
-0.92180
4.78424
-3.15365
-7.53426
-9.49370
-0.63765
1.79185
6.89409
-3.02155
9.97279
1.28723
-5.25795
-0.57086
1.23103
-8.29957
6.47567
-2.02798
-1.48976
-3.77250
0.57867
0.82214
-3.67980
-1.24259
5.97738
2.50975
2.16446
3.83049
5.90982
2.96801
-2.20574
-0.63942
-1.88083
-0.54359
-5.63382
-7.41991
2.54441
-4.18502
0.08662
-3.01819
6.99981
4.30776
5.39386
4.09643
-5.06698
6.24390
-9.10911
7.96399
3.74825
2.68941
-2.83858
0.02649
4.16237
-1.97394
-4.83249
-1.38485
-5.55212
-8.47975
5.41402
-8.13975
-4.67478
-5.06653
4.26588
-8.38021
7.09178
2.73777
-2.52404
1.85556
1.73591
5.64518
-5.55293
-6.12802
6.08235
2.06234
-3.82598
-8.61480
7.74710
9.00050
-6.38957
-4.70717
6.96370
1.72688
0.06203
2.60423
1.12481
-4.63878
11.43853
1.43158
2.23952
-1.40774
0.38160
0.58050
1.08207
-0.10311
5.59925
-3.90146
3.44289
-4.65599
6.25257
-0.32856
-8.99420
-7.90926
-0.22867
-5.31572
1.10141
-3.80046
-0.82382
0.73876
7.14515
3.35956
-1.50705
7.18833
3.73210
-1.55367
-3.66774
-10.20260
-0.24451
-2.26626
2.15234
0.78087
-0.76223
2.11812
-4.98169
0.08490
4.09853
4.87988
-17.70627
3.16766
-3.50072
1.95196
1.02318
-0.39317
-3.37097
-4.84403
0.27122
-1.44584
-0.28559
7.14212
-1.17261
5.17967
4.42468
3.64182
0.20470
2.31099
10.15030
-3.35753
8.61324
-11.30108
4.72463
-1.11020
-5.03289
0.64809
-4.40806
2.44641
4.15934
4.42983
-1.78496
1.48647
0.31854
0.55082
1.59257
3.34265
0.07987
-7.51432
-3.27254
-1.80224
-4.87456
7.84919
4.00275
1.94877
8.62877
-6.31302
0.06576
9.31841
11.18702
7.02359
0.30006
1.72256
-0.41840
-0.24134
-2.43687
1.26683
4.51333
7.51566
-0.94945
0.54141
0.93756
-2.87916
-10.66648
3.25653
4.28614
0.90919
5.29584
3.22466
-3.15444
-5.83825
10.10121
-2.80381
-1.04972
-2.05849
6.22208
6.32658
2.92443
4.83556
1.82047
-1.59145
-9.25699
5.22247
4.17183
-3.75452
-10.35689
3.53606
-2.08222
-3.21388
-4.76505
-9.26658
-0.42215
10.43679
2.43005
3.34582
-0.31195
-6.15888
-5.63627
3.40231
-4.79070
9.80882
-0.16066
3.00977
4.79260
3.50551
7.84595
0.61672
0.01368
3.99774
-3.21580
9.85322
2.20865
5.02432
-7.32316
-6.40104
-1.26223
-3.33070
7.44006
-1.01039
-7.45957
0.55908
-1.03661
4.49691
-6.01580
1.91726
-2.59616
5.26810
-1.80038
8.17000
-3.97903
7.55338
-2.43931
-6.77344
9.05139
-5.37233
-6.45342
-2.91797
-2.58423
-5.72520
-2.02126
9.11663
14.27914
-2.47989
2.64628
-5.49364
-0.58255
2.55415
-1.55582
0.47885
1.23812
10.95071
1.21599
3.70256
2.09822
-1.49301
-1.77284
-1.24132
-4.01456
0.05209
8.24353
0.49774
-0.94821
-1.50131
-2.70654
8.88862
9.78194
3.57885
-0.35731
3.38691
-1.57733
3.25079
1.98795
-10.82604
4.58067
-4.24655
1.86739
-1.16955
4.27283
-1.39302
-9.25379
-2.20976
-3.89173
3.20348
0.48323
-3.07561
-4.03138
-4.61859
10.72247
-1.54497
-11.44835
1.00790
2.88817
-7.17927
-0.19295
3.17015
-0.64906
-2.11268
6.61381
-3.57450
8.08399
3.86157
-3.55477
-0.82978
1.23890
-6.32206
3.67963
-1.23351
-8.00254
7.18371
-4.87181
-2.97132
3.68495
-1.07908
1.43842
-4.46918
3.12773
3.21966
5.35254
-2.03419
-0.41755
-8.49538
-4.59417
-5.50126
-12.45466
0.14767
-5.88118
-6.30379
3.48020
1.47598
-1.31669
5.61917
-4.46831
-3.22325
-16.35914
4.42427
5.39751
1.25632
7.12730
4.65198
1.38682
-1.04731
3.41420
-1.19629
-3.26629
1.86921
2.97519
3.03726
6.57555
1.51869
11.60255
-3.87086
-3.04956
-15.01422
-11.21317
-4.41214
2.78722
3.60212
-1.45786
3.04115
2.74817
-6.02551
-8.59850
2.73250
-1.48829
6.12778
2.87891
2.27380
-4.64896
1.68974
7.06841
-4.43089
0.93594
-0.76736
-12.56671
4.71547
9.08395
8.51920
-2.01575
-3.02508
0.23039
-1.92866
0.37922
-6.20301
2.81730
2.70712
-1.37989
-1.23052
5.86356
-3.99926
4.30334
-4.35774
-1.72582
5.44678
-7.34042
-2.01542
12.29565
-3.94226
-3.22700
-5.35183
5.66250
2.67019
-3.36999
0.39974
2.76254
-1.96156
-5.92539
3.04865
-0.45251
9.78545
6.89239
-7.12357
-7.45826
1.27270
5.93114
-4.63825
3.35365
0.16013
-5.17550
-6.98147
0.13803
2.80736
0.40441
9.03973
7.62636
8.02137
1.61347
0.96860
-0.19220
-0.86583
8.49211
3.57742
-5.49794
8.60206
-0.11209
-4.10480
-3.59351
-4.61305
-0.87095
1.39145
-4.60574
-1.87824
-4.33553
7.63478
-3.56818
0.68771
-3.45091
-1.37042
1.74931
-5.15252
0.94522
6.29337
-7.00459
-6.43514
3.82044
4.17334
3.84947
2.82354
-13.62206
-2.60278
-4.31118
0.92554
-7.30772
6.72952
0.37724
-7.23574
7.54533
-0.16728
0.83430
-5.34617
-2.41837
-12.47016
0.87753
3.30742
-0.33141
-2.66660
-0.73429
4.40902
-3.04542
1.23229
0.31100
1.17679
-2.03335
4.67282
2.66063
12.94643
0.41691
3.89474
-2.11616
3.77094
-11.88810
-5.08726
5.12719
2.54104
-4.59565
0.02506
10.19030
-7.96591
5.49506
2.36891
-5.69243
-1.17639
6.00536
-4.34320
9.99368
6.25719
11.00989
-8.65715
-4.07420
-10.20150
3.81282
4.05485
-6.58403
-2.72000
4.92899
3.25295
2.89827
-0.23910
4.46843
2.72508
-5.86196
-12.94507
-1.53813
9.18343
-4.28221
-2.05725
1.88035
-6.70417
-6.13782
4.43209
1.34531
1.40655
-0.70730
-2.97229
-1.03552
-0.72171
0.15640
14.27863
1.36537
-0.82104
-4.18078
-7.54911
1.74678
2.29439
-4.69013
-2.87790
0.53615
5.77783
7.39542
-0.81911
0.32201
-0.37524
-3.71180
4.89337
-3.62655
1.33859
1.49669
-8.64874
-2.13985
-0.89872
-1.91561
-1.12321
1.35186
-12.78348
6.30446
2.65871
-8.53929
8.59236
3.11313
-5.21140
6.55716
2.43980
-1.51381
-3.28161
4.58773
-0.01410
-0.67357
6.58162
0.64777
0.31103
-1.97946
4.07335
7.63892
-1.91952
-0.85222
4.20088
2.17717
-6.57449
-4.83526
1.00790
-6.66604
-7.82702
15.22557
-5.02796
1.36917
6.20871
-8.19883
-7.68848
2.48277
-0.22006
-1.80921
2.27617
-13.08002
-0.85101
0.96342
7.46271
-7.10769
0.55222
2.66628
4.80964
-3.15155
6.04393
-2.53826
