0.09583
-0.28301
0.31590
-0.34501
-0.34111
0.50328
0.14239
0.50638
-1.05468
0.01739
0.99230
0.69258
0.47959
-0.10078
-1.38501
0.86612
-1.33300
0.57326
-0.17835
0.47415
-0.29239
-0.27229
-0.51408
1.54678
-1.10494
0.32009
-0.89655
-0.23328
-0.58750
-1.90100
-0.08763
0.23737
0.01799
-0.01494
0.17521
0.23194
-0.26460
0.06241
0.36996
-0.69228
0.12094
-0.44330
0.74308
0.03298
-0.05944
0.43039
-1.53791
0.01009
-0.45787
0.80747
-1.15752
-0.82404
-0.57492
-0.08823
0.18035
0.79086
0.37959
-0.92401
-0.55580
-0.00887
1.20953
-0.24047
0.75603
-0.29024
-0.50163
-1.14017
0.30341
-0.49800
-1.37702
-0.05162
-1.79769
0.59926
0.18716
1.28904
0.54103
0.88844
1.12637
0.65186
-0.94924
-1.38673
0.30897
-0.35871
-0.62016
0.84729
1.12141
-0.45204
1.31283
-0.26437
0.08352
-1.07630
-0.68630
0.80858
0.63522
0.16640
0.08551
0.34306
0.79848
0.26177
-0.29367
0.93643
0.72385
-0.15362
0.04126
0.02614
1.17642
-0.75499
-0.74925
0.02430
-0.20161
-0.57228
0.60459
-0.07741
0.33555
-0.34241
-0.23671
0.79956
-0.17154
-0.70542
-0.64122
-0.44288
0.50221
0.50978
-0.14824
1.17138
0.24843
-1.22336
-1.14307
1.35067
0.51829
-0.30258
0.08234
0.23185
-0.21931
-1.17517
-0.06548
0.60210
0.60187
0.13262
-1.24855
0.84738
-0.89703
0.53721
-1.70794
-0.30095
-1.59949
0.42686
0.73773
0.69493
-0.83234
-1.71265
-0.49268
-0.94158
-0.04462
-0.12420
-0.08941
1.78937
0.41070
-0.70277
0.11781
1.28006
-1.03039
-1.04576
0.17327
0.25865
0.34617
0.22834
0.33014
1.64331
-0.17196
0.64658
-0.71925
0.56941
-0.86911
0.28668
0.71582
0.85128
-0.78328
-0.04260
0.59005
-0.35578
-0.47724
0.92103
0.26499
-0.83190
0.20134
0.32333
0.36984
0.91118
0.26377
0.48896
-0.28537
-0.79511
-0.75277
0.12110
1.52968
-1.05378
-1.25300
0.79065
0.29873
0.82149
-0.13099
0.14257
-0.68658
0.72878
0.88750
-0.72912
1.20696
-0.43444
-0.51601
0.52937
0.84063
0.00476
-0.26215
0.24011
-0.76084
-0.63668
0.47988
0.80244
0.84492
-0.55066
-0.40801
1.13823
-2.44849
1.15420
-0.58871
-0.65465
0.02681
0.21332
-0.00649
0.41983
-0.90625
-0.28492
-1.92168
-0.25895
-0.05414
-0.11276
-0.14366
-0.17072
-0.88886
-1.04128
-0.84603
-0.74658
-0.79785
0.25776
-1.12659
-1.09832
0.91909
-0.03664
0.19411
-0.20802
2.03381
0.23486
0.32502
-0.21252
-1.22436
-0.19902
-1.64217
-0.47775
0.50295
1.36119
0.45584
0.14669
-0.36393
0.76485
1.16824
-0.54172
1.49271
-0.19413
1.07500
2.00223
0.69665
-0.18221
-1.27549
-0.66551
1.67520
-1.33758
-0.13285
-0.75499
-0.84932
-0.40828
0.84527
0.36213
-0.04234
0.57214
1.06892
0.19899
1.31100
0.74274
1.60706
0.61747
-0.21200
0.25772
-1.24680
0.00817
1.92667
-0.07089
0.95500
0.36254
-0.07321
-0.72767
-0.18646
-1.05126
0.03945
0.28348
0.07815
0.55462
0.65650
0.27657
0.11243
-0.35476
0.94930
0.07466
0.21374
2.12637
1.45316
0.81964
0.80336
-0.04628
-0.46177
-0.11802
-0.17993
0.14716
1.28839
0.29625
-0.34069
0.34456
-1.21538
0.99824
0.77310
1.54052
-1.66953
-1.63554
2.06139
0.67332
0.17431
-1.45600
-0.43641
0.50223
1.63284
0.51584
-0.96709
0.07384
-0.65886
-0.12274
0.40469
-0.30244
0.16209
0.71155
-0.11276
0.70377
0.79177
-0.15631
0.12324
0.19506
-0.85686
0.41382
0.27438
-1.05643
-0.54098
1.26016
-0.06896
-0.17709
0.28087
-0.27570
0.76185
-0.17421
-2.41295
0.15943
-0.59471
-0.21647
0.04758
0.39787
-0.44621
-0.69299
-1.07801
0.52451
0.34971
1.23420
-0.08133
0.09527
0.61405
0.95859
-0.40982
0.46466
-0.47359
-0.75212
1.32540
-1.53394
-0.46674
0.71390
-1.95916
-0.41605
-0.97471
0.58534
0.28981
0.38268
-0.61432
0.57212
1.20836
0.86531
-0.18548
-0.70748
0.41667
0.39592
1.11171
1.07008
-0.34417
0.77028
-0.63458
1.26675
-0.66373
-0.43505
0.27262
-2.09182
-0.55141
0.33737
0.14829
-1.08223
-0.80236
-0.23972
0.58655
0.04359
0.07452
0.73266
1.21636
-0.83655
-0.11200
0.44429
0.62231
0.38352
-0.87157
0.59695
-1.54619
-0.41646
-0.24529
0.78694
-0.17961
-1.82892
0.13627
0.38700
-0.63880
0.89784
0.92605
0.81847
-1.91556
-1.80017
0.64651
0.17076
1.50301
-1.58661
0.14425
-0.72718
0.43156
0.07264
0.95683
0.12401
0.21155
-0.08239
-0.22813
-0.17106
0.73091
0.49469
-0.65541
1.11823
-1.57533
-0.61090
-0.72400
-0.28006
-0.06054
-1.04903
-1.10699
-0.17530
-1.35881
1.71831
-0.02551
-0.45227
0.89309
1.28192
-1.42281
0.26204
1.90500
-0.25565
0.48812
0.32714
0.06818
0.07163
0.12552
0.38412
-0.00639
-0.43102
0.29426
1.42759
0.22200
-1.12751
0.23894
-0.97402
-1.02188
0.35015
-0.51200
0.42686
-0.00411
-1.39549
-0.62768
-0.37364
2.10798
-0.01531
1.30113
-0.36085
0.53689
0.08328
-1.05017
-1.51462
0.15301
-0.74752
-0.50274
0.56792
-0.23498
0.36234
-0.43396
0.46073
0.27931
-0.89434
-0.49784
0.39892
2.07029
-0.18029
0.58377
-0.03272
-1.07074
-0.49076
-0.64785
-0.15635
0.58888
1.32514
0.80981
2.21051
-0.15934
-0.20503
-0.27126
-0.67315
0.56935
-0.88943
-0.19181
-1.57981
-0.83177
-0.46442
0.09745
-0.22581
0.08547
0.47703
0.67023
-0.35723
-0.14708
0.42521
0.79127
-0.39875
0.01553
1.10923
0.99707
1.12488
0.92450
-0.10899
-0.45117
1.26902
0.94163
1.03634
-0.78730
0.59022
-0.37379
-0.52988
0.39016
-0.32652
0.44057
0.07460
-0.34437
-0.10028
1.01940
-0.79423
-1.32499
0.47833
-1.46726
-0.13365
-0.36671
-1.29168
0.24470
-0.32501
0.14748
0.57868
-0.45903
0.63909
-0.17350
-0.47208
0.17320
0.72027
-0.88211
0.97720
-0.43141
-0.20039
-1.59124
-1.13338
-0.44400
-1.17793
-0.05240
0.77641
-0.90046
0.22446
0.62756
-0.56703
0.69248
-1.11639
-0.94863
0.90940
0.98485
-0.32802
0.97663
-0.12467
-0.24854
0.66928
-0.55942
0.25156
0.80838
-0.08890
0.80577
2.40689
-0.33135
0.12694
-0.00259
-1.22687
0.38771
0.08814
1.22835
-2.42501
0.28983
-0.84336
-1.62463
0.19161
0.33776
-0.54311
0.01732
-0.01865
-0.29849
-0.07914
0.10956
-0.20133
-0.17935
0.50079
-0.25110
0.13422
0.21800
0.22951
1.15092
0.29284
-1.70746
0.08554
-0.20450
0.01729
0.04341
-0.24433
0.30993
-1.17201
-0.01075
-0.58281
0.31243
-1.13416
0.92089
0.18800
0.43915
-0.09731
0.32364
-1.26023
-0.03937
0.05452
-0.32906
0.16837
-0.01886
0.25686
0.60940
-0.18806
-1.21973
-1.51311
1.24820
0.28181
-0.11795
-0.41874
1.34702
-0.39960
0.51790
1.54188
-0.20799
1.02878
0.01632
0.16664
0.70403
-0.05078
-0.31948
0.85332
-0.18510
-0.20125
0.54896
1.49892
0.65736
-1.22754
0.59138
0.11882
-1.18286
-0.05594
0.56153
-0.40714
-0.70066
0.15229
-0.54409
-1.95096
0.58741
0.35271
0.81462
-0.32825
-0.04710
0.15077
-0.62144
0.18878
-0.78081
-0.41648
0.79315
0.23630
-0.01596
-0.50019
-0.61262
0.51969
-0.47376
-0.03899
-0.81173
-0.92918
0.47183
0.47249
0.29431
-0.49560
-0.60276
0.21003
0.55608
0.52975
-0.52995
0.29883
-0.54017
0.09710
0.17941
0.18671
0.14810
1.10399
-0.52566
-1.35356
-0.76054
-0.07399
0.55598
0.30236
-0.30708
-0.54736
0.01735
-1.22754
0.08185
-0.57935
-0.34571
0.76738
0.96209
-0.23503
1.04866
0.10378
0.94955
-1.09120
0.29572
-0.27027
0.02713
-0.06925
1.18394
-0.47198
-1.29148
0.53591
0.57749
-0.94756
-1.04966
-1.53985
0.00995
-0.90102
0.14701
-0.51383
0.21123
-0.01565
-0.09394
1.14491
-0.43753
0.83482
1.14330
0.83815
0.57707
0.07867
-0.53561
0.55946
0.76893
0.38373
0.42075
1.55906
0.18885
0.12316
0.39278
0.27748
0.96552
0.97555
0.43604
-0.82665
0.06919
0.81840
0.05705
-1.02952
-0.84834
0.73166
0.65196
0.41718
0.51500
0.19859
-0.18630
0.32179
-0.79524
0.19240
-0.07990
1.37652
-0.40365
0.56137
-0.66971
0.02272
0.45686
-0.37475
-0.70190
1.15450
-0.11234
0.20438
-0.32114
-0.38470
1.01917
-0.29722
-1.56055
0.05457
0.10982
0.83398
0.66999
-0.09316
0.86713
-0.56653
-1.46237
0.43495
-1.74631
-0.60330
-0.08128
0.08265
-0.11853
-1.39930
0.22691
-0.34679
-1.01929
-0.37903
-0.27940
0.62567
0.76984
-0.05304
0.63927
-0.48070
-0.06973
-0.09940
0.10348
0.00923
-0.47517
0.34756
1.81395
-1.93928
0.70951
-0.39067
-1.56592
1.53000
0.00074
1.07859
0.07144
-0.59453
0.98794
1.08935
1.80005
-0.53906
-1.03794
0.22648
-1.30751
-0.51649
-0.18484
-0.82095
0.16382
0.32534
1.07588
0.31547
1.44236
0.35780
-0.29576
0.39276
0.02722
1.46014
-1.02663
-0.01532
0.18014
0.59830
0.33266
-0.75473
0.63833
-0.45884
0.79658
0.09936
0.37570
-0.06665
-0.26999
0.22307
-1.02507
0.91425
0.59215
-1.04111
-0.26891
-1.25486
-0.26888
-0.60351
-0.55522
0.70988
-0.08771
-0.77531
-0.68014
-0.23979
0.90197
-0.75096
-0.20372
-0.55096
0.06772
1.28099
0.43938
-0.75093
-0.28591
0.18349
0.11934
0.40732
0.16645
0.70123
1.96235
0.30557
-0.22203
0.48817
0.16815
-0.93082
1.58706
0.06888
1.22656
-0.81323
-0.19001
-0.09073
0.08944
1.44733
0.29216
0.19813
0.61815
0.10219
0.37771
-0.44078
0.23551
0.50652
1.02314
-0.84406
-0.71183
0.78878
0.12095
-0.38432
-0.06322
0.66934
-0.64880
0.60941
0.63829
-1.06896
0.22491
-0.76243
0.07622
0.35652
1.45624
-0.30394
-0.45533
0.23479
-0.25582
1.88844
0.06459
-0.03513
0.09130
0.11113
-0.67731
-0.56808
1.02795
0.89856
-0.57032
0.42389
0.08441
-1.20338
0.25378
0.07313
-1.15141
1.21462
1.08871
1.00511
0.10143
-0.35809
0.03076
-0.94827
0.07815
-0.00031
-0.89057
-0.15899
0.14980
0.22911
-0.32302
0.78645
-0.82452
0.03676
1.35977
0.05466
-0.55117
-0.77676
-0.47894
-0.41420
-0.60221
0.71399
-0.54934
0.69009
-0.76766
0.81841
-0.47596
0.50462
0.14927
0.18666
-0.03501
0.66452
-1.84449
-0.56393
-0.41025
-1.29964
-2.12470
-0.19491
-0.37684
-0.76419
-0.27655
-0.82056
0.07998
-0.65266
-0.95059
-0.29579
1.40484
0.02051
0.55261
1.01548
-0.89622
0.03740
0.27424
-1.27658
0.16944
-2.22172
-0.93093
1.11069
1.38673
-0.04061
-0.55542
-0.31881
0.08715
0.68471
0.33582
-2.05386
0.77611
-1.40263
-0.05805
0.61342
0.79632
1.19461
-0.24382
0.57424
0.25215
0.26354
1.44070
-0.62477
-1.85993
-0.01314
-1.15002
-0.74459
-0.42424
0.38057
-0.17024
0.28417
0.21460
-0.51531
0.86974
-1.44187
0.12904
0.48289
0.03602
0.45686
0.27807
-0.77968
-0.09395
0.46417
-1.09166
-0.02360
0.09958
0.40728
-0.00332
0.23795
1.18432
-0.90096
1.28397
0.14306
-0.50380
0.67258
-0.23877
-0.98259
-0.58905
-0.03418
-0.68737
0.07924
-0.58073
0.43325
-0.30913
-1.45824
0.11731
-1.10237
-1.60935
0.15864
0.22056
-0.92941
-1.07024
0.54218
1.40633
-0.44444
0.65919
0.66445
-0.31353
-0.36714
-0.24184
0.03791
0.89413
-0.44539
-0.26963
0.38398
0.51880
-0.18453
-1.00847
-0.28100
-0.70544
1.42390
0.14205
0.27823
-1.19317
0.30961
-0.43917
-0.22467
-1.63655
-0.98130
0.88594
1.52580
-0.02207
0.32729
-0.48449
-0.78323
0.46521
-1.13222
-0.21147
-0.11353
-1.17817
0.03428
0.28209
-0.84250
0.23980
-0.14485
-0.88394
0.30827
0.11604
-0.00680
1.45820
0.40720
0.46520
1.00840
-1.00687
-0.96308
1.27247
1.02077
-0.36766
0.48350
-0.11283
0.49237
0.91201
0.46622
-0.24725
0.03779
1.70372
0.24908
-0.62423
-1.71838
0.50278
-0.37946
0.05625
-1.29968
0.84055
-0.10784
0.21037
-0.67912
0.71894
-0.28584
-0.48288
0.64274
-0.21282
-1.65629
-1.10472
-0.36529
-0.08379
0.36986
0.50174
-0.62764
0.04971
-0.28099
-0.90180
-0.65842
-0.11308
-0.83413
0.22472
-1.23195
0.20372
-0.48253
-0.59977
-0.51905
0.61319
-1.01434
-0.22978
0.68937
-0.55799
-1.07189
0.39251
1.14251
-0.71275
-0.39118
-0.23451
-0.24545
0.46383
0.33493
-0.29972
-0.82306
0.62195
0.42966
-0.63740
-0.59810
1.33560
0.09830
-0.32657
-0.52763
-0.58760
1.52562
-1.88298
1.16070
0.58379
0.74382
1.09161
1.03581
-0.52913
-0.71933
1.36175
-1.06848
0.07796
0.19556
0.04328
0.62712
0.27888
-0.54451
-0.17522
1.42629
-0.65515
0.29251
1.53164
0.39086
-0.31241
0.14454
0.58806
0.04079
-0.39370
1.00447
0.83809
0.56711
-0.19185
0.90198
0.92207
1.06649
-2.01536
0.08162
-0.42805
1.79534
-0.33860
0.72733
-0.54620
-0.45779
0.22059
-0.91265
-1.07803
-0.82276
-0.19864
0.07395
0.14482
1.17173
0.14246
1.02940
0.82750
-0.19192
0.36512
0.81560
-0.68458
-0.27759
-0.31273
1.82754
-0.34313
0.93087
-0.19086
0.20186
-2.02030
-1.38076
-0.20208
-0.01793
0.79885
0.39270
1.41676
0.35289
0.03991
0.18752
-1.10989
0.73090
-0.34076
-1.44764
-0.69075
0.34243
1.10519
-0.01836
-0.35497
0.15246
-0.31225
1.50166
0.26943
0.57955
-0.39453
0.09534
0.66967
0.91496
0.52935
-0.10242
0.34540
-0.44796
-1.15513
-0.98006
0.85218
0.53598
-1.17285
-1.20379
-0.03223
0.35527
-1.50503
0.13642
1.26753
-0.64645
0.10166
0.34049
0.05636
0.59149
-0.20255
-0.58023
1.40309
-1.19315
1.20331
0.72675
-0.12704
-0.26184
-0.49593
0.84704
0.35225
0.12766
0.45308
1.26480
-1.09452
-0.17561
0.40642
0.18584
-0.95048
1.05886
1.09687
0.34210
1.30629
1.04012
-0.68211
-1.13148
-0.49785
-1.09832
-0.28046
0.60850
1.55594
-0.96119
-1.25942
0.40697
0.25614
-0.89372
0.71662
-1.04555
0.98388
-0.39573
0.49928
-0.20183
0.33130
-0.11585
-0.25907
-0.94433
-0.61515
1.40449
-0.03044
-0.40297
0.85104
-0.06225
0.57220
0.05148
-0.99562
-0.19006
-0.03532
-0.34965
-0.42939
-0.18707
0.08262
0.68319
0.90625
-1.52304
0.93005
0.17991
-0.07778
1.21246
-0.18869
-0.60386
-0.05911
-0.59010
0.86512
-0.14255
-0.33609
0.03962
-0.08525
0.19346
-1.83074
-0.07259
0.50508
-0.40348
0.78419
-0.18260
-1.41064
-0.15657
0.11327
-0.33628
-0.54783
0.79466
-0.34870
0.24255
0.27119
-0.17285
0.94661
-0.58068
-0.03062
-0.68262
-0.16100
-0.86881
-1.05632
-0.47030
-0.87366
0.83580
-0.20082
-0.58074
-0.12472
0.91116
-0.98742
0.06760
-0.10723
0.19524
0.70580
-1.04085
-0.91375
-0.69148
-0.88567
0.43486
-0.23510
0.19020
0.15147
-1.05886
-0.15673
-1.33116
-1.47236
-1.71199
-0.49525
0.36169
0.46396
0.23781
-0.46955
0.13838
-0.31691
-0.71895
1.14377
-0.40545
0.49036
-0.19551
1.20347
-0.34475
1.84142
-0.04531
-0.19429
-1.05526
-1.86522
-0.04093
0.05492
-0.23249
0.98117
0.20560
-1.27968
0.46064
-0.27087
-0.61874
0.66704
0.70058
-0.92413
0.76280
0.59975
1.04542
-0.38767
-0.28446
-0.13262
-0.26939
0.70829
-0.93714
-0.42184
-0.29897
0.86460
-0.12107
-0.45596
-1.57517
1.67363
0.19786
-0.17719
-0.46247
-0.59171
-0.43240
1.23534
1.40767
-1.49089
0.25530
0.26548
0.46098
-0.15629
0.46711
0.99220
-0.89318
-0.22382
1.31911
-0.73568
-0.09647
1.07990
-0.10812
-1.97087
-0.86151
0.14887
1.40737
-0.35996
1.11650
-0.67564
-1.15197
-0.59903
0.55626
-1.00585
0.24092
0.48389
-1.10309
-0.22412
-1.27454
-0.17824
-0.87920
-0.24841
-1.74311
-0.30234
-0.17870
-0.91686
-1.65397
0.31643
-0.92703
0.83664
-1.01510
-1.43781
-0.89666
-0.61176
-0.57906
0.31998
0.14442
0.50254
0.72120
-1.72691
-0.64290
0.62461
0.74235
-0.06920
1.52677
-0.43589
-0.16786
1.58672
-1.06314
-0.67864
-0.69848
0.36261
0.55489
0.68076
0.34031
0.16918
0.06883
0.63842
-0.77987
-0.52557
-0.68884
0.55625
0.73085
-1.18703
-0.23162
-0.71149
-0.34201
0.01480
0.68566
-1.03517
-0.04053
1.01263
0.48029
0.37886
-0.95268
-0.39403
-1.67270
-0.94550
2.07440
-0.54222
-0.62656
-0.49582
-0.98524
-0.57053
0.90313
0.66665
-0.61170
-0.58297
-1.31932
-1.85318
-0.04344
0.20310
-0.57925
0.35552
0.84902
0.82326
0.69369
-0.90171
-0.34710
-1.49540
1.07184
-0.58736
-1.39066
0.16782
-0.40848
1.04490
-0.91957
-0.56646
0.21296
-0.87705
1.44086
-0.99932
-0.97199
-1.00490
-0.77192
0.34583
-0.34345
0.17568
-0.34760
1.45344
0.08213
0.85969
-0.12807
1.37950
0.10437
-0.25320
0.92997
0.77702
1.15060
-1.42028
-0.05455
-0.86263
-0.10443
0.81979
-1.47378
-0.00570
-1.10210
0.78816
-0.35912
-0.65009
0.42392
-0.36971
1.20027
-0.12326
1.45183
-0.20388
0.56861
-0.11795
-0.25133
-0.93881
-1.48528
-2.29521
-1.20779
0.47027
0.93408
-1.09083
0.73799
-1.44559
-0.44337
-0.41779
-0.13289
1.12741
-0.28004
0.07204
0.63550
1.68001
1.01030
0.35526
1.30063
-0.80006
-1.79054
0.93904
-0.36261
-0.77961
0.60740
-0.41351
0.63168
0.10653
0.55901
1.10925
-0.36356
-0.04955
-0.53287
-0.50305
-0.86249
-0.51621
0.67466
0.25679
0.06624
0.09201
-1.26407
-0.00749
-1.04261
0.12337
0.27478
0.68540
-0.01508
0.46793
-1.53512
0.18504
0.59019
-0.33991
0.28354
0.47814
1.11005
1.20197
-0.44335
0.15664
0.53711
0.02669
-0.14649
-0.76077
0.32172
-0.52071
-0.30390
1.17030
1.26243
1.19926
0.49700
-0.95472
0.03265
-1.39143
-0.71497
0.22107
-0.65422
0.09610
0.62187
0.50000
1.67079
0.96365
1.14930
-0.98094
-0.21700
0.10411
-0.91703
-0.12908
-0.15437
0.88478
0.46431
0.42955
0.42283
0.27504
0.29717
0.39570
-0.96475
0.58477
-0.83893
0.63396
0.36493
1.00097
0.89092
-0.33398
-0.91011
-0.04261
0.33748
-0.61974
-0.62635
-0.38042
-0.89607
1.59350
-1.45699
-0.76815
-1.48616
0.71465
0.90788
0.14155
-0.79024
-0.11034
0.84558
0.14413
-1.12813
0.64328
-1.62849
0.34544
-0.20693
0.82721
-0.69866
0.79910
1.04819
0.86291
0.82126
0.25834
-1.58902
1.98789
0.69811
-0.68726
-0.28341
-0.22136
0.59155
-1.14557
-0.06098
0.26607
0.90921
2.03583
0.23663
-0.37877
-0.25955
0.41185
-0.90835
0.44549
1.17388
0.38351
0.28351
-0.36808
0.12710
-0.05412
0.44724
1.36429
0.73722
-0.18053
-0.17030
-0.72982
0.72846
0.86042
-0.06045
-0.19769
-1.34671
1.22497
0.49222
0.14688
0.95666
0.07701
1.37901
-0.04529
0.24783
1.98394
-0.64511
0.06165
-0.54072
0.66335
-0.02598
-0.53903
-0.46254
-0.83979
0.97420
0.17751
0.78903
-1.05355
0.32565
-0.05476
-0.13163
-0.18250
-0.07767
0.79585
-0.03008
0.31192
0.51981
-0.08812
0.06490
-0.63083
0.38804
-0.01369
1.09276
0.07182
0.14753
-0.40321
-0.49773
0.24060
-1.16691
0.46013
0.97916
0.47552
-0.76051
0.06030
0.30828
-1.45893
-0.21532
1.29982
1.70292
-0.28495
-0.73697
0.64708
-0.99306
0.41002
0.68366
-0.68251
-1.07352
0.50766
-0.47703
0.89171
1.14383
0.55734
-0.02793
-0.35441
0.49694
1.85883
0.69557
-1.15358
-0.77477
1.11715
0.62404
1.07987
-0.07459
-1.13373
0.22667
-0.27577
0.54381
0.65624
0.74032
-0.35698
0.47012
0.86296
-0.73506
-0.71281
-0.04000
-0.07904
0.95022
-0.36900
-0.09177
-1.02444
1.37057
-0.53727
0.21111
0.36534
-0.84217
-0.03498
-0.89324
0.09791
0.73865
0.33423
-1.03921
0.92145
-0.26736
0.23739
-0.72566
0.96561
0.04239
-0.10898
1.63279
-0.91502
0.94018
0.41760
0.32872
0.80488
0.17458
0.03705
1.31422
1.14382
-0.66495
-0.00094
-0.99140
-0.73113
0.32608
-2.76649
-0.41368
0.62763
0.55812
-1.27303
-0.67405
0.38723
-0.38884
-1.33949
-0.25675
0.59461
-0.64036
-0.90876
0.73557
-0.07635
1.47885
-0.49931
-1.04132
-0.06179
-1.04829
0.88445
1.22991
-1.17913
-0.75580
-0.02990
-0.10225
-1.01707
0.62502
-0.09203
0.71861
-0.54599
1.42362
-0.88620
0.61797
-0.64629
-0.35178
-0.33446
-1.02812
-0.05350
1.21111
-0.10415
-1.10578
-0.75129
1.26216
2.17113
0.40017
-0.29339
-0.69328
0.86474
-0.52337
-0.30742
-0.29976
-1.14308
-0.25237
-0.78987
1.66253
-0.31091
-0.67766
-1.45188
-1.53396
-0.02225
1.26669
-0.53616
-0.61327
0.50229
2.31458
2.13019
-0.53901
-0.02760
-0.40507
0.77794
1.33453
0.53796
-0.27156
0.88242
0.78650
0.70782
-0.00079
-0.55088
-0.09957
0.57347
0.57511
0.35774
-1.44877
0.15629
0.80142
-0.29303
0.27485
-0.45001
0.58527
-0.06661
0.74308
0.28454
0.51106
-1.95015
-0.86079
-0.90070
-0.15091
-0.97395
0.39194
0.17065
0.42924
1.19025
-0.82188
-0.16927
0.06153
-0.58758
-0.52855
-0.64716
1.29607
-1.50893
-1.16782
-0.25334
-0.32683
-0.32153
-1.35426
0.77065
-0.03902
-0.02386
0.45863
0.00925
0.73434
-1.11536
-0.54834
-1.54742
0.08233
-0.82197
0.90163
-0.36533
0.18251
-0.12385
0.05841
-0.63017
-0.70175
0.16550
-0.92525
-0.77026
-1.36824
0.62088
-0.64418
0.80760
-0.12559
-0.11756
0.81106
-0.44066
0.70738
0.25936
-1.36865
-0.58087
0.98337
-0.14830
-0.73706
-1.00269
-0.05872
-0.81375
-0.18690
-1.31052
-0.11363
-1.07605
-0.67844
-1.19108
0.02558
-1.37419
-0.21102
-0.17534
0.38405
0.69741
0.71940
0.12200
-0.50397
0.23706
0.41181
0.80134
-0.10493
0.02322
0.32043
0.14442
-0.53042
0.88560
-0.65477
-0.97058
-1.77211
0.31577
0.86967
-0.35005
0.86030
-0.34254
1.02234
0.81386
-0.43210
1.07949
-0.66814
1.25458
0.87088
-1.14736
-0.81252
0.04799
-0.66180
-2.46636
-0.71381
-0.26403
0.34015
1.92450
-0.66846
-0.27445
-1.09758
0.89039
-0.25497
0.35592
-0.16066
-0.75145
0.13478
-0.81680
-0.19528
0.88045
0.09577
0.93398
0.15315
0.72055
1.88942
1.51442
-0.36242
-0.51580
0.02025
-0.39295
-0.04034
-0.32174
0.53273
-0.17584
1.54992
0.31372
0.99256
-0.98006
0.51386
-0.10175
0.58225
0.13962
0.64359
-0.23146
-0.60138
-0.58037
0.23822
1.04516
0.70751
-0.38868
1.02208
1.63410
-1.65540
0.86943
-1.70755
-0.65114
0.06261
0.87482
1.17725
-1.17613
-0.37019
0.53812
0.43541
-0.13065
0.11650
0.79863
0.18292
-0.05157
0.54726
-1.22628
0.73471
0.36907
-1.87429
1.20071
-0.01237
-0.56893
0.73692
1.74637
0.26686
-0.22827
-2.39466
0.88766
0.25368
0.56680
0.01396
0.01880
0.99681
-1.43560
0.04045
0.19463
0.22736
0.29343
-0.56902
1.74794
1.50837
-0.53713
0.31303
1.00049
-0.20931
1.27033
0.32345
-1.60212
0.43294
1.66574
1.38166
1.22636
0.95948
-0.02457
-0.54950
0.69015
0.54774
0.30331
0.01322
-0.25103
0.92048
0.53878
-0.34090
0.49900
0.95940
0.85304
0.59167
0.46478
-0.18822
-0.60822
1.04573
0.00988
0.72054
0.09168
0.98451
0.30571
-0.18204
-0.62442
0.98576
1.36624
-0.58603
-0.83061
0.27742
-0.56767
-0.73387
1.12937
-0.29477
-0.13946
-0.75759
0.75782
-0.11184
-0.43497
-0.73594
-1.40585
0.44911
0.36635
-1.41083
0.07392
0.07979
0.94645
0.90318
-2.03756
1.03088
0.85720
-1.26288
1.12071
0.63494
-0.59284
0.54698
-0.57041
-1.35876
-0.25752
0.26072
-0.58424
0.91183
-1.30461
0.22978
0.08011
-0.38921
0.39762
0.56630
0.29019
-1.05713
-0.61653
-1.18200
-0.05932
0.68609
1.40712
1.86887
0.35814
-0.46019
1.14431
-1.06347
-0.53327
-0.61056
-1.36924
1.06516
0.66142
-1.01500
0.04026
-0.72251
0.30136
0.15720
-0.94977
0.25842
-0.36980
-1.59886
2.79039
-1.12222
-0.92897
0.06889
0.59151
1.51351
1.04711
0.50765
1.54451
-1.61753
0.55107
0.38962
-0.85665
0.30871
0.80349
0.72668
0.88548
-0.13513
0.23598
1.34374
1.11384
-0.56222
-1.27974
-0.39514
1.18343
0.64598
0.29783
1.44358
0.79908
0.49834
1.41644
0.25421
-0.34883
-1.10062
0.24831
1.00392
0.15811
0.34663
1.54935
0.15047
0.77287
0.67903
-0.10888
0.05400
-1.03415
0.65072
1.33276
0.73032
1.92176
0.31622
-0.20307
-0.09976
-0.65816
0.76262
-0.56692
-0.02602
0.26686
0.12185
0.62753
-0.30760
-0.94603
-0.22978
0.55722
-0.44559
-0.12424
-0.10564
0.40330
0.57954
0.33515
-0.38317
-0.47393
0.92424
0.37855
0.22060
-0.26734
1.32309
0.71928
1.23394
-0.26978
-0.37737
-0.77567
-0.16083
0.00849
-0.15197
-0.08949
-0.35330
1.09168
-1.46720
-0.74552
0.11057
0.05559
-0.13784
0.78647
-0.41038
-0.54512
-1.10742
0.57273
-0.52246
-0.54812
-0.35116
-1.13328
1.16823
-0.85962
0.38517
-0.72898
0.15080
0.05792
0.18183
-0.44826
-0.65803
0.61909
0.13080
-0.04273
0.36253
-0.05558
0.96873
-0.26446
-1.67753
-0.41509
-0.01188
0.10710
0.32007
0.46744
0.24033
0.53697
0.21750
-0.32032
-0.25662
0.93724
-2.10501
2.02657
1.31421
0.01999
0.88997
0.26184
-0.26461
0.71410
0.62352
0.21637
-0.82726
0.94517
1.05654
0.64055
1.10795
-1.46444
-0.33425
-1.58926
-0.23358
-0.72113
0.96620
1.42387
1.72833
0.39589
1.52981
-1.13022
0.62549
-1.41128
-0.22253
-0.85450
-0.04285
0.31615
0.42372
0.69764
1.28708
-0.80573
1.21358
0.12995
-0.46932
-0.42894
0.78849
-0.67796
0.65383
2.15900
0.23314
-1.90189
0.89406
-0.06540
-1.11761
0.79112
0.79909
0.52874
0.61893
-0.09621
1.10565
-0.34950
1.16204
0.70217
0.72446
1.56014
0.12155
-1.18004
0.03934
0.15759
-0.48780
0.58073
0.04093
-0.92182
0.12296
0.16408
-1.43651
0.37102
0.99168
-0.05976
-0.17888
1.10168
-0.70004
1.47776
-0.21452
-1.55422
0.42623
1.47226
0.32575
0.32728
-1.73760
-0.14929
-0.51782
0.07664
-0.50368
-0.66604
-0.66501
-0.52739
1.68383
-0.78248
-0.33817
0.69552
-0.19900
-0.13986
0.47129
-0.44776
0.13241
0.31392
-0.03992
-0.55150
1.87289
0.35925
-0.44879
0.53575
-0.73586
1.20325
0.89067
-1.39126
0.82832
0.22643
0.43843
0.60895
2.39572
-0.02645
-0.73267
-0.51008
-0.29407
-0.17352
-1.03853
-0.37005
0.59833
0.67202
0.61347
-0.57704
1.40130
-1.16075
-0.55866
0.93472
-1.32358
-0.04931
-1.27228
-0.15435
0.21025
-0.13421
1.21110
0.81127
1.55076
0.15378
-0.21329
0.29590
-0.46489
-0.87207
-0.15292
0.83124
0.54212
-0.12007
0.75273
-0.31389
-0.94283
0.38802
-0.12237
1.57903
0.24454
-0.24608
1.70852
-1.16241
1.01919
-0.74096
-0.72388
1.11835
-0.31886
-0.34246
-2.39648
1.19114
1.16387
-1.10994
-0.37549
1.69781
-0.39865
-0.21104
-0.77338
-1.32932
0.03050
0.85893
1.43869
1.05343
-0.79281
-0.37396
0.38535
-1.10280
-0.00282
0.64100
1.10405
0.00797
0.12479
-0.08284
0.90913
-0.67829
0.01644
1.10348
0.09475
0.30178
0.15049
0.14224
-1.42807
0.24297
1.50131
-0.72813
1.20088
-0.89572
-0.11698
1.69237
1.25719
-0.09634
0.00167
0.92365
0.46824
-0.13027
-0.35805
-0.83842
-1.66750
0.72255
-0.29282
-0.66285
0.55875
-0.50070
-0.11950
0.61217
-1.53413
0.23337
0.81633
1.30572
0.83759
-0.10130
-0.32879
0.60303
0.89392
1.02398
0.68435
-0.11674
-0.17685
-0.13711
0.87852
1.34668
1.22694
0.00443
0.15648
-0.04166
0.75621
-0.22835
-0.02875
-1.16124
0.48220
-0.70952
-1.23531
0.31823
1.01086
0.78425
0.01441
0.79917
-1.29986
-0.43224
-0.25569
0.88028
-0.34873
1.03775
-1.20861
1.99171
-1.01502
0.16955
1.62405
-0.22988
-0.56704
-0.33574
-1.42265
1.04970
-0.53505
-0.84410
-0.36604
-0.87736
-0.84561
-0.28154
-2.66122
-0.50925
0.68445
-0.77970
1.11649
1.30880
-0.53335
-0.26681
0.18112
0.09854
-0.47565
-0.35023
0.94942
0.09402
0.91499
0.13205
-1.84294
0.03601
1.52596
0.88947
-0.02934
0.06348
1.59458
0.55996
1.06176
-1.11213
-0.11814
-0.19054
1.04668
0.60815
0.92779
0.68954
0.23231
-0.24441
0.84283
-0.29325
-0.13122
1.06971
0.09072
-1.61980
0.95475
0.32124
-1.35390
0.97078
1.78654
0.21603
-0.87388
0.06605
-0.19514
1.30680
-0.86094
0.00785
-0.35871
-1.41756
-0.51946
-0.40967
-1.09677
0.73538
-0.76798
0.69277
0.77299
1.12562
1.34051
-0.60285
-0.90339
-0.02242
-0.33152
-0.68327
1.14107
0.11049
1.45162
-0.13248
0.45554
0.10970
-1.07960
2.63619
0.55913
-0.80868
-0.42157
-0.33193
1.07413
0.22017
0.65898
1.02970
-0.33614
0.84592
1.00315
-1.02730
0.03324
-0.18340
2.02919
-1.96624
0.85560
0.45620
0.49560
0.89176
-0.68846
2.04560
1.33588
0.18213
0.33882
-2.22644
-1.03758
-0.60695
0.02148
-0.64746
-0.91587
0.68826
-0.80632
-0.20761
1.08245
-0.57671
1.56301
0.35425
0.89337
1.49048
1.03916
0.28936
1.15476
-0.09425
0.65383
0.91440
-1.31425
-0.82915
-0.07633
0.09632
1.32233
-1.20113
0.34419
-0.02383
-0.83412
0.20293
0.01728
0.53813
0.85662
-0.30427
0.00099
-0.31462
-0.22242
-0.15643
-0.73662
-0.16719
-0.52225
-0.66993
0.17618
-0.32234
-0.09586
-0.63846
0.14257
0.40956
1.16318
-0.90290
1.40510
-0.87717
-0.08309
-0.03344
0.86130
0.57583
0.40588
0.49502
0.54780
-0.39572
0.80372
-0.08545
-0.41573
-0.26792
1.43710
0.30571
0.73091
-0.50690
-0.05263
-0.06185
-2.47497
0.61158
0.39228
-1.55839
-0.23539
0.37083
1.76245
0.64940
0.26551
-1.09609
0.42238
-0.12907
-0.58508
0.15269
-0.53846
-0.05090
-0.17542
0.20253
-0.69242
1.21978
-2.78235
-0.34248
-0.13615
1.07793
1.26034
-0.30457
-0.62366
0.18880
0.62655
0.40742
-0.65365
-0.86878
0.07957
0.26474
-0.36208
1.04684
-1.47780
1.50423
-1.18390
0.27904
-0.37812
0.59723
-0.24731
-1.22050
-0.66424
-0.21276
-1.17393
-0.43094
0.42838
0.30332
0.23343
-1.14130
-0.46702
0.98428
-0.45509
1.18222
1.24488
0.52051
-0.38576
-0.82085
-0.38829
1.36926
0.92920
1.46912
-0.38678
-0.08793
0.26205
-0.77330
0.25503
-1.43039
0.11120
-0.72537
0.13580
-2.24371
-0.06239
-1.87000
0.18642
-0.29014
0.95291
0.85938
-0.45102
1.54442
-0.57030
-0.32579
-1.53834
-0.23668
-1.19818
0.13431
0.06813
0.78806
0.32727
-0.61440
-0.79376
0.27499
-0.46327
0.59227
-0.55072
-1.00567
0.26424
0.13970
0.88333
0.21723
0.05283
0.34030
-0.51750
-0.40324
-0.50910
-0.77001
0.48386
-0.11274
-0.09714
0.64988
-0.17941
0.29066
1.00961
-0.48231
0.52521
0.06005
0.40150
-0.21641
1.67013
0.07461
0.79642
2.08405
1.42351
0.39530
-0.09656
0.03058
-0.05212
0.89451
-0.67045
-0.83310
-0.55382
-0.46151
-0.01934
0.54858
-0.24827
0.82961
2.11561
0.41899
-0.06098
-0.63303
0.35306
-0.66679
1.11540
-0.30297
0.96589
-0.26123
-1.94537
0.19738
0.22828
0.51067
0.04635
-0.50979
-0.33248
-0.13662
-0.47178
1.00703
0.16342
0.72521
0.14153
-0.50778
-1.46930
-0.28606
0.32409
-0.92246
-1.36568
-0.23280
-0.34766
0.95687
0.19544
0.61631
0.44958
-0.70529
-0.44081
0.51596
0.27538
0.49008
-0.22099
-0.05644
0.00925
0.61249
1.35798
0.12778
0.72361
-1.54600
-0.48060
0.42245
-0.87350
-1.02134
-0.01113
-0.45611
1.04176
0.63568
0.79229
0.59852
-0.67767
0.73522
0.03528
0.85781
-1.24659
1.11860
0.03325
0.30473
1.54695
-0.53567
0.43368
1.15097
0.49363
-1.25650
0.51185
1.43112
1.35518
0.81844
0.83343
-0.09809
-1.12960
-0.17139
-0.12619
-0.66865
-0.27785
-0.55363
-0.95822
-0.97013
-0.30146
-0.65208
-0.77489
0.78219
1.18908
0.67656
0.41226
-0.90578
0.33803
-0.16754
-0.07715
-0.03287
0.06912
-0.53471
0.32843
1.10307
0.48692
-0.15878
0.20853
-0.35941
0.10665
-0.35184
-0.12299
0.87429
0.20966
-0.02201
-0.25993
0.56467
0.74189
-0.43276
-0.81551
0.84664
-0.86868
0.52196
-0.49673
-1.24547
0.90367
0.75707
0.40451
0.01146
1.73893
0.34047
1.80785
0.07327
0.50888
1.19171
0.49110
-0.57206
0.59474
0.27814
0.14689
0.67448
0.26616
-0.25628
0.26323
-0.25996
0.48996
0.21468
0.81047
-0.23413
1.15614
1.33629
0.87379
0.63990
-0.10777
-0.11961
-0.04647
-0.04638
0.25000
1.88436
0.83151
-0.42457
-0.24906
0.58019
-0.52517
0.93571
-0.19569
-1.38978
0.58961
0.52833
-0.12183
0.53541
2.24227
-0.73366
-0.90101
-0.29379
1.59094
0.50526
0.44465
-0.78953
0.37095
0.56791
0.57207
0.81184
0.64701
-0.13970
-0.35865
-0.93745
0.36839
-1.22657
-0.13240
0.49105
0.06734
0.38997
0.35120
1.42964
0.85454
-0.92657
-0.15565
0.65543
1.45414
0.55382
1.64555
-0.04429
-0.38376
0.90600
0.12179
-0.83452
-0.58403
0.63332
-0.58774
-1.16341
0.27156
0.58444
1.20018
0.71549
-0.71945
-0.44861
0.08241
-1.00495
-0.97721
0.94740
0.08107
-0.50777
0.40043
0.15164
0.57839
-0.27416
0.45267
-0.79662
-0.10480
-0.50177
0.20172
0.53823
0.84942
0.44416
1.26105
0.56456
-0.76842
-2.18597
-0.71231
-0.77553
0.92779
1.19229
0.02410
-0.76034
0.16942
0.02678
-0.35755
0.30990
0.92405
-0.73663
1.16659
0.24990
-0.11194
1.04038
-2.07794
-0.84024
0.14673
-0.52251
-0.37927
1.15474
-0.18555
-0.10546
-0.01369
-0.70757
1.46674
0.04346
-0.33097
-0.22443
-0.17096
-0.94989
-0.38420
-0.19917
-0.04443
-0.67929
0.14816
1.59614
0.58848
-0.17038
0.35085
0.51317
0.01447
-0.31366
1.41436
1.24288
0.45244
0.53643
-0.81950
1.19500
1.06413
0.40403
-0.17279
-0.84802
-1.10208
0.02885
0.91249
-0.99914
0.87251
0.55035
-0.92680
0.00798
1.25449
-1.13134
0.86715
1.49017
-0.95444
-0.11775
0.68428
0.80592
0.28030
0.74913
-0.61717
-0.16697
-0.35337
-0.87426
0.72059
0.80652
0.62517
-0.16498
-1.29134
-0.92250
-0.94979
-0.28595
0.79590
0.17271
1.55840
0.10423
1.22236
1.00579
0.23265
-0.90817
0.99937
-0.40298
0.21479
-0.66405
0.43776
-1.07775
-1.49865
-1.24481
-0.68852
-0.37506
0.67528
0.51054
0.29392
1.06643
-1.06825
-0.28408
-0.94755
-0.01068
-0.62930
-1.22751
-1.40475
0.56185
-0.45729
0.03282
0.94517
1.03714
-1.27798
0.55100
-1.86961
-0.03683
0.33020
-0.37103
-0.44111
0.33208
0.52982
0.25110
0.30008
-0.43155
-0.27537
1.02986
0.60513
1.60085
1.06568
-0.34034
-0.28937
-0.03572
-0.08814
0.38339
0.79565
0.81056
0.29856
0.56842
0.62174
-0.17168
0.20986
-0.99366
-0.35400
0.48214
0.72289
0.28670
0.79760
1.56951
-0.31877
-1.59886
0.49897
1.15914
1.55283
-1.16353
-0.94711
-0.23267
-1.46505
-0.23093
1.26097
-0.17752
-1.69710
-0.06966
1.38924
-0.03582
0.30319
0.80150
-0.16572
0.65677
-1.84623
-0.33802
0.74920
-0.96270
-0.46846
0.61254
1.87572
-0.20718
0.22358
1.23334
0.65328
-0.34306
-1.61085
0.38649
0.20495
0.11340
0.62003
-1.04241
0.28054
1.30212
-0.00708
-0.80872
-0.15764
0.80882
0.91341
-0.59552
-0.97535
0.58292
-0.71220
-0.04677
0.21095
-0.21199
-0.17512
0.38656
0.55844
-1.34198
-0.00865
-0.19851
-0.25061
0.61149
-0.57491
-0.26321
1.96737
0.53717
0.00361
-0.67655
1.03624
-0.12027
-0.21580
-1.27148
-0.86292
-0.48787
-0.65111
1.40347
-0.00479
-0.54258
-1.08941
-0.15228
0.13794
-0.06235
-0.52509
-1.24306
0.49631
-0.51308
0.66526
0.07538
0.30322
-0.51179
0.53244
-0.75790
-2.06100
0.26933
-0.20998
0.09962
0.26679
-0.91109
0.51124
0.40185
0.48010
-0.60607
-1.00242
0.34130
1.31436
-1.88102
-0.26278
-0.96176
-0.02931
-0.63672
0.65170
-0.29622
-0.42697
0.11095
1.96199
-1.50914
-0.85426
-0.12061
-0.41023
0.21802
0.14218
1.25664
0.67898
1.14954
-1.33615
-0.29263
0.34196
1.07773
0.82912
0.24167
-0.77671
-0.62023
-0.13863
-0.50767
0.16893
0.65559
0.12444
-1.27428
0.33566
-0.20335
0.22247
-0.68219
-0.00280
-0.41765
0.58723
0.33595
0.61984
-0.20106
1.17985
-0.04520
0.32575
-0.16143
0.94277
0.50120
0.87185
-1.39443
1.05703
-1.39582
-1.19110
0.55160
-0.86974
-0.35055
-0.56643
0.37687
-0.16845
-1.46992
0.31672
-0.44778
0.49706
-0.20498
-0.14805
0.40388
1.37471
0.35633
-0.16682
-0.00416
1.43209
0.34031
-0.21362
-1.64573
-1.19180
-0.20440
-0.36530
0.13349
0.68510
0.14466
0.02033
0.16335
1.12758
0.40722
-0.63494
-1.78956
-0.09598
0.19061
0.56321
0.31997
-0.00687
0.56860
-0.11936
0.19077
0.37644
0.34307
-0.54650
-0.47134
0.58597
-0.38871
-0.39030
-0.02560
-0.15691
-0.04509
-0.28838
0.74669
-0.28870
1.22180
0.44534
-0.71820
-0.80015
-0.59341
-1.10478
-0.17997
-1.30492
-0.04313
0.75064
0.33985
-0.62760
0.43994
-0.16683
0.65868
0.48068
-1.33438
0.86515
0.32244
0.37932
-0.92500
0.04733
-0.25949
-0.44318
-0.11437
-0.31675
-0.07101
2.16083
0.96460
-0.30787
-0.13454
0.49680
0.09079
-0.34301
1.48334
0.32340
-0.63978
-0.14848
-0.52840
-1.66569
0.88154
0.32743
-0.17544
0.16781
0.04946
0.52217
0.14565
0.32714
0.79281
-0.77267
-0.18372
0.64242
-0.33648
0.32609
0.33457
0.70239
0.94960
1.86848
-0.67967
-0.30810
-0.36561
-0.23574
0.21777
-0.64829
1.61117
-0.99150
-0.58905
-0.23339
-0.53277
-0.42665
-0.74361
0.13656
-0.36620
1.50447
0.27769
-1.28095
-0.42626
-0.07212
0.41256
0.03952
0.93699
0.64955
0.84741
0.61268
-0.49531
-1.37821
-0.29183
0.75435
-0.14810
-0.52885
1.01993
-1.18782
0.28280
-1.19750
-1.29246
1.13481
-1.45534
-1.04715
0.50681
-0.10353
-0.73471
0.64792
0.19324
-0.86804
0.82207
0.54848
-0.45346
0.06228
-0.27377
0.84930
-0.39837
-1.41310
1.47377
-1.28200
-1.71642
0.26911
0.16525
0.69162
1.46707
0.20946
-0.18591
-0.63830
-1.18205
-0.29078
0.56501
-1.40809
-1.74193
1.53462
-0.35927
-0.72721
-1.09042
-0.38042
0.37332
-0.83024
1.07837
0.71469
0.42572
0.69609
-0.03532
0.15136
0.18123
0.14056
0.44157
-0.98004
-0.38266
-0.88858
0.75523
-0.94626
-0.08419
-0.67613
1.02879
-0.73430
0.71255
2.14225
-0.42938
-0.80612
0.10613
-0.20542
1.19628
0.14917
-1.02486
0.14523
-0.75708
0.02536
-0.88888
-1.07151
0.15315
0.81607
0.27465
0.21380
-0.71321
-1.90430
0.16155
-1.09717
-0.70725
-1.13882
0.56846
0.61958
-0.03996
-0.20957
-0.25492
-0.62914
-0.42616
0.38734
0.61078
0.87193
1.00568
-0.38254
-0.64786
0.92571
0.30822
-0.58824
1.19861
-0.53771
-0.72463
-2.00365
-0.35938
0.77144
-0.14418
-0.94555
1.02842
0.86185
0.36907
1.30235
-0.65196
0.68512
0.66484
-0.04247
-0.58912
-1.32145
-0.94216
-0.52205
-0.04738
-0.19350
-0.70057
0.72472
0.25865
-0.80981
0.80538
-0.62303
0.40927
-1.03032
0.39987
-0.87339
-0.39957
-0.28652
0.06300
-0.01556
-1.17112
0.01045
-0.87757
-1.02543
0.11950
-0.90160
0.05650
-0.68997
-0.25086
-0.24076
-0.71871
-1.15562
-0.09784
0.03922
-0.42026
-0.45104
-0.83514
-0.02950
0.57275
-0.50740
1.00226
-0.06459
0.11984
0.13622
-0.93414
-0.89802
-0.27036
-0.40002
-0.39463
0.10374
-0.91646
-0.85764
0.62711
-0.69867
0.62769
0.31037
-0.37983
-0.12028
-0.24053
-1.06841
-0.54265
0.13446
1.10639
0.93845
1.10836
1.47300
-0.23347
1.20033
-0.58281
0.36793
0.81673
-1.03922
-0.43116
-1.02603
-0.87445
1.17183
0.52730
-0.53686
1.66731
-1.23554
0.30693
1.00594
-1.49296
-0.25838
1.40130
-0.86448
0.44889
-0.00345
0.47471
0.16446
0.02639
1.24091
-0.07450
1.02976
1.34758
-0.77604
-1.49212
-1.51504
-1.67359
-0.56340
-1.20497
-0.26553
-0.66154
0.12137
1.08572
-1.10439
0.69590
-0.65225
-0.46822
0.24426
-0.27158
-1.43088
-0.67461
1.19860
0.08505
-0.87659
-0.32049
-0.43536
-0.64745
0.74724
-1.21623
0.17247
0.86296
1.46220
-0.66476
-1.30502
-0.28731
-0.01300
-0.82821
0.11114
0.72418
-0.23383
0.56328
0.70001
1.49975
-1.19461
0.42653
-0.81335
-0.38556
0.28353
-0.46457
-0.21636
-0.18753
-0.83166
-1.27016
1.03951
0.61774
-0.27566
-0.82057
-0.64437
0.52114
-1.05148
0.15781
0.60890
-0.11591
-1.00343
-0.45732
0.14876
-0.22985
0.64044
0.34472
0.47389
-0.75882
-0.81174
0.28270
-0.36527
-1.18716
-0.38861
-0.18669
-1.32398
-1.46817
0.73473
-0.15792
-0.41427
0.42981
1.38420
-0.77660
0.54651
-0.51911
-0.05455
1.60085
1.07012
0.48862
-0.17217
0.97547
0.22633
-0.12132
-0.44650
0.93005
-0.41897
-0.05671
-0.58428
1.31309
0.70062
-1.91911
-0.47583
-1.21185
0.82918
-1.30808
-0.36408
-0.50847
-0.97333
-0.30478
0.06292
-0.38884
0.17003
-0.28556
-0.21245
0.81478
-0.63492
1.28484
0.28412
-0.46904
0.93520
-0.38824
-0.05629
0.93457
-0.62574
0.67723
0.39741
0.27503
0.63222
0.09835
0.77300
-2.21267
-0.05250
0.89496
-0.47351
0.75989
0.44168
-1.07818
0.05081
0.49975
0.63290
-2.15036
2.34311
0.47473
-0.51437
0.04251
0.33504
-0.15528
0.70858
-1.17701
0.50117
0.68060
-0.12709
0.46642
-1.08964
-0.50439
-0.06400
-0.14522
0.95486
0.10153
-1.13574
0.00042
0.00452
-0.21688
0.31961
1.41577
0.41203
-1.16748
-0.53715
-0.25881
-0.73239
-1.83508
-0.67682
0.71680
-0.70993
0.26007
2.41450
-0.45397
0.99097
1.92976
-0.15787
-0.41179
-0.14427
0.06382
-0.92926
-0.13461
1.13218
-0.16826
-1.85764
-1.47648
-0.35976
-0.38358
0.59464
0.95425
-0.99347
0.25978
-0.60177
-1.69803
-0.16150
-1.14064
0.36849
-0.56813
-0.90948
-2.00264
-0.06374
0.27917
0.66203
-0.38859
-0.42756
0.76992
0.43846
-0.11598
0.96366
-0.26283
-0.55492
-0.63126
-0.35306
-0.93381
-0.32757
0.44934
-0.07092
-0.05799
-0.30028
-0.75810
-0.54304
-0.29476
0.07680
0.18336
0.82083
1.40923
-0.18625
-0.25105
1.19396
-0.51176
0.43093
-0.62437
0.72635
0.13210
1.15166
-0.12020
0.09581
-0.39955
1.34461
0.72015
-1.00100
-1.15970
-1.42249
1.10164
0.41777
1.03474
0.60284
-0.02445
-1.33332
-0.73049
-0.50153
-1.16743
-0.51163
-0.18557
-0.38597
0.05557
-0.75863
0.17920
-0.61230
2.51189
-1.60265
0.33476
-0.95980
1.12975
-0.85844
0.31915
1.76944
0.14134
1.24647
0.50047
-1.12445
-0.12997
-0.82007
-0.02256
0.56268
-0.86280
-0.73730
0.77479
0.04093
0.24390
1.10356
1.34125
0.44488
-1.07405
-0.54931
0.68125
1.12370
-0.66898
-1.09067
-1.11189
-1.10019
0.56870
-0.56427
0.10429
1.81570
-0.57939
-0.43308
-1.87760
0.63020
0.08813
-1.54720
-0.17099
0.44229
0.18503
-1.02190
-0.65443
0.07505
0.72610
1.76674
-0.05148
-0.08638
0.27090
0.26365
0.49195
-1.42613
-0.84306
0.30658
-0.30091
-0.03115
-0.01445
-0.82347
-0.02688
-0.56093
0.25277
-0.62912
-0.41891
1.81890
-0.53880
-0.18739
-0.34834
-0.10159
-0.73505
0.40424
-0.21240
-0.07826
-0.35685
-0.49463
0.78656
-0.07687
-1.07501
1.07957
-0.95232
-0.62497
-0.04490
-0.70426
-0.25710
1.29528
-0.64930
-0.04845
-0.59990
0.81909
0.22435
-0.98910
0.65551
0.38060
0.66708
-0.54222
0.61699
-0.02706
0.42918
-0.77631
0.69058
0.71262
0.96149
-0.45338
-0.88292
-0.07782
0.62032
0.91526
-1.46108
0.15738
-1.85396
-0.36799
0.42488
1.23939
-0.31008
-0.98434
1.59692
0.52520
0.07919
-1.69173
-0.05456
-0.88881
0.49637
-0.75244
-1.02329
0.40915
0.88272
0.79669
-0.07093
1.04486
-0.43039
-1.87259
1.09301
0.33652
0.62290
0.60222
-0.93228
-1.15250
0.92360
-0.72094
-1.16629
0.21592
0.01081
-1.00773
0.04207
0.45316
0.29221
0.26726
0.83596
1.29386
0.50597
0.49006
1.77831
-0.06459
0.32074
1.11606
-0.48071
1.29932
0.40627
-1.40839
0.50827
0.47348
-0.08398
0.45204
-1.02998
0.16046
0.88772
0.12841
-0.95488
0.67672
-0.29189
-0.36084
1.18216
-1.12003
0.67007
0.76108
1.24900
1.10951
-0.04704
0.59826
-0.56602
0.42308
-1.31048
0.72685
0.49059
0.68728
-0.61930
-0.96477
0.68053
0.86571
0.08879
-1.57735
1.66756
-0.68337
0.44329
-1.20922
-1.29079
0.29225
-1.43196
0.07674
0.39950
0.78034
0.08854
-0.37735
0.02571
-1.63324
-0.58712
0.48132
-0.04620
-0.53572
1.15005
1.62839
1.23710
0.84104
-0.57010
0.67388
-0.05028
-0.99516
0.03653
-1.65544
0.39806
-0.86984
0.04720
-0.57935
-0.42720
-1.08691
0.08711
0.47649
-0.15140
0.50688
0.98169
1.28717
-0.15203
-0.54129
-0.25712
0.40818
-0.71273
0.75433
0.27234
1.10709
-1.16107
-0.37748
1.37168
-0.16418
-0.59380
-1.29974
-0.02213
-0.09994
-0.51805
0.71154
-0.38786
0.20130
-0.45956
0.77591
0.09052
-1.14583
-0.18043
0.01327
-0.45612
-0.02495
-0.26153
0.05154
0.60063
-0.01032
-0.20897
0.43892
0.62851
-0.92689
1.28932
0.93661
-1.01173
-0.00846
-0.64476
0.32614
0.51038
-0.94932
0.24996
0.15656
1.09945
-1.33121
1.25085
-0.70680
0.14777
0.24208
-0.36477
0.50933
-1.50217
-0.22189
0.05063
-0.05060
1.14081
0.82604
-0.85042
-0.34405
-1.23164
0.13719
0.88595
-0.04715
1.69683
0.88402
0.07840
-0.93145
0.00630
-0.87370
0.26506
0.45069
0.27231
0.50186
-0.41909
-1.37283
0.83006
-0.42698
-0.34767
0.81246
-0.78436
-0.48050
-0.13305
0.27183
-0.44628
-0.66422
-0.06628
-0.01347
0.80859
-1.36553
0.50652
1.11016
-0.59355
1.11417
0.39815
1.03192
0.50391
0.54372
-0.19649
-0.13247
0.95169
0.48472
0.63407
-0.50805
-0.63162
0.35576
0.45200
-0.40824
-0.20092
0.08037
2.01991
0.13159
0.11451
0.04260
-0.68884
-0.45011
0.28336
1.30716
1.47952
-0.58333
-0.81086
0.98035
-1.03427
-0.78428
1.15687
-1.87430
0.89590
-0.28666
-0.06465
-1.28699
-1.19985
-0.35118
0.31461
0.31608
-0.67080
0.56139
-0.51664
0.51131
-0.43430
-0.19618
-0.64016
0.38319
0.27103
1.33806
1.62061
-1.55184
-1.12510
-0.27054
0.41153
0.08222
-1.52206
0.41987
-0.03445
-0.31721
2.08362
-0.39789
0.21707
1.21077
0.05846
0.45511
0.82598
0.62714
-0.60758
0.48300
-0.22444
-0.40317
0.60323
-0.45232
-0.90660
-1.25282
0.16594
-0.22098
-0.10654
-1.08390
-1.28465
-0.09481
0.68553
-0.98075
-0.36724
-0.24177
-0.15753
0.79758
-1.01152
0.15503
-0.55181
0.31972
0.20332
-0.23122
-0.65084
-0.23067
0.62499
-0.08363
0.49991
0.77263
0.69653
-1.43397
-0.04307
0.38422
-0.40727
-0.08995
0.48128
-0.06558
0.76898
0.91173
-0.59910
-0.41054
0.40101
0.58375
1.13198
0.33951
-1.38048
-0.48717
-0.24604
0.92764
1.59914
-0.78867
1.13422
1.12514
-0.45900
0.27482
-0.48372
-1.03968
-0.79471
-1.49876
-0.14099
-1.28761
0.16833
-0.70552
1.07290
-1.06233
0.15535
-0.77398
-0.28648
-1.06162
-1.25438
-0.61534
-0.45541
-0.77624
-0.49652
-0.20292
1.07584
0.00111
-0.27933
-0.89307
-0.70332
0.14925
-0.72949
-1.03794
-0.44882
-0.25161
0.18912
-1.21855
0.31976
-0.32652
-0.09048
1.38165
0.09531
0.48966
-0.74886
0.03223
0.31676
0.71059
0.36292
-0.08978
2.02382
0.17479
-0.50360
0.52174
0.75917
0.36156
-0.15151
1.47726
-1.63349
1.45254
0.84788
0.03161
0.98637
-0.79652
-0.01281
0.30407
-1.23700
-0.82357
0.28088
-0.54099
0.51783
0.56167
0.61198
-0.19267
0.12051
0.50592
0.33406
-0.77394
-0.54442
0.93911
-0.38104
-0.37630
-0.52378
-0.40956
1.02656
0.65657
1.63692
-0.34143
-0.02799
1.33498
-0.39138
0.17482
1.26770
0.04923
0.25548
-1.18512
1.08666
1.28751
-1.74195
0.87786
0.35637
0.24136
0.52513
-0.05900
-1.25525
0.55068
-0.18729
-1.50724
0.38205
0.02860
-0.87808
-0.08932
0.11219
-0.44012
-2.11885
-0.07471
-0.71258
0.98021
-0.62217
-0.11920
-0.03756
0.54107
-0.75241
-0.42601
0.93317
-0.75100
0.40466
0.49154
-0.08033
-0.73318
1.49755
-0.22907
0.26736
0.13376
0.34852
-2.52432
0.31283
-0.35348
1.04925
-0.71107
-0.98738
-0.10174
1.14279
-0.36369
-0.86726
0.30892
-0.09236
0.73944
-1.57283
1.16814
0.56180
0.39415
-0.61536
1.16416
0.00183
-0.60368
-1.00184
-0.28020
-1.23129
-1.18424
-0.08603
-0.65788
0.77165
-1.22334
-0.64747
0.07763
-0.36029
1.16167
-1.05542
0.68609
0.08169
0.02462
-0.79256
-0.64771
-0.49739
-0.66508
-0.26662
0.29103
1.64782
0.11343
0.95130
-0.58296
0.75743
0.28577
-0.49281
0.45978
0.24021
0.10322
0.58112
-0.09817
0.00295
0.13676
-0.34926
-0.88103
-1.27854
-0.08515
1.14046
0.16397
-0.51215
-0.41839
1.20598
-0.03512
-0.89817
1.60135
-2.06028
0.10004
-0.13846
-0.16872
0.72835
-1.26361
-0.31579
0.71385
-0.49549
-0.45295
1.78834
0.50174
-0.66480
-0.06547
0.26551
0.24453
0.96404
-0.39710
-0.12529
0.30376
-1.21089
-1.23796
0.74623
-1.41962
0.11716
-0.40890
-0.41186
-0.39236
0.01582
-1.17992
-1.35665
-1.13326
1.03372
-0.24694
0.41969
0.15543
0.16373
-0.16219
1.18922
0.13020
0.82544
0.51556
-1.37872
0.95621
-0.99306
-1.46678
-1.08053
0.01900
1.16370
-0.29207
-0.63949
-0.42097
1.00484
-0.55991
0.31532
-1.13761
-0.30403
-1.18985
0.51627
0.80828
0.40700
-1.11632
0.82373
0.22394
0.42862
0.06948
-0.11679
1.63938
0.41830
-0.87660
0.26248
1.48349
0.55577
0.17527
0.20743
-0.51274
-0.07581
-0.48454
0.23597
-1.37579
-0.23919
0.28075
0.04761
1.31547
1.64902
-1.22500
0.18551
0.68618
0.15317
0.21653
0.49541
-1.04504
-1.38839
-0.61305
-0.02757
1.39463
0.50222
-0.90679
1.27112
1.92114
1.56041
0.71162
-0.71266
-0.85552
-0.29011
-0.20193
0.87953
-0.91804
-0.76517
0.25971
-1.24937
-0.86472
0.63004
0.66077
0.48423
0.24716
1.07684
0.59238
0.75028
1.37680
0.52089
0.03173
0.91565
0.67728
1.05164
0.46984
-0.02534
-0.13745
0.31723
-1.29463
-0.03336
0.20251
-1.81607
-1.37989
-0.26038
0.13174
-0.19535
-1.25758
-0.01992
-0.13486
0.64632
-0.91131
1.80118
-0.18072
1.16810
-0.74080
-0.23644
0.28431
-1.18555
0.20214
-0.92357
-0.81662
-0.61177
-0.53218
0.43695
0.16354
-0.51818
-0.19319
0.06897
0.75559
0.20777
0.69129
-0.81812
0.44905
1.02196
0.89017
0.83769
-0.67268
-0.66555
0.16619
0.02206
-0.07620
0.06244
0.41413
1.09853
-1.68423
0.09082
-0.34086
-0.01427
0.78803
0.02971
0.39214
-0.92705
1.48668
-0.54471
-0.59150
0.99541
0.68143
-1.11365
-0.60099
-0.09530
-0.33082
-1.04585
0.04115
-0.50466
-0.20262
1.16232
-0.36830
-0.23872
1.32570
-0.74863
-1.28912
0.48772
-0.74967
-1.19239
-1.51811
1.02641
-0.11629
0.24083
-0.03402
-1.55376
-1.10484
0.68157
0.27107
-2.38241
0.73713
-1.47110
-0.58821
0.82066
0.20333
-0.81861
0.61295
-0.16692
-0.53358
-0.65126
1.07707
0.75498
1.67967
-0.23754
-0.29189
0.15249
0.25907
-0.06983
0.19889
0.13337
-0.81823
1.04825
-1.98050
-1.05538
0.56217
0.20250
-0.27007
-0.75102
0.54937
-1.26849
0.18305
0.62884
-0.65315
0.11925
-0.80536
0.23023
-1.00459
0.01410
-0.22739
0.95924
1.18476
-0.12827
0.59201
-0.59954
1.53921
-0.03535
0.81223
-0.93493
-1.26645
0.64994
-1.11456
0.09146
-0.23169
0.49254
-0.17718
0.17728
-1.14114
0.40676
-0.57746
0.55307
-0.19683
-1.92304
-0.05775
0.25703
-0.13942
0.74805
-0.15418
-0.76347
-0.00458
0.88301
0.50673
-0.34317
-0.37187
1.49165
0.11522
-1.04273
0.13038
0.80714
-0.07339
-0.29098
0.23159
1.48182
-0.31223
1.20440
1.00256
0.02983
0.61325
-0.73846
0.30997
0.08996
0.32194
0.36530
0.34368
0.31772
-0.26304
-1.29807
0.76863
0.35860
-0.89119
1.20267
0.79867
-0.30372
-0.38841
-0.80803
-0.08434
-0.53355
-0.81192
-0.34932
-0.13751
0.40529
-1.10843
0.22178
-0.01718
-0.64660
0.69328
-0.40707
-0.68140
-2.16428
0.60306
1.38383
0.56388
-0.02127
-0.99688
0.59310
0.99282
0.17999
-1.04813
-1.53350
-0.38058
0.14544
-1.61143
-0.16206
0.13263
1.27186
-0.44638
-0.79050
0.72068
-1.07310
-2.10421
-0.09699
-0.26277
-0.11781
0.04666
-0.45728
-0.99736
0.30091
0.80281
-0.88688
0.46754
1.00136
0.53775
0.31855
1.70978
-1.43825
0.67258
-0.54795
0.27497
1.52764
-1.20965
-0.55488
0.18216
-1.61687
1.94049
1.38909
0.47225
0.26475
0.76439
-1.70983
-0.88615
-0.23009
-1.11076
0.57328
0.54552
-1.20838
0.82149
-0.96835
0.50930
0.25404
-0.92934
-0.54664
0.96623
0.09258
0.49453
-0.37813
0.12236
0.15963
-0.33845
1.46879
-0.54297
-0.15958
0.69638
-0.80533
0.06009
-0.47738
0.57301
0.57087
-1.70188
-1.16528
-0.20982
-0.70622
0.17724
1.37261
0.34693
-0.02152
-0.61799
-0.13251
-1.41128
0.56252
-0.24326
-0.12151
0.84123
-0.86088
0.28466
-0.37099
0.10915
-0.32621
0.18180
0.68314
-1.39090
-0.14018
0.13652
0.90616
-1.60075
0.34907
-0.39769
-1.47805
-0.76271
-0.46961
0.59120
-0.33964
-1.02426
0.22269
-1.09438
1.73770
0.15895
0.31679
0.16634
0.60623
0.64987
1.08657
-0.46887
-0.93483
-0.14056
-0.21560
0.80424
-0.55706
0.27342
1.22876
-0.77271
-0.22896
0.52498
0.65239
-1.50053
-0.22702
0.90244
-0.35586
-0.81998
-0.96651
-0.02493
-0.48594
-0.92478
0.51300
0.59357
-0.78021
1.09018
-0.04452
0.42514
-0.12435
0.51934
0.48889
-0.62512
0.79626
-0.05135
0.03421
0.19823
-1.60967
1.16758
0.90828
0.62409
-0.10269
-0.29944
0.35262
1.05715
0.38083
0.19495
0.34863
-1.26039
0.49690
0.08056
-0.25703
1.06259
-0.53519
0.40989
0.42779
-0.54335
0.32470
1.57138
-0.59244
-0.48593
-0.39408
0.23662
-0.52001
0.84409
1.42568
-1.12072
-1.47468
-0.32996
0.30440
-1.00651
0.32287
0.07801
-0.02997
-1.07852
-0.26989
-0.76647
0.53696
-1.06499
0.29698
0.42453
-1.31445
-0.03558
1.31381
0.24493
0.13577
-0.72340
0.28353
0.57884
-0.41879
0.90362
0.74236
-0.72233
-0.08864
1.51404
-0.57552
-0.78004
0.36137
-1.01926
-0.63116
-0.11133
-1.99429
-0.72761
0.89202
0.70757
-1.67759
-0.15528
0.04126
-0.38574
-0.21929
0.60617
-0.07391
-0.79355
0.08935
0.05868
0.59723
0.04837
-1.13549
0.19037
0.60334
-0.15898
0.01650
0.44270
0.21031
-0.85740
-0.89827
-1.07859
-0.38864
-0.90654
0.25836
0.28597
-0.44403
-1.30529
0.55659
0.56912
0.77557
0.89865
0.66402
0.62391
0.13169
0.36361
-0.32316
-0.46040
0.19152
0.64394
-0.14449
0.48292
0.54295
-0.31595
0.66980
0.00963
0.10131
-0.44023
0.20562
1.05031
-0.53287
0.74877
-0.16298
0.15254
-0.81318
-0.86602
-0.87350
0.09616
-0.15639
0.48682
0.59229
-0.55380
0.63919
-0.83810
-0.88134
0.42341
1.15276
1.29189
-0.24901
-0.02292
-0.43518
0.44465
-0.83610
-0.50948
0.57424
-0.69634
0.31672
-0.52522
-0.46942
-0.09971
-0.25436
-0.91985
0.70887
-0.49930
0.52773
-0.99485
0.45175
-1.21622
0.51216
0.74964
-0.86913
0.27109
0.17930
0.41964
0.30733
0.27238
-0.52979
0.18373
0.50587
2.66446
1.29861
1.40440
-0.38177
-0.23251
-0.07559
-0.46593
0.85981
0.44693
1.97754
-0.11871
0.42669
0.77021
-0.18806
-0.25800
0.30452
0.13236
1.73767
-1.10544
-1.38127
-0.67653
-1.25542
0.28101
0.46195
-0.75236
-0.24359
0.43105
0.52103
-1.36601
-0.62014
0.22238
1.49954
0.51939
-1.34790
0.46701
-0.22340
0.75426
0.61763
1.57590
-0.29595
-0.31359
-0.90923
-0.50822
-0.15060
-0.13128
1.07407
1.58903
-0.45295
1.05471
-0.26459
0.35796
-0.56966
-0.00359
-1.05160
-0.66461
-0.01710
0.40086
1.02279
0.85585
0.18637
0.17252
0.13096
-0.73717
0.03798
1.34846
-1.27006
0.96191
0.30147
-0.97478
-1.35254
-1.81550
-0.92733
0.63332
0.15929
-0.51743
-0.93050
1.23017
-0.15009
1.02901
0.17107
1.14702
1.14502
-0.18012
-1.17298
1.48985
0.02069
1.09741
-2.48250
-0.74057
-0.47775
-0.82355
-0.08736
-0.67789
0.36505
0.34302
1.68581
0.44832
-0.42612
0.17741
1.23159
0.41669
0.23454
-1.18693
-0.19964
-0.24432
0.51362
-1.40731
-1.04310
0.27122
-0.43386
0.36418
1.46903
-0.75708
0.50096
-0.30761
-0.34159
0.34290
1.12842
0.76030
0.12570
0.19180
-1.02639
-0.43562
0.56081
-0.50754
2.12537
0.18017
-0.86834
-0.81677
-0.53867
0.85753
0.25311
-0.43816
0.55455
1.84766
0.20658
0.01788
0.79439
1.84027
-0.71772
-0.83875
0.47370
0.95006
1.08412
0.16758
-0.07040
-0.46610
0.26076
1.26432
-2.49366
-1.07807
0.56118
-0.42729
-0.35066
-0.20325
0.41634
1.40995
-0.78017
1.00735
0.54793
-0.89192
-0.05478
1.08039
1.34945
1.10757
-0.52320
0.33735
1.80685
1.34896
-0.57392
0.31190
0.35229
0.32887
-0.27225
-1.76249
-0.75349
-1.24833
0.65439
-0.32633
0.90786
-1.15758
-0.86574
-0.22144
-1.00457
0.59401
0.02807
0.04814
-0.11582
-0.03856
0.30948
-0.56771
-0.22654
-0.81698
0.11697
1.07120
0.66020
1.26472
0.85129
-0.64287
-0.73752
-0.42021
-1.43688
-0.62628
-0.01613
0.59677
-0.21276
0.39305
1.22472
0.67597
0.23279
0.61986
-0.68949
1.72407
0.63906
-0.50537
-0.55218
-1.83307
0.37480
-1.04463
-0.33426
-0.72796
0.65442
-0.01234
0.83533
-0.41850
-1.52225
0.02357
-0.90493
-0.62463
0.54780
-1.32668
-1.47131
-0.39742
1.56902
0.80536
-1.13606
0.16884
-0.92485
-0.70519
0.79030
0.20738
0.16339
-0.56329
0.53349
-0.10528
0.56472
-2.06806
0.64122
-0.30270
-0.42540
-0.89721
-0.75208
1.66973
0.05417
-0.04612
0.41918
-0.00849
-0.19958
0.73209
0.28792
0.14012
-0.75037
-0.89293
-0.18183
1.17226
0.07120
-0.40679
-0.27862
0.17935
-0.83817
0.10664
-0.41323
0.56738
0.50409
-0.21390
-1.39483
0.40600
0.78979
1.04454
-0.67008
0.50779
-0.03590
0.03186
0.15645
-1.63515
-1.86465
0.29842
-1.16301
-0.25615
0.48661
-0.96759
0.46075
0.19203
0.51160
-1.39831
1.50015
-1.48949
0.11961
-0.17402
-0.23392
-0.97637
-0.64174
0.19005
0.68546
0.64714
0.49958
-0.40872
0.89813
0.25398
0.18683
-0.24450
0.91577
0.22423
0.05748
0.15379
-0.96865
0.91126
-1.08042
-2.06491
-2.01353
0.79587
-0.02562
-0.88038
0.49231
0.00792
-1.15175
-0.19694
2.01608
-0.62614
-1.62309
0.89420
-0.26789
1.25257
0.33082
0.46015
-0.10871
-0.42673
0.65288
-0.10715
0.71617
-0.44963
0.70373
-0.24748
0.34867
-0.53112
-0.08652
0.38104
-0.33427
-0.47337
-0.15384
1.32585
0.26194
-1.84860
-0.44903
1.53561
0.82011
-1.31968
1.43766
-0.39567
1.33733
0.65239
-0.09779
-0.04921
-0.54111
-0.46039
-0.05432
0.28634
-1.05638
-0.77885
0.00215
0.72839
-0.59634
0.10455
-0.61086
0.18176
-1.18896
0.25948
-1.62983
-1.91059
0.02839
0.21264
0.03925
0.27159
-0.47608
-0.71873
-0.44904
-0.37455
-0.91726
1.28018
-0.10154
0.46065
0.74833
-1.10606
-1.20207
0.60347
0.51707
1.20798
-0.66957
-0.01483
-0.23953
0.41308
1.75744
-1.88570
-0.88783
-0.09816
0.71645
1.97788
0.02213
-0.57851
1.09726
0.07088
0.32113
-0.05279
-0.61392
0.82092
0.08568
-0.11624
-1.63017
0.56255
1.05458
-1.39412
-0.40543
0.97797
0.12899
0.23973
0.30392
0.95125
-1.37414
0.68320
0.82074
-0.90955
-1.35631
0.08072
-1.00128
-0.84817
-0.01627
-0.69328
0.11165
-0.85762
0.69203
-0.01068
-0.25463
0.49555
0.07633
-1.47552
-0.31626
0.56628
0.20377
-0.17171
0.18948
0.16931
0.46320
-0.46726
-0.52634
-2.11723
-0.36512
-0.95348
0.97378
1.23313
-1.01140
-1.14113
-0.94320
-1.97885
0.98539
0.90829
0.07404
1.41712
1.36541
0.91213
-0.03234
0.21143
0.02148
1.86800
1.31182
-0.36567
-0.19417
0.66029
-0.34771
-1.26588
-0.30109
-0.51897
1.23567
0.86213
-0.41241
-0.82283
0.21815
-0.40852
0.59742
-0.41460
0.55469
0.76640
-0.35856
0.28987
0.21673
0.85619
0.35744
0.50407
0.34273
1.45234
-0.48662
0.40119
-0.43131
-0.07384
0.83007
1.05811
-0.63670
-2.10555
-0.09096
0.67682
0.45807
0.79831
0.12909
-1.31221
0.98680
-0.42051
0.27799
1.35046
0.08967
0.21943
-0.47000
-0.49903
0.74599
0.47829
-0.77242
-0.49562
0.71096
-0.94113
-1.47780
0.86514
-0.51943
-0.97822
0.89878
-1.15921
1.20370
0.58274
0.22808
0.69089
0.07318
1.33774
-0.02332
-0.29901
0.26515
0.47345
0.43119
-0.96667
0.02203
-0.42277
-0.30428
-0.93630
-0.61824
0.12319
1.24728
0.21661
-0.38367
-1.46552
-1.04379
0.34347
-0.60314
-0.24318
-1.50270
1.04769
0.39895
0.27852
-0.29735
1.73207
-0.49245
0.99664
0.76533
-0.45876
0.13203
1.17057
-1.57285
-0.00679
-0.32615
1.09664
0.43593
1.08094
1.38266
0.15954
0.26809
0.25062
-0.72161
0.02163
0.53163
0.55895
0.50431
0.04808
1.54894
0.36449
0.07163
-0.70100
0.92025
-1.03406
-0.12547
0.07345
-0.87469
1.20076
-0.44796
0.15682
-0.37134
-1.12107
1.63670
-1.42565
-2.38283
-0.46141
-1.36611
0.89240
0.12568
-0.66669
-0.51931
1.09387
0.24924
1.06790
0.53426
-2.21450
0.85312
-0.68639
0.01734
0.66652
-1.41249
0.11836
-1.41089
-0.50666
0.70583
0.64111
-1.87198
0.16422
1.22855
0.44489
1.24431
-0.26544
-0.54039
0.64863
-0.99582
-0.18216
0.25173
0.12678
-0.15173
-1.60272
1.13017
-0.87025
1.02303
0.57636
-0.17425
0.32690
0.98988
-0.49219
0.02069
0.51546
0.70453
-1.10149
-1.00320
0.49534
-0.56277
-0.61986
0.49608
0.60012
-1.15801
-0.39065
0.00613
-1.55693
-1.30950
0.52875
0.67406
-0.55804
-0.63840
0.31346
0.37625
-1.02886
1.11657
0.89900
0.52625
0.01628
-0.19631
1.25449
0.52053
-0.63996
-0.20681
0.91824
0.58396
-0.63435
0.64307
-0.45533
0.15867
0.73734
-0.13940
1.29431
0.13644
-0.75627
-0.30893
-1.02774
-0.95371
0.28110
0.49908
-0.11443
-0.04346
0.63248
0.21447
0.49804
-0.85149
0.22299
0.08919
-1.25288
0.33317
-1.71786
-0.46112
0.27168
-0.04915
-2.34832
0.66114
-0.77821
-0.86151
1.10876
-0.33399
-0.44967
-0.67532
0.62917
0.77238
0.28264
0.64951
-0.80522
-0.48414
-0.19543
0.54009
-1.31193
-0.00687
0.36182
-1.20553
0.92885
0.08946
-0.01332
0.30512
-0.45093
0.33865
-0.69832
0.61218
-1.20474
1.23026
0.12999
-1.35593
0.12934
0.60020
0.87432
0.13649
-0.12216
1.17004
1.28281
0.53431
0.63574
0.40331
0.12663
0.67425
0.86687
0.53966
-0.84917
-0.10666
0.02132
-0.37016
0.58069
0.53981
-0.39818
-0.40889
-0.92271
-1.94402
0.08017
-0.04918
1.27172
-0.24903
-0.13051
-0.57426
-0.33902
-0.45625
-0.48105
0.89809
0.05481
0.46021
-0.85621
-0.70331
-0.89060
0.00274
0.22365
0.48595
1.45669
-0.86151
-0.50526
-0.37410
-1.35183
0.19459
0.22830
0.06522
-0.34394
0.20434
-0.58462
-0.03718
-0.18227
-1.02122
0.30289
0.30646
-1.38118
0.15284
0.58615
0.30416
-0.04464
-0.93985
-0.61242
0.29899
1.01775
0.10519
-0.32792
-0.94339
-0.60318
1.05345
-0.55710
0.17558
0.23574
0.27542
0.49438
0.06911
0.05042
-0.33840
0.31873
-0.53463
-0.06546
0.24429
-0.88859
-0.85779
-0.58034
-0.31683
1.22859
-0.18351
-1.84280
0.42738
1.31007
-0.69825
-0.37579
0.69212
0.72331
-1.95284
-1.15443
0.20917
0.04415
0.20227
-0.03599
0.71767
0.17248
-1.44456
0.30692
-0.26118
0.96239
-0.48260
-1.33313
0.55041
1.67430
-0.01948
0.19617
0.11401
1.50486
0.29229
0.31071
0.25036
0.84604
0.58220
0.85300
0.44283
0.85135
1.04127
-0.35363
0.78452
-0.22609
-0.23674
-0.01112
-0.49817
0.15919
-0.34687
0.34234
-0.02241
1.14357
0.43467
0.04712
-0.85276
-1.36541
0.66932
0.90771
-0.11598
0.53829
-0.24337
-0.16600
-1.53409
-0.67995
0.39490
0.55231
-0.81262
0.60627
-0.18532
-1.03690
-0.34689
0.00824
0.71586
-0.31452
-0.74889
0.73183
-1.94453
0.10131
0.24915
0.00839
0.25257
0.41596
-0.08581
0.42231
0.46501
0.49830
0.33330
-1.94392
0.20008
-0.67352
-1.60319
-0.29860
0.65729
0.19581
1.07914
2.11232
1.44889
0.24167
-0.15815
0.70647
-0.65944
0.50557
-0.12985
-0.28997
1.51872
0.14794
0.02255
1.14781
0.52792
0.36595
0.43271
0.44448
0.09697
-0.03717
0.34174
-1.00837
-0.88074
-0.50768
-1.36296
-1.01778
1.03949
0.36330
-0.22260
1.00239
-1.63299
-0.15992
-0.26787
0.75531
1.00489
-0.24338
0.73373
-0.79746
-0.03256
0.06672
-0.60690
1.03899
-0.33392
1.01675
0.30757
0.99732
0.85686
-1.10880
0.28268
0.20013
0.74564
-0.41632
-0.11308
1.28078
0.26072
-0.89278
0.06768
1.15502
0.01055
-0.80894
0.38880
-0.62510
1.80056
0.94536
-0.33304
0.83017
-0.63426
-0.90953
-1.16336
0.09250
-0.22981
-0.34341
-0.50105
-0.48013
0.51002
-1.74143
0.33127
-1.85233
0.71759
-0.07446
-0.06867
-1.02257
-0.90448
-0.52093
-0.26976
0.17350
0.46176
-0.54383
-1.20227
0.24803
-0.45973
-0.12983
0.65294
-0.31183
-0.09103
0.33704
0.87143
0.11219
0.63875
-0.61410
-0.73416
0.31531
0.86096
0.28430
0.02183
-1.42103
0.50102
1.30094
0.12398
0.25734
-0.08549
-0.59912
-0.88049
-0.52396
0.64326
-1.54461
-0.34561
-0.03532
-0.28293
-1.50950
0.54543
0.44531
1.36388
-1.35541
-1.46442
0.89919
0.36885
-0.68463
0.55682
1.11447
1.11315
1.03909
-1.80322
-1.69863
1.47127
0.61286
0.49298
1.18744
0.61887
-0.07628
1.21283
0.47061
-0.62131
0.45138
-0.40230
-1.55693
0.06708
-0.64012
0.62591
1.50073
-0.39922
-0.39950
1.24210
0.26962
-0.44129
0.31848
-0.71000
-0.64865
1.66814
-1.35645
0.16795
-0.85241
-0.73395
-0.36453
-0.56413
0.52624
0.28083
0.47094
0.02888
-0.40184
-0.71081
-0.85126
1.29519
1.15544
0.13163
0.96917
0.13134
-0.06813
-0.69930
-0.63054
0.88371
2.58003
-1.61880
1.59166
-0.51386
-0.99833
0.50794
1.58123
1.40068
1.84836
0.84490
-0.01848
0.14390
0.54130
-0.87545
-0.68320
-0.18912
-0.24357
-0.19048
-0.38639
-0.15080
0.86396
0.37140
0.10674
-1.45229
0.61641
0.57468
-0.76824
0.35987
-0.17482
-1.63400
0.11093
1.78735
-1.00214
-0.44241
0.41832
1.84511
-0.27908
1.02461
0.04595
0.29750
-0.20443
0.64823
0.18211
0.09739
0.22135
0.32272
0.20262
-0.55619
0.34326
0.01091
-0.76144
-0.02008
-0.72769
-0.84923
-0.59654
0.64576
1.18755
-0.82666
0.38525
0.43027
-0.33585
0.30459
0.53152
-0.97602
1.03462
0.98933
0.27866
-0.52107
0.25785
-0.10140
0.07871
1.06416
-0.93881
0.19766
-1.50790
0.70847
1.20288
-0.54186
0.21166
1.58083
0.24464
0.52707
0.83073
0.52275
-0.60567
0.72492
-1.12046
-0.68164
0.54595
-0.29797
0.62901
-0.22895
-0.33837
1.12702
-0.37243
0.71698
0.18570
1.71294
-0.86953
-1.22536
-0.59116
-0.09776
0.10325
-0.68314
0.14307
-0.38374
1.53751
0.58561
-0.50483
-0.18936
1.55999
-1.33298
0.04175
-1.65904
0.20929
-0.61097
0.55458
0.09152
-0.89613
0.45927
-1.14072
0.47827
0.46847
0.90800
0.09685
-0.90254
2.17111
-0.11524
-0.82738
0.31107
-0.28614
-1.76300
0.34668
0.36506
-0.25416
0.36434
-0.85273
0.78122
0.04894
0.95810
-0.31385
-0.02945
0.63608
0.93927
-0.88016
0.58999
-0.33375
-1.36045
0.19112
-0.70498
1.09379
1.44742
0.15308
-1.67248
-0.29053
0.81477
-0.63647
-0.83255
0.72553
-0.17069
-0.59700
-0.90792
0.53628
-0.02700
0.33269
0.31137
-1.01484
0.89573
-0.37966
0.39912
-0.91544
1.98496
-0.92682
-0.53695
0.24358
-0.14725
0.63181
-1.29416
-0.70805
-0.64844
-0.90277
-1.60975
-0.91302
-1.28063
-0.65264
0.38630
0.18402
-1.00918
-0.30454
0.75049
0.69969
-0.47320
0.36768
1.90647
0.75452
-0.41748
0.37817
0.95921
1.59150
0.86537
0.52899
0.28360
-1.17948
-0.57143
0.76727
-0.56674
-0.44589
1.91700
0.06789
-0.52571
-0.81275
-1.12538
-0.58180
0.03361
-0.11573
-0.31285
1.11937
1.26093
-0.01203
0.18772
-0.03953
1.35412
0.56902
-0.58936
-0.63569
0.29300
-0.60774
0.06614
0.21414
0.05143
1.32228
-0.21311
0.44965
0.05611
-0.03469
0.89975
-0.23532
-0.78733
1.02978
0.71834
-0.23639
-0.07499
-1.45510
2.26198
0.45914
-0.40004
-1.34170
-1.59089
-0.03601
-0.04942
0.93915
-0.61688
-0.24470
-0.45462
0.03799
-1.05320
0.95905
-1.42051
0.04074
-0.71166
-1.39565
0.24905
-0.66117
-0.41381
0.66948
0.22898
-0.40282
0.50377
-0.78824
-0.22100
0.36332
0.67561
-1.23060
-0.76119
0.40169
0.14515
0.47801
0.25959
0.62083
1.47721
0.07560
-1.37012
-0.06742
0.09450
0.19018
0.53839
0.43907
-0.71639
-0.59255
-0.17610
1.75409
-1.65802
0.10171
1.69578
-0.75597
-0.79925
-0.24503
-1.47806
-0.61428
0.42684
-0.10869
-1.35536
0.17506
-0.68096
-0.04997
0.52600
0.50660
-0.95984
1.04744
-0.81716
-0.22543
-0.75147
-0.05176
0.15139
-0.09963
-0.40903
1.02055
-0.64549
-0.32131
-0.31675
1.86366
1.97772
-1.02172
-0.53539
-2.21822
0.73360
0.37335
1.24150
0.05913
-1.83077
-0.36082
0.50285
-0.18126
-0.67093
0.57544
-0.70578
-0.39640
-0.05507
-0.46746
0.45871
0.46138
1.34023
0.56157
-1.47854
0.52829
-1.39117
-0.33374
0.31212
0.84893
-0.52258
0.55543
0.71792
1.11511
0.27257
-0.29690
0.78568
-0.24616
-0.36826
0.42526
-0.78739
-0.88719
0.86508
-0.00725
-0.59791
0.98905
-0.85126
0.00250
-0.92513
-0.05563
0.24060
0.71333
0.02383
0.67763
-2.14994
-0.26309
-1.11316
-0.97689
-0.33616
0.48529
-0.21231
-0.14365
-0.54585
-0.46902
-0.02922
0.05236
0.96132
1.07074
-0.36411
1.37286
-1.16346
0.16628
-0.03088
2.42470
-0.19345
-0.34802
1.10335
1.06863
1.60994
0.20163
0.83264
0.91653
-0.22754
-1.03397
-1.12195
0.17161
0.09171
-1.88046
-0.29599
0.02194
0.56650
-0.27473
-0.48170
0.75435
0.77509
0.36093
-0.23621
0.72951
-0.53504
0.70896
0.73124
0.22711
0.63486
1.67788
-0.42622
0.72697
-0.90313
-0.04159
-1.48034
0.02470
-0.84189
-1.51455
-0.44816
1.17479
0.25831
-0.49471
-0.96868
-0.73974
-0.57255
0.43802
0.85454
0.36855
0.63072
-0.04200
0.94177
0.77165
-0.39687
0.23652
0.14037
-0.01871
-1.95397
0.19379
0.41106
0.03467
0.25766
1.79380
0.63394
-1.66145
-0.58314
-0.78615
1.11100
0.03340
0.29899
-2.02916
1.26746
0.21273
0.56718
0.52825
0.07637
0.28955
-0.84703
-0.55005
-0.69474
0.68737
0.03028
-0.60879
0.34847
1.48939
-0.11932
0.92721
0.40173
0.62780
0.29180
-1.90946
-0.75315
-0.84417
-0.10194
-1.61843
0.70870
-0.13232
-0.89038
0.54246
0.12091
-1.22997
-0.39620
0.23222
-0.21572
-1.05633
-0.92474
-0.00072
-0.19297
0.80921
-0.02184
0.04546
0.60991
0.45891
-0.72782
0.34460
1.26398
0.41606
0.12916
0.53277
0.71800
0.91551
-0.06825
-0.81517
-0.35574
-0.26408
0.54847
0.09938
0.37926
-0.21978
0.22156
1.74293
0.17706
0.77178
0.44054
0.41736
0.82071
1.86122
-0.32107
-0.12780
1.70754
-0.93328
-0.18725
0.00354
1.79539
0.07489
-1.72619
-0.21415
-0.25061
0.76593
0.83855
-0.27858
0.03973
-0.61850
0.00192
-0.13472
-0.55178
0.46788
0.56157
-1.12303
1.22418
-1.15949
0.70516
-0.15551
0.84616
0.40927
1.14104
-1.09452
0.22992
-0.01008
0.98436
0.52462
0.20623
-0.59088
-0.16413
-0.55294
0.76578
0.17849
0.83734
0.44815
-1.60978
0.71435
0.31134
-0.79035
-0.10843
0.05974
-0.89619
0.34729
-1.16346
1.73829
-0.51707
0.49469
0.79637
0.16352
0.63695
-0.68017
0.93245
0.26909
-0.00673
-0.58618
-0.12508
1.07693
0.98013
0.25451
-0.10434
0.06744
0.22281
-0.26067
-1.17585
0.17430
0.19299
1.23097
-0.32274
0.20862
0.33999
-0.40908
0.02554
-0.60123
0.71295
0.31426
0.25038
0.03942
0.42914
-0.10576
-0.46390
1.45403
-1.06632
-1.33972
-0.06254
0.33862
-1.01828
0.32277
-2.22285
-1.32309
-0.15996
0.36392
0.81870
0.52539
0.86064
-0.24520
-0.34976
-0.93054
0.00326
1.51683
-0.21837
-1.00776
0.52788
0.78408
-0.64066
-0.47070
1.47773
0.82898
0.94196
0.45246
-0.58987
-1.25327
1.86084
-0.09882
-1.59349
0.99207
0.43009
0.68338
-0.87424
-0.44376
0.31397
0.37945
-0.34905
0.03521
-1.33922
0.23472
1.64138
-0.62620
-0.02219
1.08290
0.10448
0.74974
0.51660
0.24845
0.58128
0.92392
-0.25259
1.34243
-1.27718
-0.08445
-0.77265
0.39269
-0.37018
-0.84141
-0.54366
-0.09898
1.31378
-0.10103
1.23538
-0.04882
0.84497
0.17049
0.41822
-0.29223
1.21349
-0.37242
-1.69417
1.80944
-0.36486
0.97385
-0.31065
-0.36847
-0.38871
0.02367
0.20188
0.81225
-0.34670
-0.19232
-1.11162
0.21029
-0.48764
-0.91656
1.60509
0.66546
0.44748
-0.37670
-0.58522
-0.65623
-0.00660
0.54029
1.31210
0.61460
0.32850
-0.79608
-0.29867
-0.77667
1.28019
-0.81477
-0.97874
0.13579
-0.69065
0.71409
-0.32173
-0.75803
1.04384
-0.38958
-0.17820
-0.88814
-0.43562
1.19078
-0.64421
-0.21394
-0.30981
-0.63682
0.92709
0.51578
1.76469
-0.12373
-0.26433
-0.29327
1.52295
-0.19294
0.58745
-1.03086
-1.02607
-0.17679
-0.50613
-0.58587
0.12917
0.13949
-0.01399
-0.27473
-0.30202
-0.11008
-0.43498
-0.49468
-0.21690
0.60849
-0.44840
-0.44872
-0.44934
0.27994
-0.88934
-0.56697
-0.59126
-0.26770
1.38976
-0.23641
-0.51843
0.29531
0.00045
-0.55234
-0.47006
0.13743
-0.57107
0.86170
-1.44355
0.43610
0.80522
-0.35834
-0.67391
0.23388
2.21284
-0.35629
-0.54027
0.12466
-0.90275
-1.05571
-1.32466
-2.21239
1.10562
0.08185
1.46302
-0.36035
1.42017
-0.16476
-0.56596
0.87735
1.23827
0.72284
1.06215
-0.81715
-0.76600
0.82020
-0.75773
0.04600
-0.74916
0.34006
-0.31006
-0.07100
-0.24064
0.83458
-0.82013
0.39709
0.35897
-0.32574
0.38302
-0.29121
-0.83662
-0.97282
0.16750
-1.15501
-0.21303
-0.18849
-0.00269
0.61421
0.39804
0.55920
0.21391
-0.46603
2.00925
-1.12625
-0.22304
0.91343
0.84363
0.34164
-1.46704
-0.55970
-1.25847
0.45761
-0.89659
1.82318
0.63069
-0.58324
-0.64190
-0.33441
-0.37002
-0.89719
1.17828
0.25435
-0.74397
0.07836
0.60605
0.56495
1.79530
-0.86128
-0.20457
0.58364
1.43238
-0.28089
0.63108
0.31538
1.13765
0.01563
-0.64327
-0.27141
0.50683
-0.41595
-0.17093
1.58662
-0.54649
-0.17779
0.16975
-0.51744
-0.40985
0.04962
0.28497
-0.55782
-0.60679
0.03800
0.30044
-0.06564
-0.00393
-0.46398
-0.02895
-1.70460
-0.00791
-0.65825
-0.31321
0.21684
0.66580
0.52643
0.53782
-0.18527
-0.05082
-0.64534
0.54381
-0.10684
1.03296
0.13144
-0.53333
1.08602
-0.03292
0.01581
0.08875
-0.04687
-0.25634
-0.53286
0.92620
1.02996
-1.75571
0.85564
0.50139
-1.07360
0.77734
-0.89449
-0.76687
0.18206
-1.43240
-0.32055
-1.26227
-0.99634
-0.48186
0.49887
0.69234
-0.90494
-0.11297
-0.65770
-0.35998
-1.25876
-0.45167
-0.26310
0.89526
-1.45373
-0.57220
0.59652
0.18791
0.43055
-1.80699
0.60421
-0.55491
0.66875
-0.08867
0.49763
-0.50856
1.49862
1.29022
1.31106
-0.71703
1.50848
-1.00785
0.51964
-0.44579
0.98918
0.92187
-0.14514
0.41634
-0.47885
-0.80327
0.64242
-0.43500
0.97526
-0.73623
-1.37919
0.33678
-1.34813
0.39565
0.08507
-0.16136
0.79165
0.61600
0.07499
0.35345
1.52371
0.33767
0.29571
-0.56738
0.97278
-0.32036
-0.56211
1.72152
0.29223
-0.34691
0.05785
0.02653
-0.12081
-1.14346
-0.60493
0.12350
0.14722
0.00069
-0.57631
0.14318
-0.85154
-1.71452
-0.95534
-0.60423
-1.26865
0.87069
0.55079
-1.57838
0.13625
-0.76411
-0.89254
-1.19264
0.41327
0.65845
0.57386
-0.48127
0.09126
0.19834
-0.46236
-0.78254
0.63621
0.53474
-0.80285
-0.97603
-0.07497
0.50175
0.48496
-0.22945
1.33961
1.51818
-0.44206
1.51305
0.17482
-0.29029
-0.85569
0.61342
-1.28675
0.33135
0.57924
0.29238
0.66832
0.73175
-0.48464
0.99593
0.33780
-0.47843
-0.51764
-1.12697
0.69189
-0.00907
0.09097
0.13953
0.39726
0.16840
0.34830
0.21100
-1.06768
0.85364
0.02707
0.49869
0.00857
1.45835
-1.11778
0.55616
-1.27675
0.33637
-1.16269
-0.30932
0.09256
-0.14685
1.17437
-0.30940
1.38726
1.10533
-0.23190
0.67554
0.40241
0.69061
0.68576
-0.20473
0.83180
0.02656
0.71626
1.01014
-0.43898
-1.43795
0.37463
-1.00558
-0.92480
-1.11760
1.68635
-1.28530
0.23083
-1.11619
0.64446
-0.03998
0.81916
-0.91174
-0.45251
0.48450
0.07810
-1.31484
0.28200
-1.31462
0.95237
1.05018
0.51423
0.00386
0.10519
-0.15136
0.93570
-0.26949
-0.86601
-0.05237
-1.05349
-0.69361
-0.24192
1.02630
-0.85506
2.00355
-0.76344
1.07324
1.01334
0.43831
0.54738
-0.44124
-1.21766
-0.15280
0.75247
-1.19657
-0.03362
0.11944
-0.11360
0.53900
0.19652
0.15148
-0.40604
1.42487
-0.04473
-0.31596
-1.40083
0.63151
0.62970
0.30628
0.61492
-0.80503
0.57590
0.84189
-1.32723
-0.32594
1.69673
-1.02505
-0.27684
-0.36890
-1.23040
0.09462
0.86815
-0.48362
0.13191
-0.10513
-0.26732
1.06523
0.58808
0.31619
1.29722
2.00737
-0.65327
0.89169
-1.20269
-0.43364
-0.90433
1.24482
-0.05937
-0.13518
0.15135
1.35979
0.01427
0.52725
-0.25820
0.45094
0.08685
0.14083
0.45975
-0.26280
0.29436
-0.12476
-1.48816
-0.08605
-2.23039
0.45364
-0.75242
-0.33197
1.12215
-0.35609
-0.43904
-0.00421
0.17581
-0.29067
-0.15853
0.75758
0.15492
0.12342
-0.46511
-0.39158
-0.47361
0.15865
-0.17389
0.76330
1.37577
0.12834
-1.20851
0.31830
-0.09926
1.16445
-0.34506
-1.55998
-0.27753
-0.16658
0.23959
0.20576
-0.66142
-0.08997
0.16426
0.11534
-0.65456
0.19511
-0.92432
-0.41707
-0.48406
-0.08645
-1.06371
1.45297
0.39846
-0.76002
-0.45069
0.87714
-0.12593
-0.64393
0.75380
-0.45314
0.48574
0.64108
-1.05514
-0.29739
1.00263
-0.71418
0.42590
-0.24431
-0.70495
-0.53471
0.44248
-0.21391
-0.03182
-0.12877
0.95761
-0.67265
0.00976
-0.83802
0.00994
0.03981
0.39571
-0.41159
-0.20067
-0.74653
0.12427
1.29637
1.56377
-1.10646
0.16828
0.40114
1.41352
0.67144
-1.62861
-0.98500
0.38063
-0.02678
1.35258
-0.47262
1.49569
1.05165
-1.63519
0.13947
-0.57059
0.62181
0.01337
0.00139
-1.29296
-0.21285
1.48954
-1.02348
1.27758
0.76378
0.58588
1.18587
-1.29628
0.82901
-0.61624
0.54678
-0.32447
0.29677
0.81068
-1.28864
0.06007
-0.92154
0.58244
0.13807
0.73526
-1.23374
-1.27882
0.43714
-0.46329
-0.74133
-1.56560
0.94862
-0.07289
-0.24199
1.62425
0.70931
0.26949
0.45600
1.49839
-0.40449
0.15233
-0.47919
-0.38965
0.45307
-0.47597
0.98577
0.90616
-0.74380
0.70915
-0.03479
0.53609
-0.65568
0.77164
-0.17461
-0.80101
0.53783
-0.55449
-0.09844
-0.47250
-0.28596
0.19058
-1.20653
0.30397
1.03008
-0.89033
1.60118
0.74043
-0.01489
-0.75169
0.39779
1.03574
-0.99895
0.53314
-0.79441
-0.09875
0.03307
0.53295
-0.00384
-1.23064
0.90663
-0.36558
0.94587
-0.48245
1.01022
-0.44659
-0.77167
-0.18647
0.58704
0.71371
-0.92138
1.10846
-1.48268
-0.79875
0.04156
-0.81868
-0.51019
-0.88378
-1.08543
0.80956
-1.29758
-0.68930
0.73150
1.37334
0.05770
0.39289
-0.76408
0.67809
1.58699
0.41972
0.02607
-0.10427
-0.14790
0.23505
0.45423
0.44966
-0.66461
0.42380
0.45664
0.22734
0.61889
0.39862
0.73205
-0.79809
-0.88389
1.38877
-0.38820
-0.26702
0.86296
-0.78133
0.19340
0.95796
-0.74735
-0.09450
-0.04733
0.77373
1.09173
1.19396
0.33155
-0.02190
-0.11410
1.20817
0.99237
0.10865
-0.33787
0.29401
-0.56666
-0.41363
-0.51262
-0.51829
-0.77194
-0.19987
-0.15773
-0.36954
0.23167
-0.65313
-0.46642
-0.79934
1.05467
0.70330
-0.07649
-1.65574
-0.23924
0.55838
0.79648
0.35332
-0.43053
-0.70496
0.72951
-0.46008
-0.00702
-0.74674
-0.60397
-1.49914
-0.05235
0.84455
1.77441
1.19991
-0.29252
-0.71606
0.98255
0.99745
0.25551
-1.20300
-0.01822
0.20085
-1.31679
0.05280
-0.31799
-0.98344
0.88472
-0.12508
-0.04642
0.92835
-1.16082
1.40261
0.50117
0.38056
0.29194
-0.27415
0.10622
0.83566
0.15671
0.72351
0.47210
0.35519
0.50350
-1.22435
-1.03766
-0.75189
0.47564
-0.16151
1.10987
-2.13874
0.94942
0.10021
-0.08418
0.43819
-0.20165
-0.28902
0.51918
0.69415
1.30817
1.33597
-0.34914
-0.17247
0.52001
-0.02511
0.73704
0.17961
0.30347
0.88075
0.25468
-1.02138
-1.45794
0.07875
-1.30063
0.72179
0.58254
-0.23705
0.80925
0.32441
-0.05169
0.89015
1.98399
-1.00928
1.36118
1.08964
0.15932
-1.00394
0.03303
1.03500
1.19046
0.66153
0.35676
0.20254
0.80736
-0.18939
-0.07881
1.15134
-1.16460
1.39738
0.35248
0.16184
0.27440
-1.00024
-1.34006
0.47956
-0.37045
0.56094
0.95722
-0.01257
-0.83281
-0.38371
0.70164
-1.03240
0.00852
-0.91111
0.35700
0.41602
1.97237
1.08871
0.73552
-0.08685
0.66071
1.28703
-0.18783
0.89820
-0.17315
0.78617
-0.96267
0.83191
-0.35350
0.42980
0.34144
-1.31170
-0.10526
1.15064
0.42366
0.62476
-0.48512
-0.41569
0.45691
-0.41557
0.53564
0.22071
-1.02547
-2.23336
-1.05575
-1.47804
-0.06869
-0.38447
-0.06193
-0.07636
1.52320
0.25286
-1.52344
-0.44677
-1.15601
0.16622
-1.17689
-0.67468
-0.00838
-0.35385
-0.56028
-0.13560
0.18572
-0.04505
0.50652
-0.28444
0.25122
-0.35501
0.00837
0.73553
1.12223
0.00547
-0.45221
-0.25377
0.28841
-0.42166
0.42898
0.74669
1.91840
0.81220
-1.07029
1.07878
-0.75613
0.18522
0.55453
-1.24869
-0.35849
-1.01190
0.93173
-0.66417
-0.90561
1.46131
-0.85384
0.78575
-0.56837
0.79438
-0.53318
-0.28093
1.50924
0.48845
0.79873
-0.11429
0.45270
0.18424
0.93357
-0.50157
-0.72749
0.06817
2.21955
0.51762
-1.11646
0.00837
0.50766
1.60766
2.05478
0.33029
-0.28817
-0.83508
1.17739
0.94056
-0.65767
-0.72518
1.43869
-0.01296
-0.96471
1.34494
-0.82235
-1.50544
-1.56283
0.67062
-0.46467
1.23365
-1.27370
-0.80019
0.07703
-0.90810
0.97953
0.91044
0.49503
0.43149
-0.67182
-0.32473
-0.35480
-0.63110
0.61416
-1.99951
0.95218
1.59687
-0.59094
1.56108
-0.28946
0.08685
0.76990
2.19478
-0.21097
-1.10077
-1.15909
-0.02381
-1.13958
-0.08092
1.11669
0.81072
-0.38986
0.85104
-0.51176
-0.25435
-0.01527
-1.48056
0.74135
0.81256
0.87430
-0.62732
0.24540
1.49547
-0.80137
-1.32659
1.18058
-1.31444
0.30453
-0.68759
1.28861
-0.33964
-0.33345
0.15891
-0.93400
-0.03205
-1.38181
0.79269
-1.28654
0.39069
-1.63917
-0.99960
0.08494
-0.22823
0.26995
0.55577
0.65428
0.58695
-1.73008
0.32578
1.32201
0.81059
0.20283
0.54066
-0.24991
-0.14160
-0.33477
0.28548
0.22476
-0.58910
-0.08003
-1.48725
-2.18465
0.41217
0.44358
-0.34183
0.70115
1.28430
0.93605
0.41148
0.74158
0.22400
-1.46217
0.54926
0.00089
0.03961
0.13397
1.30538
-0.63609
1.09230
-0.12826
-0.84265
1.28095
0.37904
-0.71481
-1.89042
0.07869
-0.39045
0.73636
0.57803
-1.06272
-0.70221
0.41516
0.04784
-0.09772
-0.22158
1.16606
-0.23072
1.88277
-1.41706
0.75552
0.44470
-1.07514
-0.30602
-0.75441
-0.61614
-1.90468
0.60444
-0.02733
0.06151
-0.58250
-0.12452
0.26554
-0.51015
0.81183
1.10468
-0.09903
1.04250
-0.78252
-1.25984
-1.20596
-0.18209
1.01856
-0.71236
0.92754
0.42083
-0.80329
-0.52367
0.34202
1.07290
0.95730
0.33328
0.27990
0.57178
-0.54140
1.04820
-0.57146
0.99679
0.22694
0.85664
-0.79094
-0.00917
-3.16839
0.40748
0.77232
0.23465
-1.08475
-1.29769
1.38645
1.57456
-1.08137
0.74493
-0.37681
0.12430
-0.53930
0.02027
0.45321
-0.23951
0.36088
-0.22213
-0.03634
1.02362
0.35136
-0.83196
0.14058
0.51021
-0.34172
-0.73014
-1.60602
-0.51619
0.49147
-0.68133
0.45921
1.45717
1.62534
0.35587
0.69004
0.04971
-0.18930
1.06054
0.30049
-0.22156
-0.82818
-0.49965
0.32142
-0.63216
0.47204
-0.06971
-0.77029
-0.35780
-0.11049
-0.57209
-1.68142
-0.67042
-0.15003
-1.25939
-0.41768
-1.47776
-1.43170
-0.21610
0.09477
-0.55373
-0.48141
0.61589
-1.32253
-1.18966
1.31665
-0.30842
-0.20833
0.52252
0.55121
1.30968
-1.69249
0.12267
0.40206
-1.02665
0.36366
0.11140
1.43922
1.67110
0.32364
0.21421
-0.58163
-0.61111
0.42074
1.10481
-0.70155
-0.24564
-1.59335
0.29263
-0.16513
-0.35290
-1.16180
1.21928
0.91117
-0.24745
-0.01993
0.54001
-0.50182
1.13893
0.85869
0.28384
1.22319
-0.47232
-0.98819
-0.70733
-0.72187
0.95502
0.29560
-0.02372
-0.16350
-1.00448
0.56607
0.61868
0.12866
-0.01636
0.74662
-0.95644
1.28211
-0.04230
-1.36544
-0.24760
-0.69308
-0.72907
0.84332
-0.59756
-0.05341
0.08997
1.30652
-0.83483
1.26565
-0.35672
-0.15618
0.00847
0.01393
-0.04442
0.02243
-1.57626
0.54268
0.06202
-1.03659
0.13702
0.13619
-0.84461
0.69054
-0.57751
0.21011
-0.31925
0.38963
1.27205
1.50224
-0.20475
-0.35317
-0.25981
-0.62469
0.49163
-0.59525
1.23331
-0.31175
-0.52658
0.84056
0.65894
-0.65287
-1.10569
-0.24807
0.01812
-0.73127
-0.33463
0.83125
-0.67685
1.13451
-0.85135
0.02109
0.15497
-0.12951
0.03437
0.92860
-0.48244
-1.10184
-1.05999
0.10894
1.02513
0.71968
0.02251
1.21472
-0.86798
0.01713
1.16111
0.93136
1.48811
-0.03072
0.58722
1.08278
0.72752
1.48211
-1.11737
0.52333
-0.71316
0.89094
2.13984
0.07672
-0.01827
1.21515
0.52077
1.35847
-0.31036
-2.73761
-0.58930
-0.57985
-1.58590
1.00437
-0.42844
0.99400
0.25415
0.02125
-0.51692
1.11116
-1.76756
0.61787
-1.43483
0.06256
0.54070
-0.41273
0.12583
0.69737
1.41786
-0.53574
0.15664
-0.01869
0.05530
1.72500
-1.45800
0.24603
-0.34941
0.60594
1.60196
1.31367
0.63700
0.67574
-0.89497
0.62366
0.00786
-0.14618
0.59665
-0.56098
-0.89081
-0.18010
0.53797
-0.87609
-0.91480
1.12568
0.15626
0.44576
-0.25841
1.98711
1.62476
-1.34420
0.56125
0.38711
0.88612
1.47267
0.42717
0.29544
1.00551
0.06530
0.72423
-0.44217
-1.82961
1.48780
-0.02034
0.05229
-0.38944
-0.39395
0.42335
-0.87940
-0.25630
0.55053
0.23403
0.04502
0.12479
-0.30311
-0.32200
1.70826
-0.59032
2.03650
0.26511
1.31944
-0.68893
1.17543
-1.00781
-0.71654
-0.57966
0.36966
-0.60925
0.57187
-0.15735
-0.85206
-0.67682
-1.26325
0.07441
0.71592
-0.05392
-0.58188
0.59177
0.43441
-0.71970
0.15407
-0.32223
1.18183
0.78083
-0.46751
0.65905
-1.50810
-1.17393
-0.18063
-0.01150
-0.76185
-0.37045
0.08824
0.01198
0.05350
-0.31846
0.31422
-0.00959
1.18328
0.21189
-1.25552
1.10567
-1.30656
-0.11716
-0.77713
1.60257
1.29734
-0.29239
-0.09395
-1.76246
-0.60721
0.15556
1.51020
-0.06547
0.35713
-0.92674
-0.27967
-0.59120
-0.96924
0.41866
-0.00954
0.08938
0.25520
0.02314
-0.83240
0.34632
1.27323
1.39505
0.01774
-0.25295
0.21188
-1.59960
0.33550
0.85329
-0.65454
-1.59146
0.00551
-0.11875
-1.38920
-0.08267
0.72861
-0.13790
-0.75488
-0.45930
0.13056
-0.48096
-0.13634
-0.89132
-0.38809
0.15922
0.24714
0.18944
0.17384
1.75322
-0.84957
-0.99489
-0.20665
-0.57408
1.79672
-1.38757
-0.31863
-0.04137
-0.32047
-2.16716
0.35023
-0.00613
0.10888
-0.71625
0.14192
0.53660
0.42422
-1.23373
1.48253
-0.25674
-0.22436
0.42885
0.50530
0.84698
0.16640
-1.67205
-0.32117
-0.50110
-0.68299
0.79203
-0.55256
-1.79208
0.49834
0.77313
-0.25489
-0.52487
-0.52143
0.55791
-0.10653
-1.63700
-0.86964
-0.15040
-0.66175
-1.09091
0.45476
0.36339
-0.62238
1.12808
-1.51339
-0.25918
1.16485
0.16485
0.17389
-1.55310
0.12980
-0.63587
1.32391
-1.06698
-0.93537
0.76326
-0.42416
-0.76751
-0.32679
0.10047
-0.41475
0.92210
1.01398
-0.39519
0.83467
0.68957
-0.78113
0.76328
0.28669
-0.02540
-0.36818
-0.23315
1.08916
0.69226
0.61663
-0.64923
-0.32143
-0.47069
0.63935
-0.39674
0.54061
-0.14445
-2.39866
0.33290
-0.49727
-0.07464
0.14678
0.68879
0.02488
-1.31441
-0.78548
-0.32568
-0.50214
1.40605
0.19031
-0.89958
-0.93647
0.17454
0.02187
-0.34680
-1.05790
0.82479
-0.58969
0.31560
0.35604
1.04192
0.34190
-1.02630
0.19783
-0.73908
0.08205
-0.13541
0.06591
-1.13268
0.18979
0.48095
0.04504
0.38422
0.80218
-0.26329
0.56454
-0.18625
0.04867
-1.41243
0.37177
-0.18171
-0.87368
0.12573
1.38025
0.73975
-1.26290
-0.19325
-0.46150
0.30046
1.27406
0.66163
0.71680
-1.42788
-0.94768
-0.79501
0.19011
0.88151
-1.20407
-0.25409
0.28643
0.85016
0.04315
1.39346
0.57082
-0.38508
-0.35197
-1.59953
-0.59632
-0.76596
0.39767
1.50159
1.16546
-0.17412
0.12673
-0.27506
-0.56770
0.87596
0.99485
0.57741
-1.16846
-1.47752
0.17264
0.46456
0.99036
-0.45777
-1.15808
-0.81789
-0.01720
-0.20556
0.04003
-1.59212
0.85590
1.17103
0.15345
-0.40289
0.79573
0.05575
0.13338
0.22953
-0.13196
-0.42803
1.06242
0.82412
2.44487
-1.63172
-0.44946
-0.56807
-0.56447
0.19018
-1.24781
0.40067
-0.49158
0.04283
1.71770
0.57067
-0.84548
0.46355
0.77757
-0.53904
-0.38372
-0.67629
0.77558
0.54305
-0.27797
-1.19087
-0.17164
1.05339
0.57861
0.39466
0.73113
-0.52360
-0.06788
-0.54602
0.09491
-0.45846
0.43504
1.51544
0.45949
-0.54275
-0.43023
-1.21854
-0.01966
-0.37278
-0.10466
-1.11727
-0.74538
1.74610
0.08125
-1.07737
0.56270
0.38320
-0.04478
0.45331
0.01567
0.47123
-0.28030
-0.56183
1.66963
-0.46648
0.41370
-0.41969
0.03531
-1.16108
0.62262
-0.42118
1.28048
-1.04806
0.90173
-0.76431
-0.20616
-0.77685
-0.14107
1.28329
-0.23393
-0.03555
-0.77137
0.11710
0.40602
-0.82595
-1.13735
-0.42365
-0.16282
0.88625
0.10882
1.76785
0.22388
-0.21730
0.10173
-0.55259
0.08874
0.51474
-0.23657
0.85624
0.56863
-1.74143
-0.66171
-0.38522
-0.23052
-0.76757
0.86722
0.12710
-0.07106
0.42707
0.35282
-0.29066
0.52144
1.02839
0.35397
0.15662
0.02890
-0.61134
0.45412
-0.41493
0.36651
0.54337
0.96915
-0.36545
0.82299
-0.42137
-0.04578
-0.17259
0.76226
-0.36102
0.30785
0.41348
0.36138
0.33973
0.23930
-0.84830
0.07343
-0.01767
-0.70065
-1.47036
0.91784
1.77099
0.60835
1.53251
-0.08900
-1.18384
0.85269
1.06809
-0.37827
-1.05899
-0.04815
0.11824
-1.26004
-0.87182
-0.66330
1.26944
0.79990
-0.96166
-2.56096
0.43030
0.15611
-0.55562
0.41269
1.02980
0.60465
-0.40922
0.55485
-0.50648
-0.02419
0.41544
0.37196
0.19140
-0.28421
0.34339
-0.30649
-1.75620
-0.63870
-0.57531
0.79052
1.55070
-2.22907
1.33101
-0.81399
-0.99861
0.68207
-0.14192
-0.81131
-0.11068
-0.03630
0.47693
-1.22683
-0.05184
0.13713
-1.42716
0.41916
0.27118
0.09367
1.18565
-0.50932
-0.30296
0.81498
-0.51919
-0.15206
1.29501
-0.73317
-0.68170
0.87132
-0.23680
0.68395
-0.41444
1.12292
-0.32794
-0.80830
-1.05952
-0.69665
-0.14740
0.40735
1.44431
-1.29839
0.72510
-0.48161
-0.05113
0.23380
-0.03630
0.93019
-1.30767
-1.08050
-0.03656
1.09901
0.11427
0.32970
-0.82338
0.52225
-0.44133
-0.41408
-0.02675
-0.35897
0.35087
0.02876
0.01767
-0.55263
-1.67983
0.55821
1.09930
-1.13342
-0.18348
-0.04978
1.01048
-0.05900
-0.08042
0.01098
-1.26895
0.17669
0.85931
0.30009
0.80105
-0.93569
1.40208
0.04067
0.19059
0.17280
-0.54562
-0.22767
-0.59796
-0.20832
1.42236
0.68933
-0.19023
-0.21067
-0.28966
0.30188
0.78798
-0.64636
0.44844
0.87214
0.56062
-0.47221
0.79310
0.14571
-0.58704
-1.02879
0.15857
-0.26853
-0.94781
-0.42883
-1.90470
-1.37991
-0.60498
0.38127
-0.33379
-0.70994
-0.96278
-0.40822
-0.22209
0.43090
-0.20288
0.09936
1.14847
0.05559
0.87066
0.95647
0.70678
0.96695
-0.47690
-1.48947
0.64518
-1.21029
-0.58715
-2.23697
0.23240
0.45248
0.25760
-0.77728
-0.16179
0.91114
0.51954
1.17400
1.15769
-0.44684
-0.69723
0.05840
0.84769
-1.05199
0.57226
0.38487
1.14667
0.43117
-0.95704
1.18581
0.41901
0.05081
1.90624
-1.51983
-0.36738
0.13499
-0.80535
-0.33409
-0.97554
-0.29845
-1.82806
-0.03078
-0.19270
-1.09576
0.11626
0.33049
-0.64580
-0.77626
0.25957
-0.10972
0.25022
-0.98494
-1.60157
-0.24081
0.44289
0.19587
-0.41466
0.83013
-0.72012
-0.24231
-0.43964
0.76381
0.18851
0.59526
-0.75297
0.52241
-0.34465
-0.82282
0.21433
-0.22855
1.66806
-1.25843
-0.76414
0.65313
0.32215
-0.26303
-0.54746
0.71274
0.88743
-0.65139
0.09561
0.28450
-0.28634
-0.34288
-1.03818
-0.31814
1.08663
-0.59834
0.21256
-0.27657
-1.87079
-0.34214
-0.78508
-0.69009
0.24671
0.53793
0.54175
0.12623
0.43301
0.39219
-2.03692
-2.19207
0.35940
0.10843
-0.02739
-0.37838
0.58422
-0.48746
0.10320
0.77855
-1.06617
-0.17309
0.85807
0.04849
-0.83244
0.30046
0.07801
-0.96875
-0.87726
-0.15170
-1.23642
1.22162
-0.57691
-0.31285
1.16155
-1.02508
0.62468
-1.41199
0.71513
-0.59997
-1.02160
0.72130
-0.08754
-0.87584
1.41178
-0.00125
1.26195
-1.28686
-0.49749
-0.98298
0.54546
0.60522
0.00572
1.61070
0.80687
-0.27107
0.33107
-1.87705
-0.38817
-0.31102
0.58907
0.97405
0.64091
-0.63380
-1.05187
0.64019
1.01139
0.06200
-1.00041
1.14592
1.13127
-1.54600
0.43552
-0.40574
-0.43930
-0.40364
0.23240
0.95225
-0.94523
-0.12334
-1.15088
0.50256
-0.81588
0.88549
-0.01024
0.44405
-0.12944
-0.42913
1.36825
-0.23889
-0.57721
0.75477
-0.40538
-0.46244
-0.02285
1.47016
0.16320
-0.70969
1.16093
1.23346
0.36346
-1.01630
0.36331
0.68255
-0.39241
-0.37624
0.64488
-0.81600
0.56719
0.55291
0.04436
-0.18726
0.66815
0.10841
-0.12461
0.47765
0.74957
-1.72922
-1.23776
-1.53497
0.49470
0.66716
-0.77771
0.55225
-0.55628
0.15427
-0.07614
-0.52890
-0.62809
-0.31251
-1.28092
1.07999
0.90975
-0.83409
-0.49612
-0.62080
0.29606
0.10708
0.55256
0.15803
1.01885
0.57061
-1.94698
1.17447
-0.20158
0.93619
-0.09679
-2.13253
2.40137
-0.27088
-0.15903
0.32155
0.96449
-0.80180
-0.56376
-0.57912
-1.20099
-0.61135
-1.22393
-0.02986
0.59891
-0.22388
-0.34997
-1.35423
0.25409
-0.98566
1.48833
0.02707
0.09669
0.30671
-0.97491
-0.12458
-0.00002
0.50374
-1.20108
-0.46469
0.59245
0.29259
1.23278
0.69228
-0.67170
0.71031
0.42799
0.08352
0.96312
-1.50532
1.59630
1.45094
0.96951
-0.78518
-1.28697
1.27637
0.91982
1.44131
1.23941
0.97415
-0.63218
-0.46150
-1.51822
0.59098
-0.56721
0.36136
0.26959
-1.45025
-0.93613
0.39587
1.69813
-0.14026
-1.53260
0.08259
0.15593
0.40749
-1.09894
0.36616
1.24639
0.87181
-1.01639
-1.15197
0.86991
-1.13575
-0.54887
0.32670
-0.43925
-0.30414
0.41608
0.01008
-0.95111
-0.96322
0.87571
-0.39559
-0.22062
0.79305
-0.19947
0.77414
-0.11054
-0.69013
-0.72376
0.48709
0.10109
-0.14776
-0.03978
0.21438
-0.21882
1.73287
1.22882
0.14893
0.08299
-0.72373
0.13341
-0.39473
0.42389
1.11823
0.54369
2.22015
-0.77930
0.74255
-1.07427
1.00508
-0.27161
-0.10781
-0.34352
-0.44770
0.79131
-0.39147
0.85165
-1.63754
0.42237
-1.46669
0.20410
0.33806
-0.78246
-0.31930
-1.62385
0.36451
0.88557
0.70747
0.26454
0.41205
-2.86997
0.23549
0.08112
-0.08455
-0.29076
-0.85752
0.67405
0.15870
0.86346
0.14235
0.09534
0.43809
-0.87092
0.54926
1.23262
1.57499
0.00958
-0.12277
-0.42453
-0.15761
0.01612
1.07946
-0.80573
1.00655
0.82591
-0.20339
-0.69810
0.94230
-1.09204
-0.74947
0.14418
0.74848
1.78477
0.03925
-0.96461
-0.20059
-0.61464
0.28734
-0.33316
0.05300
0.03003
0.59346
0.22644
-0.49179
-0.27700
0.03323
0.51398
1.24006
-1.20314
1.23461
0.07510
-0.57972
-0.66755
2.55619
1.01073
-0.22656
-0.34371
0.61236
0.47158
-0.94715
0.38478
0.24485
0.51644
0.24995
-0.11893
1.20819
0.16222
-0.18561
-0.58059
-1.39435
-0.84280
-0.56374
-0.18692
0.61102
-0.67664
-0.57389
0.33485
-1.47372
-0.59147
0.40744
0.45270
0.94484
-0.97999
-0.48924
-0.02361
-0.73696
1.29772
0.85961
0.41193
0.51346
0.22757
0.20506
0.06923
2.09689
0.26730
0.14389
-1.08483
0.33389
-0.32136
-1.34615
0.13349
-0.69967
-0.23630
-0.86195
1.40595
-0.21722
0.19483
-0.07139
-0.01676
0.28334
-1.17003
0.74773
0.15910
0.40625
0.06169
2.29037
-0.33317
-0.25553
0.33060
-0.93622
-0.41717
-0.41139
0.42153
-0.58218
0.13835
0.37182
-0.08577
0.15871
1.07033
-1.00895
-0.00304
-1.16155
-0.63891
-0.71563
0.67042
0.16039
-0.52032
0.41360
0.15143
0.22598
-0.74861
-1.44704
-1.06665
-0.17143
0.02243
1.41940
0.07726
0.71775
-0.14119
-0.42312
-1.15634
0.10826
-0.08444
-0.76408
0.81670
0.48927
0.04064
0.95396
1.32231
0.48526
-0.45348
0.80667
0.65934
-0.10214
0.22906
0.27270
-0.34592
0.51700
-0.08041
1.07205
-0.39401
1.37872
-1.08309
0.45951
-0.00441
-0.94868
-0.50260
1.80425
0.72102
0.53328
-0.16721
0.49905
-0.54504
-0.01139
1.05204
-0.01132
-1.33698
-0.73582
-0.55894
-1.18588
0.29883
-0.47235
-1.47418
0.21203
-0.12724
-0.67245
0.09268
1.39727
-0.61241
0.14529
0.02982
-0.58852
1.01361
0.18004
0.66174
-0.25740
0.07856
-0.32050
-1.78490
0.46652
-0.90563
-1.08422
1.29264
0.46384
-0.82877
-0.45998
-0.12155
-0.76129
-0.36844
0.51638
0.50948
-0.97894
-0.72949
-0.51758
-0.83877
0.37031
-1.00597
0.30114
-0.28439
-2.03902
-0.03654
-0.39217
-0.92858
1.15138
-0.02757
0.22344
-0.93050
-0.18429
-0.83532
0.19765
-1.28267
1.23774
-0.62791
-0.83310
-0.74078
0.32884
0.42325
1.08547
-0.14790
