0.41422
-4.45643
3.44846
3.54644
0.84808
5.40158
0.68591
4.57124
-3.75149
-5.28587
-4.40844
2.78998
-5.09537
0.92953
-0.76040
8.15001
-2.10811
-2.56032
-2.76568
-3.37731
-5.78965
4.37837
6.62202
-2.99828
-5.65843
4.04430
2.54822
-0.81712
2.70287
5.21212
-1.68192
-2.09963
-4.95046
3.62453
-3.29122
1.10861
2.33717
-1.73443
-2.25173
6.18487
5.24596
-3.21896
-1.51763
1.93746
-0.33327
1.15793
-1.13741
-3.62412
1.85727
1.75125
1.18466
-0.82867
6.23811
-0.44441
6.07085
2.69307
0.13276
0.07939
3.36829
-0.33650
0.36658
2.24588
-4.20411
6.06138
0.52864
0.21322
1.84298
2.33665
7.55082
3.40448
5.35602
2.95122
0.91092
-5.50434
3.52976
-3.54652
0.28068
8.50038
6.47252
7.20415
6.39524
-4.62376
5.84352
6.01078
-4.84586
5.90771
0.18521
-1.62693
-4.45148
-3.23931
3.28322
3.42071
0.05346
-1.30307
-5.63455
5.28801
1.44810
-0.42104
-3.61816
-1.69928
-2.71577
3.04876
-2.04947
-1.30927
3.04326
0.95450
3.93694
-0.56651
-3.57125
2.33252
0.23881
2.60927
-5.16162
6.07840
3.00457
0.11722
-2.21828
1.52993
2.12168
-1.35792
2.72082
-1.75127
1.86473
-1.38125
-5.72618
-6.68165
6.07415
3.85397
5.15511
7.79709
-1.54474
0.24313
6.48191
8.50849
0.41981
2.19242
-4.15186
1.68940
-1.34073
2.21181
4.83299
-1.84876
-3.37708
0.28702
-3.28859
-5.15251
0.05178
-5.74894
-8.51245
1.95254
-5.67730
0.12309
-0.47645
1.77647
-2.44294
-1.84754
5.65937
-11.40101
-0.01611
-2.20856
-4.56125
5.47608
8.01370
1.57314
-1.03254
1.69030
-4.08071
6.13454
0.31174
4.51081
1.20951
2.36317
0.54546
-7.13118
-1.03485
1.92922
-0.50681
7.31406
1.74996
5.83866
-2.97128
1.10433
5.83483
-0.17956
-0.67718
2.30890
-2.10490
-8.17503
3.97508
-2.55550
0.08086
4.15578
-1.87965
5.84646
5.72889
2.15328
3.98875
-2.68920
-0.59321
-0.10185
-2.42823
3.21096
4.56579
0.72704
-0.58819
2.02039
-1.37578
-6.64335
3.15451
-0.27063
4.04771
6.83761
3.52574
3.76823
-6.53801
-1.43479
-2.71569
6.61001
0.34704
2.16763
4.67081
4.44278
4.41894
4.82978
-3.08010
1.69666
-3.83473
-4.89025
4.46307
9.65567
3.30001
-3.44291
-1.18967
11.10413
1.55459
2.59501
5.53972
6.38606
-4.40678
2.48775
2.62156
1.78546
1.10701
1.82302
-0.97420
-3.40582
-3.34345
3.52746
-6.93512
2.45973
2.90248
5.51055
-4.82724
-2.75076
-5.27898
-1.70525
1.76236
1.71674
2.15052
5.82901
-0.84806
1.29785
-0.91165
-1.77240
7.04981
-1.20821
0.08814
-1.43234
0.68153
-1.55528
-1.61214
-4.07444
-0.86855
-2.71958
4.22964
3.55919
-2.23170
3.65487
-5.85048
-3.15073
0.21252
0.48697
0.64787
0.56581
1.60377
0.89405
-0.69635
-1.37289
4.17763
-2.94765
-1.06499
-5.11931
-2.04051
-0.12118
-0.53808
-3.26278
-1.47566
0.06070
-10.88679
3.47116
1.28375
-1.78716
-3.85950
7.52090
-1.97233
1.58760
-2.47381
-4.00032
-1.42370
7.43159
4.45866
-5.12717
2.20159
-5.58203
-3.12362
1.57496
3.25741
1.26521
4.57771
-4.35139
0.89038
-3.58644
-0.72483
-5.77902
-3.22528
3.29922
4.53689
4.21660
-1.20299
-1.88307
-1.22263
0.36626
5.28882
2.57478
5.53361
6.09426
0.95630
7.28190
-2.44274
0.00638
-5.30439
3.97556
-9.12316
2.96556
8.14241
3.13506
-5.54348
-2.49173
2.98960
6.30757
-2.89378
-2.82411
1.96088
-4.74747
2.94073
-3.70289
-1.53275
1.85746
0.92378
-0.31827
-4.33247
0.36249
-2.93375
-1.93442
5.16410
2.43249
0.16903
3.04889
-3.68007
-0.03107
-0.33135
2.36412
3.35967
0.56305
-1.55234
4.24638
-2.47536
7.94847
3.74270
6.73232
0.42071
6.47901
5.42179
2.30578
0.79175
-4.04157
-2.34283
1.89990
-2.47486
0.04884
2.44783
-3.97915
4.80382
-1.51796
2.10686
6.00893
-3.59323
1.07518
-0.14694
-0.35671
3.04326
0.73280
-2.79920
-5.75890
-0.11581
0.53083
-0.22677
4.46872
2.89902
2.14713
4.68066
-2.76142
4.92813
1.62408
-3.85585
2.39371
-4.81178
-4.76767
-6.53766
2.49041
-4.51064
-1.11821
-0.32226
0.30588
0.08068
-3.54537
0.09922
0.06878
-0.18797
5.27178
-6.18352
-1.67312
-1.57314
1.77020
5.09185
-8.03943
2.77476
-6.14010
-1.55912
-0.20048
1.61521
-4.15590
3.44211
2.08617
3.21004
-0.15463
-1.34276
1.89458
3.94211
1.26644
4.55005
0.96655
-2.29879
-0.84245
0.19799
1.29488
1.13196
4.25535
-2.72719
-4.01942
2.39343
-4.87568
3.70932
0.38982
-4.06298
-5.31837
5.66668
-6.45971
1.94027
0.95779
0.89642
1.85680
-5.75317
-2.79764
-1.38993
3.67551
-3.84694
3.54721
1.68846
6.78179
3.90280
1.69483
5.09491
-4.05432
3.45432
-3.81249
-5.14267
5.68872
-1.64192
2.80440
-7.11725
-6.08437
-2.59665
-4.46854
-3.05177
0.13746
0.87348
2.89231
2.51586
1.05595
6.42269
-0.77915
1.08395
9.61521
-1.95068
-4.42037
6.98587
6.03367
-5.69981
-6.38729
-0.34789
-1.74666
-2.00889
7.06190
11.15009
2.04844
0.19612
0.07826
-2.99068
-3.23059
-0.30175
3.41029
-4.53659
-0.70636
-0.28643
-5.26461
6.37915
0.09237
-1.09985
-1.67674
-4.44802
-0.40955
0.21654
-0.83822
-7.95090
-7.07280
-3.61020
1.96082
4.48765
-1.40587
-0.15862
-4.01457
-0.96364
-2.36865
1.99232
-1.11091
-2.19247
5.06827
0.09926
-4.20718
-1.30646
-2.17704
-6.33026
-2.98168
-3.25635
8.81112
4.97107
-0.26475
-3.27852
-3.17523
-0.80664
-3.35028
-1.45315
0.15844
-2.00922
10.40331
-1.67220
2.39620
2.57341
-4.66606
-3.00200
2.45723
-0.75051
2.99140
4.93820
-5.84627
-4.35702
2.13922
3.29372
1.82243
-1.04228
-0.13730
-3.28564
0.72499
5.62254
-1.52056
2.57567
6.46747
1.36489
0.81492
0.03933
-2.44377
5.66934
3.18418
10.08552
3.56081
-5.02993
1.34583
0.90737
0.08367
3.69082
-6.55829
5.68500
-8.30714
-2.69602
0.53328
-0.31210
4.10186
3.18142
-1.00152
-2.59654
7.27765
-1.92131
3.38120
-0.31217
1.74104
-11.46626
2.43128
-1.82171
2.51074
-2.50570
8.51944
-0.97423
-4.34727
-4.46080
1.44401
3.46926
-5.71988
3.80735
1.13645
1.39354
-0.96329
-4.62247
-4.55193
-0.16703
2.66335
-2.18944
-5.21102
6.14136
-2.30576
-8.03535
-3.55696
-3.90998
-5.81663
5.21544
6.52917
-0.30847
-4.00932
1.60381
0.03129
1.21895
-3.82188
-4.26198
-0.06062
6.83926
0.58119
-1.35565
-6.33960
-2.11586
0.47554
-6.19541
1.37115
6.07090
2.82490
0.31424
-3.24113
-1.21296
5.72423
4.44199
0.49061
0.62437
2.19398
7.00484
1.82712
3.72872
4.55628
-2.18191
4.62518
-0.74765
-0.39944
1.71718
3.08471
-1.00527
-3.20590
6.24122
-1.46757
2.04575
-2.98922
-3.32639
4.85890
-7.74672
-1.34849
0.28464
-0.50299
2.05036
-1.94509
-1.08153
6.40283
-4.69216
-1.60089
-0.40154
-3.33273
-1.78882
1.99659
4.86749
-4.61332
2.36438
1.04096
2.78717
1.66141
-2.28453
-0.96288
2.88320
-2.55784
-0.86628
3.15300
0.30664
-0.18522
-3.70004
-5.45005
1.69825
1.80967
-1.13561
1.11786
4.45777
3.76029
-3.32493
-5.12232
-10.66440
3.62045
-2.85326
-3.71154
5.37653
-2.34585
5.10416
-2.09337
3.62471
3.99412
-1.52309
1.00655
-4.09045
4.11442
-2.11664
0.72556
2.19704
-0.31294
-4.43812
-3.23024
2.03549
0.08390
-3.73392
0.03879
-2.03714
1.25815
2.86288
4.38577
-1.43440
-2.05687
-1.89966
0.10693
-1.71215
0.77719
-1.83159
5.51447
3.39208
1.53790
-1.75834
-4.01484
-1.13535
3.95140
1.94062
0.58126
-1.72663
6.56683
14.40445
2.23364
1.20382
3.45714
-1.31172
3.44569
3.32590
-0.75290
3.48227
-1.03023
-0.06594
-0.57722
0.48451
-2.47761
3.31211
1.05647
8.32557
5.23045
0.85291
8.42395
0.44053
-3.89776
0.65441
-5.86365
5.72875
1.69824
-4.54051
-2.10262
-4.16780
-4.33648
-1.25870
10.96504
1.89838
0.38219
0.47139
0.58383
1.20472
2.19163
-5.56401
1.12726
2.42504
0.45184
-2.41056
-1.22347
-4.51073
-1.77413
4.05936
-5.03683
3.97507
4.79970
4.62987
3.01418
-5.25722
-2.86019
0.14639
-1.06661
-2.25315
7.05390
4.33790
-5.36986
3.93277
0.58773
-2.17536
-3.77080
-0.64454
-2.34059
-5.06590
3.87149
-7.92646
-0.68572
0.77948
-0.26954
3.97688
5.92954
-1.79905
-2.31031
0.73089
1.89063
2.25754
1.78092
-0.07340
2.32071
3.02749
-3.61982
1.43923
2.10467
-2.90433
-5.82151
-0.49606
1.02996
3.57008
5.32265
-1.81977
-6.21811
3.18303
5.07466
-5.02375
-2.53484
4.37154
-4.26546
8.08946
-2.50094
-4.15948
1.41008
-8.02157
-2.23930
2.08687
1.29195
-2.86462
2.35605
1.01200
0.73773
-1.53427
-5.13561
2.59405
0.25821
-2.85315
2.72642
-6.36185
-1.66598
0.45538
6.30330
-1.30125
-1.81456
-5.98269
-0.71838
-1.04697
-5.74494
-0.38836
-10.67019
0.34447
-0.66464
-0.39890
0.23529
-1.06660
-1.26856
4.35096
-5.72720
-2.99269
-3.25028
1.94968
-0.33198
3.43938
0.90622
-11.19238
-7.28035
0.63942
0.28434
0.55342
-1.97338
-0.23412
4.43853
-3.43536
0.78461
1.69875
3.46263
5.09580
-0.90234
2.07971
-4.78824
-2.54241
-3.79693
-1.96082
-4.50959
-8.81995
1.82534
0.25751
1.13179
2.13361
0.96388
-1.76900
-3.78525
2.88077
0.88604
-7.34839
0.84582
-3.67193
4.28036
-1.56096
-5.24401
-6.44642
16.85197
-3.36953
2.50190
1.89245
-4.68053
-1.58451
2.99565
1.68084
5.05058
3.90764
0.44213
2.23446
-1.78115
-2.94408
1.62866
5.88299
-1.96427
2.61460
1.12583
0.02359
0.74161
-2.74746
1.77753
-1.73225
-2.23528
4.48835
-0.74299
5.33198
-0.37137
0.93648
-3.45939
4.79731
-0.27790
-0.13660
5.44714
4.24428
-4.84705
-4.28230
1.31457
-2.01891
-7.88207
-2.78768
-1.59186
-1.11776
4.38794
-0.01040
1.79635
2.85914
1.76304
-0.49886
-8.17824
5.76302
-10.51500
-4.58033
-4.74111
7.66681
-1.43957
2.56865
1.76174
1.38067
-0.09301
7.71881
-5.47057
0.63501
2.90211
-3.60171
1.95691
0.77542
-0.68630
0.60803
-5.24106
1.20181
0.63237
-1.29803
-2.24689
3.46827
2.21200
1.81185
3.03402
-0.38118
2.55011
6.57744
-0.93706
-0.39249
0.14739
-2.95748
-1.22333
-4.11910
-1.50765
-2.38669
-5.75327
-0.64512
11.14689
-5.22168
10.44089
1.65697
-3.49507
2.21536
-2.03160
-1.89981
-0.21470
10.31963
-0.33549
3.18283
1.23663
2.18574
9.90458
5.29702
-3.44097
6.92259
-0.97848
-0.66113
-1.26998
-0.80022
-1.88855
6.47217
2.93964
3.26024
3.73325
-1.46657
1.42918
9.65626
1.19023
-4.51426
-3.08836
-2.77675
1.91049
0.51761
-2.05436
-3.91603
0.16078
-0.09913
4.03098
2.66456
-0.14823
-3.20946
-2.61534
3.67622
-0.04978
2.31919
2.33943
0.77409
2.73886
0.80589
-6.41007
-3.17165
6.58608
0.92782
-0.71742
-5.25940
2.04853
0.15078
4.64957
-4.72277
-1.37531
-6.45215
1.89902
3.04725
3.00336
-2.87656
5.98653
-2.55006
3.24954
2.31412
0.19248
-1.51431
2.46086
3.03658
0.06899
-0.84998
-1.46520
-1.68488
8.30801
8.69372
-1.36478
7.85798
-5.18271
-4.90595
0.39910
1.64811
-1.65938
0.29985
0.09955
4.37231
7.56562
-5.09489
-6.50379
-3.55228
0.71978
-0.90766
1.29130
-1.08375
-2.98501
-0.04265
-4.62229
-6.45597
6.30609
2.02382
5.85990
0.82791
6.88008
5.92542
1.03565
5.52399
-2.22563
-2.22522
-3.20112
0.51441
0.58024
0.76453
-0.40868
-4.01464
-4.30165
-0.53950
0.75188
4.02766
-0.52466
-1.46823
-5.40000
-5.03908
-6.62066
-4.43849
-6.02925
2.02512
6.91560
5.62788
1.85566
6.18727
2.80009
-1.26459
1.98766
1.05005
6.58466
-1.88416
7.65311
6.30683
4.69738
1.07767
-1.09003
-2.39164
1.48768
-2.88661
8.52247
-0.97294
-3.47735
-1.00255
-1.47933
-1.28234
6.53702
0.18487
-1.44923
2.40262
-0.20221
4.33889
4.84021
6.80961
0.04790
-0.16697
1.80213
-0.34501
8.25143
5.16103
0.54865
6.23919
6.72088
-2.04594
9.11252
3.62607
0.39145
5.39594
3.38527
-1.47418
9.37015
-3.57222
-1.38913
3.35297
5.40171
-5.74028
0.22072
-2.04898
-4.40740
-3.21367
4.04640
-0.97536
-0.82789
-0.77240
1.71586
1.80103
-0.48816
2.35406
-0.51887
1.93094
4.09920
0.02269
-2.52830
1.06103
-5.43927
-6.30489
2.70488
6.40119
-0.61669
-0.15144
-2.33421
-0.69576
3.53635
-0.41196
-1.73693
-2.40793
-4.24348
0.28100
-0.45840
3.83495
3.78109
9.72068
-2.40698
-2.77546
3.08100
4.92315
-2.07445
-3.71146
-3.80871
0.04690
0.72542
-0.92823
2.48342
-6.14196
2.23735
3.27027
-0.46278
-5.57384
-0.88842
0.60637
-2.43983
-1.60083
3.31093
-1.57446
-1.51044
0.04710
3.75122
-1.75110
1.19689
-2.99226
2.57336
-7.81221
-4.99192
-3.15855
9.88867
2.97601
-2.78970
-2.31442
-1.54453
-5.16199
-9.02329
4.22195
0.26756
-7.81014
-6.48296
0.23238
4.71202
0.56415
-0.54131
5.71065
7.14465
-0.16860
-2.47615
-2.39178
0.68349
3.26274
1.89707
-2.04104
0.97735
-2.14465
2.75963
-5.36455
1.97346
1.19636
1.65404
-4.11707
-3.53278
-2.18800
5.66170
-4.87924
2.06037
-1.38723
-0.54323
-0.95427
-0.62937
-1.75406
1.10388
-1.33982
7.01407
-8.10746
0.12277
3.63049
-2.78572
-0.27996
-2.80095
-5.82450
4.99762
12.85529
-1.44348
-1.53503
3.39000
-3.46679
7.02672
0.82587
-8.14673
1.18912
3.69052
-2.07263
6.56455
1.62549
-3.69098
-1.43750
-0.55769
-8.52778
1.45284
6.56490
4.28440
6.47512
2.91474
4.88910
5.67610
3.45235
-5.32983
1.87367
5.34689
-2.06966
1.77826
1.04027
5.44927
3.15467
0.05340
6.41105
1.34364
4.48136
5.15544
-2.16431
-3.68999
6.87702
1.18928
-0.22591
1.46642
1.83391
-2.26036
-8.24380
1.93280
7.05395
7.42021
6.75160
-9.32610
-4.47588
2.30433
2.56437
-3.93590
0.41798
-1.87567
-1.36167
6.46005
0.55602
-5.91645
-2.33228
9.10786
-3.15469
0.16292
-0.50180
3.23796
-6.08580
-5.69692
5.65824
-7.50344
-5.07636
-8.15035
-2.78201
-5.66352
-7.32061
8.77328
-1.93720
-1.80549
0.62858
3.67936
1.74751
-1.91565
-6.44131
0.39924
-1.10968
-3.20060
-1.46905
4.77569
-5.98788
-4.02719
3.26157
-3.39750
5.00571
0.29028
5.39408
-4.16020
4.43096
-0.12903
-2.03415
0.02729
-4.60339
-2.73668
-3.73585
2.25115
-2.48884
-3.38070
-2.37839
-0.22993
-0.25826
2.27644
0.32450
-1.30149
-4.10169
-0.86237
0.97048
0.19211
1.32244
0.40061
1.16686
3.27739
-0.83298
-0.08267
-4.75791
-3.03366
8.02867
1.39565
4.12838
-2.74363
10.96613
-2.24633
4.77914
5.42615
-1.21843
-0.02413
-2.33696
-6.73719
2.33793
-2.68250
3.56824
1.84647
2.34112
3.27290
2.47238
4.16406
-2.83691
-3.15738
4.00914
-1.25379
2.36272
0.19746
5.09350
-7.83116
1.10420
-6.34502
5.19751
-3.98171
-2.67018
-3.18348
3.55060
-3.10050
-0.53385
-6.19225
-0.82604
3.79032
-1.24024
-1.48513
-2.22636
-5.50585
-2.25716
-3.64135
-2.78730
1.78265
0.30227
0.50825
0.12626
-5.94118
4.32891
1.57843
-0.91632
-3.01890
-4.47560
-0.98720
4.29176
-2.73869
8.84542
-3.11513
3.52204
-3.00719
3.54269
5.60633
-5.06510
-0.12856
1.68724
-2.64418
-2.81854
1.76440
8.33427
-5.98834
3.01530
2.27968
2.54100
0.30795
5.85644
2.30887
-0.23438
3.72127
3.24724
3.38927
-3.04117
-5.94172
3.76171
-4.64789
-1.54028
-2.58264
-3.88862
1.97780
2.59754
-1.48797
-4.52135
2.77809
-1.23017
3.01764
0.89663
-2.02502
-0.74084
0.78949
6.69610
-1.49504
-1.68349
4.06431
5.07918
-6.22803
0.75969
4.05247
-3.52946
6.85269
-2.63781
-1.09192
-1.97109
5.98792
8.30206
4.94562
-1.83812
-3.02516
-5.11759
-4.01190
0.57984
-5.40185
-0.54730
-1.38036
-0.58454
-3.03157
-1.27581
-1.71196
-8.84544
5.19010
3.58004
-1.82909
6.76900
-3.15869
4.77734
0.01477
7.41815
3.40017
3.55417
6.69588
-3.74074
-3.90106
1.80310
1.86246
-6.04154
-1.24086
2.62971
-6.00457
-4.51291
-5.44991
3.95043
1.96589
0.38398
-4.37351
-1.24662
2.89979
7.54295
-4.77040
1.45022
-1.41180
-0.33825
2.59224
-5.39069
-2.13666
-4.03624
-4.05519
6.17293
-0.65121
-1.69056
0.74651
-2.07005
7.22710
0.53944
-1.61910
5.13818
-1.55747
-5.93355
3.79999
-7.31221
4.62849
1.75942
0.86187
3.07159
1.42602
-3.82712
-0.69557
4.81253
-1.28667
-1.01532
3.46865
-2.76076
-0.90689
0.74520
6.77083
0.24028
10.63575
-6.77237
3.09503
-3.81086
3.19654
5.25603
3.13695
2.90698
1.98818
2.16703
0.06268
2.98989
-1.85461
7.19388
-1.58973
0.58505
-0.63173
-2.66631
4.69839
5.42500
-1.84546
2.81039
-3.23607
-11.13264
-6.48120
3.45056
-2.33487
-0.27198
-3.79791
-0.72856
1.53942
2.32607
-0.70014
-1.10138
0.49569
1.48015
-0.27420
-0.04034
4.05900
2.02694
-2.74680
-2.67864
4.99135
2.20230
-2.66800
1.83836
-4.11935
0.62378
1.29289
3.73600
1.46390
-3.30404
-2.21495
1.37825
1.13045
5.39744
-3.53000
1.07764
-1.77395
-2.35394
2.00270
-1.37895
1.28215
-0.64224
-6.29412
-7.59766
5.27880
-6.17531
-0.95838
-2.02340
-1.33058
-0.04416
-1.24922
4.13337
-0.05951
6.80904
1.66459
8.44071
-5.15269
-6.49512
1.24477
-2.29458
-2.17933
-1.34338
-6.27925
-1.38749
1.59804
-3.16839
-2.49279
0.68204
0.34778
-3.84692
-8.72483
4.03882
-4.10505
7.88240
-3.46461
1.16968
4.14326
0.65689
0.93528
-5.30024
3.58000
3.10261
-2.59121
1.95469
-6.00419
3.32316
5.44393
-2.53333
-2.18906
-0.58073
3.58608
-1.03011
1.63821
0.38534
3.60778
-8.51224
-1.14332
0.16039
3.45543
5.98003
1.86684
-2.59379
-0.57916
3.23307
-0.15814
1.74756
-2.76435
2.04034
-0.62644
-6.48097
-1.82061
7.04836
2.19767
-0.10188
6.49101
-4.58328
6.18921
1.22850
-4.27160
0.27218
4.89799
-2.48662
4.58791
-0.40896
5.45504
-13.16221
1.38931
3.81512
3.28992
6.69139
3.13887
-4.34741
-4.47079
2.88264
-1.87641
-2.95034
1.92909
-3.75644
-0.91460
-1.05355
3.89166
-4.60500
4.56520
-3.06984
-3.51157
-1.47610
-2.55244
-2.28607
2.49361
1.47845
-1.08106
-5.55251
7.08212
3.38140
-0.55381
-0.25331
2.08215
2.75350
-0.84287
3.39649
-1.56240
3.02317
5.50500
6.85326
0.41837
-0.13514
-6.52473
-2.56708
0.24019
5.14216
-4.24670
1.01862
1.02181
-2.31436
1.19109
3.20206
0.74856
-1.92311
0.31877
-5.62557
-2.48293
-1.17208
8.99603
-0.92389
1.31285
2.25833
-0.40998
-2.68924
5.73472
6.07253
1.88961
-1.51100
1.80735
-5.37465
4.18414
-2.06753
-4.50235
3.00400
-3.05119
1.60646
2.16307
-2.48508
3.88166
3.55167
-9.57106
-2.05822
-7.47012
-4.24739
1.29826
-0.32490
-3.49280
-1.23189
-2.45103
-1.25389
-0.29141
-3.46072
-5.30338
3.80129
6.96907
6.44131
0.89936
0.32278
5.23168
0.17444
5.54631
-2.72267
5.67568
-5.95897
-2.99368
6.18471
-8.20768
-1.92496
1.14934
-1.06092
-2.77736
1.38045
5.89921
9.45145
-3.35742
3.45741
-4.49114
-0.84602
1.43282
-5.04074
-1.94626
2.77558
0.78345
-1.34737
4.94777
-0.58196
0.64296
5.16668
3.79128
-2.35811
1.03208
5.25727
-1.15894
-0.74987
3.99857
2.83163
-6.69908
-0.79707
-2.63963
0.02153
-2.38447
-2.65340
2.93646
5.28205
0.47792
0.59284
-2.33223
4.56704
2.55214
4.34680
-0.89283
1.70548
-0.80259
-2.02996
-3.04303
2.55972
1.93927
4.14173
3.52316
-0.58251
2.58490
-1.10126
-0.74833
-7.01725
-0.97956
-2.89168
8.40003
-3.26424
2.41767
0.75738
-1.78045
6.13238
8.48036
0.24959
-0.25448
-3.91691
-7.43047
1.55258
-0.86583
0.25630
-2.10457
3.92547
-2.78136
-2.71187
-11.44049
-2.78687
3.41496
1.10612
-0.30871
4.85023
-1.57432
-1.22378
3.91765
1.24232
0.65793
-0.22152
-0.40106
0.03636
-0.04059
-6.89479
-4.45629
6.34788
-2.14347
-1.16004
-0.38359
-5.84987
6.41356
2.14308
-6.95906
-3.68695
4.21564
4.20632
5.86516
-7.75041
4.83730
2.23856
-2.30317
-4.59524
6.47935
1.45448
4.37127
-3.50359
-1.16579
0.23362
2.33323
3.79155
6.53795
-1.74018
3.36202
-4.45858
2.01817
-5.14192
3.74704
-3.70440
4.61668
4.61256
-2.39514
-4.98355
5.24247
-4.25097
6.58381
0.20931
-2.92388
-2.18201
0.25157
-0.12700
-2.60336
7.95145
-2.34338
-0.30654
4.25807
-2.53148
-2.52889
1.95885
-3.06299
1.39434
0.06449
-0.22180
-3.42076
-2.56102
-0.64057
-7.47193
-0.19527
-0.26876
2.53108
3.80736
-5.52361
8.18284
-0.07898
1.55694
-6.91102
4.25205
-3.21095
0.37825
1.12754
-4.00037
0.51141
8.93818
1.20939
2.10037
1.22504
6.08446
10.19565
-2.55236
0.17681
1.28207
-5.56884
0.60334
4.51304
3.55906
-1.02397
2.22831
5.41476
2.54529
0.82106
1.19235
-5.38611
2.25792
6.61239
-2.97513
-0.60167
4.83396
-5.02321
1.50966
-4.23552
-6.90150
4.11736
9.95644
2.96869
0.01150
4.96175
0.68720
2.28617
-4.50855
1.16082
-1.61747
-5.75295
-0.57613
8.38588
-2.83194
-4.58561
6.04238
-1.74558
0.43250
0.53677
-2.96017
-4.82796
4.58856
0.12539
6.43844
-3.20944
-3.31735
-1.06524
4.04198
-1.81098
-3.63405
5.06111
-2.03038
0.03185
5.25560
-4.73582
2.38692
2.84409
-1.97663
2.45879
-3.63297
2.68320
-2.23545
-3.89463
3.85620
0.25115
1.50633
-0.10567
-4.60281
1.35219
1.68660
7.85292
0.11989
-2.14609
0.88202
-0.38258
-1.87209
5.18091
-0.17551
-2.00385
5.12144
9.67926
4.57936
-5.61116
-3.97520
2.63071
-2.06244
-3.74579
-0.09887
-3.80798
2.89995
7.45521
-1.76529
-4.88893
6.91002
-1.06777
4.50110
0.69508
-4.71486
8.33578
2.66738
-0.16931
1.54475
-0.05053
-0.00382
1.68947
-0.36261
-3.49178
-1.58499
-0.81193
2.04459
-9.23969
0.20205
5.21425
1.18198
-1.74851
3.62525
0.64392
0.78296
-2.98784
0.13028
-0.41300
-8.56488
-0.71356
4.40294
0.37235
-2.05699
-2.50164
-0.23840
-2.10158
3.01949
-8.64187
2.87052
0.56203
0.62185
3.16702
0.41289
-4.09507
1.74921
-2.44595
0.61268
-3.55168
-1.30218
-5.93638
-5.58314
-0.04889
7.40595
-1.94535
-5.45239
1.38618
2.80618
-0.32316
-3.06270
-6.99033
0.72485
0.62220
2.34735
-7.04520
5.14365
-3.92463
0.08962
-1.71122
-5.13284
-6.55257
10.46285
0.07983
1.78702
5.80829
-1.77045
1.62211
0.74804
-5.53014
-0.75218
3.44359
2.29785
-4.45136
-1.57702
-4.11628
2.78047
1.44554
-3.46075
1.60943
2.51825
-1.25945
-1.17251
2.36149
-6.19430
-4.04356
1.90246
-2.39673
5.84400
-5.34589
0.48961
0.94260
-4.43863
6.06695
0.02331
0.30800
-0.21623
-1.35825
0.12068
-1.85476
-8.06603
6.23447
-2.15908
4.79004
-3.28344
-0.52969
-1.31063
1.44027
0.25440
-4.43809
-0.43769
-1.40721
1.83255
-4.03006
-0.41951
2.12644
0.55547
3.53376
-1.73629
-0.33704
-1.56617
-3.17329
0.66067
-0.81124
4.68758
-1.90775
-2.20469
-2.29406
-2.01772
-0.84380
-4.12757
6.47871
-7.60790
1.05945
1.97109
-7.09938
0.68190
2.50282
-0.00996
3.20479
-3.66892
4.15046
2.81416
0.88877
-1.60003
-5.97977
-4.00190
-0.22207
2.48432
-1.29731
0.47763
-4.76836
1.01544
-2.43166
-2.81587
0.62382
-4.45351
-0.07788
-0.03396
-4.89538
5.05679
3.05955
1.59576
4.02409
2.88762
2.21137
-1.31773
-5.22689
0.64648
-5.62270
0.91563
6.18847
1.02929
-7.89051
0.53327
2.78587
-1.64996
-3.66327
-1.40347
-4.17539
-0.41611
-1.02549
2.20293
4.24683
2.35278
4.43531
-0.07281
4.97403
-3.66289
2.42189
-1.74048
-3.03363
7.36492
-1.13042
0.81706
2.77414
-2.95076
-7.97314
1.70113
-3.98543
-4.93458
-0.10184
4.32172
-4.94283
-0.73144
-2.62264
-3.61511
4.69679
-1.97920
-2.31132
-2.65999
0.64188
-4.35350
8.09455
-5.27929
-0.83095
-3.16808
-1.47969
1.51562
4.92292
3.32433
6.25071
1.87894
-3.06007
-0.58997
0.57654
-0.89555
-5.74187
0.98426
1.80895
-0.84765
5.19869
-3.21797
4.67976
1.11118
-6.18774
5.05815
-2.27462
5.65328
-4.58843
-10.27160
-6.19399
7.28434
-5.23082
0.13684
4.64123
-5.89886
-4.06751
0.49284
0.04673
-0.53918
-1.46979
0.91003
6.61432
0.40948
0.70270
-2.60171
-8.63790
1.05179
-3.72972
6.46433
-1.01535
-6.37516
5.07263
4.77870
-4.30655
0.02644
6.35968
-0.85637
-2.22247
5.90516
-0.07995
-4.89581
0.46860
-6.32450
2.21280
0.60007
3.88420
-3.76909
-2.38302
4.57244
2.51757
4.69012
0.78028
0.14131
8.07379
1.36806
-0.67903
-0.41121
-2.33754
0.64428
0.71674
3.82357
0.02325
1.27506
-7.57483
0.16476
-3.22436
-2.73541
6.93953
1.24637
-5.33881
-5.09911
2.03123
-3.39944
-2.67698
-0.15862
-6.00250
-3.76425
-0.29572
6.52090
-2.65820
0.00482
-6.81859
-2.95585
5.81192
-0.48033
2.55015
-1.03390
-2.00228
-3.31635
-2.10450
7.44766
-1.29443
0.09033
3.52540
0.08517
-2.48714
-5.52571
3.85126
-2.68736
0.89131
-0.64201
5.88926
5.59243
1.31030
2.15963
-2.95113
-0.27051
4.35200
2.43586
1.48115
0.67797
1.87783
0.93918
-4.40074
1.65736
2.17274
-1.33874
5.94181
0.26530
-4.63354
4.77256
1.94426
-2.53232
2.54073
1.47745
1.14683
-2.87363
-7.53615
1.19223
-1.85347
0.65240
-2.22144
-5.66555
-1.99109
-2.79879
2.04632
1.16009
3.66245
-0.45825
-7.47591
5.88844
0.05095
-2.92898
4.55586
-1.24854
-6.61623
-6.52311
0.93509
-2.49001
1.35557
5.51057
-2.47502
1.88304
4.03528
5.13668
2.81530
-1.37565
-0.71835
-0.58775
-1.35541
-0.50838
-1.83271
-2.05640
-1.52688
-2.60240
-3.32597
0.85924
8.69058
-1.65650
3.15916
0.41937
-0.34813
-6.50506
-2.68197
-8.72250
3.84192
-7.85025
-3.15282
-5.18912
-10.92581
-1.39542
0.85900
-4.60708
-1.38380
1.59730
-1.25975
3.14068
-7.85071
-1.80358
-0.13243
-2.38093
-1.01645
1.04911
-1.18679
2.40971
-1.54449
-3.21511
-4.49597
0.53537
-5.51246
2.00918
-11.70763
3.21479
3.98093
1.98242
-1.51077
-0.77875
0.11601
0.30017
2.10316
2.48607
3.11807
0.67499
4.29019
-0.58578
-2.27899
-3.05590
-0.16968
7.05872
-5.49689
2.38264
2.98919
0.72260
0.10006
-2.04896
-0.74115
-0.28169
0.12322
0.86605
-0.80130
9.33470
5.56437
3.72012
4.51187
-0.55715
1.90916
-4.53764
-6.27774
2.65353
-2.46021
-6.76784
3.27557
-0.56299
-3.81621
0.40973
-2.98241
-0.06083
-9.19144
1.20587
8.02914
3.33395
-1.90993
-1.63882
-0.29115
3.21506
3.44267
0.46973
2.40051
4.33880
-5.19954
-3.67987
-4.11750
-4.53706
-3.94710
5.54910
-0.93028
-3.46381
-4.05111
-4.28638
-0.02266
-5.44377
4.55598
-3.03892
-2.05404
-2.27379
1.24990
7.49096
12.30772
-2.17277
0.46809
3.85344
0.43690
7.59738
3.08919
-0.58182
-4.62832
1.30520
0.05020
-0.62504
2.76136
1.38875
-4.22301
-4.04098
2.35237
1.28006
6.66173
-2.41967
3.14929
-1.78114
-0.80331
-2.73045
-2.57407
-6.58106
5.22177
-1.92509
-11.32405
-2.36418
-5.88726
5.84252
0.45051
3.89545
-6.34095
-7.73664
-2.34452
-4.25502
-1.14532
-1.03564
-4.31301
-1.60311
1.94558
-3.15148
2.29696
-1.53803
4.24912
2.80587
-7.18584
4.57203
6.07177
-2.03545
1.89687
-1.16412
-1.57374
4.09843
-3.47209
2.72337
1.28839
-7.01330
-0.35074
2.14952
2.57648
4.61741
-0.33902
-5.25515
-6.44890
-0.18497
6.65782
1.29870
5.60517
1.12557
-4.92296
-3.66709
3.05762
6.08150
-4.45971
-10.38224
1.54793
-0.80956
-2.20747
-1.26563
-6.54252
1.47481
-2.58005
-3.44003
-1.14062
-0.20616
-4.69066
6.17349
4.41865
-3.41106
-4.98015
-0.91779
-9.32572
-2.34668
-0.16265
2.96089
4.54014
-4.50118
-2.21993
-4.11184
6.06912
-5.55534
1.94170
-4.65143
1.61278
1.40321
-2.38903
-2.11981
4.56126
3.14339
-2.52493
1.89153
2.78928
3.21332
-2.75557
3.02058
2.36026
1.47286
2.50736
4.53044
-1.06067
-0.87623
0.48684
-4.06156
-0.92824
2.22352
4.27943
1.82642
-1.64318
-0.57487
-0.84114
0.92913
-5.01552
-5.67175
0.89297
6.53492
0.49491
-5.14159
0.52055
0.16459
-3.03235
1.85299
-3.27000
-4.13353
0.91084
1.13259
0.53804
-0.56830
4.20156
3.02716
-1.28879
0.50844
-0.71666
1.11635
-2.61851
4.10183
-5.01378
-9.71991
-6.84695
-0.12031
1.45199
1.27561
-0.48482
1.32582
-7.31056
-3.19010
-0.36253
-0.30286
-1.32608
-10.88910
-0.66095
-5.38489
4.77090
0.03831
-1.63208
9.27643
-5.51251
10.30533
-5.01186
-4.74769
0.94048
1.25126
1.10888
-3.32675
-1.04919
2.28025
0.04680
2.39338
0.18445
1.02363
3.87957
0.89466
-2.35186
-2.22753
0.36003
1.30718
-3.30038
2.33113
-0.40616
0.78036
-4.51413
1.80549
3.74694
-3.87305
3.75660
8.08535
3.96742
-0.12325
-0.70987
0.75878
2.59350
-2.95358
-0.36946
-1.39405
-3.33806
5.19721
4.74204
3.10355
-8.83292
4.35257
1.83615
1.98090
-1.39130
1.35708
-2.62873
2.45565
0.56263
-0.11326
-0.15388
1.29845
-0.64669
1.15246
-5.18250
-2.95995
2.85809
1.00214
-4.22070
-2.11296
-0.91198
-1.54817
-3.68464
-8.50528
5.37638
-2.64436
0.95200
-3.11091
1.80411
4.63274
0.80857
2.68890
1.27560
3.60624
-3.70676
-2.40354
0.91081
-0.30401
-8.40631
-1.62703
-5.51934
-3.35474
-8.20903
1.94683
6.24919
0.25922
-4.51613
1.64359
0.35203
4.16904
-0.66415
-0.82535
-2.86136
3.36941
1.67414
3.40984
-1.40196
4.14556
-2.33394
0.16343
-1.74000
5.51399
-2.38092
-2.69817
-1.09549
-5.00363
-3.25029
-4.85308
-1.28651
-2.44532
-3.44312
-0.53546
-3.61758
3.54453
-4.93976
2.13391
-4.43337
-1.01084
2.48225
3.03966
-0.90143
-3.74220
-1.35937
-2.30239
1.92270
-0.64043
1.16295
-3.02473
-1.09108
-1.88919
1.75850
1.11980
-6.84034
-7.11302
0.63685
-7.64804
-0.29937
1.22999
3.72251
4.48758
2.45122
6.57537
-0.78273
0.30483
1.16868
-4.89472
3.36140
-0.22360
1.86996
2.41082
-3.04772
1.87229
10.06572
-3.66770
-3.40332
-9.30604
-4.32191
0.05897
1.21633
-0.71151
1.19358
-3.71434
3.18770
6.89875
-5.89930
-4.55015
-3.88990
-5.99151
6.35336
3.95314
0.74372
-1.16205
-2.18081
2.63271
1.66983
-1.13072
-4.38616
-5.48940
4.41570
1.82199
0.65295
-0.66253
2.81542
6.69033
-1.84282
-2.10078
-1.85722
-1.57368
-1.71556
4.16271
-5.11284
0.90487
-2.15672
-4.21677
-2.68265
-2.00544
-2.57939
-4.53378
-3.06417
-5.79933
-6.54706
-0.23263
-7.17088
3.50512
-4.39446
-6.88826
0.10681
6.18670
2.78303
5.38294
2.84352
-0.75653
0.88938
4.20231
-2.76979
0.82458
4.50080
-1.15415
3.12130
2.71047
-0.44348
-2.85776
4.99714
0.28224
3.52789
-9.05988
2.79967
-7.29249
1.33832
-1.38888
-3.83711
1.90739
-3.07059
1.39792
1.32823
5.30524
1.12141
-5.92189
-3.95770
5.48364
-5.02089
-0.80513
1.56952
2.82685
-4.79384
5.65465
0.09174
6.19808
4.41110
-4.40645
5.27747
0.01251
7.51886
4.78264
-3.08960
-4.31174
0.73530
-3.55562
-2.94175
1.53316
8.46077
0.83894
-4.91236
-0.23333
-5.63849
1.88051
-0.41066
3.25224
2.92077
0.39307
-6.86876
5.44293
-7.77592
-1.93559
-2.36754
-0.66303
-5.06984
4.23130
-2.04375
-1.29714
-4.74417
3.17530
3.32832
3.85412
2.03342
-0.55474
-2.99499
7.46893
4.33503
-4.28894
-7.14102
-6.73169
1.84163
-4.84485
-4.22174
-4.20583
-2.26935
4.38688
-4.07066
-5.69992
1.74060
-2.73506
5.88659
1.34727
2.37570
3.50739
-1.39098
-2.12590
-0.57666
1.82479
-2.00882
4.20853
1.52412
-2.60829
3.04438
0.41297
3.90562
8.28447
-2.73662
-3.09622
-0.56443
-4.64331
1.23548
-1.24152
4.49070
-1.61510
-1.60815
-0.25260
2.74802
3.74163
-4.56305
1.15875
-2.28794
-2.03581
0.98266
5.86275
1.07831
1.51687
-1.84537
2.50448
2.52277
-7.44478
-3.41696
4.34884
-3.93546
2.47902
-0.85687
-2.50340
-6.73623
0.84304
0.34957
8.23413
-2.26156
6.21265
-0.70548
-1.10954
4.13333
1.27347
-0.14771
-5.36198
0.99596
-1.25225
0.97714
-2.23629
5.47828
-2.20062
-7.16735
6.20588
-2.57653
0.06426
-5.14885
-1.98064
-5.68791
3.39921
2.32658
-10.43453
-2.89349
0.34138
-3.56734
6.52929
-2.69677
2.07983
3.07052
5.93766
-2.79102
5.42945
-2.43443
-1.91685
7.23762
2.54571
-6.51697
2.86542
0.41844
7.92110
4.03420
4.78387
0.89553
5.14998
3.14459
0.69144
-0.94127
-0.01391
1.39613
-1.69960
-0.57529
4.42495
3.24879
2.75631
-0.91017
-1.56771
4.34295
-1.00728
0.81184
3.13753
-13.64759
-3.60840
-8.84952
-2.69870
5.29520
-4.03689
0.08518
0.48005
3.96604
-1.47081
6.47798
-2.20360
-3.63099
-0.43994
-2.74442
1.12789
0.37410
4.59899
-2.33212
8.45578
8.57820
1.73453
-9.17352
-5.24114
4.25026
-4.09942
-4.70253
5.43919
3.56336
1.10996
-3.83611
-4.07172
-3.04547
0.93012
-2.86460
-5.04213
-1.61977
0.24162
-0.74405
2.49291
6.91889
2.54706
-5.28781
1.17310
1.42826
-1.26491
0.02082
-3.85185
5.81205
-5.06150
-0.91634
-4.08695
-8.09768
-6.21109
-2.36378
-0.19528
-1.98126
5.08617
2.35278
-2.39780
-0.36229
3.61726
-2.41957
-1.66023
-4.60835
-3.58824
2.35602
-6.78281
-1.59598
1.19285
-1.73821
-2.31117
-3.38956
-5.99162
3.04141
2.32089
7.16537
-5.52170
-6.24349
-6.81967
-1.66172
-3.59295
-3.15292
4.27349
5.42634
2.21937
5.34432
-4.77259
-2.82430
-4.90853
-1.72667
2.46961
3.45044
4.80958
-4.94666
-4.33592
8.57189
1.82196
1.38055
-7.25670
6.37525
1.79441
-2.73429
-1.70602
5.35079
3.53340
1.58265
-3.68955
-0.13317
5.62789
2.01183
6.28239
-4.05472
1.17517
5.58971
2.54405
-7.77384
-5.13522
0.70101
7.41654
-6.33752
1.01556
3.45661
8.17368
-2.63626
-0.24816
2.16851
-5.69408
-5.33742
1.14515
6.42591
10.44569
-1.87895
-2.50374
-2.23781
-1.07524
4.21574
4.13640
3.12869
-1.01163
-3.06755
-3.10853
5.20907
1.53535
-3.51838
5.75992
-2.48598
2.31996
-5.16891
0.00993
1.20658
0.73962
-7.40317
-2.26611
-1.18836
-2.34357
1.96267
3.30362
4.50126
3.61519
-5.55881
-4.78923
-3.44853
-0.05739
2.22558
-1.54601
0.82338
8.29013
-6.24111
-6.49503
0.69928
1.72576
4.13868
1.52167
-2.77115
-3.63599
5.09543
-7.49680
5.44987
-3.43745
-6.17174
-1.68569
-4.40767
5.85875
-0.67667
-1.89822
-0.14779
-3.14098
-3.10921
-5.27503
-0.99668
-2.61225
1.31220
4.25547
0.95652
-2.39853
1.47341
-5.39503
0.05154
-0.99022
0.18545
-0.08048
4.54028
2.58931
0.86937
0.06517
-2.51724
0.69486
2.88283
2.80090
-4.20412
1.40671
0.71435
2.84683
1.34493
-2.56078
0.47000
1.49047
-5.25921
-5.79700
4.89705
-0.14716
-1.24086
-1.23572
0.87810
-4.38003
5.31055
0.29916
1.54322
-2.56436
-5.49157
1.30753
0.63353
1.44134
-2.01409
-2.12083
1.34832
-1.08554
5.76670
4.20530
-4.74169
-2.83240
-1.61474
-4.33861
6.43338
3.30132
-5.81377
3.11835
4.74597
-4.07315
-0.34267
0.98744
-0.82343
-5.71724
-0.57645
2.61638
-1.83564
4.14152
4.89176
2.74020
-6.09573
-3.01290
-4.34138
-0.05703
7.61520
4.23692
0.99131
-0.61945
-4.20414
-0.42718
-6.13237
-4.21202
-4.62096
-2.56757
8.48827
3.53047
-0.21921
0.48283
1.72364
2.36979
-2.62406
3.35120
-0.81100
-1.52683
2.88722
-2.43987
-0.80067
3.64191
-1.72079
-2.20990
0.56533
-4.20029
1.10284
0.78294
-4.12452
0.38802
1.69876
-5.08102
-6.87297
3.11853
0.33120
-0.38264
3.78280
3.26940
1.97283
0.42644
-3.69142
6.63538
-3.67833
4.62834
2.21099
1.11904
0.24884
-0.52374
1.49355
-1.72763
0.44062
-6.01841
2.86144
1.61977
-1.61627
-1.11438
-0.92756
6.66495
-1.88927
2.34242
7.14819
-3.38794
-6.42288
1.45929
3.08013
7.79844
-4.14328
-0.19674
-4.31316
2.61774
-2.45194
1.48322
1.59994
-1.51299
-3.29619
2.98013
6.81144
-1.98943
0.93034
1.48695
-4.82186
-6.15425
-0.18620
-1.29666
-1.15025
-6.35678
-1.16485
2.72634
3.45661
-0.73424
-2.47516
0.43899
6.87630
-4.99250
-2.74822
2.19245
1.13743
0.39676
0.74327
-4.18232
7.33056
-3.85870
0.10505
-0.04397
-0.89009
-4.67460
1.76153
0.42966
8.79326
1.22839
-1.96357
11.30582
-2.40329
-7.97346
6.73203
8.49425
2.62010
-7.91506
4.57828
1.07777
-1.26344
-4.75584
3.76109
3.98650
3.52313
5.99057
-3.68946
2.56504
3.46393
-2.06175
-2.38007
-0.68955
-0.54718
0.46510
2.90363
3.07397
4.71613
-1.91462
-0.22024
0.46765
0.26187
-2.14994
-1.20668
1.13905
-1.34856
2.06169
5.18479
8.18327
-2.67271
3.97374
-0.71615
1.44461
-2.07288
-5.14324
-1.39087
5.76585
-4.29696
-2.00525
-3.42335
8.56032
2.64003
-2.79367
0.13561
-4.35308
0.66650
-2.09266
-5.29054
-0.02391
-1.90164
1.23512
3.11784
-13.06483
-3.94826
-2.25285
1.44653
-1.27481
-0.74803
-1.66098
1.69436
-2.80928
-2.57476
-2.58291
-1.78823
-3.79951
8.72518
-1.59196
-2.58158
4.78387
-3.30010
0.07806
-1.10445
-3.55801
-4.02523
0.30000
2.15383
2.43016
-1.43351
-0.20889
-3.79000
0.86210
1.19925
3.83897
2.88429
-4.64038
-0.11916
2.34062
-0.65023
-3.05931
1.46066
7.67317
-1.31486
1.67060
2.50564
2.47879
4.84922
-3.61246
-6.13977
-0.05346
6.44870
-7.03859
-1.45861
-3.14408
-1.46757
7.79935
2.76448
-6.80071
0.09163
1.61860
5.19987
2.11043
-0.93853
3.27742
-0.19464
9.15526
-0.59280
-6.53197
-1.85564
4.08189
-1.88667
-1.25463
1.88017
-1.59750
1.97456
0.09932
-5.07424
6.68507
-2.25838
-2.61433
0.31150
5.31030
6.65940
6.19266
5.02188
1.74187
-0.37371
1.22072
3.12085
1.08489
-1.63915
-9.06610
4.45628
-1.17813
-1.15854
1.17217
3.15183
7.97086
-3.97271
2.26087
0.94277
4.91607
-0.34755
-8.30048
2.74190
2.70782
-4.45569
6.37853
-0.14954
0.01964
3.83648
3.93870
2.06201
2.23112
-6.33188
-5.06857
-0.22904
-2.34945
4.95055
2.18736
-0.21224
-2.77619
-3.47201
-2.04766
1.05216
-6.40390
6.39076
-6.07040
-9.69282
-2.90510
3.29667
-2.69154
6.55781
-2.69732
1.49424
0.44226
0.82886
-0.29205
-3.39911
-4.18032
-0.95154
-3.02928
-2.94538
-1.02538
-1.96422
-3.36870
-3.93925
-1.29333
-2.68769
-1.05861
-1.24532
-2.19042
1.70897
2.06819
-0.67145
5.63746
3.85418
1.67700
3.60979
3.40047
-1.52726
-2.47526
-0.20424
8.04167
-6.86758
-0.60342
-2.04127
0.05929
-8.19197
-0.46894
-1.99082
13.42084
0.38270
2.12738
-1.95939
0.87444
-1.76308
4.09972
-2.05318
3.27250
-1.09073
0.90222
-3.13380
-6.15262
0.69457
0.09863
-5.10763
-4.24552
6.18628
0.31838
-1.22865
2.21861
-3.47963
1.57873
4.99742
-0.83467
-5.90398
1.82260
2.76910
-2.49310
-2.43766
6.09665
5.00574
2.84033
-3.06463
-0.69792
-1.78293
2.73764
-1.76519
-1.05480
1.67513
-0.09160
0.38638
6.30752
-2.87982
5.94788
-0.15098
3.27153
2.42467
-1.58164
4.24504
-0.06649
3.29159
0.62287
-3.89553
-4.77540
-1.86557
-1.54759
-1.18205
-2.33812
0.36464
6.45364
0.08754
-8.72822
2.23093
7.15300
2.69309
2.33652
-3.52387
3.53585
-3.77062
-1.39715
-5.27661
-10.83566
3.91039
4.40050
-4.26367
3.84181
1.65688
-4.32437
0.88815
6.14164
-2.82066
3.43066
3.89961
4.20467
-5.49479
1.45835
1.83028
2.48136
6.83957
-4.23410
-0.50109
-7.09832
-9.36822
2.25391
-3.50327
7.40379
-2.30053
-0.11612
-3.09819
-2.16074
-2.03076
-0.82097
-2.05379
-0.85549
1.60157
3.37264
-2.02805
-7.06898
2.30465
5.60534
-0.24369
0.12415
-2.54930
-4.32209
1.32555
8.00261
3.71762
-7.78013
-3.58828
6.19433
8.71601
1.62673
5.07343
2.82218
1.80966
-3.61466
2.11966
1.97254
-3.01032
-2.48714
0.61836
-0.46336
-6.99603
-1.32821
-2.07000
3.25071
1.34892
-3.30938
2.41078
2.58187
6.38701
-2.84485
-1.61019
-2.22535
9.89607
7.41922
4.69343
-1.82397
4.25670
-2.31587
0.37018
0.72020
1.29859
1.27775
10.83659
-2.18257
-7.47342
3.38653
-2.92846
-3.14897
-3.94893
2.23121
-0.32350
-3.13375
2.03389
3.46300
-3.01775
-1.15711
2.07996
-2.82422
-3.00259
3.81347
-2.85813
2.84802
1.62698
1.22605
9.62421
-1.33226
-6.98210
1.51349
-1.70762
-1.61184
-4.55581
4.21816
-5.17471
-0.22182
-3.19969
0.81623
-0.38452
4.43121
-0.74774
-1.27750
0.61295
5.16950
-1.49455
-2.55459
3.51677
-2.47028
-0.01125
1.02245
1.33557
1.66316
3.90432
2.63708
-0.43113
5.29451
3.98462
-3.67807
-1.84587
0.42574
1.88863
0.05235
2.09389
-2.24355
9.93713
-8.00674
-1.44487
-0.12909
-5.74693
3.14489
2.47348
1.56872
-5.94390
-1.01623
3.91139
0.32324
-0.88590
5.10118
-3.95812
0.05509
-9.09755
-6.70867
0.32423
-2.74723
-2.76779
3.20429
2.76234
-3.23651
-4.02310
-6.35030
0.29584
1.06566
-3.41281
-1.21448
0.36249
-3.95526
-1.66910
0.47242
-5.95536
-3.13648
-0.27091
2.72220
3.22469
1.91776
4.68839
0.83057
-8.03767
-3.86220
3.96610
7.24376
3.93386
-0.10967
-3.23095
4.91030
9.97336
0.19676
-3.38667
3.24825
-0.90518
3.35420
-2.81694
0.22715
0.66246
3.06716
-0.53267
1.73539
-1.69422
-2.97641
-4.15806
2.53411
-6.64138
0.96911
-2.58734
-6.08773
1.04069
0.17151
1.38777
-6.59335
-2.99554
5.23114
-1.25587
3.21104
-3.07064
4.42044
-0.04643
1.46561
-1.09718
-2.69338
1.98485
6.17383
2.96711
2.20786
-0.04930
-0.92216
0.55804
7.32414
1.25532
4.73236
5.92481
-0.47708
3.69447
-5.08629
2.07427
0.12766
4.81426
-3.43125
2.66999
2.65680
-1.60902
-0.03673
3.26233
2.81745
2.21127
-2.16027
-0.77777
-2.11927
0.21155
2.62118
5.54273
-1.72382
3.05746
-1.14350
-3.19251
-0.88232
-1.54978
4.48190
-6.31325
4.51849
-0.56038
2.57125
-2.53941
2.89941
-4.59989
1.19183
-0.82109
3.80536
5.21011
2.02963
1.04100
-1.39421
4.20376
-0.01399
-3.11321
-3.12509
3.90657
5.20820
0.54232
0.29500
-4.39464
-4.41708
-1.87601
-0.57584
-4.80056
-0.21798
-1.11894
-0.66924
5.00330
4.68898
3.82866
5.06805
-3.40261
2.49406
-2.50465
-0.24774
-0.33513
-3.77617
-5.47474
-7.14423
-3.28889
-0.29869
-8.57770
0.72646
-0.54648
-4.32207
3.66193
5.32926
-0.36831
-3.32535
8.61234
6.12809
0.21594
-0.95440
-0.76898
5.18722
5.11660
-5.37063
-3.69487
0.19736
0.31375
-0.74794
7.29476
5.38730
-3.11115
1.30238
4.63601
-1.92038
0.56281
5.44579
1.23702
-7.26981
-1.87189
3.79382
3.07923
-1.71689
-5.09031
-1.19495
1.33047
-2.27422
-0.93964
0.77212
3.10219
-4.48653
-0.13987
1.89381
-0.03333
3.57752
-3.98404
0.74202
-6.99165
-0.56269
1.68673
2.50836
2.07225
-3.34474
6.19504
0.33790
3.95706
-5.56964
0.51074
5.25204
3.72626
-0.90449
-1.71452
-1.79363
-3.76234
0.91123
8.03483
3.89360
4.68348
-2.47958
-3.83945
1.84023
-2.08516
-0.33562
-0.06290
6.92658
-2.20802
2.89072
2.55188
-0.11204
6.23933
-1.98424
2.11758
8.08446
-4.62899
7.17158
7.48976
6.10887
-3.78588
-0.43501
-0.30240
0.44959
-5.94116
2.82104
-2.96321
-5.88956
-0.54074
-1.43757
2.18754
3.02354
0.12024
-9.35321
6.55251
-1.64147
6.17045
-0.15341
2.63431
-6.26245
1.17141
6.63927
2.99118
-2.07339
3.54459
4.24037
0.97218
5.50949
-4.62225
-3.10794
-0.97671
2.72267
-0.66544
-1.95810
4.51539
2.29712
-6.86069
-4.28200
-2.41164
-3.30128
2.19296
-2.97548
-2.26720
6.60955
-1.39747
4.72051
4.28373
1.06954
10.77172
-4.52976
1.29845
-2.36134
5.12177
0.44045
2.74453
-1.32300
4.59899
1.85299
-0.07207
-2.64289
-0.32175
2.63657
-2.74791
-0.42047
-3.72095
0.67042
2.44502
-0.87005
2.76551
-3.58797
-4.40364
2.51756
-0.21691
4.12140
2.39049
-4.25873
6.18354
3.13382
-5.08224
4.25932
-2.22334
6.85902
-1.47173
1.72688
-1.96751
-1.10639
4.21868
-3.97348
2.36745
-0.43337
-10.24731
0.50926
-0.93322
0.13030
-0.21913
-4.29025
1.53638
0.19392
7.32726
-2.63815
-4.44801
5.19844
-0.76911
6.86613
-2.09135
-1.98369
-0.43582
-1.64736
0.45553
10.36904
6.30825
8.49123
-3.63491
4.50526
-3.90692
2.29674
3.81513
-2.37056
2.22097
0.29829
6.63108
-3.95226
-2.95296
1.66712
7.85504
-6.03892
-2.47481
1.00842
-4.59650
-5.48535
-1.16655
-2.08899
-7.51597
-4.13963
4.95878
3.48361
1.05317
-0.75050
-1.50143
-4.92983
1.57607
2.28971
-2.10027
-3.02308
-7.47025
4.04641
-8.75453
-3.92593
-0.70168
2.69978
-1.27341
-2.11290
3.61192
1.93115
1.91641
-3.70858
1.82990
0.04549
-1.12518
2.29444
-3.35447
-1.55444
6.17415
3.05276
-2.11539
-5.31055
-0.13599
2.48141
6.07914
1.83646
0.34455
-11.00803
5.53599
7.17128
-3.36958
-4.10495
-0.04010
-6.44050
-3.94268
5.86204
-2.49554
-1.75927
5.65352
4.96377
4.90223
-0.79264
-5.02204
-3.39192
-0.90463
2.35439
7.84067
-7.44364
0.52581
3.83145
1.22134
-8.25942
3.84859
0.78312
4.54853
0.67193
-3.07401
-5.23980
3.99643
-7.81266
-0.15573
3.47565
6.00189
-0.74752
-2.63849
-4.08943
0.76690
-4.64415
0.35478
2.00959
-2.58815
-2.29025
-3.27918
-0.04901
6.47814
-7.18306
-5.18992
2.34390
-0.26376
-12.05988
-2.32733
-5.78684
-1.39744
-1.53071
-0.30399
4.67027
-7.26096
2.48775
-3.31729
-1.94578
-7.62033
-1.76155
-2.15905
-3.09559
-1.85583
1.86310
1.05383
1.36080
3.29745
-1.99521
3.49868
-3.28691
0.74944
3.90590
-2.80136
-2.34579
-1.85448
0.13621
1.19770
-2.27474
-3.90196
3.08403
4.08836
-2.13530
1.40126
-2.80208
7.73522
-0.87295
0.91260
-8.00088
-5.54613
2.70237
3.61859
-3.12055
-1.32804
-11.04275
-4.15460
-5.50374
-2.97988
-6.29388
-1.28911
-0.46223
-6.40464
0.55426
-2.37088
-7.51186
2.56268
-3.01544
-4.77141
-5.39681
0.47427
2.83031
-2.95089
-6.81808
-1.14909
-3.12581
-1.58969
-4.62050
6.68960
0.09140
-2.40034
-2.29851
-3.22519
3.03678
-4.68720
2.53984
-0.20505
-4.85834
-3.28786
5.71044
-2.54673
-0.53011
0.53705
1.05017
-0.95730
4.17169
3.02988
-4.58839
-2.46265
-0.37566
1.05818
-0.61133
4.84898
-5.63282
5.18473
0.01013
-2.41061
-2.97203
1.73210
-0.53480
-0.63427
2.33632
-2.17479
1.07785
2.03106
-0.73985
-4.84528
-5.54703
6.20691
3.23026
-1.95686
0.52761
0.42533
1.70901
-1.30362
5.23664
2.60440
-2.69551
-1.58099
-3.29945
1.17438
-0.78125
-2.64139
3.73178
-0.26300
-2.40572
-2.69676
0.14643
-4.78177
6.23540
-0.00744
-4.23265
3.21428
-0.18627
-1.88617
-1.35856
-5.72935
-1.85048
4.12689
11.45616
-4.92043
-4.35367
-5.16822
2.89659
4.77704
-5.15892
-4.57117
-3.45457
1.68916
-2.19123
1.28318
6.72968
6.32870
0.80876
-2.83343
-1.32560
0.32846
3.20664
1.19474
-1.63294
6.17526
-0.41935
-1.82215
1.16062
-4.54417
6.66293
4.06388
2.55589
-1.82395
-1.89986
-1.91924
-4.98245
-2.62432
4.99223
-2.88424
6.02689
-2.68639
-0.05683
-0.79447
-2.67624
-2.00934
0.06965
-0.44466
-3.04526
-0.47702
-2.31075
6.94907
-2.93625
-3.47835
-4.15520
-4.81650
1.79886
-5.28941
3.78458
-0.26379
-1.33053
-1.22937
0.47581
5.19886
-1.85192
-3.62453
1.22015
-6.85484
-1.53189
2.09688
-7.96390
-0.16294
-4.93175
1.02392
0.54596
4.21886
3.73525
3.40933
-2.69989
0.31254
-1.76107
3.61994
-0.81741
5.29019
-6.03605
-4.20189
-4.87605
-2.31523
-3.42000
-9.83190
-5.16956
8.31525
0.04289
-0.01272
3.55644
0.92554
-3.08286
4.04494
5.09074
0.27257
4.23639
-0.53567
0.96198
2.87427
-4.22971
-5.16986
2.16036
-2.95580
2.12748
-0.95347
1.60258
0.61239
1.32267
2.87740
-0.50290
0.51334
8.21682
2.51801
0.04402
0.53662
-5.87250
-3.07574
3.43245
1.33137
5.84883
-2.88945
-4.75047
3.52152
-0.44999
-1.01863
2.70918
0.33777
1.26055
2.71819
-3.41861
-6.91757
3.14505
2.85282
0.62169
-2.08943
-4.28215
3.20612
0.18203
3.06894
3.97984
-3.12747
2.60277
3.98464
-1.43858
-0.72741
-5.97808
-3.48739
-7.16123
1.59456
-1.88174
-6.21757
3.64086
0.54623
7.59227
1.32397
-5.50553
3.28618
7.51611
0.67297
3.24859
2.53326
-0.23361
3.10361
9.63901
-2.20756
-3.15425
5.80577
-1.03912
-1.12690
1.72347
3.30756
-4.25168
-3.60474
1.97116
2.73381
0.01393
4.29834
-2.04581
-3.09838
4.68173
-2.63726
0.24218
-3.74830
-1.31220
-2.36096
0.24144
0.17534
-2.88715
-4.41040
2.47356
5.00447
1.91857
-3.32202
-4.10752
-1.37890
-0.49109
-1.51508
-3.88856
-10.42952
-2.49454
-3.60006
-0.76857
0.04138
1.13157
-2.31601
-6.72299
0.84283
1.25289
4.03648
-1.00767
9.15237
8.09655
-6.77949
-0.08629
-3.36420
4.12856
0.99177
-2.54352
-6.42733
2.97473
-2.13393
3.40155
0.23129
-3.60167
0.35778
-0.27415
0.94345
7.72157
3.37841
-3.09846
-3.22537
-4.62679
2.78090
1.70963
-8.49981
6.08875
-2.17513
-1.56657
-4.47449
4.44671
-6.48705
4.46249
2.06371
-1.06990
-4.89344
-0.51910
-3.92148
1.61299
-4.76484
0.06075
-1.46922
0.93146
1.57506
-1.72085
-2.34626
-0.60405
7.88859
-2.08926
-2.48982
-2.43358
2.64531
1.07139
-3.23018
0.13379
5.03243
-2.55506
0.48891
3.71104
1.13391
0.00795
6.56102
-4.50434
-2.22715
2.85513
4.17253
-3.05770
1.86352
3.46633
-3.11983
-2.59865
4.64060
3.38039
-6.52408
-2.48460
-4.94979
2.73272
11.56043
-0.05305
5.25408
0.62366
-1.92386
1.85084
4.28709
0.50968
-4.27083
-0.42400
1.21245
1.24982
-1.63568
9.00778
2.32854
6.01454
5.48751
1.27987
-2.02512
0.81918
2.62854
4.87592
-4.01145
4.18692
4.43723
0.90347
4.12447
6.33692
-2.12368
-2.85996
-3.75044
2.31013
0.65602
8.71447
2.35808
1.19585
0.41838
2.30259
-1.41407
6.29380
-2.89038
3.79243
-3.57335
1.84879
-3.52094
5.18232
-7.50412
2.92512
-0.33070
-1.19731
0.82476
0.81134
0.63443
-0.86509
-0.43562
-7.71137
4.85141
-4.15778
2.01104
7.87518
3.92917
-0.57186
1.13036
8.60195
-5.43841
-1.67311
1.73932
-2.82724
-1.96968
-0.83772
-5.56669
-0.33969
-1.06277
1.69458
2.51914
7.42249
3.07059
-1.75284
-7.30448
1.73597
-1.71349
-0.97108
0.00639
-2.08116
6.58923
0.82833
-5.15176
-6.07933
-0.28678
-2.59131
2.88085
3.45353
-7.68087
2.24773
0.00993
2.38028
1.60811
1.65564
0.26638
-7.67779
5.42204
3.89028
4.96051
2.29717
7.87542
1.48876
1.44857
-6.09333
-2.32786
-7.49749
1.99188
-3.62924
-3.46548
3.59638
0.37274
-4.56718
-5.36624
2.53817
-2.85551
2.23334
0.80574
-4.80532
2.17425
-5.84241
0.06208
-1.80383
-5.16552
0.57677
0.83873
-1.31786
3.34166
-10.22548
-0.38210
1.02295
5.82310
-4.76745
-2.55822
1.17417
-1.79749
2.94915
-4.28813
5.12152
0.37860
3.19952
-2.60173
3.20470
-2.02614
-2.81579
-3.50244
7.14567
1.23827
-6.30267
-3.96894
4.77987
-6.03513
-0.15525
-8.54144
-2.02449
2.31199
1.11858
2.50571
1.95108
-7.87723
-5.47044
-2.74676
2.74451
-0.52174
6.79674
4.92165
-2.33060
-2.42372
0.18793
3.65845
10.45240
3.45621
-1.78157
3.08805
2.92501
-3.57952
4.81175
0.79349
1.40178
1.78238
-0.26233
3.47046
1.40518
9.70513
4.25936
2.01899
1.87080
3.01875
0.38472
-3.55839
4.17114
-2.48661
4.26216
3.69448
0.68853
-0.62172
3.48070
2.40841
4.85721
-5.12059
-5.86983
-6.17693
-2.16600
2.08660
-1.64568
-1.74935
1.45638
3.81876
-1.90221
-4.25144
1.04634
-2.53209
1.23002
0.04624
-2.18293
-3.64903
-4.28370
-4.33908
-4.23084
-1.67240
-3.04768
-0.39100
1.11254
4.77135
-8.11199
2.58144
-2.53988
0.73506
2.13713
2.15888
3.83968
-5.03765
0.16505
1.07805
2.58810
-6.93619
-0.22107
1.60975
-0.33081
3.00297
4.11068
-0.12655
0.90425
0.05708
-3.06216
7.84533
-5.62227
-0.11441
-6.75735
-2.13948
4.21573
-4.49958
-6.26841
-3.14191
5.78913
-1.06534
-3.54683
-2.96777
0.31321
-1.85132
-2.33725
-0.64050
-0.17657
1.26232
4.70181
-6.24372
9.86649
-1.80894
-0.20639
0.80743
-4.08944
2.34044
3.16255
-1.31785
-2.02574
11.28597
4.61825
2.94048
-1.66434
-1.66429
7.97482
-3.57367
7.30195
0.28621
0.17654
4.39743
-6.91280
1.56061
0.86163
-8.79288
-2.90762
0.07565
-6.14064
-6.57796
4.17556
-0.27333
-2.18235
2.24236
-1.63913
-1.27055
0.66877
3.00503
-4.77529
0.79796
0.87276
4.55182
-4.14822
1.49747
2.09202
2.64661
4.94458
-3.74995
6.46261
-6.55457
-1.61022
-0.61489
-0.18507
-4.77642
2.03065
0.28887
-0.86954
-5.78014
-3.83360
4.18055
-1.65251
4.18632
-4.97609
-6.17545
-1.25726
-1.88264
2.07885
-0.68771
5.00065
3.08684
3.10229
-1.41363
1.43431
0.52334
0.68095
-5.81032
-2.01612
1.79193
3.49990
-3.11776
0.58585
-0.76999
-4.60572
0.93167
-2.57278
4.97973
1.64521
4.88754
0.05932
1.67460
0.87497
1.49209
-1.65957
-5.57876
-2.02744
-7.44278
6.51176
4.41528
3.94199
-1.90594
2.09693
5.73674
2.85496
2.55663
-2.74560
-2.68854
2.23015
-5.45884
1.80430
2.75914
2.43934
1.89421
3.96673
2.62216
3.92706
-5.06287
-10.09999
-2.75533
-2.29733
-3.20313
6.59726
1.06522
-5.50295
5.55416
5.79253
-7.32500
-4.44787
-0.66113
-6.18260
3.69382
-0.84776
1.50174
-4.10459
0.38538
1.61898
1.75693
6.08358
0.88017
3.82007
-1.21005
-6.13401
-3.50638
7.55139
-6.04472
2.49800
-4.99830
-0.18616
0.78393
-2.74987
-0.94449
2.48667
-1.01819
4.81755
-7.25863
0.80492
-6.18179
-6.41370
-6.21506
1.60563
0.58585
3.83074
-7.34919
2.15646
-0.45042
1.34971
0.92212
-1.49021
-2.42944
0.97096
-0.52252
-3.65843
0.85181
-2.44855
8.68560
2.80500
-6.02044
1.63839
-2.68183
4.66029
-1.05154
0.63133
-2.97875
-2.16880
-2.93836
-1.78237
-1.06836
3.27734
-1.52336
4.63969
2.00042
1.86367
3.89446
-0.23355
-0.90549
11.14567
0.73405
-5.27484
8.60641
0.86822
-0.69380
-2.52765
2.70703
-1.16150
-4.05425
-7.40649
-3.31262
4.39217
-7.57483
-0.61305
4.43626
-2.18005
3.72740
2.45524
1.72393
-1.59631
0.30714
-2.68785
12.40148
8.99198
-5.49352
-2.21550
3.29280
4.32699
1.96519
4.70871
0.50763
-0.67654
0.40799
-0.37020
-5.36869
-4.12078
-0.82230
-0.03245
-0.53876
-0.16856
-2.71886
8.31445
-3.66655
-4.54112
0.84085
6.19019
-3.72240
-2.20299
1.39673
5.12839
-3.12702
4.52755
-3.64918
1.09543
3.61387
-5.55107
-0.59925
2.84233
-0.00937
-4.07116
-5.75847
7.87247
8.51138
-0.43563
0.02754
-2.16289
-2.10381
-5.19156
4.19718
-5.60154
-3.26157
0.45200
1.60144
-1.83014
-3.35307
5.22251
-0.22748
-2.19063
0.40238
1.55834
-4.10238
-0.56497
3.30007
-4.57388
-0.08345
-2.00431
-0.79944
-5.74008
-2.40827
3.71865
-7.70286
0.40135
4.78866
1.31860
8.41683
0.21276
-1.22163
-5.22897
0.09305
-1.97786
1.72226
-7.45960
-2.53209
-6.99849
8.27382
-2.67442
-5.77838
5.08220
0.73996
-1.31532
-4.28045
4.06039
5.04971
2.71037
0.49866
-2.13263
-1.71934
-2.00729
2.18393
-0.19076
3.60628
7.01093
-2.94957
-0.69640
-0.76515
-0.96073
4.56469
2.61482
3.92675
-0.23669
1.31566
-0.37032
1.82938
0.15274
-3.96274
3.67203
-7.82507
2.58772
-6.33491
0.80336
1.54923
3.93206
-7.36515
-1.91809
-2.87588
4.17312
-8.41072
2.19007
-3.07970
-2.32729
-1.68699
1.84905
4.52074
-2.69088
-3.33375
1.12326
1.97261
-8.97954
-2.97271
0.85645
1.56056
2.09619
2.29126
-1.27613
-3.83646
-1.23610
-5.80606
1.43104
4.49357
0.13063
-0.14539
5.60338
-7.71080
1.84396
6.07178
-1.54054
-1.54600
-2.06710
-0.64961
-2.98478
-3.23762
-1.88357
3.80653
-8.50873
6.22237
0.10190
-2.47431
0.68287
-5.68405
0.35151
0.36663
1.24640
-3.27921
-3.49900
2.45491
-0.29155
-4.11530
-0.10273
6.82745
0.21806
-3.92746
8.78450
-6.33789
-4.67471
-2.77141
-2.68700
2.58270
1.09180
-1.72871
-0.65522
2.90427
-2.84682
-2.90342
-2.03696
3.46461
4.25417
1.37199
-4.91557
-0.30881
-4.92781
-1.11228
-4.60836
2.85249
2.68402
-7.26209
0.82456
1.96347
-1.61221
5.59402
-1.11626
0.89673
0.71303
1.39453
1.97271
1.21869
-5.21825
-1.54923
0.06817
-1.45727
0.14495
1.15359
-1.21971
5.40898
0.08198
1.35944
-0.54577
0.72066
-0.92738
0.40876
-1.70690
2.63464
-0.04518
-1.70775
0.46299
0.70926
2.92036
-6.78598
-1.29423
-1.91121
2.03206
4.05011
4.08055
3.16212
-2.21353
4.19022
-7.34875
-1.91388
-2.33482
-3.39343
-0.35055
1.60119
0.99776
1.91740
5.45833
-1.97209
4.95857
-0.00411
-6.33098
-5.42762
2.67033
-2.05654
0.20177
2.49912
1.97527
-2.47442
-2.55756
-0.96667
-0.49816
-4.11266
9.00140
4.92787
-2.36022
-2.07412
2.34901
-1.73758
-1.49966
-3.26959
0.58991
-4.64081
-2.42738
3.80219
2.40808
-4.48622
-1.14346
-5.13078
-3.34127
-0.82412
-6.61360
5.23141
5.75056
8.91289
-7.22522
0.69812
-3.33574
-0.09644
0.87580
-2.23579
-0.90983
-1.23566
-0.46761
5.09791
-4.89209
-5.16678
7.74584
6.27726
3.39918
2.55536
-0.45326
-3.12214
0.35242
-0.91260
-1.86663
-4.52569
4.16607
4.63471
1.96520
-3.42262
-2.37788
-1.60052
0.12992
6.12826
-5.38421
-0.77552
3.29844
2.01697
0.82344
4.57664
1.12034
4.49537
7.35717
9.32134
0.00849
-5.31432
-5.49663
-1.52739
1.34559
-1.70060
3.36161
5.25334
-4.36796
-0.61013
-1.08671
-3.48353
0.73749
2.47758
-10.61183
5.28022
-2.95583
4.54449
-2.68354
-0.36850
-2.19032
4.20935
-0.08529
5.91447
5.93559
-0.43803
1.18550
-3.48498
6.34901
-9.22559
2.66824
-2.83502
-9.53660
2.96130
6.62877
-0.97554
-0.49266
-0.80212
0.28312
-5.09929
-3.02358
1.34646
2.08960
4.65147
2.25972
4.77614
3.70330
-3.09127
0.89510
1.66002
-3.14690
-8.26701
-2.48079
-1.46434
0.70089
-2.28402
7.20102
-0.49490
0.92493
2.22580
2.17183
1.70253
-0.45373
-2.93195
-2.24245
3.92859
5.36519
6.57975
-1.80737
-5.21145
-4.47677
0.41093
1.23228
-6.14120
-2.33496
-4.05187
-2.32639
3.73987
0.25323
-3.41393
5.52745
1.92132
-0.96932
-7.61125
-4.22008
-2.95720
9.54955
-0.92512
-0.58791
-0.24130
-0.54979
2.55196
-11.20418
-2.21489
-1.10262
1.60975
2.53476
4.46656
-1.65957
1.64732
2.19746
-2.63751
-6.21594
-3.56407
0.84431
0.69802
1.45815
3.26828
-2.39554
-2.94064
-2.29624
1.65365
-3.49617
1.05338
2.48962
-1.08833
0.98278
0.12309
3.50052
-3.85885
0.57965
4.09815
5.76291
1.76155
1.23282
-8.19509
2.96934
-3.60357
-2.28806
-4.24725
-1.30512
1.69821
-0.57551
4.11870
1.55523
-3.52671
-3.96435
-10.97597
4.61855
0.17478
-3.10180
-0.67472
-2.98250
0.89782
2.03346
-1.22843
-0.33663
-1.94185
1.61623
-1.81948
4.30920
0.64352
-7.48724
0.38263
1.52467
-4.52965
0.67696
-0.00276
-5.62314
1.09301
-1.62244
0.22979
0.38996
1.05245
4.38181
-0.67406
-5.87644
-0.30512
-2.05602
-1.21330
3.23191
-4.04607
-7.07942
10.76957
-1.62345
6.23940
-3.44982
1.09476
-6.43901
6.95407
1.03383
0.15107
-2.94505
0.60181
2.65517
4.31787
-2.21377
-0.72948
-4.59735
0.96042
0.82486
-4.05767
-0.90649
-4.91388
-0.32516
3.84962
-4.75869
5.30906
-1.03942
-4.46150
-3.50890
0.48093
0.89864
0.43687
6.23703
5.07147
3.58177
2.53560
-4.18193
-1.65173
-5.30907
-3.45612
1.71206
-8.45536
-5.48992
-0.00224
2.00769
-5.23997
0.90111
5.07469
-4.93212
-1.80416
0.11544
-7.68184
4.59606
-8.99429
-2.49573
-4.95476
-4.95022
-9.72405
0.68069
0.74949
3.09366
-1.29683
0.75149
-1.34843
-1.87552
4.00996
-5.91195
4.50616
2.01455
-1.80385
1.96840
-4.15906
-1.81774
-3.86235
-6.58344
-3.70445
2.97737
7.32596
5.35024
-8.80597
3.32774
-0.81480
-1.76524
-0.38227
-8.52568
-5.62774
4.82735
0.17715
5.16929
3.30831
8.58141
5.44039
-0.83825
-4.97406
5.76435
-0.19585
1.53729
3.94981
0.83035
-0.28169
0.19569
-1.23945
-1.89808
8.96794
1.24622
-2.03892
4.15771
5.87254
3.78217
-0.61578
5.25326
-0.73643
-1.48023
-3.05495
0.73250
1.97851
-1.41266
-1.07480
0.52965
3.02203
-0.83710
3.83272
5.80562
2.93542
1.16278
2.76520
-1.60660
-5.22114
-5.18727
-6.02313
0.32481
7.50303
-5.49111
-1.93523
-3.26677
0.50637
5.36181
3.27748
-3.41952
-4.88056
1.71481
6.16816
3.06819
-2.68282
0.64021
5.12787
0.28958
7.88918
-1.28668
-2.22207
-7.92571
-2.54393
-7.34886
-11.44672
4.24041
4.61564
-2.61217
-1.03051
4.01963
-0.31585
-0.22352
-7.08666
-2.26144
-0.33348
5.58754
4.69686
0.03272
-7.49218
-3.04722
6.04288
3.45955
6.32255
-3.53057
-4.27549
3.99731
5.40349
-1.47822
-2.68181
-1.16093
3.53949
-7.14939
6.68679
-2.27317
-4.02170
0.93147
-3.25808
-7.32191
5.41219
-2.90929
0.91076
-0.61842
-2.69642
-11.48155
-0.72928
4.38462
-4.49573
-2.22136
-2.37365
-0.22268
1.86447
5.24626
0.02722
-2.48480
-0.35317
3.59838
2.22883
3.14885
-7.81607
-0.32980
4.80218
0.86452
-1.18268
4.89526
4.31509
9.85669
6.46528
0.49613
8.27662
-3.03195
-3.57083
-3.79726
-0.70996
-2.77113
5.30124
1.45933
7.87283
1.02502
-0.45173
-5.63491
7.96519
4.48582
0.19156
-3.51690
0.91362
0.60040
2.78296
-0.38528
-7.36288
-0.26856
1.35040
-0.89095
2.51478
1.56172
-5.98220
-1.57908
-1.75295
-1.24707
-4.77820
-6.43141
-2.50532
-3.51090
4.50636
-3.03356
-6.00827
-0.54997
-1.45868
-4.67701
-0.55456
2.97315
2.19455
2.70217
-0.71588
2.96916
-7.95556
-1.23668
1.34607
6.08852
1.54156
-4.76715
0.37916
2.22359
-2.26044
-1.61586
-0.09027
3.92122
5.42166
-3.14295
1.26258
4.12927
2.77692
-8.60386
-3.80630
1.62092
-2.40746
-1.46194
7.23637
-2.19537
-0.41209
0.11638
0.44275
1.43941
-9.99947
1.85883
-2.37398
4.16656
2.73612
-3.05200
-1.09842
7.14054
3.06947
-1.84929
-3.50074
7.05666
3.63069
-2.28732
2.66059
-0.10815
-4.82086
-4.94870
-1.58687
3.86430
0.86760
3.54951
-5.43786
-0.39331
-4.17478
2.11929
1.55791
-0.84962
-5.19243
2.63488
-4.15629
2.36293
-1.70408
3.54671
5.61765
2.23461
0.00019
-0.25010
4.49508
-0.18518
-4.39461
4.57652
0.28047
0.87467
2.51295
0.27507
1.51616
3.82053
-3.47272
1.09844
-10.44760
4.38128
-5.53885
4.93390
-1.01697
-2.45678
-3.48096
-4.52240
4.10742
7.69834
1.52904
-2.05763
4.30075
0.24197
8.59061
-3.82440
3.99508
0.77359
2.54459
-1.77993
0.10003
0.14341
0.33090
-3.01756
-4.90958
1.86818
-0.95027
-2.73707
-4.05827
8.88260
1.58642
-7.34766
-1.70297
0.54655
-0.18438
0.51958
-5.29643
2.58505
-2.43546
0.77670
4.87590
2.43000
-2.44696
-4.82407
-1.73178
-1.52730
-0.03446
2.13784
-1.54115
-1.24515
-11.88646
-0.58041
1.40536
-4.75413
1.92652
8.61909
-0.57643
-4.26039
-0.17685
0.09661
-5.53927
1.45952
-7.02249
3.56473
-3.89802
8.73576
3.92109
1.04105
2.50073
-0.03288
2.90683
-0.80014
4.31675
4.11853
2.34953
-3.52050
0.51993
6.88009
-1.22854
2.97849
0.28799
-3.90468
4.49973
-0.13678
2.90918
4.68929
-2.85008
-1.02675
2.14088
-1.15311
12.38870
1.71202
-3.18374
0.97046
1.31367
-0.96958
-2.54448
-1.41405
-2.88788
-4.21946
2.26679
3.27396
-6.07087
-2.66617
3.53059
-4.21339
0.67615
-2.70105
-1.56666
-2.33681
-8.05903
1.08485
1.21101
-0.95151
-1.98774
-0.54098
1.90286
6.93096
-0.29323
3.10352
0.99957
2.57267
1.97055
0.00710
6.44528
-3.75250
-4.23410
-2.45633
-5.66104
2.65255
0.14598
2.86474
1.26258
1.46940
0.99626
-2.93291
4.64001
1.64515
5.17970
-2.13898
5.24687
-5.36227
2.81573
-8.70224
-5.85303
2.58359
4.55245
-1.81165
-4.41246
-0.73772
-2.21250
1.72680
4.06307
1.74550
3.92267
0.69237
0.53940
2.03244
-0.02112
1.01906
-1.87060
-1.45464
-3.60296
-3.64930
1.81638
-1.25618
9.72357
0.00548
-1.76147
2.78079
7.39798
0.00129
1.90897
-0.14778
3.36118
-5.04796
-0.17996
-1.29574
5.96388
4.83511
1.19176
0.68136
0.85667
2.25191
2.71976
-1.42627
0.96820
3.73189
1.08825
1.11846
3.92254
-2.22030
-1.89956
-4.49819
-7.25269
1.30508
-1.41833
1.42467
-1.56504
-4.27717
6.92688
-0.19725
0.11350
-3.56401
4.10740
-0.38520
-4.32780
0.21761
-7.23223
-0.94994
4.35911
1.59662
4.42229
-4.05907
-4.36788
-2.37614
2.74679
4.46876
1.46959
-1.44366
1.61034
-3.27418
0.91848
0.12235
0.37089
2.72151
1.28461
-2.66294
2.23837
4.77610
6.77656
0.99948
-1.18059
2.38213
-0.67367
-0.44563
2.04906
1.88466
-0.88529
-6.54871
5.55267
-2.26913
5.31317
3.32044
-0.74421
2.05909
0.06178
5.47272
1.73071
-0.74363
1.01274
-1.64123
-2.81706
-2.02905
-5.47923
-4.63178
-1.20597
-3.32975
-1.10212
4.92678
0.29863
-3.32407
5.99518
-0.81083
7.75413
-1.72468
4.46997
4.92595
1.32914
6.65582
-2.71541
0.71147
1.65727
-4.02403
4.72560
-1.41194
10.19447
5.40835
6.05646
-1.89691
1.96880
1.75006
5.32436
6.38336
2.16205
-2.65259
4.88278
-3.31104
-2.36450
-5.28239
-0.96833
1.83454
7.20446
-10.41606
1.88711
-0.70880
1.15457
4.11083
-3.40925
5.25970
2.84014
-3.06229
-0.10507
2.73960
0.37847
1.64138
0.95297
-1.57001
3.42659
1.16487
3.72347
-3.82193
0.74853
-0.26223
1.21272
-3.49707
-2.19592
-4.16717
-2.12321
3.98887
5.50112
-4.11209
3.04014
-0.38740
0.86668
-5.80947
-8.26538
-0.32830
3.12999
4.31337
-1.11289
1.11866
2.19363
3.75806
-2.30990
-4.64989
6.26680
-3.89395
2.43235
3.02786
3.39980
-2.94010
-1.23339
-0.38883
-1.94694
-1.20002
-4.57633
4.23005
-6.98427
2.61621
-5.76228
-0.02382
0.09533
-9.61831
-0.38389
-1.50912
-2.14212
-0.94740
-1.27037
-3.38053
1.69749
-1.75668
-5.43543
-1.44443
1.81715
-0.91178
0.11247
-6.04775
1.76151
0.96629
-5.40651
2.05531
2.12675
1.71292
-2.66887
6.22040
3.62544
1.77459
-1.26828
4.12588
-1.68910
1.62510
3.23925
2.24132
0.58575
-1.75911
3.79259
1.37985
2.32973
2.71992
2.44970
-0.68002
1.50939
-2.59034
7.52457
7.62039
4.46640
1.72282
-3.01518
-1.22763
3.15975
1.12833
-0.20269
10.12908
-0.09740
-3.00366
-1.35647
-1.30126
-0.37602
-0.41164
-3.43133
-1.01022
0.16325
-1.55537
-3.67620
3.91864
-0.71427
-4.47902
-6.77168
-2.46431
3.57234
2.63516
-1.26545
-3.91192
4.37679
-3.56734
-1.41376
-0.68452
-5.44082
-5.59947
1.30969
0.38874
1.95323
3.15967
3.61919
-6.40828
0.09698
5.29497
-1.88927
0.78765
-3.66707
-2.44632
-3.00458
-1.59351
-7.17576
4.83052
0.14552
-1.25703
0.79347
-9.78344
-1.88059
-0.56256
-0.57329
-0.75469
-1.58058
-3.39161
-5.74491
-4.02018
-2.80597
6.33678
1.27850
-5.43246
-3.08042
-3.06874
6.46980
-2.95105
1.09243
-4.60898
3.06321
1.33278
3.44855
-3.38083
-1.71756
1.20912
-0.13604
-1.51240
-2.42647
7.87162
0.86450
-0.45318
-5.94045
-3.63761
-0.40642
-0.19721
-2.07939
-4.23061
-4.22194
0.70541
4.01518
2.93936
1.06845
-3.36004
-1.37442
-0.24715
-5.14865
-5.44634
-1.24778
1.29597
1.14988
2.72385
-3.89912
-1.52536
0.67110
2.16952
5.18909
2.21372
-0.12353
1.93669
4.10725
5.81034
4.75689
5.88774
-3.43371
-3.78461
7.24812
3.85035
-0.04439
-0.26685
4.69340
-4.10981
3.85366
-6.51995
-1.70189
-1.06345
0.74415
-2.66264
-3.21747
5.48278
3.91561
-1.39809
1.86658
-0.79305
2.21899
8.93996
1.98838
-0.47350
-4.65959
-3.69386
-2.43934
7.72572
2.37342
-3.62102
2.04252
-6.37500
-0.90542
-0.47265
-5.29139
6.06312
8.07144
-5.52925
3.22600
-5.36675
-0.74963
-4.53332
-2.25612
-2.97336
2.15552
-5.29842
-3.10018
-4.88065
-7.02507
4.25661
-5.92776
0.01990
-3.24154
-2.69851
6.67676
-0.07202
-7.24285
-5.16830
-0.22592
3.77091
-5.92814
5.44846
-2.31088
1.35516
-1.23109
0.05180
-0.72855
1.56085
5.12717
4.51619
1.34573
4.89238
3.42829
-3.28714
3.02562
2.14575
2.09041
5.79651
0.42315
-0.83443
-3.53680
4.17332
3.06924
1.32944
5.04966
-3.17420
-7.08410
-3.25908
2.67110
1.14993
-3.73465
7.61877
1.13324
-2.65601
4.63902
-4.17405
0.90751
4.60802
-6.09922
-5.96144
9.81081
-1.69947
4.04692
-1.87171
0.51921
3.92774
-5.89382
-0.98133
0.64068
2.57638
0.58163
0.95530
-2.15845
-5.36789
4.26644
-0.04282
-1.86181
8.60329
6.42718
-2.75859
-3.25898
7.43702
-2.82285
-1.88800
-4.74773
3.82671
0.87477
-8.96375
0.19570
-5.12662
4.44906
-5.26691
4.37207
-2.08983
9.40552
1.32966
0.76361
-0.99161
-6.91521
3.21961
-0.76320
-6.82104
-5.29948
-3.27163
1.39658
4.30625
1.22022
-8.47363
-8.15801
-4.58132
-4.14733
0.52322
-1.79597
6.83644
-4.20777
2.33145
0.68278
-4.56097
-5.15950
-3.80508
-9.34834
4.36033
4.39190
4.69358
0.00653
-0.66836
6.15254
-0.63736
-0.33109
2.99941
-3.08045
-1.18972
-0.05186
4.92534
-0.46854
3.71288
2.39781
0.80089
3.86629
-4.25042
1.19000
0.87464
5.28469
4.34472
-1.43292
5.45128
8.13007
2.53513
0.57273
-3.38238
2.03953
2.71288
5.65008
3.94531
0.04075
6.79867
1.72762
1.24732
1.98870
2.52765
-1.85614
-2.89215
-2.22818
-6.05018
-1.74492
4.51983
-2.12308
0.01032
-7.34143
2.03183
-8.05151
1.55559
1.29979
1.29805
2.09234
0.43637
-0.64173
6.40952
-0.38927
8.29151
0.33935
-2.80152
-0.07904
-1.67033
-5.12794
8.65016
-4.67318
2.34000
-8.38628
4.19515
0.17611
2.85365
-2.51718
-7.78755
3.89487
-0.36715
-1.71627
-1.11966
0.68670
4.47160
6.84378
-2.04171
-2.29536
1.35762
-1.00393
-0.29782
3.57863
6.03187
1.73274
0.52883
-0.97225
2.94234
10.94229
-2.06256
-4.83989
2.83034
4.69151
-0.81794
-0.46865
0.65407
1.38640
5.60578
1.24293
-0.97368
-2.36766
0.28394
-0.40417
4.00613
-1.28671
-3.71565
-0.08611
2.20805
0.35749
-3.15717
3.98743
1.28625
1.20537
2.08633
0.19486
5.73196
2.06899
-2.03038
5.39762
1.48482
3.62610
-2.69119
-0.85115
-4.14728
-2.72211
5.44509
-6.87131
3.92330
-4.12266
-1.97532
-1.15233
2.27019
-3.84211
-3.35241
0.33059
5.13960
1.86058
-4.11641
4.24608
1.60708
2.09378
-5.28859
3.49344
1.41379
-4.75747
-2.52319
-7.96993
1.84865
3.06694
4.33251
2.55619
-0.98252
5.63199
-3.86895
4.83214
0.01722
1.84119
-0.13049
1.11099
9.53383
-0.18601
1.51294
2.27167
2.54375
-1.11389
-7.10689
1.06347
-0.11171
-0.40116
1.99816
-3.25354
-3.46649
4.48900
2.06566
-5.29871
-1.84631
2.87085
2.19540
-1.60149
6.98057
-6.19542
-2.92713
-0.43584
-0.67959
3.66556
2.72251
6.46643
1.31273
0.18935
2.46249
3.93434
1.90171
-1.58518
-0.79554
-1.73907
-9.16660
3.09938
4.59909
-1.85466
-1.33481
-0.74329
-1.56551
-2.96435
11.41107
-0.49795
-0.51419
4.48975
-1.78298
-0.18730
1.81436
-3.81322
2.98813
0.62862
3.39975
3.76954
-3.38700
-6.00351
-1.48748
-4.53284
-2.76371
-3.63769
1.40939
-1.98193
4.88212
-0.81375
0.84213
6.23842
-1.95352
2.89399
-0.65821
-8.55804
-1.32773
-8.34928
1.19930
4.61829
2.57184
-1.22823
0.58754
-4.26766
-11.51382
-2.75472
2.53838
5.57449
-4.33436
2.05952
-9.58152
5.91371
-0.17770
-2.85399
0.77692
5.09962
2.67970
0.70228
9.50442
0.37645
-5.14900
1.31672
-2.26510
-2.46241
1.62006
-3.47227
-5.19346
2.84716
-3.93106
-2.74986
2.61579
0.31038
-1.23115
2.08704
-0.13120
-1.02258
-1.62126
1.63146
3.82385
6.48207
2.52432
-1.96194
3.64584
-13.29630
2.71820
5.12539
3.99320
-5.20726
-2.04534
1.25109
-4.96234
6.29785
-1.96409
-3.91511
6.63647
-5.90346
-3.98730
6.47172
-10.32602
-4.95400
0.18682
-1.09368
-3.79502
-5.64416
-1.34335
2.29817
1.18273
4.53653
-5.93952
-0.71198
4.61941
-2.12450
-2.71775
0.42701
-1.72606
2.59115
-2.72196
-11.21081
6.24819
3.34054
0.96667
6.31591
-3.47970
1.66327
1.24524
7.92387
-3.76851
5.99631
-0.05600
-2.08891
4.22975
-2.65855
-1.45787
-3.63208
-1.92597
-1.90083
-6.13331
-2.22491
0.36037
8.03826
3.90346
3.02396
2.16312
0.07373
-4.24254
9.78840
-0.22092
2.43499
-1.19350
6.14598
-5.07961
0.75076
0.88030
3.84232
1.11512
-5.13616
1.32036
5.65692
-1.75276
1.83060
1.66114
-0.19066
-5.09087
3.41574
-3.91261
-0.09413
-2.62269
4.00628
-0.58844
-5.36708
2.89510
3.00044
2.64995
-1.61881
1.07359
-3.40956
-1.40781
-1.38106
-2.35358
4.34396
2.42531
-0.73853
-1.05081
-5.48076
-0.71116
1.85951
2.35519
3.47426
0.17211
-0.73290
2.79344
-3.16695
0.84767
-1.01311
6.26403
-0.43006
5.08756
1.44569
-1.58093
-4.79682
-5.52241
-0.25333
-1.82472
-0.46512
-0.50776
6.63583
-0.40514
-1.90378
5.47568
0.98099
-3.46626
-3.20420
6.00148
-2.80490
-3.15640
-2.21701
-4.41588
4.51330
6.14428
-3.58175
0.90370
-1.27287
-2.34444
3.17620
-1.32570
4.27079
0.82602
5.25925
-3.12717
-0.56829
0.90212
-6.46210
6.86400
-1.25770
3.34941
1.84767
-7.66717
0.92506
1.61912
7.78187
2.00772
-3.79351
-1.84295
-1.91089
-0.51784
-2.01211
-3.54936
-2.24260
-4.12041
-5.30161
0.93517
2.83690
-1.92624
-6.88302
-0.92733
-3.73847
-2.74856
-9.81869
-4.64934
1.77054
2.22394
1.64116
-3.53513
-2.35281
5.99820
-3.09950
-6.49066
2.28580
-4.13612
1.55462
-1.97290
-2.85251
2.85201
1.23126
5.70796
4.62432
2.72101
-3.01083
-0.99980
-0.45545
1.55857
2.60913
1.30744
2.78250
-0.41599
0.76743
3.71015
2.04898
-5.43406
1.88067
2.31540
-2.02430
-3.19632
-1.63573
0.72525
-0.88103
7.60968
-0.54120
6.46328
-1.93296
-5.91451
0.52872
-0.75530
-6.74803
-0.86914
-4.32829
0.31257
6.78011
1.53478
0.20194
7.23557
8.29141
-5.39719
4.16568
0.16469
2.15648
-6.43896
4.24323
2.15874
-0.57013
1.42078
-0.89955
-0.38998
5.14413
6.23943
5.34027
-0.19907
-0.83079
-3.52484
-0.70448
0.39635
-0.99195
-2.12755
-7.07063
3.95377
0.94887
-5.47474
1.33213
-2.67111
-2.60690
0.57539
-4.76537
2.49155
-2.68153
-2.27936
-1.50306
0.52459
8.66610
-0.99153
-0.48803
3.01301
0.69221
-5.01081
-5.91538
1.37613
-0.89874
5.22788
8.97644
-3.61563
-3.34219
-1.91071
7.49995
-2.35016
-1.10579
0.46929
-0.98271
3.63994
9.65755
-2.88063
2.71598
-0.78302
5.40487
3.71580
2.12536
-1.90591
-5.26557
5.75756
-0.52029
-4.59985
-0.72870
0.77700
-0.49659
2.97627
-6.30493
5.15607
-4.25851
-5.60707
2.52148
-0.94633
-4.89640
-1.28092
-5.44505
-4.71828
1.99441
-2.58952
-1.36371
-1.54484
1.13260
4.88654
-3.82598
7.19789
6.68121
5.56903
4.36247
-2.47470
4.57791
3.19405
0.20442
7.24602
-2.84057
0.59754
3.68376
2.47431
-7.26165
1.37053
1.08186
1.68757
4.20374
6.12115
-0.67149
1.01821
-6.41768
-3.04166
-12.55851
-4.83349
-2.09378
-1.63405
-0.33507
4.35335
-2.21586
2.50734
-0.55457
-2.42042
-4.75718
-2.06782
1.41316
-2.23102
-5.67681
-3.58505
1.29888
4.77224
-1.13515
2.54713
-2.10567
-2.44151
4.05191
4.64964
-0.65879
1.70371
0.71023
-8.39469
-6.06163
-2.90742
1.80931
1.93793
0.19534
7.15177
-1.24007
-7.34047
3.70953
-5.53437
3.69123
-0.08022
-0.98494
0.29954
-5.86467
-4.66927
1.20794
7.44596
-0.09896
-1.88573
3.56676
-0.22843
5.10061
2.26708
-1.01055
-4.17120
3.88005
1.57660
-5.20127
2.97397
3.45723
5.73914
9.37978
3.12638
-2.86987
-7.57658
0.09939
-5.03202
0.37248
-1.65828
-4.65420
2.33110
4.40469
-2.44828
-0.48515
-2.86388
-2.58482
2.88643
-2.00666
1.19186
-0.05488
-1.83034
0.65096
8.57702
0.99818
-7.94899
0.02047
-4.92433
-1.93735
3.80477
-1.00256
0.83586
-2.03743
0.58228
3.53384
1.66388
-0.36266
-2.34783
-2.30106
-1.17420
-1.40665
-2.87302
0.64247
0.05943
2.04191
-3.99539
-0.03447
-2.50016
4.09691
-0.96400
4.21995
2.76737
-6.78800
3.93139
4.71222
-4.96358
-3.29398
-4.21613
-3.96337
1.04154
3.99146
-1.52687
2.93511
-6.81405
-2.32080
2.12196
-0.00917
-3.34854
4.89095
7.54508
-3.54464
4.65819
3.62995
2.75969
3.54300
4.38899
-9.97336
-4.71326
0.45876
-1.47143
3.96522
0.27088
-1.00056
0.10522
0.46985
4.09574
-1.50918
2.10047
-7.61437
2.73748
-1.99575
2.59439
8.45718
-4.25020
-6.47128
-0.30689
-0.77543
0.10446
-0.75305
4.24409
-2.43313
-0.45882
-2.43406
-6.74280
2.38104
-3.64261
-5.05535
0.94092
2.34267
2.87787
-6.13795
-1.42435
-5.13575
7.20944
-2.71189
-2.31256
-0.30263
3.68012
5.10117
-0.46698
-5.10529
3.46223
-3.58148
-0.13895
2.02127
-4.89561
-1.92714
5.15997
3.63041
-4.57707
-8.88071
-2.75754
-1.61150
-5.72641
-0.51196
0.39389
-3.16351
5.05336
2.84883
-0.60103
8.28821
-2.13282
-2.86464
2.73173
-5.13191
-0.45427
-1.30774
-2.70691
-8.76634
0.18091
-5.50315
1.11843
-11.20410
3.12162
6.54281
6.19857
-3.51265
0.90694
3.99718
3.87470
3.84899
-0.49571
4.07785
0.83153
4.25742
3.88359
-2.62664
-3.80737
0.26803
-4.22298
-3.41752
0.74054
-0.15577
-5.12535
1.88733
3.27800
1.38503
-9.51294
7.69438
-4.60774
0.58556
-3.58859
1.46775
-5.74218
-3.21700
0.38320
-4.93199
-1.94756
-5.76053
-3.81037
2.09081
-1.33022
0.80596
1.63779
-2.15321
2.46303
-3.26015
-1.54388
-1.86998
-1.67796
2.58189
2.55084
4.75263
-4.83906
-3.77795
-4.05487
-5.42976
-0.03718
-1.20903
1.07407
5.38470
-7.47008
-1.10525
-5.70548
-4.71594
-0.15627
-6.89499
-1.95697
2.92915
-5.95432
-9.06150
1.17994
5.56820
1.34356
0.26902
2.89830
-2.00960
0.31680
-1.12544
-6.11630
3.49841
4.43665
2.23926
-2.73859
-2.65803
-3.18737
3.40855
-1.25361
2.10073
3.23742
-3.73181
-1.59271
6.28673
1.65035
3.34814
-6.84623
1.88695
1.84141
-3.02200
0.97916
4.12293
-4.75452
0.15665
2.69194
2.53623
5.64688
2.34718
-7.18971
4.53806
-1.19238
-5.08087
-1.78729
2.83168
-3.93093
1.77439
-0.31474
-6.94121
2.01349
0.81800
5.24275
9.16000
7.89611
-2.39983
2.26832
-6.45394
2.85599
-2.18901
-3.45524
-0.32930
-1.75641
6.62224
-0.40110
1.80766
-1.23040
-5.55245
2.21557
2.42282
1.74921
4.50563
-6.67431
2.79959
-1.72318
-4.63934
-0.25389
-3.54476
-1.12385
5.54081
5.07421
3.62764
0.62612
-4.33250
-1.17134
-0.82402
2.09866
3.29555
-5.42068
-5.60579
-2.44749
-1.39424
-0.88942
-5.04934
2.09737
3.86357
-2.62009
1.76419
0.67449
-3.81146
-0.08784
4.31065
6.89822
4.64186
-4.03580
3.35895
-3.83995
2.56171
4.39901
-3.40613
-5.53521
-3.17585
1.61178
3.52917
-3.83023
-2.85164
-1.98941
0.94599
-2.65430
-1.19948
1.86034
4.37093
5.02368
1.82922
0.56775
-5.52565
-5.22197
-0.60576
4.24756
-0.22071
-0.82242
6.20974
-8.42471
0.19124
-0.72550
-2.07450
4.64452
2.41302
3.20530
-0.61178
1.99761
-1.24142
-4.33592
-0.07008
-1.33413
6.31586
-3.51845
-1.27220
0.40947
-8.41287
2.56652
4.17809
-8.33017
1.45581
1.11011
-2.44013
6.56811
2.35625
-1.80478
-6.48509
2.78621
5.17479
6.74293
-4.11451
0.46257
3.78683
2.17557
-3.46755
3.89251
2.33959
1.08966
3.83560
6.29671
0.47757
4.53908
7.02130
-3.14008
-1.26684
-1.53649
4.20912
1.29508
-5.95647
-7.57314
-3.22412
-1.62664
6.65600
-2.23989
3.11454
6.74615
1.83005
1.83334
1.77174
-2.55586
-0.44628
-1.09253
-2.56856
-2.01306
-1.70600
2.07738
5.13437
-4.22493
-0.51072
-8.86447
0.33777
1.71697
4.63628
2.76015
10.44506
-8.72236
-4.56686
-2.25167
2.85043
0.58885
-2.22680
6.93929
-4.46276
-1.80224
-1.44297
-2.49872
1.45702
-0.92255
-3.84576
4.29203
-3.05304
2.54484
3.90814
7.10748
1.40335
-4.43874
3.56588
-2.14521
-4.50446
-2.03003
-1.75316
3.47004
0.12659
-0.17069
-0.64205
0.35851
0.10991
-3.98068
-1.49916
1.66402
-1.99546
-0.59724
0.44679
-3.35576
1.66442
0.64422
-2.71230
1.81394
-1.48059
2.14017
-0.83376
0.09297
0.86668
0.67475
-5.80321
9.19297
0.77199
-5.54558
5.34759
-1.92886
-1.86920
-0.50347
3.38142
4.76444
-0.28884
3.13477
-4.36364
8.72517
-1.32443
-6.21895
-3.98297
-2.82304
5.14381
1.34226
-1.81542
-6.49973
4.30194
4.28971
3.56022
1.28019
-3.15349
-1.69553
-6.63917
-0.03210
-0.64217
3.73867
2.06724
-6.20099
-3.35962
-6.42805
-5.16476
-4.24643
-7.11500
-6.83654
-1.87245
1.02612
0.30402
1.04041
-0.42075
-1.28710
7.86046
-4.45312
-3.05493
6.91259
5.84253
-3.92417
4.34213
-3.05740
-0.19721
1.19004
4.33408
-2.76190
0.98905
2.45777
-3.21351
3.38905
-5.66546
-2.96885
3.27100
-6.88682
1.56746
-5.13485
-2.32295
-0.70605
-6.89540
-4.03366
3.02666
1.57060
-1.72512
-2.24754
1.03249
-2.18448
-2.70785
5.73379
-4.98622
0.66887
-2.06989
3.41948
2.31181
1.37022
-3.90803
1.59784
-5.21249
1.25208
-1.98199
1.11888
0.16116
6.61597
4.11929
4.80847
-2.37917
5.74274
-3.25721
-1.60404
-2.10493
-4.14255
-2.31467
0.59641
-1.82640
-1.75503
-0.68656
5.89378
-1.81456
6.75686
3.24907
1.66985
1.68975
1.36588
-9.10389
-0.31739
-0.34703
-3.81438
-1.07335
1.80280
-3.16348
1.32388
4.20578
-5.67831
-0.81317
1.33887
3.99752
-1.18621
-1.79022
-3.14655
1.66638
4.56835
-2.20362
-1.15267
-3.18890
-3.84857
-6.45083
-3.55887
-0.07789
-2.49443
0.07416
0.66453
-0.64031
3.59087
-0.74925
-1.22328
-5.87138
-4.25843
-1.57734
5.46126
2.80365
3.52788
2.89452
-2.90295
-2.24514
7.23043
-1.64280
2.26128
2.63686
4.31925
-2.67204
-0.27549
-2.47185
3.37894
5.31783
-1.03533
1.27265
1.57045
6.41435
3.71185
-1.66887
-5.08012
2.60389
-0.14428
0.82802
4.37606
-0.49134
2.04239
2.02158
-6.35644
5.10929
0.60185
2.81294
-3.97424
-1.22832
-0.68213
3.05254
-0.56431
4.68153
-0.57632
8.04202
-2.57515
-0.22422
12.91120
2.37548
4.16702
3.19228
-4.37356
-4.24306
-1.28902
-1.55505
1.45653
-4.29534
5.74273
0.27258
-1.27188
-3.52941
2.17331
-3.09739
-0.91557
1.04652
2.60687
7.11180
2.88028
1.85750
2.89089
-2.13622
3.16385
-5.48707
-10.08925
-2.68898
-13.58420
0.25611
1.78292
7.04444
5.03989
2.42192
2.12679
-3.66934
1.74385
-2.09864
-7.06155
2.55749
5.15157
1.69637
3.79007
-10.09978
-0.67242
0.27055
3.98049
4.53604
1.69932
-0.53657
-1.82028
-2.68015
5.63186
-0.66373
4.09939
4.24702
4.12087
-7.59008
1.30347
3.30968
-1.84895
0.25006
0.28109
-2.89110
-9.63381
-1.78521
-5.68746
1.38033
4.06138
2.27402
-0.19371
6.32569
-1.67888
9.33149
1.78425
0.77602
4.65902
3.06321
-2.31668
9.31578
6.99787
6.34269
6.92948
1.87583
-4.51662
5.95479
-3.74938
-5.24969
3.03875
-1.82986
4.01075
-3.32390
3.21008
1.34336
-6.49961
0.42058
-0.00334
-0.98668
3.01183
0.01444
1.63629
-6.16127
4.48913
-3.85835
0.76212
3.81307
3.64775
2.92515
-1.65549
-1.27549
-3.72188
-4.21343
1.21881
2.76988
-1.54126
-6.40273
-0.94012
0.96873
3.80074
-3.07036
6.47436
1.95423
7.00394
-9.73920
-0.92674
1.24847
0.72092
-7.66272
6.65814
-3.01365
-2.77139
-3.68281
3.05101
1.37890
-7.44351
-0.74542
-0.68331
0.23306
3.68377
-2.74669
-4.37725
-7.63153
3.37021
-0.43952
-4.61944
2.99830
-1.71259
6.75051
-3.06916
3.50300
2.32242
4.34750
-0.91213
-3.29835
-5.22740
-8.20497
-1.96759
-1.19837
1.02809
-3.65856
-3.54628
-6.57555
-1.14226
5.19997
1.12473
-4.76095
-2.75928
-1.97518
0.60840
-0.09841
-6.48384
-2.56546
5.60334
-1.02920
3.37193
-2.91326
2.89641
-2.25792
0.99251
-2.37663
-1.66204
1.02407
-7.10975
-0.07051
0.22459
-3.87421
-5.35418
1.26015
-1.93657
-6.59641
0.30122
-5.85476
-6.49189
5.06279
-4.80200
5.19691
-2.38109
3.00123
0.08767
0.10452
-5.54047
-0.13362
0.09399
7.08983
-5.01513
-2.46838
1.69175
0.24736
-2.36460
3.04529
-2.13996
-3.17719
5.58168
-3.15601
-5.03857
3.34372
0.08984
-0.48308
0.86399
2.76853
-1.79426
0.86513
0.95741
-0.42723
5.32806
-1.54732
2.03267
0.87720
2.14593
-2.34523
-1.15145
-3.42745
3.12203
-0.48163
0.43511
-1.83739
4.68180
0.54178
3.80468
-5.91859
5.44464
0.27328
-4.01621
2.06923
0.22336
2.39524
-6.30294
5.44366
1.41863
1.37870
0.32169
-0.21770
-2.72101
2.56385
3.58729
4.38754
0.53301
0.38050
1.24041
1.06947
-6.68735
-9.38538
-5.03899
3.32569
-1.48242
-9.18589
4.01306
-3.24392
4.43668
-2.46121
-1.21112
3.60436
-1.30213
6.24558
-4.47593
-2.01796
0.18626
-0.93683
0.46968
-0.33404
4.88912
-0.52895
-0.68905
1.43044
-0.55831
-4.83275
-9.12323
-1.40069
-3.83146
-1.72373
-1.25598
-0.63367
0.60023
-3.93629
0.20626
1.28783
-1.10129
-0.20988
-2.07933
2.61210
-4.18893
0.84205
-4.03630
-1.71520
1.75358
4.32200
-6.17643
-5.52101
1.36766
2.48007
-8.25026
1.78751
-1.25992
-2.18267
-6.23089
-4.15638
3.74977
0.69799
-6.77764
7.61953
-0.85107
-1.43943
0.88956
5.26996
-2.78125
2.40526
-0.32313
4.64382
0.89467
5.21225
3.50122
8.40535
-5.33931
-4.60441
1.54347
4.26048
0.66467
4.94786
1.24289
2.26325
5.49714
2.35655
-6.81852
0.31709
0.89598
-1.31702
-1.27563
-1.91621
2.60804
-2.29471
0.76202
-3.79719
-2.32056
-4.08211
5.39072
-0.42213
-3.97179
1.57870
-3.28647
-6.91337
0.42686
1.20482
3.54404
3.54456
-4.66016
7.84300
1.51104
0.41612
3.51325
0.18918
2.76839
-1.26054
-4.80735
4.12090
-3.77636
-3.27700
0.75362
0.16669
5.61616
4.03249
-4.91947
7.59716
-4.40283
0.85408
-4.21516
-1.78903
-4.26023
-2.36901
2.47876
-2.07392
-3.07212
3.26495
-1.16943
0.64172
-0.65730
-1.26034
-7.35736
0.54848
-2.25656
2.02831
-5.32268
-1.88511
-0.77223
-8.88796
0.65411
1.82181
0.74551
-1.33917
2.58156
-0.56631
2.79934
-0.57905
-7.86124
7.30279
4.94468
-3.90564
2.65386
4.58086
-0.67096
-5.64214
-0.03170
-2.02511
5.95479
-3.51216
0.75851
-0.63273
0.24672
-0.92726
-0.13787
-5.45436
-1.49172
-0.54887
-1.73195
-2.43510
9.50809
-1.11772
-7.30751
-1.04630
0.83281
3.70790
-2.26331
7.96100
-2.61234
1.25341
-0.20089
-4.55124
4.37792
-1.85041
1.66723
2.88255
-3.87667
0.73545
4.60430
4.93934
5.49378
4.28516
-2.57167
-0.01941
-5.65425
-0.06885
1.29902
1.65499
-4.71660
-1.13652
2.10702
1.39998
-2.39979
1.81373
7.03832
0.46921
1.38961
0.28174
-3.03263
-3.69192
4.09328
0.97455
0.10117
2.41028
2.94246
1.89565
-4.49036
-2.02424
-1.43389
3.36684
2.42030
-0.97460
-5.03886
-1.21617
-10.03510
-5.83060
4.38865
-4.71244
2.40921
-1.63154
-3.47086
5.26623
-0.45476
5.87983
-8.46576
-3.54081
4.04599
-1.80472
5.14608
1.45368
-7.70791
-4.77110
-5.95891
-1.08687
-0.96833
-0.42339
1.81089
0.60055
-2.11612
1.55384
-1.91234
-0.54825
0.66888
-1.09096
1.74427
-6.32987
-6.54257
0.15534
-1.26709
-0.31170
2.55514
-4.71248
5.33632
-7.66937
0.68720
1.05419
-6.65239
-6.55780
-3.10867
5.30245
-3.24496
-2.11187
5.34521
-6.20192
8.44609
-6.41686
-0.96884
-1.96700
1.49273
-3.62589
-2.62413
-3.36220
-0.71371
2.46772
-0.99562
1.27035
-0.08476
1.31847
0.98552
1.93316
-2.64527
-3.59289
0.10649
-1.84229
0.34295
-3.19960
-8.23948
-2.48882
1.06519
-4.33833
2.00498
-7.82656
-5.36161
1.31506
-3.93998
-5.60576
1.18378
-2.82342
0.40425
-2.86685
1.84722
3.37978
1.79586
-1.45097
6.84803
-8.61592
-7.84058
-4.73872
4.15663
-0.81137
2.06642
-1.27851
-1.03804
3.00442
0.08335
3.84071
-0.32063
3.19416
-3.21985
5.74983
3.92082
1.96507
-3.65653
6.26052
0.25273
1.18875
-2.01966
1.38495
-1.92195
-0.61167
-6.82182
-0.08479
1.78213
5.28040
-2.02770
-2.77328
-1.60641
0.01909
0.77786
2.51383
2.52249
-2.21688
1.43066
2.19758
-3.43279
-2.41595
-3.39419
0.69010
-5.45194
-4.94191
-0.97344
-8.20522
3.99959
2.23836
1.92136
-1.31051
4.27305
-2.89587
-1.92318
-4.08111
0.72614
6.51826
0.85355
0.49670
-4.23716
-1.34968
-0.72413
-1.35255
-0.93975
-2.19988
-0.67575
-5.60253
3.84397
2.28299
2.28921
-3.23980
-2.00635
0.23796
2.06524
2.52111
-0.36343
3.60392
-2.44936
0.27139
-1.79392
4.24148
-1.12032
-1.36322
-5.80659
4.59637
4.66873
-0.45386
-2.18353
2.20744
3.17112
-4.82090
-1.44139
2.59696
0.60774
0.59380
-2.45048
0.69957
-6.51050
1.11885
-2.34617
4.47624
-4.10542
0.25474
1.16618
-3.87305
-7.52223
1.73042
-2.41982
2.96361
-5.12497
2.74263
3.99650
3.27670
7.22942
1.77427
-1.78039
-4.37156
5.77310
0.08412
-3.71627
8.54322
0.43553
2.25793
-7.22109
-3.13936
1.16573
6.49378
-2.16127
0.40161
1.80935
-1.20189
-0.40347
6.03730
-4.93435
-0.09823
2.20072
-3.29005
-4.07132
4.82799
-4.19732
-3.28527
-4.66223
-1.16506
0.73350
8.22522
3.05542
-6.25345
2.72720
1.98381
4.62771
-10.59069
-5.68487
3.13547
5.04932
-3.06265
0.52030
0.26926
-7.77284
-0.14702
-2.45461
-10.04361
5.34386
4.67814
1.39833
-2.17806
5.11878
-2.35350
5.72796
-3.92436
-3.16944
5.69877
-7.06802
-1.31559
7.69411
-0.17090
-2.57611
0.85691
4.80830
-2.06112
-2.92157
-5.12032
-2.70356
0.31058
1.72301
-6.81168
-6.04038
6.73840
-0.85811
-3.26320
3.45366
4.28913
8.49718
1.13834
-6.71728
2.17910
1.62452
6.35418
2.03528
1.69238
3.25067
-1.32148
5.81357
4.22281
1.72731
0.94858
4.42694
-4.75465
4.97376
0.72841
2.24412
-1.29415
1.55145
0.66252
-4.74750
-4.90673
3.31020
-0.23677
0.52032
3.49631
-0.63149
-3.86403
-0.44489
4.17542
-1.40661
-2.23685
3.54443
5.22244
1.09919
-1.76009
2.22208
-2.86404
-4.34185
-2.32398
4.51849
2.83739
-5.81331
-0.02961
1.94606
-0.69326
-1.58828
3.95256
1.22665
-4.11841
1.07456
7.31917
-3.75150
3.04115
-3.85471
6.92537
-0.36020
3.97281
-6.44083
-2.95190
1.07817
0.61552
4.20427
4.43409
1.32912
-0.35188
3.36746
-0.95227
0.21436
2.18994
2.11568
9.98187
-0.45227
0.14825
-0.28300
0.99193
-0.68575
-7.11786
0.11897
-1.17699
0.53966
-5.51345
-1.39307
1.22915
2.36382
2.61352
-3.61962
1.58719
2.10685
5.41475
6.97859
1.93354
0.36881
5.85081
4.19003
-0.08186
7.24067
1.19710
2.15970
-0.08832
2.76232
-1.79206
-2.63711
1.87315
-2.05285
2.15236
2.61901
1.03494
-1.42226
1.92620
-6.94060
-2.66668
-7.77898
-0.10583
-5.10730
-1.52989
4.53376
1.11887
-4.74156
-1.82973
0.33544
4.47320
-2.86528
-1.18980
1.23311
-2.13888
2.40828
-1.94533
4.58605
-3.68079
-7.89634
-0.51059
0.53549
8.32214
0.90456
5.49711
2.70366
1.50812
5.65053
-2.87813
-1.40146
-2.07691
-1.11961
-2.91796
1.67760
-3.61188
-0.96149
3.98203
-3.57785
6.99319
4.80179
2.88895
0.59462
-6.65050
-4.61965
0.89390
-1.38692
-2.66323
-1.96838
-0.88890
-5.29365
-3.49832
1.51170
-4.05334
-0.36412
0.16601
4.46145
-3.36580
-5.20533
-7.04001
4.98750
-3.55604
0.42729
-1.05984
-1.88669
3.16373
-3.19283
1.94776
-2.53143
3.59233
5.13830
5.83703
5.44737
-1.99739
4.31235
-2.53484
-6.70470
3.24812
-6.89994
1.98979
-2.60257
-2.35556
-3.31748
3.62295
2.36929
-0.02895
2.53804
-3.45451
-8.51479
4.55982
10.69759
1.77975
0.78001
0.91934
-0.72733
2.53571
0.07024
7.35828
4.89626
-4.70871
2.89719
2.55152
-4.00971
4.61583
0.09038
-7.08712
-1.21776
-6.62357
4.78265
5.11898
3.29636
-2.94743
-6.66302
-2.23366
-3.83052
0.86539
-5.22386
7.42028
0.81081
-2.00224
0.75677
-5.06945
-8.58008
-1.92983
2.36708
-3.39700
-1.49279
0.27493
3.38464
4.56680
-2.93802
2.65373
5.04835
-1.64499
-4.70489
5.63607
3.35640
5.20155
1.51839
0.85010
-0.27664
7.69101
1.46177
0.63973
3.08953
2.70523
6.05556
1.18691
3.66972
0.32795
2.42394
0.56390
0.85230
-1.49576
1.05039
-6.54978
3.45787
2.54977
-4.44381
5.02625
0.51892
-1.45291
2.15255
-3.65211
4.20607
3.83328
1.18103
5.25046
-2.40966
-1.95730
-0.69958
-2.72189
0.97720
1.18689
-3.42017
3.61495
3.76125
-4.80602
-1.69933
4.49112
-0.04937
2.78072
2.59032
3.56646
-1.67515
2.25674
0.40774
-1.10416
0.70040
-1.06139
-7.66529
-1.57630
7.31550
-2.17322
1.38198
-4.31319
5.72344
6.66453
-8.83996
0.43258
3.22705
-5.47764
3.55982
-3.88755
-2.89344
1.53842
-0.72302
-0.00407
3.17987
0.16282
1.38082
-5.95255
-0.97382
1.47577
6.74428
-2.15131
7.04556
-1.72109
-4.16879
-8.55214
0.39859
-9.58998
5.97313
-0.81982
-3.71427
-2.52087
-2.73579
-3.92153
0.67732
-2.49181
4.22305
0.29891
-0.76955
-2.78808
8.71207
0.24505
-5.13119
1.51001
1.96602
2.70858
-3.58926
1.58230
3.64733
1.70203
-2.60888
6.19351
-3.18043
4.36825
12.93410
3.66668
-3.32277
-1.64898
-1.14908
-0.67166
1.01247
3.26650
-3.53813
-5.79920
-3.63718
-0.01542
-4.64254
1.45049
-0.76545
-8.25558
4.10266
4.66766
-0.34627
0.18517
-9.00422
-2.61653
-9.85640
1.53448
0.36478
-1.46074
-0.27591
1.37137
-1.31090
0.09052
0.31869
0.34427
-5.56885
1.00050
4.85288
2.43100
-2.88747
3.16417
-5.72157
-3.32002
-6.78497
-2.86565
0.90593
-4.15338
1.04073
-0.03481
3.15833
4.49226
-4.45827
-4.84043
-5.74265
1.58419
3.82787
0.49404
8.77610
5.73757
0.36063
-0.22522
0.01979
0.94290
1.95641
2.24593
-5.41726
2.51103
3.49113
3.42676
-6.83298
0.76077
-2.59202
1.74809
-6.16283
-0.04371
-3.33677
3.07766
1.03866
4.04453
0.66651
-0.70992
7.01316
-0.77905
-3.42351
-0.30244
1.57003
-3.17235
-1.28572
-4.80629
12.13185
-3.80526
-0.03754
6.03297
-1.58238
-3.78527
-6.59119
-2.70239
1.09208
-3.05108
-3.64100
2.32175
-1.11161
1.77210
0.00344
-6.93972
-2.29794
2.22254
-0.70859
2.31481
-2.48917
1.56306
1.57245
8.39889
4.46243
-2.03092
4.51979
-4.24678
-2.75044
0.68832
-0.82418
3.35959
4.67056
5.44101
4.41833
-0.35166
-0.77235
-1.89858
1.98485
-3.26193
-2.02199
-0.19753
1.82301
1.47714
-3.49298
1.77590
-2.85759
0.48956
0.67525
-0.94961
2.08079
0.38554
2.24768
-2.59872
3.37306
-1.68379
-1.51199
-1.22802
4.65259
-8.30623
0.72156
4.24329
-2.48790
-0.32777
3.24269
-3.31834
-3.70261
4.84672
-3.19684
8.58201
1.50429
-1.72422
1.55872
-6.34153
-1.22163
1.90425
-4.18267
-10.08114
0.39269
3.69871
-6.70305
-0.01673
1.37265
-2.74572
-3.85565
-3.16125
-2.58701
1.97213
1.63006
5.21627
0.38848
-5.39507
3.44730
-5.04165
-0.47178
-5.23783
5.61696
2.53614
2.60774
-4.59933
4.59472
-7.62163
-6.58010
0.75565
0.05483
-1.35837
-3.79874
0.70788
-0.50751
5.37281
-5.08728
-8.06007
0.74024
-1.75500
2.18987
0.42254
-2.23974
-6.24399
-0.92034
-1.12855
-1.44443
5.76481
0.89327
-6.12171
-1.37735
5.42606
1.31791
-5.07645
3.65050
-3.38939
-4.03583
0.01705
3.38896
1.31445
-2.82405
-2.97029
0.98246
3.90397
-2.03334
-4.54666
0.79163
-0.07890
7.06582
3.53954
-0.02562
1.04641
9.89409
-2.63993
3.19674
-6.16485
1.05962
3.88049
-0.93561
-3.45516
-4.53670
8.74059
-3.29034
3.20558
0.80126
-5.63560
0.82595
-5.35661
-0.34412
0.30384
-2.81374
-2.64641
0.74903
0.29847
-1.46096
1.02532
-0.91146
-3.40670
-1.08627
-6.26354
1.73638
-1.27171
-3.50396
7.80024
-0.82857
0.45021
-3.02316
-4.26806
-8.01809
-2.56325
9.60765
0.86309
-1.38627
-4.24240
4.75524
0.26044
1.59650
0.23157
-0.25378
2.98299
1.63329
1.87081
-4.82636
-1.38732
-6.78837
-3.54519
3.79692
-2.74392
-5.54551
6.86650
-9.44015
-0.79957
6.96813
0.69089
6.92920
0.89914
-2.09377
-2.63444
0.89201
4.14274
7.50471
0.33522
3.07589
5.79528
-1.84568
0.80253
1.98083
4.18708
2.42500
-1.77261
0.59033
4.32363
5.84528
3.72221
-0.97939
2.75443
0.14278
-2.54515
0.48710
-0.96265
-5.89832
-2.60232
0.66662
1.94069
6.56900
1.45150
5.09582
4.55203
-9.15010
-1.68817
-0.06361
-8.34771
-0.67138
-0.24911
-2.33812
4.84431
6.05323
2.06946
0.27334
2.59124
1.73711
0.62320
-1.23939
-7.59894
1.07300
-2.84833
-0.31418
0.43821
4.36174
-1.83443
3.85883
0.88487
1.16851
-4.81709
2.00231
-1.82750
0.06143
-4.08775
-6.17077
6.16900
-1.33885
-1.97021
-0.54714
2.11249
-8.00873
-0.30904
-1.67066
4.02667
-2.94372
3.99834
-1.65108
-1.26696
0.87890
-3.04637
0.55870
-1.54992
0.18865
-3.07645
1.43969
-3.93613
3.00756
-2.31731
1.73022
1.34520
5.62012
0.45280
1.52105
4.06637
1.79736
-0.78396
-1.30112
-2.61346
-11.26071
-2.34780
-0.56458
3.86374
3.34967
-0.10982
0.76885
-6.55303
-3.45409
-1.67826
-4.60263
-2.18814
5.70478
2.33969
-3.81842
1.03602
-2.96280
0.77911
-0.21597
-1.82641
4.34513
-6.83300
-1.57327
4.39985
4.13770
11.47518
2.01356
-2.72595
1.23050
0.37942
-6.59793
-0.05023
0.22322
-7.23798
1.09798
0.08838
0.50759
1.51583
3.18446
0.62658
-2.49579
-7.33506
4.33119
-7.59031
-3.91156
-10.36026
-2.50895
-6.04581
0.17089
2.80998
-1.92731
0.53681
-3.84086
-0.05441
3.89554
-3.44667
2.08630
0.59283
6.25803
-1.62252
-1.63891
-3.60096
-3.09849
1.14639
2.60674
2.05628
3.67131
0.69941
-0.04333
-2.26537
0.07843
1.37970
-0.97667
-0.60054
4.35172
-0.43234
-4.18171
1.15341
-1.41259
-2.38678
3.03787
6.36162
4.64460
3.10014
-7.51487
-4.76893
12.17540
0.61255
-6.60630
-1.55653
-3.34234
0.84365
-2.62319
1.29839
-2.84948
-4.39027
