6.80028
0.73750
-4.95164
-5.39508
-1.96356
0.42913
-2.88076
-2.98941
-0.56300
2.04938
2.41605
-3.45146
-5.52895
0.25101
2.91039
-1.79858
-5.57630
2.65747
4.53636
-1.32785
4.28430
-1.08920
-3.83178
3.59590
0.72711
-3.48276
-4.58524
-6.86033
1.21289
3.93600
-4.68927
-6.33658
-0.67671
1.27084
-7.01018
3.65622
-1.22838
-3.51725
6.26174
-5.70520
3.90172
0.08710
-6.57049
1.81347
-2.07718
-2.40039
4.78155
3.30106
4.74054
0.75228
3.79421
-4.19957
8.90451
-6.56259
2.03495
-2.21447
-0.63000
1.63638
8.92311
-3.91913
1.71230
2.55251
1.19591
-1.96165
3.62377
0.03202
9.94992
-7.39257
-3.73647
9.16850
5.29623
6.17392
-5.40863
-0.39544
11.87320
-4.91760
2.38935
0.76064
-4.71094
-0.67246
0.79192
0.39223
6.46220
1.21435
-2.85422
-0.94201
2.97086
-6.34520
-7.75289
-4.71299
4.50699
-7.21145
-1.21314
3.66319
-3.62387
-3.99479
11.80258
-0.07705
-1.78217
-4.03482
-5.70804
3.28002
2.62850
-0.73306
-1.84220
-6.61052
-4.58730
4.31533
4.14849
-0.01425
2.04390
1.33080
-4.77662
-1.85425
-6.00963
-0.56334
-3.07286
-6.88233
2.21222
-0.21484
-4.77521
2.92346
6.60220
-1.00465
5.06457
13.10972
-4.45275
-1.68972
-0.05695
1.45530
15.06793
0.42117
-2.20475
1.67007
-0.56092
-1.02083
1.64264
2.74099
9.52649
-5.71455
0.03955
5.50067
5.18246
1.06442
5.82356
0.05302
-0.24071
5.12009
-5.19192
2.08266
-3.50517
-7.09433
-0.02092
2.69105
-8.69987
-10.47442
2.36054
-6.41241
3.60462
0.46758
4.53745
4.34833
-0.52268
-5.44102
0.19146
3.30602
2.74754
-3.89515
-2.43934
-3.68954
1.64548
3.74124
4.01728
8.75875
3.87929
-2.84362
0.25405
2.07718
-0.11601
1.38118
-12.09700
-1.37720
-1.17612
-0.02861
2.24279
0.25641
-4.89860
4.77094
2.34477
-5.43393
-1.40600
-0.48431
-3.67246
-6.24091
-0.93124
0.87875
-5.55468
-0.19617
-0.62942
2.12432
-5.83467
-1.25345
7.51178
2.75916
6.85104
-0.39373
5.59398
7.83525
4.56462
-1.67143
-0.89771
-3.87883
4.06826
-2.80957
-0.65441
-1.49497
-7.51899
4.08419
-3.31351
0.40311
4.43689
-4.18011
-1.81664
0.99113
-7.62080
-1.05604
-1.20562
-2.62454
-1.59178
2.72630
-12.12476
1.47352
-2.19101
-0.07381
1.29001
5.81353
-1.85480
-5.30218
2.10267
-4.67884
9.00223
-1.17815
-3.08503
13.96740
-0.62710
7.22719
5.03539
3.49120
-7.46551
-1.56720
-2.69906
-0.02851
4.52568
-3.35807
-1.28711
-5.55161
5.29369
-3.18931
1.17529
-5.85042
-2.63275
-2.75728
4.64693
4.56350
6.99865
7.84291
0.06865
-4.76112
-3.81882
0.89207
3.10693
-0.92057
1.98958
-6.60673
4.91215
-5.40302
-5.74955
0.23823
0.65214
1.54942
1.90101
6.44036
8.82985
2.63257
-1.24895
-4.44025
4.65379
5.47799
5.66517
0.48901
-7.46407
-4.71244
-1.73217
8.17130
-0.04118
-2.44644
7.83094
2.24350
0.95813
1.01170
1.40038
-2.78122
-4.23619
7.37122
6.96518
-2.83971
-1.20001
-3.90793
-6.80404
-13.18623
5.13905
-3.20864
0.54452
-0.67148
0.86971
0.40144
-4.40346
4.47607
3.18817
0.06479
2.69556
0.20320
2.35715
0.07576
5.02416
2.58571
-4.00381
-0.48754
1.77695
-2.34547
-4.46399
-3.51675
1.63538
1.97465
-3.21590
3.51539
1.85204
-3.26492
-2.56770
0.06475
4.79584
2.76421
-1.95429
1.82725
-3.58375
0.06058
-5.75079
-0.07758
5.37523
1.72004
3.86013
-1.32449
0.46449
-1.74933
-6.01588
5.25533
-0.20203
-2.88519
1.75936
1.86226
4.89393
4.93578
0.22845
3.29495
6.47722
4.32565
1.60092
-4.49939
5.32082
0.70067
8.89472
-5.27362
5.24276
-3.40078
-4.84535
2.58393
-6.86466
-2.25213
-5.59991
-12.14964
-3.68859
-5.80604
7.00433
-2.38679
-4.62381
0.31405
-2.43368
-2.68011
2.62495
-1.58452
-1.64644
1.16109
-3.37421
-4.26424
-0.30991
-1.82348
3.62817
-5.32624
7.62245
3.44089
-0.91176
3.62873
-1.75054
-5.80798
0.70476
-11.77931
2.29773
-2.10147
1.41507
9.00209
-4.56613
-0.06217
3.95843
-9.98312
-2.38023
-0.51337
5.80358
-3.16397
-8.31808
-6.21093
-0.88122
-6.64977
1.63989
-1.43296
-4.75654
-0.74825
-5.13178
-0.62789
-3.83048
-4.52699
2.88297
10.39870
-4.29877
-0.56038
-7.89850
-2.61706
-0.21227
0.80874
-2.73188
1.20385
8.05668
4.70802
1.50779
3.55692
-6.64458
7.07921
-3.95873
5.03719
-4.48540
0.62707
-1.21225
2.03002
1.30126
-0.87232
-1.49554
0.19122
-3.94952
-0.57420
2.53878
0.04137
-8.20010
0.98326
-8.17223
-1.11649
6.39272
-1.77673
-3.37421
0.47016
-14.50571
6.67920
-0.25301
0.14995
9.98192
-0.51966
-1.14395
-3.21555
8.42186
-3.31518
2.52781
-0.32767
-4.91380
-7.92895
-4.71046
-1.52752
3.36146
3.62612
5.46288
-0.00894
-2.12809
9.72968
-3.96663
-7.47942
-2.56193
-6.42333
-0.02352
3.19630
-5.05227
5.57867
0.50372
-9.24654
-2.38596
5.38639
8.71601
-4.95543
-1.77680
10.64907
-6.68900
3.98946
-0.80644
-4.27954
1.93983
3.70685
0.73451
-4.71004
3.02248
0.43536
-12.16859
0.57990
6.06847
-2.84049
-1.28864
-1.11375
5.49436
-6.16078
2.08221
-7.56686
2.91215
-4.11008
9.17631
7.00084
-7.56711
-1.44297
-0.70339
1.18328
-7.07074
0.87346
3.69579
-1.57474
4.13484
-4.49941
3.40939
-7.28140
-4.40257
3.98922
1.84436
-0.52764
-9.22625
-3.21522
-3.98424
-0.20821
-9.58713
-0.27619
3.82438
-2.12047
4.19036
-1.08493
-5.97734
-3.15874
-9.59553
-2.02758
0.36267
8.28024
0.22820
-3.21037
-3.83272
-1.97534
3.34212
-5.84193
-3.88782
6.56830
8.73333
3.61465
3.73488
3.93986
-0.71271
2.60502
-0.07478
0.21221
0.06904
3.38807
-3.74732
6.52423
1.77375
2.58276
-2.39964
6.72924
8.04774
-6.09092
1.88159
0.25303
-0.14328
2.40284
-0.66651
5.64969
-1.63856
-2.73190
1.96703
-0.93473
-1.32062
2.36828
3.73182
1.65655
-3.14062
-0.32618
-1.78661
-2.30991
-0.22818
-3.07492
8.54588
0.57896
-7.93826
-7.61815
8.52366
-4.18851
-6.47283
-1.27873
8.33711
-5.01575
1.71967
-8.08833
-9.97257
-3.00704
0.89371
7.94745
3.17119
-0.87069
-3.33647
2.31768
-11.01563
5.72494
3.41035
-0.10800
-2.16456
-2.19754
1.38393
-3.17253
2.49650
-0.65511
0.70419
3.37937
0.46704
3.81616
-3.55230
-1.40929
0.51288
4.55243
-3.84616
-1.41384
-1.03106
-0.80925
-7.20357
-1.90307
-4.20314
1.51614
-6.04581
2.41579
-0.70335
0.09316
2.36287
2.21957
-3.55172
5.43656
2.19366
-2.46883
5.92923
-5.31542
-4.18608
-5.97469
6.83614
-7.44621
4.32504
8.70424
5.64772
-3.35911
-0.06862
-8.36694
-11.64683
-4.65405
-0.57200
-7.08777
2.00424
-3.15975
2.04083
-5.78394
5.42371
10.59495
-8.45857
1.30386
8.10027
0.26260
-1.67033
0.35611
3.03606
-1.26307
-7.35105
-4.74942
1.39317
-5.50719
-7.00340
1.54156
7.38422
-2.41541
3.39548
-6.60179
-12.39413
-0.29206
-6.46413
-0.30211
-3.10026
-0.62544
4.37809
-1.70096
2.96252
-0.56173
-9.88182
8.32103
-8.99184
2.83619
-4.51889
-2.02747
5.80747
-2.66495
1.73322
2.48720
-4.34531
7.98360
-0.87543
-5.69764
5.68793
3.00253
4.70853
1.36305
-2.84405
-0.16358
-2.27433
-5.35321
4.05093
-9.42606
-3.41703
-0.74068
-2.58719
4.43449
-8.24905
-1.22182
-2.66196
1.30480
-2.74519
-8.03643
-4.60087
3.78678
1.74850
3.56359
10.73306
1.67922
-1.02367
-1.03746
1.78260
2.36831
0.55722
4.29618
-4.79669
3.54440
4.89696
2.72937
1.23315
6.35541
2.41015
-5.20763
-0.60609
-4.76639
-1.27189
1.99927
2.57941
0.88720
-7.19296
1.45696
2.95037
0.24301
-1.60896
2.75364
-7.43095
3.15834
3.70103
12.88853
5.09093
5.54927
4.44996
2.12720
-0.61075
-4.68876
-0.14274
-0.54349
-0.37287
2.18472
-6.23618
-4.71976
3.92417
0.43601
0.08110
5.82453
4.61852
-3.68584
-7.84061
-10.24937
-1.78588
1.15972
-17.29021
-7.10644
2.91158
-3.54611
-1.84705
-2.91534
-7.23006
-5.22337
2.95467
7.14547
-4.39326
3.87319
4.04566
0.86784
3.25268
-0.18074
9.99990
7.17264
5.99171
-6.91269
-2.82849
1.56408
-2.26463
-2.19565
-2.51971
-5.23984
2.14353
-0.96213
7.57968
-2.36715
-8.25110
-6.30256
-4.63951
7.23199
-9.48395
-5.54178
-0.83007
-6.32330
-1.00584
3.10257
0.10889
0.96883
-3.22493
-0.65220
7.95773
-3.35764
-6.30142
-10.52386
-3.17301
1.67055
5.31580
4.17160
0.02365
5.90766
-1.15151
-2.20674
-1.82687
9.57963
-12.21055
4.50554
2.21297
9.48146
3.15125
-0.56985
0.30456
2.46687
6.26426
-1.61293
1.10867
0.22769
-2.87558
0.28397
-0.09154
5.08210
1.50931
-5.67138
0.06155
-9.38736
-2.50923
-1.15834
0.56991
-2.80476
-10.27342
1.76245
0.67470
6.77379
1.83909
0.99059
-7.36766
-0.40643
3.77980
1.04612
-5.19718
-1.19904
-1.71411
0.41536
1.61901
5.02292
-1.66601
-6.24748
-3.73926
-6.09519
1.09999
-1.68927
-2.96551
-0.88371
-4.58160
-0.30468
-1.30940
0.10128
5.34754
-8.33179
0.10742
1.20639
2.63527
4.05315
-1.27618
6.25767
5.47351
0.25729
0.28923
6.49994
2.77609
1.38029
-0.70100
-5.65494
-6.08677
-0.77732
0.99391
-11.77401
5.33824
5.69904
0.29587
-1.16876
-2.14713
3.17379
4.35893
4.43454
-3.09254
-2.63729
1.39518
-7.94282
-2.55108
2.22566
-10.36038
-2.34092
1.25566
1.67803
-1.61480
-6.47431
4.51649
0.67514
6.01807
2.95478
-7.54016
3.41926
-1.82336
-2.23826
4.15910
-2.85543
3.73601
4.20787
-2.72634
1.07669
4.41928
-1.48449
-1.70697
-1.06233
-9.03749
0.50759
7.68550
3.64779
3.04700
5.06417
-1.34205
5.91430
-4.07955
-1.53384
3.81100
7.49006
3.03714
3.44355
-4.49965
-3.79911
-7.60892
7.62080
-3.20250
-4.14415
-9.26124
-0.78735
2.69457
0.22483
0.83262
4.35614
3.77459
9.82108
-5.07464
8.96886
2.36491
-2.69253
-3.50751
8.84116
-5.43410
4.33399
4.71227
-5.95374
-0.21514
3.27533
-6.03185
8.25250
-0.18891
5.60881
5.79314
-4.92543
0.60266
-4.14079
-0.10900
-6.44242
-4.56271
-2.83685
-2.64256
-1.40013
10.90836
-5.38260
-6.71582
1.49887
4.10523
-9.56564
-6.77867
1.24964
-4.77381
-8.88846
-5.85761
8.73381
10.94078
-1.04459
3.69136
-0.69894
2.66192
0.37034
5.66812
-7.43009
7.11430
3.72850
0.41083
-8.46427
-2.40952
2.21332
-7.17722
0.18339
-0.43134
-1.64852
7.43171
-3.68905
3.83761
12.86735
-2.06867
-3.04277
-9.13159
-0.34505
1.19186
-1.49927
-5.56787
-10.26274
6.58684
-2.39539
6.02349
4.12444
8.27897
3.18045
-2.11645
3.59093
-1.40938
6.54432
1.83940
-0.92258
-1.37295
5.43034
-5.94634
0.93919
-7.27793
8.04234
7.93679
8.63860
6.84803
-1.74737
-5.33346
-7.16920
1.28962
-2.91980
3.51942
-1.42468
-2.65973
-3.11937
-0.08824
-12.48679
4.03216
-7.97944
-1.33074
-3.99237
8.89193
-3.21660
-4.57801
0.51365
7.94937
2.43587
-1.69596
1.55332
4.42162
0.04500
-9.08019
1.39456
1.21813
-2.78213
6.28776
4.48958
5.27914
-2.07029
2.58559
-3.45860
2.33226
-2.42140
-1.13245
2.67988
6.44251
1.91992
-4.95445
3.21030
0.04693
-7.79939
-0.13035
0.45571
4.06003
-0.93595
6.57220
10.06291
2.70612
7.43129
5.41910
0.41933
0.88577
-1.71799
-1.43357
-1.22859
1.20616
-4.00411
5.35581
-1.27899
-0.72394
0.54325
8.52784
-1.31484
-0.39487
1.09927
3.74841
-3.56422
-1.17045
7.79699
-2.53142
0.83348
12.07607
2.87509
0.12315
1.21973
1.80430
-7.45336
4.56201
8.43525
2.48750
-5.93746
-1.69086
11.39762
3.87532
-4.37020
2.94093
-3.45859
-8.50273
-1.02634
-1.54852
3.75095
-0.05495
-9.63695
-8.85667
2.47906
7.95373
1.23787
-6.11416
-5.35935
1.71832
-4.66836
-0.22826
-2.18478
-2.91785
6.33559
3.02416
-4.95814
-3.17035
2.44570
-6.29132
4.24752
-0.78278
0.49792
-5.51563
0.17070
-6.84053
6.09713
8.62693
6.51683
-8.98475
-4.64403
3.38990
-5.69799
0.39488
-12.55426
4.93368
1.51185
-5.53162
-4.20038
-2.95215
6.55858
-1.45379
-3.69019
7.54230
4.13071
4.00500
-2.20553
-2.83619
-2.48955
-10.41714
-4.82880
-4.63684
0.15175
1.64183
-8.20529
2.61396
12.90461
5.90018
2.31981
2.75686
-5.94803
-0.66200
-1.95981
3.70265
-2.57714
8.74457
7.56400
-0.81400
0.69824
-3.49747
-6.14334
0.04564
-1.22643
1.38300
-7.10738
-0.27545
-0.83338
7.56377
-0.03502
0.20643
-2.10477
0.51344
2.61106
5.11781
-8.86293
6.96228
2.55356
-2.35862
-8.02293
2.00739
3.28023
-1.02373
-1.07789
-9.20386
5.61793
-0.00672
1.99309
-3.64418
0.21026
11.91857
2.36911
-6.04022
-15.43143
2.91908
-3.62562
-1.31250
-1.75746
-3.52423
-3.19212
-0.44511
-3.36496
2.94838
2.43897
-1.68816
4.99286
5.03506
-2.10626
1.81282
7.31051
6.14979
-2.55367
-1.06232
-2.51361
-4.80412
0.17003
3.47559
3.66860
6.25594
-2.63971
2.66880
3.00958
-0.11871
1.70901
6.12063
-4.19304
-1.39415
1.50317
0.98576
-3.58750
-6.20580
2.85962
-1.95629
2.94056
7.10377
-4.37944
-2.36304
4.09634
-2.41817
10.48208
10.28608
1.20669
1.26341
-0.39298
8.52707
-8.22126
3.52340
-10.45421
0.20382
0.07602
-0.96139
-3.27733
-1.93026
-3.12778
2.83927
-1.74651
-2.49151
-6.72222
-6.84295
7.70926
-4.11552
-6.96997
12.38317
-0.72107
-0.04565
-2.53498
-1.91055
-0.93671
12.31711
1.24991
-8.60374
-3.52088
1.19046
2.17182
12.82552
-0.89570
-2.93651
0.96321
-6.72626
0.26830
3.09539
0.59733
-10.58522
7.76943
-6.96348
5.19948
-9.22603
7.51255
1.44070
-0.32340
-0.66030
7.71524
-1.48756
2.94498
5.12371
0.34908
-0.57894
-1.92599
-5.31627
-5.46866
2.40450
-2.20872
-3.12221
1.15090
-0.01200
-1.93540
0.69495
2.62468
1.19714
0.06063
-4.04790
-1.98200
-3.30099
0.90777
3.50751
-4.74084
2.99884
5.23614
-0.00896
-1.83237
-4.25797
3.75947
0.92320
0.07343
1.10319
-0.35113
-2.24810
9.36505
0.69207
-0.36066
5.60176
-0.02054
-4.97310
2.20101
0.11021
3.06012
1.10849
0.45690
8.10548
6.75332
4.70481
0.62442
-7.83228
-1.33662
5.54756
1.24318
-2.25172
-0.43949
1.50162
-2.53896
0.47027
2.39639
0.55753
0.11219
-4.39286
-2.13302
7.84188
-1.24773
-3.68602
-6.83705
-6.19278
1.07400
3.96123
-4.02679
-1.35617
9.48636
-2.12741
-2.50171
-2.17618
-2.59323
1.24002
3.12800
0.86243
4.63831
-11.62257
-3.16002
4.31750
-1.87429
9.92783
7.37632
-1.57243
-4.36446
0.80412
-0.78564
1.00255
-0.88123
1.83200
2.19895
-3.67029
-4.35899
-0.26582
-2.13002
-2.83506
-5.46997
-2.10119
6.01052
0.24006
-10.11043
4.99294
-6.74605
-0.90406
-0.28156
1.28347
5.39921
-0.39278
3.51315
0.73221
-2.03494
-3.82652
6.22610
2.92566
-0.42588
0.78777
1.14938
-5.47013
-3.17942
-6.29942
0.39465
-0.29293
-1.49462
6.60407
-1.26779
-2.25094
-0.47364
-0.57357
-2.60081
2.54762
1.25146
1.65041
-3.84936
1.15103
0.43372
-4.84179
-4.42817
-7.92751
9.73580
-2.03518
1.62325
5.74530
1.33222
2.06546
0.87345
1.92433
0.39003
5.19541
-1.62258
-12.46688
-3.77373
-1.73994
8.26578
3.03263
1.98925
1.25040
-1.07019
3.07909
-6.27996
-6.83734
-2.23597
-5.94201
5.50242
1.49437
-9.88406
1.66785
0.64164
2.36834
10.42134
0.11457
-3.40798
-1.46516
0.18892
-6.32575
2.20739
-1.48858
-7.62192
2.01454
0.51362
2.11576
3.70566
-2.98844
5.42591
-6.54826
0.29401
-0.64559
3.86409
3.37548
0.99602
1.78718
1.65886
3.39446
-2.96078
-7.49426
-3.49112
3.81265
6.78854
6.03033
1.26058
0.21756
-3.06870
3.77231
1.23997
2.85585
-0.26385
6.61959
6.53589
-8.21560
5.96482
3.27966
-1.87999
-6.56069
7.85797
-7.54794
-0.43077
7.12894
3.38371
1.62992
-2.65584
3.28041
2.50614
-5.49788
5.24099
2.18067
6.09513
5.25099
-1.94687
-6.71770
0.42594
-7.17010
0.21857
-4.01482
-1.49547
-1.52401
8.70441
-4.71209
-1.08121
2.94072
7.56124
-3.25297
-0.84182
1.00162
-0.81531
5.82467
-5.60031
-2.13854
9.60261
-6.18921
-3.50641
6.06457
7.38762
0.20774
4.95450
1.11714
-10.09771
3.21375
4.50785
3.45237
3.93651
-2.68278
0.67354
-3.47714
0.35579
-5.52599
-4.64438
-2.33798
1.01478
-4.15908
4.74503
4.93178
-7.50349
-2.95769
6.98828
-2.30942
-1.81655
1.28508
-4.09774
-3.97593
3.85932
-2.34868
-1.88808
-0.57310
1.47623
4.70640
-4.05664
7.03530
9.58615
-1.20327
-0.44226
4.71197
-0.99328
-0.12836
9.47785
2.48333
-1.53557
7.73137
3.27949
-7.02907
8.20032
1.00541
-3.81973
-0.43584
-2.38085
-1.70374
-1.17366
-7.49972
-9.46613
5.94908
4.61940
-8.13205
1.81730
-6.47988
-0.36599
-0.07490
-5.93900
-0.52385
2.18278
6.40827
12.16696
-3.46021
-2.19794
4.26966
-5.32512
2.84515
-1.14478
-2.80324
0.81533
-5.56775
-2.57398
8.70705
-1.06319
-3.34548
-0.32757
-0.27998
4.08371
6.49733
0.59113
-1.41733
3.07344
-2.18271
-4.07539
8.60768
-1.22816
3.53670
6.26999
1.04685
0.01609
-3.26657
5.38150
4.30775
4.47431
-4.05755
8.90636
9.64583
10.08367
4.74512
-3.03631
0.30809
1.34488
-1.61672
-5.10893
5.70997
5.90009
-3.87563
0.75415
-3.53114
-4.15731
-2.51216
-4.98209
3.00557
-3.65115
-5.10188
-5.91452
6.39827
-8.93794
-6.73793
13.13318
2.32600
5.28852
2.53192
-1.05092
-0.71456
-9.10218
-2.05627
1.41876
2.10450
-7.56599
0.02151
-7.87004
5.10094
0.70641
-7.14118
-6.53819
3.89588
7.15178
2.55453
-4.15977
4.75616
-2.82010
-7.74530
5.36218
-4.04183
-3.47210
-9.61323
-0.11227
2.71455
-1.33675
4.92757
-3.83848
3.50236
-5.68769
1.01640
2.66534
-3.05122
0.58047
5.39114
5.93705
0.81816
-0.16481
-8.56039
-5.45272
0.16893
5.73113
-0.09130
5.88880
4.10898
2.05488
0.93206
2.95243
1.31228
-0.67879
-4.18685
0.84167
-4.22264
-1.09637
-7.66520
-7.55208
-1.42061
-0.20700
4.78813
4.62897
-9.51346
0.77683
-6.33394
3.23514
6.15074
7.52074
5.18174
6.11834
3.96479
0.48627
-3.39977
-2.61174
5.63069
-12.09144
-2.91244
5.91798
2.73234
-1.42368
3.17539
0.36495
4.07334
6.15619
6.44863
-1.20625
7.96145
-1.01566
-6.66813
-2.08279
6.25258
-14.49923
0.40749
-2.36742
-2.57514
-1.32234
-3.96079
0.71507
2.30189
1.68338
-6.11322
0.92182
1.26759
5.38627
-3.91233
5.79386
18.07650
2.27477
0.00759
8.04220
4.90926
6.34057
-9.05200
-0.65898
-4.27770
-16.55990
-2.61812
4.92547
1.75181
-1.40941
-1.41472
2.26349
-8.25658
-2.48199
0.22270
2.52790
2.53741
-2.20803
-2.17806
-7.74718
-0.58829
2.35008
-3.00784
-0.36271
-3.53959
2.26850
4.66869
-0.89381
0.67909
2.67379
-10.77612
-3.25116
-6.42128
1.05288
1.61380
-7.19551
-3.67356
-4.96260
-0.68353
0.02628
-0.73638
3.98798
5.42123
2.44022
7.21346
0.79920
4.94288
-0.45038
-2.18195
-2.87108
-1.34096
-4.08424
-0.76036
-5.59960
-1.77403
-4.04218
-1.25096
6.68077
10.19331
8.63292
4.12993
7.43213
4.85162
-4.99127
-3.98891
0.35117
2.26730
-1.79102
-4.46760
3.73431
-2.72655
-4.91714
-0.29833
-5.98169
9.27508
0.51741
10.62515
-15.31117
9.67468
8.64869
-1.46048
0.78114
2.81668
-5.68395
0.91690
-1.06030
3.21739
-1.02604
-2.61497
0.61926
4.71911
3.07628
-2.99312
-5.04928
-1.97104
-3.96186
-3.60921
-1.84251
-6.78788
1.01272
-0.17171
5.04935
6.11607
-2.05957
-0.45862
9.00074
-0.89156
-1.08907
-4.01126
1.05050
-6.30620
-2.81456
3.19540
9.59579
1.49502
-0.58923
0.83051
10.05513
7.08891
0.22104
1.18849
1.89877
4.31485
-2.95096
-4.95198
6.42977
7.59205
1.37041
-0.83323
8.87399
3.59776
-4.76855
1.82552
-5.04129
-2.38433
-4.46021
2.43408
3.83642
-3.99095
-0.77056
-5.76035
-3.87259
-2.78053
5.48941
-0.51406
-1.66302
-7.48729
-5.06605
-4.42042
1.84200
1.87881
2.60340
-13.15598
5.56786
-0.02787
2.22015
-1.42611
3.45480
2.89004
-5.54775
10.39001
10.06495
-10.85462
-4.52931
-1.14127
-9.78244
-1.42851
3.47815
1.86893
0.30910
-1.05456
-1.46005
-4.51540
5.21781
4.63547
2.99848
1.19249
-2.58298
4.07277
3.30013
6.43065
1.22183
-2.51440
-9.40906
-3.51368
-3.36344
0.68622
10.35272
4.32592
-8.82570
-1.44977
3.09853
-3.30215
-1.28082
-1.42070
3.60457
-5.55932
1.84612
-3.81814
-2.24156
-4.41730
-8.82492
6.54303
3.83272
7.39396
-1.48848
-3.70222
2.54025
1.67657
-0.29936
2.41055
5.27525
5.17192
0.99077
-1.69510
-6.74737
-5.40673
0.29738
7.51308
-4.87056
-0.67769
3.79314
3.73092
13.67582
-6.28361
1.92999
3.00594
1.53440
10.02936
3.14243
-1.61995
-7.09317
-7.05947
12.62660
1.63832
-8.31454
-8.03469
-2.37275
-5.99871
3.79457
2.45698
-3.83927
2.74285
0.26679
-6.65385
3.71419
5.07062
7.27362
-0.72138
8.71725
-3.91173
-5.33422
-1.84903
-7.01048
-7.59871
11.34163
5.62868
-6.07930
-8.00356
-9.51333
-8.05915
4.22473
-7.50587
3.20749
5.19948
12.16921
3.13390
2.72579
-6.08525
-6.24051
-2.51960
-1.76065
-4.71360
-2.32775
-1.51949
-4.47305
2.74395
-3.13343
11.94336
-0.19317
-1.26281
10.81359
-1.09919
0.42481
5.34521
-3.83576
-0.18041
-0.05284
3.75555
4.74653
0.70254
2.43377
0.50364
-0.15693
1.94744
9.49618
-0.44523
7.02781
-2.55495
8.22043
-1.76663
8.48506
4.26491
-4.38782
5.04087
4.17502
3.08302
1.98078
-4.98534
-6.11840
-3.80774
-6.54952
1.33102
0.94561
0.69321
-3.46391
1.68892
-2.73630
11.84488
-11.71692
-4.47210
-1.85470
6.67822
4.71920
-5.39609
-0.59608
-5.81067
-7.94996
-7.26748
10.05710
-1.20319
-0.95022
1.68575
7.21520
-3.36885
-6.59672
1.45506
8.93078
-5.96741
3.65840
0.37495
-11.36186
0.97376
6.04523
0.38877
-8.46926
-1.15399
-0.04309
6.62494
-4.17612
0.95770
0.51372
2.20260
-0.93930
-3.40643
-1.19415
3.51830
5.95784
3.45070
8.01858
0.77230
0.05163
-5.01231
0.80596
0.44361
3.92758
-9.07036
-1.73321
-7.80773
-1.21061
9.53486
-1.90171
-1.63480
5.08425
-4.59141
5.60710
-9.81342
-4.04336
1.79905
-7.83682
-11.52509
-0.97654
-4.00690
1.87311
-4.66698
-1.74700
1.12284
-2.00093
1.30907
-4.31197
3.13256
-0.82669
-0.04841
-4.49516
2.53954
1.37825
-2.72192
-2.59371
0.09195
4.54685
-7.49293
6.98038
0.59165
3.93069
4.81012
5.51809
6.69573
-2.20940
-1.78445
7.84492
2.07392
-0.48734
-4.26997
-3.07454
2.07053
-3.45362
2.20820
-4.36970
6.19746
2.00333
1.04313
8.21920
-7.81085
1.97858
-1.29600
4.23579
-4.08412
-3.86176
5.42023
-0.03349
-2.80985
-3.00583
-4.26271
-1.49381
-0.58511
-5.84581
-2.57152
0.06214
-3.57454
-0.71548
2.30456
6.17809
1.15940
-7.37749
-1.74013
0.58209
5.16260
-2.88353
-4.82529
0.96763
3.12008
0.91938
-0.09307
1.34889
-0.81571
-5.83206
-1.71757
-11.99624
3.42797
-2.03477
-4.18895
-1.60259
8.55974
0.85569
-9.60324
-7.02502
2.54214
2.62765
1.39636
1.24589
5.42951
-2.19840
3.38742
-0.10408
0.98908
5.92889
-5.87338
7.16244
12.34529
6.45858
5.80949
-0.05179
3.18334
0.07580
-4.42239
6.84075
-2.45891
4.78523
3.33676
-0.05444
0.72237
-0.87213
6.95369
-1.75141
8.22686
4.20831
-2.53004
6.51729
-3.99652
6.47952
-0.21863
-6.22623
-2.85104
0.19289
-6.10091
-1.97903
-3.47765
0.87509
-6.86554
4.13108
-3.12015
-0.91912
-2.10662
1.95469
3.13628
13.29628
-3.64397
-2.30170
6.14550
-4.18068
-6.53045
-2.85753
-0.62663
-10.58369
4.94515
6.87878
-9.05880
1.87227
-10.95189
3.02635
-3.23367
1.05177
-1.07014
1.06801
-6.35781
8.70968
4.06277
3.01898
-4.40716
1.59030
5.09854
2.33547
-2.01937
-2.25989
3.06824
6.07531
-4.02305
10.15146
-7.10401
0.11418
3.40894
3.85588
4.19769
-7.84412
2.28178
-11.27255
0.92710
-1.58802
-0.64430
-5.87234
3.17711
-1.87448
0.55544
0.87104
-9.24873
-0.33384
10.57023
6.11099
10.77569
11.25078
0.46837
5.31440
11.67522
6.63802
-0.45969
5.44848
-6.43023
4.25629
4.62384
-5.36621
-2.36813
-0.71712
-2.15086
-7.88842
-1.65068
0.46063
0.11823
-0.90680
0.75932
2.05321
-4.91585
-0.41328
-0.57626
-0.44615
1.52455
3.26935
-4.82180
6.12686
6.87172
-1.66206
2.45852
3.04314
2.14577
-0.81621
-0.64901
2.43646
-5.51575
4.02616
8.74119
6.69012
-3.47464
5.03903
-3.63313
-6.75783
-1.48517
3.77566
7.10732
2.91622
5.42850
7.41222
4.13846
-2.76816
6.66793
-5.08213
-4.47925
4.94677
-4.26115
2.18709
0.16446
2.89227
0.54496
-2.91334
-0.58787
7.65502
-0.39892
2.69211
6.08226
1.15171
-1.88213
-9.44745
6.19491
-1.13576
-2.10887
2.05713
-4.50645
3.21742
-0.41389
-5.52348
8.40738
0.17106
-1.10843
-3.94956
-2.43453
0.94202
5.83819
4.72422
-7.54713
1.28221
3.27852
-5.13847
2.84322
-7.33570
2.24314
-3.05036
-7.27898
7.13152
-5.07504
-3.48164
-2.16682
-1.52785
-8.73380
-10.01485
-5.93881
9.08257
-3.92974
1.93954
-2.47111
0.57522
-10.18689
-0.01005
0.97992
3.31359
-1.36757
6.94755
-4.43179
-7.14959
-6.11925
1.51933
-4.72345
-0.25045
2.35586
-8.62639
-6.71195
6.97458
7.90275
2.45787
-4.37076
1.29877
3.60045
-3.95496
3.35097
11.79729
-2.22056
-6.87752
-1.25664
-2.41145
0.17554
0.13442
2.47881
-0.12433
11.08162
1.92124
0.37134
-0.34467
4.44854
0.00631
5.47133
0.08929
-4.70775
7.92898
-1.40106
-1.38146
0.84353
4.80999
8.68191
-5.34547
0.60036
4.53066
3.47101
-1.35564
-1.16345
-3.07071
-2.43772
-10.12420
-5.69278
-2.00802
3.86475
-5.03674
-4.65318
-2.82919
-3.21822
2.98679
-0.52153
-0.88516
-9.52377
-2.18846
-1.80010
-1.59324
-3.70896
-1.85911
-2.73437
-5.97687
0.05508
-7.26646
-2.85101
-0.98063
-3.93323
-0.92161
-0.71198
-9.55541
-0.69741
-6.16308
3.19258
-10.90037
2.83534
-0.45695
2.93700
-8.81323
-4.39341
-2.06386
3.04838
-3.92791
-2.67677
2.93738
6.56171
-0.14335
-2.99630
4.63200
-4.88043
4.49058
-4.20831
-0.72040
10.47455
2.93023
-3.41895
-0.28213
2.00343
2.91785
6.07930
2.66578
2.17291
-0.16548
-8.62978
-5.26816
-2.96516
-5.04309
1.04364
5.62228
-1.43583
1.66326
5.65102
-0.09328
1.96292
-4.98039
4.57123
-10.52023
2.72595
1.66382
-0.93899
6.58211
-0.73097
-2.79402
2.08053
-3.76590
6.01812
-6.08719
-0.36314
3.99253
2.33304
-5.80264
0.31497
-8.05468
4.05990
-3.57715
-4.00630
3.69880
1.05247
2.99928
-1.61352
4.04951
0.31752
-7.11404
7.51658
-2.10626
1.51678
2.38154
-0.54661
-7.79301
-2.12878
-6.57106
-1.58748
0.89842
-8.61674
-0.98543
-0.59984
-4.33754
6.83622
-4.65535
-3.58582
-7.89060
-0.51793
3.46134
-5.84412
3.59994
-10.87536
5.20179
-6.02471
3.92542
-0.03684
-3.62450
4.44697
-4.61096
-3.85056
-6.25202
-4.50502
-3.76408
12.34129
0.15062
1.33524
-1.32058
-7.67013
11.15761
10.45293
-4.41236
3.81427
-9.74402
-11.55978
6.04620
-1.46140
6.42974
1.77886
-2.22849
-6.52650
7.47664
-6.62306
4.92725
-0.56916
-2.59873
-5.68934
-10.40045
2.03015
-1.49504
-0.14281
-6.86027
-2.30011
3.43685
-1.70783
5.72615
-4.97543
0.81700
0.50264
4.76583
5.21243
-4.10603
3.34348
0.39103
0.99481
0.03096
-1.18885
5.61423
3.58691
5.97013
0.46383
-1.95548
4.69920
-1.29409
0.71462
5.15385
-2.88734
-0.41505
-5.25575
-0.28484
2.40456
12.02451
-0.05541
-1.14380
1.76574
-5.66967
-1.05647
-1.89053
3.93024
-0.19249
-7.32179
1.63767
-5.09683
6.69687
0.97823
7.02586
5.94850
6.42420
10.10979
4.23692
-0.96955
1.11744
-1.76762
1.79018
2.92987
-0.14037
8.35660
-2.45881
3.24068
-2.55728
8.19740
-7.39826
1.70645
-5.57664
3.46463
6.03890
5.64845
2.82066
1.94000
1.56585
5.47998
-4.25304
9.48112
-3.18728
-0.20021
4.29482
2.37790
-1.28607
-2.20161
2.17946
-8.63696
-2.81209
0.16327
-5.04426
1.16161
-12.53390
-5.23246
-3.16659
5.58598
-2.11945
3.02123
2.59781
1.05658
8.41502
-4.31685
-2.79155
3.09181
-1.06225
6.20178
3.10865
-2.06145
6.09065
-1.81694
-6.13074
-3.38357
-0.01440
-7.63293
8.09197
9.25509
-13.44811
7.86781
-3.14173
-4.76688
7.90305
-7.93433
-0.59829
2.35757
-5.93793
-1.84100
-6.12849
-0.05789
3.71304
3.86676
-0.09971
-4.91220
1.63016
-6.84464
5.07060
4.83356
-6.54507
2.29339
7.32246
10.06529
-0.07212
-6.71559
-1.14588
4.21451
-5.84258
1.46101
-0.40315
4.23615
5.90742
1.30740
-0.43143
1.85845
2.01949
-1.03528
-2.51004
-2.32887
-7.84153
6.21919
-0.45349
1.66361
-5.86235
7.75999
4.55187
3.29672
1.22016
-5.93980
-0.07768
2.08509
2.12239
10.98587
0.82795
-11.58606
-1.23941
-3.53296
-0.47483
3.59798
3.19462
-3.71899
-2.92920
0.66081
5.53501
-1.57858
5.25267
-2.20197
-1.01811
-4.14398
-0.41572
-0.93586
-0.56161
-5.23478
-3.82795
3.20950
-2.45360
0.99652
5.76401
3.93878
1.06100
0.34248
5.07906
1.37041
2.19861
-3.74589
0.58410
-4.94401
-1.14502
-3.58309
1.40374
3.10606
-3.53800
-0.36654
6.09719
4.41388
0.82357
-3.53696
-0.07169
6.02929
1.62568
-3.13836
-2.37221
3.51983
-7.77940
-2.71235
-4.15025
3.23100
-5.06427
-2.93381
-10.10588
4.42803
1.14701
-3.02155
-6.74806
0.59268
-3.82332
-2.61142
-9.40299
1.65675
4.27821
-4.79945
4.34102
-0.42815
-2.40742
2.36269
9.01815
-0.87604
3.69917
3.39484
-4.86159
-5.98660
-7.11271
0.04404
7.40596
1.42104
0.74019
0.01379
-0.65547
2.89729
3.85330
-6.27056
0.62064
5.25892
-9.40516
-1.02099
-4.22653
-13.02051
4.78028
0.10695
0.66005
4.53292
0.06266
3.14454
-7.08921
-3.43015
-2.63542
-1.60793
-3.14731
7.77220
-0.55749
-2.85033
1.66987
-0.28319
11.55784
0.05283
-2.24201
2.56420
-0.02104
-3.75827
-1.62266
6.92941
-14.78645
-3.63504
-3.22550
-1.33706
-2.69725
-3.13027
-2.38179
0.68030
-2.48514
1.60228
6.31472
8.29858
-0.74962
-2.80603
-0.56432
1.22088
10.28456
-2.05467
-4.21836
-2.98742
4.27510
1.27792
-1.54434
1.87106
4.29442
12.48628
-3.75994
2.21710
0.41181
2.68672
-3.59994
-1.53110
4.81356
0.49384
3.22649
-0.88743
-8.26637
-3.39194
1.70125
-4.04509
2.10215
0.44270
-3.29926
-1.32921
4.82873
-1.20015
-1.26147
4.91099
-2.07968
-1.15694
-3.50376
-0.37243
6.75294
6.94855
1.25305
-2.80231
5.99228
10.09712
6.18295
-4.33668
-1.71632
-0.59926
-0.49482
2.80246
-7.57259
0.91536
0.32450
5.00785
2.79255
-9.59674
-3.96997
-4.02093
-5.53654
7.82635
1.17537
-4.32503
5.52265
1.73607
0.68689
-2.89855
1.73994
3.73224
-0.38201
-2.02914
8.23081
-6.68384
-3.68481
2.90056
7.89640
-4.58837
2.75472
1.87170
-1.48740
6.37079
-6.66983
6.00011
-10.42462
-1.19322
7.78153
2.95495
3.09428
-9.78164
4.01637
0.00602
1.37252
0.08825
-1.79747
3.91147
-2.15133
6.78034
0.41699
4.83144
1.21717
-11.85540
-2.23246
-1.36210
2.21125
0.35762
4.42396
1.73808
-1.42264
5.33209
-2.22636
-4.03705
-0.54012
-1.12666
1.18433
9.50083
-2.07314
-0.68299
-4.89628
2.24897
3.82872
-2.53843
-1.47464
0.76070
-3.40180
2.75441
2.02978
8.52655
-0.17794
-0.13986
-0.33173
8.75555
-1.22428
-6.58765
5.62574
4.13309
-0.03123
3.56172
-10.73073
-9.98533
7.59369
-6.20039
1.34377
6.41338
3.08205
-4.85218
1.67741
1.67725
0.97668
2.07497
5.76548
-3.78974
4.10954
9.90563
1.83867
-6.60585
3.30974
-3.66856
-5.87948
3.29835
-9.39612
-1.56700
-4.38400
0.34485
1.63592
0.05742
4.45211
0.78653
-4.24775
9.93528
6.34818
-0.59898
0.22572
4.61742
1.64315
-2.96257
-2.95374
1.06901
-0.35859
7.73339
-4.06229
0.68452
-0.40887
-1.94002
-0.20453
9.51280
-12.07507
0.30441
3.81232
-1.63866
0.95520
0.02634
-3.68740
-1.38674
-8.19655
2.04009
-1.04880
-2.45433
-3.96753
0.65943
-4.90961
7.90112
0.83588
-3.26328
6.03674
0.56210
-6.48648
-2.91339
2.23113
-1.56265
-8.75929
-0.74213
8.22040
0.78782
-6.74800
-3.36652
-3.16265
-2.98524
-1.90822
0.31517
4.29250
-7.21686
-3.31730
-2.25124
3.97165
9.27600
1.87655
-7.01057
-8.13133
3.42293
0.05329
-7.21553
2.95626
7.05408
1.98445
-2.29792
-4.53882
-1.35259
2.46557
-8.27914
3.49577
-2.94455
-4.12279
1.53095
1.20174
7.19392
-1.22918
4.76969
-3.32966
3.88301
-1.71066
-5.64544
0.75617
-0.49552
-3.30471
-2.87010
-4.53203
-6.49651
-4.83975
-2.11054
2.50170
-7.22824
4.26037
4.88066
0.51980
4.23620
-0.16622
0.81797
3.00265
-8.80015
0.58161
1.31521
-5.84353
2.86400
-3.34017
3.35294
7.78866
-5.28390
-0.24150
-2.79191
6.73281
1.67239
1.48835
1.62604
1.88677
3.09465
3.73829
1.54803
-0.35386
-2.45421
5.10708
-7.97792
2.43832
2.45769
-4.50364
5.48700
-1.64564
-6.57845
1.75855
-6.29950
1.82202
0.88855
-2.92445
-0.22124
-1.91048
3.39511
-0.23030
2.19248
3.06230
4.45831
-3.53689
1.72528
7.31105
-2.34662
-8.92321
1.19781
-0.24952
11.22029
5.02310
0.86578
-4.92878
-3.74065
-13.06682
8.03988
-1.83843
-0.77925
6.37168
-3.79876
-5.46415
2.17213
5.94197
0.45969
-3.16593
-6.83120
9.38672
-7.37537
9.05332
-3.87882
5.12875
-1.67571
-1.04259
-9.99183
3.72343
-2.82037
-8.18972
-0.36324
-3.10786
1.06946
6.29073
-7.62260
-6.78745
-7.22625
3.56909
2.05096
-4.89927
8.34025
3.53247
-1.06363
-7.61268
3.26587
8.18357
-3.40681
4.71993
-3.58957
-7.72423
11.28083
2.34924
1.29947
0.53436
1.95529
-7.40195
2.25765
3.75866
2.33780
-0.66191
-1.98162
-5.38397
-8.55170
-5.23334
1.80397
3.17872
7.25232
-4.37201
1.10926
-5.75142
3.79466
-0.78723
9.80409
4.14957
-3.81515
-5.66186
2.06689
1.91597
-7.98156
-2.28500
3.48557
3.87028
3.51371
1.12391
2.08782
-2.38476
-4.05110
-3.46235
-2.53950
-5.11803
-1.60212
3.09200
2.09376
-3.03557
3.24598
-3.47822
-0.21543
-5.35774
-2.77380
-4.98783
-0.56855
1.91302
2.01291
3.67650
-0.51577
-3.17064
4.08844
-1.59016
2.95030
0.89461
-2.94438
-3.07357
5.34432
-6.32749
5.34935
1.19716
2.22585
2.33140
-6.27125
4.16372
0.81952
0.25814
-0.16759
-2.11386
6.32484
-2.79706
-5.10275
-2.93956
-1.49427
-2.85438
-4.32604
3.04267
-1.51908
-2.87960
-3.38209
-3.41570
0.99191
3.45224
-0.30937
4.75390
3.26774
-3.09388
-6.09171
-4.41266
6.27747
-0.41865
0.93814
5.17317
-6.09564
-2.78661
-3.69664
1.92635
7.51155
-4.84251
10.59346
-2.15655
0.00147
-3.47097
3.88698
-8.98754
-2.05061
6.52883
11.90908
-5.06773
5.59416
-0.42863
0.65848
1.47099
3.64890
4.64379
-1.35633
1.26803
-5.61549
4.51837
-7.77827
-1.96861
-2.06188
-4.85523
1.87568
4.46188
-1.16346
1.27674
-4.51762
-0.88987
-13.37291
-5.97008
6.09955
-0.01378
4.66807
2.67752
-8.41043
-3.02270
-0.07329
4.69954
-5.54687
-5.91162
-2.07962
0.40911
-0.09611
1.44612
-7.80966
4.76713
4.74779
-0.14283
-2.47084
0.04933
3.05396
-0.29141
-4.49598
4.84655
-7.40032
1.05946
0.39325
2.09854
-4.38806
3.08743
3.43546
-0.23452
-2.53773
0.00082
4.29184
7.34703
-4.24583
-9.71866
0.57861
-6.71562
6.49016
-3.85130
5.41892
7.46347
2.26904
-4.74978
2.76658
3.42767
2.43995
-0.87262
5.92465
-5.28622
-5.00786
-4.29958
-1.42781
1.14425
-3.74831
-0.70799
0.41020
2.03650
1.76104
-8.08099
0.91756
-4.56842
7.47586
4.73165
-2.81392
-4.25698
3.65848
8.72055
-2.70372
3.43258
-3.61603
7.29141
0.49165
4.95759
-0.28494
-0.65595
1.55318
-4.84447
-1.44628
-4.88829
-4.42942
0.08061
-4.20903
-10.84386
1.30614
1.55961
-2.73819
2.46205
4.03928
-14.62146
-1.78065
-3.25042
-0.36629
-3.74781
4.66124
1.57952
-2.61069
0.89381
-0.60729
0.12813
-4.26103
0.68753
-2.55217
-9.29098
1.07592
-0.38745
-2.22508
2.24148
7.79216
1.99135
0.11456
-3.10249
-0.79125
-1.94748
3.49247
-9.86726
-2.24183
9.45845
-2.05409
3.57502
6.25699
-10.62558
3.17593
1.69563
4.03880
3.39530
2.74728
0.99997
1.31728
-0.15575
1.57882
-1.33037
-8.04061
2.95530
10.54710
-3.12671
7.84931
-2.06231
-0.26304
9.21122
-1.09866
-2.24730
-6.06420
-0.56062
-3.09736
4.33573
6.56999
-0.21859
9.61214
-1.75553
5.92661
2.65757
-3.01328
7.60494
-3.34092
5.51568
-5.67976
-4.19006
8.76873
9.92660
2.44345
-1.49442
6.05081
1.76614
3.28569
-1.41877
-2.91200
-0.18892
-9.25136
3.74344
-3.94506
1.48499
-6.55847
-4.70477
-7.46319
-1.15281
-5.62243
-9.38538
-1.21796
-0.62951
1.38382
-5.29065
2.40306
-5.80501
5.17647
-0.51212
1.55099
1.45362
0.40890
0.21883
-7.07174
-2.62929
5.41274
5.96350
2.17516
5.25383
-1.66994
7.92242
-8.26090
0.04434
-1.93261
10.25888
3.74536
0.72850
1.94738
-3.63683
5.53470
-0.62542
3.44302
3.25065
-2.97009
0.19516
-2.38719
-4.16597
-1.60721
-0.97390
1.74141
-6.56804
-1.39217
3.66581
3.04419
-0.08747
-6.07515
-7.77565
-0.23098
6.90536
0.01849
-0.53047
-7.13463
3.52592
4.17109
-4.22881
5.07503
1.92399
-2.13582
-3.16407
-2.62516
0.88531
-0.25094
0.13952
-8.44874
0.53219
3.04303
-1.72718
-5.10122
-0.16092
5.79653
-1.53831
-0.16313
0.94196
-4.02607
-3.34625
2.47867
4.39321
7.17873
-0.79914
-5.69787
3.67585
-2.49348
5.23983
-0.82077
0.57954
4.52559
-2.27363
2.03992
5.63177
2.27140
7.60082
-2.32573
-11.26091
6.08642
-3.15465
1.09483
5.00732
1.55097
-0.80212
1.72225
-1.48791
7.55705
-4.07361
-8.99199
2.02456
-0.78043
3.18575
7.26558
-0.67059
-5.31551
2.81081
4.27404
-6.57814
-12.90225
-4.32648
3.52155
4.74850
0.39764
-10.07021
-2.62760
-4.88573
1.62254
5.71670
-5.39643
-7.35157
-6.02766
6.35934
0.49690
1.06346
-0.87468
-5.36475
2.99334
2.30793
-1.34438
-8.57418
-0.97716
1.41249
2.83632
-3.01562
-0.13240
-2.83138
-4.70933
-1.71400
8.81419
-2.07776
-2.93207
6.81806
2.57963
2.85519
-4.65855
-3.75389
-6.11434
-0.07962
1.59778
2.45809
1.70215
2.94111
3.75214
1.98320
-3.63986
4.79931
-0.92172
-8.17058
-2.21776
-3.93772
9.69280
-1.46041
-2.16686
3.01336
-2.41224
-3.45569
-2.05446
-4.41054
-3.60515
0.18260
-10.13494
0.89825
-0.89411
-2.98834
-3.68837
12.39189
4.04046
-1.64287
-7.00857
-0.85475
2.17068
-5.55394
-0.79183
14.15904
1.87818
0.61711
-0.15195
11.93887
-2.33080
1.91114
-4.13011
-5.61519
3.63748
1.79138
1.90704
-2.43228
-6.04774
-5.36527
-0.65197
3.84271
-11.28215
4.58187
4.35298
5.05741
0.83676
4.00220
-0.53325
6.36064
-2.27548
2.54787
1.65035
5.62614
-9.41531
-1.68192
6.51635
-5.50109
-3.48303
-5.12370
1.19644
-4.09039
0.00049
0.62549
2.41396
0.16040
1.45594
-0.99669
9.98258
-3.11044
5.93918
4.80759
2.48368
-4.84253
2.67873
-8.24530
3.33078
0.17883
-1.80358
-1.04230
-4.90935
0.98401
-3.25562
-8.41184
-1.48714
-0.49001
0.92912
-1.90824
-3.14980
3.59275
-6.40762
-6.65569
-1.47040
1.60553
-7.77415
5.85533
-0.43795
-4.98441
1.75110
6.87868
8.73019
5.47195
-6.47675
2.07850
-6.39535
-0.64024
0.16400
0.10009
8.91362
-0.44579
6.42944
-2.64677
5.36974
4.88140
3.35589
-0.41925
0.74559
0.83543
-4.29892
2.17564
0.56207
-4.28987
-5.79294
-1.89439
9.12668
6.30917
-0.84187
6.34040
2.22169
15.05461
6.59069
-0.55371
3.78706
-3.55551
-3.41271
12.20441
-5.66012
4.84896
-2.13192
-2.09780
-2.12633
-1.18756
4.07729
-0.52639
-4.16160
-1.85504
3.21459
-3.43806
1.21684
-1.20070
1.47819
7.20743
-2.59004
4.64881
-3.47806
-3.78462
4.26456
1.20604
-6.77469
-8.64224
4.29762
-0.26552
2.29042
1.95457
2.38731
4.87647
-6.44942
9.03966
2.02182
6.28799
-2.12926
-2.59666
-5.15745
-3.45050
2.47378
3.71494
0.58459
0.88938
-4.06107
-1.67183
-4.81355
-3.10046
-2.98495
5.46975
-1.75765
-1.98949
2.84188
-2.25831
-2.04473
6.47587
8.64628
-1.10589
0.23433
-2.92874
0.34723
-2.88958
7.47898
1.43588
12.12340
5.02409
-0.15246
6.21858
-10.13014
-1.27736
4.95060
0.65881
0.19234
9.28387
4.58922
-4.33440
-7.13869
5.43953
-5.57633
1.09651
9.74812
2.76810
3.86999
-3.13148
8.57690
2.02102
-3.04209
-1.27528
10.04872
-0.22167
-12.91076
-3.52533
4.58064
-5.71546
1.35167
-1.74138
-5.97708
2.34758
6.83635
-0.49086
1.42799
-3.13278
2.46392
10.94157
0.38488
-6.92652
1.84160
9.76413
-0.73031
-0.21636
-2.90794
2.28120
1.27798
6.30003
4.46651
-1.65457
3.32256
5.72266
-5.23559
-0.44785
-3.86546
-9.73726
-6.67147
-0.90623
-1.64028
-4.75982
1.34661
-4.60082
-1.43848
4.58601
-4.27953
0.16741
-2.56188
-7.44769
0.65576
3.93498
1.17107
-0.50506
-1.14057
1.36745
1.02883
-0.15428
2.72066
0.83778
-2.19281
-8.99631
-4.11727
7.17954
-5.08275
1.79432
0.43451
4.40931
-0.45282
-4.07930
-0.53709
-1.07165
-3.91280
-7.15750
-4.02050
-3.23042
3.98264
-1.61859
0.98783
-9.57987
-4.72595
-2.00173
-0.84239
-5.14697
-0.54533
4.01278
4.82796
-2.17840
-6.79861
0.45226
7.23274
-2.62775
-5.20939
-1.18660
-3.01995
2.81570
-4.82011
-3.55333
-8.74648
-2.39119
7.57256
0.63559
-2.61614
4.73022
3.52684
0.14939
0.64804
2.69931
-0.84478
2.31123
4.84510
-9.13378
-0.92623
8.16273
-3.47327
6.24978
-7.21426
-3.83885
5.73713
-1.80242
8.34638
-1.15818
10.17794
7.29949
-2.63835
-3.07242
-5.74486
1.15879
-1.05038
2.31484
4.25583
5.35077
2.60338
2.21191
4.16750
-0.31020
-2.60052
-0.45986
2.63767
10.40212
-0.27634
8.40064
5.57032
-4.31113
-2.94456
-5.78852
-2.41191
6.16002
-3.29522
3.35443
0.06717
2.00175
4.99744
6.70022
-3.08638
-8.61937
-1.57614
3.71312
-0.22236
-2.46377
0.51316
3.28412
-5.50998
-3.40489
6.97816
1.99727
-0.88126
-0.58109
-0.90628
-3.55506
7.87107
-0.27362
-13.06737
1.54963
3.95571
3.35900
-2.81522
-0.01025
-2.11094
-1.92143
9.58772
-0.68937
-2.43288
4.08238
-10.80371
-11.62755
-1.90776
2.41895
-3.61080
4.91396
4.57101
-8.28174
-0.42883
-2.13649
4.76807
6.98971
4.02298
4.28852
-4.08068
1.86238
-0.76982
-8.26550
6.28345
3.53718
-1.04494
-1.75302
-0.70918
-1.09339
-1.98130
1.22503
4.11901
3.03509
8.45911
-2.10814
3.39814
-7.24996
-0.86179
-2.55848
5.12207
-2.12371
0.73369
1.26623
-2.12177
7.74778
3.25349
0.33995
-3.95250
-3.72452
2.91853
10.22519
8.67338
-2.12880
4.28466
0.88675
2.49584
-1.63870
4.65123
0.09812
0.34514
-6.24628
9.54710
5.72214
-5.33225
3.38726
6.61449
1.53409
1.24928
-1.12343
-1.13319
-5.26346
-13.88131
-1.34767
-1.78854
-5.03507
-6.29144
-3.83951
2.64742
0.13600
2.66036
6.37414
-3.10263
6.61917
3.14817
1.41648
1.99542
-1.37882
-2.39032
4.08981
-8.27902
-4.89593
5.71233
11.61408
2.13922
-4.44945
-16.01245
-2.30724
-9.33514
-0.06806
-3.03525
6.38438
-1.02278
4.79993
1.91270
2.39940
-2.75776
-0.04273
7.56673
-4.42884
-7.05957
-10.63319
-6.88071
-0.73494
-2.31236
-4.29779
7.43591
0.42407
2.90380
-5.15509
4.02842
-8.49585
0.72080
-2.13139
1.45047
-2.87225
-1.78783
-5.48210
9.85671
-3.29240
-1.04828
-2.96872
-2.82305
2.70408
11.28632
-5.16160
-6.17091
1.08528
-1.84690
-0.84468
-1.73429
-3.79476
-9.50212
-0.70573
-4.47391
0.02816
-3.92422
1.41696
1.01483
-4.17181
-2.78081
-2.47824
1.45534
-8.23935
6.11811
-7.08363
2.00591
-10.26194
3.31934
0.99593
2.30666
-5.65276
5.14797
-0.25577
-6.33726
5.00845
2.42318
-8.20152
1.48474
-8.42668
-2.64486
4.33964
-2.29991
8.63745
1.50298
-4.91768
5.71291
0.80927
-4.08926
-6.19446
7.35365
-1.15700
3.54310
-12.90465
-0.33038
5.62852
3.85119
-5.17632
-5.02432
3.52463
1.65056
-1.15424
8.10642
3.09716
10.69966
-0.73036
-3.58140
0.97659
-6.40429
-4.61644
-4.18195
0.27641
-0.76089
0.60125
-4.28097
1.46964
-8.33001
-9.68066
-4.34963
-7.76565
2.75947
-1.05180
3.92917
-5.13532
-3.85892
4.09015
3.81337
-12.34512
3.05472
-0.06781
-2.39316
-5.08090
8.70494
-2.89000
4.44684
-7.12898
-2.70671
8.36862
7.29152
0.71223
-7.13502
-0.75562
1.76541
2.62210
-3.35932
-2.59793
1.16775
1.76300
-1.01736
-0.76345
2.43198
-3.45528
-6.03528
0.50325
-3.96037
8.80644
-2.06512
3.17219
2.87602
4.26131
2.08914
10.28060
2.98099
-1.36054
6.45848
0.09030
7.16909
-3.47915
1.90626
-1.41580
1.58452
-2.23412
1.83177
0.82106
-2.77957
-2.62461
-0.12117
3.01404
2.52291
4.06222
3.49530
-1.16141
-0.76084
-3.65293
3.57339
4.32399
-1.54350
3.34141
5.33040
4.70422
0.20684
5.33514
-9.69581
-4.33448
1.87566
-0.14739
0.00334
0.83852
5.49069
0.47462
-2.07995
-0.81628
-1.19289
3.87271
6.75306
-0.82877
-0.19948
-1.68212
-2.45808
4.17965
-1.16261
0.46121
-1.75697
0.42854
1.52286
-0.81315
13.68503
0.21618
-3.50495
-2.30279
0.53631
-4.03945
-4.34032
-1.39402
-1.51802
-5.52233
-2.43255
3.20998
5.10672
7.87996
-12.18055
7.38893
1.19926
-2.81686
-1.87198
1.67745
-5.69130
4.67981
0.27834
-4.18334
-2.55070
9.12116
10.91930
2.73551
-4.34556
3.66986
6.45293
5.98915
-0.55823
-4.65879
-6.95250
2.64209
-7.01894
3.40413
0.12307
2.72788
-6.03408
-2.45008
2.46862
4.12487
-2.07651
6.93368
3.79348
-0.46359
-2.63157
2.09033
2.02927
-6.09639
-3.90292
1.71620
-3.27744
-0.16393
-2.76034
3.01427
2.43970
0.80490
-2.84735
-2.83364
-9.30349
-1.91147
-2.33258
1.76855
6.26310
2.67113
6.40368
-6.66991
-3.86045
-2.11298
-0.97961
-6.90168
-0.78928
8.34910
5.92277
9.50151
-7.01265
-8.52910
-4.26728
-0.72890
2.28751
-1.32613
0.77210
7.28518
2.74352
1.22951
-6.13091
-9.31574
1.93905
0.78863
-9.76444
-4.42570
1.15977
0.49301
-3.32084
-5.41279
1.39139
8.15310
2.19205
4.53916
-13.40838
1.70157
5.13327
-7.83408
1.55767
-3.73235
-5.12742
1.57804
-1.92319
0.20756
1.97115
-1.73790
-3.63822
-14.11254
2.98790
-0.93345
2.63156
-14.06642
7.03901
0.46064
6.16298
0.11953
6.77145
5.06483
3.15561
7.55435
-5.13982
3.80365
1.17710
9.81229
-1.18249
2.59990
-6.98124
0.41420
-2.36218
8.99278
4.13186
4.30074
-1.98769
6.90212
-1.88686
-5.01574
5.85869
0.14483
-4.94323
0.04053
0.18647
2.80286
-7.70982
9.59695
4.10611
-1.02341
1.28601
-3.42013
-0.17816
-4.43934
8.48620
-2.87681
0.34769
1.95343
0.97251
1.99586
-5.33928
-5.98352
4.90438
-5.80660
-8.51291
2.37551
-3.78972
-2.79739
-1.44692
-4.91519
-1.48295
3.78566
-1.20678
5.58841
2.40660
-3.24414
1.89120
0.60273
-0.15540
1.69176
6.69902
-0.35222
-2.40461
2.42352
4.34300
-3.55623
2.31064
1.65012
-5.69712
1.72094
8.70583
-5.38818
-2.60180
8.11526
-0.70880
-1.20281
-6.14009
-3.80649
0.74218
1.59206
-0.62115
-3.62268
11.66917
7.14975
2.60106
-0.67340
6.21657
-7.78117
-0.53472
6.99786
2.67495
-8.73956
-5.76146
2.44623
0.20907
2.42106
1.00288
1.21937
-8.04818
2.72979
0.82025
-2.12268
4.08988
10.43867
-10.41735
-3.87283
-0.66306
-6.98042
-6.72099
-1.17579
1.05474
-2.71737
6.12623
3.56938
3.36306
0.00162
2.54341
8.62196
-5.17856
-1.73221
-1.62298
3.00908
-6.30206
0.67172
7.31984
8.26593
7.25431
5.91105
1.17689
5.32123
-6.62579
7.52208
-7.15985
0.14060
-2.27683
-5.57851
-0.50098
-2.86305
11.29324
5.14536
3.14875
-1.19183
2.40885
6.98933
5.15819
-3.08318
7.54649
-7.33714
0.07666
-2.74705
-2.53823
-0.50029
-0.03751
12.55601
-1.21211
-4.20118
12.52623
8.13969
-0.55487
-2.64153
-6.12348
-1.08388
3.23121
7.13759
6.85176
-4.40917
-12.98807
0.70914
-1.34176
2.25221
0.80848
-3.53870
4.84573
-0.08783
-5.65421
-5.71953
-3.28045
-0.87279
4.50140
0.61395
-2.29387
-10.74125
-5.40520
8.50438
-4.87240
3.54188
-2.32493
-0.00073
2.93680
-4.57516
3.47942
-3.06999
-0.01612
-2.34398
1.05513
-3.90219
-1.96347
-8.54626
6.84398
-3.10830
-2.51486
2.78372
-0.37605
-0.66172
8.95877
-3.82011
-1.89065
5.77021
-0.24513
-10.70225
-7.60596
-2.60360
-0.34010
7.84592
3.69926
0.14492
-13.43323
4.68641
1.52917
-0.36864
4.65289
-4.17577
-0.63919
-4.84076
-11.37663
4.25475
1.40623
9.13927
-11.22490
-3.47516
3.61211
1.53933
3.26815
-1.36857
5.54289
5.71430
2.61057
5.91480
0.93418
-2.21413
5.35375
2.01422
-7.08659
9.58009
-4.33938
-0.12296
-3.55155
-9.06017
-3.54789
-9.71710
-1.88413
1.49536
-1.90614
-2.72258
-1.57871
-4.64706
0.84214
-5.93177
1.48989
-2.84949
-2.69551
0.67051
9.48050
-0.51512
2.90529
-5.98015
0.75967
-4.76075
10.31342
7.63852
-5.17289
-0.54009
5.82777
-4.44782
-0.84363
-2.92735
-1.63583
5.37661
-5.95255
-13.85319
-3.61029
1.31531
-2.08207
2.32277
-8.07787
2.31700
-1.25308
-3.40249
6.98588
-1.62241
0.29965
1.76374
-7.92686
-2.04544
9.84858
-0.01810
4.43892
2.37690
2.80012
4.80552
8.75195
2.79621
0.51825
3.55309
-4.17024
6.88874
-8.73606
-4.93450
1.27046
4.70635
-3.24057
0.44593
2.16897
-4.71359
-6.33634
-5.67444
0.10523
-1.44769
1.29707
2.69213
-7.83962
5.72853
1.70289
-3.78664
-10.22823
-5.51532
0.26397
6.57682
-2.17224
-7.12552
2.41328
-3.69116
0.45879
3.61167
-3.87483
-1.52356
2.92324
0.63999
-1.66403
6.55347
0.52348
-0.92901
-5.06643
2.48456
0.93662
10.81639
-2.08913
-4.98042
-11.29203
-1.52136
-0.18174
0.47063
-6.11333
-1.31706
1.63289
-4.85634
0.19565
-1.78325
1.94195
7.70711
0.69865
0.34816
11.97931
-2.55401
-10.63177
-3.57575
-0.48702
-2.93881
-1.36588
1.39086
-0.78498
5.19475
2.77615
-1.02889
-2.56726
3.36189
-0.83862
-5.06799
-0.38730
-4.54046
-4.45789
11.79993
3.66987
-7.11696
-3.44575
-6.03620
-1.73487
-4.25699
1.04253
-7.51125
5.58912
1.02717
-7.65772
1.33394
-4.76309
2.20627
-7.22976
3.25010
-6.58632
-3.66744
4.35794
-0.62828
3.57866
4.18930
4.98016
-7.11236
4.82506
11.02298
-7.19478
-7.60948
0.69281
5.37254
3.25779
-2.78576
5.69986
-1.94696
12.39887
1.65275
1.75091
5.93379
7.88711
-3.68872
-0.72834
-11.82146
-3.45388
-2.96519
-12.26916
1.16344
-0.83429
-1.20693
-0.00817
-1.26707
-5.48837
9.34835
4.65057
-2.24004
-3.51654
-3.43068
9.52997
-3.60971
-0.97872
-8.11195
-3.00700
-2.88657
11.28185
3.48317
8.61115
0.90746
3.12350
2.66098
2.27452
-2.90767
2.54916
-1.31315
2.47443
-7.90479
3.34925
-5.41858
4.39645
-6.46124
-5.54957
8.69064
-9.46624
-0.85217
3.02356
-6.32177
3.06322
-1.13633
2.59259
-6.59125
0.43935
4.91630
-6.93944
6.71078
-3.17970
7.66119
-4.75922
-6.58437
1.28862
-4.85142
-1.83742
-3.16317
4.76436
-5.94143
2.78344
-2.04891
6.67087
0.32428
-4.06265
1.24059
3.63981
1.81521
-3.06247
0.18160
4.66893
3.88646
-1.27348
5.61002
-0.61489
3.38707
-1.64006
7.06014
0.20619
-14.13835
-1.54266
4.28000
-1.69489
6.02566
-3.19370
10.74174
3.96271
-2.56828
-6.98081
-6.57654
7.14804
0.08601
5.01907
1.45533
-1.42353
1.06299
-8.12919
-0.02253
-1.19302
-8.51224
3.62172
-12.01483
-2.50748
6.22436
2.30169
-4.90187
-0.62600
1.83843
-0.94488
5.54058
2.06253
-3.59030
2.96500
4.88035
-4.53995
10.30708
6.03563
-0.91927
-2.37601
-5.75204
5.99520
0.30484
0.95430
-9.66896
-0.33579
-0.51009
-2.67357
-5.12666
0.68789
4.89037
0.69138
1.34867
-7.17322
-0.40999
1.77240
0.40757
0.02459
5.01581
-0.02053
4.81876
-4.63691
-2.49162
5.78352
4.08491
3.07804
-0.50932
9.69305
-3.50019
-2.88032
3.09022
-6.70409
5.98778
0.09702
2.56871
0.38821
-9.41640
-9.10547
-3.19218
-0.77731
-0.89145
10.96132
-0.10607
0.65402
5.62096
-6.42157
-0.03185
-1.06635
-5.24529
-0.03744
1.50698
-5.17969
1.09007
2.32478
2.24983
8.16205
-1.38379
-3.68129
9.18767
0.65895
-2.21417
-1.61869
11.61707
-2.04420
1.62216
-2.70445
-4.30971
-4.29284
5.02791
4.06935
-5.96879
-0.25484
3.03914
4.37588
-2.52583
-6.21447
-5.09499
-3.26310
-0.46458
4.50502
4.26992
11.35219
-2.78834
2.82411
3.57852
-11.69040
2.72141
-0.20604
4.34222
-0.39245
-4.29661
7.26508
1.21744
-4.68007
-5.01873
-1.89568
3.95238
-3.94735
7.41894
7.11219
-7.44769
3.26919
5.21913
-4.48777
-5.11106
-7.65911
2.24273
-4.08574
5.43888
4.19039
6.30521
-2.90030
-4.17465
1.14669
-7.10951
1.04104
-4.08684
-2.46187
3.74513
-3.56396
-2.49421
4.50112
1.93316
-3.78939
0.21748
3.42115
-1.08460
2.11313
-8.81016
3.39334
6.12278
-0.83909
-4.03478
2.55599
8.34723
4.02575
4.27523
-1.91106
1.40804
8.60738
6.62990
-9.31399
0.34088
-4.44825
-3.76370
-4.94109
1.54276
3.16153
-7.85337
5.82991
-0.01881
4.55279
3.55821
-0.53845
-0.40133
5.00406
-1.95678
-3.33679
-0.44263
-3.61951
6.02712
10.95818
3.31082
3.48998
3.07442
4.21144
4.67381
-2.82040
0.65517
-11.05684
-1.08874
-14.25514
-1.00726
-0.94199
-5.34200
6.51105
5.08070
1.67051
-5.40179
-0.42798
-1.81552
5.23565
-0.42254
-0.22545
-0.41315
4.91963
-2.74263
-0.08162
9.34481
-2.73398
-3.20088
-1.25692
1.65586
5.60090
6.43417
-5.01402
0.49686
-4.09479
4.27167
2.65515
5.61336
0.46671
0.79769
-0.93266
-2.24962
-0.94931
2.36195
-7.04590
5.83354
0.56262
2.65212
-1.50925
1.75019
2.67379
-4.63215
-1.48323
1.26913
4.38292
1.59654
-3.08964
7.98876
-3.21932
-2.70340
-4.04129
-5.91579
-2.28007
-4.30090
1.66060
-8.48503
-5.68315
-9.33133
2.78639
4.57694
-2.75106
2.27621
3.70900
-5.58359
-0.61540
-1.97321
-1.90712
-6.32188
-3.06301
-8.86030
-3.76161
-4.49497
-1.54064
6.24753
2.91474
0.22865
-1.04074
-0.60703
-1.85361
1.42806
5.16594
7.17631
7.28431
-0.92222
0.95364
-3.01012
-8.04970
3.63045
-2.77613
-8.14974
-2.04644
9.53928
-1.52381
0.12124
4.80059
-2.56363
-2.93754
10.97647
11.32084
0.27145
-2.88404
-1.82377
3.14584
-2.34951
-0.41714
-4.77628
-1.32785
-6.54531
-2.49572
-12.43734
5.61057
3.44026
3.27880
-0.19928
4.21705
-1.64691
0.04868
-8.82107
2.10078
7.74686
9.55122
3.69899
-0.07512
-5.31897
-5.02526
8.72515
0.55494
-1.16122
6.93792
2.13101
-4.89122
-2.22162
12.10425
-5.93699
-6.44177
-4.59652
-1.67600
4.02975
10.14869
-1.00644
-3.25377
-2.70500
5.35355
3.34862
5.05385
6.91274
-3.00252
6.85322
4.14019
-3.60714
2.04280
-1.11946
-0.37028
-4.08937
-1.44378
1.34484
3.33788
4.64838
-1.36034
-2.17190
-4.42232
-5.74058
-2.82754
-8.42834
5.89894
-0.16478
10.66487
0.12523
6.25185
-9.06626
-5.56494
0.11011
-4.58444
3.79644
-0.20413
1.85338
-2.13894
-0.33923
9.54042
-3.76375
-1.17325
7.46025
-1.28998
1.36896
-5.07406
-5.29376
-1.28379
-5.91095
5.70494
5.56184
-0.48958
-2.26406
-7.97398
6.66989
7.46390
4.59238
1.02379
5.40861
6.09256
-2.08030
-0.28844
4.75993
-9.56325
-5.54817
-8.15874
0.33703
8.83240
5.82200
1.52260
4.95740
-0.37530
0.73231
3.84095
11.89133
-4.43459
-6.00720
1.87624
0.13241
-6.46739
-9.76987
-7.12039
2.81466
1.17179
-1.40109
-9.44437
0.10708
7.70050
0.31050
-1.39542
7.22877
-0.74166
-2.96854
1.44772
1.80260
2.49354
6.43195
3.30786
-3.76966
1.30944
2.89093
-7.58269
-2.25258
1.38785
-0.82181
-4.61432
2.33282
-6.80770
6.69808
2.92927
0.18440
-4.29783
2.79290
5.22937
5.14330
-0.90252
5.60647
-6.68611
-4.72521
-1.93578
-5.70802
-5.57323
7.60852
-4.95908
-1.56463
-2.51666
-4.16489
-6.92487
7.02209
-0.26977
-1.35290
-10.04198
-9.02846
0.79985
0.99871
7.73939
3.34837
5.10404
-2.75487
-3.67858
-4.63950
-1.39027
7.57575
-2.59456
1.96956
-0.32744
0.47170
7.27562
4.24345
-9.22854
-2.24609
-2.50526
10.64060
0.12701
3.92016
-3.32965
11.04095
-10.99975
-5.54940
-1.11807
3.99688
1.38409
-3.80355
3.49749
3.37554
-5.25235
-0.46037
1.36850
-0.37728
-0.77952
5.09877
-6.89218
-7.14307
-3.64727
-1.07129
4.90116
3.69797
1.36149
3.47901
2.88415
3.05859
2.30457
-8.50978
4.14900
-4.83343
-0.55542
1.97748
-0.22194
2.78588
2.99534
-3.67599
3.67482
-1.99853
2.39527
-4.56688
-0.72991
0.05559
-0.49414
-3.16354
1.75960
6.10895
5.95272
-2.89690
2.62477
-2.61334
-3.38484
6.60929
4.70590
-2.09939
0.78658
8.77619
-11.13930
-1.08252
-8.22208
-3.99196
3.51836
-6.33377
1.06797
-3.03107
6.32030
11.16800
3.68627
-2.00924
7.93545
0.72698
-1.07612
1.68360
7.22159
2.61944
-5.80389
2.15911
0.54640
2.02822
-0.35117
-5.71548
1.02877
1.25375
3.48137
-1.92008
4.73284
1.51493
-3.17969
1.73162
3.91661
8.41593
-1.80721
0.13542
0.33377
-1.29502
-6.98626
0.05129
2.50340
2.38709
0.05013
-4.82826
-7.02814
4.68977
-8.75325
-4.97446
-7.09352
-7.86113
-6.17455
0.62340
-5.47419
-2.46524
-1.76128
-6.76444
4.40763
-0.64239
0.62289
1.69562
-3.30036
1.93250
4.50941
-2.91125
-5.33377
7.27652
3.28567
0.33226
8.98909
-4.38132
-2.38844
7.43793
-6.54240
6.52484
-2.34590
3.17384
1.63045
1.41703
-4.13778
-0.93693
8.68069
5.39828
-6.96683
-4.75233
3.42848
-12.34647
5.11091
-6.66999
-2.68223
-5.93605
2.25031
-8.81966
-4.82230
-2.28240
-6.43579
5.11202
6.23987
-1.67633
-6.23699
-1.16185
-0.74789
6.54264
-7.23886
6.61860
3.94991
-3.73715
-4.20735
-0.93240
6.15066
-3.32096
-0.63136
4.49944
1.30850
-1.45253
1.42925
-4.51640
-7.17932
-0.82345
-8.56426
-7.22942
-2.14591
2.11474
0.99780
0.95478
0.83123
-8.89884
-4.68269
-7.55000
-3.25016
-1.80680
0.76367
-2.68295
4.31919
-0.09591
-8.69172
-3.94889
2.35423
-0.48007
3.76928
8.23533
2.37594
6.54861
-7.20473
-1.62097
1.83511
-0.89891
-3.74885
-0.84230
-3.05266
-0.40752
0.52302
7.08983
-3.76690
-3.08858
-6.96805
1.33122
-0.54456
8.41763
-1.85226
-4.48182
-4.35902
-3.95774
-3.66284
5.66038
-7.23530
2.98325
-5.35259
-0.24666
6.21580
-0.40459
7.43909
-4.88192
-1.68956
-4.73673
6.50496
-2.68549
-9.95678
-9.69714
-1.76967
6.81080
-1.35288
2.69221
-3.51164
-0.87619
-2.23181
-4.93810
-8.09547
5.13859
8.22363
-3.28191
6.89497
-0.35707
-3.43730
8.23032
4.76214
6.94361
0.66393
-5.76904
-5.45193
5.41052
2.54883
5.81871
7.18811
2.71403
4.25223
5.96687
6.87160
-3.42069
2.87457
-5.22356
1.14251
7.63508
-4.55649
-8.65689
-8.51010
-3.89904
-0.35248
-8.25539
-1.29805
-1.90058
-9.70444
3.90962
-5.48447
2.37236
1.75498
-8.57509
5.63682
7.52125
5.56711
-0.51837
-2.60910
-6.46965
6.83115
1.22855
4.77016
2.94137
-5.85705
-6.77703
5.29009
1.58862
4.02579
-0.45090
8.37693
-6.24098
0.30595
1.02337
0.59072
0.41914
-3.32035
-3.04346
0.86074
-5.49614
-2.76083
1.44831
1.80315
-1.92984
-3.14433
1.95010
5.74680
1.83195
-4.08108
5.92479
8.05804
4.17853
-2.10699
3.02736
1.04258
-0.65652
8.22188
-5.13658
1.20162
1.33014
1.11223
3.57456
-5.39933
0.31092
-1.41165
-2.24698
-7.03856
4.47633
-9.76690
2.55022
0.28296
-5.10636
-10.88967
7.00102
3.96487
10.15214
1.16053
-5.39484
3.88526
-3.59304
-3.84105
-4.59526
-3.06684
-0.59416
3.28831
3.99543
2.23122
-8.03083
5.00280
5.85293
-2.43495
-2.96341
3.39853
-0.93760
8.31075
0.20700
1.11486
3.77741
0.21837
8.05476
-3.92765
3.87902
-3.39681
-1.60492
3.98060
-1.52618
-6.70869
-2.43041
2.57344
1.46980
-4.68148
3.68887
4.25674
-1.87965
2.26144
2.41989
4.91751
-7.08535
2.02312
-3.42543
2.33240
0.17296
3.16680
-1.08627
-1.75454
5.31105
-0.52219
4.60722
-6.92554
-1.40283
-4.97746
4.16345
-6.77351
-0.05646
-1.68881
-3.72527
-5.00714
2.99021
7.15103
-7.86868
-4.02353
7.23481
2.75336
0.12921
-6.52074
7.08113
4.25108
-8.42430
5.43364
8.29505
-11.57000
5.37407
-0.03045
6.90804
-4.02787
-4.39117
8.19007
1.43024
-2.91846
-2.93904
-0.07381
0.09520
-5.98747
-4.29114
3.96841
1.29281
-2.91064
3.54213
4.71427
3.64581
-5.55581
-1.35899
1.07162
7.76756
-2.33818
8.22869
3.47747
3.70476
2.36741
10.81060
-3.51677
6.12214
9.39396
2.17963
0.13727
3.38702
-1.55436
-1.25817
-1.86474
6.76741
-8.31265
0.43043
3.90172
-4.01223
-7.51121
4.87993
7.05767
-0.97882
3.33254
1.47951
-2.60174
-3.17022
2.29081
-0.13008
4.33767
1.63836
4.77894
2.42086
2.75330
5.61438
-0.39425
-1.09611
-4.48056
3.39294
-5.02174
-9.82341
-2.92209
10.64558
3.33794
-5.24225
3.26816
2.66593
4.24003
-0.11426
-4.59546
-0.58277
-7.53146
1.73190
1.01844
-3.99786
-4.01045
-3.70139
6.28787
4.16051
1.67116
-0.29908
-1.91578
4.79161
-8.01035
1.39055
-1.42753
1.15135
2.41248
1.84048
7.39286
1.24131
6.13754
0.49746
9.66916
4.05696
6.94496
-1.88655
-2.47782
-3.89023
-3.91622
-1.07810
2.18398
-2.86824
-3.37959
3.01337
-2.84777
-4.12798
-0.80108
7.80146
-6.22211
-2.69648
-2.21288
9.20516
6.06341
-6.62276
-6.85410
-4.74765
-0.26687
8.29545
-0.52510
-4.04405
-5.54587
6.24864
-15.41086
-5.91042
6.30059
-0.93920
2.70755
-2.41497
3.26945
-0.66489
-3.19069
4.15273
1.18924
-2.96981
-8.82453
1.00671
-3.49813
-2.83473
-1.28891
0.20834
2.31129
-6.47734
8.93219
-2.13436
2.81891
1.85441
-6.07521
-3.80995
1.08199
4.64424
-2.89281
-7.09023
-0.51879
-0.78759
8.13219
-2.05941
-5.22965
-4.97856
1.90424
-5.02442
-0.63676
-6.53451
-2.41050
-1.02355
-0.35371
-4.24877
-2.48280
-5.17014
6.94158
-5.15511
3.16571
-7.07466
10.06559
-1.63010
-7.51399
5.06084
7.22002
0.49999
-8.79855
-6.28605
-12.10186
5.56209
12.87373
2.27456
-1.90123
-4.73524
-0.07561
0.29475
-10.92957
-0.36717
-0.79905
-7.36326
1.71012
12.61286
-4.46081
10.68523
-6.08114
1.64364
2.49600
-4.10845
1.20377
-5.28660
-2.50155
7.11520
0.59100
1.09722
4.22339
-1.22081
-5.98508
3.26430
-2.36310
3.74930
5.42932
1.29855
1.66834
-6.20953
-4.44327
-5.26558
-2.47009
3.87500
-6.08840
-0.73641
-3.45788
16.47270
5.78539
6.93989
2.17928
-0.46589
-4.81083
10.65670
1.38631
2.64059
-11.66628
-4.66880
4.18717
3.05045
0.21853
3.40304
0.42910
3.57322
1.25774
-1.85195
-6.73111
-5.70971
10.41724
-0.24259
-2.35443
-2.80457
-1.71806
2.10244
-6.39176
4.78709
-1.56375
2.91964
-2.46884
-6.49875
-4.62292
5.90071
-9.45890
0.39235
-2.66881
2.81822
0.56511
-1.00020
3.11708
-5.08693
8.96975
1.76456
4.35509
-10.52522
-3.88536
4.77740
-12.44439
4.63393
-0.03511
6.53715
4.82364
7.67541
-9.92072
-6.07722
-1.67636
6.30108
0.38787
-0.38526
2.76510
-6.23753
-1.47939
-0.72655
0.61942
6.27624
-0.52842
-0.73301
0.05572
6.66484
10.29164
2.19560
5.54250
-2.58795
-0.24944
0.21835
1.83988
-0.23229
4.34357
-1.35627
-0.62371
2.58331
-3.26336
1.49045
4.22103
-0.00146
1.94475
6.82752
6.00356
-0.13194
6.85676
1.31393
1.92639
1.30307
9.35441
-1.64009
0.29111
-4.09007
-0.03943
6.88328
3.81146
-0.07115
3.69061
-0.63001
0.46805
4.99917
0.54144
6.71463
1.00318
-1.70987
3.78339
-4.70438
0.76181
5.82596
5.22593
-3.22431
-1.11767
-2.48208
-6.06396
-5.78330
-4.74518
0.19421
-3.67645
-5.17642
-3.53872
-3.53709
-0.59235
-5.17867
-3.01528
-7.38974
0.28142
7.12971
-5.89730
4.16159
4.38365
-2.75712
3.67213
10.27778
-4.40558
0.06028
-6.09879
2.33423
-1.19386
1.04261
2.52092
3.90121
-2.68529
-4.69798
-3.50942
3.45527
-4.84176
-0.41512
1.53049
-1.52612
0.92369
-1.37959
-2.26452
6.39856
-2.41367
-1.73860
1.91088
-1.57763
6.78811
-1.44519
5.07061
-5.49395
-8.36758
2.92753
5.12827
3.39918
-4.59127
4.59739
-1.96634
-2.04845
-9.42863
4.80328
-1.14984
-7.01326
-2.33757
-2.28464
-1.89656
3.46599
-1.38389
7.36117
0.54877
3.71683
-1.34080
11.39370
1.35334
-4.86799
9.53052
-7.51316
2.77701
-2.61806
-6.24611
-3.27147
-4.15654
-4.44891
2.53825
3.63128
0.08023
-4.92198
-1.63774
7.59531
-2.50649
1.25408
-2.53762
2.81297
2.49704
-0.44799
-5.66946
-3.56567
3.32509
-1.25612
-2.39951
0.37020
-2.30934
1.01833
-0.72041
-0.54021
-3.25816
1.81742
-1.63648
0.66324
6.12616
-0.55056
-11.84736
-1.30389
7.71725
-5.26913
-10.20851
1.41101
-1.40489
-0.12446
2.32354
-0.27758
8.57206
4.88331
-5.08580
8.68030
-6.70849
-6.12991
1.23365
4.73262
10.86732
-9.03750
-5.43336
-6.79559
2.27416
1.83442
-6.82520
3.49281
7.90760
4.39025
3.01373
9.71362
1.60970
1.99021
-1.20579
4.69359
-0.54447
6.76308
-6.89530
6.07413
-0.25584
-0.77114
-5.42902
3.20074
0.13257
-2.19748
6.56331
-0.46772
5.09307
-8.03245
8.86242
-4.68119
-6.87909
1.08819
-6.83224
11.36389
-1.92405
-6.13354
-8.09112
8.69093
5.63372
0.15718
0.34574
-9.18500
-2.25449
1.29081
2.86199
-2.14035
2.25672
-6.01819
-0.29495
-1.76894
3.37089
4.61219
2.08480
-0.19907
-2.57607
-2.65391
-1.52585
11.68439
1.14233
-3.63399
-8.98869
6.04037
-1.26247
-0.05541
-0.52416
-3.12717
3.91526
-3.78720
-12.18957
-4.04252
0.11247
-0.96756
-0.57711
-5.19353
-0.90218
-4.47205
1.25196
4.21547
5.02529
5.54396
-3.43228
-3.09554
11.96315
-1.85706
4.82992
-6.11343
3.94684
7.35693
-2.51778
5.19363
4.81566
-1.54588
-4.29598
3.52643
1.68765
-1.63445
11.09065
0.18117
10.18157
4.30231
6.06133
5.46516
-2.55201
-4.20923
-0.11569
-2.15596
-2.97011
-0.14058
-2.49831
2.44908
-1.17284
-2.05407
3.29805
0.62581
-0.67868
2.36157
-4.03089
9.78254
7.53004
10.56059
5.65129
-6.46423
2.18856
0.75614
1.42022
-3.02266
3.02065
-1.89312
-1.31080
1.36535
8.08811
-5.65759
7.46218
-2.02531
-11.10859
-1.49299
-4.91266
2.72098
-3.02876
1.45302
0.10435
-4.30204
0.43875
-1.50062
5.36835
1.12443
-0.98615
3.83630
2.65085
-0.45324
-2.70211
-2.40503
4.68327
-2.59427
11.12150
-6.88235
1.34926
-1.26903
1.17472
1.68335
7.32612
4.33768
-0.29751
-5.98800
-1.06785
-4.71377
0.07495
8.16332
0.14055
5.38872
5.05170
4.92610
-6.47456
-6.10941
-2.03430
2.96762
0.58149
-1.74507
-6.84270
-3.37960
8.72113
-2.02921
-5.15896
-6.27799
-0.68881
-0.57482
6.66103
3.64739
3.71021
6.26163
-1.45450
-3.06126
-3.86575
-4.37071
-2.71568
9.52173
7.49055
3.27525
5.75446
10.28530
-0.84763
3.71221
-2.21289
-3.90989
0.72705
4.03975
-3.42737
3.77382
3.29738
-5.67369
3.88132
2.06128
3.18700
0.41532
10.14565
-2.62061
-0.64340
-4.46518
-1.98198
-1.60785
-1.34213
-2.66771
-1.34421
-1.28693
7.53328
1.45553
-6.76912
4.99302
6.49881
9.94629
-4.82181
1.66237
6.02745
5.44949
-1.31417
1.47045
0.07887
-10.50687
2.04457
3.80338
2.92553
5.01653
3.11827
-5.67238
2.30015
-1.43048
3.30150
2.48716
3.62298
6.67214
5.97476
8.84082
5.56698
-0.39138
0.71323
-0.26667
-1.04881
7.55626
1.00204
4.02998
6.29579
2.78470
-1.92888
2.51988
-6.78995
3.32905
4.39419
-1.80748
8.12147
-4.08826
1.92682
-3.70123
-2.91952
-9.20829
-0.97530
-2.89546
-1.78132
-0.41903
10.43243
-1.67211
-3.08926
-5.55134
0.87811
0.86364
-6.43529
-3.67846
-0.31468
2.25600
-0.69163
0.85067
7.72806
1.33015
3.49119
2.44515
-1.82834
-2.02760
-5.37813
4.19351
-1.83109
0.32615
0.20996
-1.61771
1.10598
1.68649
9.09849
-5.41695
10.98202
-12.19196
-4.00461
-0.77103
-0.02793
2.41714
-1.20771
-2.02680
4.16773
4.11851
-4.23446
1.83093
-0.05002
-2.60091
3.10671
-2.51869
0.79693
-3.15730
4.86904
-12.15913
-4.67333
0.52709
-5.41005
-3.46820
0.81214
4.43397
11.14354
-0.35014
1.86194
-3.59212
5.35450
2.62507
-1.56944
-8.92184
-3.55620
-1.50200
-1.71630
3.83250
8.99288
-2.35698
3.90206
-0.14599
-5.76266
0.51314
2.35264
-3.80673
1.95878
5.10807
0.78552
-4.32654
1.47158
-1.70341
7.50938
-0.61584
-3.06573
0.80098
-4.64643
-2.66761
-8.23643
1.23476
-0.23852
2.40646
-2.79486
3.83836
2.62552
8.27100
-4.63012
1.11666
6.00150
-3.16960
5.61721
4.80144
-7.81139
-0.96978
-6.38880
0.28309
-0.36281
0.01478
2.01027
-0.46779
3.00017
6.21475
-4.40735
0.15697
2.19415
3.29003
-10.37743
2.40652
4.71451
3.66462
-2.96156
0.27723
0.14421
7.42560
2.79993
-0.72381
-3.73381
1.43916
1.02288
-0.23805
-2.78687
5.41488
-5.05845
-0.39705
4.77533
0.61926
-4.41881
-3.55583
7.15388
1.42239
6.64490
2.43567
-4.75035
-3.80371
-5.48016
1.37739
-8.83179
-1.36568
0.01073
-3.20165
2.31138
-7.26693
-1.73536
10.40161
-1.96004
9.75938
4.68151
5.39574
5.50897
3.62801
3.08547
0.80560
4.19943
-4.25548
2.65332
-2.13145
-2.11069
-1.84860
6.67354
3.55228
-7.87456
-0.49365
-0.63842
-7.73280
5.61785
-11.16032
-9.09813
1.15321
-0.57115
2.03920
3.22512
-11.49789
7.11792
3.71214
-5.80026
-2.80922
2.70963
-3.51303
8.99973
-3.07298
-3.98790
0.50978
10.47812
-5.75372
-9.63584
8.11441
1.21761
1.96218
-2.73280
-2.40775
10.84549
0.23181
-4.86076
-11.81568
-6.33036
1.71113
7.02722
-4.14758
5.62614
-2.87153
8.05836
5.18302
-0.09437
3.19775
3.74327
-7.92143
1.89366
0.47683
1.03386
-0.12024
-9.56166
1.13580
5.78127
0.31006
0.45331
5.89416
2.90427
3.99622
-0.81596
-0.84908
-1.81297
3.73766
3.15199
-0.77374
5.11908
3.56107
5.56352
-0.88218
9.16057
0.96100
-2.17626
8.88372
6.38526
-5.69344
4.59837
5.10834
-4.48801
-2.22560
-4.54502
0.33458
3.47687
-3.58742
-2.98341
-4.75683
-7.08732
-6.12551
0.25266
0.71555
5.78650
1.47951
-2.50818
1.66189
-8.05104
3.69343
-2.20551
3.18527
6.58245
2.65964
-8.21315
2.56172
0.82192
8.56771
-6.72613
0.05578
-2.04061
5.87582
-1.26118
9.32313
4.81241
-2.03808
3.07663
-4.89635
-5.18594
-1.02397
-7.30776
-4.64485
0.26430
3.90518
-0.36130
-1.75541
2.59636
-0.25018
9.63240
-7.10291
-4.36825
5.65470
-6.11579
-4.94479
-4.32652
2.52652
0.37224
-2.81462
1.45040
9.29695
2.51981
-3.04886
-4.31108
3.30233
1.61120
-2.41526
-9.22928
-5.23500
2.81486
1.58051
-3.41358
4.25617
1.40621
-1.23188
-4.98333
-3.75267
-2.16044
3.48632
2.20195
4.06434
-0.89371
-0.93226
4.01329
6.21115
-7.33389
-0.11619
-1.22223
0.66726
-6.40504
2.88242
-2.10772
-1.05118
3.02206
8.79231
3.74831
-0.28164
4.45662
-6.70496
2.62168
5.01333
-3.02387
2.23193
-4.08276
-4.31992
8.97692
4.10055
-3.19284
5.52577
-2.74436
2.21988
-1.87969
2.01323
-4.69521
5.75530
2.28109
1.11844
-4.23145
-2.30670
-4.21869
1.41428
3.42668
2.15949
-0.22191
-0.50733
4.66341
8.69313
-3.74771
6.23175
-0.63226
4.25596
-0.42119
7.07772
-5.89789
-4.26172
2.85201
-4.63602
-0.17480
0.91418
0.25818
5.01176
-5.80585
0.31437
0.25602
3.29402
6.56606
0.90326
6.38460
3.03533
-2.61313
-7.67479
-1.95993
-1.93493
8.58005
-0.00365
-2.86110
-6.01253
0.56894
-1.32423
8.08285
-0.42969
10.55536
-7.21025
-0.98177
5.95064
6.46486
-4.99561
4.91298
-0.33626
4.86729
-0.89279
-0.35802
-4.97613
-2.35522
-6.36467
-1.27944
3.93465
1.67756
-1.19233
1.00643
7.89471
-5.17296
1.40688
-6.99707
-5.46670
-0.22721
0.68036
-3.84674
-1.24084
-1.98357
-1.74995
1.63369
-1.62806
2.44114
1.67799
-1.53600
3.02095
-7.64888
5.76610
1.16878
12.09380
-2.28400
-0.04294
-0.36689
2.06399
-6.53973
-1.48701
-0.89474
-5.83921
0.74720
-2.94412
0.69654
-2.59229
-3.93318
1.45402
-0.14429
6.82913
-7.69561
-10.44107
-3.18866
-1.19613
1.08731
5.26681
-1.27371
-0.88745
6.58530
-1.28171
1.19610
-2.42954
2.95672
11.16612
-4.46719
-5.85432
-0.83571
5.66703
2.92269
-7.33339
3.18176
-1.84660
2.10755
-0.29746
9.45659
-1.76602
2.94276
-0.52506
7.56300
4.53831
-0.29959
0.23840
1.21715
-3.62255
-2.07733
6.53228
0.45124
-2.92900
0.91336
-3.44644
2.51361
-2.30115
-4.52930
-3.93077
0.31780
-2.17245
1.67967
-2.35437
0.83931
-0.39581
-2.26903
6.75014
-2.86055
1.09603
-3.71566
4.35969
-4.50213
-5.59130
7.62896
5.64706
-9.70843
-0.34026
0.65707
3.13180
3.11123
-1.17174
2.99967
-5.48367
9.97196
-6.62468
0.34404
-4.27368
2.76902
-7.00111
3.22561
-15.80210
0.29074
4.40772
-1.36684
-3.65824
6.79620
-1.77857
-0.00873
3.53285
4.47906
-7.13625
0.25139
5.38896
-10.32144
-8.36529
-0.87495
-8.47635
-0.74576
-0.98671
1.58112
-6.13253
-2.39150
6.97268
3.77537
-7.41903
0.30705
8.49121
9.07854
1.88153
-0.39645
-3.99841
-3.10972
3.22910
1.96003
-9.62449
-10.15969
-14.10067
-1.42949
-5.05175
6.84576
-1.26398
-4.58248
-3.93627
-7.91796
3.55118
4.26285
-0.58640
-6.12654
-8.74270
-0.34188
-3.81062
1.77050
-1.53663
0.69249
-5.61018
-1.65750
0.11061
-6.35829
-6.02484
-5.99492
-1.19172
-1.08054
3.92931
-0.73209
-4.90739
6.14972
-0.10033
9.88974
-6.43055
-0.60730
-2.04582
10.02947
-4.34624
-0.53404
-1.56172
-0.82383
0.73076
2.30817
6.08455
-0.18245
-4.36245
-1.98450
3.07001
-0.10674
-6.63045
0.10251
-1.91395
5.99367
-3.13409
-2.48771
6.87851
4.57811
-7.66781
-4.50074
-8.35907
2.62378
4.57126
-6.19915
-5.33781
0.70463
-1.79389
4.62383
-3.69886
-2.51915
5.32239
1.96648
2.28626
-8.56404
7.68907
1.36286
-0.04531
1.04828
6.10374
5.48537
3.78536
-5.45373
-7.64004
9.33162
1.44954
4.74910
-5.27466
4.06945
-4.82411
12.22614
-7.26221
-0.38439
0.71053
-6.40295
-8.61811
1.16219
2.28344
-4.50515
6.40267
-0.99849
-3.65812
1.93816
-5.77225
-10.06847
-5.36138
-2.91674
-0.47923
1.44792
0.15577
-3.61159
-0.54154
3.09348
-2.13565
-7.36369
-0.42363
1.83570
-9.87417
9.40186
4.53319
2.63446
3.79665
-1.61913
-7.08899
7.62490
9.38191
-0.18984
1.21707
3.06059
0.24759
-5.10508
0.26096
0.81507
-4.63285
-6.77747
-3.32770
10.47491
-1.44974
2.28268
-0.25757
9.38821
2.48583
4.97128
1.54189
-1.03776
-1.73222
1.84452
-1.40398
-2.46793
2.38044
7.70654
2.61296
4.45821
2.69065
-0.11338
0.33547
0.09224
-4.76766
-1.17035
3.49979
3.57836
5.87330
0.01195
-0.15164
-1.11053
12.53539
1.01843
4.07059
2.50492
1.83618
0.65626
2.01504
11.47301
-1.31880
-8.22535
-2.76337
3.28295
-1.69299
-3.02386
1.87689
1.53810
1.78964
-7.88179
-0.52245
3.74509
-10.90871
0.47862
4.74420
2.07121
0.27608
3.67136
-0.06733
3.68558
4.88009
-3.26941
2.79508
-3.12489
-3.55134
-0.04137
-1.83469
0.95114
7.58484
8.39330
-0.11397
-3.47577
-1.15252
4.79099
4.92546
3.55622
-3.90728
2.80285
1.58389
-4.28265
11.11444
5.42070
-1.09839
6.50608
-6.42865
-2.97455
-3.16191
4.51423
-0.43602
-4.95934
11.02169
0.58647
-8.95099
2.94973
-1.63203
-0.45697
-4.98482
5.99550
-6.56610
-0.52799
7.70603
-2.80569
4.13155
3.15057
1.52526
5.22915
-2.42751
-3.32150
-4.95493
3.71408
-2.22605
-9.07016
7.99394
-1.92745
1.03468
2.62541
-1.28022
-2.16167
-2.13118
5.10314
-2.13287
-1.70599
8.88367
-1.71337
0.15997
-2.24397
-0.30031
-0.27279
0.37997
-1.05642
-7.14626
-3.85370
4.40658
2.19353
3.28510
1.58795
7.51321
-5.88285
-6.07272
2.54751
-0.94903
4.34906
3.40862
-3.91883
-3.38274
4.47000
-1.14407
4.95390
1.39944
-7.18181
-5.68193
3.18544
2.38673
0.68436
-4.18607
-12.38781
4.36556
-1.26310
4.57456
-3.35557
0.30383
-0.30512
-8.80744
-3.82788
-5.61284
-2.33134
-2.85673
1.65343
-6.71997
2.93130
1.54105
-5.97589
-6.77090
1.69298
2.21790
-5.38106
7.09261
-3.95730
4.98116
-3.20236
-4.11953
-9.56069
2.33174
-1.12115
2.22545
2.00826
0.16049
1.00954
-0.01688
-2.41938
0.05418
13.15013
6.77994
-2.46620
2.02671
1.75510
4.07196
3.19757
-0.62545
1.07855
-5.18829
2.04798
-1.70388
5.21376
2.12922
-4.37239
2.02937
2.08501
-7.31008
0.99507
-1.42289
-0.93541
-0.60711
-0.32522
0.03034
7.24983
1.39867
0.94858
3.88280
1.36887
7.58061
0.85042
-0.22721
2.05114
-4.62477
3.48683
0.73610
-0.59297
4.01028
7.63934
-2.20266
3.46133
1.92694
-2.38955
-0.26061
0.01988
3.45003
-2.16990
-2.08123
2.98080
-1.34815
-4.46925
-1.20672
1.89396
-0.53625
-0.07769
-3.83841
3.45479
-1.88654
5.70078
1.16836
-4.70551
1.18778
-0.14158
3.16492
7.15984
-3.89701
-3.01332
0.50764
-8.66768
1.72201
4.14623
6.91982
-3.18719
-3.18104
1.48959
-1.85664
-8.15044
0.77330
1.73821
0.32491
6.32609
-3.09193
3.66146
3.83191
1.50552
-1.29947
-2.82544
-0.72186
0.93839
-7.10523
-0.77455
3.21338
-5.17774
-4.52573
2.54699
6.26146
4.83694
-1.22887
-8.35697
-7.58143
-3.10843
-10.46749
-14.09021
-9.35219
-0.61993
4.83394
-4.68902
6.19304
0.99070
0.62276
9.57088
-2.48234
1.04575
0.19412
-4.95040
-5.20736
5.71416
-2.66089
1.64738
-5.91330
-5.73650
-4.14332
-5.23819
1.84563
2.22543
4.75794
-9.17736
0.76289
0.10586
-9.55099
2.95018
6.42661
0.26504
-5.09632
6.45806
-1.04140
3.61190
-3.52860
11.00568
-5.41205
-4.47863
-3.08993
-9.56892
1.36126
4.75342
-1.91073
4.70504
-16.10656
12.09511
-1.21866
4.96273
-0.42380
8.28586
1.82000
2.64957
-3.90653
-6.75146
-0.09700
3.30988
6.11095
-5.62563
1.60694
1.92264
4.18600
-1.51243
1.00074
4.42409
0.23524
-6.04647
-2.64364
-2.18779
-11.69402
3.69334
1.48395
-1.40997
1.29420
5.94715
-1.81706
6.34761
-1.97621
-3.34099
3.88957
-1.10032
5.15548
-4.58620
-4.45498
0.06762
3.20580
2.02359
-1.09147
0.08654
-5.77683
3.55388
4.07211
-4.37390
1.63458
-2.70738
-4.90321
-0.43574
-0.19983
-2.11259
1.58297
-3.14173
5.12943
-6.54692
1.49740
-5.77261
6.62508
-0.87821
-0.02603
-0.58215
4.67756
-5.75718
12.02876
-6.74406
7.26513
0.85806
-4.74713
-3.95211
-0.68714
-8.17852
6.84444
-4.06101
7.12743
-0.86327
-6.06831
1.14738
0.04128
-2.77808
-2.65715
2.11842
-0.70314
-1.90501
3.77816
-5.35731
3.69480
0.62381
2.34314
7.45737
4.02121
-4.01702
4.94479
1.39354
-1.35718
2.30657
-2.61761
9.33565
-6.65667
0.68615
-0.24517
9.29717
-3.05993
3.08166
-2.14906
2.59201
-1.12988
-1.45976
-0.29719
5.79894
3.75117
-2.29234
-4.08917
-2.62874
6.75628
2.15385
0.87608
-3.22495
0.97567
-3.79747
0.72375
-0.36723
-1.20687
2.78885
2.82020
8.25476
2.39213
-7.33539
-3.09700
3.93275
0.13715
0.66005
3.11504
-3.49316
2.07560
4.50508
-3.99479
0.77876
3.76928
0.38601
5.26749
6.23515
-0.91753
-0.09471
-1.98434
-6.14484
1.88510
5.35187
-7.75262
2.87705
-1.14644
-7.95447
-1.36544
-2.51421
-1.82752
-5.89969
-2.54913
-2.16437
-0.42643
10.41172
-4.20477
9.34551
-4.74473
3.70709
-5.60119
0.87605
2.17324
1.03756
-5.12343
-0.08318
-0.76671
-5.52143
-5.27359
-1.06417
2.54142
-6.37101
0.52592
1.25258
0.85291
-6.72178
-0.47793
-1.13374
6.44989
-4.29844
-1.24422
2.29128
-2.79421
-1.92767
-1.01447
4.53937
13.74078
-1.77548
-0.81223
6.34289
2.57337
-7.59906
4.45615
-3.02602
4.38726
6.79888
4.65013
-1.19281
1.49668
-4.26179
-3.14961
2.88152
-2.95698
13.24785
-1.68814
2.28770
-3.94910
2.84161
-4.57638
-0.50120
-1.16619
1.67620
10.81181
9.38660
2.65947
4.43247
2.56637
-2.83664
2.38147
-9.45827
2.81302
-12.08167
0.02593
4.95551
-4.08329
-2.59869
0.07678
4.43001
-1.27371
2.72650
-11.67549
10.78306
3.31970
1.49285
-7.76875
-4.38244
-3.13682
-0.94399
2.75625
7.74046
0.60162
1.52383
0.63238
1.99792
0.38649
-4.84668
-1.22479
7.28119
-1.90519
-6.60562
-9.46512
-7.34760
5.30323
-2.47901
1.34677
-13.14272
-0.50639
1.22434
-1.76769
-0.69988
3.14076
-4.91873
2.32294
-5.59369
-1.12283
1.83773
-3.10708
1.26483
-0.88336
3.01475
3.43197
5.59611
-2.29135
5.88013
6.85866
-7.22541
-0.42748
-0.56932
-4.58252
-5.07801
9.63027
2.51714
-1.39152
9.48262
8.53962
-11.09659
1.69315
-3.22663
6.04744
3.69442
4.35873
4.27766
-11.21913
-5.07063
-4.05272
-1.80631
-1.00846
1.90385
-3.41178
-3.04501
-2.05225
-1.43971
2.21805
-5.78881
-0.34630
-3.34339
-8.44437
2.89380
-1.45616
1.06993
-2.98895
-0.82299
-3.49647
-6.96233
-0.27358
3.44548
8.66578
6.87220
4.98343
0.90101
-3.60100
0.83895
-0.71609
2.98902
-1.94663
-3.33327
4.37351
6.27573
-2.57819
1.20725
3.83089
8.03606
5.38027
-3.29024
-11.56836
-6.47840
-2.63553
-0.59701
-4.31522
3.51510
3.70243
-1.33855
-3.74536
2.48459
1.49014
0.20444
12.47628
-7.76175
4.94965
-0.45232
7.90563
2.92453
3.77076
6.61623
-3.65363
-1.57128
1.62865
0.09249
-3.92342
-0.76949
-3.11802
0.75324
-5.89201
-3.50110
-6.63226
-0.50619
-0.15894
-0.49336
-0.59478
2.07029
0.54033
-3.25028
-0.90718
0.02438
-0.26441
3.37179
-6.46130
-7.22902
-4.80374
16.50988
0.13837
3.01728
1.58416
-8.11329
1.89649
11.80919
0.31336
1.44266
-3.09543
5.82314
-8.38786
6.34724
-2.07827
-4.71272
-4.36299
0.11202
-1.03018
-1.30940
-2.12734
-1.25929
-3.80389
-5.96772
-3.96990
3.09285
2.80569
0.98539
12.53517
-1.11983
3.69522
-0.09157
-4.73051
0.38821
0.00777
-7.33172
-3.82026
6.02216
-2.78354
6.61597
-7.59391
2.85168
0.47212
3.85762
-5.79320
2.13232
1.83536
-4.03154
-1.29321
0.83826
-2.30008
2.38217
-9.85124
-7.84299
-7.25476
-0.95831
-8.74138
6.03437
0.75990
-0.68224
3.08459
1.21777
3.95627
7.54714
2.02913
5.79542
-5.65397
3.82956
3.32927
-0.73704
-6.17069
-6.34948
1.78690
3.54505
-3.85782
-3.97106
-9.46182
3.91879
-4.92265
0.44914
3.27836
2.73905
-3.43197
1.88496
-5.21835
-0.84374
1.44442
-0.83326
8.60180
4.43556
-7.34204
6.12661
-0.76872
5.75374
4.37952
0.61099
7.89466
-2.77794
-3.46630
3.52678
3.00213
3.88705
-2.11130
-5.03738
-1.67498
6.31792
6.27922
0.39547
3.51838
1.56318
-7.58922
-3.34338
5.19540
1.79212
-0.31640
9.38148
3.95527
6.39952
-1.44485
-2.98886
2.84313
3.88505
-2.84409
-2.77965
-1.52918
9.39442
6.12451
0.68807
0.66293
0.50575
1.68738
9.96452
0.08931
4.07452
4.15475
6.66718
10.77184
0.46878
-14.45057
2.48409
-0.45949
3.16288
-2.39499
-0.83719
5.68908
-7.13410
0.68469
2.20019
-1.20720
2.29043
-6.38570
3.34240
3.26965
-4.18591
-6.96681
2.12756
-4.92397
-1.02723
4.01814
-2.92987
7.63161
-1.50531
-3.92219
-11.45263
0.05456
7.85413
2.74430
3.57990
0.55512
0.58064
2.92512
-6.18476
-4.66746
-1.09327
0.93917
-7.77441
9.99986
0.35764
-3.25186
-5.61895
2.50646
-9.91494
3.27935
-0.86845
1.11744
1.11917
1.52100
-5.57086
-1.42324
2.93525
-4.23269
-1.94894
4.10119
-1.50472
2.28813
-6.94069
2.23571
3.01411
-4.71283
-1.80922
-3.51944
-3.21604
-3.04671
-7.33324
-5.58451
0.23854
3.85262
0.27516
-2.50467
-3.77395
-3.80287
-6.40491
-1.02802
4.11182
3.39710
-0.49913
-5.72632
-0.03085
-0.96274
-10.23032
-6.92825
1.90040
-0.01869
1.58605
-1.25688
-1.23218
4.38464
3.24049
-1.02021
0.41626
-2.39867
1.83553
-1.49226
-0.89480
-8.69213
-2.09887
-7.02073
7.07376
-1.91601
-0.36777
-13.93545
0.26346
1.59188
-5.50453
-8.79365
-5.46887
-2.22546
-0.60031
-7.21598
3.90170
2.75460
7.04712
-3.79619
6.26763
-0.49223
0.24893
-2.80805
2.59505
0.98462
3.57327
0.51238
2.09617
-1.61950
3.49935
4.18144
5.05619
6.55206
-2.52060
-7.61391
1.34676
-3.53828
-3.99735
2.07672
-4.43063
-12.66824
6.98369
-0.63426
5.86759
4.40835
-0.19379
0.63676
-5.09369
3.31100
8.14956
9.72202
0.41631
6.50811
3.10580
6.32232
1.44852
-2.86389
1.26932
1.83546
-6.92753
-6.19552
6.33767
-5.25441
0.97330
-8.22183
-0.17848
7.72194
3.75727
-3.92118
0.51496
0.29857
-2.58106
-2.50063
-2.26503
2.14279
0.06595
6.09460
4.54370
5.11440
-9.10290
0.13571
-2.47859
-2.06541
-3.43298
9.73561
2.51241
5.02976
-3.21392
-1.90044
-0.72953
3.74032
-0.56773
0.69505
-6.10200
2.57755
-0.23678
3.06977
-3.15460
1.46066
-4.57710
2.78737
-6.86771
-0.19336
3.01077
-0.82033
-7.24631
-4.89947
2.20786
3.76677
6.19242
-4.44914
-1.23558
-5.17494
-5.22256
0.06450
15.79426
2.92715
-2.90216
1.32309
8.50947
0.20809
-4.81345
-5.11251
1.05062
1.90775
-4.83208
-1.93316
4.04374
-4.52618
-4.06182
1.21571
1.97855
7.59988
-4.11869
1.99141
2.74443
2.74494
-4.66522
-5.18194
-0.72689
-9.18070
4.46127
-2.79301
2.09840
0.23357
1.04726
4.26818
0.18707
-1.17301
-4.29794
5.16001
0.24569
-5.74375
3.50381
-4.46038
1.47524
-1.95776
2.68989
-6.41535
-4.10325
4.33265
0.04235
-3.40019
9.08202
0.53288
-3.46461
-1.05349
-1.97539
1.00517
7.24387
-1.91249
-7.61801
-1.74275
2.38169
1.40656
4.01438
-1.54194
-0.61495
3.63075
4.21800
-2.98666
5.09993
2.61501
0.44444
-1.29575
-4.60451
2.85171
-12.64541
-0.31084
4.22957
-1.54698
-3.32234
-0.08229
-2.54435
4.24981
0.92012
-0.72464
-1.71769
-4.68924
4.19210
0.73577
0.91401
6.77656
2.91892
7.38101
2.26100
1.74924
6.14285
8.74002
5.39514
-8.74283
7.01334
2.37420
-6.40443
1.83122
3.34029
1.78620
5.17514
1.09579
-4.53512
7.43046
-3.77647
4.07339
7.60511
-4.25291
8.65226
1.52801
1.43015
4.40721
1.76627
-0.33386
-5.56652
-2.56830
6.66915
3.45730
3.66312
4.52497
-4.98948
1.33384
2.94899
-2.55246
-6.48071
13.61306
-0.83037
-6.98823
5.89073
2.43835
7.98422
-11.55701
3.71489
3.52404
9.22855
8.67866
0.67558
1.46196
-3.90644
-1.16689
1.64641
-1.25019
-2.90807
-2.21383
-1.12030
-5.00434
7.69584
1.35031
7.63677
-5.66502
11.34069
6.56226
-1.41760
3.05466
-2.33103
3.81934
-5.40556
4.60672
-2.84995
2.77956
1.22524
0.46054
-6.06883
2.75572
-1.39849
11.62110
3.10894
-0.91932
-3.01547
-0.78882
-1.17849
1.54759
-3.68426
-11.45439
-5.71532
-4.61676
-1.89638
5.52543
-0.73317
1.22870
-6.20381
-7.23604
7.60223
4.43728
5.80138
-3.93099
6.35336
-4.33507
-1.99422
1.13698
5.00852
0.08547
2.45893
-2.64879
-7.39040
-8.22101
-3.51833
4.02552
0.75086
6.64571
4.28972
8.46151
-1.14199
5.45418
-0.64578
8.34619
0.18744
5.53633
-4.09939
2.09177
-1.64452
-5.81969
7.39805
-0.01421
-1.21071
4.12181
-0.64736
0.71351
5.77968
-1.03896
2.09683
-6.43127
-2.65880
4.25067
-4.71409
11.19622
3.76280
8.37202
3.81359
-1.83090
-0.69176
-3.62124
11.17566
1.17463
3.30907
1.72280
8.02852
2.61525
-5.76558
-3.29588
1.37718
3.02630
5.08661
-2.41583
-6.49826
-3.26616
-8.19526
-8.40487
9.28557
0.81519
-1.32052
0.75040
-1.25100
11.69184
5.16341
-3.42943
1.36873
-6.47861
2.98491
-1.01883
1.60696
1.73626
6.88663
-0.47233
-4.11113
-4.01197
3.31458
0.57049
0.26057
-3.10345
5.75420
-1.84647
5.54439
0.76470
4.69665
7.67566
6.88883
3.66180
3.76148
5.83925
-3.85358
4.77174
1.73704
-4.84195
-4.97818
0.60495
3.10777
-4.47219
-8.72260
-3.11226
0.43716
-5.86326
-2.46449
1.24570
5.53667
-3.84298
4.50752
-5.84624
2.19846
4.23267
7.83041
4.87744
-0.57947
-0.77850
6.25932
4.76852
-2.17120
-2.71826
10.80019
-1.27408
-3.34640
3.92986
4.99004
-8.57567
2.56491
3.39467
-5.21134
-3.26742
4.34164
-3.30914
-0.61495
6.70469
1.40345
0.69067
2.52491
-2.21828
1.75119
1.37378
-0.73109
4.45531
-6.63934
-0.85243
8.74087
1.75539
-4.94840
0.71446
-2.85901
-3.61270
6.59553
-6.10980
-3.35342
-6.60150
-0.65265
-2.87506
-3.19375
2.36350
-4.67528
3.51861
0.61361
-3.07473
0.28866
-0.23552
2.75216
-2.64733
-5.30154
-0.40302
-0.06338
3.40904
1.77294
-3.84388
-2.82192
4.86967
-0.47562
3.32886
-3.25930
-2.39435
5.65987
4.57616
-2.40824
-7.77882
-4.00922
6.34486
-6.34600
-0.68214
5.45792
1.56602
3.09096
-1.92093
-3.91503
3.75617
-2.19684
-4.07840
-1.80269
7.46920
0.60986
-0.04939
3.09324
1.96593
3.87745
-4.73541
-5.11995
3.82687
-4.80104
5.15050
-0.88785
-4.44825
-3.34695
8.46336
-4.50043
0.64878
-0.52529
4.01115
-1.64385
6.11487
0.32592
8.19591
0.82952
-3.52990
-1.86123
-5.25367
3.66986
-1.23951
3.52428
1.42126
7.82200
2.28224
4.95486
-2.66207
-2.09666
-1.57601
-4.45858
-1.85245
-3.06726
-9.54239
0.53685
-3.61697
1.16342
0.33332
3.28143
-3.50488
-2.30904
0.15412
1.90928
-1.58578
-0.85503
0.30260
-8.15953
-10.33958
-3.47652
0.84665
-2.88847
-3.60724
3.05215
2.02836
-5.44258
4.81687
2.88486
-5.03109
4.01606
5.31361
-2.01576
5.23882
-0.22526
-0.87148
8.61299
4.83316
-3.53602
2.39729
9.39953
-0.64543
1.49323
-0.83209
1.76668
-3.16826
-6.74525
-1.73349
-5.70168
1.35642
0.14495
-4.81345
3.00542
2.22458
-6.32263
-8.24861
-10.65576
-0.97418
3.17230
3.46762
-3.16777
-5.68966
-1.26616
-1.93382
-1.86891
5.26645
-1.05254
-0.82536
6.75700
-6.20579
1.47728
-1.17300
7.02490
-8.60615
4.47337
1.99372
2.25514
7.66574
-2.62166
-0.55087
1.25820
-4.83343
-5.36999
-4.09164
-8.88778
-1.01016
-3.44892
-7.25448
-1.70118
4.47942
2.24294
10.42940
-5.21809
-1.76955
3.07732
4.27248
-2.07916
3.73614
0.18097
1.93292
-5.09985
-5.87170
6.92134
-2.35610
2.37184
12.53485
-9.15998
-4.17854
-2.58681
-4.60530
3.18827
-1.71154
5.21210
5.74779
1.16034
-0.12493
-1.07280
-3.90967
-0.24267
8.37426
5.66141
6.64581
5.83375
-7.11564
-14.47545
10.88995
-2.76486
-1.79803
0.88861
-9.18882
3.19941
5.75437
-11.37807
-4.92884
-2.44056
-2.68608
-6.22535
-6.47182
-0.08206
-4.40005
-1.71113
-1.17561
2.56882
-0.06348
-8.41104
6.65381
5.08545
-1.54579
4.74223
6.43851
6.58169
0.17215
-2.03113
4.41987
1.47256
-0.59041
4.09289
2.97479
3.07262
-0.63741
-3.85557
-0.00631
-2.72682
0.23766
-2.33901
-0.60908
-7.83929
1.82646
-1.32295
-2.99020
-2.26067
0.79785
0.26751
2.05525
-0.78763
-0.92588
1.41105
-4.89575
-4.69237
-7.18173
0.65315
5.85600
-3.55088
-5.91567
2.38857
-1.92941
0.93108
-1.24271
-2.00775
-0.95549
-2.45173
-2.28840
4.44715
1.56945
6.90622
1.86651
3.86088
-2.11108
3.13254
-10.09220
-0.11572
2.67231
0.29382
-2.21603
2.16647
-1.51714
7.12870
-2.71771
-9.19988
-4.77604
-12.93807
-8.01012
3.87665
1.19275
1.28430
0.46552
-1.12342
-3.61462
1.49452
2.17086
6.92541
-1.31852
4.59707
3.41496
2.32174
7.85233
-0.89974
-1.38918
-2.94851
-4.35291
-10.04316
0.82699
0.45809
-4.98685
-3.05971
-1.47076
-5.41004
-4.08262
3.66969
-4.11643
3.76457
0.57491
-0.58820
7.61863
-7.29054
-2.18842
7.13342
-2.58295
1.63804
5.84865
-3.26885
5.68964
-3.07466
1.07846
-2.28738
-4.86112
10.92521
4.06589
-0.79123
-2.64392
-2.67415
7.12339
-10.15994
-5.74481
-5.22982
0.09059
-1.88847
-0.37968
5.34735
2.03972
-2.38900
-1.75401
-0.67943
0.11719
-6.17554
-2.08292
4.93821
-5.39921
-0.19819
-6.68828
-0.21087
-0.97530
-1.69921
-2.29891
-2.59268
-4.02980
4.25022
-6.02889
2.35917
-1.45606
0.52644
-2.21203
-1.21918
3.21440
2.45438
1.79671
-0.61531
-4.18605
-0.64042
-3.24368
-6.14663
3.60970
6.04582
1.45321
-2.45775
6.60876
-2.09053
-0.79448
1.85786
-3.73128
0.98581
1.43516
4.07357
-2.61467
2.56055
-2.96932
8.85315
-1.36011
-5.52814
3.06087
1.50155
4.30216
1.74097
6.20887
3.83560
14.74629
7.50327
-1.52056
-9.32522
-1.68632
-5.70863
4.28594
-4.82346
-11.54089
0.29217
-2.16152
10.67982
14.91397
0.96992
-3.84944
2.86838
-2.53316
-4.20786
-7.89394
-2.67648
2.35727
-2.66623
2.72499
-7.09874
4.79612
-2.81542
5.65468
-0.78326
3.43550
3.16740
-2.04035
-5.29893
-6.71136
-2.23433
8.38027
-1.17251
1.73792
-3.52472
1.10052
2.71077
-3.53234
7.69452
-0.04156
3.33719
1.11595
1.58074
-6.84082
-6.15958
-2.81167
1.78649
8.00567
-2.25689
2.69414
-3.99208
-4.53414
0.64267
2.32850
8.51110
3.49416
-1.48666
0.78244
-4.86829
5.07622
-4.84158
4.63589
5.69895
-1.43581
-3.39168
4.01203
0.88342
0.26641
-3.75016
-2.09209
3.39851
7.09160
-5.07710
-3.94516
-4.14487
-1.23807
-8.54338
4.17773
-2.62926
-3.02269
-2.82969
3.00405
3.38436
-8.11240
4.30203
0.03915
4.50672
8.28296
-9.09249
-1.11744
-5.53509
-0.66992
-4.63824
2.48196
-6.20325
-3.23292
-2.21859
-0.54709
9.09392
3.66737
-2.34519
-6.77164
0.91350
-5.46687
-5.19051
-0.32352
9.07117
3.55974
3.47561
-7.53119
-3.35455
1.46930
1.96601
-5.68681
0.43552
5.17175
0.70945
-3.59243
6.61204
-0.56284
-9.00596
-2.88516
-5.28178
-7.02298
5.56474
2.99099
-3.97270
-2.88745
3.74285
-6.91556
-1.84118
2.89548
-7.24460
-4.13673
8.06834
8.57410
-1.04957
2.11273
-10.61714
-11.15018
7.77465
-11.21606
-0.21674
5.29405
14.15315
2.74442
-0.24904
0.11894
5.90649
4.23350
2.72654
-9.67242
-1.32296
1.47093
1.83009
-2.25983
5.63763
4.57239
-0.35844
-1.18266
1.31193
-1.11529
7.01270
-5.68477
1.51131
-4.70834
10.19225
-1.02111
1.04751
5.03617
-2.00652
-2.98433
7.28428
2.49939
2.97246
5.08841
1.36621
-1.50450
0.44718
1.13970
-1.72888
-0.63670
-4.99661
7.24099
6.10310
0.42549
2.04108
4.23214
4.58058
4.01558
1.32168
-8.34433
3.75736
-7.31321
5.08892
-2.93496
-3.13539
1.75913
5.20641
4.00914
2.75680
-9.37031
-12.49515
6.10398
-1.74585
5.96388
3.00451
0.90226
-4.77136
-1.61177
0.61940
-1.04479
-0.51214
-5.40711
-1.57014
-1.38616
-3.99285
-0.23063
-6.10138
1.09318
-9.35775
-5.69928
-2.71038
-0.18477
-6.76440
-5.81000
2.88315
-3.43520
4.05307
-2.14201
-3.91921
0.13004
6.51539
0.50997
-1.78820
1.02345
9.83729
-4.26290
8.87162
-6.46810
-6.07767
-0.93769
-3.35904
5.15986
-6.14109
-0.47377
1.63966
-6.83258
-7.90081
-11.31491
-2.21108
2.33680
-8.03948
7.84212
9.22128
-1.70230
-2.29769
4.85875
-4.48053
4.31465
-1.69005
-0.27868
-1.11647
6.35568
1.26331
3.76006
3.03984
-5.71301
-6.70837
3.63094
2.11345
-2.20937
3.29083
-0.05216
9.85622
2.65435
1.67690
-5.64249
6.21220
6.18794
1.08658
0.39270
2.61671
1.19383
-2.70339
-3.83556
-7.16257
-0.14784
3.35876
-2.62994
0.28355
-0.78847
-1.31435
2.12472
-3.96636
-0.16001
-5.24679
3.60376
1.70341
-1.82274
4.10601
-8.49882
3.78940
-1.81268
9.24930
-2.15417
-6.13172
0.91846
5.87582
0.19350
-2.35015
-1.45832
7.23666
-0.78735
-2.27485
0.40705
-10.11084
5.69383
2.12874
-4.78760
5.01560
-5.86490
1.20468
4.72039
6.24180
-0.21266
0.25436
-0.52136
-1.34682
6.33836
1.49587
4.04795
-1.75312
5.23067
-2.78051
-10.58960
0.75397
8.38304
10.12652
-2.91839
-11.07368
2.13390
1.65105
-1.94149
-7.27730
4.91392
4.45998
5.70304
-0.53062
-2.42684
0.02983
5.92531
-5.62987
-1.12706
-12.70365
1.38115
-5.33276
-3.58806
4.38062
4.84980
4.11860
1.61694
-0.89867
-2.17910
1.64860
1.53145
1.97906
0.07510
-3.40396
-0.62390
-7.28792
-1.21955
-0.72789
-5.00562
1.21293
1.00916
0.75350
2.46875
3.55054
2.99015
-9.16252
-1.58389
4.91144
5.49192
-0.19102
8.40137
3.91781
6.91629
-1.61534
0.94468
3.04944
-5.99577
2.18688
-0.35751
-1.29602
3.50497
-6.72060
-0.98627
-3.87338
3.48721
-1.73342
-7.55680
-1.67413
3.92050
-3.79915
-3.55648
-3.04042
4.19054
-1.18057
-6.02804
2.89205
4.41713
0.80460
-2.71449
0.92844
4.70054
1.13861
-0.63009
7.20090
-3.27435
-4.50885
-4.31113
4.90755
-5.26015
-1.72680
-10.41026
-3.59906
0.29095
-5.22373
6.30271
4.43974
1.19658
0.48955
-3.59604
-0.22563
-4.84366
2.73608
-7.12534
-7.06109
-1.57422
5.67313
-9.29547
2.74724
8.23464
-0.62447
-3.00790
2.61969
-7.15761
-0.50365
8.70706
-8.46398
9.30092
0.93857
7.71987
-3.28315
-6.98827
-5.63553
-1.86141
3.19904
1.72280
-11.14611
11.06723
2.01355
1.42204
2.78257
-1.99346
-3.42341
-3.02257
-1.21176
8.66494
-7.01058
-2.22753
1.62195
-3.73006
-6.06262
3.47535
-7.33741
1.02293
-3.53071
-6.85506
5.95769
-4.70975
-4.17548
2.95638
9.57596
-0.40957
-0.78166
0.47600
5.31073
0.95214
4.79002
2.96206
3.17346
-2.67700
-2.40396
0.34251
-5.72219
-7.47130
-2.73032
-6.64848
-7.36923
-4.42947
8.08115
9.27827
2.48919
3.96157
4.83754
5.55269
1.69251
-1.86924
10.67352
1.34503
-1.17190
0.35539
-4.57404
2.82705
-2.99967
-5.89472
-2.47151
5.44820
3.29926
-7.50538
-6.18900
-5.05932
-1.33813
-9.90013
-3.60216
-0.49454
-2.76768
-9.66913
-2.80128
3.75325
-2.94444
0.60021
2.59440
-10.86413
-5.42314
5.96393
5.70436
1.34216
5.66631
-0.26746
1.08869
-0.47850
1.65915
-0.96724
-5.79060
3.44881
6.41716
5.86907
-3.60806
6.39140
7.15298
-0.81712
-2.73426
-3.61431
0.31392
-3.40368
2.68790
2.95092
6.81491
-6.60111
3.79316
1.44130
-5.01425
10.63346
