-3.09090
-9.61227
1.16132
2.29971
-16.62999
-7.52443
5.08399
8.03816
0.23043
-0.35091
-2.23338
-9.31500
5.73914
-1.27633
5.25583
7.67542
3.70315
0.82261
-1.92670
-6.77128
-4.09398
10.99646
-1.83758
3.85550
-0.15926
9.48586
-9.10462
-18.22825
15.03501
0.48714
-13.80036
4.32221
-5.42138
10.16855
-3.87581
15.04982
-1.08500
4.56249
1.63187
0.54202
6.75708
-0.48339
-8.07251
-19.94995
-11.99860
9.05455
-8.14215
14.90285
-8.34273
-7.65152
-2.38597
12.90419
-4.61195
1.85515
-1.13172
14.36755
-7.04002
-6.54250
0.04057
-9.64475
0.91772
-10.59733
-9.89515
19.13188
8.85273
1.02512
-7.94539
2.51964
22.08431
-4.62057
4.00531
1.29117
-8.09606
-6.40648
4.07205
-5.65584
6.51902
-5.10295
-7.90667
-0.93946
-4.42224
-9.05805
9.36241
10.62372
5.30816
-3.35583
-14.75670
6.08267
-5.38216
-11.45924
-11.99729
-2.27953
-5.65662
-8.07669
8.52104
3.16691
-3.46703
8.31389
-1.43959
-2.29307
5.85951
8.32807
-10.91040
0.85769
-4.11231
7.12053
-3.51120
7.42218
7.73934
-8.70205
1.59238
-1.06411
-7.67596
1.96929
11.79264
0.76625
-0.23835
-2.58557
1.52818
7.04999
-3.31338
6.45020
-3.94018
0.65608
-5.00104
2.85488
14.63610
-3.68882
10.73888
3.03464
-7.63802
-2.85844
-11.05973
10.75531
-1.07937
11.10681
-5.37461
-2.62369
2.23680
-14.35769
-2.36746
13.42847
-3.57865
0.89872
-12.97576
-11.22422
-14.19875
13.03323
-12.25937
1.89890
-5.86239
3.17092
-4.64027
-4.96605
-7.48877
0.33981
7.83316
-0.68301
1.14104
-0.14886
19.83537
-0.77672
-2.89159
-3.58531
-7.50198
-5.53916
0.93965
-5.37287
-1.02908
-7.54441
-12.23403
-2.02007
7.60871
0.15032
-8.18725
-9.99736
-7.80379
-3.82693
4.45895
-3.85799
6.17176
-1.44773
8.52563
-0.90971
-4.44310
0.35277
16.07801
-19.18989
-15.21954
-16.29741
-4.85678
-7.06048
3.24096
3.09744
17.00999
-6.99718
-3.90672
5.16336
10.91345
-8.16616
-1.20497
3.67432
-11.66581
7.87210
3.69867
1.29472
-3.17776
10.83443
0.23884
-0.33952
-3.49620
3.89867
-3.41254
-4.97456
3.99330
1.81425
-11.49703
-7.87879
-0.50474
-1.08559
-11.14910
1.03153
-13.37354
5.43679
-10.42026
-9.50022
-0.86159
-2.34284
-1.96811
-1.03502
-4.98569
2.14349
0.23658
4.76198
16.02479
-5.24690
-5.75437
5.50919
2.89218
7.32420
2.17848
7.30589
-4.10471
-16.17492
-15.04630
-5.05799
-5.17839
7.22006
-3.13327
5.23662
3.42870
2.38975
-5.32208
0.70769
-1.49407
3.13710
-15.68610
-5.44129
-1.26919
3.98963
-2.78495
-2.50067
8.57555
-0.75697
2.77676
-7.79281
-7.87120
-0.25871
10.10093
-6.88412
1.85172
-10.81747
3.29728
13.07989
-9.03605
-2.83321
4.77454
-8.22894
2.49874
-10.84476
15.43002
-13.21750
-7.09735
10.63150
8.54584
-1.06349
-1.51051
-2.75125
-9.68963
0.24170
-10.97934
-11.91107
10.56961
-3.45374
-4.61040
-3.09324
-8.82359
9.01533
0.43485
8.90630
11.58708
-3.22603
4.11623
-1.70986
-1.53523
-0.14352
7.23556
-2.34314
3.36914
-11.61358
14.93815
1.95319
-6.87381
2.72690
10.02299
9.40306
-5.78500
-0.40081
-2.32944
11.42356
-7.87588
1.74699
3.70508
-8.55406
-8.52494
4.72130
4.09368
-8.41534
7.13965
-6.37851
8.54329
11.05801
-6.44617
-2.33872
-13.28957
5.87183
14.51239
-5.36720
2.34904
8.06816
5.79074
8.04595
-4.74047
-4.36775
-5.85887
5.53953
1.63658
-4.44676
2.13072
10.97783
-4.68972
-7.83659
-3.22917
9.39885
-0.51100
7.35066
-3.55366
-2.00769
-0.50447
-12.28586
-12.16397
1.27698
0.95505
-11.89826
7.45295
8.36362
-2.39705
-7.47597
11.44305
4.29212
18.30138
3.72863
-0.68817
3.97753
0.55721
-11.52792
4.59137
2.65652
-5.64959
22.34529
-0.33169
11.40464
-7.35323
2.01076
-1.16238
2.17266
0.62257
-4.40450
1.73110
-7.21907
15.31183
-12.73460
-3.99112
3.88445
-8.54380
-4.99235
-7.69447
-0.40639
-10.02045
3.36019
-9.33203
5.51562
4.46765
-0.45597
-3.29362
0.53139
-16.45642
-1.33828
12.41585
0.69079
-5.39291
4.27582
-11.55774
10.68012
9.17197
8.92425
-0.46342
13.37986
-2.82584
6.48906
2.06319
2.80657
-1.39493
1.87779
12.39483
-1.71446
-3.41972
-3.91791
-6.99848
-6.80486
0.87697
-3.12539
0.79885
-2.85203
3.33873
-0.87743
8.81568
2.32710
0.13584
-6.69713
-5.42279
5.07961
6.84426
16.40010
-1.16682
-1.71664
-12.26541
-2.86957
9.84848
2.85006
8.80153
0.38777
2.47168
1.19006
4.52189
-1.23443
-1.97529
6.92698
9.40470
9.42975
-3.01965
-10.92981
1.53898
-6.02587
7.62032
-5.59760
7.67506
-2.68232
-6.70031
-10.30226
2.64952
-3.35274
0.61747
0.63046
-9.35896
14.04112
-6.86086
1.81011
-0.60859
-1.07689
-1.35866
1.30769
5.05389
3.66640
8.00202
0.07069
0.71524
-3.79774
1.69212
9.28194
0.10061
-2.23524
-0.00404
-1.08136
14.38784
-2.05771
-0.48200
2.84514
6.20460
-7.14908
4.80392
-2.50975
12.50509
12.62092
8.38802
8.58030
-0.68561
-8.85327
0.31648
-6.85435
-5.74126
-5.16361
15.87033
9.91853
5.82831
6.90923
-2.03344
-6.71433
-0.51915
1.16001
7.69687
-3.06728
-2.73142
3.11761
-5.01268
-6.29119
6.11229
9.83173
1.38578
-7.60787
0.74383
-4.81893
6.32323
0.22653
-4.49850
9.09307
10.61097
-3.12224
-15.09581
2.72990
7.75833
-7.51459
1.82455
-9.06868
-6.32850
-4.72802
2.98208
2.35851
-9.54329
-1.04252
-18.12809
-5.17551
8.65666
2.71754
6.54013
-4.97076
8.17984
-5.06556
1.75638
-8.97130
-20.63077
13.26147
-8.05583
0.34708
-0.62759
-2.09361
-0.27988
-4.36251
-5.50938
11.23351
-1.11961
6.51661
-9.61024
0.34504
-1.83566
-15.76833
-2.15360
-1.10495
-0.78227
-6.76924
0.95436
-6.67829
-12.13602
1.60653
4.32553
7.76012
9.37952
8.80322
-1.74039
-3.99534
-3.04143
2.27320
2.16358
14.32556
-10.91089
4.05258
1.54631
-2.62965
-10.26675
-1.49461
-3.35725
-4.17122
2.79316
-2.75181
7.30209
-4.70558
10.17127
-14.78786
4.54030
-5.90848
-6.20583
-3.17226
-3.29652
-11.20240
1.85484
-3.27502
-2.15192
-0.80982
3.13235
-8.58828
3.63606
8.94076
6.06635
5.73209
-2.06229
1.68825
2.25134
-4.81306
-6.08748
1.03169
3.89267
-8.62877
-3.00034
-2.67664
7.52232
2.04882
0.61503
2.21377
5.12227
7.45015
0.86178
8.68710
-1.42186
7.66017
8.99495
-7.92200
-10.15989
-0.47861
3.21036
4.80199
-1.90517
6.98162
2.63796
6.75232
14.09753
-7.24927
5.91333
-8.30458
-2.05405
8.39772
-0.94531
10.37720
5.51135
2.54914
-8.25400
-16.21324
-15.45259
-7.27504
2.35832
4.42733
-2.94982
-4.79738
2.23439
9.55096
9.10368
-2.62747
7.83163
-1.56901
-4.09128
13.77659
0.42388
-3.66285
2.24170
8.67127
-1.54416
2.03930
-11.91623
2.97091
10.50105
4.58715
-1.44319
-5.30171
-3.87260
15.36631
1.52539
-2.43616
-4.25323
-1.16568
-2.49859
13.40383
4.76546
-7.29334
-9.77284
-7.68105
7.78856
1.65477
-1.87530
4.51981
-10.71608
9.49535
4.90329
7.81331
0.74209
-4.47721
14.00290
1.61917
5.15640
1.25767
-4.86758
-11.31017
12.77954
-12.57866
4.39391
-1.14330
-2.40758
-5.28091
-0.98135
1.64762
0.97469
-3.13763
2.60141
5.08572
-3.50193
-3.75849
-4.06991
2.30448
-0.43262
-8.06026
-3.64269
1.46403
-7.87125
13.73138
-0.87029
-5.42717
-7.24893
-0.25257
9.11779
-7.76257
10.86077
-9.22049
-8.58825
8.08718
6.67550
3.62774
-5.01629
-11.37918
-2.91606
5.65393
10.24877
-8.09913
-0.79997
1.08633
-10.86699
-13.26668
4.93631
-1.65166
2.12999
-11.41210
-7.36323
18.36985
-6.71635
-4.01611
-7.67512
-9.21283
1.33373
-9.72827
-0.29629
5.52531
-0.95131
4.41309
2.52211
12.43295
9.90878
-5.10612
-4.85993
-20.82666
3.27488
-12.97022
8.46328
7.25331
-4.29733
-13.39915
-1.71880
-3.14110
-7.69104
-1.32895
-10.76299
1.95957
-13.56062
7.16117
-6.25719
-10.08933
-7.80193
3.12460
0.16835
12.48476
-5.51364
3.61127
8.03019
-5.16414
11.25662
-10.28439
11.49806
-1.74708
6.79715
6.42069
-0.22082
11.26230
4.79431
-8.35470
-9.43676
-6.12327
-2.53482
11.91272
4.83850
3.92790
1.79154
-6.70881
2.58960
3.55958
2.71158
-0.83926
-4.87752
22.28056
13.82065
6.96868
14.04585
-6.78186
-16.05256
1.83664
-1.03819
-3.22932
-4.08391
-0.79914
-10.11250
0.08814
-5.93015
-4.34157
11.09025
6.84687
4.65834
15.30807
8.41968
17.67337
-4.28246
8.93300
0.75901
0.64446
11.58953
3.08985
6.70932
1.77017
15.14433
-5.31301
1.25440
-9.05613
0.18095
7.88892
1.43512
12.76668
2.61444
0.40220
1.04106
-7.76189
-10.36797
2.54538
-4.21056
0.52791
5.10685
9.04169
2.71818
-17.74529
3.81464
-4.21594
2.09662
9.02174
2.87159
4.29391
-14.31649
-0.21235
-0.36660
13.89885
-11.06272
-11.13043
4.41255
-6.73477
-4.94075
7.41212
-1.77912
-4.21301
2.48384
2.11625
13.81144
5.65624
3.60689
-0.61798
1.00909
6.52024
0.07041
-0.07663
-2.04318
-3.51760
-0.68873
4.86613
-2.28033
14.29996
-12.75273
-6.54127
-8.94335
-0.76692
5.90734
4.23345
-4.31759
1.15658
1.76117
17.27075
1.18122
-3.58669
-2.64248
-6.98483
4.57701
0.08213
7.42283
4.28547
-5.88439
-1.63646
17.12378
13.69377
-2.54925
7.96720
-3.80725
7.61540
3.83596
6.68654
9.24072
-2.07661
14.24188
-2.97463
-4.57755
7.56939
-2.53599
-1.81596
-18.93596
9.60993
-9.80163
-2.43301
-2.19280
19.10737
-8.58610
-13.15336
-6.77980
-6.20747
-7.71709
-5.07428
-3.52174
-5.08971
-2.66356
16.85475
-11.44040
3.75148
-0.07452
-7.48196
-4.86247
-6.45193
-6.61429
11.20084
-1.08802
4.65619
-5.95269
-5.00214
9.72937
-6.47469
3.74896
4.39713
3.41784
0.02255
11.79959
6.65595
-0.71320
-3.32415
-0.53616
-0.29420
-3.44641
2.52861
-1.59791
7.85365
-13.66803
-2.67672
4.52915
0.86239
-2.06165
-4.34284
-6.22825
7.20364
3.15685
7.64734
7.79622
6.74579
-12.08393
-8.48483
-0.66512
-0.25056
-3.30023
5.97039
1.82608
-4.02550
-2.45330
0.50016
-5.23298
-6.69218
1.12742
2.47601
-4.60687
-6.14602
0.62786
7.80803
-1.49532
-1.98361
5.35736
-4.38303
6.66535
2.73928
-11.33501
-5.88170
-0.53438
-9.35382
1.53028
-3.32696
-15.88370
15.84473
5.51558
2.19870
2.14738
-8.53054
-5.44355
-0.91780
4.81213
-7.41419
-0.09328
-13.15793
2.26187
1.16868
-2.07241
7.30932
-11.03180
16.36509
1.20695
-8.80363
11.55487
-12.02963
-6.60776
-8.59239
11.83535
3.20231
-9.72322
-3.92127
11.99182
13.43020
-14.32490
-8.13249
-8.40330
9.57993
0.64906
4.93665
0.86204
-4.06475
7.48439
5.55904
0.37274
1.66626
3.69248
1.70634
-2.95165
6.33286
10.02515
-5.26958
0.71550
-2.08884
9.87740
-2.60051
0.33205
9.25577
5.24768
-3.82001
8.07303
4.35894
-9.34153
2.58609
4.59908
1.99446
7.98232
-2.03938
5.61311
5.60022
-1.88122
0.57023
-8.37655
-1.42127
-19.67887
5.63769
-8.96809
-2.07851
13.54772
0.10071
-9.13270
4.47004
6.86984
-7.25792
5.19111
-7.97301
9.47561
-2.07649
4.79378
5.30757
-13.10410
-19.12281
-1.09099
15.16693
-7.03942
5.17597
2.44456
4.60929
4.47121
-4.33359
-2.31723
7.33289
0.60749
-1.27351
1.46237
-3.60819
2.30543
7.66725
7.14984
1.22426
-7.28981
-6.98605
-13.12073
2.01886
-6.56843
0.45274
-4.53589
-6.88656
-15.91343
-4.36384
5.12500
9.88884
-8.76706
-11.82704
10.03183
0.95874
9.87027
-1.84793
-4.29697
11.94971
-1.41421
-3.17654
2.95018
4.00476
0.14592
0.19845
-7.07144
-7.34799
-14.05227
-5.16383
-0.40815
7.19134
8.23476
-5.63315
-3.70698
-2.77314
6.64994
-0.31935
2.29208
9.70436
-3.88289
-3.18143
-4.75681
-9.40419
2.51212
5.07442
-1.14984
7.36199
13.20118
2.42508
9.50493
-0.55186
-1.27968
4.96109
-0.90223
-3.96008
-6.48984
0.64953
0.38876
-11.28652
-11.17737
-7.19466
13.75531
6.73792
-9.51174
-6.83949
-1.91904
-6.72466
0.76015
4.76249
0.18814
-16.62521
-10.48173
4.58933
7.62972
-5.58972
-0.51702
1.98737
-7.48233
-6.03001
-4.83571
6.57017
-3.89856
-2.76744
-19.16534
-6.67305
6.43649
4.72579
5.60783
14.58380
-2.70962
-4.74446
6.23345
-17.93876
-2.04694
3.58478
0.43396
-11.95415
4.25996
-1.45812
-5.53813
13.08059
1.67531
5.78746
11.48514
-6.14067
-10.42170
2.64764
-0.89226
-5.33003
12.46224
-9.16501
-0.80256
-3.36916
-5.44490
0.38322
-12.76761
-2.98888
-11.12556
0.66961
-4.83443
-6.18261
17.41670
-0.44592
-4.25894
-3.33667
4.33460
-2.71523
-2.93262
6.92140
4.97962
3.51172
-0.32345
1.20287
2.72580
2.96524
9.30456
6.49478
-21.12711
2.15810
-2.70142
4.12388
-3.15301
5.17987
-0.91638
5.05679
-0.26816
-5.80010
-12.66168
-5.80791
1.90357
4.52275
0.91061
-2.21551
13.21384
7.15946
-11.53738
-0.13504
-2.70623
-22.49914
-10.59196
9.72927
-16.58490
1.68170
-10.92118
-10.73656
9.21968
4.99341
2.18017
-2.39975
4.75238
-5.23927
3.93038
10.77165
-11.61352
9.58516
2.37796
-1.59841
-3.35324
4.69612
-3.96272
5.94435
-6.75032
-1.92612
0.26274
-3.27836
4.50887
6.52906
11.99784
-9.74402
2.29087
-5.38020
4.14981
3.12520
-1.41273
4.72886
6.01898
9.44389
5.08027
-3.43767
3.71729
5.50507
13.46344
8.09022
-3.64352
-6.67037
5.70289
-1.41803
-0.67540
-5.39008
0.28683
4.25765
0.74204
-4.60465
2.32576
1.09325
-6.28546
-13.74359
-9.11946
-5.24916
5.30500
-11.69997
-1.05425
-14.07605
-11.86277
1.32928
-13.55253
1.75386
-0.21921
7.15433
1.80168
-1.32135
-8.05380
-2.47972
-0.69184
1.45404
-5.51243
14.63058
-9.32269
-0.90568
4.90692
1.02958
-3.83304
-2.43832
10.18970
2.64761
-1.43406
9.09860
-1.48691
1.01943
3.13248
11.01473
0.91813
9.06098
0.08927
9.44986
7.05780
2.30006
-7.03341
3.99461
-3.19420
5.43822
-1.96950
11.53552
3.39360
3.45733
2.13592
-3.02025
-1.00346
1.88997
13.97437
-0.45874
8.00638
1.97173
-8.57196
10.56469
-1.07944
6.73961
1.96240
-7.55381
0.64233
0.98717
-6.88624
2.32203
-3.76923
-0.73122
-13.09866
-9.64283
2.21328
-4.40085
9.99441
-5.96390
5.12721
2.40813
-8.40015
-7.40034
0.59485
-1.80023
-5.08813
0.15086
-2.96040
-2.02445
-0.82518
0.63948
-4.18255
-5.88337
-4.18811
-7.18229
3.11109
2.97348
-7.54641
7.09334
-1.77338
-10.92456
-1.99594
-0.10367
-8.93679
-2.56118
19.90957
1.25051
-17.63762
-2.76040
9.17251
-2.38186
2.52729
-11.30199
-2.78073
8.97927
-3.79856
13.84273
1.86204
-7.54262
-8.49677
-8.94387
2.41890
1.93146
-3.36322
-4.17754
-12.66293
-5.71174
6.45313
-0.07384
-14.58328
-2.79679
8.53570
-7.92025
-1.85220
-11.62782
-1.49878
-11.23883
4.68067
-11.67126
4.29833
19.15612
17.51396
12.50692
-6.13655
8.74963
3.16748
7.56544
-14.64989
-7.25668
2.12497
-6.14327
1.24908
12.08417
-3.20381
-8.68792
-1.71512
3.02496
-6.75459
-8.87939
0.42420
-1.45543
-5.83710
-9.34933
7.69251
-0.89878
6.56368
8.34794
0.40496
10.04999
6.69999
-6.24344
11.20724
3.53913
19.81067
-3.27849
3.38576
6.99659
1.74912
3.00818
2.25048
-7.13868
-3.23750
4.67926
3.93026
1.55000
-6.79590
10.45173
0.34232
-3.73496
-12.93279
-4.55817
2.23272
-7.08972
7.36589
-4.31266
-1.33437
6.99518
10.33947
4.67564
-1.76260
-3.19291
-1.13274
-6.78609
4.04426
-10.31461
-13.58135
0.23644
2.36571
-7.59307
-18.77872
-1.66950
10.56155
-10.38991
3.95454
6.59975
-9.48580
12.88935
8.46805
3.83867
-1.34411
-5.30565
5.61823
-9.53095
4.89621
10.39036
-3.50435
7.23233
6.87973
1.04861
1.47626
2.79235
1.31186
12.27136
-19.98582
-12.23883
-5.38203
1.39639
-0.93945
6.20600
-7.72197
-8.01433
-11.92800
-2.07342
1.36957
-0.98858
9.08770
0.89476
2.15947
-2.37043
0.01411
10.25217
-4.80327
12.68184
2.18426
8.19038
5.47274
3.66474
10.65414
1.20800
-6.11595
4.13048
2.27843
-1.61893
-10.55024
-9.74811
-9.59365
9.60846
-1.33094
-4.09092
-10.58377
-4.78493
5.20856
-4.21988
3.06510
3.27405
3.58908
-2.05169
-13.41280
-2.19879
-9.53709
6.18443
-4.35816
8.80715
0.13733
-1.09431
1.39454
2.93938
4.11198
-6.54126
-14.30845
-6.19213
-6.99430
-6.04621
12.72180
5.94433
-5.11473
-6.29878
0.01999
-4.12073
-3.39310
-5.54751
11.15511
-9.64898
7.27279
-2.55661
2.46766
4.71191
4.66960
-3.92516
-9.04333
-1.79000
-6.41686
-7.03249
0.45903
-13.85542
-13.54594
-8.98710
7.21934
7.77015
5.25909
-7.21434
2.30866
2.93710
3.14295
13.52317
-4.30493
-5.67619
-5.93624
-10.12135
-2.12861
-4.82604
3.04643
12.52208
6.39479
15.45644
-2.59095
-1.22586
5.45526
-2.23909
3.54752
5.68176
4.44493
9.59817
8.16996
-12.27205
-4.70900
-6.36769
-2.79217
-14.54966
-11.77034
-8.96038
-12.58207
-4.66910
-1.11974
11.66081
2.10017
-16.33923
-12.08892
5.52169
-5.49952
15.00448
-6.75858
7.73679
6.44634
0.93250
9.97740
-0.33992
-3.24778
-3.77899
-9.30050
3.08620
-2.46529
-4.44329
-5.20516
12.32897
13.40738
10.10715
6.59393
-11.13058
4.97554
-2.80340
8.79930
-9.32629
2.02702
-10.15841
-6.20534
7.51496
-2.15590
26.18016
-8.82882
-7.83693
-5.93485
2.92421
2.99829
-5.99141
3.43429
-0.25407
-8.21940
-4.54885
-7.84992
-2.18496
3.49589
-9.75815
1.63625
-10.22042
1.29131
-10.89878
0.36614
-6.93452
2.53322
-2.13980
1.80789
10.58339
-2.26034
-2.08889
12.19154
6.03998
-1.05488
-7.63318
13.17044
-4.35011
0.15964
-10.61624
-1.87365
-2.67150
-1.68699
-0.21103
6.78173
-11.16621
10.19639
2.04914
5.37334
-8.24345
-0.46930
-2.07289
-6.35105
10.47755
-0.23664
-6.10494
7.29225
3.63854
-0.08673
5.44111
4.25851
10.19138
-9.40312
-0.91947
-13.80231
3.83484
-0.20246
8.10350
-3.75468
-8.38272
-1.92105
-0.30948
-3.38837
12.86481
-9.81641
-4.19116
-5.62046
-1.93715
1.42560
17.52180
1.71547
-11.58673
10.49896
2.24848
-12.27202
-6.67918
11.39114
0.78222
6.49188
-2.57692
-7.40478
-3.83890
-9.76582
-3.25945
-6.69451
-3.45972
-4.13473
1.91896
7.35590
-5.17005
2.87821
-1.06424
0.02775
1.55779
-3.40350
0.29438
-4.89690
-8.57661
-7.14037
0.58513
-5.07677
3.93352
-12.07870
-0.02862
3.57113
-4.73258
-10.41261
5.34337
6.09913
-1.34610
4.22660
11.10249
-1.62660
5.70966
7.11349
1.15823
13.24497
-6.19704
-5.19025
1.79887
0.22256
-2.78737
-7.21320
9.93363
-2.85973
1.13428
-15.23953
-1.07473
2.53142
-0.87409
12.85980
-12.27830
6.57136
2.41124
-1.04784
-7.04552
0.98409
6.73509
5.85075
-2.15610
3.18310
9.58112
-5.85481
-2.00794
2.11668
-2.66061
-1.16163
8.53138
-4.62138
1.99799
-8.99282
-5.72977
-2.12550
-1.34019
-3.38386
-2.53904
-5.16627
-2.31182
-8.02240
12.95892
0.48731
8.06307
2.47398
-7.39468
1.10190
1.06553
-3.33001
-11.71685
1.96279
-5.95238
1.04145
-18.81289
6.61841
-6.77491
3.54796
6.89149
-0.11169
4.97937
-7.46723
2.45351
-4.75906
-1.39650
0.71960
3.96208
-7.18963
-3.56415
0.67147
5.11169
2.25678
-0.95556
7.33671
-3.88716
-11.60933
-0.30295
-0.73634
-11.97842
8.78064
-9.22976
4.71105
-8.72024
-6.90730
-5.34201
-11.19900
-13.82010
-6.43233
5.04829
7.62789
10.85686
-9.00096
27.85754
-3.81545
5.90557
-3.33295
0.93978
7.29315
13.96939
4.03678
-5.67461
5.57455
-1.94830
19.33555
-4.15798
-13.20185
-7.28657
-2.63976
-0.59723
-6.02929
-2.97246
3.67531
12.19564
-13.05221
-12.78484
-7.92910
10.95303
13.54085
-11.24280
-6.64620
-2.00988
-1.33901
0.51512
-9.08211
0.70746
3.72463
-1.50823
-9.44055
-4.38073
-5.94213
-5.53678
4.76497
-0.29217
0.03123
2.28957
-0.55145
-5.60426
-10.19736
0.27730
-8.76726
-8.71745
3.41138
9.42099
3.72000
-5.55937
3.93062
-6.57465
8.75199
-8.42167
-5.99010
-11.24483
-6.09613
-6.17568
8.02774
0.97422
13.46725
7.69881
6.33550
-16.46908
-1.45717
3.90743
9.22861
2.18866
-7.87947
0.57704
-14.87648
-5.12510
-1.01420
-11.02668
4.30586
2.80715
-9.51705
2.65849
7.19630
-3.60110
-1.21866
-2.72548
4.69791
0.53151
15.51599
-0.65693
2.62507
-2.14041
-7.38348
11.23845
16.35569
-11.83971
-3.37257
4.25641
5.75947
-8.80138
-3.36078
-0.43046
3.68476
3.89060
2.22407
-11.08390
3.36470
9.27938
-6.07171
-8.35169
2.90037
-0.31803
8.82209
-3.39358
6.57767
-6.19418
-4.48604
-22.44819
6.50127
-11.34353
-0.10418
12.68693
-11.06440
-9.44668
1.67911
-1.27844
-13.89091
-13.03370
8.06298
6.19394
6.56658
5.54034
22.49314
2.27783
-3.36925
3.30708
-3.59632
3.32774
-3.49811
-4.73192
6.68026
7.00250
4.37338
-4.96654
3.34517
-5.10247
5.08223
-11.51336
2.14083
-7.64605
6.73964
-0.77426
-1.56333
2.56842
-1.67135
-8.75735
1.66236
-13.58264
-0.66809
3.76194
9.49629
-5.63698
4.71964
9.41784
-6.53031
-5.90097
7.51711
5.91537
4.37862
-4.51037
-1.05212
-0.07918
4.85745
4.41431
-6.25274
-8.42559
3.74074
-7.17639
5.77014
-13.18998
2.92543
-1.98243
3.67910
-5.42870
3.71806
-10.43290
-0.01059
5.08763
8.33514
3.65127
-9.58294
-2.25126
-2.21789
-7.98732
-6.03667
-9.03231
12.23496
-6.09869
13.82689
17.13207
0.21365
4.50676
-4.80856
-10.28470
1.35345
1.09910
-9.42143
-2.33572
8.61322
1.73307
0.79140
-10.10661
-1.23895
-3.64996
0.31302
-1.95886
-1.10799
-7.63528
-8.61701
-6.86949
-4.01912
2.61914
4.97383
-11.24157
9.06296
5.29434
-6.33880
1.44248
9.02174
-1.80780
3.66500
-2.15244
9.03261
-3.99042
-10.98509
3.85918
8.02239
-2.52902
10.72089
6.42756
-18.52238
-2.01190
9.87154
-2.01435
-7.58133
8.61398
-5.70198
21.94778
3.61607
-0.65191
-1.24039
-5.82820
-2.39851
-2.05734
-4.44506
-8.22206
1.06177
-10.42907
2.67301
9.40467
-1.61999
9.66392
-6.67113
3.83199
6.08094
3.84399
2.00918
-2.85869
-11.29840
-0.08197
-0.07212
-8.25098
-4.62708
-6.96440
11.44691
-6.94789
1.75028
-3.00217
22.34691
10.08179
-0.87835
7.22797
8.42308
7.82279
-5.62889
-2.71958
2.81634
1.95720
7.62830
2.74271
-10.88786
1.71757
3.13317
-1.84549
1.96403
-3.60644
-5.47299
3.78058
-0.16286
-5.90865
3.63065
3.66266
-3.71030
3.84118
-0.68503
-19.67879
-12.65696
-11.10041
2.31467
-12.14752
5.91444
-9.40422
-6.20630
0.35071
9.82464
2.03719
10.78968
-7.69928
-1.74618
3.70126
-14.85731
9.79707
-6.19563
-0.23975
1.17478
4.90369
9.37763
1.39189
1.60393
-7.04001
3.64591
-6.82702
-2.45362
1.40635
11.57293
-2.53399
13.29232
0.71289
-16.43886
-6.50212
-5.57796
3.04092
2.46149
10.79000
1.75179
7.51898
-8.11919
1.33180
7.60510
11.92753
4.16759
-1.76358
10.77974
10.39532
3.17657
1.17367
-6.69521
6.29621
-4.50239
8.00545
-1.47727
5.26760
-4.28538
0.08027
1.66038
-1.32897
-5.30451
-6.99255
1.54340
-4.10728
1.14889
-6.96869
1.68281
5.75232
6.70038
2.56564
2.43523
0.81236
13.98987
4.33273
-0.84307
-3.51438
-4.61753
1.64395
-2.71335
-7.49872
1.20950
-1.18176
-5.64298
-7.00752
8.91353
-6.20341
-10.20877
10.01904
-3.66768
3.18593
8.04265
-2.50982
-2.02552
0.23781
1.25041
-14.69857
4.79829
12.97964
-6.60934
-7.09075
8.38984
8.12222
-3.85454
2.05890
14.48917
5.75083
7.11750
3.59090
-0.24658
5.12851
-0.96600
11.97228
17.11782
-12.38812
-1.97168
-5.26602
9.14690
-5.45588
-7.23491
-3.81455
6.98408
9.74765
15.00810
4.85881
-17.00879
0.29115
-12.24655
0.72089
8.48771
-8.94222
-1.78990
-19.23840
0.71358
13.78674
-10.32752
-8.89911
3.53300
3.66294
5.52595
-8.85327
5.79264
3.93504
5.92212
-9.96933
3.38445
-7.77568
-0.35045
1.43077
1.14450
6.31760
-6.47844
10.47645
-11.29942
1.22221
4.71847
1.18259
-11.34309
-3.46582
7.49488
4.87303
1.30605
-8.63096
-3.84504
0.11302
-2.93964
-1.01218
-17.12423
-8.88021
-11.91617
3.86163
5.65037
-3.49001
-0.56491
-2.28534
11.04348
8.69220
12.22895
6.23418
-7.35864
1.71307
-8.67207
-10.67654
-8.55678
-13.33262
-11.26593
-1.30023
-5.83136
-5.96112
0.27176
-4.85992
8.97246
5.66471
-3.19190
-6.72469
-3.15885
21.52816
4.57200
8.39024
-14.65920
-0.51815
-2.32471
3.28767
6.41836
8.39887
3.76790
11.76392
13.99588
-6.32380
-1.03825
1.95472
1.55797
-2.98260
-1.08519
9.72256
-5.24947
-3.59474
-2.90043
2.27839
15.96716
-9.92185
-0.73142
0.50874
-1.05042
0.14231
12.39382
-4.19411
-3.71124
4.78838
5.76185
11.71412
-6.25067
-4.94070
2.19756
-0.78528
-4.91508
0.24440
-14.73186
-5.45540
2.58000
0.47731
-2.71899
10.13324
-4.09742
-3.66000
-2.28949
5.46438
10.55184
6.51584
-5.13984
-1.69293
-1.37923
-3.46160
2.70367
17.93098
2.95222
-10.48850
1.96088
-0.80313
-5.71749
0.44894
-16.15337
-8.31584
-4.08020
-6.88125
10.15772
4.92050
-1.03458
15.30542
-3.23487
-5.62870
2.01026
18.29907
1.21632
-5.76675
1.25378
-4.32316
-7.48259
10.46025
8.53434
-16.10258
1.14730
2.21012
-2.96446
15.43231
-5.15947
-1.86426
-1.54142
-7.01423
13.66472
-0.68290
1.57994
10.48181
2.32977
9.17602
6.16192
-6.76858
0.05290
7.79089
-8.46242
14.33512
-17.96032
11.50600
3.91483
-3.52182
-10.48308
9.15034
6.69094
7.64588
12.30255
-0.30540
-6.93659
-8.02592
1.58777
-4.02399
-13.29639
-1.46286
1.06613
-4.77699
6.17070
-10.89363
-2.15226
7.37243
1.08991
-3.98385
-2.86072
-11.83072
-2.79422
-14.61464
-0.70137
-4.40353
-2.25210
-1.09224
19.13125
-3.34124
18.70675
-0.37367
-1.50132
8.69272
-7.06671
10.66688
-12.03420
-0.52756
-3.18929
0.51810
4.32591
-9.86904
-12.80899
-3.91159
-3.49671
-7.72589
2.55668
-11.57585
-11.83592
10.78634
3.48485
8.15264
-0.36933
0.06783
13.25314
6.83852
11.34881
3.88051
2.16006
3.25554
-9.06766
-7.68977
-9.16491
0.58605
-0.30838
2.55437
3.41151
11.64206
9.39542
-16.26656
6.39820
0.60655
8.07674
0.96372
8.73553
8.93132
-7.65008
3.17488
-9.79880
-6.19433
-3.10469
-2.56040
-6.34145
11.89083
2.49071
-2.67188
0.98814
-12.21872
-1.54170
4.43675
1.64458
-2.75163
0.24178
10.89147
6.12465
-7.07194
0.51153
1.37896
9.53678
13.30218
-4.55439
-1.05765
15.04823
6.55172
-7.98880
13.14354
0.18531
10.89761
1.25989
13.90921
-3.70521
-5.40327
-14.59150
-7.18066
-6.12612
-2.82966
10.07370
-2.07997
-0.69846
-4.40011
-1.22271
-15.11078
-7.39934
-2.89238
-4.37653
-1.50407
1.67477
7.90316
-9.80560
-2.47501
-13.45494
-12.27014
8.12203
5.86131
-0.63386
-3.94116
22.77070
1.67440
-2.90481
-1.64286
-0.06728
2.40468
-4.94423
-7.91422
4.95180
4.03967
-0.35288
-14.51336
3.62012
1.27179
-6.04736
-6.25501
1.05645
6.45094
9.61756
-1.19464
9.10343
0.32777
4.77232
8.75073
-0.51727
-15.15779
-1.18135
-3.79766
-7.45953
11.88800
-14.39753
17.39552
-3.06399
-13.05925
-13.98353
7.11850
3.06507
-5.03625
-6.66412
-9.45749
-3.51383
12.09914
-11.39795
0.56859
-5.85288
4.91924
3.88153
-6.77600
-2.90264
2.29661
-8.65374
0.02019
6.25672
-9.60776
-2.80243
-7.10900
-6.93783
-4.28982
-11.19890
3.79651
10.31771
4.29390
14.15621
7.45741
-1.74970
-6.09708
18.57630
-5.61655
-4.30690
12.89261
-2.19823
-2.39154
-2.36863
-3.64211
-5.68501
-10.03203
1.91242
-0.77194
-5.80641
4.30619
5.63639
-2.11280
-14.37511
10.87353
8.73378
-0.18750
0.56328
4.66892
5.12104
6.33579
11.35275
2.21457
-2.66402
-0.09948
-1.87580
6.50952
5.05437
9.36557
4.33021
6.56915
-7.27016
-4.29454
-10.82112
-2.16074
-4.75650
6.64986
1.28596
1.83183
10.25752
-2.41290
2.66910
4.76001
-1.78769
-2.54975
10.11729
-7.17822
-0.75501
-6.06652
4.51082
-5.03129
-1.56161
3.64809
0.08201
2.46644
-2.25103
6.50153
-2.56437
-6.76411
2.65253
3.37514
-10.80055
-5.33721
14.65436
3.59006
-2.10211
-0.43997
-4.89039
7.98606
-6.38814
25.49859
6.86334
-0.08706
7.70790
-0.30830
7.31423
12.61359
-7.42673
-4.00286
5.84302
5.41688
-4.55285
2.35416
9.06910
-12.61826
-0.07618
2.78717
0.94599
11.28166
-11.04455
0.51309
-7.99438
-2.53586
10.00053
-4.71965
-6.48678
-10.43302
-9.50399
3.53979
1.28266
-11.31001
5.61274
-9.99371
-1.55103
3.16407
8.74865
-20.75799
-1.17216
5.70515
-3.04526
-0.32044
-2.37154
1.27904
4.78824
5.22086
-0.21868
-2.61784
10.44102
-13.30729
-9.13912
20.74688
0.79243
-2.36475
-3.00161
-2.17697
-6.88931
6.81026
-13.19979
6.75816
-2.20302
4.67869
-0.20668
13.00580
9.24275
0.76369
-5.74027
-13.95206
-17.50694
6.89055
6.24668
3.97649
2.22920
0.60207
-5.78540
-2.96850
-3.14727
-6.12454
-3.90472
-0.22523
1.11726
5.25709
5.00683
-1.43156
-14.69454
7.52866
4.70947
4.21082
13.09840
-1.37616
4.50335
4.51249
-9.93769
14.25831
-7.66030
-5.87832
5.70973
-5.94886
-0.87101
5.31992
-12.79789
2.54605
-17.08632
0.68081
-10.63460
11.30208
7.03387
3.47930
-2.58326
1.59395
1.36156
-6.77639
1.34050
6.95704
-3.07450
-2.90113
5.25321
2.68313
11.70409
14.62708
1.95365
7.56885
6.57093
-9.16336
-2.57183
1.77832
-3.97030
9.44343
2.80591
-16.45147
-5.79773
-4.60873
3.89209
-6.20338
-0.86312
-8.50323
-1.20927
5.83870
11.50776
-2.92978
12.08159
-2.64375
13.92566
8.69737
0.89860
11.12439
-2.44476
15.67446
-2.08436
5.49594
-3.87210
7.66040
-0.63881
6.27856
-0.86695
-4.53297
4.29312
3.50885
-14.70042
8.99152
-7.38553
-3.03322
12.31672
4.81330
10.11847
-2.22329
1.88806
-6.65324
3.32126
-1.59219
2.32148
-12.99514
0.57771
1.89627
7.60779
12.18155
1.81879
-0.59494
5.46051
0.15211
-15.66316
1.77964
-0.99664
7.77738
-3.57545
8.42764
-1.99409
7.70234
6.46763
1.37008
-0.63904
-0.13852
-11.10945
6.70550
-6.58534
0.46154
-15.72510
2.77061
-3.68353
6.91472
2.94655
-1.45235
-5.30338
-1.22855
2.31778
0.10065
-0.71009
-4.18783
4.56313
-14.14660
-0.75117
-7.35369
9.75659
1.28138
-6.74498
-6.56181
-10.20457
-6.55444
-13.51951
-8.75397
1.87252
-3.64063
-8.49510
-8.47116
-3.32244
-3.15604
6.57249
1.55785
4.82747
15.76825
-2.63948
-6.71351
-3.63942
2.30629
-2.62585
-4.96086
-8.00494
9.42895
6.63492
-0.70280
-10.46410
-2.53920
-6.06774
1.02762
14.17017
-2.64989
-1.50762
2.21810
6.35153
5.30798
-5.13116
-8.65580
5.58099
-2.96164
6.24652
-14.24421
2.68746
-4.41771
-6.22296
-7.92746
-8.11884
-12.35082
-6.14761
4.46982
-5.37883
0.26596
-9.32559
-3.06470
4.22917
-0.55333
1.14867
-10.12821
3.17153
-15.87883
-9.89257
1.23562
4.77881
-1.27791
9.30836
5.75044
-3.16951
-1.32828
1.12108
-5.51167
-11.82116
-10.93122
12.39539
7.05917
-4.06438
-9.47077
8.75116
0.47134
6.77795
-1.13393
-4.53238
-0.61971
4.58074
4.50488
2.69700
-0.50082
0.57828
-11.28939
-6.62851
-15.06721
-0.27681
13.28497
3.87007
-5.07533
1.69428
5.09664
-1.75434
-9.13715
2.26219
9.23337
9.53404
-2.63097
6.54972
-8.62114
2.63022
-2.63902
-2.01757
0.84652
8.90769
-10.38226
-7.44553
-1.35737
14.94462
6.52020
3.65572
8.59881
-8.20331
4.93212
-7.22694
1.11118
3.38539
-3.48350
-13.71649
5.11407
5.49437
-0.90549
2.07730
-5.36111
6.30283
2.42690
1.05025
0.81654
0.40692
-5.60669
0.76477
0.58059
1.55085
2.92648
-8.99816
1.99919
8.38327
12.86418
5.29918
-7.94299
-0.28942
3.93785
7.56574
10.26913
-0.61491
13.15253
-6.06100
10.88664
-6.89833
13.31929
-4.65281
-10.42263
-5.19395
-7.82376
4.18062
-3.80458
-25.42785
-9.31369
-19.91824
4.61091
-0.46196
-11.23906
10.34145
7.22131
14.99626
7.56672
1.88971
9.41292
-11.30321
-5.45947
7.30296
8.42795
-7.01343
5.82486
-4.07192
4.86682
3.49944
-7.67190
6.87792
-1.88809
2.67443
2.92869
-0.49311
-6.76265
6.43831
7.36023
11.12269
-5.50046
-1.87025
6.56039
-5.82282
-6.76461
-4.61190
1.09549
3.72025
10.82860
13.81352
6.06935
-7.39946
-1.20234
-2.54653
4.81026
6.16193
-0.47452
7.23415
-6.96047
-4.81948
7.78343
4.43645
-0.46406
-6.59610
13.43112
-9.26185
-6.90580
-0.04575
4.19505
11.29410
-5.56887
-0.07056
-17.96060
-7.85402
-10.33324
15.67781
1.61410
5.19965
-11.01240
-17.02622
-7.28471
-2.05578
-0.55847
-12.41447
-5.07722
-12.05121
-2.57739
-8.61131
-12.04442
6.38865
2.66647
6.56206
2.85201
0.46624
-1.24785
-4.50872
-7.83093
11.21009
-1.12187
-0.73887
-4.01735
-6.94662
4.63347
9.84756
-20.92144
-13.57680
-6.94875
7.86051
1.10591
-2.48234
-1.89217
9.01282
-0.28287
-5.27061
1.32446
2.35134
-11.50190
-4.48559
10.05902
9.99987
2.71734
4.24692
7.66749
-5.83741
-2.68083
-10.68472
6.79655
13.07249
-4.87447
-5.43777
2.52349
-9.51023
4.04159
-15.28663
-3.25058
10.41552
6.71174
-2.13423
-13.32331
9.99022
-2.46695
-1.05184
-1.50848
-6.25936
-4.51183
-6.88908
-0.68934
-6.99666
-1.24244
11.79543
-9.14826
-8.45559
-8.06241
-2.96061
-5.32481
10.46422
10.08509
-6.25968
-9.50674
8.07903
-1.75303
-7.88784
-6.03207
-8.81945
3.47921
-10.11329
5.23763
4.28869
-1.96560
4.95651
-8.89327
5.20461
-2.32228
1.35435
3.61329
3.63591
6.62721
-1.18916
-5.51891
-1.87071
3.53705
-8.20802
7.10486
4.47829
-7.59192
7.15646
15.66502
-0.33840
-4.30918
6.59172
1.29051
-0.21634
-5.49606
1.25651
-9.50374
1.00902
-18.90999
1.17903
-6.87415
-4.96397
-7.71042
2.47738
2.25884
-12.21769
-5.20501
-9.64460
-0.69515
0.72040
3.60541
2.60704
-10.31645
0.07966
9.74820
-12.60868
-5.95362
-1.31295
-1.97918
8.22849
-5.81886
-5.16901
-6.94506
9.98402
2.04284
-10.05824
-2.27151
-5.42602
10.94690
-11.34058
2.47450
5.34266
1.68293
8.58728
-9.39487
-6.43277
-0.47733
-1.71954
3.80284
5.52924
1.19455
5.31126
-9.84809
-5.24363
2.24645
14.14580
-19.26579
-0.07788
-3.14971
-3.47831
-4.28421
10.54607
-5.08844
-2.43274
-2.07424
1.63114
-3.16047
-2.85505
10.64669
6.14552
-1.82669
2.83647
7.25604
-1.17989
9.56482
11.07659
9.81313
16.54697
-4.14070
1.00900
2.23974
3.16882
7.01008
0.60816
-1.87326
4.64833
-11.16593
-7.09641
-3.85269
14.62442
5.69915
0.63500
-1.09017
-6.47469
7.89752
1.97223
-7.17199
10.10369
-4.36385
-2.04396
1.68974
3.01861
5.26600
6.05794
6.76539
2.25264
13.75098
19.55830
-2.29504
-0.13491
-6.85487
8.34653
4.64563
-6.41477
3.98446
6.12500
2.90739
8.04055
-2.38861
-9.07397
3.98490
-4.57327
-2.11144
-7.17491
1.24863
5.17373
-4.42294
-14.04347
1.90034
-2.41864
2.07206
8.23785
11.55695
3.74099
-4.60718
3.88095
0.02168
12.27957
-6.02572
-3.96188
6.70112
6.70187
2.43240
-14.19603
-2.78307
7.14492
4.49757
-5.36966
3.63092
-3.37119
-12.60558
-7.12406
-0.33762
-0.25580
-7.38494
-1.94737
6.38091
12.65531
0.94719
-6.97571
4.69433
-6.73753
1.84922
0.90648
0.55642
-2.09161
1.06734
0.05100
-1.14613
8.12491
-11.15988
9.92154
2.87776
10.80574
-7.51515
5.69656
4.97941
5.28873
5.78034
-1.70334
15.50993
-7.71049
-8.33290
8.31620
-9.43692
-14.30666
-11.60896
-4.44586
-8.58594
4.39853
0.05662
9.48438
4.06164
-1.61547
-12.62723
-0.03061
9.18583
-9.62951
4.12437
3.87254
3.14744
2.27825
-14.40350
-11.34218
5.44277
-3.18560
6.75259
10.95218
8.66637
1.42211
2.93299
5.79274
1.22055
-2.73005
0.61495
-8.26468
-3.18047
1.49387
7.29278
10.59545
7.47601
3.10639
7.89218
4.87174
-6.34581
-8.73915
9.58471
3.54212
-20.54211
1.87856
-0.63013
-1.06419
-4.28153
0.60155
-0.79957
5.86543
-7.70812
-4.23777
1.14643
1.41997
14.03360
15.82394
5.68142
-6.91509
14.21927
-6.08829
-17.63558
-7.17609
2.35459
-0.75466
12.12658
-1.79632
2.95954
2.82545
11.90533
-5.09705
1.62515
-7.32405
3.78572
2.25580
-2.63538
-5.16436
0.75548
2.30433
6.10092
3.89253
3.91224
-4.74206
-4.32769
-13.40656
-3.89461
-9.50712
-0.04752
2.33238
-12.03027
-0.18191
-1.43132
-10.16561
-2.21229
-0.08435
-11.38150
-12.20592
1.50653
2.88143
8.53562
1.52214
-7.24236
2.89344
11.30958
-0.99773
-9.64752
-12.96035
10.08817
8.93466
-0.80392
1.42836
-1.67712
19.78302
20.32770
-5.58291
1.49017
0.47744
-9.41303
0.53354
0.20802
14.20132
11.04037
-8.32985
9.60613
9.40925
-6.65933
-0.58506
4.13114
6.24646
4.62979
7.10279
3.77958
-9.15809
-4.30295
4.05902
-6.52966
2.02960
8.92654
5.60727
-4.53862
-19.55265
-6.36136
-10.77530
-4.05788
-5.06133
9.58237
10.12109
-2.00650
2.17440
-8.80494
-11.04794
19.46571
-1.03068
-2.94275
-3.44904
-8.67711
-7.03951
2.13904
-2.46269
0.43787
-11.53349
-5.05976
2.93985
-5.06713
0.95327
8.31636
-2.31678
-2.18348
5.02981
17.92320
0.38505
9.57516
-3.81924
1.30789
-11.01345
2.07838
5.50744
8.80679
-6.12507
10.77435
11.48190
2.90568
-17.01043
-3.99771
-2.24038
11.34832
-3.41162
-7.97545
-8.22001
9.07481
-8.13712
4.35116
0.27850
-9.61070
4.04351
-5.40240
0.59540
-3.09883
-3.99542
-5.89752
5.11992
20.50353
-0.66786
19.16500
-2.51402
4.16411
-8.49459
-16.14351
-5.05812
-3.51549
4.89373
0.60842
-9.91770
-15.74006
-10.33592
-4.94129
-2.11185
9.84097
-0.95926
2.91085
17.56702
7.24423
2.47063
-1.30219
15.28995
-7.24871
4.15061
-0.22721
-2.26553
-11.82224
3.10132
2.38366
-1.52679
3.94287
11.68776
-3.09134
7.41021
-8.10923
-2.46206
4.62017
13.70616
-1.67262
7.02465
-2.02848
-6.88527
-7.55657
6.34769
-11.44254
-6.37872
-2.21228
6.03971
-4.21558
-4.44842
6.56867
-1.07290
9.81064
-2.51426
-1.47824
-0.39198
11.47610
4.48682
-0.83124
-8.63294
-1.41001
16.42760
-5.15769
-19.19471
-7.04622
-12.56678
6.65000
3.63609
-1.09220
-2.42978
5.73982
-1.52576
3.64289
15.78016
-8.19721
5.07649
0.43806
-4.51423
-8.13014
-4.18982
-12.31961
-7.17845
2.34675
4.53121
-4.61267
6.64861
5.99022
-9.04167
-2.29786
-7.19169
4.44840
3.96765
6.82067
-8.09172
0.17700
-7.66711
-12.38176
-3.57664
-9.35358
0.52121
10.14544
-0.00676
0.62211
9.04015
7.37832
-3.02450
-8.91921
-7.35185
-3.49387
-2.38771
-6.69128
12.42505
-0.76691
1.13761
5.47289
10.07307
-3.77327
-4.24740
-1.32744
-2.60233
4.70799
7.64705
3.69956
-16.19350
-1.31735
2.65819
-4.28743
5.65599
-2.46857
-12.95933
8.88743
-2.85041
-0.43230
-1.90699
-4.58491
-2.85341
-2.45100
-0.08684
5.17050
-8.15052
9.70504
0.75170
8.94620
-10.34652
-6.05766
9.12208
12.53498
-0.76127
-2.57314
5.05122
5.59514
0.68110
15.35232
-13.79588
0.45466
5.62690
-2.59508
9.49347
13.52984
-11.69438
-6.06378
-0.04462
-11.45275
9.60773
0.32362
-8.70389
-5.60804
-3.13519
-1.13688
0.30966
5.28330
11.19679
3.77880
2.45887
-10.32361
-7.23218
-7.74402
-12.78392
5.89181
7.65659
6.63234
7.33497
5.40244
12.62751
-4.64444
-0.68377
-5.48704
14.45951
8.08028
-9.02489
-4.02482
-2.14268
-1.63329
8.36900
5.14486
-5.88411
-5.61326
8.06108
-6.53336
1.18964
1.36011
0.68898
5.92270
1.52709
-0.62868
15.21360
-5.84626
2.05671
3.44488
-1.03203
4.18193
-14.90410
3.89999
-10.59919
5.19588
4.08270
-1.27394
1.84644
-4.58241
-7.87509
3.43701
-0.14127
-3.04479
8.95123
-7.24364
9.58797
-3.18618
-1.37393
2.75498
-12.30628
3.24591
16.06134
6.49424
-10.53758
2.04102
11.53766
-6.87040
-2.75505
3.00996
-2.53796
-5.75188
-5.45789
2.46554
-0.31093
-12.37218
-10.62615
-1.50077
-8.77101
0.94991
6.02726
-7.57043
5.29691
-8.02749
4.04082
10.53870
5.89610
4.63640
-5.63979
3.58711
-7.41333
1.73194
-1.82367
-2.29624
2.43190
7.66341
8.16125
-3.28093
-3.50544
3.07670
-2.05668
-4.33895
-2.06935
0.31943
0.32881
3.96924
4.98372
5.74669
-11.80242
-3.17288
-9.40600
-4.99630
-3.06134
4.14737
-2.21100
3.89934
-2.80829
0.04592
-3.06858
5.38251
3.91304
-4.71578
1.72228
11.75254
-1.89743
-5.33981
5.43190
-4.17446
-3.45442
-7.08436
-1.61987
9.49203
-0.08489
8.77286
2.33403
1.23509
-0.73039
-2.35014
-14.94035
6.63447
-6.43914
3.49422
-7.94761
10.46122
12.63010
-10.40918
-8.90842
8.01911
6.61080
-4.46660
1.55892
1.63210
11.66131
5.44245
7.88161
-10.17035
6.37985
-4.80387
2.20787
-9.80482
5.17056
-4.96502
-12.87209
-9.53717
6.71745
-5.68001
0.98353
-5.20933
-5.02163
-14.25215
-10.32656
7.33515
0.69663
-6.94701
2.10940
-1.69780
1.50962
2.67079
5.60634
-1.48276
2.37722
-6.48439
5.81806
-6.32854
4.01138
-7.86920
-7.52668
6.76068
7.27914
-4.10178
14.82694
7.07756
4.52049
5.01702
18.53692
-13.09156
-9.01280
0.88874
-1.38564
14.04801
-2.67350
5.51541
5.88334
-2.73992
13.24509
-5.44968
3.27687
1.87213
4.78301
7.99303
3.71933
6.18281
-1.50211
7.78618
1.02968
-0.43486
-4.50653
-9.98998
-7.48502
-0.75358
-0.86815
-0.09151
3.81632
-1.09156
3.64662
-9.84587
-12.58232
3.82634
14.73626
9.73964
-1.14042
3.90996
10.11934
4.52865
-5.73711
10.64109
-3.67311
-13.69126
5.36569
-9.39117
7.63922
0.90096
-12.36600
1.18622
9.72871
3.39954
5.12445
-4.65105
1.01478
2.31563
8.63531
-9.52679
4.10628
-9.25415
-6.87168
-7.48624
-3.61102
-11.39885
-7.16357
-3.89774
5.87216
3.27817
-8.14890
0.66535
-9.18394
-9.51130
-1.36704
-15.21785
12.09888
-0.79006
6.21844
4.03801
-7.13734
1.60948
-4.85514
5.88981
0.41026
-1.23413
-2.11806
-10.33780
0.62806
3.73975
-10.24669
-5.11420
9.96686
-4.35609
-11.42843
15.63144
-1.09113
15.01018
1.79307
13.90748
-2.36077
1.03795
-3.59886
-2.32672
-2.24732
6.20918
-3.54741
-2.02863
1.98305
-8.26762
3.57517
7.18107
13.84861
-1.92947
5.53558
-1.54376
-14.03462
-13.59159
-3.67382
-4.44046
-8.58941
-1.99293
3.24418
-6.55223
-0.95558
3.86088
2.57508
-7.55406
-0.45934
-8.41222
-14.73185
7.75859
12.42087
2.51015
4.89206
-1.39591
3.39876
-5.92047
-10.38871
-5.20452
6.27718
11.93330
-6.70183
11.41819
-3.77628
-2.40278
-9.38738
-1.48047
22.16378
-6.54288
-7.45291
-2.73740
-14.57845
3.90552
-3.59414
11.74765
7.25964
-4.02750
3.05913
9.29946
9.24308
1.71839
-7.94022
-7.82062
13.22479
6.95871
9.77206
-9.56281
-2.54408
6.16956
7.83221
5.37896
-9.72833
-7.88223
5.80551
0.65236
-1.69260
0.78406
5.43697
-3.04671
-3.26176
-1.80182
6.98460
11.26898
-4.89051
2.27857
-11.00721
-8.05035
1.41264
7.08679
3.70214
-0.64925
-4.13849
6.91733
-9.62047
6.25393
8.22658
-6.83170
-9.58163
-4.56962
5.61733
-5.94253
-8.11278
-5.05996
-13.20576
17.05344
-5.86286
-7.03643
2.46210
6.76654
-4.70630
5.00814
-18.20434
-13.40252
-4.78556
7.42775
-2.22362
-16.73587
0.05632
-3.48513
2.03851
-9.05461
-0.69796
-3.42259
-21.84089
7.09728
1.05082
6.35954
3.91801
21.09161
4.34602
-0.82552
-1.10212
-5.41553
-3.16997
12.63806
5.66298
-9.49824
13.78354
-3.30475
0.82047
2.36521
-4.22116
3.63383
9.76126
6.43761
10.07008
6.63168
-5.26440
6.82548
-2.41350
4.66408
2.79917
-10.52977
-7.00465
6.79072
-10.88041
-1.12662
-7.89783
-14.06156
-9.63548
12.39888
3.85210
8.06089
-0.13661
1.39310
-13.50169
12.82139
-4.62124
1.68274
-4.44664
-13.90455
0.04737
1.38414
-3.06081
6.46938
-14.10141
3.01879
-2.07851
0.28506
6.43922
-7.37469
11.66810
10.90279
8.52012
-0.70744
-7.77264
-1.75538
-1.21856
8.45509
2.47766
1.69699
4.34222
6.05318
-10.14482
1.39287
12.54620
1.34935
-0.02043
9.26980
-2.03759
-2.20174
-8.25032
-8.69258
8.70501
-0.89465
6.29785
5.83656
-11.50353
-1.60867
-14.16729
-2.39321
16.30571
-6.48766
-1.45448
18.14370
3.40975
12.48176
-16.73897
-5.43465
-15.23157
8.58973
0.79137
-8.66373
-4.94832
1.44305
-2.18259
1.03470
-8.16251
-3.57832
-13.55079
-9.43046
-9.07036
13.68898
2.92246
4.45667
9.37414
7.82908
6.37816
0.34463
-17.89337
8.22767
-2.98821
7.87585
-2.70760
2.05028
11.16576
-3.65207
10.17178
13.81816
-3.96756
-4.59872
-3.42115
-0.41217
-15.15068
0.95290
11.66246
-10.60139
-6.08558
-12.65593
-1.59697
-1.35860
10.08372
5.96690
6.47211
0.34127
10.23041
-4.00936
0.74384
5.11624
-1.80627
0.14972
2.61810
10.05289
-9.43209
3.43870
-8.52711
-3.85921
3.66293
6.17664
-10.92960
-1.91121
2.26548
3.81444
0.83013
-7.34466
-1.64340
-1.19749
4.99055
-7.05644
5.80667
1.87578
-6.59366
-1.22009
0.43862
1.60581
-0.98138
7.83053
8.28020
-0.27658
4.54374
-8.39640
6.57086
0.19561
2.97112
0.26637
5.63911
-4.19321
0.80380
0.73547
7.00525
-4.12913
8.56996
1.68478
-1.86942
-2.62578
0.17651
6.40322
-6.03719
6.47267
4.55760
-0.94514
18.92438
9.38785
1.98781
-10.96264
10.86631
5.50195
6.01217
-6.54487
9.51955
9.37437
-8.16355
5.94856
11.73256
-5.77649
21.33464
8.40000
-0.30361
4.08939
1.30397
-4.82055
2.33325
-10.73156
2.22643
-0.43058
-2.16882
0.21964
-16.55200
-7.71850
0.50351
11.11716
3.61192
-8.63743
-4.49146
2.93987
0.05126
-2.43121
10.81331
-7.75648
3.83474
-1.30885
0.93334
-7.11117
-3.31529
9.24189
-9.26204
-17.04256
2.51382
-0.21627
-12.34395
-1.79545
-6.09049
-2.86111
1.66653
-3.28945
17.25569
-1.03612
-7.63653
-19.15403
-6.33702
1.90490
-14.94232
9.12159
-0.10713
0.12118
10.37234
-11.99900
-8.20388
-12.10624
9.88992
-6.73946
-0.06501
-11.67113
-1.88647
5.41113
-4.02761
0.19916
2.44195
12.05101
2.10522
14.47034
1.64353
1.16481
1.17405
2.43963
-2.54551
-3.47655
14.07236
-0.90720
-1.86448
5.28497
5.96631
6.60192
3.25018
6.81678
6.95397
-1.19983
-20.78282
-0.30137
-0.92892
1.67717
11.56049
-0.22754
9.53983
1.70611
3.26900
7.13132
5.76686
5.01567
-5.54448
19.69169
-2.45887
-3.71402
-13.66006
0.94798
1.04007
20.28337
-0.37998
4.78871
-3.79664
-11.99787
8.11210
-11.64611
-6.52515
-9.30897
7.07461
-2.97111
-4.52185
-5.58860
4.38951
6.01750
7.19881
-2.37764
1.50434
-8.97722
-7.37509
-5.03824
-3.06441
7.91468
4.83062
-3.35612
2.17603
-3.96356
-12.37190
-8.32087
-7.15759
6.26487
-16.46176
-2.41520
-7.07836
-9.15475
7.35293
1.70348
4.04390
-1.76063
-5.00785
-7.44721
-8.12414
0.00705
8.78857
-5.43274
8.93239
14.42824
-9.73012
3.65070
-0.32987
-25.93574
-1.70422
10.13668
1.88289
9.06437
-4.49019
0.38378
-14.61897
-4.52822
0.52780
4.72679
-5.01925
8.07690
-5.69877
7.01857
3.67580
3.18030
-1.04027
2.79153
1.24642
-4.41176
1.34959
8.64052
13.01595
1.45384
2.20546
-3.37397
4.67584
4.59628
11.81589
-17.65631
-1.25914
-18.85630
-15.29570
11.76093
-8.17516
-1.58999
-1.97451
-0.32465
1.17030
-15.06812
1.02706
-2.09768
6.79980
-9.97566
-4.65814
1.10456
-6.00613
3.71248
0.64740
-5.24661
-15.60221
1.86357
-11.50080
0.38521
-2.46254
-2.22350
-5.45846
-0.28703
-6.88038
18.05296
-3.91471
-11.74139
-5.65826
-8.28668
-6.57904
7.45729
-0.47744
-3.37646
-12.29637
-5.38060
-1.44455
-3.67282
-4.78612
-12.39603
-12.37361
-5.21033
9.06876
-6.11534
2.18581
9.42950
-10.97398
9.95373
-1.43003
-0.17497
-3.81733
-13.23695
7.25807
3.97916
-9.03831
11.59934
-0.77385
-15.39638
-2.49812
6.85552
15.16533
-12.44553
1.04582
7.24249
15.54591
-14.08585
-0.64489
3.58586
4.97564
4.46259
4.67880
-0.15350
-7.85113
0.53962
-9.14336
10.13694
10.09335
-1.77120
4.83198
-10.76033
-2.77923
4.19603
2.13227
6.10043
-7.05436
3.73027
-7.44977
6.61189
1.36704
-14.60426
-6.30168
0.39206
-1.10015
15.12818
11.52491
1.40835
13.57691
-15.39541
0.50651
6.19984
-4.42581
1.02809
-11.77385
0.24490
-11.74782
-1.16952
6.78433
2.85509
-6.37575
-1.95491
-15.56670
6.83723
-1.36301
-0.88196
1.73555
0.73325
3.61868
-2.10459
-1.53146
-12.42221
7.56368
2.56533
0.85670
-9.69730
-10.30259
-7.72809
-3.43653
1.58336
-17.30741
2.61955
-14.98182
-7.70312
5.62820
3.57137
-10.53098
7.09520
-0.63597
8.62645
-5.75456
-11.55197
7.17130
-1.14878
11.05275
2.57472
10.17475
-4.18882
-20.11622
-2.38519
3.32162
13.49153
-15.09236
2.38649
1.80550
2.61256
-8.59605
5.21484
6.03476
10.83216
3.42427
1.76268
-5.80869
7.69826
12.53704
-5.02351
-2.49589
-13.54063
8.41022
18.90807
-13.49631
3.64927
-3.02687
-3.62415
-5.12986
5.64058
13.98746
-1.25834
11.31602
1.02417
-2.04384
12.70956
-0.53472
1.36862
10.14201
-10.05872
6.19114
-4.36881
10.00543
-17.22176
13.01641
-3.09861
0.95321
-15.45320
-10.60230
-0.90328
-0.77494
-7.16652
14.24317
5.15172
2.33424
1.58059
-6.04058
-1.44214
3.62520
-14.76458
12.50066
-12.94754
-4.38648
7.69947
-1.55115
0.12169
3.87256
8.43415
5.52920
2.46084
19.40846
3.59494
-1.26898
-4.64000
2.64146
2.38055
-20.39014
2.77568
-4.14841
4.89911
-0.07746
14.15447
3.84090
-7.59618
14.21946
-7.61334
6.26021
1.53658
5.79752
-11.39241
2.02847
1.74209
6.48605
0.29023
-4.44345
-12.11405
-2.67140
-9.69497
11.78839
5.72865
2.37140
0.61755
7.67906
13.20908
13.57500
4.58207
0.99172
-7.01008
-2.82272
17.81021
-1.11394
0.64795
-0.53925
3.90386
5.18424
8.02252
2.09264
18.02108
10.72920
3.51627
1.00087
1.20140
-4.09572
7.57203
16.42090
-3.78009
-2.70574
-6.46117
2.66161
-3.90214
8.26020
-6.28357
3.52650
-5.12674
7.82609
-1.34887
17.45651
-8.75028
3.22472
19.31311
-9.13411
-4.87372
3.89784
-0.22011
8.12471
5.69788
6.64628
-4.98316
8.78651
1.23754
4.00384
2.31619
-6.61978
6.70492
2.56519
-9.08145
-3.14863
9.44484
-3.74320
-4.36520
2.93173
8.95465
0.79791
-8.20890
0.96738
4.45350
-10.52095
-11.01826
-13.74793
-2.48506
-12.39590
8.19921
-10.72788
-8.51245
2.55132
-2.40367
-9.35487
-12.48764
-0.49198
0.05964
-0.18837
5.79993
-2.62509
1.74317
6.80653
10.68391
-0.34127
-5.80614
8.59370
2.40783
3.76130
-4.80179
10.67022
0.90455
-6.69433
-13.72751
-1.37451
6.10246
10.19718
9.28877
4.97235
-15.72023
4.44277
-4.73373
3.89608
8.61650
0.52773
8.62316
0.28251
-13.21325
1.07246
4.88908
-9.33008
-6.80250
2.51146
5.14843
-5.98519
-11.81988
9.59688
2.29077
8.89673
7.80883
7.94333
-3.12346
-6.37956
-6.95202
-10.04516
-2.40433
-9.71478
-4.51794
-10.55887
1.96204
4.53244
3.22790
0.40627
1.50467
7.81192
5.80491
12.37311
-9.03608
12.23636
4.59830
2.94192
-6.70966
3.41808
-0.53324
-6.43349
-7.00553
9.83307
-6.21715
-5.26038
-1.79036
-2.63952
6.16447
9.55857
-5.22873
17.32179
-3.47380
5.57632
-0.48596
-13.69568
-0.51014
-1.54538
-7.58535
-5.88761
-6.24985
-8.69392
1.92776
-2.25520
1.10991
-0.83795
-11.36045
5.06108
-4.17302
17.78756
-11.57293
-5.78607
-11.40637
-5.13609
4.04339
-4.70436
0.79119
10.74290
-9.35880
-1.15459
-17.49774
3.17735
-11.55541
5.23549
-2.27834
-8.38767
-13.42401
3.61521
-7.65884
-12.18878
2.80624
-14.27506
14.37843
6.02566
5.77059
12.04256
-13.16530
6.06429
8.71666
-4.01549
0.32360
1.29376
7.53977
6.16781
23.44323
-4.53520
-7.44226
9.94745
3.50842
8.34177
0.83243
-1.49384
-3.22506
-11.21449
-12.51926
-13.25743
-2.18878
7.28650
9.01535
-2.94748
5.25530
-5.20274
-7.10607
-3.65160
-3.57559
-0.14672
7.10754
-1.34899
0.04724
4.35980
-3.14760
-0.41374
2.02554
3.82188
5.83703
-1.34345
2.44777
10.43580
-2.95427
-5.40143
8.19895
9.11739
3.17673
-4.04760
-5.59575
1.10809
10.41044
10.19343
-2.78638
-8.11259
-3.25402
-10.25219
-5.83167
8.47298
-1.38313
7.05928
5.65575
12.62270
-0.94324
4.91892
-8.34717
-10.21141
3.23467
-6.03427
-6.15100
-0.98097
-6.01888
0.49019
-2.19617
12.49697
0.49167
10.79581
-7.49056
6.22810
-12.84502
-0.77262
11.29800
1.33373
10.68567
7.70868
-2.06174
5.58400
4.97332
7.65163
13.90091
9.04106
12.69942
-4.77861
3.36946
-0.04528
-19.61358
2.15361
6.36592
4.49161
-6.46031
-3.46985
-2.67539
-11.62311
-0.57349
6.12885
10.16677
0.59473
-8.41175
10.74912
3.07127
9.24245
3.88088
-1.53831
-1.05313
-0.45848
0.42204
0.85571
12.24109
7.54440
1.37795
4.02933
5.60260
-4.38053
3.11578
-4.44023
-1.51403
-7.92827
5.04921
-3.19044
5.56214
2.88735
-10.48823
-12.18977
-4.70765
-3.85423
0.73207
-3.23870
-2.32053
9.27829
-1.45944
-8.25195
13.97256
1.39459
-4.66831
-1.27202
6.05307
13.21950
-4.66344
0.31812
8.85254
-4.47315
-9.18420
-7.16012
-4.71136
-7.84670
3.20708
10.58987
-3.28541
-11.82639
-6.45342
1.19727
3.91195
6.06547
-6.84959
2.82095
-5.42963
-2.00302
4.49774
18.21436
9.24844
-0.03688
-6.57529
-6.34807
-3.05362
-3.23392
-5.17592
4.05062
14.58707
0.86141
6.94440
-6.59687
1.06941
3.87472
9.68809
-2.27756
0.29819
-3.02230
-1.35752
7.90429
10.70413
10.48111
-2.02529
-3.15325
-5.80694
4.34698
3.70833
-2.58828
-8.97894
-3.44920
-10.88059
-5.67381
-1.71445
-6.90592
-3.34950
-1.09826
-13.13754
3.89478
2.86591
4.04464
0.16332
2.27950
1.45808
-14.12849
3.44484
-7.44989
0.03230
-2.05522
-1.72769
-5.00357
-6.94165
0.30066
-5.00426
-13.32348
1.27468
-3.77345
6.66944
4.16395
-1.53789
3.84594
-8.40012
11.29973
8.25161
-2.88858
-9.08416
-7.09229
0.86264
-12.24635
-4.87078
6.40781
0.84174
8.85566
8.38630
-3.45717
-5.79333
10.40054
-10.06977
5.83399
10.74824
-0.07305
5.27223
3.62409
1.75391
11.41717
-13.80665
-2.75321
-5.10192
-0.19390
-5.73589
-0.80005
10.22549
-3.59693
8.33080
10.16585
-9.63690
9.89736
-3.14515
-6.30642
12.45974
-16.73094
-7.19115
-15.50061
14.96483
2.85540
16.58986
0.18103
-6.01192
-4.52747
-0.08146
-8.41396
8.52687
-7.62626
-4.45344
2.33336
12.24213
0.25556
-5.46512
-8.91324
-0.14265
3.98537
4.53888
4.75124
-2.13154
-4.98382
-1.60356
-9.19352
1.18192
-6.97320
-6.29444
-2.14002
4.32451
-1.31099
-7.42503
-29.93425
-2.04629
-8.29864
-12.40382
-1.79606
-8.19806
1.08725
-8.04057
-6.51643
-11.14682
3.26146
1.17454
-8.30046
-4.62331
7.02910
1.45412
4.57518
0.35670
-0.05356
-3.42396
3.78625
-3.20649
2.12000
0.25849
10.61005
7.40810
10.39797
3.53218
8.04481
2.29974
-3.23413
0.02559
-2.57851
-0.49939
5.87762
-9.03859
9.80423
1.73008
1.92851
0.69844
2.30152
10.79838
-4.45652
-12.92116
-4.02726
2.95498
-5.54315
3.66726
-5.06511
-8.61332
2.32838
13.30684
-5.56415
2.30372
7.18650
3.86543
-7.07112
-15.48013
-1.35408
7.45035
0.55815
-5.19279
2.00431
7.88124
-9.38868
-13.96468
-6.47873
1.11620
6.00105
12.84169
7.46335
11.54221
1.98239
4.00916
11.56369
-11.16508
9.08782
0.61411
7.00680
7.38672
-4.24907
1.12683
4.33661
3.32426
-8.68515
3.46229
-7.13440
-3.65651
6.93684
10.91327
-0.19408
-6.35389
9.48260
-4.05810
6.26286
7.17801
-3.64879
-5.35052
1.41083
4.27600
6.69375
0.50559
-1.99416
-7.20761
-0.54648
0.04474
-8.58153
9.07772
-3.63261
4.82182
-8.32217
2.33024
-7.13132
5.94277
18.98480
-0.11459
-1.92852
3.88865
0.19583
4.04812
10.05055
-11.36694
-8.98228
-9.01300
-9.34605
-6.58934
-0.61787
9.59031
-9.47578
-1.40673
6.25796
3.59511
-3.10079
-2.54835
9.67491
-0.63266
4.28983
3.57147
13.98118
3.65214
9.95894
0.78301
-1.55178
7.82194
-5.90945
1.55001
-10.04631
-1.65071
-2.79447
-9.27013
11.86018
-9.28202
5.07965
1.30992
-0.81661
-6.15749
-3.37309
5.31288
2.36881
-13.88986
4.92665
-6.39883
-8.46046
0.98523
-11.44758
2.32525
0.70800
9.00220
-4.95426
-2.20539
5.67090
-1.12779
-9.20514
-6.39243
7.84475
-10.85446
2.61979
8.46033
-6.68469
12.05642
13.45849
-5.26915
-9.37193
-0.65857
1.35116
3.45916
-5.56798
1.06994
-6.15121
-6.91859
26.43342
-5.09099
0.59256
-8.05698
-3.05857
7.24060
-8.43247
5.15340
1.07651
12.15577
0.51943
0.80333
1.56218
2.57057
15.89022
-2.40410
0.25577
5.60815
-1.50992
1.62211
11.50165
-5.38736
-11.26082
7.71281
3.56630
-1.39089
5.52384
-2.80103
-2.95900
5.80346
-2.12472
15.61888
8.75827
7.12897
1.33017
-5.27183
-1.87592
-4.42150
4.40371
-19.63572
11.47241
8.53671
-14.88933
9.56659
-3.18546
5.80329
-11.86939
-7.84151
-6.15967
7.24085
4.28467
8.39306
-0.68541
-1.88714
-2.72935
3.71331
1.15289
-10.52658
-3.71083
0.26811
5.42495
-1.87941
12.09976
2.57652
5.23978
-6.51140
-5.06401
-4.13683
-5.18660
16.04787
12.58912
-9.51837
8.55531
-2.67739
-0.65614
-4.39820
-3.81725
1.43197
4.67646
2.65271
-8.62606
4.39537
20.21194
3.02825
-11.10472
-7.57598
-2.69064
3.76336
3.21103
-4.63139
4.73189
-1.94036
-2.81031
-1.21593
8.34890
10.44741
1.99562
-8.08207
2.84183
-9.32129
-9.11992
19.69344
-3.42202
2.98934
-1.09204
7.46459
4.22261
8.07333
-14.87508
-6.49552
9.72565
-11.88245
-5.18971
7.54123
-4.58772
-3.18700
-0.39185
-3.89155
-7.20318
-8.03990
10.61686
-5.17844
16.13083
5.19397
-1.78075
6.07934
10.44117
-1.51299
3.32046
10.57803
0.98255
-13.72265
0.26552
-2.52536
3.95319
-0.39801
-5.67173
-11.71625
11.48201
-2.30141
0.47574
17.48310
-9.31850
-1.29632
-1.26596
-4.86151
-5.98553
-7.84491
0.96002
6.58611
3.73317
0.73462
-4.54260
-2.82094
-1.55747
0.07322
-0.65021
8.83338
-5.93411
5.20908
-0.38851
2.60136
1.02196
-0.74135
-0.12786
6.92950
-8.78182
3.71327
5.41460
-6.51706
-1.99258
-12.01395
3.17867
8.14274
-4.11045
6.60369
-4.98036
2.55387
-7.25402
13.38015
-3.49451
2.74727
13.40869
-6.29034
-9.70791
6.15835
-10.82822
2.60649
-15.87546
5.96416
9.75242
-2.40156
2.86514
-1.56978
-7.06747
11.02971
-5.10841
-4.47765
-7.33045
-3.95127
-3.34285
15.81033
-2.25830
-10.23021
9.39746
1.50892
-2.55381
-1.69499
7.51224
1.36136
-5.41753
3.74170
8.82510
1.53643
-9.46102
-6.87613
-1.57766
-1.39422
0.71198
1.66931
-1.66830
5.61434
3.73639
10.53484
-10.31086
1.51940
12.97335
-1.63643
-14.30405
-2.14831
-5.10699
-0.02081
-3.01013
-11.38402
-0.59093
-7.94243
-5.28719
11.94682
-19.46538
9.68924
1.45027
-4.47166
2.42495
-6.77340
3.52493
2.46329
6.27308
-7.46321
-13.56981
-9.39285
7.96502
15.97051
-2.55274
11.27198
-16.36265
-3.07610
-10.29564
4.39086
-3.91599
10.58570
12.96255
-5.61318
-0.61531
8.00056
3.53403
8.14079
-3.25594
2.63755
-2.54771
-7.33110
-24.69180
-8.78884
-0.51820
12.77140
1.48487
5.71845
17.07477
0.66870
0.47247
6.17882
1.26578
8.33859
-2.76581
-2.58455
1.69074
-5.43488
4.97331
-0.64691
-4.59356
-17.32991
-5.97445
-9.27787
11.31571
13.05536
11.84760
-16.98374
1.19105
1.55538
-5.25195
-6.40508
-3.39663
-3.95148
2.43595
-1.66364
-2.98885
2.29579
6.07417
-4.95976
-1.14929
7.43801
-8.71667
11.56870
5.20767
-0.90142
11.28495
-1.03679
-2.16323
-3.35826
-8.82395
6.97100
15.32513
12.16936
0.84896
1.32568
0.22832
1.94072
-0.09189
-4.68109
2.89129
-6.80434
15.10447
-14.37884
10.17992
-6.22018
-1.75364
2.72786
5.27130
-4.49186
-3.50133
12.72342
-3.09398
4.02585
3.26833
11.46344
0.50018
1.67608
-0.22219
-9.04893
21.66127
-0.52623
-5.72461
10.53077
-1.29980
7.74555
9.93939
17.04452
-7.10631
2.39610
5.09715
-12.35843
11.56879
4.48127
5.34121
-17.78433
-3.24462
1.06786
18.28691
-3.77249
-6.58186
-0.87739
-3.60470
-10.62999
0.20423
0.19278
5.31035
-0.06780
4.91221
17.93701
11.53417
-1.19197
-2.97146
-1.33765
3.56955
6.81061
4.66556
-5.19480
-0.60538
-1.97501
4.61334
12.59828
1.68442
9.64620
7.56052
4.66641
-19.85024
6.27775
-5.46200
-7.44553
-3.23277
-4.83752
-2.92305
5.67391
7.15674
10.56810
-10.98664
-2.98897
-10.44763
4.32297
1.79550
-5.43881
-1.21990
3.92210
2.25562
6.21263
12.00059
1.70478
-5.06542
1.58053
-14.69247
3.54407
-13.46511
-4.30152
-1.88746
0.39207
-14.17960
-0.68973
-11.69867
-6.25184
-7.99296
-14.30770
-8.25192
1.41024
-2.62977
5.77533
-1.17948
3.77393
-7.46976
3.89802
-6.52979
10.14167
-4.34374
-3.51603
-1.18658
-6.88402
-20.03586
-0.48932
-5.76387
-1.39420
-6.83006
3.65677
-7.64383
-11.70467
1.68194
12.55151
2.34502
2.69378
-2.73184
-1.03256
-8.80777
-3.26477
-5.57679
1.20180
4.76946
-6.98217
-6.30151
-4.74117
0.12722
3.53174
15.39961
5.15436
-2.91851
-2.41059
-8.80518
-13.63022
-0.01525
-3.47997
-6.34363
2.95739
-15.99635
-8.12312
4.50846
8.50370
1.48165
6.60287
6.17162
-7.15951
3.88813
1.78056
-5.19948
0.98653
0.85809
0.87610
-11.44841
-2.01379
4.20379
1.11707
2.26172
-5.44388
-7.14998
-5.39376
2.67006
-12.50821
-0.04716
0.71968
8.30768
1.97490
-4.63462
7.85876
-14.76815
9.14354
12.23814
-0.07210
14.54751
-7.41579
-2.30843
7.19991
-4.76512
8.07134
1.24871
2.13204
-8.94485
-7.92866
3.79103
3.13695
7.66851
-6.68800
0.65048
-3.05528
0.38732
12.21725
-1.93192
2.03344
11.15596
1.72116
8.66757
4.62424
1.22916
2.53572
-2.91362
7.82689
6.05107
-0.30287
0.97917
-6.14171
-4.41127
3.43460
0.82043
-1.33245
1.99696
-18.61053
2.06790
-8.77633
-6.52645
9.50592
-7.67284
-1.02524
1.73789
4.16135
-11.49158
-12.02986
-15.45329
7.05663
-1.74043
-4.11245
-3.72916
3.23672
-3.91383
2.96099
-11.72621
5.58924
13.35558
-12.84565
-6.17098
11.83322
9.42258
-3.02093
13.66630
-8.82208
2.63462
-6.82967
2.24652
6.54939
-8.36412
-10.01207
3.30202
-1.91053
0.41954
-8.27716
-12.13935
-8.10269
8.57002
13.75724
-3.65422
6.15161
-1.33920
-6.05719
4.56806
-7.21160
4.04129
0.91117
2.37002
-0.90210
1.19349
-8.48706
-0.73794
-7.64251
-3.01691
17.65273
-4.57168
-3.71768
-18.24754
-1.97122
-5.00953
2.66352
8.48973
12.39575
-5.77475
12.02008
-1.29073
4.20954
20.97171
1.39054
-10.69864
0.39875
-11.32700
5.21927
10.11926
-0.29669
1.16569
10.28448
-2.87846
-6.82204
-13.34955
-8.44917
2.86391
7.63882
-2.79578
1.17112
5.50145
17.81209
-2.46931
-2.04060
7.84126
-6.71749
-9.62806
10.71294
-4.23621
-12.67043
17.54567
9.64887
-0.69970
-1.45077
5.34668
0.48919
10.02576
3.86384
3.89769
5.32907
-11.46767
2.20176
3.16523
-0.63277
-1.63925
2.02171
4.73983
4.00269
-0.11544
0.03850
-3.45324
1.45088
-8.50821
-3.90595
15.74376
4.99825
6.54117
4.68196
-6.63729
-2.87481
-6.34972
-12.51330
4.35823
5.81001
-9.63637
0.89706
-9.55850
-5.60698
1.57268
-7.63503
17.20557
15.91860
5.69417
0.30218
-7.27114
0.24530
-9.35868
2.11868
2.00681
-4.13831
1.98657
0.55874
-14.13092
14.00722
5.80852
-1.35351
-8.90793
-7.44941
-0.94468
3.81327
11.45123
2.68386
2.17051
1.59763
9.37969
2.63035
-4.94811
9.37456
2.43181
-3.41669
-2.24722
-6.30866
-0.65752
4.01417
9.73658
3.30989
1.77389
-19.80496
-11.20014
-2.67537
-3.57799
-6.20347
8.16516
11.70597
15.94434
-13.07164
6.89967
-0.52500
11.63221
6.47653
-6.30371
-9.38642
-5.89103
-14.72888
3.10540
0.25038
1.95971
9.18727
-4.32817
-15.86207
-8.49139
-15.94182
-1.92760
5.26977
-3.60125
5.79360
6.06826
3.25560
11.18234
9.45028
18.99342
-5.11124
9.25186
2.03015
6.61275
-2.85668
-8.42040
9.08795
4.00315
-4.52774
11.34646
-3.44049
11.97174
11.26544
-1.68102
-3.33827
-6.89882
-6.96349
-0.41394
-5.53077
12.04206
3.24869
-6.39433
-1.51777
-9.11186
0.45916
-16.20599
2.24261
0.38049
-9.84026
-1.48239
-7.62952
4.14787
-0.66286
14.41513
-7.03879
3.84837
-13.89284
-7.42334
-8.06301
9.64444
4.00815
-0.46938
-1.45187
5.86281
0.91565
-18.09555
-0.74612
-1.11892
1.32297
9.65089
4.64558
-0.62874
14.65874
5.50634
-1.33853
-5.24817
-1.57061
13.85393
1.93669
-5.76214
-2.15896
-0.14687
2.14942
3.01846
-0.48526
10.59159
-4.59981
5.28527
-15.80937
7.67214
-4.62166
4.91116
2.06563
7.87796
1.23836
1.22306
-3.69879
7.39352
-5.27738
-6.80987
-3.15729
-9.24698
-9.52653
-0.96818
-1.67448
4.16856
16.39484
-5.19919
-5.34802
-13.13230
-4.74740
9.50197
10.76099
3.87020
-9.17420
-1.58887
-1.66102
4.10455
-0.17150
11.90518
-5.08373
-1.47877
-5.10215
-1.11219
-1.78261
-4.37144
-15.08508
1.81987
0.64954
1.36055
3.76371
9.05567
-8.64349
13.52491
-3.19877
-4.50796
-0.57182
4.99544
10.68343
11.96362
-5.86479
17.72072
4.49317
0.50233
-5.80100
-5.29945
-5.49339
8.68943
-2.13415
9.59083
-3.69482
9.32484
8.16830
5.32932
1.08224
-0.40599
-10.10694
-10.44552
7.64035
-1.33581
0.82263
1.34767
7.63555
15.88501
8.64912
-10.30068
3.88670
0.24690
17.97469
0.68800
-7.90119
-1.25166
-4.87185
-11.41037
2.24434
-2.77506
-20.13453
3.65260
-7.37244
-7.83095
-2.23437
4.75959
6.18704
8.20708
7.17666
-6.49118
3.90927
11.85811
14.62481
13.10566
7.13563
4.52718
-5.86426
-6.91790
0.41741
-10.22992
-12.08884
-3.46561
0.97696
0.53149
1.75363
-2.76344
-5.08555
16.79326
9.32149
4.96738
5.97755
2.86643
2.04059
3.98402
2.56811
7.93043
-7.71923
2.93216
0.16455
3.96233
-1.05982
1.57098
-1.01266
-4.21165
3.34526
6.42849
-3.30320
-5.18452
-9.06127
-7.46585
-1.65500
-5.80953
2.55554
-16.59057
4.89460
5.51735
-11.83819
-5.61238
6.33081
6.51876
-4.49620
-3.61650
11.26925
-2.52558
-5.87431
0.94889
2.50098
14.41901
-8.65956
10.00620
-3.14746
8.89535
10.72001
-7.58191
-8.17858
-7.35977
-1.14083
-0.77722
-1.50095
0.58415
7.66664
2.93466
1.15097
1.80426
-6.92262
-13.77115
1.37764
5.88446
7.56532
14.09113
4.16012
2.36958
3.99125
-9.40937
2.65137
4.53717
9.88819
0.52055
5.59824
9.73808
15.21043
15.51777
-6.21091
0.07901
1.60587
1.81751
-2.78386
0.37751
3.74054
5.30036
2.85781
11.59174
-5.79641
4.99848
2.72801
1.55598
4.99257
-5.19894
8.00265
-3.23848
4.13647
2.37903
-3.88535
-4.85859
-14.10295
-11.61650
2.14463
3.48193
-1.63954
-14.27885
-6.09872
-6.79852
-5.14118
-5.14116
0.28507
7.10715
3.22872
0.12972
-15.15231
8.73534
-5.09473
10.02520
-3.52626
-6.71497
-12.53998
0.15837
7.69263
-0.06469
0.22227
4.51478
-9.89828
1.56305
7.28267
-4.22653
-3.26267
9.11698
-13.70637
-12.09159
-1.21955
-1.44519
11.62660
18.57378
9.18087
-1.76592
-1.00023
3.66803
-3.05173
0.47310
2.26172
8.45536
9.75319
2.77893
-16.64956
-4.78869
5.47491
1.16163
9.57576
-2.11164
2.69222
-0.20545
-0.69423
-4.72499
3.38347
-3.33903
-7.98527
3.68552
-0.18097
1.97204
6.26954
-3.48292
-19.02733
-8.73910
-10.90493
-2.84471
-8.45391
0.66538
5.15003
-15.02638
-5.16520
12.17864
-7.98974
3.23484
13.18998
0.82372
12.01150
0.36458
0.45962
0.18287
7.38840
6.61590
-2.18403
-2.35550
0.45277
0.83767
-8.72112
4.06373
-1.42293
-1.83160
18.61693
0.60736
3.63744
0.45699
-1.01027
4.86057
-11.64133
11.05205
6.35845
5.10663
0.44071
-0.05535
7.27493
7.18434
-0.44537
4.38845
-6.80066
-3.80621
-5.52561
-11.09337
-2.29708
18.47189
2.53807
-6.49567
1.53384
-8.54862
14.27524
-5.04623
7.01231
-1.26200
-11.65441
0.48650
4.99084
0.37611
0.30211
9.68574
-5.58312
5.39613
-2.30554
-11.13453
-13.06113
-6.58332
11.87050
-9.20010
-6.56189
0.95111
-2.05407
-16.75515
-5.97281
10.70338
-1.72404
10.82159
-3.60706
-5.24172
-15.00206
0.77580
14.87677
1.76824
-0.64048
4.43103
-0.91135
-7.71936
8.55841
0.74801
-8.65750
-3.88397
2.26822
-0.90454
-1.11047
0.12189
9.21661
4.57475
-10.07818
-7.25669
-9.60231
5.80077
-6.66268
6.90775
-9.83919
-6.03847
-3.71010
3.27352
-0.35486
14.68629
0.56296
-3.64142
13.98197
9.72362
-4.09696
8.24546
-2.94041
-9.76587
-4.52637
12.11665
11.48495
5.54802
5.04515
-4.11342
-14.26086
1.27849
-6.73310
0.42169
-1.29560
0.15107
6.50980
-1.59446
-2.15984
-1.50327
-8.60781
-15.17072
0.30635
-2.52543
1.74079
4.78012
6.21505
3.21306
-2.53887
-12.99856
-6.77124
-14.05786
3.35896
1.07774
-5.24368
4.65475
-10.10457
-11.59913
15.67412
0.28899
-0.24150
-0.62226
6.41243
1.61833
-5.83398
3.37289
6.47523
-1.86988
-1.87297
0.32325
-12.20228
0.74528
4.00936
10.53366
7.28324
-4.95715
-0.38966
2.61406
4.91530
-0.23807
8.55553
5.04991
-8.76462
-2.96098
2.41869
-12.27140
2.19993
8.26662
-1.14398
7.84028
2.96327
-8.80212
7.19660
9.32468
-3.96527
-11.90557
-0.20693
1.92644
-7.86066
3.45777
14.38254
11.10019
-6.17836
-14.03498
-2.74947
-6.39831
-0.75714
-2.67479
-0.90923
-5.09622
7.80378
-9.99633
-7.18828
-0.86764
3.26251
18.52399
-3.42613
-9.89354
5.99882
-0.46049
7.72164
3.81530
-0.22258
-6.70063
5.28348
14.19926
-6.22658
-2.81842
2.59376
-3.18231
2.62855
3.74747
-1.33360
-6.20339
-1.39433
-1.19609
11.55992
-9.30571
-6.39892
-16.66631
10.05026
3.80274
0.28548
-14.82557
2.16999
9.80211
6.30659
-17.96110
-11.65221
0.83226
-4.48795
-3.83271
2.29305
6.91595
-5.46153
-0.32225
-4.71696
-4.07329
2.16118
11.75256
3.34103
-2.19756
-4.52805
-5.83081
7.98001
-0.61269
0.27401
7.22387
-3.94033
-2.83615
4.04800
-3.55295
-17.03629
-17.21651
3.80691
5.68007
9.57843
14.08675
-6.97331
-11.17664
-4.24476
7.80948
-2.96103
-5.58233
11.15196
-5.59180
11.49249
4.62531
15.76855
-11.53426
3.12107
-1.47948
6.56140
-2.15428
-9.56649
12.12557
-5.89853
5.60834
-4.58166
-4.35569
0.73452
11.13525
4.03916
-7.10384
2.78562
0.08621
-17.91636
3.14367
6.20251
-1.42706
-10.30597
0.74171
0.87740
4.81168
-10.47421
5.78002
-5.72438
6.32032
2.91359
2.44965
-3.11047
0.14383
2.69156
-5.17563
10.83205
10.66593
-19.83699
8.06197
3.55541
-11.33820
-2.67159
-10.80891
3.69933
-2.13316
-2.56369
0.28812
2.86613
4.43435
-3.09017
7.62080
-0.68697
0.60384
1.18087
2.01586
2.66040
-6.28386
2.27153
4.66931
-4.28831
-8.91370
1.82351
4.84134
-0.51267
13.08990
18.29555
-5.81761
-6.77493
-6.87226
6.60211
-0.54812
-4.23630
8.55087
1.13136
-3.18017
0.36654
1.91512
14.63280
-3.49160
-13.57496
8.13157
6.51546
-0.26947
2.34707
5.20647
5.66325
9.80781
-3.87394
4.62574
-6.44470
-11.96467
-10.53957
-3.77932
3.70888
-1.47095
4.71694
1.57326
6.59133
-2.48935
-3.62655
2.81333
-10.30185
4.63302
0.14959
1.76611
7.01771
-8.90707
5.49254
-0.25515
-5.90053
-6.00418
-4.32806
-0.65579
-7.40147
-4.80820
9.19855
-5.04124
6.79291
14.79149
4.26693
15.46284
7.28846
0.85167
3.63153
2.04080
3.39272
-9.63581
3.67036
6.19724
4.56791
-0.30707
-9.25454
7.05039
3.95216
5.56478
12.34363
2.23830
1.66031
-0.07274
-3.61121
-7.48353
-4.49334
12.13415
12.75776
1.36661
4.47271
1.22025
-8.01263
10.99183
5.86281
6.08112
18.18240
15.37066
0.19562
3.78059
7.67763
-0.55383
-4.68410
-17.20124
-3.46537
-17.27889
8.55527
11.08638
-3.08717
-13.14661
-14.97053
1.17825
1.63338
-0.02659
-4.50189
-2.96297
-1.96922
0.01264
-3.55665
4.13525
1.97763
-5.59656
2.93932
4.91902
5.33142
-16.98199
5.44251
5.32814
-7.24471
1.70307
0.06029
4.05260
17.43657
5.59349
-11.78714
11.32710
9.50153
6.23085
9.14856
0.06510
-9.26694
-4.38668
-11.66908
10.08956
0.51990
-6.55965
-3.68860
0.50307
-4.76562
-11.80532
2.27412
-13.81354
-15.30796
-5.63946
-3.74736
2.63950
-7.38410
2.06953
-2.03630
9.26255
0.94960
-5.23933
-0.21895
1.27000
10.63615
-5.30546
0.45926
3.90915
-6.94009
-6.36887
-1.01026
0.79853
12.22861
-5.98568
-0.90141
-1.23898
-10.33054
6.35508
-5.34151
-9.97788
-3.60308
8.46053
-9.61593
-11.78709
6.07711
-9.80652
-5.27009
-2.60772
-3.23547
-2.25587
-5.33627
5.65736
-3.24208
-3.26132
1.05889
3.99164
4.38855
-4.53977
-9.14372
2.42555
12.46470
-3.35487
-0.56289
4.10541
-9.87483
-7.14538
-5.47813
4.56627
-1.51830
12.44999
6.48302
-6.48417
0.26939
2.27916
4.92978
3.95673
1.52209
4.94894
-7.23157
7.65186
-4.58773
-3.61296
0.60509
-9.06738
5.56137
11.43507
2.01391
-5.01983
-4.43745
-5.80680
2.82576
-1.95080
-12.57402
-13.20518
4.14539
-3.94844
-1.83258
2.98373
6.22233
7.47688
-9.21050
-1.56764
-8.40154
-12.62502
0.02869
-10.92064
-8.46238
1.73227
-2.79701
21.76563
0.61614
7.66225
3.99210
-11.46239
-6.69161
1.99837
9.46653
-11.19668
-10.67338
-5.54187
-4.25837
5.20771
9.36217
2.53763
-14.00644
-8.49681
-4.58427
5.07557
-13.51927
2.11775
-2.41360
-5.03361
2.34349
-0.59925
-7.95637
-8.26247
4.08099
2.97962
-9.41159
3.04041
21.60019
-0.35218
3.16064
9.08196
13.16125
6.18328
-14.09646
8.86932
9.85302
-19.97408
-8.77915
-3.51639
-0.21319
-0.85433
4.08808
-0.58637
-0.67390
-4.93866
0.82000
-7.15374
2.66775
8.78502
1.10494
8.39095
1.85538
3.05470
2.37304
-17.14730
5.41758
-14.47070
8.96823
6.50903
0.13960
-13.58831
-10.05267
5.31912
-0.04577
-1.42085
-20.87418
12.22118
-3.13853
-1.87057
-3.55653
-1.72903
8.04735
2.26427
12.86184
-8.37907
4.75158
4.36976
5.66119
-0.36626
-1.58633
-1.96775
6.81235
-0.90116
-18.83827
-5.31522
10.45057
14.07522
-12.03783
-18.89521
0.83353
4.71222
-16.13320
-2.25451
2.26107
-10.09184
-6.78393
3.43319
-12.00751
4.13809
7.18094
-0.59256
-4.42952
-8.66370
4.81471
6.28544
4.94804
-16.76125
-1.06600
5.63427
6.28696
-0.15308
5.18393
-0.86424
-2.08929
-8.85908
-10.64829
4.01544
1.28360
8.71272
-10.32254
0.41308
-4.53878
-5.88538
-5.24568
-5.31113
-6.29294
-6.59264
7.98889
-12.99856
-5.60469
7.02405
0.27587
-9.72600
10.86703
1.69943
2.81985
2.56431
10.97373
10.63738
-4.57977
0.26971
12.40340
-7.49324
6.64814
0.05649
-9.60611
11.07109
-3.79405
-0.32171
-3.30300
2.87710
5.23070
-3.67913
7.91141
-2.26111
7.96990
4.86508
-10.83809
-6.05946
5.57457
-1.91065
-10.48860
5.92697
8.53578
7.79830
17.47602
10.87493
4.28251
5.53948
13.29947
-4.68386
-15.64748
-0.40519
7.45359
8.82700
-10.21066
9.13080
-0.33394
-10.95773
2.18910
8.16203
-9.38440
-1.27831
4.47055
0.60540
12.48645
-10.83065
-5.23563
6.84386
4.87028
-1.46734
9.18732
6.26837
-10.01353
1.33766
11.23627
-2.85402
10.99365
-5.30345
-1.09210
-1.19573
-2.71469
-11.00546
5.20048
-0.72109
1.74754
3.77171
4.50416
-9.43585
6.93711
-1.63672
-3.29805
4.10873
-8.24504
4.42045
4.46177
3.76393
-0.37298
12.46943
-5.00300
4.90366
7.46406
8.76692
-6.59134
-2.83546
-13.70907
-10.47082
-0.11789
11.08981
-4.81904
-18.67377
6.58736
0.90285
-3.32829
-7.51477
-2.62786
-0.96453
5.37694
-14.46659
13.36643
3.63063
1.92282
-3.02849
-5.38430
16.57402
7.14642
0.47491
10.74719
-17.18298
2.44909
6.97945
0.41694
-0.71473
-3.86296
4.15420
7.55394
-15.77321
-8.05498
-14.19518
2.71902
-4.70652
-1.26463
5.04307
-2.54347
-11.80284
-14.60951
-6.84461
-11.54888
-2.57457
-6.91080
1.94696
-1.32387
7.05408
-0.16246
2.62354
-11.96233
-0.91322
0.19335
-2.48255
-3.29532
-5.00819
-1.13743
-10.92776
0.94188
5.64922
-2.28396
9.72095
-1.03412
3.87183
3.50056
5.38628
-1.42588
-1.93818
3.96949
2.36631
-9.77223
-15.76544
-1.80693
5.85169
14.43226
17.11471
-7.65783
13.02510
-7.40735
2.13198
-14.07629
1.61917
3.58205
12.94185
-5.44334
-1.77228
6.54933
-0.14913
-2.72061
-5.17970
-5.39990
0.74122
-1.94915
-5.80175
4.44967
-0.19205
7.14817
4.62433
6.99674
-5.20913
10.45930
-2.44095
-2.91764
-3.73431
-6.60864
-0.57818
-6.93508
4.55354
-3.99620
2.84741
-1.60383
3.68951
0.70819
-1.20078
-1.17458
7.36956
-1.03395
7.48420
-5.33509
2.08550
-15.16102
-13.48481
1.23564
9.69994
9.56413
-0.30509
4.22028
8.86229
9.94846
-4.98528
3.37895
1.85084
0.15063
-4.84336
-3.41718
-3.07005
8.85101
-5.94931
8.05498
-11.98606
-2.29756
8.99881
2.21151
-17.22535
10.44943
9.47425
-1.57059
-11.20301
-5.85774
12.93552
1.17353
2.46538
-0.44558
15.35441
-1.86079
1.57548
16.03035
8.68533
1.97151
-0.34593
9.49076
0.71826
11.09021
1.31218
7.75862
-0.08017
-1.78213
0.60208
5.93221
6.15641
-3.43321
-3.92851
7.51761
13.64965
0.00920
9.29333
1.84106
3.77476
-5.86614
-3.14000
-7.92165
-17.25180
1.67480
5.12215
0.79764
9.02579
8.89366
-0.03618
-9.44503
-4.73913
7.86040
9.46685
5.39999
1.04563
4.09014
6.16653
-0.58160
-11.66875
11.94967
-6.79103
-7.02335
-1.66741
-5.19592
-0.92412
4.17825
-2.78721
10.43955
3.48016
-1.07105
-6.70423
12.03374
5.64223
-7.18967
-5.35314
-6.94922
4.45932
4.79075
-3.25374
-1.43861
-4.55153
1.83290
-1.72907
-3.98870
-5.10429
3.59233
5.99105
-7.20334
2.14196
-7.11359
-1.47854
-9.96764
1.57512
-11.25224
11.22419
-5.01209
2.59744
-8.72835
9.29521
12.88033
11.70036
6.23203
3.59102
4.18478
11.12389
1.59234
-9.96346
-4.49456
-1.50059
-3.06839
-0.77686
-6.38329
-5.33446
-4.57200
14.91858
7.31527
8.98802
5.19962
-3.75446
8.96902
-5.67361
-0.74919
3.49867
-4.66031
-3.80235
2.39538
14.25639
-1.06047
-2.47117
6.82295
-7.42052
2.14551
-2.38101
-7.05260
-6.50983
-6.63057
-3.55543
19.42021
3.82782
0.41408
-1.00273
-1.95078
3.91168
-6.22616
14.27852
2.93302
-9.91212
-7.76256
7.19871
1.57361
-5.30618
-7.90959
-9.07393
-6.58684
6.18524
-7.74844
-22.33576
4.71556
-3.41375
2.43507
7.42223
14.99334
-5.16181
-8.83205
-8.53665
5.87004
-8.84606
5.39434
-1.50691
-0.31792
-6.82748
6.91883
-4.45815
4.27172
3.06059
5.82444
3.36445
3.37585
-5.09526
-2.45986
-7.10262
8.61667
5.34259
13.86322
3.15047
-3.66279
3.87587
11.51028
-2.91325
8.27273
1.25938
-5.72734
4.37233
6.12286
3.38897
-8.59641
8.14973
7.97021
0.17550
-6.77939
7.68646
-10.28340
-11.89013
3.59138
9.26903
4.86056
-4.23425
4.13237
-9.19896
5.72250
-7.35340
13.11279
12.01434
4.53151
-5.74641
15.39232
-1.41661
-12.19317
-4.85197
10.40680
-13.61327
-3.98327
-3.19081
-1.06831
0.25602
-1.88327
8.23091
0.56903
1.95422
9.30268
5.75620
-3.73766
3.14476
3.14170
-3.10399
4.98253
12.18001
-7.99588
24.38216
17.29127
-10.62137
-2.86833
2.05993
-3.77696
6.48908
9.69113
-9.47826
-1.36590
4.69020
5.95107
10.00026
3.93588
-0.99600
-4.83749
-1.68690
-2.36734
2.90123
-11.86883
-18.58074
-0.70165
-10.23530
5.02987
1.01576
12.02412
-0.77800
3.30739
1.57238
-1.41121
-2.99295
-16.26263
4.32593
2.41808
-6.41790
0.52444
-4.39554
4.62795
-5.13635
1.61539
14.66166
14.63011
-0.95328
-6.06394
-1.57617
0.85576
0.17332
-3.20950
-1.96478
3.06924
1.31443
-0.48095
6.94362
-1.97432
8.53816
2.27299
-15.60962
-4.36987
5.18019
-2.60349
1.13244
-1.62953
2.34204
8.38035
-0.98577
-8.76934
-4.06211
9.28804
-2.13829
2.94282
-12.59998
-5.99287
5.82322
-3.39764
4.93366
1.07610
1.27702
8.40467
4.29909
-7.45010
-13.69604
8.58014
0.78436
-5.99580
8.65163
10.49635
6.82288
0.48178
-9.69465
-3.15606
10.90594
-5.16673
15.75628
6.32786
1.76198
-6.57088
3.59372
-0.24350
8.27689
-6.73491
-2.98857
-0.51175
3.64712
-1.55844
2.82839
-2.02401
2.19114
-2.04750
-1.14303
-6.93670
7.11678
-2.75586
-0.77295
-3.32143
-6.12513
3.66878
7.65611
-8.71888
-4.11353
3.60205
1.37011
-0.85776
9.86165
1.95862
-10.25355
-1.21577
-4.48775
-1.20593
-5.55689
0.72650
-22.04882
-10.88465
-3.27245
11.33241
6.05593
12.73614
7.17040
14.89305
7.51710
-5.72411
16.40005
11.09089
0.46706
11.94396
7.33929
2.98861
4.51832
1.83747
5.20244
3.38159
-11.71822
-3.27034
6.62570
10.27550
-2.32863
3.54483
7.55764
-1.41405
10.07215
-2.06062
-10.75080
-0.85062
3.81991
-19.90264
-6.66243
-8.33575
3.76805
4.35141
-0.36508
2.18711
1.74080
2.76372
1.62765
1.17809
1.33038
0.09352
2.97051
-5.86791
-6.10899
-1.45403
-4.31994
4.11714
-3.47665
8.87870
-5.19186
15.46086
10.90325
14.25257
-4.46164
6.70506
-2.22759
3.53182
6.22502
1.50173
-2.54690
-1.56488
1.60573
-2.56286
-7.47287
3.05615
3.30880
-1.76534
-9.73707
-7.53127
1.11458
5.59397
0.43212
3.08579
4.54418
8.83215
-3.26200
-8.92588
4.69174
-17.30308
-2.70898
-9.17926
-1.00555
1.32737
-6.45895
9.55511
-10.83265
-3.99653
-9.38976
-0.55018
7.79997
5.95655
9.30116
-0.63548
1.67179
-8.21122
4.37481
-2.56106
-9.04142
3.30535
1.69002
3.17874
-4.44324
-0.58290
1.38287
-8.62258
-2.37612
-9.29980
-2.90703
-5.69226
3.12468
1.44182
-2.77683
3.83599
1.85101
6.22883
6.63522
17.91137
-1.71136
-0.41070
5.96162
5.18422
-6.77865
-3.03363
1.69856
9.64885
-8.58357
3.62264
-9.71075
8.72266
8.35002
1.52714
10.70612
15.49364
-6.85661
-5.87881
-2.94859
-3.02448
-9.69609
10.05351
-0.21334
6.10669
-2.22336
-0.80477
-2.13380
1.24679
1.50441
11.82627
5.59927
10.84461
-0.53693
-2.79108
-3.14022
-5.66996
-4.13947
-4.75187
3.35779
-3.12481
-3.65340
14.19082
-1.97852
-4.68278
-2.63416
11.19749
29.52835
-10.55981
9.14602
-5.74287
-3.94699
0.59493
-5.37840
-4.28367
-2.26817
9.52990
4.62082
-12.44100
-14.99358
7.25799
-0.29939
-6.32683
-6.34685
-10.17316
-5.14171
0.01262
-3.18159
-9.89700
-7.44390
4.59105
3.12307
-4.10823
-5.61872
-7.74193
-5.09468
-0.77385
4.66362
7.84246
-7.99302
-13.84398
0.64894
-13.81062
8.68072
10.72287
-1.48123
1.18737
-2.58668
6.20799
-0.13776
-4.85918
-6.95561
-1.30855
17.40002
-7.77621
-0.61958
12.97476
-5.43898
-3.33185
-1.83542
-6.48395
-13.83003
10.66168
-1.93336
4.10191
4.69613
8.65756
4.19406
-1.60813
0.34329
8.64402
-9.08506
-1.92327
11.51090
-11.67566
-3.32063
-3.16383
9.32728
8.36483
-4.12568
12.47548
2.42742
-14.41227
0.63537
-1.15657
1.62078
2.03071
3.91771
7.46695
-5.23577
5.74268
1.64670
-0.16090
8.79907
6.76194
-6.07863
-13.68566
2.50602
0.72486
-3.61622
21.35414
19.63802
-7.42857
0.83287
-5.12704
-0.70975
-2.82318
-16.11999
14.28932
-0.96140
-4.23145
-24.39227
-2.92314
5.52118
-8.17743
-1.25484
6.81632
4.06836
-1.40601
-1.11239
-1.15308
-11.84009
1.37793
-4.70992
-13.27993
-11.81326
1.48548
6.64175
3.14943
8.40868
-2.34241
13.32519
-7.41401
3.10659
2.98676
7.54649
-15.26249
-0.97935
9.92549
0.98763
9.61326
-5.44171
-3.55235
-1.63921
0.63364
-11.31787
4.38418
10.58166
-4.58375
-1.59042
-0.94235
10.31676
-5.40046
-3.49080
0.84879
-5.46702
2.93401
-7.89740
2.69344
1.54139
-6.00217
-8.94305
1.48660
-0.41050
-0.01375
-7.26724
-7.87176
0.50052
-0.22334
-10.65336
-5.00883
5.70965
-1.89563
10.78593
12.23008
-2.53772
5.69289
1.85841
2.66945
-11.80780
-7.10693
7.49979
18.64130
3.78243
-15.95897
2.22096
-12.85355
-3.92213
1.52644
7.58449
-0.95674
0.28315
6.01693
-1.14813
0.12174
2.74843
15.27112
25.93992
4.93019
12.57568
0.71976
-0.96249
-4.58861
-2.68243
7.16009
4.21273
-4.73880
-13.92599
-11.97235
16.40085
7.30618
1.83679
-5.85152
-1.32625
3.49932
7.01032
13.02813
1.62055
-10.38545
-2.20026
6.34530
-4.00185
-5.44419
-5.56902
-0.66865
-2.54654
4.26499
-5.76139
4.66245
1.22011
-6.21971
-6.05742
4.69532
5.52177
6.68352
2.81732
-1.17526
5.17068
-11.28619
1.79060
-15.35044
-0.88658
14.39382
-13.90321
-5.08233
-1.13820
2.43823
-10.49310
-2.76182
-1.69825
0.23286
-1.16639
-5.93752
4.12447
2.63365
-2.48499
2.10406
-11.12990
21.41646
1.49363
-8.78095
2.10777
-1.35803
13.83903
7.07451
14.29762
-12.09896
-4.57228
-5.14065
-4.43514
12.89917
8.42155
10.07774
2.08714
6.59174
-0.04507
-6.71145
-6.92918
-9.26241
-7.37609
6.74972
2.33658
-12.31148
-8.81536
20.57092
6.33375
2.69001
-5.89419
-1.52117
2.20585
9.68835
-4.79937
-1.70861
7.12877
-2.51360
2.90376
-2.86084
2.48163
1.74154
-10.72430
-4.05767
-2.77907
9.94930
5.70375
2.86943
-2.55659
6.83996
8.89530
1.44553
5.91071
-6.92557
-1.33006
0.60096
-0.54853
2.75875
-0.04765
4.27602
-20.62719
2.73383
0.28632
-2.70871
0.02754
-1.06066
12.37843
9.07391
5.94653
-1.59358
1.95551
8.53684
7.69002
-1.47990
2.22537
-0.02551
1.84639
-4.83310
-10.57012
7.27320
5.82726
-8.12915
-15.34154
0.22380
3.33181
-14.22702
-7.95942
10.20256
6.27372
-8.91840
-9.17124
-5.57478
-1.98400
11.80352
10.02851
-11.02657
-10.32385
8.08469
3.37546
4.27707
-3.64846
12.92213
-0.04197
9.74965
-2.44715
-1.52102
-2.42964
17.38762
16.33741
6.75054
-4.56428
1.54429
0.89595
4.42186
-8.62794
-4.46640
9.77227
-17.89969
-12.19124
8.51221
-1.70151
-3.13330
-8.29400
6.54831
9.04405
-11.52763
9.61900
-3.06981
-2.00539
14.35356
-0.17727
-1.24792
-15.74821
3.87977
-10.49204
-13.50153
-7.05188
5.81805
1.97718
-7.69670
4.83373
1.72069
-3.15207
1.49534
4.77476
0.53346
0.72370
-5.88136
-5.65257
8.39436
-5.47255
-6.59878
1.52170
-6.53921
1.04648
0.04869
13.61326
-11.53405
-15.01793
9.49898
-2.74878
-8.01465
-1.56452
10.49160
0.17296
1.10884
8.52833
-6.89607
3.42678
3.54445
-4.28015
-7.50970
-4.17328
17.51387
-5.80252
16.99822
6.37099
-3.68643
-2.76987
14.23588
5.25803
8.82444
6.73641
6.78841
1.54477
4.73926
-0.04091
2.07007
1.17978
-1.18960
13.65695
1.39261
11.65828
-1.89169
-11.11054
10.23613
5.67475
4.94513
-2.76874
-4.81539
-3.77891
2.69415
3.12265
-0.02962
-12.89217
2.55782
2.24484
-5.90965
-8.19145
-21.77679
-1.68087
4.43320
-0.02452
0.10955
-10.87873
-1.33551
-11.85844
0.95895
-8.19897
-12.14059
-3.50088
3.34023
-18.03144
8.25012
3.29500
4.53246
-5.56254
7.34615
15.56478
4.02485
-3.90481
6.11013
-17.25684
-14.32741
8.10905
-0.17372
3.52938
4.52565
-1.76900
-2.39330
-4.96153
2.06566
-4.37376
3.77588
-5.54977
-2.08978
1.45892
16.98263
1.89831
-14.48763
-6.05775
13.21651
-17.81499
12.82704
1.86716
-2.59576
-9.92340
4.26391
-2.35326
-0.10516
-4.17443
-1.98095
9.28055
3.36632
2.85803
-1.76245
2.14053
5.12345
9.08275
-5.15802
3.08304
1.10641
-10.65479
8.47776
4.03830
4.34319
14.73864
-2.68080
5.70766
1.49805
8.05922
12.76539
-5.38453
-2.02130
-12.53713
3.12321
-2.07039
-1.02225
12.76196
-0.49577
-5.48268
-0.63057
1.36005
-4.10213
-13.44495
-7.56759
9.28633
2.33818
6.83974
5.17721
8.80546
2.78979
-0.16995
5.57681
-13.32763
-8.84558
8.50834
10.71620
1.83167
9.39086
7.39133
-6.57673
-3.98893
-0.46474
0.84755
2.79778
10.16696
2.56903
-11.92159
-6.44415
-1.28499
10.83954
-5.24335
3.31888
9.76973
9.80120
2.62964
4.76869
22.48116
3.55370
-1.62126
1.33546
-6.11760
3.13863
-7.71203
7.70134
1.19423
-2.26609
-11.08765
2.25917
-7.68123
-7.56146
-15.23028
-6.36865
-0.18951
-2.79066
7.39824
-7.75944
-5.07334
-7.04821
-6.26295
-1.81922
-10.95628
-0.82513
0.91832
7.53322
4.60638
-11.66549
-7.01956
-10.30573
1.93963
0.67622
0.45959
7.55737
0.26099
10.89783
-0.81340
-16.43352
5.74230
-1.41901
-5.71325
-1.14201
-4.23935
3.83577
17.02485
0.23566
11.43922
-11.08347
-11.85564
0.48763
-0.32150
-10.97732
-5.02334
0.97375
-5.70316
2.72663
-2.45998
4.77568
7.52297
8.23386
-15.16530
2.42953
-2.34930
-12.84427
0.86927
11.44906
-2.97643
2.80090
-2.41699
-3.15472
-3.85436
11.58122
1.91868
7.37207
7.41061
-2.33004
-3.98127
-14.16158
4.96962
2.05401
8.11377
3.71206
0.56431
-6.82414
13.19866
-15.45914
1.93086
7.33276
-4.08557
5.45391
-0.67165
4.48778
3.81351
-9.03622
9.39987
-7.10575
-15.96524
-9.44497
-7.60538
-14.95107
16.73111
-5.03122
5.54985
-1.01303
-6.29603
4.46079
11.71118
-5.35271
2.99064
-7.52678
1.57111
6.79563
-3.48110
-1.17782
10.03065
3.77823
-2.85638
-18.88071
-3.02761
-3.01655
4.61028
0.56041
4.94057
-1.62254
10.41532
2.58715
6.87199
-6.23101
17.31407
-1.42522
6.15165
-4.34328
1.49741
11.60094
-9.66250
-5.22416
4.80441
4.73855
2.31726
9.37099
12.07101
-6.36613
4.84177
-1.14564
-8.42871
-4.46696
-1.53971
-2.60030
-0.00579
5.55235
1.84380
8.46932
-4.20928
-4.33265
-0.12798
3.79037
6.59482
1.36325
6.44565
-0.54809
3.67605
2.36229
3.67627
14.28818
4.99897
-6.72897
-3.54321
-6.03735
13.99166
6.76244
-2.32342
12.70055
-0.02080
-3.36504
2.49069
-10.32759
13.21741
-2.12147
0.05974
5.88515
2.32097
-8.67812
16.07828
-3.85946
2.10543
-1.24278
-2.57603
-3.12538
5.56189
1.63298
1.92374
-1.40315
18.04660
3.33100
-0.84653
8.67515
-10.67077
-16.73804
4.32512
-1.58111
-11.15612
-13.68833
8.17435
-0.81419
5.02513
-2.26248
2.66695
-0.85012
-6.66525
14.78847
15.17335
0.93506
3.71842
-8.15505
9.30588
-0.02611
-4.50476
5.15808
-15.15217
-3.94386
-0.36675
6.50512
-6.40098
3.52317
-8.24503
6.64352
-1.25277
7.02830
-7.68180
8.42156
3.43402
1.99194
-2.29964
4.30775
-0.97798
-5.96031
-4.16884
-7.35252
0.89131
5.16204
14.78729
3.81524
2.31708
-5.42913
-14.46645
1.64517
-0.41619
-11.84237
-1.05232
4.00898
-0.57516
3.93845
5.47813
-3.39978
-11.73788
-0.00237
-0.54273
13.77215
1.56321
-4.35009
7.31502
3.85583
-5.00630
6.58311
2.76960
4.96178
19.03238
-9.41398
7.66617
9.81649
-2.81201
-2.55441
-0.81844
-1.10354
3.48249
-12.49198
-0.17388
-10.50479
1.19119
-4.81040
-6.05839
17.46446
-5.78518
5.05856
3.54344
-1.15828
-16.04620
-6.94096
-10.62197
-18.53679
0.31921
2.30434
-12.22626
4.34984
0.57511
-4.05931
-0.25050
3.11641
1.01911
0.36413
3.85147
-1.56974
7.76317
12.16260
0.33107
4.72121
2.15229
-0.13381
-4.32625
-6.86161
4.91885
-8.79008
9.84649
0.04029
-3.58962
8.12077
-11.68319
6.29408
0.54316
-3.40079
-1.54624
-1.23819
-3.10626
-8.18206
-11.56203
3.69146
7.91331
1.02238
-5.00772
-10.34940
1.62364
-19.93181
-7.49715
4.41602
5.87648
10.41499
8.31955
-10.03104
5.85325
-0.86974
7.45240
3.09751
7.45008
4.66453
-3.34896
-5.75387
12.70696
-9.76863
8.66823
13.98020
-7.13524
-6.21608
12.11023
-12.91932
0.46208
11.26013
-4.05740
9.62194
1.77995
4.37511
6.27195
4.19274
-1.10483
0.76189
-15.77227
-0.84532
-4.99777
7.87962
6.90711
-1.73922
3.11302
2.39781
-8.00486
10.30556
1.39474
-10.60808
14.37439
4.53267
16.29623
-1.39084
-2.58447
-8.17824
13.28067
-0.20148
14.67002
-15.67194
3.05316
-2.97631
-8.22604
1.60404
10.72175
18.59073
11.57366
-0.99887
-6.04179
-3.07126
-0.58764
2.65981
2.52100
-3.46214
-7.15592
-2.67134
-11.81964
2.79275
9.33828
-7.95343
-4.14770
6.23610
7.12366
-8.36732
9.27855
7.56464
2.68252
8.88762
-11.79527
-2.40740
10.51251
-0.93939
11.40341
-3.90413
-9.18620
0.73416
-3.17127
-5.11386
-6.34798
-6.34567
6.39636
17.08352
-0.90694
0.07095
-19.52529
5.61149
5.25128
3.94648
0.62480
4.70467
-1.58302
-0.54954
2.54722
2.18839
-1.13031
-8.07371
6.35745
15.71335
-1.41856
-5.92755
1.15510
8.50189
10.93286
0.29171
-4.08592
-14.47275
9.73396
-4.74417
10.79030
1.88244
-4.16612
-15.37389
-4.65936
7.80448
-1.44164
5.73078
6.70736
-1.48751
5.49467
-3.17710
-5.76499
-4.75934
-1.59939
5.27551
11.77059
0.76614
-6.66206
-1.71896
8.76069
-2.51543
-15.31443
0.39366
-9.74751
5.64656
6.24952
0.88106
3.82420
1.69162
-4.83612
14.12085
-3.59915
-1.26635
4.66664
-11.10295
-0.16656
0.02683
8.00867
-1.93821
0.60849
-6.19988
-5.43378
3.49534
1.00407
7.92461
2.56995
-10.06306
-6.04124
2.91182
-9.49654
10.61234
5.76277
10.17190
0.48291
11.08621
-6.30812
-4.37811
-11.25370
13.21380
-16.67650
-15.59621
4.58065
8.61782
-5.18127
-7.39844
9.01630
-6.68497
3.35003
8.76147
7.65444
-11.05946
3.19814
-9.70590
4.53528
-7.65076
5.74389
12.17718
-5.88899
-7.97697
-2.89907
0.61253
-6.68368
8.52840
1.32312
-7.90970
7.49628
3.33603
4.01681
1.91817
-2.29435
4.44286
-4.13802
6.94170
2.47543
5.04804
-4.98297
-10.18461
-10.69146
8.05139
14.53364
-1.30419
-9.31157
13.98026
9.75072
11.88052
0.53488
-0.32795
6.56121
-2.43584
8.13031
-3.56234
0.02626
-19.04827
-17.06304
-3.04547
-3.13312
-3.91123
6.80608
8.42192
-6.01641
2.38642
-1.51675
-3.42720
3.33724
-4.07763
1.81341
-8.37688
-5.99661
-5.26618
8.86550
2.08663
-8.57189
-1.87695
-5.71238
-14.15401
2.28897
-8.13195
0.20562
-0.83162
9.37153
12.27775
0.00440
-7.69526
3.76553
-3.98446
4.91277
-1.57434
-8.00756
-8.42786
-0.91541
-8.63692
10.08388
-8.81566
4.78078
9.86288
-2.08355
10.35863
5.29144
-0.37710
-6.00677
3.88133
4.66862
9.89119
3.69123
5.45505
0.37740
2.62876
6.15353
-12.64095
-12.44106
4.21120
8.08037
-0.46928
8.86750
0.36987
1.31741
3.51339
5.30825
-1.94023
-4.40619
-7.50411
3.42946
2.65341
-6.73855
-3.20172
23.88907
-8.55960
-7.97971
3.03807
-5.15797
5.55049
-5.52903
-3.70876
6.27713
0.53049
-4.77645
-2.85949
0.12629
-13.52811
-8.50910
2.16333
2.49161
-0.38857
-0.78814
-13.10897
10.17502
-3.91522
-8.53092
3.60404
5.71391
4.29324
6.78832
13.98855
-6.89265
-7.71193
-5.36713
-4.27056
-5.16479
3.24278
-8.80967
-7.51986
-2.13820
14.42190
8.68019
2.04422
-7.84423
-5.56015
-7.03590
-2.90535
-3.03690
1.05688
9.56156
0.53628
-3.25991
6.16850
4.60283
-1.96061
16.57463
6.07253
-2.31606
-3.17322
0.64152
14.64697
-13.08203
2.06846
5.87577
-1.20650
2.71048
-9.13795
0.75194
-0.15813
-2.82488
-0.22024
-12.83007
16.21760
-1.27730
-12.18539
2.16989
-11.09826
3.22204
5.16709
-4.25245
-9.23597
9.19548
-1.29768
-4.06550
11.84596
12.12049
1.58421
12.35981
0.79183
-1.13653
3.63145
-5.44294
-7.95101
1.28052
-5.47936
3.34048
-2.49677
-4.59803
0.66493
-7.47152
-14.22878
12.48045
7.77137
6.91672
18.00727
-12.06718
16.37002
9.71319
11.01778
9.15242
1.48468
-5.26022
-7.14814
-2.27188
-5.03807
-0.44732
-1.98777
6.65232
10.02941
8.32209
0.07066
0.29109
-7.98096
-16.95527
4.07629
-1.08103
4.27952
-0.29243
-7.91720
-0.47016
2.46843
-3.99977
6.79000
-4.35939
-2.30393
-4.15354
4.15317
-16.52664
4.52745
2.20627
-8.78588
-3.56499
-3.79629
10.82088
8.16732
-2.01148
1.96390
3.61431
8.65505
7.79058
-9.29065
-13.04372
-0.47061
-5.55098
2.34068
2.81870
3.96897
-6.70697
-3.79589
-1.40592
12.05563
-7.64688
-7.97798
-1.49000
-3.97900
4.00023
22.21947
-9.11881
-0.22276
17.17114
-7.01786
-9.56975
-9.19799
-0.83205
7.32297
-1.61919
-2.42260
-9.18459
-2.01525
3.41023
17.37047
1.61466
-3.42621
-6.41468
7.53877
10.56763
-8.48744
-3.74590
1.88721
19.80855
11.07128
-13.89803
3.91512
-10.48367
-5.92716
1.07867
-2.79807
-15.45385
6.22251
-5.06673
-3.67205
1.58015
11.58036
-1.64957
-5.20371
-9.81375
-0.47224
20.92967
4.84397
3.93766
2.54834
-7.96136
-2.98159
13.79758
3.17293
-5.13390
6.35133
10.74814
7.60030
-6.55019
-3.85876
1.73250
12.67000
2.81632
-14.83398
6.93771
16.19520
-10.34385
4.92711
-3.35723
5.46061
9.44721
-11.71015
-3.66765
-3.48835
-13.39102
3.48875
-7.69621
-9.71204
-10.09999
10.72785
10.62704
3.10034
-14.60361
-4.79006
1.99422
-7.01315
-4.68827
3.02860
2.72556
-2.56059
5.24267
-9.62891
-1.88813
15.37523
-6.12141
2.76184
-0.33227
0.88534
-14.32501
-14.71193
-5.43340
-6.12785
8.94516
12.32841
-2.15845
-1.53468
-9.72843
-1.02655
5.11258
-3.56064
1.74590
-1.28953
-8.27461
0.15677
13.94712
-1.72403
-4.69474
-2.78159
4.82804
-1.53065
14.65807
-13.96561
4.98260
0.83979
-3.47310
0.92186
-6.72398
7.90296
-4.21214
2.53348
5.01765
7.42711
-10.34624
-0.41775
4.11028
-12.53382
3.72633
-2.44575
-5.31595
0.14894
3.77640
-7.61040
4.14341
-2.24182
3.83371
1.74049
0.89068
-1.18825
-2.18753
-20.67468
-3.49454
-4.43255
0.90317
5.43293
-3.59820
-13.77285
6.22044
-10.93620
-6.16230
-0.94612
-9.53200
1.07728
-0.04566
-2.82331
18.98115
21.71698
11.71912
-3.16264
-6.71733
2.81933
0.49234
-1.17876
-7.73968
0.67514
-21.63851
17.54259
-3.62883
9.50179
-2.02839
-2.36089
-1.08403
5.53331
4.77052
-4.91067
2.71188
11.50399
-15.51361
1.04292
7.76313
-11.01178
2.70292
11.03722
2.97559
9.06122
2.99660
2.98700
-5.88345
3.97110
-5.54652
-3.71169
13.07731
-8.03173
0.68810
0.13863
11.86513
-0.57322
-10.86965
-8.11992
-3.57882
2.31735
9.45449
-0.19180
9.34212
-14.81956
5.00441
0.50622
-4.52869
6.85134
-1.38155
2.83258
4.60867
14.98223
-5.75532
6.59380
4.56370
6.09370
2.10766
1.50126
-4.17470
-7.08591
-5.71412
1.05017
-2.20485
-11.64374
-5.49520
-0.28223
8.22992
2.16144
3.53091
1.35799
-3.28407
-18.91723
-4.81393
-6.16594
-10.57411
4.15061
6.15315
-0.30199
-10.11793
-1.26291
11.69641
-2.11344
-1.25020
-3.89877
1.61253
0.95283
-0.77128
-1.91215
4.10398
-3.30643
-6.03463
-7.74238
-8.07355
1.67249
-5.20825
0.55757
-9.05898
-11.77531
-7.26570
3.76491
-4.73207
5.28860
3.51193
6.65557
2.56785
-5.28204
-2.25407
-16.48253
-9.64021
4.64399
-3.95809
11.86396
-2.53210
9.20875
2.47743
1.85613
-6.05752
-11.44940
5.90552
-0.87307
2.42475
-2.61485
5.29795
-0.94199
8.87833
6.12494
-3.98024
4.69666
7.88998
5.43952
-8.53335
1.25042
2.87166
17.80570
6.64465
16.11127
-0.91698
-0.04287
-8.73350
12.89330
13.57946
0.96623
-15.80379
1.75828
-7.66141
-2.06352
3.67976
2.60850
1.69396
7.28520
2.26526
7.18016
