-0.68910
0.07586
0.14584
-0.24426
0.07366
-0.06442
-0.10473
0.27429
-0.30965
-0.59793
0.76353
-0.66953
0.17095
-0.83942
0.09484
0.31881
-0.03409
1.24934
0.74604
-0.97357
0.75352
-0.70076
0.07615
-0.02923
-0.06342
0.29191
0.77845
-0.15564
0.19278
-0.42336
-0.81508
0.36933
0.15830
0.51276
0.48157
0.12287
0.69634
0.40818
0.05296
-0.46133
0.30808
-0.32107
-0.06076
1.27511
-0.24111
-0.48516
-0.25697
-0.70156
-0.86957
0.24370
-0.84121
-0.48375
-0.38062
0.70165
1.15783
0.37273
-0.72095
-0.65218
0.22907
0.54750
-0.56949
0.32015
-1.21447
-0.92263
-0.29114
0.71922
-0.27229
-0.63325
-0.02194
0.02358
-0.18286
0.72511
-0.75684
-0.62866
-0.18067
0.12936
0.09130
-0.83272
0.07992
-0.28020
0.90642
-0.01586
0.76428
0.70088
0.45004
-0.88091
-0.20341
-0.86368
-0.43202
-0.14182
-0.44906
0.46159
0.19245
0.40289
-0.10122
-0.55209
-0.01818
-0.39868
-0.25785
0.22557
0.12303
-0.96884
-0.11634
0.60043
-0.23909
-0.48038
-0.43249
0.76013
1.10524
1.08364
-0.52495
0.10952
-0.32878
0.41124
0.16881
0.82103
-0.39632
0.42705
-0.02617
-0.15972
0.07371
-0.19680
0.41158
-0.29646
-0.25828
0.55806
0.02916
-0.32111
-0.07995
0.50266
0.29955
-0.27687
-0.04243
-0.45548
-0.20407
-0.46390
-0.08742
0.38214
-0.18023
0.25630
0.50710
-0.17491
0.34752
-0.45549
-0.13760
-0.36473
0.32908
-0.23731
0.44134
-0.20943
0.92379
0.04601
0.70624
1.15321
-0.66127
0.66523
0.54491
-0.41233
0.50688
-0.11485
-0.82423
0.23883
0.04150
-0.34597
0.17738
-0.68780
0.08195
1.34472
-0.07017
0.82221
0.01168
0.10360
0.37358
-0.35098
0.43582
0.19636
0.21717
0.63718
0.36983
0.35147
-0.02828
-0.02813
-0.33765
-0.68813
0.30586
0.50309
-0.01085
0.10666
0.58508
-0.88856
-0.02878
-0.22531
-0.42277
0.68392
-0.86302
0.72780
-0.06863
0.29838
0.87711
-0.03264
-0.25903
0.33669
-0.33164
-0.36936
-0.80209
0.77085
-0.35459
0.23124
-0.09526
0.10472
0.80332
0.01356
0.16085
0.18648
-0.37195
-0.53025
0.08149
0.38696
-0.53749
0.00158
0.85824
0.32940
-1.37342
-0.56380
0.56320
-0.11328
0.02192
-0.21715
0.41985
-0.80519
-0.00286
0.10697
0.67492
0.56954
-0.21138
0.93324
0.62843
-0.81561
0.39587
0.50356
-0.26549
-0.18637
-0.04305
-0.45256
-0.60812
-0.44818
0.22605
-0.34263
0.41256
-0.29547
-0.81698
0.94413
0.27492
-0.17076
-1.06379
0.44119
-0.47680
-0.27654
0.41219
0.13821
0.09091
-0.60211
0.06782
-0.27680
0.22663
-0.12647
0.19331
0.03885
-0.35145
0.23440
-0.10871
-0.06239
-0.35132
-0.49149
0.41400
-0.10734
-0.59266
-0.43412
0.08016
-0.46347
-0.60885
0.67290
0.25830
-0.22198
-0.35198
0.35311
0.37552
-1.12578
-0.15127
-0.12251
-0.07288
-0.01653
-0.54660
0.75267
-0.43269
0.47687
0.12941
0.55150
-0.22758
-0.11558
0.09052
-0.07922
-0.44438
0.18051
0.47859
-0.54965
-0.09578
0.02859
0.14816
-0.41076
-0.37530
0.22818
-0.06816
0.69024
-0.12493
-0.06937
-0.14871
0.34111
0.29116
0.06851
0.82451
-0.72561
0.15564
-0.55417
0.04328
-0.04080
-0.27861
-0.01394
-0.51437
0.67714
0.41897
-0.03718
-0.13451
0.06724
0.82899
-0.72221
-0.05615
0.87421
-0.31387
0.15283
-0.07056
-0.95329
0.80270
0.28921
-0.36844
-0.29442
0.01170
1.25038
-0.39316
-1.22130
0.07470
-0.25116
-0.37635
-0.27829
-0.25958
0.00329
0.13418
0.18209
0.48365
-0.01313
-0.05054
0.33885
1.30945
0.67586
0.33105
-0.10263
-0.08500
0.45338
-0.07240
0.14438
-0.05352
-0.80101
-0.36157
-0.45448
-0.31488
0.33561
-0.20088
-0.61648
0.51216
-0.18235
-0.09406
-0.86272
-0.43191
-0.14002
0.51637
-0.39792
-0.17056
0.08153
0.43939
-0.23229
0.05964
0.10098
0.51804
-0.62740
-0.00078
-0.29892
0.65176
0.46484
0.40456
-0.56123
-0.14333
-0.51535
-1.12169
0.30716
-0.58323
-0.99382
0.84856
-1.36895
0.21525
0.46228
-0.54657
-0.73802
0.42390
-0.16101
-0.96727
-0.20337
-0.15209
-0.12343
0.27331
0.20438
0.53428
-0.27438
-0.31177
-0.12970
-0.82496
0.54519
-0.89574
-0.20993
-0.02902
0.50629
-0.43528
0.85140
0.70503
-1.14189
-0.18487
0.60891
0.34765
0.60611
-0.12097
-0.38083
0.44318
0.66836
-1.00648
-0.35752
-0.48582
0.12721
0.71528
-0.40131
0.69428
-0.15073
0.28698
0.00305
-0.47827
-0.87423
-0.13459
0.07111
0.32525
-1.25314
0.25072
0.19940
-0.78392
-0.08230
0.43457
-0.06433
0.33349
0.81938
-0.15511
-0.16632
0.44460
0.98080
0.18181
-0.12057
-0.53678
0.73964
-0.31733
-1.01987
-0.10292
-0.44624
-0.06743
0.52186
-0.03453
0.35313
-0.90091
-0.50151
-0.03131
0.24895
-1.00155
0.40175
-0.85753
-0.42131
0.37717
0.28428
0.86020
0.24982
-0.91046
-0.28711
0.07010
-0.74615
0.61208
-0.06446
-0.76236
0.17423
-0.25861
-0.00448
0.66635
0.12404
-0.02474
-0.57006
0.52602
-0.45243
0.07834
0.21357
-0.10208
-0.22319
-0.71904
0.29420
-0.50853
0.80792
-0.16247
-0.58884
-0.18230
0.11006
-0.19400
-0.34435
0.08113
0.73738
0.62213
0.50374
0.37379
0.04819
-0.09261
-0.43432
-0.09607
0.43855
-0.90791
0.41880
0.69924
0.38162
0.06454
0.20582
1.32200
-0.10074
-0.24274
-0.56786
-0.12586
-0.27264
-0.47674
-0.07564
-1.34757
0.69386
0.17967
-0.23098
0.73088
0.14975
-0.37373
-0.70042
0.16088
-0.10568
0.17521
-0.88260
0.65377
-1.22310
0.26442
-0.46970
0.53801
-0.84828
-0.60063
-0.23909
0.11070
-0.50904
0.54809
0.22961
0.94988
-0.20605
-0.50526
0.86456
-0.58713
0.05547
-0.52483
0.23349
-0.40060
-0.81250
0.23986
-0.06010
-0.15730
0.78992
0.04423
-1.01890
-0.12790
0.12083
0.79103
-0.75040
0.59775
-0.19631
0.69940
0.46858
0.42365
0.03128
0.50464
-0.02278
-0.09943
0.27503
-0.31306
-0.35032
-0.76720
0.16209
0.34787
0.54178
-0.49401
0.21955
0.31716
0.51118
-0.65331
0.23514
-0.23150
0.17820
-0.49795
-0.20030
-0.21905
0.00477
-0.27770
-0.41049
0.17145
0.36316
0.03645
-0.16660
-0.07892
0.01969
0.31708
0.36252
-0.20972
0.55907
0.59781
1.28722
0.62864
-0.82653
0.66693
0.46834
-0.10774
0.72273
-0.58967
0.55320
0.58758
0.02648
-0.09748
0.12783
0.16743
0.31936
1.03371
0.02842
-0.09434
-0.27883
-0.31762
0.81087
0.93015
0.26313
0.05542
-0.61752
-0.78204
-0.18973
-0.11522
0.18699
0.05834
-0.29028
-0.18337
-0.49100
0.32954
-0.16314
0.02511
0.59349
0.10144
-0.99955
-0.59320
0.19978
0.68617
-0.28015
0.82716
-0.65448
-0.18660
-0.24781
0.24640
0.43803
0.29167
0.52835
-0.35356
-0.71967
0.29851
0.73717
-0.56483
-0.09415
0.01095
0.08579
0.65416
0.07782
-0.65146
-0.04668
0.20931
-1.50408
0.27508
0.24505
0.02364
-0.52608
0.31264
-0.81127
0.00583
0.20200
-0.86205
0.05229
0.27546
-0.34986
0.30288
-0.85794
-0.63527
-0.22839
-0.67713
-0.01632
-0.23595
-0.86323
0.65864
0.41880
0.04317
0.18776
-0.00584
-0.04082
0.21465
0.23443
-0.52191
-0.11107
1.65821
-0.32053
0.08464
0.50670
-0.26892
-0.57077
0.22626
-0.47207
-0.16588
0.16246
-0.55527
-0.64815
0.16568
-0.84093
-0.34839
0.42466
-0.13564
0.29193
0.35612
0.53464
0.55836
-0.00340
0.05851
-0.81907
0.64617
0.70063
-0.57468
-0.33149
-0.38966
0.63100
0.02797
-0.16349
-0.12594
0.18507
0.41795
0.47824
0.11422
-0.22081
-0.53001
0.03928
-0.08771
0.60589
0.04668
-0.57909
0.44795
-0.01572
-0.20690
0.06662
-0.04487
-0.62848
0.05401
-0.32673
-0.73079
0.97710
0.09952
-0.45737
-0.16956
1.19356
-0.67114
0.07906
-0.48687
0.56787
0.15094
-0.03370
-0.28031
-0.46751
-0.23235
0.78269
-0.28002
-0.97909
-0.68948
0.61568
-0.29992
0.15291
0.02103
-0.96325
0.36785
-0.18735
0.00205
0.06277
-0.11712
-0.20816
-0.27399
-0.07253
-0.20722
0.16470
-0.38833
0.26815
-0.53614
0.22175
0.35075
0.49312
-0.43373
-0.05051
-0.32749
-0.25202
-0.10137
-0.34320
-0.49711
0.17015
0.16815
-0.84707
-0.14350
-0.23546
0.09740
0.03672
-0.01134
-0.71535
-0.21016
-0.51816
-0.38614
0.69429
0.64161
0.44723
0.22756
0.35170
1.32025
-0.24846
0.19304
-0.32429
-0.48397
-0.02800
-0.54950
0.72139
-0.25591
0.98631
0.22926
-0.51709
-0.08756
0.47526
-0.95651
-0.13463
0.92852
-0.23284
-0.91211
-0.10064
-0.61468
0.65140
-0.58591
0.51161
-0.67463
0.06395
0.27789
-1.04537
0.12300
-0.38432
-0.27111
-0.59849
0.57092
0.33721
-0.39727
-0.33824
0.13473
0.02617
-0.03541
0.20944
0.37887
0.29296
0.16124
0.47976
0.26301
0.29995
0.21600
0.02300
0.53765
0.25779
0.42634
0.03237
-0.35899
-0.17867
-0.67910
0.55194
0.17708
-0.81284
-0.14096
-0.26481
1.07877
-0.93220
0.33130
0.68489
-0.09195
0.23965
0.46306
0.45242
0.88663
0.92960
-0.01679
-0.58308
1.36759
-0.23506
0.14455
-0.91295
-0.59186
-0.27951
-0.44272
-0.09991
-0.46886
0.69664
0.17848
0.31262
-0.30263
0.06742
0.72554
0.04466
-0.17242
0.13520
-0.06507
-0.46450
-0.58280
0.68809
-0.24752
0.04642
-0.68275
-0.10431
-1.00201
0.21151
0.26779
-0.34876
-1.21541
0.31177
-0.60273
0.23228
0.35635
-0.15270
-0.09680
0.50796
1.32117
0.94432
0.09679
0.19386
0.79703
-0.60222
-0.98268
-0.04507
0.59712
-0.52156
0.27961
-0.15628
-0.19230
-0.33794
-0.57891
0.69733
-0.11049
-0.11146
-0.54273
0.79667
0.23213
0.14416
-1.18786
0.01973
0.00894
0.50215
0.49350
-0.22004
0.79799
0.56460
-0.18130
-0.74919
-0.14883
0.01890
-0.76764
0.15293
-0.24451
-0.28138
-0.01479
0.77768
0.53852
0.19545
-0.07008
-0.19296
-0.23761
0.23065
-0.09233
0.28642
0.21113
-0.08351
-0.70047
-0.46849
-0.12813
0.35146
-0.03610
-0.59910
-0.64861
-0.36559
0.17603
0.39016
0.14389
-0.45285
-0.39256
-0.78263
-0.69286
-1.16482
0.28256
0.02698
0.80653
-0.05398
0.60616
-0.08182
0.76799
0.53101
0.01719
0.29875
0.02281
0.64540
0.12112
-0.50856
-0.45334
0.10640
-0.60499
-0.00003
-0.04024
0.38524
-0.01059
-0.27519
-0.80198
0.69842
-0.72060
0.18779
1.21498
-1.20754
-0.74511
-0.07465
-0.33487
-0.40314
-0.55268
-0.53152
-0.81862
-0.05327
0.87457
-0.41103
-0.49713
0.14403
0.61718
-0.13437
-0.01937
0.21760
-0.51904
-0.41291
-0.28007
-1.04421
-0.45664
-0.14581
-0.16700
0.15722
-0.13974
-0.16832
0.16232
0.59066
-0.22466
-0.05160
-0.70837
-0.64419
0.43445
-0.64715
0.42661
0.19649
0.59642
0.06704
-0.65763
-0.87713
0.10662
0.64151
-0.89445
0.88295
0.32624
0.26567
-0.60870
0.94634
-0.20713
-0.80883
-1.14457
0.27423
-0.81672
-0.35008
-0.67871
-0.39234
-0.41906
0.79663
-0.10020
0.30723
0.02151
-0.39702
0.95293
-0.23885
-0.24068
-0.39236
-0.00185
1.39170
0.29387
0.32359
0.28396
0.02482
0.47690
-0.80742
-0.31347
-0.50154
0.61774
-0.02392
-0.43351
-0.02572
0.87867
0.11099
-0.42569
-0.07025
0.48076
-0.99236
-0.61935
-0.51726
-0.52176
0.42230
0.12363
0.25361
-0.37579
0.03082
-0.21196
0.68550
0.05092
0.52714
-0.18914
-0.27593
1.16236
0.49862
0.76909
-0.22700
-0.07847
0.02093
0.51649
-0.50148
0.71375
-0.04618
0.58936
-0.22835
0.03912
-0.62702
0.12325
-0.45088
-0.54036
-0.69464
0.57684
-0.40931
0.55851
0.25039
-0.14081
-0.13772
0.16746
0.33829
0.38570
0.09374
0.17238
0.27989
-0.12060
-0.10506
-0.80534
0.07239
-0.54929
0.37274
0.52946
-0.87536
-0.39652
-0.85545
-0.52956
0.01603
0.48732
-0.52981
0.01099
-0.53893
-0.43079
0.49589
0.16896
-0.43193
-0.16181
-0.56855
0.95316
0.36361
0.87403
0.11146
-0.16903
-0.04619
-0.04906
1.10935
0.49403
0.48938
-0.21396
-0.33998
-0.28889
0.45160
-0.62386
0.21813
-0.01680
0.38426
0.00172
0.21130
0.12821
-0.49216
-0.32442
-0.70410
-0.30548
0.06874
0.56163
0.21808
0.00439
0.34411
0.27271
-0.53328
0.28375
0.52415
0.32187
0.46776
-0.05883
0.22133
0.28594
0.40584
0.91294
-0.21689
-0.22608
0.08127
-0.14789
-0.29309
0.50983
0.03276
0.39450
-0.40290
0.13517
-0.15458
0.69173
-0.45593
0.25834
-0.02432
-0.57293
-0.66402
-1.04629
0.92186
-0.03251
0.48491
0.43701
-0.66492
0.33099
0.77568
-0.00858
-0.00732
-0.20817
0.46464
-0.68724
-0.54639
1.04161
0.28032
-0.27243
0.97934
-0.42033
0.33928
-0.86521
-0.68809
-0.49484
-0.80447
-0.12053
0.58909
-0.18325
-0.28965
-0.86084
-0.05380
-0.36657
0.01125
0.10930
0.45530
0.85177
0.12219
-0.76422
0.52085
0.05855
0.11930
-0.23100
0.04756
0.23679
-0.22873
0.35795
-0.17542
0.58242
-0.08601
-0.30757
0.34318
0.67298
0.76200
-0.12584
0.31870
1.34235
0.41437
-1.01833
0.44530
0.03639
0.10341
0.01872
0.09991
-0.35873
0.08623
0.12317
0.35351
0.28290
-0.09482
0.16040
-0.53716
-0.05422
0.20739
0.64986
-0.48476
-0.59694
-0.11412
0.01179
0.22393
-0.35093
-0.50520
-0.06092
0.26832
-0.19970
0.64970
0.56569
-0.17639
-0.21539
0.40711
-0.23854
0.22946
-0.17117
0.89886
-0.39161
-0.51140
0.49436
0.37500
-0.18379
-0.19268
0.28150
0.13007
0.27619
-1.01193
0.18857
0.81895
-0.36055
0.12150
-1.24983
0.69630
0.20969
-0.33845
-0.28457
-0.28116
0.29936
0.56359
-0.25533
-0.49625
-0.06026
-0.91675
0.57551
-0.68174
0.74517
0.28033
0.28116
-0.17638
-0.23643
-0.25289
0.03367
0.64458
0.04023
0.06842
0.36258
-0.49240
-0.77286
-1.10346
0.19449
-0.39082
1.10000
0.04996
0.65751
0.71420
0.46977
-0.16327
0.07083
-1.02600
-0.02395
-0.42237
0.19306
0.39500
0.30179
-0.06536
0.18573
-0.45337
0.44012
-0.40731
0.05307
-0.10727
0.52093
0.20617
0.80636
-0.17810
0.16456
0.12008
-0.10388
0.17372
0.17909
0.92572
-0.33172
0.46512
0.86412
0.82345
0.25878
-0.37806
0.16780
-0.15282
0.14018
-0.06970
0.51543
0.06151
0.41901
-0.05562
-0.37745
-0.11491
-0.69488
0.73512
-0.11818
0.25244
0.36838
-0.08384
-0.54439
0.44847
-0.25851
-0.34487
-0.50321
-0.60688
0.57411
0.66543
-0.66777
0.56382
0.30388
0.52606
-0.00695
0.54495
-0.63423
0.33516
-1.21191
-0.98745
0.59295
-0.25207
-0.02376
-0.78436
0.67739
0.59942
0.38684
0.32827
0.55855
0.66599
0.00614
0.44922
-0.37391
-0.37484
0.39502
-0.46101
-0.34421
-0.22529
1.17463
0.00341
-0.25484
-0.48095
0.27949
0.51316
-0.17170
-0.01329
-0.45626
-0.66903
-0.71634
-1.29790
-0.61711
-0.56801
0.79516
-0.16149
-0.01910
-0.43292
0.41112
-0.71912
-0.33281
-0.85139
-0.03373
0.51546
0.10132
0.03733
-0.58162
-0.03741
-0.24854
-1.24322
-0.30213
-0.33241
0.56658
0.18099
0.14736
0.56602
0.40729
1.00894
0.24183
-0.04741
-0.61394
0.21098
0.44924
-1.00817
-0.33634
0.30570
0.79196
-0.94178
-0.39341
0.23999
-0.51395
-0.01423
0.63095
-1.19303
0.02625
-0.15449
-0.17440
0.00350
-0.98648
0.83765
0.32873
1.00819
-0.11403
0.67899
-0.20106
0.38401
-0.04988
-0.81690
-0.09757
-0.12525
-0.48866
-0.63956
0.10719
-0.89859
-0.20325
-0.62935
-0.65081
0.24081
0.53588
-0.10827
-0.28400
-0.38162
0.33409
0.11563
-0.25079
0.65938
0.77183
-0.20367
0.01880
-0.01056
0.37190
0.99454
0.80340
0.46901
-0.37915
-0.38900
0.99556
0.02493
-0.41962
0.00164
-0.43696
0.87124
0.85813
-0.53498
-0.44930
0.06808
0.67690
1.20465
-0.01314
0.30961
-0.27058
0.44703
-0.19968
0.04526
-0.48377
-0.57643
0.21472
-0.97836
0.09736
0.16440
0.61526
-0.11812
0.34504
-0.41592
0.50543
0.14813
-0.07913
-0.56322
-0.07766
-0.24785
-0.89059
-0.39645
-0.04091
-0.62191
-0.66320
-0.07764
1.25215
-0.60386
-0.82786
0.15558
0.69300
-0.67799
-0.61380
-0.61859
0.91905
-0.13645
-0.34127
-0.15289
0.00868
0.11419
1.07752
-0.03676
-0.50245
-0.43975
-0.04215
-0.29992
0.44679
-0.74105
-0.76177
1.14201
-0.05140
0.50397
-0.72186
0.57754
0.24655
0.12183
-0.02510
0.45501
-0.39021
0.12987
-0.27338
0.56970
0.59067
-0.23605
0.11971
0.16804
0.08017
0.14654
-0.69609
-1.10654
0.34776
0.42419
-0.55917
0.21455
1.14685
-0.16433
-0.97437
-0.56903
0.43118
-0.73684
-0.24969
0.44571
-0.62519
-0.43939
-0.12056
0.26238
0.67967
0.07199
-0.13234
-0.02380
0.09260
0.34675
0.24756
-0.02812
-0.22918
-0.47714
0.26875
-0.12229
-0.18206
0.27274
0.24092
0.41468
0.11032
-0.27089
-0.33591
0.33760
-0.13734
-0.40942
0.28174
0.71605
0.35785
1.28795
-0.10732
-0.65570
0.44353
0.34990
-0.34385
-0.52466
-0.19522
0.33081
0.40008
-0.87223
-0.27765
0.23860
0.37123
0.30546
0.31249
0.01521
-0.15117
0.37306
-1.41312
-0.54571
-0.54390
-0.45300
-0.20955
0.25037
0.24947
-0.75015
-0.23422
-0.43026
0.12094
0.69046
-0.50970
0.01723
-0.68107
0.03495
-0.69130
-0.65948
0.22083
0.80245
-0.07275
0.40413
0.46793
-0.46818
1.05571
-0.02953
0.38777
-0.79881
-0.12072
-0.42895
0.22510
0.60405
0.00829
-0.14791
0.38320
0.50825
0.55724
0.16374
-0.34083
-0.25965
-0.19210
0.03057
0.40397
0.48616
-0.25743
-0.64755
-0.25323
-0.80386
0.26682
0.36984
-0.18136
0.42540
0.46560
-0.35774
0.02731
0.22432
0.13859
0.31540
0.27622
-0.70511
0.13499
0.84518
0.65540
-0.78575
-0.76916
-1.08199
0.08832
0.37214
0.23633
-0.66872
0.44238
0.61951
0.34274
0.41960
0.31412
0.44469
-0.00219
-0.22097
-0.59890
0.01486
-0.18748
-0.75568
0.51694
-0.53667
-0.89186
0.12799
-0.65429
-0.41929
0.00159
-0.15483
0.65479
-0.19046
0.56737
-0.00266
-0.17889
-0.53478
0.28127
-0.18225
0.26493
-0.32021
-0.89797
0.07647
-0.18414
-0.04743
0.23818
-0.15986
0.67058
0.51641
0.08652
0.09539
0.07215
0.39598
0.49607
-0.82626
0.31837
-0.43409
-0.15055
0.13710
-0.05876
-0.01861
0.57820
0.44012
-0.09167
-0.11507
0.43225
-0.58240
-0.89168
0.05397
0.62478
1.11567
0.08341
0.18635
-0.74954
0.27552
-0.92584
-0.42476
0.01887
0.24835
-0.48596
-0.61339
-0.15126
0.79126
0.17000
1.10594
-0.19115
0.45416
-0.03156
-0.00539
0.23858
0.08720
-0.48109
0.06930
0.46092
-1.19323
-0.39533
0.31922
0.14854
-0.31989
-0.32484
0.14525
-0.78545
0.42276
0.81055
0.86050
-0.74289
-0.06880
0.72365
0.05445
0.19071
0.26732
0.26149
-0.28242
0.63192
-0.69421
-0.28479
-0.48514
-0.42258
0.46575
-0.09257
0.01584
-0.37994
-0.31226
-0.20006
0.71697
0.18463
-0.07888
0.68748
-0.71083
-0.05142
-0.27535
-0.46088
-0.08735
0.70474
0.03947
-0.24344
-0.08738
0.23937
0.40968
-0.50351
0.32535
0.09326
-0.49954
-0.56257
0.55556
-0.71761
0.08195
-0.48794
0.61968
0.33980
0.25239
-0.15652
0.13011
-0.13492
-0.59071
-1.15257
0.56317
0.26802
-0.10270
0.23013
0.20418
-0.02911
-0.34030
-0.39540
0.29186
-0.58177
0.41290
0.61881
0.53536
0.74212
0.05295
0.60283
0.41685
-0.21558
-1.39575
0.67430
0.25765
0.06542
-0.20946
0.21470
-0.58088
0.04470
0.27463
-0.42475
0.27495
0.74572
0.06147
0.66557
0.87736
-0.42059
0.13830
-0.04522
0.48211
0.67691
-0.41985
-0.18701
0.25555
-0.06096
0.04776
-0.04428
-0.23883
0.37292
0.10738
0.33535
0.71083
0.54984
-0.74126
-0.44468
-0.42424
0.47573
1.03737
-0.40769
0.46656
-0.25752
-0.58076
-0.21208
-0.05336
-0.00638
0.08966
0.14438
0.36492
-0.24781
-0.12317
0.56196
0.50817
0.12618
0.06884
0.88733
-0.06582
-0.16110
-1.20969
0.36831
0.43175
0.56293
0.39789
-0.41114
-0.28886
0.16385
0.66950
-0.91393
0.29202
-0.39931
0.60421
-1.25090
0.40832
-0.04357
-0.40685
-1.17521
0.10569
-0.04908
-0.32035
0.36279
0.35953
-0.67390
0.13932
-0.98102
0.04255
0.06958
-0.86214
-0.04373
0.04810
0.96601
-0.19011
-0.54820
-0.76545
0.26200
-0.18704
-0.36178
-0.17768
-0.44701
0.04408
-0.48045
0.32118
0.54519
0.33775
0.16292
-0.09078
0.19165
-0.79189
-0.52064
-0.79768
-0.35903
-0.74335
-0.27305
-0.75969
0.65090
-0.56736
0.30235
0.07293
0.44189
-0.38867
-0.35969
-0.09864
-1.07418
0.21630
0.09545
-0.43982
0.24819
0.69879
0.49513
0.18546
0.58707
-0.57082
-1.08774
0.70349
0.36898
0.13585
0.84297
0.19065
-0.56497
-0.13139
-0.21727
0.00002
0.74511
-0.03491
-0.03470
0.65856
-0.97138
1.23280
0.75712
0.11941
0.32287
0.08238
-0.22789
-0.06756
-0.13655
-0.32406
0.16578
-0.38588
-0.05303
-0.35891
0.78439
-0.27255
-0.04796
0.57717
-0.08977
0.14769
0.56202
0.02128
0.29660
-0.33915
-0.72744
-0.38598
-0.41180
0.52095
-0.91690
0.25347
0.30853
-0.44901
-0.26964
-0.26752
0.29916
0.40377
0.26371
0.21607
0.07677
0.02091
0.54979
0.53025
0.41035
-0.02920
0.27971
0.30314
-0.00686
-1.19549
-0.18323
0.65001
0.32859
-0.25995
-0.25896
0.76693
-0.01331
0.07861
1.01590
0.01758
-0.23854
-0.40559
0.06375
0.24833
0.61833
0.25687
0.23693
0.47891
0.01449
0.29618
0.77498
0.47843
0.18268
-0.69659
-0.28642
-0.48566
-0.39408
-0.33886
-0.18044
0.01031
0.06283
0.67241
0.46922
0.12125
-0.56630
0.50632
-0.15633
0.26579
0.12333
-0.01555
0.21817
0.33917
0.49496
-0.40659
0.91048
0.22442
-0.24650
0.55349
0.13412
-0.09264
0.05187
-0.36796
0.04332
0.22648
-0.79519
0.45210
0.96461
-1.16498
0.46370
-0.46142
0.33312
-0.27250
0.60889
-0.22169
-0.47952
0.53153
-0.11620
0.08195
-0.50836
0.31884
0.59070
0.66698
-0.14554
0.62981
0.54309
-0.03468
-0.30046
-0.10303
-0.52460
-0.34609
-0.63352
0.58323
0.33866
-0.25301
0.76879
-0.14035
-0.13998
-0.97307
-0.24296
0.43859
-0.54309
-0.33151
-0.15964
0.41363
-0.43706
0.65084
-0.24000
0.56135
0.38649
-0.71740
0.38513
0.34994
-0.57697
0.68375
0.09854
0.44530
-0.59891
0.15235
-0.19854
0.65342
0.31513
-0.31471
-0.19854
0.03796
0.26325
0.49060
0.10423
0.63306
-0.83195
-0.75764
-0.48336
0.62569
0.33475
0.06519
0.07104
-0.14584
0.53047
0.10601
0.63035
-0.09940
-0.05452
-0.73537
0.22393
0.14065
-0.69691
-0.12223
-0.45620
-0.56277
0.20105
-0.00284
0.01278
-0.12259
0.64004
0.43369
0.44343
-0.22054
0.05446
-1.10058
0.28844
-1.11999
-0.01775
0.66621
-0.20379
1.39720
0.39567
0.22219
-0.01707
0.28856
0.63273
0.54789
-0.52339
-0.06123
0.44775
0.51802
0.41327
-0.23790
0.07634
0.11015
0.37914
0.24806
0.72925
0.56314
-0.44638
-0.15799
0.55565
0.09423
1.12548
0.48275
-1.56081
0.40258
0.49214
0.55486
-0.38919
0.20764
0.62833
-0.47597
-0.55242
-0.07265
0.24869
-0.31367
-0.74993
0.84121
0.05897
0.53859
-0.39016
-0.21187
0.17017
0.28612
-0.42906
-0.15220
0.03866
-0.51485
0.01893
-0.33992
0.60662
0.20562
0.50983
0.67991
0.04347
0.38255
-0.93399
0.42253
0.09634
0.65485
-0.40048
0.05888
0.71870
-0.32084
-0.18230
0.16434
0.59716
0.08069
-0.28492
-0.11089
0.19789
0.34753
0.53537
0.12748
-0.15402
-0.72102
-0.56253
-0.37704
0.57294
0.29849
0.07908
0.64886
-0.05827
0.49102
0.20365
1.26871
0.16336
-0.00797
-0.83757
0.38241
0.51487
0.05361
0.40527
0.40054
-0.50087
-0.35506
0.24742
-0.00722
-0.38678
0.77186
0.25975
0.32347
-0.12034
-0.73041
0.00217
-0.07265
-0.06842
0.01376
-1.17590
-0.15326
0.32713
-0.75442
-0.07733
-0.25625
-0.58619
-0.53365
0.93118
0.36773
0.17539
0.52196
0.51730
-0.71593
0.14480
-0.12351
0.14952
-0.26791
-0.34644
-0.75984
-0.50752
-0.95026
0.40295
0.09754
0.66605
-0.61448
-0.27666
0.12444
-0.36914
0.02256
0.60189
-0.39856
0.27279
0.09172
0.54179
1.10910
-0.12060
-0.80665
-0.35840
0.25067
0.37857
-0.51200
-0.17151
-0.55288
-0.03011
2.00506
-1.26078
0.36942
0.92822
-0.17842
0.54827
-0.12267
0.33441
0.34571
0.26563
-0.01850
0.14408
0.17370
0.40649
-0.11908
-0.96297
0.10900
0.34690
0.41568
-0.07106
-0.16997
-0.61929
0.60365
-0.09868
-0.33042
0.80452
-0.55426
-0.45149
-0.41464
-0.03264
0.22432
-0.26966
-0.26771
0.20856
0.22499
-0.60680
-0.56482
-0.14895
0.80132
-0.00198
-0.49770
-0.22857
0.26736
-0.43020
-0.14949
0.07123
-0.20998
-0.18766
0.35807
0.05367
-0.02979
-0.42581
0.05345
-0.10461
-0.39348
0.40204
0.99427
0.44929
-0.04542
-0.13201
-0.80003
-0.65931
0.18631
-0.45701
-0.70907
0.59497
-0.24215
-0.04671
-0.01733
1.43879
-0.02406
0.13316
-0.58111
-0.23723
-0.11921
0.24142
-0.79102
-0.59028
1.03465
-0.10074
-0.48005
0.28886
-0.08139
0.05737
-0.62496
0.68631
-0.10136
0.11949
0.22296
-0.47130
-0.54575
-1.02484
-0.95039
-0.07990
-0.27410
0.50177
-0.55744
0.43810
-0.02781
0.12040
-0.55757
0.32979
0.60306
-0.22256
0.43924
0.25856
-0.23880
-1.15960
0.93837
0.36949
-0.63402
-0.32845
0.18564
-0.89427
0.10060
0.34447
-0.10249
0.10253
-0.36185
0.64516
0.68417
-0.19076
0.46060
0.15593
-0.57900
0.27936
-0.12373
-0.12659
-0.69692
0.89673
0.09824
-0.59586
0.18332
-0.52768
-0.29654
0.16397
-0.01879
0.33990
0.50760
-0.74005
0.07631
-0.38120
-0.05682
-0.69065
-0.29249
0.24273
-0.55746
-0.04521
-1.01782
0.21928
0.62376
0.27464
-0.18173
0.36063
0.32961
-0.30987
-0.26231
-0.22176
1.08611
0.59376
-0.27121
-0.43764
1.00358
-0.04041
-0.40121
-1.06420
0.60867
-0.64287
-0.02015
0.45766
0.67358
0.04409
0.12280
-0.32028
-0.78828
0.70045
-0.16805
0.14433
0.60295
-0.05801
-0.60600
-1.17206
-0.79948
0.05456
-0.12619
0.43817
-0.72461
0.08159
0.26637
-0.21914
1.33031
-1.00626
-0.10469
-0.31319
0.15637
-0.02448
0.16816
-0.44471
0.11790
-0.81835
0.74647
0.03314
-0.69679
-0.15186
-0.28514
0.09294
-0.20145
-0.11044
-0.25923
0.60918
0.70205
0.48156
-0.06975
0.06818
0.43009
-0.11102
-0.34179
-0.00916
-0.22448
0.71210
-0.57046
0.20861
-0.23795
-0.31466
-0.46150
0.07555
0.85707
-0.53765
0.43558
0.30826
0.26692
0.70176
-0.72864
0.05983
-0.99822
-0.80743
-0.00777
-0.18276
-0.40197
-0.39658
-0.04742
0.47187
0.18510
-1.21433
-0.48885
0.93994
-0.65989
-0.32535
-0.23202
0.27512
-0.81797
-0.42237
-0.05939
-0.20934
0.12274
-0.76490
-0.52886
0.28936
-0.28761
1.33914
0.28029
0.60839
-0.26083
-0.93093
0.21585
0.71560
-0.67305
-0.74648
0.02021
-0.14334
0.08436
-0.31471
0.61399
-0.08071
0.08589
-0.07508
-0.07644
-0.87571
1.01424
-0.37266
0.52664
0.57335
-0.63833
0.39271
0.42295
-0.35678
-0.63340
-0.66835
-0.47385
0.93081
0.48866
0.22847
-0.31220
0.24651
-0.37193
-0.58400
0.15822
0.09776
0.70731
-0.39967
-0.21309
-0.47967
0.07058
0.48963
0.64294
-0.02435
0.61718
0.19003
0.49315
0.38553
0.22237
-0.25756
0.04465
0.99783
-0.04508
-0.41587
-0.12308
0.40804
-0.30695
-1.22344
-0.57551
-0.25577
-0.61958
0.45913
-0.75270
-0.35138
0.38059
-0.17535
0.46588
0.36687
-0.46020
0.97318
0.28286
-0.62236
0.40267
0.17980
-0.40731
0.20936
1.19279
-0.50893
-0.03162
0.30699
0.37017
0.36769
-0.23476
0.32661
-0.23993
-0.96872
-0.47633
0.11941
-0.29522
-0.46233
0.47503
-0.31995
0.41453
0.11502
0.42242
0.45827
-0.51392
0.01876
0.08631
0.22010
-1.17487
-0.51279
1.11333
-0.28840
-0.29854
0.12575
-0.08845
-0.78015
0.97629
0.49380
0.11875
-0.37556
-0.33947
0.40566
0.72788
-0.48227
0.63857
-0.50586
0.07202
0.63068
-0.06239
0.76225
-0.49924
0.13249
0.64957
0.31337
-0.30898
-0.24820
-0.42100
-0.17477
-0.06509
0.24160
0.46296
-0.63730
0.34528
0.62761
0.58388
-0.54830
-0.07289
0.67245
-1.43948
0.08125
0.84776
0.38357
-0.28934
-0.25077
0.00885
-0.44399
-0.44395
0.09735
0.34944
-0.28127
-0.17446
0.01449
-0.40372
0.99210
0.54127
0.12487
0.19172
0.97694
-0.37427
-0.23383
-0.28671
0.32142
-0.81593
0.20721
-0.04484
0.03274
-0.32632
-0.66872
0.25323
0.26690
0.49672
0.93563
-0.32587
0.04136
-0.33891
-0.70779
0.10666
0.27888
-0.18020
0.27485
-0.33832
0.07072
0.13486
0.72279
-0.03265
-0.21135
-0.48519
0.13975
0.44723
-0.30145
-0.13028
-0.17472
-0.52933
-0.17439
0.09669
-0.31587
0.09507
-0.60449
-0.16072
0.56451
-0.25318
0.42773
-0.00602
-0.21289
0.49603
0.13370
0.31835
-0.44042
-0.38311
0.53215
0.49595
0.40007
-0.07106
-0.66552
0.34438
0.54475
-0.22414
0.44836
-1.70718
0.18179
0.00716
-1.03468
0.72465
-0.22706
-0.21387
0.96652
0.40660
-0.00782
-0.35139
-0.58315
-0.53746
-0.06422
-0.90644
0.16104
0.41683
0.01010
0.89727
-0.24051
0.37928
-0.21929
-0.25466
-0.73753
0.08775
1.50701
0.09620
0.59801
-0.07721
0.64004
0.03428
0.65178
-0.30641
-0.12956
-0.58628
-0.53624
0.74545
1.04729
0.23919
-0.06819
0.29841
0.50598
0.40310
-0.25569
0.30186
0.15556
-1.05044
-0.12294
-0.64896
-0.21580
-0.26949
-0.04956
-0.38209
0.42978
0.17592
-0.07357
-0.74059
-0.21019
-0.40204
-0.37369
-0.06142
-0.36076
-0.25175
0.99153
0.09161
-0.04806
-0.60792
0.24446
-0.22186
-0.13460
0.20507
-0.09416
-0.49308
-0.08307
-0.16088
0.19708
-0.32966
0.07068
-0.04169
-0.52833
-0.54863
0.65444
-0.40298
-0.24700
-0.05118
0.57388
-0.44516
0.15605
0.05994
-0.24162
0.41432
0.33044
0.98591
0.20971
0.32797
0.35110
-0.31667
-0.12244
0.07516
0.29202
1.04613
0.54048
-0.33552
-0.19229
-0.30536
0.98207
-0.57320
-0.20490
-0.02765
0.48839
-0.35413
-0.45801
-0.59059
-0.39519
-0.06162
0.60858
-0.02932
-0.10493
0.15781
0.77086
-0.12318
-0.44013
-0.34424
0.05354
0.78714
-0.20291
-0.04711
-0.34531
-0.70047
0.05092
0.95506
0.14397
-0.66878
-0.58979
0.58930
-0.18142
0.22338
-0.29926
-0.35403
0.76177
0.21809
-0.39082
-0.23435
0.07437
-0.70920
0.67647
-0.00445
-0.88464
0.19196
0.55723
0.41541
0.62090
-0.53468
-0.35349
0.29958
-0.00333
0.91078
-0.84773
0.22261
0.07297
-0.22844
0.36699
0.68200
-0.23638
-0.09944
0.41446
-0.89255
-0.58029
-0.35127
-0.35966
-0.18585
0.96249
-0.55353
0.62089
-0.39074
0.09419
0.16121
-0.07871
0.28368
0.28760
0.35829
0.67766
0.14940
1.43676
0.59641
-0.38297
0.23092
-0.08370
-0.07421
0.59164
0.41048
0.99163
-0.74644
0.52127
0.35670
0.09430
-0.28534
-0.15260
0.15678
-0.28759
0.39199
-0.80983
0.19707
0.16448
-0.39280
-0.56971
0.36204
0.77096
-0.31091
0.68630
0.00571
0.25709
0.29086
0.41585
0.34177
0.58584
-0.80929
-0.26367
-0.35659
-0.41588
-0.32933
0.29984
-0.55504
0.37497
-0.01384
0.13166
0.34044
0.36305
-0.30598
0.54846
0.24198
-1.10467
0.72981
0.00030
-0.67530
-0.40003
-0.09304
0.15561
-0.96322
-0.34793
-0.17862
0.10376
-0.07879
-1.06099
-0.05113
-0.50374
0.40910
0.24842
0.38214
0.27813
-0.64785
-0.74895
-0.26171
0.92844
0.59203
-0.36403
0.60682
0.55344
-0.02892
0.51314
0.15412
-0.63938
-0.34453
0.20564
0.31610
0.46062
-0.33059
0.82358
0.85765
-0.28113
-0.23214
0.29986
0.05715
-0.80406
0.24217
-0.15691
0.65713
-0.79172
-0.44022
-0.01104
0.10064
-0.07494
0.05761
-0.29973
-0.11144
-0.16686
-0.26359
-0.68612
1.10070
-0.13455
0.32932
0.40251
-0.53011
0.25781
0.50995
-0.70127
-0.38877
-0.13288
-0.01647
-0.14014
0.76028
-0.18310
-0.47300
0.58266
-0.80518
0.49885
-0.40090
-0.75291
-0.84644
-0.04274
-0.02599
0.25581
0.09076
0.31741
-0.58531
-0.34574
-0.17222
-0.72337
0.75922
-0.70145
0.17617
0.45556
-0.10903
0.61152
0.53089
-0.65923
-1.09722
0.38660
0.03895
0.28488
-0.45675
0.96462
0.06325
-0.27176
0.42686
0.49942
0.97741
0.06238
1.73684
-0.54745
0.30087
0.21457
-0.68403
0.00698
-0.48129
0.37939
-0.60301
0.52503
0.24620
-0.17505
0.39241
0.49570
-0.50133
0.11654
0.03998
-0.60197
-0.15062
0.35556
-0.64981
-0.11983
0.13174
-0.27440
-0.28220
0.25657
-0.44111
0.01706
0.04961
1.05653
0.05562
0.31360
0.45052
0.94317
0.07861
-0.63847
-0.47878
-0.55936
-0.04847
0.51930
-0.11280
-0.49885
-0.36701
-0.50165
-0.71947
-0.62515
-0.07919
0.00765
-0.04674
-0.49682
-0.24544
0.04154
0.28671
-0.35061
0.72847
-0.18243
0.23006
0.55195
0.08006
-0.47890
0.23272
-0.01050
0.55278
-0.43809
0.29603
0.05704
0.74027
-0.50975
0.93236
0.44834
-0.42675
0.03661
0.39944
0.37295
0.60871
0.79913
-0.16142
0.31692
0.05158
-0.15154
0.74958
-0.17937
-0.08829
0.37682
0.71111
-0.19741
-0.12787
-0.31276
-0.40433
0.41418
-0.15840
-0.22872
-0.17512
0.70527
0.55680
0.14357
0.16946
0.17320
0.35335
-0.00593
0.31040
0.15259
0.22584
-0.47412
-0.73025
0.03411
-0.22015
0.61130
-0.28371
-0.04748
-0.39009
0.64920
0.31927
0.01781
-0.31888
-0.03937
0.39758
-0.10707
-0.59393
-0.01637
0.02290
-0.10578
-0.34588
0.40578
-0.23888
0.10399
-0.67845
-0.23964
0.11188
-0.16542
0.62155
-0.73882
-0.12121
0.47082
0.17728
0.42669
-0.70426
0.02208
1.16898
0.33548
0.66352
0.89471
-0.78245
0.77614
0.01912
-0.14139
0.29117
0.34352
-0.35960
0.29154
0.73435
-0.34191
0.25143
-0.06635
0.09351
-0.20900
-0.19055
-0.47264
-0.18336
0.39769
0.30899
0.15067
-0.10499
0.08259
-0.22029
-0.07463
-0.07912
0.83345
-0.18102
-0.36913
0.90061
-1.15608
-0.33652
-0.85461
-0.28332
0.32745
0.76342
-0.20893
0.40906
0.48084
-0.47938
-1.07552
0.24793
-0.38384
0.47713
0.44816
0.46387
-0.16824
-0.08659
-0.30012
-0.44897
0.64332
-0.27230
-0.07589
-0.23516
-0.66438
0.87388
-0.49436
0.08760
0.48354
-0.19365
-0.45021
0.94385
0.55750
-1.21999
-0.04542
-0.18591
-0.10264
-0.11275
-0.24865
-0.27405
-0.31052
0.25644
0.41012
-0.69348
0.33416
0.44575
0.02673
0.01036
0.45788
0.00736
0.05285
0.06593
-0.17483
0.18718
-0.25206
-0.20160
0.17603
0.32686
-0.75272
0.30433
-0.29821
-0.40367
0.05714
-0.21014
1.28648
0.15287
0.04473
-0.10932
-0.07001
-0.51743
-0.24669
-0.31528
0.50030
1.72889
-0.06004
-0.51167
0.05888
-0.55119
-0.26397
0.95560
0.16175
-0.19937
0.07177
0.41767
-0.45565
-0.29666
0.38989
-0.00697
-0.18660
0.12889
0.45956
0.80886
0.17686
-0.14434
-0.22487
0.05152
-0.13713
0.44259
-0.76128
-0.34979
-0.11786
0.27383
0.57387
-0.05894
-1.01984
-0.05069
-0.67534
-0.47347
0.14799
0.57537
0.29027
0.33623
0.06769
0.29503
-0.54730
0.52586
-0.16921
0.98749
-0.45962
0.46793
-1.01053
0.90140
-0.66154
-0.47402
-0.03067
0.06893
-0.73551
-0.54946
0.28041
-0.10499
-0.03761
-0.20392
0.05795
0.04130
-0.46874
-0.50448
0.45313
-0.79980
0.22936
0.10880
1.21799
-0.22322
-0.97165
-0.22640
-0.34391
0.14342
-1.13895
-0.48928
-0.10608
-0.64458
-0.82438
0.27007
0.07782
0.46577
1.18573
0.05505
-0.10604
0.29339
0.36351
0.03930
0.32019
0.76356
0.14089
-0.64212
0.01495
-0.23116
0.15624
-0.30508
-0.30376
-0.01431
0.24772
-0.11576
0.36462
-0.45443
-0.37148
0.09648
-0.05524
-0.47641
-0.32801
-0.46162
-0.05385
0.00944
-0.20264
-0.63761
-0.21686
0.31178
-0.63953
-0.84240
-0.06161
-0.63527
0.38993
1.04705
0.02889
0.43133
-0.11121
0.50288
-0.31876
-0.07291
0.14523
-0.24349
0.15928
-0.37091
-0.31529
0.27923
0.48771
0.25754
0.13061
0.75426
0.42229
-0.31128
-1.29985
-0.00467
0.70384
-1.61644
0.01760
-0.31151
-0.37753
-0.69334
-1.00335
0.76991
0.23398
-0.49740
-0.01582
-0.14025
0.60508
0.26491
-0.04934
-0.87161
-0.61696
0.48746
-0.10863
-0.16652
0.56385
0.05814
-0.57417
0.23787
0.09154
-0.43556
0.64551
-0.31411
0.13391
0.06416
-0.03601
0.34730
-0.58551
-0.30064
0.26828
0.35580
0.79272
1.05496
0.71383
0.25561
0.28436
0.90668
0.68420
0.22073
-0.21244
-0.40813
0.62346
0.34579
0.70479
0.31419
0.48005
0.66309
-0.49881
-0.10991
-0.73832
-0.07932
0.04037
-0.88375
0.04322
-0.43867
-0.22243
0.28750
0.29737
-0.20229
-0.58316
0.04955
0.57232
-0.47918
-0.47707
-0.77731
0.68778
-0.66655
0.37733
1.01959
-0.55292
-0.01351
-0.35778
-0.08065
0.17553
0.42838
0.22121
-0.32914
-0.61052
-0.30986
0.71841
0.10101
0.76495
-0.01917
0.07647
0.59853
0.88573
0.45740
0.38229
0.71946
-0.35302
-0.11394
0.31235
-0.50236
-0.07918
0.77845
-0.11093
0.33497
-0.44098
-0.54284
0.36501
0.56260
-0.34834
0.05781
0.07013
-0.47663
-0.72526
0.03128
-0.37284
-0.09471
0.46278
0.49226
-0.10448
0.13854
-0.31721
0.46062
-0.67260
0.36748
-0.87519
-0.31791
0.35836
-0.10421
-0.46946
-0.40814
0.93195
-0.21923
0.68869
0.39816
0.32732
0.07058
0.93569
-0.82345
0.19481
-0.15972
-0.58905
0.56201
-1.03658
0.58974
-0.90526
-0.33434
0.45895
0.04834
-0.05894
-0.14185
-0.79731
0.27044
-0.22921
-0.47842
-0.84377
0.84752
-0.03366
0.37595
0.73263
-0.29123
0.34016
-0.14982
-0.14899
1.25469
-1.07110
-0.13266
0.04699
0.04606
0.14499
0.06627
-0.67937
0.18637
0.16431
0.72518
0.18081
-0.66532
0.80547
0.31705
-0.42352
0.70558
-0.39286
0.21491
0.63009
-0.03441
0.09598
0.53818
-0.09961
-0.30156
0.36048
-0.13269
0.17220
0.37614
-0.33344
0.39194
-0.05472
0.73600
0.37491
0.07376
0.59259
-0.32099
0.54526
0.11654
-0.35838
-0.40728
0.54264
0.31937
-0.06594
-0.40526
-0.43833
0.06345
-0.59682
0.49456
0.23565
-0.32108
-0.16579
0.14154
-0.13210
0.17991
0.40449
-0.96512
0.76391
-0.57981
-0.33803
-0.17624
-1.47859
-0.52509
-0.81430
0.63461
-0.00060
0.26413
0.17048
-0.47477
0.51950
-0.14806
0.38190
-0.42627
0.47033
0.34653
-0.56146
-0.14713
0.46410
-0.04871
0.25899
-0.76489
0.07923
0.66978
-0.18619
-0.15088
-0.60037
0.08972
0.17829
0.68904
-0.28511
0.10870
0.32067
0.26599
-0.03209
-0.52141
-0.49393
0.44403
-0.46236
0.66795
0.24823
0.10884
0.46791
0.10138
0.01453
-1.33897
0.78141
0.47473
0.27114
0.27797
0.25469
0.21653
0.41445
0.31882
0.19929
-0.74415
-0.14028
1.06536
-0.50936
-0.10387
-0.24424
-1.22645
0.58880
0.07006
-1.20033
0.79743
0.50547
0.87914
0.44855
-0.49384
0.36217
0.22155
-0.44392
-0.01073
0.19717
-0.22939
-0.44383
-0.00256
-0.17757
-0.00587
-0.44258
-0.17898
-0.04705
0.35210
-0.16335
-0.66334
0.28073
0.17005
-0.48668
0.13788
0.79502
0.27232
1.13383
-0.30088
0.33337
-0.53239
-0.33604
-0.73268
0.14912
-0.93890
0.40786
-0.10915
0.21065
-0.21237
0.01769
-0.42088
-0.87489
0.07974
0.65439
-0.05276
0.52819
-0.29796
0.67261
-0.50647
0.10399
-0.55281
0.53963
0.52855
-0.02159
0.64322
0.28178
0.48987
-0.27931
-0.09337
0.32184
-0.13449
-0.85280
0.23251
-0.50121
0.08039
-0.80808
0.36536
0.20829
-0.62670
-0.76931
-0.00084
0.08150
0.49764
0.01566
-0.11741
-0.68664
1.00102
-0.92337
0.75889
0.13616
0.82806
0.07973
0.01855
0.47094
0.18988
0.32775
0.07619
0.23091
-0.28269
0.31384
0.00110
0.39955
0.25308
0.64271
-0.41526
-0.38174
-0.95726
0.09466
0.41575
-0.41789
-0.17541
0.44692
-0.29206
-0.60625
-0.79711
0.74675
-1.34158
-0.31593
0.06511
0.47336
-0.26781
0.26103
0.19053
-0.08029
0.74074
0.47480
0.59067
0.58881
-0.24613
0.17139
-1.09873
0.63890
1.31565
-0.16185
0.11707
-0.20177
0.18261
0.42672
-0.34428
1.28659
-0.52970
-0.40529
0.17994
-0.71443
0.50979
0.12874
-0.68714
-1.02409
0.28992
-1.03823
-0.46984
0.05329
-0.33662
0.09630
-0.49316
0.36774
0.91381
0.73314
-0.16302
-0.35230
0.50814
0.46334
0.20950
-0.53217
0.61686
0.52366
0.43494
0.37384
-0.97244
-0.00708
-0.62212
0.22443
-0.75295
0.86531
-0.62817
0.51893
0.25374
-0.67735
-0.19434
0.43694
-0.24793
-0.43126
0.62102
-0.24533
0.15282
0.22038
-0.05603
-1.43727
-0.34987
-0.51232
-0.16856
-0.79275
-0.65318
-0.01890
0.26337
0.45171
0.10345
0.60890
0.36320
-0.38549
-0.05787
-0.01695
1.22258
0.19187
-0.13436
-0.30712
0.36025
-0.12965
-0.71177
-0.09954
0.15346
-0.10509
0.37782
0.02826
0.27127
0.34728
-0.21589
0.00292
-0.35708
-0.60436
1.44357
0.46520
-0.47800
-0.31495
0.04862
0.22717
-1.04750
0.36624
-0.39694
-0.50976
0.25327
-0.78117
-0.38860
0.13546
0.12326
0.33893
-0.42613
0.66280
0.00002
0.54830
1.00146
-0.17565
0.37218
0.12699
0.32141
0.11726
-0.43620
0.14594
0.79495
0.52242
-0.21055
1.23989
-0.25321
-0.14829
-0.18481
0.39221
-0.01359
0.60758
-0.93976
0.12814
0.50178
-0.01167
0.06732
0.27239
0.04886
0.36381
-0.10097
0.17420
0.56347
-0.13421
-0.30304
0.42340
0.16245
0.72236
0.67178
0.37886
0.20967
-0.41894
-0.01162
-0.21178
-0.34242
0.65567
-0.48273
0.02769
0.22157
-0.89813
-1.21174
-0.30852
-0.32538
-0.70995
-0.79376
0.25736
-0.39278
0.47266
0.07446
0.63584
0.25927
-0.05395
-0.88942
0.99965
0.22851
-0.75599
-0.71688
-1.40045
1.21600
-0.22927
0.28605
-0.03363
-0.15432
-0.09272
0.33815
0.23927
0.13071
1.21052
0.42668
-0.50456
-0.00891
-0.01940
-0.48901
0.32646
-1.04354
0.03252
-0.41109
0.06950
-0.68904
0.20688
0.30792
0.26919
-0.22329
1.12831
0.35181
-0.63447
-0.90389
-0.42694
0.25297
0.03950
-0.08061
-0.68596
-0.03755
0.26545
0.65388
0.40105
0.78053
0.33422
-1.36888
-0.51477
-0.06315
-0.72691
0.43945
-0.28276
0.74132
0.26922
0.01567
-0.40048
-0.68649
0.33732
-0.62231
0.24018
0.15367
-0.19415
-0.36103
-0.59315
1.13201
0.35229
0.10846
0.02959
-0.75122
-0.13468
-0.26435
0.81010
-0.15409
-0.51496
-1.12909
-0.98392
-0.19071
-0.48508
0.45567
-0.85621
0.14287
0.02279
-1.24377
-0.22635
0.15181
0.11235
-0.60164
0.56382
0.39897
0.53751
-0.27056
0.51689
-0.77788
-0.41696
0.10972
0.17194
0.19561
-0.22701
0.76549
0.01258
-0.48077
-0.14547
-0.12159
0.02390
0.64398
-0.85323
0.22098
-0.62629
-1.18374
0.25313
0.94759
-0.45303
0.34812
0.36906
0.35461
0.31757
-0.09578
0.42926
0.31911
0.67998
0.31745
0.74975
0.01198
-0.50512
0.01710
-0.12022
-0.09296
-0.74481
-0.73189
0.01421
0.30408
0.81597
0.47238
-0.99256
-0.52411
0.85636
0.08137
0.22857
-0.76297
0.71261
-0.15230
0.05509
-0.46776
0.31449
-0.26601
0.54253
-0.47645
0.08171
-0.40758
0.15702
0.12143
0.68321
-1.73985
0.14741
-1.31384
0.62756
0.45956
-0.00164
-0.23224
-0.68985
-0.03729
-0.07387
0.02883
0.46029
-0.05562
0.04288
-0.25149
-0.04241
-1.11368
0.25319
0.56843
0.28108
0.09608
-0.57854
-0.28024
0.23572
0.68184
-0.22242
0.91390
0.33345
-0.31949
0.20708
0.54645
0.66196
-0.57198
0.37613
0.07361
-0.55137
-0.12117
-0.51218
0.56528
0.44762
-0.17292
-0.47170
0.87684
-0.29250
0.80335
-0.07872
-0.06948
-0.81509
-0.77487
0.20868
-0.88108
0.62632
0.42997
-0.10272
0.33408
1.13448
0.79268
0.62528
0.79460
-0.62209
-0.09665
0.66234
0.78477
0.44928
-0.12613
0.40670
-0.25500
-0.04154
-0.08207
-0.44542
-0.42344
0.32640
0.18782
0.70634
-0.44247
-0.36011
-0.46776
-0.28171
-0.00231
-0.27080
0.13841
0.14418
-0.36380
0.24287
-0.81825
0.27193
0.46003
0.36330
-1.03377
-0.06397
0.51847
-0.10654
1.13991
-0.15174
0.02144
-0.27128
0.48980
-0.69368
0.66053
0.91726
0.42607
-0.07275
-0.41967
-0.49448
-0.05454
0.36454
0.50463
-0.48933
0.32140
0.10269
-0.47280
0.19622
0.41262
0.11154
0.52683
0.10412
0.40145
-0.07103
-0.46622
-0.06128
0.20617
-0.06839
0.13091
0.07268
1.59365
0.38508
0.11518
-0.52809
0.37670
0.47898
-1.02495
0.58934
0.48094
0.60133
0.77890
-0.85871
0.02467
1.04052
-0.20269
-0.96008
-0.03151
-0.22100
0.60120
0.18545
-0.91298
0.10010
0.38776
-0.29050
0.24594
-0.08529
0.17546
0.41652
0.29310
-0.34866
0.89524
0.42412
-0.31416
0.13051
-0.56367
-0.33896
0.28784
-0.69285
1.76047
0.30667
-0.38136
-0.26778
-0.30752
0.55092
-0.17553
-0.86823
-0.63279
0.08894
-0.08792
-0.50564
-0.51574
-0.11140
0.42844
-0.69752
-0.23509
-0.45156
-0.69185
0.88485
0.02410
0.44198
-0.44194
0.03549
-0.10161
-0.00653
0.44423
-0.49372
0.23364
-0.46461
-0.10567
0.49054
1.13903
-0.31604
0.02034
-0.25096
-0.21175
0.37187
0.25113
0.51512
-0.45041
-0.15803
-0.37372
0.16304
0.09870
-0.31106
0.29947
0.42017
-0.04237
-0.96952
-0.74970
-0.29140
-1.23944
-0.14818
0.38674
-0.45271
-0.15617
-0.27567
0.59000
-0.22860
-0.89288
0.70890
0.34543
0.07142
-0.71625
0.38398
0.28260
-0.00359
0.04502
-0.95958
0.82484
0.54022
0.20490
-0.17259
-0.39539
-0.31133
0.70985
0.13151
-0.85384
0.50317
0.38396
0.31004
0.01352
-0.71484
0.51322
-0.40638
0.10973
0.98402
0.08001
-0.90510
0.00097
-0.77099
0.55292
-0.48263
-0.06949
-0.44447
-0.00653
-0.36156
-0.80455
1.07755
-0.45719
-0.20390
0.95208
0.76506
0.48706
-0.05832
-0.47499
0.71003
0.68062
0.45488
-0.09566
-0.34268
0.12744
-0.28815
0.95860
0.80731
0.33535
-0.78687
0.24486
-0.30922
-0.18416
0.66990
-1.04470
0.85493
0.37124
0.17612
0.36151
0.45605
1.76789
-0.20465
-0.31339
-0.22824
-0.21930
-0.13641
0.38378
0.18022
-0.37548
0.02552
0.30522
0.56042
-0.75483
1.07546
0.17467
-0.27826
0.04891
0.34781
-0.05551
0.98667
-0.54641
0.51358
0.07508
0.21019
-0.00408
-0.12815
0.53753
-0.65139
0.47463
0.17069
-0.88730
-1.05136
0.31355
0.30709
-0.44932
0.36882
0.62195
0.47928
1.13123
-0.32486
-0.40231
0.02354
0.02189
0.73205
-0.29750
-0.62143
0.04844
0.30603
-0.02805
0.42004
0.46426
0.01226
-0.74553
0.07436
-0.44985
0.06169
-0.26315
0.25621
-0.14767
0.16026
0.61707
-0.41788
-0.50740
0.69805
-0.77063
1.54932
0.02851
-0.58556
-0.63930
0.15511
0.56356
0.76629
0.05859
0.61349
-0.80557
0.41468
0.30407
-0.43227
0.49558
0.23084
-1.17026
0.56681
-0.83508
-0.11128
1.05558
-0.48911
0.05915
-0.45491
0.11491
0.13664
-0.13037
0.86135
-0.27179
-0.06979
-0.25607
0.05585
0.59984
0.90375
0.19720
0.26295
-0.82489
-0.14543
0.78982
-0.32169
0.65669
0.09325
0.24018
-0.48387
0.14634
0.50177
-0.35366
-0.12100
-0.19768
0.34642
-1.38486
-0.79620
-0.71898
0.11141
0.47050
0.18390
0.51310
0.33296
-0.46210
-0.29786
-0.84489
0.46391
-0.10258
1.20058
0.07421
-0.05294
-0.26665
-0.83862
-0.22896
-0.80715
-0.54126
0.22514
0.38241
-0.89036
-0.19375
-0.53643
-0.12935
0.24053
0.50698
-0.40291
1.15526
0.55996
-0.02552
-0.55237
0.12379
0.22807
-0.75971
0.80329
-0.36997
0.34256
-0.45582
0.53362
0.10223
-0.07916
-0.18617
0.11189
0.91560
0.04072
-0.05366
-0.34489
-0.64995
-0.65666
0.14027
0.50657
0.06187
-1.03030
0.26321
0.52627
0.32927
-0.01589
-0.01025
-0.77452
-0.27302
-0.20936
0.50123
0.33207
0.25509
0.00974
-0.42809
0.64749
0.28909
-0.19222
-0.26534
0.26892
0.00413
0.94381
-0.04164
-0.35017
-0.56679
-0.12924
0.94703
-0.09121
0.01742
-0.36746
-0.23285
0.14406
-0.31840
-0.06381
0.55435
-0.88145
-0.98803
0.09814
0.83504
-0.09079
0.34687
-0.19703
0.05882
0.02545
0.00197
0.78846
-0.81554
-1.08880
0.07054
-0.70257
0.03336
-0.05441
0.52038
0.27520
-0.19148
-0.25161
0.05844
-0.41081
-0.31609
0.76273
0.80080
-0.23565
0.42614
0.20429
-0.08357
0.04534
0.07423
-0.57453
-0.39463
-0.23067
-0.44550
-0.14026
-0.19401
-0.65428
-0.21186
-0.54310
0.52812
-0.02849
-0.65350
-0.40521
-0.13229
0.23625
1.58673
0.08797
0.75461
-0.77527
0.14134
-0.66848
0.40625
-0.35602
-0.39057
0.36079
0.37243
-0.14078
-0.45864
-0.81552
0.26428
0.32091
-0.27601
-0.24452
0.05724
-0.15325
-0.27258
0.40370
-0.26449
-0.06361
-0.10789
-0.61458
-0.48936
-1.66815
-0.03619
0.10167
-0.25857
0.45733
0.13419
-0.20896
1.14596
0.43012
0.13522
-0.26648
-0.17673
0.04365
-0.08358
0.56273
0.00373
-0.58597
0.15953
-0.16669
0.35431
0.32306
-0.58535
0.65486
-0.40009
-0.46826
-0.33820
-0.41518
-0.07343
0.14842
0.53502
0.00053
-0.57499
-0.77119
0.00783
0.36842
0.48856
-0.02558
0.04993
0.43140
-0.31145
0.55227
0.56434
-0.07443
-0.47943
-0.02505
-0.23911
-0.01211
-0.28913
0.08875
-0.19752
-0.05202
0.35270
0.11337
0.41842
-0.31800
-0.07576
0.34697
0.78977
0.27119
-0.19366
-0.69020
-0.42707
0.33707
-0.58687
0.85473
0.11762
0.72308
0.37831
0.31760
0.36026
0.23442
-0.12259
-0.10516
-0.28974
-0.69401
-0.74179
-0.45200
-1.32217
0.48442
0.65617
0.21255
-0.16135
1.55897
-0.54915
-0.07037
-0.48181
0.64711
0.50351
-0.64523
-0.40710
0.19662
1.07082
0.73376
0.04889
0.06227
0.28189
-0.82949
-0.86944
-0.88712
0.03917
-0.51863
0.46779
-0.98730
-0.20436
-0.48258
0.48214
0.23650
-0.39012
1.04375
-0.11811
0.34489
-0.95887
0.46158
0.48016
0.38129
-0.70635
-0.04310
0.47712
-0.28835
-0.42733
0.40838
-0.60108
-0.89725
0.29153
-0.60862
-0.07577
0.12173
0.31459
-0.63570
0.50519
-0.54701
0.35085
-0.07271
-0.05448
0.32009
-0.28491
0.26073
-0.80801
-0.60190
0.01582
-0.98410
0.55673
0.64957
-0.53362
-0.82145
-0.13521
-0.10155
0.89182
0.74489
0.10331
0.08381
0.74468
0.64378
0.14489
0.63052
0.41148
0.70501
0.37058
0.49637
-0.04890
0.95548
-0.19034
1.03520
-0.17786
0.28680
0.09374
-0.16586
1.06639
0.06519
0.31115
-0.63091
-0.69769
0.52628
-0.40260
0.32152
-0.67412
-0.36526
0.18249
0.18686
-0.44245
-0.34861
-0.09561
-0.19771
0.18665
-0.96027
-0.32167
-0.37307
0.59444
-0.04263
0.23749
0.45406
0.08616
-0.73842
-0.06360
-0.54696
-0.26542
-0.23584
-0.12910
-0.67277
-0.09335
0.79297
0.26176
0.45477
0.56579
0.32459
0.10336
0.13681
-1.12650
0.15874
-0.15362
-0.24764
-0.69246
0.05735
0.20397
-0.29089
-0.55217
0.37715
-0.34811
0.94488
-0.08752
-0.30915
-0.42769
-0.91222
-0.07841
-0.42756
0.87255
0.71274
0.45300
-0.04813
0.20874
0.07652
-0.38281
0.08478
0.10526
0.34861
0.09654
0.15788
-0.44443
-0.45884
-0.09483
-1.42257
-0.11999
-0.15307
0.21753
-0.27341
-0.51240
0.06274
0.59367
-0.17929
-0.70145
0.39943
-0.28390
0.38456
0.65843
0.51177
-0.57220
0.20280
0.51541
0.18232
0.10388
-0.66827
0.51128
-0.09526
0.41313
0.74762
-0.13254
-0.81396
-0.22987
-1.15077
0.43364
0.35281
1.05097
0.46556
-0.16831
0.58347
0.13218
-0.37757
-0.14619
-0.48190
0.47983
-0.65590
0.12902
-0.48208
0.28401
0.32587
-0.06355
0.22931
-0.33382
-0.18644
-0.47399
-0.47374
-0.30870
0.67033
-0.06579
0.03061
0.35439
0.15983
-0.29652
0.27618
0.18351
0.96048
-0.43069
0.13665
0.38645
0.10313
0.03505
0.18645
-0.53163
-0.85707
1.19767
0.41333
0.48596
0.15164
-0.04083
1.20974
-0.50097
-0.48048
0.22250
0.30847
0.49600
-0.25524
0.68149
0.00103
0.90239
0.18123
-0.26810
-0.07281
-0.29855
0.10207
0.10964
-0.53439
0.54700
1.07319
0.12480
0.83168
-0.78380
0.08121
-0.16574
-0.83127
-0.40181
0.57701
1.05644
0.23066
0.52009
0.02010
-0.47624
0.08260
0.40038
0.33132
-0.71185
0.63985
0.33131
-0.45561
0.73953
0.59317
-0.26427
0.20029
0.32146
-0.18608
-0.75889
-0.16752
-0.70912
1.56425
-0.14609
0.24953
-0.67283
0.05513
-0.17668
0.45513
0.23120
0.35128
0.03724
-1.02987
0.79672
0.97203
-0.42659
0.17362
-0.21153
0.49226
-1.01491
-0.62064
0.79195
-0.14565
0.02100
-0.01346
0.30842
0.39710
0.87572
-0.66900
-0.16388
0.07407
-1.25660
-0.14200
-0.53856
-1.16321
0.70374
0.32020
0.16350
-0.34609
0.16996
-0.54922
0.04115
-0.48653
0.27810
-0.22156
0.02909
0.00140
0.42399
-0.55954
0.69988
0.74429
1.49862
-0.29273
-0.47637
-0.27192
0.12825
0.32891
-0.28792
1.11561
0.14366
-0.78604
-0.87384
0.36983
0.62915
0.42958
-0.33049
-1.18900
-0.22665
0.39574
0.07561
0.38900
0.00702
-0.04150
-0.14698
-0.68933
0.13290
0.97612
0.43225
-0.10225
-0.52063
-0.50681
0.90310
0.18070
-0.49311
-0.11255
0.22229
0.50138
-0.34436
-0.07224
-0.44970
-0.50671
-0.43394
0.40906
-0.14313
-0.34043
-0.30220
0.42473
-0.19683
0.09372
0.10662
-0.29908
0.45783
-0.59662
-0.66860
0.76161
-0.06755
-0.92041
0.29755
0.39543
0.03046
0.45629
0.17728
0.03596
0.53333
0.39378
-0.75893
0.52972
0.09903
-0.66398
-0.59645
0.02553
1.47336
-0.52314
0.56879
-0.77072
0.77125
-0.23929
-0.30795
-0.28859
0.40755
0.06476
0.63186
-0.18371
0.35381
1.04306
-1.06192
-0.09375
0.20077
0.63615
-0.56564
-0.76659
-0.81353
0.20917
-0.52568
-0.14059
0.64661
0.26691
-0.14298
-0.41358
0.38924
0.47188
0.26665
-0.09334
-0.17088
-0.20721
-0.58128
-0.17828
0.62807
0.12087
0.99101
0.17786
-0.32125
-0.41870
0.41999
-1.10787
-0.00203
0.02934
-0.55378
0.38852
-0.27781
-0.88348
-0.11966
-0.21862
0.17030
-0.29963
0.70673
-0.24530
0.12671
0.49240
-0.38105
0.12296
0.51364
0.97150
0.72221
-1.24804
-0.92502
0.35677
-0.44074
-0.24843
-0.72065
-0.05163
-0.39028
0.22172
-0.00215
0.35914
-0.80426
-0.31800
-1.02685
0.28348
-0.64127
0.05689
-0.37569
0.32396
0.59071
-0.42333
-0.90032
-0.38804
0.27414
0.38894
0.49937
-0.37202
-0.60070
0.17276
0.26699
-0.41668
-0.06134
0.25475
-0.39458
0.62220
0.30399
0.27563
0.14843
-0.25655
-0.35300
0.02034
-0.07580
-0.18620
0.08139
0.48634
0.40892
0.19637
0.03212
0.15164
-0.08987
0.87066
-0.34197
-0.36079
-0.20304
-0.21901
0.17872
0.00946
0.57341
0.29441
-0.03451
-0.24309
0.14165
0.15712
-0.02133
-0.13215
0.50878
-0.02264
0.35797
-0.09430
0.23505
0.62175
0.11475
-0.14750
-0.07025
0.77322
-0.63994
0.22985
-0.49682
-0.09381
-0.55119
0.62971
0.26864
-0.72580
-0.06956
-0.30585
0.71816
0.33026
0.25370
0.08097
0.95240
0.37209
-0.45045
-0.75729
-0.65202
-0.62734
0.31969
-0.02387
-0.10721
-0.44840
-0.51516
-0.12349
-0.33211
0.91122
0.25153
0.07115
-0.07373
-0.04883
0.68090
-0.03838
0.35909
-0.45393
0.48081
0.08195
-0.05548
0.27631
0.27996
1.24067
-0.32826
0.12674
-0.17574
0.28315
0.16385
0.17967
-1.00507
-0.52726
0.26726
0.03286
-0.16580
-0.25889
-0.48015
-0.21454
-0.36529
-0.27318
-0.05455
0.35373
0.27489
0.36097
0.52407
0.16964
0.85110
0.12173
0.46837
0.39678
0.60751
0.15359
0.91122
-0.11846
-0.13065
-0.02714
0.89780
-0.32415
-0.45409
0.44197
-0.01046
-0.39841
-0.31468
-0.11163
-0.51506
0.32172
0.34630
-0.43846
-0.82581
-0.15968
-0.59159
-0.04214
-1.04809
0.87714
0.54849
0.25405
-0.18786
0.64220
-0.53622
0.08517
0.24320
-0.07717
-0.52169
0.06633
-0.70823
1.60862
-0.45825
0.34904
0.65174
-0.17549
0.09367
-0.88885
-0.22456
0.97348
0.51070
0.06714
-0.06498
0.74248
-0.53722
-0.42370
-0.78106
0.01749
-0.07117
-0.25877
-0.36479
-0.28352
0.92768
-0.41663
0.08903
-0.57853
0.04943
-0.07832
0.32535
0.15841
-0.23278
0.79819
1.04296
0.09086
-0.43517
0.12279
0.50343
-0.23901
0.71728
-0.70279
-0.05834
-0.44559
-1.09328
0.13748
-0.56610
0.28564
-0.04927
-0.21282
0.24825
-0.98270
0.35557
0.03080
0.42581
-0.57019
-0.35677
-0.36420
-0.00160
-0.88223
-0.69890
0.62715
0.28375
-0.20629
-0.81828
0.69934
0.35315
0.46852
-0.25030
0.37946
-0.16929
0.02044
-0.13560
-0.79887
0.17497
-0.19803
0.23194
-0.64832
0.32794
0.61194
-0.57794
-0.02648
-0.44374
0.30555
0.34688
0.18811
-0.39722
-0.52288
0.17555
0.36134
-0.54564
-0.30573
-0.18438
-0.94593
0.35360
-0.30392
0.36210
0.51948
-0.18399
0.56061
0.22706
-0.09510
0.34219
-0.43144
0.49218
0.66484
-0.30122
0.79755
-0.20699
-0.62317
0.13794
-0.06137
-0.38865
0.36742
-0.37519
-0.77443
0.36348
0.58129
0.12715
-0.13710
0.19917
-0.88811
0.88339
0.35268
-0.01995
0.47666
-0.51201
0.37128
0.04542
0.90905
0.37494
-0.15799
-0.06203
-0.04292
-0.08573
-0.29382
-0.46290
0.22902
-0.15901
0.74847
0.16348
-0.12253
-0.04257
0.74274
-0.04409
0.67750
0.76888
0.67381
0.37927
-0.53349
-0.48567
0.27954
0.26254
0.71886
-1.19630
1.16946
-0.20177
-0.48589
0.37699
0.61973
0.13734
0.33806
-0.11838
-0.40350
1.11407
0.29601
0.09658
-0.28699
-0.32858
-0.03313
0.27583
-0.95798
0.52328
0.10205
0.80748
-0.77998
0.72318
-0.22591
-0.65157
0.36900
0.65649
-0.23753
0.10667
0.41425
0.89662
0.56376
-0.04042
0.11971
0.01450
0.32216
-0.36783
-0.11828
-1.05824
0.47264
-0.17065
-0.17615
-0.72065
0.40300
0.73153
0.28687
-0.45969
-0.03633
-0.02862
-0.44558
-0.19991
-0.17153
-0.60431
0.68088
-0.58921
1.34491
0.11527
0.40960
0.91628
0.24904
-0.03038
-0.37532
0.35049
-0.51153
-0.02349
0.32893
0.69244
-0.43689
-0.02711
-0.64735
-0.59756
-0.36745
-0.55385
0.14870
0.22102
0.16037
-0.35247
0.02541
0.21601
0.91626
-0.45642
-0.32885
-0.59034
-0.29844
-0.21383
0.53695
-0.58131
1.31835
-0.33757
-0.07684
-0.86921
0.37387
0.47231
-0.01211
0.00885
0.04361
-0.39267
0.27356
0.31426
-0.13077
0.42648
0.68729
-0.53096
0.12447
-1.22531
0.02497
0.32988
-0.60753
-0.49758
0.61217
-0.21861
0.57579
-0.67528
0.45081
0.40396
-0.87279
-0.02063
-0.01431
-0.31829
0.28177
0.05857
-0.37023
-0.19621
-0.37018
0.09062
-0.03666
-0.53129
-0.21984
0.29388
0.14668
0.39471
-1.34397
0.09268
-0.12072
0.66818
0.05223
0.57751
0.68267
0.14049
0.48739
-0.95027
0.03491
-0.56825
-0.03960
-0.86176
0.67426
0.05637
0.04058
0.10909
0.41872
-0.47633
-0.08465
-0.04999
-0.13406
-0.13723
0.22411
0.17934
0.11877
0.02233
0.48452
-0.45580
-0.58446
-1.65611
0.28682
0.50644
-0.32560
-0.13077
-0.04872
0.36455
-0.30316
0.17475
-0.07536
0.09739
0.29788
-0.58896
0.14833
0.73578
0.05119
0.86482
0.02457
-0.19142
-0.21239
-0.06540
0.78392
0.20229
0.26974
-0.52618
-0.06613
0.09845
0.46006
-0.07387
0.65027
0.12527
0.54097
-1.14475
0.03834
-0.06528
0.76282
0.20074
-0.54384
0.52587
0.08657
-0.53361
-0.23613
0.33978
-0.56372
-0.18255
-0.19974
-0.77210
-0.59611
0.17123
0.03787
-0.87531
0.41957
-1.12306
-0.06246
-0.54336
0.52281
0.22820
-0.06715
0.41537
0.41742
1.14696
0.00073
-0.42265
0.31931
0.56285
0.46476
-0.25928
0.19522
-0.39770
-0.05318
-0.41081
-0.30679
0.18786
-0.01583
-0.19629
0.07981
0.26213
-0.45918
-0.61639
-0.71255
0.35727
-1.08468
-0.53355
-0.31479
-0.23835
0.44562
-1.14154
1.09838
-0.41642
-0.16001
0.71156
0.56310
0.14413
-0.17671
-1.38146
-1.26202
-0.17885
0.16918
0.56990
-0.25308
0.16250
-0.18558
0.26064
-0.79940
0.48649
-0.48086
0.36952
0.19275
0.66513
0.53911
-0.00299
0.52104
0.91812
0.55496
-0.12163
0.54898
0.61897
-0.17158
-0.13169
0.22951
-0.50157
0.18402
1.36451
0.32672
-0.25563
0.23190
0.34145
0.22833
0.02897
0.53480
0.89143
0.32353
0.54846
0.38655
-0.10549
0.37330
-0.41473
0.50111
-0.35471
0.01460
1.24982
-0.60386
-0.42458
0.32024
1.24542
-0.00167
-0.91665
0.03368
0.26839
-0.12245
0.33888
1.02162
-0.74517
0.41180
0.86390
0.56938
-0.22411
-0.17257
-0.16508
0.04127
-0.35691
0.06828
0.40438
1.64655
0.15822
0.71290
0.39308
0.86837
0.53038
0.25320
-0.29600
-0.43096
0.38542
-0.41064
-0.56699
-0.44550
-0.85643
0.50150
-0.47218
0.99894
0.43887
0.17636
0.01257
-0.29288
-0.31565
-0.90722
-0.09187
-0.14959
-0.14256
-0.26248
-0.87967
-0.65815
-0.41616
-0.83025
0.17416
-0.27612
-0.62014
0.17604
-0.09653
0.71006
-0.49809
0.10405
1.91791
1.04502
-0.22511
-0.08752
-0.18094
0.29002
0.03620
-0.57361
0.09020
-0.27078
0.09808
0.82588
0.27386
0.97181
-0.18399
-0.67767
-0.79221
-0.56432
0.18103
0.49281
-0.91212
-1.23745
-0.18151
-0.44190
0.47721
0.39067
0.04149
-0.63515
-0.11370
-0.29483
-0.62365
-0.50550
-0.19796
-0.62330
-0.27640
-0.66830
-0.25691
-0.18832
-0.59055
-0.07258
0.64390
0.66757
0.26474
-0.20203
-0.73007
0.44847
0.67132
0.23835
-0.28229
-0.18410
-0.68210
-0.49408
0.04521
0.08545
-0.19558
-0.07571
0.84701
0.21083
0.87283
-0.94101
-0.65464
-0.21365
-0.05337
-0.15423
-0.79940
-0.09400
-0.39009
0.75426
-0.03461
0.54348
-0.05673
-0.07535
-0.53401
0.26699
-1.05162
-0.45153
1.18602
0.32186
0.83214
-0.21277
0.67813
-1.01698
0.32238
-0.52705
-0.66432
0.11202
-0.94348
0.16618
-0.10384
-0.73471
-0.59471
0.26100
0.11043
0.65357
-0.31447
-0.05748
-0.16268
-0.56658
-0.27760
-0.71616
-0.71443
-0.06509
-0.43152
0.82617
0.29513
-0.39794
0.08438
-0.09151
-0.67622
-0.55757
0.17825
0.19542
-0.20737
0.41970
1.38803
-0.04398
-0.30894
0.00650
-0.31981
0.37156
-0.21931
-0.74779
1.11500
0.13517
-0.15595
0.12607
-0.16850
0.02823
-0.23279
-0.16861
0.46898
0.32184
-0.02441
-0.42998
0.05267
0.15520
0.52089
0.22637
-0.45331
0.62716
-0.21757
0.06728
-0.64536
0.37900
-0.44743
-0.11576
-0.48943
-0.73847
-0.58601
0.11897
0.20033
0.05174
0.49700
-0.37536
-0.12350
-0.06678
-0.54199
0.19306
-0.26428
0.16615
0.81797
-0.85018
-0.59458
0.09406
-0.09462
0.11319
0.19017
-0.14024
0.21622
1.22423
1.15212
0.44121
0.38945
0.21799
-0.21633
0.39648
0.23631
0.49480
-0.83333
0.20443
0.20129
-0.37308
0.69843
0.21829
-0.48459
-0.42843
0.11749
-0.88155
-0.51962
-0.14822
0.36097
0.54489
-0.01957
-0.52953
0.28193
0.06739
0.29475
0.91396
-0.58956
0.58868
0.80949
-0.12657
-0.66144
-0.59973
-0.37214
0.30079
0.84012
0.20190
0.93519
0.96070
-0.08178
-0.10335
1.71555
-0.80783
-0.41837
0.29621
-0.54745
-0.21010
0.18833
0.23945
-0.00579
-1.04363
-0.52558
-0.27286
0.21017
0.52165
0.34814
0.54435
0.10332
0.00009
-0.30086
-0.17067
0.57181
-0.06795
-0.30246
0.23229
0.46398
0.42998
-0.36912
-0.16904
-0.05644
-0.29427
-0.55735
-0.22112
-0.14767
-0.61782
-0.19926
0.47618
-0.22341
0.40991
-0.16276
-0.07326
1.18923
0.18644
-0.36868
-1.06098
-0.04991
-0.24120
-0.65695
-0.98774
0.42931
-0.06433
0.60598
0.61971
-0.53921
-0.01840
0.04764
-0.34234
-0.46220
0.26633
0.21223
0.33163
0.87261
0.56817
-0.12444
0.21806
0.09854
0.51628
-0.09284
0.13468
0.28083
-0.13331
0.21073
0.73493
-0.24739
-0.03865
-0.30812
-0.84898
0.47996
-0.64031
0.11762
-0.02221
-0.26071
0.81651
0.84818
0.64564
0.33886
0.03036
0.03346
0.31033
-0.42957
0.32842
-0.14256
-0.19930
-0.02057
-0.10809
0.92141
0.26222
-0.44263
-0.76114
-0.53521
-0.52403
0.08072
0.36436
0.42969
0.35337
0.64073
-0.42713
0.08757
-0.41745
0.32018
-0.10756
0.45751
-0.48842
-0.55444
-0.01826
-0.79721
0.44934
1.09246
-1.01577
-0.13704
1.01889
-0.10590
-0.26406
-0.12194
0.65070
0.94410
0.54307
-0.35008
0.45042
0.26264
0.43619
-0.60242
-0.65314
-0.19605
-0.17745
-0.58870
0.11921
0.15930
0.40010
-0.08128
0.58200
0.21744
0.71370
-0.33973
0.37047
-0.35956
-0.37763
-0.16838
-0.29779
-0.26248
-0.04749
1.14447
-0.50234
-0.30065
-0.15799
-0.25291
0.29237
0.11166
-0.01062
0.33967
-0.00945
-1.05708
0.30070
-0.14766
-0.57409
-0.42132
-0.23029
1.07831
0.86317
-0.25183
0.16369
-0.14232
0.55866
-0.27580
0.36607
0.15046
-0.36558
0.05384
-0.42179
0.18239
-0.12044
1.41066
-0.28966
-0.67583
-0.16685
0.41507
0.26363
0.29107
0.78438
-0.16238
-0.84675
-1.01176
-0.65718
0.36116
-0.30708
0.70623
-0.29194
-0.22962
0.03138
-0.12450
-0.48630
0.35614
0.52363
-0.45459
0.07859
0.07818
-0.42402
0.62557
-0.81167
-0.13912
0.13637
0.69666
-1.14896
-0.50846
0.02096
-0.75547
0.36667
-0.13019
0.62231
-0.35175
0.16049
0.25764
0.25577
-0.31527
-0.57882
0.04967
1.07008
0.28895
0.30591
-0.29103
-0.18007
0.86472
-0.12475
-0.28697
1.07562
0.73073
0.16446
-0.75690
-0.23084
-0.03692
0.12786
-0.01022
-0.00297
-0.51502
-0.42038
-0.13313
-0.15207
0.50611
0.40668
0.27900
-0.36128
0.42063
0.47280
0.49302
0.02288
0.24324
0.14773
0.79028
-0.17079
-0.76356
0.13203
0.05483
0.26467
0.32158
0.14863
-0.03508
-0.23378
-0.49439
-0.57163
-0.29558
-0.31943
-0.22916
0.00429
-0.41356
0.07677
0.15034
0.43985
0.04661
-0.37659
0.06325
0.51478
0.02832
0.14298
-1.08452
1.04401
-0.40024
0.60700
0.61486
0.53851
-0.49210
-0.07684
0.25393
-0.62206
-0.15727
-0.39578
-0.12255
0.09877
-0.12464
-0.72815
-0.31215
0.60747
0.20826
-1.28658
0.81194
-0.37236
0.42597
-0.89453
-0.18649
-0.38531
0.29074
-1.06067
-0.33607
-0.32068
-0.10989
0.20953
-0.39091
-0.32552
0.10829
0.45689
0.21728
0.12788
-0.75687
-0.52089
0.17357
-0.09613
0.34158
0.52260
-0.50825
-0.21485
0.30707
0.22667
-0.40398
0.75121
0.21990
0.32656
-0.11745
1.01417
0.08251
-0.19404
0.48035
0.55265
0.04104
-0.14562
-0.00084
0.96227
-1.48778
-0.16346
-0.58875
-0.18330
-0.49298
0.77646
0.23045
0.27935
-0.64575
0.60551
0.88307
-0.82901
0.15911
-0.32495
-0.34221
0.42971
-0.56035
-0.01623
-0.31692
0.40498
0.51751
0.71719
-0.20833
1.01416
-0.19183
-0.20749
-0.99443
0.24320
-0.11802
0.64304
-0.19527
1.18086
-0.20777
-0.83535
-0.12738
0.23270
-0.50585
0.19547
-0.07608
0.64517
0.19085
-0.21590
0.15233
0.26221
-0.50291
-0.07229
0.56078
-0.58757
0.19634
-0.42018
0.22059
-0.59799
0.21163
0.21511
0.27474
-0.70912
-0.41010
-0.50687
-0.38764
0.83663
-0.27071
-0.20272
0.59502
0.16401
-0.53460
0.74704
-0.00743
-0.37655
-0.20311
-0.25316
-0.12632
0.40816
-0.29975
-0.40876
-0.65850
0.24888
0.34340
-0.19441
0.08957
-0.63545
0.08591
0.53827
0.40852
0.15136
-0.94219
0.32971
-1.00308
0.21769
0.55005
-0.20456
0.58124
-0.02395
0.01374
-0.11874
-0.08279
-0.08554
-0.53602
-0.21198
-0.10018
-0.06920
0.54094
-0.22681
0.34077
0.06047
0.16002
0.06524
-1.08931
-0.01527
-0.43873
-0.19429
-0.20976
0.07415
-0.19463
-0.52100
-0.36272
0.06601
0.40039
-0.50155
-0.75504
0.42793
-0.04548
-0.02567
-0.59625
0.25427
-0.42971
0.21905
0.63103
0.21589
-0.36209
-0.19726
0.59372
0.57471
0.20277
-0.41525
0.20891
0.14477
-0.77289
-0.39841
0.38354
0.93768
0.59183
1.23534
0.31778
-1.01314
-0.03927
0.47850
0.30286
-0.42470
0.09308
0.06813
0.22536
0.15129
-0.32907
0.15280
0.91943
-0.27369
-0.13605
-0.47990
-0.32084
0.02875
0.32327
0.47458
-0.61660
0.39985
0.62775
0.22320
-0.14639
0.29461
-0.22737
0.41489
0.10912
0.55831
0.05161
-0.14148
0.85236
-0.83704
0.15884
-0.10491
0.35251
0.55814
-0.56050
0.47530
0.30594
-0.11527
-0.13670
0.23946
-0.67292
-0.11333
-0.76270
0.45377
-0.24162
0.01637
-0.27909
-0.83039
0.37598
0.51584
-1.67484
0.40717
0.29920
0.16749
0.27602
0.46708
-1.25198
0.48936
-0.06510
0.64808
0.63830
-0.42217
0.02994
0.42365
-0.46336
0.07109
0.21489
0.41348
0.19744
-0.43733
-1.02679
-0.01372
-0.20175
0.06504
0.05281
-0.35558
-0.80786
0.78628
0.25922
0.74156
0.07125
0.47627
0.85830
0.06908
0.00567
0.40256
0.22666
0.46874
-0.07567
0.05107
-0.05468
0.56363
0.43874
-0.19191
0.55125
-0.06220
-0.32051
-0.40459
-0.18969
0.83916
0.27160
-1.29613
0.63789
0.51503
0.77618
-0.42401
-0.01491
0.61503
-0.76843
0.10899
0.51974
-0.13653
0.32375
0.51609
0.35845
-0.07895
0.85537
-0.31421
-0.19903
-0.36503
-0.06294
-0.39278
-0.76744
-0.02511
0.61125
-0.02543
0.00719
0.11940
0.02344
0.38331
0.43506
-0.11757
-0.89509
0.16093
-0.51012
1.23051
0.83807
0.77202
0.48569
0.82388
-0.16292
0.55785
0.00746
-0.18651
0.25915
-0.41103
0.00770
1.23090
-0.09262
-0.43768
0.30320
-0.31704
-0.14004
0.09018
-0.04337
0.37489
0.58328
-0.07400
-0.99174
0.17256
0.30094
0.05924
0.53291
-0.08377
0.01302
-0.39809
0.50298
-0.61668
0.93478
0.82826
-0.10396
-0.28162
0.13837
-0.19620
0.47640
-0.36778
-0.37427
-0.29246
-0.17465
-1.04693
0.56373
0.30342
-0.98824
-1.08166
-0.59506
-0.20953
0.40330
0.24918
-0.56087
0.28585
-0.09785
-0.45753
-0.03699
-0.56615
0.26328
0.33987
0.02519
1.08730
0.37619
-0.01659
-0.32319
-0.00850
0.03094
-0.12193
-0.31943
-0.08871
-0.03092
-0.26717
0.00248
-0.24619
1.00764
-0.09923
0.76801
-0.48419
-0.14275
-0.37353
-0.12583
-0.10905
-0.20255
0.32977
-0.47869
-0.25040
-0.59248
0.13681
0.55263
-0.57050
-0.64486
-0.51485
-1.15040
-0.19931
0.05163
-0.14694
-0.13466
0.30136
0.44999
0.25345
0.59132
-0.14882
0.54944
0.13384
-0.26494
-0.58900
-0.50676
-0.23216
0.78793
-0.51280
0.98382
-0.30028
0.11195
0.35904
0.81824
0.46280
0.66102
-0.17865
0.08643
-0.81766
0.47028
-0.47325
0.08204
-0.78376
-0.43452
-0.38278
0.01801
0.40896
0.37307
-0.34980
0.25510
-0.23252
-1.47448
0.05067
0.02316
-0.22443
0.04794
0.15124
-0.88677
0.60383
0.33833
-0.46822
-0.06860
-1.26977
-0.07567
0.06816
0.02590
0.19501
-0.73466
0.94968
0.54835
0.04321
0.15058
1.16620
-0.10048
-0.03590
-0.00035
-0.20548
-0.53285
0.21999
0.50926
-0.68457
-0.22878
-0.21129
0.90477
0.36187
0.21922
-0.62285
-0.39035
-0.16286
0.87400
-1.48241
0.03939
-0.17472
0.27292
0.27095
0.17308
0.17386
0.06926
-0.95717
-0.01797
-0.69319
1.14635
0.17160
-0.46626
0.30051
0.45151
-0.14438
0.10708
-0.50085
0.27385
-0.85700
0.65648
-0.59055
-0.64560
-0.11183
-0.15700
0.18168
-0.35570
-0.56316
-0.55438
-0.23359
0.57990
-0.32260
0.19158
-0.52275
-0.12700
0.06979
-0.36462
0.12935
0.47333
0.42837
-0.19647
-0.81719
0.14600
0.52028
0.28143
-0.24677
-0.52615
0.42143
-0.06532
-0.27466
-0.51589
0.09637
-0.29458
-1.05973
1.20714
0.47001
-1.34000
-1.15106
0.06572
0.73146
-0.48489
0.63083
0.59342
-0.16451
0.40819
-0.02764
0.08273
-1.35101
-0.41841
-0.14837
-0.52556
-0.75271
-0.54093
-0.30183
-0.37369
0.06845
-0.14026
-0.48257
0.84572
-0.27353
-0.36436
-0.32904
-0.09852
-0.09061
-0.05159
-0.03572
-0.20760
-0.12598
0.66399
0.33026
-1.06744
0.61899
0.46343
-0.72150
0.51090
-0.92272
0.38778
0.24548
0.04509
-0.27046
0.26884
0.27460
0.19583
0.02586
-0.24016
-1.00343
-0.23342
0.13652
-0.54010
-0.22343
-0.95676
-0.18665
0.27051
0.61878
-0.63424
-0.32757
-0.27434
0.28803
-0.40865
0.09182
-0.90917
-0.06463
-0.59989
-0.79178
-0.00096
0.06009
-0.58443
0.13851
0.11878
0.41127
0.01308
1.01305
0.50331
-0.77999
0.49199
-0.09925
-0.41590
0.24824
-0.04331
0.19225
0.33026
-0.88526
0.59681
0.50344
1.17641
-0.50512
-0.34189
-0.07252
-0.55002
-0.68650
-0.28234
-1.48471
-0.30836
-0.44054
-0.49620
0.35080
0.24750
0.31347
0.38461
-0.60298
0.16261
-0.54411
0.68247
0.98403
-0.64669
-0.92082
-0.38101
-0.10562
-0.81733
0.06498
-0.21452
0.34296
-0.07505
0.58047
0.52879
-0.27076
0.45104
0.57582
-0.39075
0.64634
-0.04284
0.44687
0.53878
0.07040
0.38037
-0.41616
-0.31172
0.63066
0.29420
-0.18134
-0.73966
0.12648
0.05002
0.67020
0.40233
0.25065
-0.38441
0.07695
-0.07591
-0.28804
0.11759
0.22310
0.33847
0.24962
-0.01617
-0.92849
-0.20601
0.34356
-0.67231
1.18546
-0.41468
-0.13518
0.58766
0.26474
-0.25662
-0.30857
-0.71120
-0.93748
-0.85361
-0.24150
-0.32608
-0.15920
0.35501
-0.38359
-0.68253
-0.03666
1.21615
0.42676
-1.13549
-0.16425
0.59611
-0.84811
-0.52760
-0.18730
0.28628
-1.07066
0.33966
0.28454
-0.71981
0.12470
-0.24124
0.35061
-0.06891
-0.19221
0.60084
-0.43398
0.30469
-0.08898
0.11134
0.31326
0.25374
0.43054
-0.10265
-0.27994
-1.79250
0.19144
0.31541
0.06313
-0.60260
0.45528
0.31921
0.28919
-0.02132
0.70889
0.23037
0.20930
-1.12041
0.51841
-0.19032
-0.24168
-0.74415
0.78747
0.24140
0.59353
-0.24648
0.34687
-0.22969
-0.18489
-0.67075
-0.11044
0.80534
-0.96757
0.21479
-0.24540
0.60568
0.19805
0.85849
-0.13165
0.99875
0.92904
-0.05313
-0.07828
-0.92104
-0.50441
0.53745
0.11067
-0.39899
0.03149
0.62154
-0.19355
0.22085
-0.45906
0.34360
0.33592
-0.03208
-0.79925
-0.25840
0.52305
1.13630
0.80403
-0.67112
0.97770
-0.92831
0.27091
-0.10938
-0.01121
0.80092
-1.37728
-0.31073
0.81317
-0.98612
-0.21263
0.80336
-0.30420
-0.26940
-0.75400
1.08687
-0.61389
0.18293
-0.95465
0.45159
0.39636
0.26576
0.18725
-0.56380
0.64459
0.60439
-0.36867
-0.25486
0.83941
-0.68189
-0.03102
-0.57913
0.21679
0.00818
0.07010
0.51346
0.13572
0.48509
-0.69547
-1.40689
-0.11190
-0.72088
0.35377
-0.42703
-0.76501
-0.97007
-0.38214
0.49581
0.00571
-0.31455
-0.96757
0.18269
-0.19191
-0.19151
0.55278
-0.35769
-0.07053
-0.01162
0.15478
-0.15162
0.22853
0.22859
0.21056
-0.07921
-0.51755
-0.60770
-0.15584
0.45802
-0.71749
-0.45826
-0.39885
0.68211
0.01980
-0.41497
-0.68420
-0.05144
-0.84946
1.04016
-0.59452
0.49592
-0.54667
-0.94750
-0.20195
0.55508
-0.97718
0.60708
-1.04211
-0.41992
1.00141
-0.17947
-0.31755
-0.45125
0.43151
-1.10181
-0.67767
0.51455
-0.08242
-0.74955
0.60560
-0.40210
-0.25959
-1.37421
1.68926
-0.41344
-0.20886
-0.86750
-0.14975
-0.06928
0.27409
0.21504
0.02556
-0.07784
0.61713
-0.69702
-0.33245
0.80602
0.45759
-0.43907
-0.22288
-0.00254
-0.40565
-0.43057
-0.42989
-0.96873
-0.33495
0.69626
0.44230
-0.00250
-0.67212
0.86602
-0.57824
-0.24844
0.06414
-0.54002
-0.11789
0.40055
-0.54578
-0.00942
-0.00871
0.22675
0.63757
0.08914
-0.82426
-0.47264
0.19932
0.88135
0.08553
-0.49506
-0.63393
0.96211
0.02282
0.01293
-0.91634
0.39086
-0.15294
-0.33295
0.02654
0.10417
-0.68337
-0.04778
-0.45447
0.62278
-0.23325
-0.25206
0.29530
0.62406
-0.11638
-0.14571
0.03084
-0.99951
-0.33773
-0.26769
-0.04576
0.30442
-0.15623
0.08917
-0.67397
0.30216
-0.37498
0.22808
0.25559
-0.37184
-1.12465
-0.24822
-0.78718
-0.88898
0.15136
0.30884
-0.52689
-0.43880
0.87885
-0.31146
-0.31294
1.02055
0.39055
0.52868
0.58298
-0.28186
-0.17399
-0.57825
-0.61740
-0.30703
-0.71264
0.40940
-0.02623
-0.45158
0.06986
0.43558
0.10473
-0.14706
-0.26201
-0.06145
0.14445
0.08405
0.42564
-0.14182
-0.16666
-1.06036
0.11602
-0.86494
0.01971
-0.23319
-1.24973
0.61563
1.03998
0.37067
-0.08934
0.13595
-0.12199
-0.15787
-0.05534
0.58077
-0.39885
-0.70537
0.37843
0.05760
-0.27293
-0.09612
0.52480
0.08348
-0.56146
-0.33503
0.27068
0.70142
0.60937
0.60655
-0.07733
-0.59669
-0.23590
0.05868
-0.04320
-0.60367
0.02056
1.08065
0.36319
-0.41161
0.11841
-0.17591
0.40891
0.28152
0.06001
-0.31676
1.19266
-0.15447
0.24771
-0.45973
-0.33858
0.30936
0.73011
-0.09988
1.21144
-0.16205
0.10504
-0.54970
0.83647
-0.15700
-0.28163
-0.19103
-0.34440
-0.73081
0.00332
-0.09460
-0.06512
-0.02258
-0.02562
-0.00664
0.26110
-0.13246
-0.33238
-0.71482
-0.73769
0.51605
-0.26105
0.10502
-0.18619
-1.00035
0.34765
0.50363
-0.56895
-0.18135
-0.33184
0.14469
-1.46605
0.75544
0.22245
0.05860
0.65586
0.61596
1.01394
-0.38817
0.24849
-0.73004
0.17694
-0.35332
-0.10226
0.20412
-0.12153
-0.35944
-0.68645
-0.10758
-0.30462
-0.07101
-0.15140
0.81298
-0.43959
0.22520
-0.31500
0.43203
-0.74720
0.13535
-0.42633
0.86213
-0.35961
1.32666
0.07524
0.44331
0.42842
0.42394
-0.38521
0.01035
-0.39157
-0.39352
0.08245
0.29868
0.03059
0.15684
-0.58681
0.09104
-0.04571
0.55284
-0.16007
0.21840
-0.28416
0.11701
0.50904
-0.25066
0.26709
0.92857
0.29529
0.04785
-1.41823
-0.94298
0.05228
-0.01529
0.57418
0.34922
-0.34291
0.00344
0.08587
0.58953
-0.73900
0.66844
-0.52863
-0.85464
-0.78371
0.71322
-0.27261
0.05008
-0.28165
0.25567
-0.44210
1.05814
0.16029
0.67417
0.66382
0.22075
-0.62707
0.07520
-0.61895
-0.36684
-0.06515
0.38554
0.33525
-0.89769
0.16830
0.54943
-0.39022
-0.00770
-0.27168
0.35710
-0.52596
-0.09964
0.39522
0.69066
-0.57527
-0.53706
-1.01501
-0.09150
-0.00975
0.19051
-0.45462
-0.48821
-0.25336
0.01027
0.28949
0.24281
0.18801
0.16921
0.10067
0.64711
-0.21069
0.20917
1.23945
0.54595
-0.44427
0.32480
0.44162
0.23169
0.00027
-0.32819
-0.20425
0.01991
-0.35161
-0.73347
-0.15126
-0.93603
0.30239
0.10411
-0.01496
-0.04323
-0.85822
-0.15963
0.07461
-0.35647
0.10517
-0.25597
-0.34797
-0.00567
0.25080
-0.50351
-0.66270
0.55868
-0.00171
-0.40358
-0.75228
-0.46408
-0.92774
0.15902
0.91687
0.70675
-0.34813
-0.19691
-0.04159
-0.93839
0.01105
-0.25313
0.28027
-0.07665
1.23252
-0.59015
0.26870
-0.49627
0.36265
1.04135
0.43765
-1.05495
-0.62397
-0.02262
-1.16726
-0.09957
-0.76392
-0.18697
0.04279
0.29663
0.31923
0.87464
-0.10296
-0.32200
-0.20078
0.19727
-0.66539
-0.71927
-0.11020
-0.74277
-0.59744
0.57578
-0.29178
0.06718
-0.19209
-0.66680
0.05645
0.21933
-0.16183
-0.43878
0.80409
0.17074
-0.04454
0.20471
-0.15009
-0.43297
-0.25714
-0.05096
0.13119
0.23593
-0.52835
-0.74516
-0.48306
0.08999
0.63430
0.52036
0.06476
-0.95335
0.73716
0.78910
-0.04639
-1.11999
-0.38201
-0.61441
0.05074
0.50289
-0.60619
0.06702
0.49932
-0.29082
1.25837
-0.59218
-1.21431
0.56654
0.63782
-0.30995
0.18982
-0.12064
0.64683
0.49951
0.17083
0.41262
0.32306
-0.65759
0.10433
-0.75320
0.61001
-0.12740
-0.68975
-0.29927
0.60848
-1.04876
-0.53314
-0.34409
-0.27988
0.09012
-0.39097
1.02648
-0.49608
0.18013
-0.26234
-0.46395
-0.23099
0.32056
-0.35946
-0.27113
-0.69520
0.26171
0.36613
-0.30639
-0.95573
-0.30691
0.21355
0.69281
0.57384
0.54588
0.57752
0.30998
-0.08265
-1.08699
-0.11321
-0.52906
0.38544
-0.08486
0.27722
0.08932
-0.04534
-0.19125
0.59939
0.35597
-0.27763
0.55968
-0.13543
0.32491
1.35618
0.59070
-0.69937
0.25534
-0.45429
0.19180
0.43893
-0.45263
-0.48170
0.18873
0.16350
0.18004
0.34614
-0.64145
-0.57603
0.35696
0.39282
-0.49136
0.19865
0.00737
-0.27617
-0.21120
-0.04234
0.46728
0.46955
-0.67119
-0.92980
-0.29099
0.86880
0.77829
-1.03150
0.57214
0.22853
0.21988
0.05989
0.06693
-1.23633
0.04867
-0.12470
-0.21673
-0.52067
0.27880
0.54245
-0.05819
0.51413
0.00125
-0.84427
-0.07917
0.31431
0.44986
-0.31294
-0.00786
0.65328
-0.59377
-0.14697
0.50536
0.59140
-0.17306
-0.27788
-0.33244
-0.32875
-0.63394
-0.72602
0.44531
0.15216
0.42555
0.31052
-0.66492
-0.14804
0.22501
-0.26541
0.07904
0.51093
0.05425
-0.08481
0.01134
-0.19988
-0.58294
-0.16781
-0.74364
0.15877
-0.68948
-0.06886
0.43604
-0.71916
0.26263
-0.84787
-0.33282
0.10455
0.30692
0.90894
0.07416
-0.06031
-0.06916
0.22817
0.16411
0.34111
-0.50229
0.08013
-0.58542
0.17452
0.38107
-0.19793
-0.05912
0.15528
-0.12165
-0.68285
0.96621
0.09473
-0.16922
-0.29122
0.23694
-0.41611
-0.69698
0.46238
-0.02279
0.38634
-0.85568
0.31347
0.22618
-0.76611
-0.66657
0.81364
0.56209
1.02381
-0.03133
-0.66006
0.45081
-0.19077
0.41685
-0.06810
0.01960
-0.08754
-0.88099
0.68674
0.01394
0.53041
0.13414
-0.25997
0.30148
-0.31517
-0.02061
-0.14929
1.29029
0.17748
-0.54265
-0.76228
-0.24966
-0.17680
-0.54619
-0.36143
0.10875
-0.57641
-0.02281
1.07647
-0.55291
1.18340
-0.56502
-0.31957
0.11981
0.27268
-0.17561
0.11513
1.04800
-0.17752
0.31299
-0.49483
-0.33497
-0.01047
0.55394
0.02928
-0.20438
-0.52397
0.45340
0.64070
-0.31668
0.32939
-0.26170
-0.32958
0.37161
-0.58805
0.92082
-0.76372
-0.16409
-0.46080
0.90861
-0.41851
-1.10509
0.10089
0.10916
-0.17979
-0.04120
0.12362
-0.24766
-0.05282
-0.47946
-0.00641
0.20894
-0.05290
0.47713
0.27476
0.10987
-0.77920
-0.70514
0.12598
-0.16576
-0.44291
0.73333
0.15158
0.19402
-0.56678
-0.64305
0.36626
-0.02583
0.41222
-0.01132
-0.74768
-0.53927
0.58563
0.26389
-0.28046
-0.68527
-0.66473
-0.30158
-0.22874
-0.33651
0.45370
0.04117
0.14329
-0.53000
-0.60445
-0.12212
-0.14288
0.00072
-0.47743
0.22483
0.92903
0.06006
0.04934
0.62623
-0.10178
0.80512
0.34457
-0.24838
0.08065
-0.26216
-0.33704
-0.11514
-0.46827
0.25510
-0.28443
-0.72018
-0.06287
-0.71642
0.55234
-0.57854
-0.03840
0.65607
0.01849
0.15353
-0.01349
0.16183
-0.40780
-0.24397
0.95426
0.38709
0.35413
-0.15114
-0.77337
0.57837
0.53855
0.43885
0.22677
-0.14634
-1.01611
-0.70611
-0.05988
0.16486
0.43466
-1.02950
-0.83533
-0.17115
-0.34395
-0.83204
-0.83456
-1.05682
-0.48663
-0.21214
0.91282
0.41561
1.12182
-0.36297
0.07338
0.67841
-0.43088
0.19899
-0.32444
-0.00396
0.13977
-0.14953
0.63114
-0.07228
0.07210
0.15303
-0.14923
-1.13262
-0.54409
0.39781
0.19462
0.09471
0.20697
-0.39713
0.27995
0.17542
1.02923
-0.01600
0.42677
0.83317
0.23825
0.36569
0.39225
-0.33947
-0.87205
0.62166
-0.45882
-1.27463
-0.62472
0.40923
0.13017
-0.33338
-0.18185
-0.36959
-0.14677
0.58533
-0.52562
-0.47218
-0.14838
-0.01266
0.28230
0.98688
-0.10839
0.11500
0.08291
-0.10777
0.03560
0.19377
-0.39360
0.17351
-0.15142
-0.84638
0.48612
0.13794
0.60539
0.19663
0.69327
-0.75930
0.37582
0.42595
0.53910
-0.05601
0.46512
0.57212
0.25361
-0.49921
-0.36176
-0.09774
0.06406
0.90634
-0.38227
0.04252
-0.10471
0.04443
0.14630
-0.05753
-0.27881
0.76571
0.37203
0.25930
0.66500
0.24770
-0.20152
-0.35773
0.22405
0.50501
0.18536
1.05358
0.22187
0.39936
0.25288
-0.48034
0.47202
-0.36243
-0.74181
0.45799
-0.75937
0.11598
0.61576
0.39894
0.63996
0.05894
0.81344
-0.34445
-0.18422
0.52384
0.39450
0.88031
-0.00975
-0.42258
0.54427
-0.01674
0.24855
0.04058
0.65046
0.13655
-0.02100
0.44652
0.14565
0.71270
0.29275
0.40006
-0.16052
-0.24117
0.42416
-0.26191
0.26855
-0.53258
0.61814
-0.51756
-0.31773
0.05438
0.39815
0.44296
0.77733
-0.03975
0.18551
-0.41312
-0.29716
0.09797
-0.20052
0.53242
0.06741
-0.07888
0.66790
0.42480
0.29791
0.05737
0.34126
0.51692
-0.73963
-0.35298
-0.90494
0.11946
0.29806
-0.44730
0.51160
0.49285
-0.81063
-0.06858
-0.22871
0.01423
0.49413
-0.06643
0.59373
-0.25461
-0.33419
-0.08514
-0.21283
-0.51845
0.81217
-0.18926
0.44704
0.87309
0.73011
-0.00947
-0.57171
-0.24361
-0.73254
0.08471
0.48990
0.25663
0.62648
-0.03753
-0.39842
-0.62450
-0.59752
-0.11310
-0.08878
-0.92524
-0.76354
0.16101
-0.10484
-0.33151
-0.87145
0.42182
0.45694
-0.30401
-0.21869
-0.01723
0.50504
-0.03162
0.51348
-0.74534
0.40363
0.68787
0.01184
-0.14132
0.16270
0.71825
-0.51189
0.18637
0.42520
-0.01401
0.42848
-0.57039
-0.50296
0.32788
0.05758
-0.28183
0.43419
-0.48916
-0.26059
0.04803
-0.12872
0.32572
0.01543
-0.40025
-0.63988
0.42664
0.31431
0.28646
-0.13172
0.39550
-0.03378
0.35356
-1.00374
0.01108
0.14790
1.00961
0.71313
-0.68614
-0.36343
-0.78257
-0.75982
0.15526
0.15791
-0.99760
0.20441
0.92472
0.01833
-0.26253
-0.64827
-0.12940
0.94285
0.05908
-0.67741
0.16466
0.07345
-0.20986
0.16590
-0.09534
-0.48548
0.49500
0.19088
0.04786
-0.87253
0.07486
0.48164
-0.21173
1.02871
-0.71542
-0.67992
0.56749
0.75877
0.54383
-0.52471
0.23235
-0.12405
0.40776
-0.34208
0.67155
-0.47981
-0.51198
-0.32771
-0.90806
-0.60565
0.22076
0.24254
1.14823
-0.20154
-0.36079
0.25517
0.26067
-0.35032
0.08212
0.23354
-1.39491
-0.04143
-0.37471
-1.50609
-0.08278
-0.10058
-0.22217
0.22086
0.25045
0.29355
-0.43897
-0.22572
0.39101
-0.22457
0.66894
0.08614
0.36203
-0.10900
0.79910
1.17025
0.69621
-0.55454
0.26746
0.14601
0.21332
0.54950
0.03174
-0.07428
1.09313
-0.89099
-0.75829
0.45559
-0.26400
0.80940
-0.27797
0.09480
0.05790
0.25249
-0.31175
0.09166
0.86494
-0.56574
-0.36801
-0.33718
0.01918
0.13121
-0.23304
-0.31287
0.21789
-0.49565
-0.34830
0.43352
-0.46938
0.48907
-0.18955
-0.31942
-0.71540
0.79675
-0.11862
-0.72701
0.04176
0.64913
0.63867
-0.12890
0.81101
-0.09824
1.05447
0.66216
0.02279
-0.01983
-0.00993
0.43722
0.16590
-0.07388
0.02163
-0.48318
-0.00465
-0.38060
-0.74756
-0.79587
0.47517
-0.13743
0.14933
0.23665
-0.40062
0.23790
-0.08143
0.11758
-0.06750
0.65619
0.18362
0.53063
-0.12838
0.19972
0.17957
-0.14747
0.05707
0.11467
0.22715
-1.10359
0.06525
-0.06269
0.02595
0.55973
0.24866
-0.28777
-0.12590
-1.11233
-0.37656
-0.11280
-0.44750
0.61654
0.66590
-0.19241
-0.64724
-0.55712
0.44271
-0.19512
0.42425
0.26687
0.12545
0.44439
-0.31673
0.22132
0.58349
0.32241
-0.55509
0.35231
0.42133
0.27336
-1.01554
0.83231
0.30487
-0.35675
-0.39492
0.20952
-0.33297
-0.11962
-0.03842
-0.41760
0.32921
0.26751
-0.59954
0.68089
0.45643
0.20311
-0.66239
0.97211
-0.86712
0.55815
-0.59644
-0.03411
-0.33126
-0.95411
0.32030
-0.85728
-0.50236
0.72892
-0.71052
-0.73356
-0.58264
-0.06483
0.19359
0.94167
0.48477
-0.52421
1.30427
-0.50631
0.40763
-0.05334
0.24210
0.68232
0.48544
0.09309
0.06979
-0.10626
0.28429
-0.56510
-0.09223
-0.75544
-1.38611
-0.12385
-0.18249
0.42642
0.23239
0.05367
0.43420
0.66156
0.25527
-1.01711
0.77187
-0.37515
-0.40684
-0.11797
-0.12836
0.11612
-0.56317
-0.14323
-0.59302
0.75419
0.46213
0.65109
0.67607
-0.55566
-0.53117
0.70070
-0.37350
0.10365
-0.27785
0.38260
0.46171
0.47755
-0.87879
-0.01702
-1.02480
0.31579
0.59014
0.42156
-0.26393
-0.18482
-0.54409
0.57474
-0.66962
0.28467
-0.37608
0.05761
-0.62883
-0.33413
-0.12674
0.34317
0.15805
-0.58812
0.39602
0.33593
1.09486
0.44005
0.32433
-0.52392
-0.91256
-0.03771
0.31109
0.25167
-0.06569
-0.91825
-0.19749
0.86524
-0.01173
0.54751
0.16746
-0.08699
0.15778
-0.37160
0.28282
0.82917
-0.12492
0.82243
-0.61955
0.56654
-0.40822
0.65098
0.31422
0.53702
0.20331
0.57785
-0.07280
-0.59472
0.70316
0.43411
-0.19856
-0.64030
0.10441
-0.33125
0.59040
0.33432
-0.20811
-0.77673
-0.10070
0.42800
-0.32676
0.36860
-0.53141
-0.90225
0.41586
0.05640
0.22791
-0.23788
-0.34019
-0.48152
0.81553
0.32763
0.24537
-0.24859
0.84355
0.44219
0.19947
0.86011
0.78743
0.50295
-0.47433
-0.13883
-0.25832
-1.16578
-0.99752
-1.10259
-0.29235
-0.11348
-0.00086
-0.17196
0.71028
0.93872
0.03545
1.17021
0.57941
0.20752
-0.07644
-0.02318
0.60567
0.71363
-0.29127
-0.52443
-0.47742
0.66121
0.39906
0.42868
-0.63429
0.02392
0.90042
-0.15629
0.03957
-0.52377
-0.75754
-0.92362
-0.61976
0.56768
0.19648
0.23914
-0.73920
0.85069
-0.24564
-0.30385
0.27910
-0.38012
0.35092
0.17482
-0.51122
0.86023
0.62133
-0.67621
-0.15186
0.36545
0.14293
-0.74982
0.46457
-0.49307
0.90919
-0.22094
-0.05909
0.05701
-0.08781
0.22631
-0.28023
-0.34949
0.01165
-0.70850
0.43481
-0.17802
-0.04523
-0.94878
0.16582
-0.66840
-0.31798
-0.45288
0.40545
-0.63457
-0.20856
1.04426
-0.12362
-0.35797
0.73454
0.13833
0.35086
-0.59931
1.09637
0.31574
0.70097
0.13619
-0.37562
-0.09839
-0.41779
0.47040
-0.82839
0.17676
0.05010
0.70558
0.82109
-0.21896
-0.26464
-0.31253
-0.50641
0.43108
0.01382
-0.06455
-0.27966
0.01355
-0.06409
0.04838
0.40465
-0.28123
-0.16372
-0.49872
-0.16324
0.34470
-0.10203
-0.73475
0.62805
-0.58187
0.17806
-0.28093
0.44486
0.86207
-0.33119
-0.60916
-0.35711
-0.19788
-0.54040
-0.25360
0.43195
-0.51393
0.05709
0.00577
-0.81275
-0.16146
0.43056
0.46287
-0.59659
0.06570
-0.46308
-0.28296
-0.08853
-0.72927
0.24940
0.38328
0.79609
0.05952
1.00355
0.09655
0.14967
-0.34428
-0.14020
-0.67774
-0.15275
-0.38843
0.31311
0.58540
-0.44049
-0.61627
0.61138
-0.89165
-0.30928
-0.62479
1.24662
-0.99288
0.29446
0.78531
-0.19562
0.39484
0.05035
-0.13872
0.46453
-0.06108
0.25237
-0.40109
-0.88503
-0.41248
0.00462
0.83886
-0.18538
-0.45121
0.63240
-0.00507
0.01980
0.22084
0.11470
-0.09484
-0.02097
0.22426
-0.79670
-0.22353
-0.44468
-0.92668
0.52663
0.51195
0.32862
0.10878
-0.20636
0.24559
0.32352
0.02391
-0.14106
-0.25950
-0.76336
-0.72978
0.45617
-0.82206
-0.04293
0.05814
0.03659
0.11979
0.22948
-0.58211
0.25115
-0.38438
-0.15280
0.59688
0.28261
-0.12349
-0.08870
-0.11512
-0.31470
-0.00762
0.49410
0.41590
0.29884
-0.37161
0.75914
-0.20248
0.16795
0.67830
0.02639
0.24520
-0.03741
0.26177
-0.28179
-0.37940
0.15601
-0.00402
0.59168
-0.36749
0.03368
-0.02257
-0.39540
0.33726
0.04208
-0.33488
0.23067
0.02607
-0.06555
0.13163
-0.44313
1.10956
-0.66749
0.16425
-0.29713
-0.40896
0.37196
0.06867
0.59198
0.05536
-0.56549
-0.18411
-0.30906
-0.57693
0.07959
-0.73427
0.22126
1.05583
0.18156
-0.08681
-0.13528
0.47044
0.14347
0.25441
0.07539
0.20634
-0.05171
0.31518
0.51516
-0.27664
-0.04767
-0.54961
0.30369
0.39657
-0.09478
0.07986
0.10006
-0.19441
-0.05399
0.18337
0.33444
-0.14228
-0.50954
-0.72441
-0.80159
0.20157
0.01438
0.05518
0.15957
0.08226
0.32962
-0.34096
-0.57279
-1.13708
-0.83573
0.10907
-0.29203
-0.72124
0.07533
-0.03110
0.54205
0.09282
0.14975
0.44806
-0.25717
0.19526
0.28914
-1.45391
0.65797
-0.45820
0.51291
0.13339
-0.04572
0.87659
0.55726
0.56961
0.00646
0.38698
0.79146
0.74099
0.73756
0.56257
0.87920
-0.28418
0.38927
0.53608
-0.19403
0.34401
-0.53622
-0.10192
-1.02132
0.72350
-0.06199
0.05193
-0.02227
-0.17581
-0.37453
-0.00102
0.15139
0.62681
0.18305
0.82130
0.10062
-0.15691
0.69335
0.19546
0.19372
0.34283
-0.38868
-0.27982
1.08789
0.23740
0.41948
0.79693
0.09984
0.76332
-0.46128
-0.36475
0.04407
0.57862
0.31943
0.21690
0.27799
0.77431
0.31270
-0.10951
-0.46689
0.02297
-0.16358
-0.19602
-1.00123
-0.41966
0.15045
-0.68381
0.10700
-0.39849
-0.60141
0.62378
-0.47851
0.15824
0.00083
0.75456
0.66088
0.12478
-0.05353
-0.10790
0.27054
0.31258
0.04061
-0.73755
0.46624
0.04281
-0.08957
0.41469
-0.25519
0.69084
0.18913
0.25854
-0.60104
0.25230
-0.21517
-0.01069
0.52807
0.93739
-0.45228
-0.20506
-0.36514
-0.66170
-0.02069
0.63679
-0.27384
0.02168
-0.26226
0.46710
0.61030
0.02959
-0.04342
-0.25658
-0.03836
-0.69439
-0.14064
-0.59954
0.41510
-0.31531
0.39573
-0.94855
-0.47730
0.07134
0.31491
0.18791
0.33384
-0.00851
-0.48433
-0.41467
0.32447
0.86021
-0.27657
-0.30631
-0.13865
-0.22725
-1.00811
0.73055
-0.90214
0.16542
0.26817
-0.46834
-0.39294
0.21659
-1.46387
1.37168
0.00843
0.34652
-0.48971
0.18246
0.59715
0.12282
-0.61992
-0.29518
0.01076
-0.09806
-0.52525
-0.24282
0.03959
-0.04740
-0.47712
1.15035
-0.79393
0.04625
-0.63334
0.07250
-0.34769
-0.10914
0.22658
-0.22774
0.03310
0.23343
-0.09707
-0.04821
0.18023
0.85799
0.09218
0.47050
0.22287
0.06060
1.09419
0.63777
-0.68617
-0.00056
0.54465
-0.38129
0.45225
-0.05563
-0.40986
-0.14330
0.31308
0.04507
0.80156
0.00366
-0.22529
0.12327
-0.40082
-1.47202
-0.10306
-0.31729
0.23121
0.16681
-0.21238
-0.26735
0.02162
0.18110
-0.00261
-0.07775
-0.10394
-0.77215
0.12973
-1.14045
-0.14445
-0.31298
-0.82321
-0.39660
-0.32093
-0.04555
0.21473
0.05423
-0.23496
-0.36796
-0.07664
-0.13441
0.04015
-0.23910
-0.48677
-0.15868
0.83280
0.92926
0.08300
0.80926
0.35286
-0.01737
0.04786
0.62346
-0.24464
-0.92058
0.48844
0.54966
0.03082
-0.00226
-0.08996
-0.57427
-0.45670
-0.62342
0.41546
-1.14400
-0.64012
0.50059
0.39880
0.37482
0.30565
-0.18129
0.07294
0.46631
-0.09115
0.26269
-0.37089
0.32735
0.30172
-0.14578
-0.24015
-0.27862
0.57872
-0.53957
-0.48291
0.13853
0.16374
-0.62152
-0.13476
0.05340
0.80449
0.38937
-1.22594
-0.14231
-1.65451
-0.52912
-0.77778
0.33138
0.15499
0.52924
0.72109
0.04314
-0.13788
-0.44419
-0.44337
0.05850
-0.12250
0.41526
0.05492
0.31371
0.60777
0.20513
0.53442
1.08278
0.62849
-0.54828
0.69664
0.13179
0.27787
-0.01732
-0.30957
0.58928
-0.67623
-0.25713
-0.35198
0.03768
0.03741
0.46189
0.40287
0.38004
-1.46537
0.02086
0.23305
-0.08490
0.71282
0.59332
-0.57080
0.59106
-0.22692
-0.67189
-0.02432
0.64544
0.16656
-0.46590
0.04429
-0.01112
0.61909
-0.27574
0.04431
0.86462
-0.01685
-0.16124
0.48089
0.50680
-0.48848
-0.10383
0.38087
-0.31473
-0.43700
0.59701
-0.26959
-0.21659
-0.67820
-0.06352
0.29230
-0.10970
0.58004
0.08545
0.51293
-0.34619
0.82490
0.27111
-0.83828
0.05026
0.01908
-0.06908
0.49247
0.52272
0.74493
0.66983
0.38115
-0.90817
0.18862
-0.14931
0.65499
-0.32282
-0.55690
0.79901
0.24910
-0.36128
-0.04978
0.32685
0.28126
0.04000
0.64065
0.86054
0.69695
-0.35871
0.36844
-0.02784
-0.24828
-0.40823
-0.94134
0.40508
0.02230
1.12904
-0.13651
-0.41664
-0.01138
0.08808
0.03436
0.21822
0.48503
-0.63226
0.34147
-0.37301
-0.02425
0.03365
-0.72312
-0.64489
-0.47860
-0.52762
-0.08060
-0.05886
0.27601
-0.55832
0.12328
-0.16634
-1.04208
-0.15194
-0.60423
-0.28125
0.27516
-0.39486
-0.27717
0.10549
0.41958
0.01324
0.69746
1.49798
0.84508
-0.08155
0.24221
-0.34821
-0.12502
0.48110
0.44252
-0.26367
-0.01452
0.68699
-0.12578
-0.76014
0.54974
0.47723
0.26590
-0.09205
-0.45542
0.09121
0.41984
0.15561
0.06923
-0.67002
0.33413
-0.25579
0.02648
0.35654
0.52192
1.14155
-0.28193
0.27005
-0.88844
-0.95274
-0.00775
-0.48144
1.21624
-0.37249
0.78264
-0.37822
0.02795
0.72382
-0.16251
0.29342
0.44534
-0.35769
0.00582
-0.30236
0.23777
0.18365
-0.42653
-0.43592
0.25686
0.18473
-0.16488
-0.17438
-0.44834
-0.24409
0.75715
-0.84001
0.29650
-0.12077
-0.02944
0.84694
-0.74091
0.07760
-0.97138
-0.02103
0.19972
-0.38164
-0.28496
-0.00431
-0.88419
-0.05073
-0.06870
-0.23500
-0.19695
0.33868
-0.53568
0.36583
0.13887
-0.11978
0.19533
0.06484
0.42647
-0.79107
-0.27075
0.72370
-0.46425
-0.20699
-0.13504
0.22783
1.34706
-0.28857
0.57571
0.16371
1.00818
-0.42672
-0.09135
0.67597
-0.07697
-0.66734
-0.22457
0.14960
-0.08172
-0.77769
-0.23529
0.02538
-1.10176
-0.19640
-0.24411
-0.44557
-0.28159
-0.14901
-0.02886
-0.10988
0.01565
0.34640
0.36394
-1.28704
0.09044
0.42657
0.65585
0.07291
0.75863
0.36839
0.10177
0.27953
-0.52971
-0.07571
0.36671
-0.06350
-0.22698
0.69248
0.75231
-0.29463
-0.30344
0.04883
-0.15685
0.64172
-0.18306
-0.58466
0.72690
0.00551
-0.21580
0.20276
-0.04825
-0.13182
0.29752
0.44239
-0.61198
0.46317
0.93317
0.01086
0.09276
0.17659
0.16135
0.56096
1.07116
0.41578
-0.22170
0.64466
0.46308
-0.39167
-0.64298
-0.18871
0.33356
0.47013
-0.44227
0.34462
0.22326
-0.81548
0.09041
-0.94310
0.78952
0.44549
-0.64431
-0.27281
0.39382
-0.51403
-0.19393
-0.49904
-0.19347
0.43146
-0.23333
1.08508
-0.37014
-0.72510
0.41290
-0.77372
-0.79011
-0.02210
-0.05539
0.42187
0.06735
0.39805
-0.62063
-0.01144
-0.52889
0.35659
0.20369
-0.82038
0.21671
0.48798
-0.40251
0.39984
-0.03779
-0.33972
-0.98686
0.12732
-0.00489
0.16854
-0.00500
0.16526
-0.69793
0.01762
-1.15484
-0.17170
0.51571
-0.60926
-0.41671
0.50165
0.35145
0.72970
-0.16741
0.52049
0.48899
0.80360
-0.39389
-0.33673
-0.41297
-0.51882
0.04656
0.25039
-0.00022
-0.06832
-0.23027
0.19104
0.83681
0.16537
-0.21435
-0.23135
-1.06682
0.85973
-0.65262
0.55083
-0.32569
0.39769
-0.30945
0.14872
0.26540
0.20471
-0.38888
0.48359
-0.82633
0.31132
-0.91229
-0.70784
-0.17643
0.46432
-0.90723
-0.14697
0.59650
-0.99202
-0.77221
0.26746
-0.24385
0.14669
-0.79781
