-10.052640
-1.387300
2.105580
5.712910
0.511790
0.511790
10.218650
-3.950580
5.689290
-8.010860
-4.354420
-1.448070
9.797710
2.477500
4.579430
-1.778870
3.340690
8.316080
12.439520
7.462510
-6.331850
-3.291640
1.927650
-2.734810
-4.925070
3.650280
-8.426040
4.864860
-9.149670
1.838570
6.994120
-2.442570
4.478560
-6.217990
2.974490
9.899770
7.797990
-2.914790
8.829870
-9.920100
-1.231750
7.622210
-0.180130
3.843850
0.237110
-7.923650
-5.899290
3.806640
-4.437270
3.175960
-2.200210
-0.224830
1.605650
-8.072500
-2.361240
2.481550
-3.178810
-4.323150
-3.442010
-0.291110
2.492210
1.757170
-4.464300
-6.239300
4.604180
8.483330
2.174360
-2.773490
0.276770
1.469260
-6.928840
1.593820
-2.124840
-3.454770
-2.479950
-0.913970
6.268280
-5.146870
-2.151200
4.619860
8.633360
-1.751620
1.985760
1.015260
-0.356930
-2.435440
-1.877740
10.106840
-4.501360
1.898520
-1.252990
-4.977060
1.470600
-1.309840
1.885250
7.476510
-0.842310
14.889440
-2.787410
3.738080
-4.816620
-8.261330
-8.874910
-9.192660
1.357060
0.219450
7.643830
-4.781300
-3.626710
-4.341030
0.145050
4.068410
-1.154040
-4.134800
-2.976420
3.046940
-2.154950
2.011880
0.937620
13.704600
2.739440
3.452030
-4.233600
-3.201440
-4.572250
-0.824450
-8.753020
-0.094740
-1.498240
-0.757160
2.581040
7.697850
6.819230
-0.236500
-0.814160
9.976230
3.213840
3.571880
1.664680
2.561310
-1.287860
-3.190070
-11.905910
-2.446010
8.111000
-0.799640
3.495320
8.691740
4.101740
-7.652560
1.703550
-13.981280
2.198490
6.667260
3.276500
6.885710
16.755220
-2.252450
-4.693590
-1.437740
7.036790
3.593330
2.004150
2.388000
-1.968310
-5.045590
8.719880
0.672900
-0.589900
6.191930
-1.410780
11.145130
-4.838250
4.185150
10.426260
4.714560
6.422480
5.960590
-3.823830
2.051090
1.469260
-0.651700
-4.485510
10.248910
-3.839970
5.293340
10.426260
3.336470
2.508810
3.808830
-0.105350
-7.333530
0.133920
2.094480
-1.203750
2.474270
-3.017590
0.052300
-8.271560
-1.811880
-3.559450
9.881680
-2.231300
2.241060
5.177480
-0.415310
-3.722890
4.273240
2.162530
-2.529890
-8.214140
1.364710
6.357900
5.958280
-1.655230
5.431400
