-1.713050
-1.834120
-3.600680
-0.869050
8.054760
8.054760
-3.465080
12.486480
-0.332700
-3.055030
-0.772240
6.671080
4.860020
1.252180
-8.131820
-2.521060
-8.720120
2.007630
-11.545910
-1.556730
15.755150
8.484850
-9.508390
10.626010
-2.831980
7.032030
5.017140
5.472010
-5.709090
-4.238840
-1.877250
-17.569070
-7.443340
1.343900
-4.273090
-16.668090
-6.722070
6.218020
-17.509310
6.773640
-3.953700
-17.982810
-4.096860
15.120080
6.597070
11.873680
5.293080
13.585310
-10.022630
5.874060
2.206950
4.289160
7.080690
15.611310
14.662270
0.545570
-15.614650
-10.246080
5.237330
-3.016340
-5.125630
-3.558330
13.742010
0.371280
12.282780
9.404140
-12.380690
-13.429770
3.569840
-5.213790
-15.857760
5.301030
0.636580
8.709410
1.324640
-1.210530
13.007800
1.014180
-4.651150
0.832060
-7.805850
1.894960
12.871470
20.136040
6.887440
-10.775730
1.803810
-15.916940
-8.356860
-4.054130
-2.216300
-12.230200
-5.363100
-14.518990
-10.786490
16.232710
10.099000
-4.684040
5.604410
1.417330
0.923340
6.313640
5.342910
2.082960
-13.246420
-2.532130
7.774240
6.207530
-9.749810
5.349820
7.078070
8.081830
-1.492850
-19.617630
-8.604110
-13.402990
3.895880
-2.289570
5.610370
1.161160
-0.993600
5.669740
-1.696590
5.273070
6.513830
21.708590
-7.151930
-17.061660
-5.434530
-1.853980
12.552370
-3.135360
7.455170
-12.685940
5.000790
4.336960
-10.782420
-7.249640
-7.795200
-8.535880
-14.196030
14.301390
4.675120
7.787320
-2.496980
9.812030
-0.343390
-4.385660
11.619810
-11.385840
-11.585150
-5.986250
0.024080
3.958680
6.949310
-16.726850
-1.256960
-3.225960
0.769290
2.176120
3.152270
-8.751900
-3.633190
-14.401090
-7.499570
11.330880
6.556300
-6.773850
10.637160
-10.074990
0.057360
-6.661250
6.612900
6.206570
10.113550
-16.563810
1.463770
-10.202650
-15.205140
-18.122050
-5.213790
10.634920
-16.871360
13.469090
3.571970
-4.837260
10.113550
0.597690
2.848590
-3.866600
-9.783430
3.372200
-12.135720
5.325530
-17.625430
-4.037990
-3.282120
-3.820560
-2.562130
-7.370500
-10.311540
7.904340
5.342540
-6.507050
14.411500
-15.214110
-23.802020
-2.706580
-21.207280
-1.971750
-5.796690
14.375150
9.081550
-13.935070
-5.695840
-11.428340
